1531728608056231 0 -2.64698e-23 0 1 2.25682e-24 -1.11022e-16 -3.29283e-24
1531728612019955 1.15739 0.07071 0.0576089 0.999414 -0.0034582 -0.0234139 -0.0247408
1531728612153256 1.28879 0.0456134 0.0591223 0.998263 1.63756e-05 -0.0214808 -0.0548644
1531728612286294 1.41785 0.0113995 0.0917863 0.996127 0.00532158 -0.0309215 -0.0821405
1531728612386294 1.52828 -0.0105541 0.0880911 0.996013 0.0306419 -0.0232295 -0.0804899
1531728612519373 1.66005 -0.0224278 0.0472739 0.99761 0.0101741 -0.00360369 -0.0682494
1531728612652459 1.80592 -0.0336454 0.0576882 0.99853 -0.00222277 -0.00564313 -0.053861
1531728612752357 1.91354 -0.0365993 0.0591793 0.999235 -0.00174433 -0.00362013 -0.038907
1531728612885483 2.05921 -0.0539972 0.0502755 0.998841 -0.00270569 -0.000832087 -0.0480423
1531728612985458 2.17515 -0.0741139 0.0491831 0.998237 -0.000625183 0.000180682 -0.0593464
1531728613118769 2.3241 -0.0945708 0.0467289 0.997863 -0.00244016 0.000795808 -0.0652841
1531728613252024 2.48075 -0.112454 0.0450806 0.998037 -0.00224989 -0.000398633 -0.0625867
1531728613351864 2.5965 -0.112947 0.0474836 0.999117 -0.000791458 0.00192421 -0.0419569
1531728613484987 2.75697 -0.11775 0.045609 0.999538 -0.00193008 0.000395134 -0.0303231
1531728613584838 2.87963 -0.11469 0.0456839 0.999833 -0.00104974 0.000162119 -0.0182647
1531728613717881 3.03857 -0.112332 0.0429603 0.999957 -0.00119745 -0.000391899 -0.00924136
1531728613851279 3.20108 -0.108153 0.0412695 0.999983 -0.00316493 0.000197436 -0.0048016
1531728613984423 3.3542 -0.110958 0.0416094 0.999933 -0.00250717 -0.000255737 -0.0112883
1531728614084324 3.4755 -0.12453 0.0442642 0.999671 -0.00168871 -0.000324298 -0.0255782
1531728614217564 3.62505 -0.129862 0.0484085 0.999742 -0.000465562 -0.0023799 -0.0225774
1531728614317483 3.74593 -0.137858 0.0539444 0.999844 0.000685482 -0.0043452 -0.017132
1531728614450405 3.9032 -0.130917 0.0547355 0.99997 0.0005069 -0.00377897 0.0067439
1531728614583712 4.05118 -0.125772 0.0586646 0.999866 0.0013976 -0.00421674 0.0157547
1531728614683591 4.1697 -0.125182 0.0603939 0.999888 0.000758514 -0.00532951 0.0139339
1531728614816887 4.32197 -0.129427 0.062724 0.999964 0.000146654 -0.00739003 0.00427536
1531728614950122 4.48208 -0.140919 0.06695 0.999903 0.000214645 -0.00876716 -0.0107819
1531728615050016 4.58868 -0.146413 0.0739899 0.999915 0.00112078 -0.00816322 -0.01006
1531728615183264 4.73379 -0.155367 0.0803067 0.999849 0.00227585 -0.00949667 -0.0143561
1531728615316365 4.8807 -0.149348 0.08672 0.999919 0.00165999 -0.0117342 0.00468831
1531728615416247 4.99117 -0.138801 0.093031 0.999652 0.000910527 -0.0125355 0.0231784
1531728615549451 5.14324 -0.126526 0.0975081 0.999464 0.000647238 -0.0121424 0.0303816
1531728615649253 5.24221 -0.124511 0.100412 0.999489 -0.00141511 -0.0120189 0.0295836
1531728615782456 5.39914 -0.129434 0.105918 0.999905 -0.00310545 -0.0115324 0.00690592
1531728615915774 5.545 -0.134748 0.109536 0.999929 -0.00480624 -0.0103708 -0.00323787
1531728616015707 5.65526 -0.13864 0.115096 0.999871 -0.00495941 -0.0108831 -0.0106958
1531728616148619 5.79876 -0.136052 0.117661 0.999936 -0.00534184 -0.00967105 -0.00234149
1531728616281942 5.93442 -0.12481 0.120951 0.999804 -0.00490081 -0.00769735 0.0175619
1531728616381943 6.0503 -0.114939 0.121251 0.999533 -0.00537505 -0.0065381 0.0293772
1531728616515195 6.18446 -0.094605 0.118635 0.998903 -0.00608615 -0.00598342 0.0460383
1531728616615047 6.29169 -0.0859553 0.121861 0.998974 -0.00622976 -0.00759766 0.044214
1531728616748216 6.43665 -0.0820033 0.123844 0.999426 -0.00753645 -0.0106536 0.0312622
1531728616881453 6.57941 -0.0810005 0.126182 0.999782 -0.0077867 -0.00946799 0.0169218
1531728616981191 6.69475 -0.0855027 0.127104 0.999933 -0.00807093 -0.00753257 0.0035026
1531728617114527 6.83693 -0.0821407 0.127774 0.99994 -0.00828668 -0.00599414 0.00382756
1531728617214388 6.9528 -0.0786332 0.129317 0.999939 -0.00915446 -0.00459695 0.00411823
1531728617347652 7.10291 -0.0732344 0.123599 0.999842 -0.0104421 -0.000659884 0.0143933
1531728617480837 7.24281 -0.060952 0.123004 0.999675 -0.0117707 0.000605283 0.0225913
1531728617613939 7.39291 -0.0571942 0.122789 0.999787 -0.0116165 -7.60356e-05 0.0170355
1531728617713827 7.50314 -0.0514112 0.122951 0.999788 -0.013038 -0.00165696 0.0158593
1531728617847129 7.65801 -0.059597 0.123548 0.999906 -0.0129731 -0.00433102 -0.00051803
1531728617946987 7.76824 -0.062942 0.125126 0.999939 -0.0105004 -0.00286512 -0.00162396
1531728618080057 7.91382 -0.0658579 0.125283 0.999944 -0.010333 -0.00226518 0.000134847
1531728618213181 8.07502 -0.065738 0.123476 0.99994 -0.0103727 -0.00337355 0.000573163
1531728618313115 8.18712 -0.0597048 0.122493 0.999884 -0.0117802 -0.00308897 0.00913951
1531728618446358 8.34593 -0.0596884 0.120621 0.999899 -0.013373 -0.00141915 0.0045996
1531728618546224 8.4556 -0.0577743 0.121076 0.999886 -0.0122899 -0.00204505 0.00847998
1531728618679376 8.60829 -0.0684452 0.121849 0.999917 -0.0114334 -0.00295251 -0.0051148
1531728618812430 8.77135 -0.0788121 0.122047 0.999842 -0.00986044 -0.00221548 -0.0146127
1531728618945472 8.92285 -0.0819723 0.125165 0.999826 -0.00965096 -0.00320604 -0.0156241
1531728619045437 9.04195 -0.0801111 0.127709 0.999903 -0.010256 -0.00380025 -0.00862614
1531728619145459 9.1525 -0.0751141 0.129983 0.999931 -0.0109838 -0.00375509 0.00167972
1531728619278611 9.3069 -0.0752453 0.133192 0.999925 -0.0113715 -0.00443214 0.000994479
1531728619411995 9.45794 -0.0696933 0.133954 0.999909 -0.011326 -0.00461736 0.0057124
1531728619511925 9.57469 -0.0704622 0.136986 0.999922 -0.0112386 -0.00543428 0.000356904
1531728619645098 9.73237 -0.0722423 0.137766 0.999929 -0.0104393 -0.00492063 -0.00296794
1531728619778159 9.87047 -0.0635285 0.139327 0.999938 -0.00973395 -0.0041419 0.00343925
1531728619878430 9.98662 -0.0641832 0.141177 0.999932 -0.00887269 -0.00329528 0.00677618
1531728620011978 10.1421 -0.0440272 0.13916 0.999523 -0.00915687 -0.00271392 0.0293755
1531728620145362 10.2994 -0.0242177 0.13824 0.999002 -0.0093751 -0.00149836 0.0436414
1531728620245307 10.4083 -0.0106573 0.137212 0.998724 -0.00981867 -0.00232128 0.049486
1531728620378656 10.5537 -0.000230915 0.138058 0.99891 -0.00963006 -0.00578131 0.045308
1531728620478623 10.6822 -0.00143359 0.14145 0.999498 -0.0104269 -0.00602518 0.0293034
1531728620611779 10.836 0.00634 0.144578 0.999672 -0.0112958 -0.00396419 0.0226199
1531728620744972 10.9932 0.0134135 0.14882 0.99971 -0.011442 -0.00457182 0.0207097
1531728620878075 11.139 0.0406554 0.152388 0.998889 -0.0125569 -0.00294279 0.0453198
1531728620977980 11.2478 0.0603545 0.154642 0.998202 -0.0114438 -0.00389386 0.0586998
1531728621111094 11.4067 0.075773 0.147646 0.997607 -0.0116109 -0.00274024 0.0681029
1531728621244402 11.5584 0.101216 0.148604 0.997306 -0.012277 -0.00256911 0.0722715
1531728621344344 11.6818 0.107379 0.149736 0.998431 -0.012777 -0.00246625 0.0544665
1531728621477491 11.8248 0.126195 0.149554 0.998349 -0.0135644 -0.00197326 0.0557855
1531728621577356 11.9429 0.137514 0.149676 0.998645 -0.0159655 -0.00010209 0.0495333
1531728621710481 12.0988 0.164419 0.148961 0.997927 -0.0176633 0.0014051 0.0618639
1531728621843616 12.2509 0.200597 0.146918 0.996417 -0.0177371 0.0010073 0.0826901
1531728621943634 12.3595 0.22696 0.141653 0.995278 -0.0198529 0.00219176 0.0949913
1531728622076768 12.4899 0.261103 0.13999 0.993852 -0.0192795 0.000453036 0.109024
1531728622209971 12.6548 0.280022 0.138188 0.99542 -0.0198817 0.000140752 0.0935078
1531728622343129 12.8052 0.298058 0.137822 0.996564 -0.0178529 -0.00128957 0.080874
1531728622443109 12.922 0.308386 0.13901 0.997481 -0.0185355 0.000537923 0.0684692
1531728622576350 13.0701 0.328864 0.140213 0.997332 -0.0195889 0.000580467 0.0703147
1531728622676108 13.173 0.342572 0.141216 0.997297 -0.0198629 0.00237102 0.0706963
1531728622809044 13.3257 0.356362 0.141564 0.997786 -0.0201144 0.00369963 0.0632868
1531728622942279 13.465 0.368347 0.142176 0.998145 -0.0197172 0.00347266 0.0574902
1531728623042299 13.5808 0.364737 0.144303 0.999209 -0.020406 0.00258638 0.0340402
1531728623175468 13.731 0.359453 0.144402 0.999705 -0.0226628 0.0029881 0.00817845
1531728623308778 13.8808 0.34444 0.144092 0.999523 -0.0241337 0.00382778 -0.0189039
1531728623408650 13.9932 0.340622 0.144494 0.999303 -0.025512 0.00294373 -0.027096
1531728623541677 14.1426 0.333555 0.144706 0.999164 -0.0255436 0.00277119 -0.0317995
1531728623641599 14.2609 0.329221 0.148017 0.999247 -0.0238269 0.00133533 -0.03058
1531728623774942 14.3966 0.330026 0.147318 0.999521 -0.0232612 0.00177866 -0.0203221
1531728623908223 14.545 0.323526 0.150426 0.999571 -0.0205359 -0.000543564 -0.0208957
1531728624008072 14.6569 0.322347 0.153387 0.999662 -0.0181014 -0.00199554 -0.0185489
1531728624141255 14.8165 0.311341 0.154016 0.999461 -0.0172797 -0.000832666 -0.0279151
1531728624274329 14.979 0.303951 0.154108 0.999396 -0.0175765 0.000854103 -0.0299537
1531728624374209 15.0824 0.301765 0.15759 0.999562 -0.0163833 0.000497069 -0.0246459
1531728624507417 15.2553 0.294919 0.157533 0.999583 -0.0153425 0.00160872 -0.0244241
1531728624607300 15.3759 0.303943 0.159914 0.999819 -0.0142504 0.00182259 -0.012455
1531728624740424 15.5331 0.304865 0.164675 0.999852 -0.0147873 0.000720942 -0.00875526
1531728624873675 15.6913 0.301081 0.16771 0.999895 -0.0140552 -0.0012744 -0.00333423
1531728624973578 15.8039 0.289348 0.172997 0.999757 -0.0140604 -0.00395883 -0.0164995
1531728625106720 15.9697 0.271937 0.176591 0.999503 -0.0123461 -0.00532156 -0.0285142
1531728625239959 16.1246 0.263192 0.181494 0.999486 -0.0114813 -0.00419228 -0.0296417
1531728625339785 16.2447 0.261058 0.186238 0.999593 -0.0105539 -0.00441704 -0.0261292
1531728625473048 16.3968 0.266541 0.189974 0.999876 -0.00980291 -0.00361607 -0.0117835
1531728625573031 16.5106 0.264177 0.195956 0.999829 -0.00908448 -0.00245111 -0.0159225
1531728625706167 16.6633 0.257796 0.199839 0.999805 -0.00881842 -0.00188559 -0.0175517
1531728625839192 16.8119 0.245951 0.203467 0.999458 -0.00867213 -0.00215892 -0.0316833
1531728625939040 16.9345 0.213924 0.207765 0.998134 -0.00778377 -0.00204676 -0.0605262
1531728626072312 17.0715 0.195396 0.212225 0.997633 -0.00680876 -0.00316347 -0.0683509
1531728626172216 17.1799 0.173775 0.217782 0.996907 -0.00598051 -0.00377813 -0.0782771
1531728626305555 17.3299 0.155502 0.218022 0.997904 -0.0053141 -0.00351135 -0.0644024
1531728626438583 17.4787 0.149841 0.2217 0.998772 -0.00645557 -0.00362624 -0.0489841
1531728626571701 17.619 0.152074 0.224157 0.999622 -0.00685142 -0.00370131 -0.0263703
1531728626671736 17.7122 0.15386 0.225548 0.999858 -0.00751416 -0.00448098 -0.0144054
1531728626804826 17.8563 0.15335 0.226918 0.999967 -0.00629301 -0.00342178 -0.00383455
1531728626904810 17.9533 0.16603 0.230351 0.999801 -0.00573016 -0.00445294 0.0185829
1531728627038046 18.0689 0.197984 0.231777 0.998004 -0.00472711 -0.0037832 0.0628612
1531728627171277 18.1871 0.245779 0.231972 0.993581 -0.00798367 -0.00556413 0.112704
1531728627271083 18.2468 0.29131 0.230306 0.98688 -0.00726213 -0.00637618 0.161167
1531728627404353 18.3152 0.363775 0.228572 0.971955 -0.00806704 -0.0060146 0.23495
1531728627504297 18.3561 0.423325 0.223338 0.956523 -0.00856733 -0.00774177 0.291427
1531728627637364 18.3986 0.508249 0.220335 0.929735 -0.00957515 -0.00780563 0.368022
1531728627770671 18.4119 0.594496 0.216849 0.89404 -0.00928125 -0.00854968 0.447809
1531728627870543 18.4043 0.655413 0.213465 0.862409 -0.00838173 -0.00968197 0.506051
1531728628003772 18.3778 0.730966 0.213181 0.810663 -0.0071719 -0.0100621 0.585383
1531728628103551 18.3433 0.781663 0.209651 0.762357 -0.00482773 -0.0094491 0.64707
1531728628236745 18.2872 0.836922 0.207968 0.689612 -0.00281724 -0.0086642 0.724121
1531728628369858 18.227 0.875589 0.200157 0.613463 -0.000598309 -0.00687869 0.789693
1531728628469776 18.1812 0.900531 0.186462 0.553072 -0.000594513 -0.00406543 0.833123
1531728628603018 18.1132 0.920226 0.184347 0.469202 0.00183326 -0.00212037 0.883087
1531728628736083 18.0443 0.919998 0.176999 0.387318 0.00252946 -0.00169885 0.921941
1531728628835898 17.9917 0.922159 0.162942 0.328057 0.000900144 -0.00210973 0.944655
1531728628969123 17.9273 0.914143 0.158826 0.237868 0.00231851 0.000228862 0.971295
1531728629102314 17.8577 0.898096 0.144352 0.145762 0.00145023 0.000491075 0.989319
1531728629202183 17.7968 0.875612 0.1441 0.0826005 -0.00103598 -0.000773015 0.996582
1531728629335484 17.7201 0.844844 0.13776 0.00402476 -0.00151652 0.00114921 0.99999
1531728629435392 17.656 0.820444 0.13113 -0.0349884 -0.00198354 -0.000108157 0.999386
1531728629568727 17.5589 0.79556 0.123378 -0.066975 -0.00213114 -0.000453647 0.997752
1531728629701773 17.4628 0.772586 0.119637 -0.08464 -0.0018097 -0.000913546 0.99641
1531728629801659 17.3861 0.746928 0.120416 -0.0913715 0.000157172 -0.00512872 0.995804
1531728629934732 17.2608 0.713922 0.120821 -0.0987655 0.00231643 -0.00417823 0.995099
1531728630034675 17.1709 0.682571 0.125949 -0.113151 0.000720757 -0.00348642 0.993571
1531728630167878 17.0538 0.638264 0.126898 -0.133113 0.000917648 -0.00361034 0.991094
1531728630301086 16.9162 0.603177 0.129074 -0.1264 0.00247801 -0.00565227 0.99196
1531728630401139 16.8076 0.575658 0.130989 -0.126228 0.00106218 -0.00578322 0.991984
1531728630534394 16.6645 0.54031 0.129068 -0.125672 -0.00207679 -0.00551773 0.992054
1531728630667477 16.5205 0.507791 0.130935 -0.122026 -0.00194529 -0.00521051 0.992511
1531728630767356 16.4244 0.483875 0.135874 -0.126093 -0.00157357 -0.00463109 0.992006
1531728630900622 16.2953 0.459257 0.136144 -0.116553 -0.00253032 -0.00555497 0.993166
1531728631033866 16.1646 0.427751 0.138564 -0.11562 -0.00226576 -0.00582041 0.993274
1531728631133527 16.0754 0.406957 0.142161 -0.118665 -0.0012212 -0.00514614 0.99292
1531728631266875 15.9525 0.383263 0.140993 -0.113135 -0.00240162 -0.00523713 0.993563
1531728631366664 15.8634 0.363713 0.14288 -0.115705 -0.00248803 -0.0048396 0.993269
1531728631499971 15.756 0.342281 0.140453 -0.118045 -0.00334483 -0.00488112 0.992991
1531728631632908 15.6468 0.323835 0.140166 -0.110128 -0.0032361 -0.00512188 0.993899
1531728631732820 15.5682 0.307852 0.142163 -0.10951 -0.0023624 -0.00465469 0.993972
1531728631866145 15.4653 0.283313 0.143025 -0.111375 -0.00316912 -0.00444755 0.993763
1531728631966107 15.3743 0.277987 0.14592 -0.0904565 -0.00118192 -0.00417734 0.995891
1531728632099206 15.2378 0.275804 0.146392 -0.0565201 0.000899121 -0.00369111 0.998394
1531728632232389 15.0914 0.276023 0.148595 -0.0277823 0.00065662 -0.00358665 0.999607
1531728632332123 14.9733 0.292714 0.152109 0.00610537 -0.000192012 -0.00410219 0.999973
1531728632465324 14.8172 0.300305 0.153613 0.0175624 0.000327743 -0.00370125 0.999839
1531728632598472 14.6551 0.319252 0.156285 0.0319162 -0.000223566 -0.00329649 0.999485
1531728632698487 14.5322 0.320206 0.161234 0.0205084 0.000915397 -0.00286365 0.999785
1531728632831678 14.3669 0.327297 0.160145 0.0127495 -0.00164944 -0.00320893 0.999912
1531728632964936 14.2162 0.321946 0.161921 -0.00894456 -0.00280642 -0.00257388 0.999953
1531728633064837 14.0986 0.318378 0.166415 -0.0130707 -0.000652451 -0.0046365 0.999904
1531728633198153 13.9227 0.309113 0.165606 -0.0248528 -0.00339001 -0.00459578 0.999675
1531728633331353 13.76 0.294304 0.167112 -0.0419508 -0.00279436 -0.0034626 0.99911
1531728633431278 13.642 0.283107 0.166924 -0.0478319 -0.00130652 -0.00294886 0.99885
1531728633564258 13.4835 0.250128 0.166042 -0.0741027 -0.00125975 -0.00302148 0.997245
1531728633664261 13.3573 0.235175 0.166012 -0.0746691 -0.00119572 -0.0030649 0.997203
1531728633797570 13.1993 0.196589 0.164183 -0.0949055 -0.0019865 -0.0036208 0.995478
1531728633930734 13.0456 0.169318 0.165209 -0.0921871 -0.00227619 -0.00547181 0.995724
1531728634030702 12.9308 0.146957 0.167131 -0.0965241 -0.00098173 -0.00557463 0.995315
1531728634163833 12.7886 0.116768 0.167523 -0.0991205 -0.00154111 -0.00616002 0.995055
1531728634296969 12.6388 0.0843028 0.169873 -0.107368 -0.00136888 -0.0055305 0.994203
1531728634396816 12.531 0.0535271 0.171257 -0.12093 -0.000868351 -0.00533938 0.992646
1531728634530033 12.3836 0.0186145 0.169981 -0.120706 -0.00269843 -0.00634855 0.992664
1531728634629891 12.2792 -0.0120115 0.169439 -0.126479 -0.00442409 -0.00715563 0.991934
1531728634762970 12.1461 -0.0535968 0.169914 -0.130506 -0.00234177 -0.00748454 0.991416
1531728634896585 11.9986 -0.0963454 0.172064 -0.134659 -0.000303618 -0.00647259 0.990871
1531728634996492 11.8987 -0.130478 0.171328 -0.142754 -0.000857274 -0.00620722 0.989738
1531728635129802 11.7566 -0.166139 0.169563 -0.134315 -0.00165839 -0.0071132 0.990912
1531728635263044 11.6225 -0.210484 0.168615 -0.141451 -0.000396339 -0.00707254 0.98992
1531728635363165 11.5186 -0.243528 0.167503 -0.143721 -4.7408e-05 -0.00739619 0.989591
1531728635496613 11.3704 -0.286925 0.167551 -0.142709 -0.000163862 -0.00746199 0.989736
1531728635596535 11.2714 -0.316207 0.166016 -0.141381 -0.000790715 -0.00792557 0.989923
1531728635729745 11.1251 -0.341284 0.165953 -0.121705 -0.00159203 -0.00725975 0.992538
1531728635862774 10.9917 -0.374758 0.165457 -0.121556 -0.00152054 -0.00650238 0.992562
1531728635962772 10.8962 -0.395998 0.165254 -0.116115 -0.00129575 -0.00723924 0.993209
1531728636096050 10.7558 -0.422289 0.164839 -0.107418 -0.00172368 -0.00735085 0.994185
1531728636196002 10.6645 -0.443287 0.166156 -0.106676 -0.000997821 -0.00714264 0.994268
1531728636329175 10.5308 -0.452179 0.166151 -0.0817636 -0.00061334 -0.0067486 0.996629
1531728636462249 10.4078 -0.46142 0.167505 -0.063675 -0.000630632 -0.0062329 0.997951
1531728636562252 10.3184 -0.467051 0.168483 -0.0533804 -0.00048122 -0.0058777 0.998557
1531728636695483 10.1942 -0.466614 0.170541 -0.0345064 -0.000522839 -0.00500865 0.999392
1531728636828591 10.0869 -0.468716 0.16953 -0.0278975 -0.00064208 -0.00473624 0.999599
1531728636928434 10.0176 -0.469991 0.17085 -0.0237213 0.000100986 -0.00449298 0.999709
1531728637061594 9.91605 -0.463666 0.171618 -0.00905384 0.000815741 -0.00401877 0.999951
1531728637161507 9.84278 -0.459696 0.171608 -0.000629195 0.000801305 -0.0038822 0.999992
1531728637294580 9.75557 -0.455304 0.173696 0.0070702 0.00129756 -0.00357952 0.999968
1531728637427772 9.67196 -0.447634 0.17507 0.0180976 0.00121858 -0.00374121 0.999828
1531728637527734 9.60895 -0.438513 0.175478 0.0297975 0.000975971 -0.00384946 0.999548
1531728637660782 9.5354 -0.427494 0.176979 0.0394236 0.000341431 -0.00419638 0.999214
1531728637794006 9.46512 -0.421635 0.176641 0.0438935 0.000145141 -0.00501679 0.999024
1531728637893894 9.41016 -0.419562 0.176387 0.0427582 -0.000482505 -0.00562919 0.999069
1531728638027210 9.33865 -0.415279 0.176767 0.0398101 -0.00109562 -0.00605601 0.999188
1531728638160293 9.27428 -0.415992 0.176934 0.0313605 -0.000978684 -0.00595345 0.99949
1531728638260269 9.22554 -0.421365 0.177344 0.0194912 -0.000863553 -0.0061824 0.999791
1531728638393311 9.16148 -0.433989 0.177435 -0.000636638 -0.00169931 -0.00602507 0.99998
1531728638493281 9.1157 -0.444878 0.177603 -0.0168262 -0.00161149 -0.00609633 0.999839
1531728638626567 9.05461 -0.461074 0.178225 -0.0341044 -0.0021186 -0.00598126 0.999398
1531728638759618 8.99651 -0.467957 0.178424 -0.031843 -0.00175075 -0.00597022 0.999474
1531728638859625 8.95741 -0.462064 0.178789 -0.0148082 -0.00161614 -0.00588328 0.999872
1531728638992725 8.90968 -0.445808 0.178734 0.013406 -0.00112699 -0.0052359 0.999896
1531728639126068 8.86187 -0.429309 0.179022 0.0393841 5.25411e-05 -0.0049905 0.999212
1531728639225945 8.81593 -0.413843 0.179299 0.0595599 6.82188e-06 -0.00521199 0.998211
1531728639359084 8.7527 -0.385696 0.179554 0.0951515 0.00150237 -0.00553753 0.995446
1531728639459035 8.68966 -0.350965 0.179678 0.126953 -0.000121732 -0.00549687 0.991893
1531728639592166 8.61153 -0.30686 0.182058 0.161653 0.000573269 -0.00578868 0.986831
1531728639725324 8.53342 -0.269907 0.183447 0.176558 -0.00120883 -0.00578735 0.984272
1531728639825305 8.46493 -0.241089 0.186038 0.180546 -0.00206749 -0.00598034 0.983546
1531728639958555 8.36312 -0.201626 0.18481 0.180136 -0.00118195 -0.00608505 0.983622
1531728640058480 8.28658 -0.186361 0.185262 0.161306 -0.00130634 -0.00622272 0.986884
1531728640191511 8.17254 -0.170771 0.185643 0.129296 -0.000262858 -0.0064471 0.991585
1531728640324689 8.04322 -0.156443 0.187617 0.101066 0.000594456 -0.00685544 0.994856
1531728640424645 7.95073 -0.152363 0.18918 0.0813011 0.00062877 -0.00710613 0.996664
1531728640557940 7.81749 -0.141683 0.188966 0.0638139 0.000551706 -0.00671397 0.997939
1531728640691005 7.66303 -0.118121 0.18943 0.0686175 -0.000667956 -0.00595567 0.997625
1531728640824242 7.52118 -0.108114 0.187383 0.0667645 -0.00311307 -0.00634392 0.997744
1531728640924091 7.41247 -0.0996413 0.186638 0.0669926 -0.00144312 -0.00666595 0.99773
1531728641057298 7.2613 -0.0825782 0.186276 0.0655962 -0.000696447 -0.00739042 0.997819
1531728641157224 7.15078 -0.075657 0.186936 0.0581594 -0.000327196 -0.00670563 0.998285
1531728641290385 6.99437 -0.0553999 0.188203 0.0595387 -1.43766e-05 -0.00638051 0.998206
1531728641390221 6.88104 -0.050338 0.190976 0.0501465 0.00250432 -0.00525116 0.998725
1531728641523285 6.72411 -0.0365628 0.192292 0.050714 0.00347041 -0.0058603 0.99869
1531728641656419 6.5692 -0.0235302 0.194666 0.0447663 0.00282662 -0.00622653 0.998974
1531728641756322 6.45428 -0.0170374 0.196543 0.0415795 0.00163289 -0.00700702 0.999109
1531728641889582 6.28445 -0.0059791 0.195878 0.0341098 -0.000744623 -0.00691494 0.999394
1531728642022760 6.11992 -0.0120856 0.195854 0.0102669 -0.00174493 -0.00726631 0.999919
1531728642122642 5.99654 -0.00958665 0.197248 0.00946195 -0.00228092 -0.00729765 0.999926
1531728642255735 5.83977 -0.0192901 0.197651 -0.00978666 -0.00253201 -0.00683587 0.999926
1531728642355742 5.71353 -0.0131977 0.199481 -0.00423054 -0.000799455 -0.00626503 0.999971
1531728642489030 5.54778 -0.0212941 0.198813 -0.015747 -0.000128018 -0.00649002 0.999855
1531728642622259 5.38519 -0.02145 0.199254 -0.0118873 -0.000211113 -0.00687495 0.999906
1531728642722168 5.26572 -0.0273874 0.199787 -0.0215533 -0.000668299 -0.00663833 0.999745
1531728642855221 5.10489 -0.0389663 0.197178 -0.0294799 -0.00256778 -0.00659009 0.99954
1531728642988479 4.92757 -0.0527572 0.194406 -0.0398491 -0.00305713 -0.00667467 0.999179
1531728643088158 4.8066 -0.0749227 0.19183 -0.0521329 -0.00288492 -0.00934453 0.998592
1531728643221410 4.64008 -0.0795554 0.192697 -0.0446431 -0.00296204 -0.00874352 0.99896
1531728643354653 4.46943 -0.0887729 0.193446 -0.0365753 -0.00402864 -0.00944842 0.999278
1531728643454623 4.34008 -0.0843877 0.194896 -0.0188444 -0.00383043 -0.00912203 0.999773
1531728643587743 4.17111 -0.100229 0.194664 -0.0271638 -0.00295701 -0.00853864 0.99959
1531728643687608 4.0471 -0.105366 0.195016 -0.0264382 -0.00193148 -0.00902321 0.999608
1531728643820938 3.88073 -0.130863 0.192651 -0.0463377 -0.00275301 -0.00886828 0.998883
1531728643954115 3.71076 -0.14331 0.190048 -0.0431363 -0.00170143 -0.00924381 0.999025
1531728644053979 3.5862 -0.157949 0.187509 -0.047247 -0.00140474 -0.00948143 0.998837
1531728644187265 3.41139 -0.150075 0.186651 -0.0177226 -0.00106223 -0.00989175 0.999793
1531728644287094 3.28815 -0.152259 0.183863 -0.0108636 -0.00189767 -0.00946974 0.999894
1531728644420225 3.1223 -0.135842 0.18359 0.0182823 -0.00272148 -0.00982451 0.999781
1531728644553277 2.95481 -0.124848 0.183756 0.0320961 -0.00218818 -0.00953575 0.999437
1531728644653133 2.82769 -0.10264 0.185038 0.0594792 -0.00189975 -0.00872585 0.99819
1531728644786316 2.67461 -0.0695366 0.185788 0.0884352 -0.00254592 -0.00904185 0.996038
1531728644919602 2.52341 -0.00654169 0.189121 0.143048 -0.00198568 -0.00873008 0.989675
1531728645019385 2.41034 0.0421173 0.192867 0.17718 -0.00147573 -0.00985964 0.984128
1531728645152443 2.26964 0.131989 0.196174 0.231159 0.000892383 -0.0100081 0.972864
1531728645252363 2.17246 0.193743 0.19996 0.25091 -0.000566095 -0.00832036 0.967975
1531728645385581 2.04787 0.300041 0.205217 0.292507 0.000430589 -0.00810509 0.956229
1531728645518802 1.92315 0.405118 0.210636 0.311088 0.000446047 -0.00751701 0.950351
1531728645618624 1.83955 0.491504 0.217645 0.336174 0.00109107 -0.00645042 0.941777
1531728645751900 1.73142 0.600229 0.219708 0.352755 0.00249122 -0.0056876 0.935695
1531728645885246 1.63492 0.719013 0.226395 0.384449 0.00143193 -0.00647719 0.923123
1531728645985100 1.57161 0.8106 0.230796 0.404586 -0.000985593 -0.00679616 0.914474
1531728646118198 1.48827 0.934054 0.233456 0.426876 -0.00250987 -0.00549863 0.90429
1531728646218073 1.43115 1.0212 0.24243 0.438131 -0.00341111 -0.00523219 0.898889
1531728646351390 1.34933 1.12456 0.245843 0.431376 -0.00319217 -0.00394881 0.902158
1531728646484387 1.26785 1.22319 0.250748 0.423645 -0.00429712 -0.00357914 0.905811
1531728646584370 1.21436 1.29117 0.257263 0.419706 -0.00479138 -0.00316856 0.907642
1531728646717481 1.14567 1.36572 0.255182 0.414641 -0.00811675 -0.00160726 0.909947
1531728646850731 1.09093 1.43887 0.258271 0.416074 -0.00893247 -0.000504933 0.909287
1531728646950584 1.0518 1.47164 0.252421 0.415428 -0.00880589 -0.00108062 0.909583
1531728647083827 1.01311 1.50421 0.247866 0.41144 -0.0102015 -0.0010212 0.911379
1531728647217051 0.988318 1.52444 0.246026 0.406891 -0.00899507 -0.00149529 0.913431
1531728647316928 0.974435 1.53895 0.245431 0.406301 -0.00704631 -0.00206373 0.91371
1531728647450003 0.956254 1.55772 0.244835 0.404374 -0.00624195 -0.00230926 0.91457
1531728647549844 0.94629 1.56744 0.243837 0.403022 -0.00503508 -0.00267989 0.915172
1531728647683053 0.930296 1.58261 0.244289 0.400994 -0.00454171 -0.00279799 0.916065
1531728647816319 0.921405 1.5908 0.24385 0.399004 -0.00344431 -0.0029837 0.916938
1531728647916302 0.912913 1.6003 0.243846 0.398826 -0.00317672 -0.00268366 0.917017
1531728648049373 0.906108 1.60439 0.243702 0.397941 -0.00312828 -0.00266192 0.917402
1531728648182548 0.898523 1.61166 0.244386 0.397054 -0.00274886 -0.0027196 0.917787
1531728648282521 0.895078 1.61439 0.24568 0.396774 -0.00294737 -0.00258889 0.917908
1531728648415789 0.890831 1.61875 0.246019 0.396574 -0.00290579 -0.00252917 0.917995
1531728648515483 0.888892 1.62097 0.246248 0.396744 -0.00292439 -0.00249122 0.917921
1531728648648896 0.888198 1.62147 0.246368 0.396526 -0.00300532 -0.00242115 0.918016
1531728648782091 0.890476 1.6201 0.247033 0.396701 -0.00305374 -0.00232193 0.91794
1531728648848757 0.891375 1.61955 0.247081 0.39711 -0.00308857 -0.00226931 0.917763
1531728648981967 0.89288 1.61818 0.247345 0.397348 -0.00254371 -0.00249968 0.917661
1531728649081925 0.892488 1.6183 0.247319 0.396994 -0.00324047 -0.00212408 0.917813
1531728649215129 0.892753 1.61835 0.247491 0.397064 -0.00316242 -0.00215527 0.917783
1531728649348379 0.892946 1.61806 0.247742 0.39697 -0.00269435 -0.00235953 0.917825
1531728649448217 0.892987 1.618 0.247757 0.396959 -0.0026653 -0.00237228 0.917829
1531728649581346 0.893541 1.61749 0.248009 0.397044 -0.00218273 -0.00257945 0.917793
1531728649681218 0.893819 1.61706 0.248193 0.396899 -0.00183211 -0.00273366 0.917856
1531728649814489 0.894266 1.61665 0.248426 0.396976 -0.00138753 -0.00292458 0.917823
1531728649947981 0.894566 1.61642 0.248603 0.397069 -0.00104918 -0.00306934 0.917783
1531728650047900 0.894744 1.61611 0.248733 0.396945 -0.000801342 -0.00317857 0.917836
1531728650181159 0.894864 1.61607 0.248771 0.397035 -0.00072725 -0.00320915 0.917798
1531728650314405 0.895101 1.6158 0.248932 0.397012 -0.000419412 -0.00334267 0.917807
1531728650414446 0.895295 1.61555 0.249039 0.396966 -0.000214279 -0.00343211 0.917827
1531728650547685 0.895552 1.61528 0.249215 0.39698 0.000122838 -0.00357769 0.91782
1531728650647609 0.895705 1.61531 0.249325 0.397177 0.000329667 -0.00366421 0.917735
1531728650780761 0.895867 1.61497 0.249461 0.397002 0.000591464 -0.00378002 0.91781
1531728650914098 0.896112 1.61482 0.249576 0.397122 0.000813311 -0.00387428 0.917757
1531728651014143 0.896276 1.61457 0.249697 0.39704 0.00104644 -0.00397628 0.917792
1531728651147317 0.89663 1.6142 0.249878 0.39705 0.00139812 -0.00412827 0.917787
1531728651280561 0.896977 1.61368 0.250072 0.396891 0.00177787 -0.00429459 0.917854
