1531728608056231 1.23261e+06 1.16963e+06
1531728608156504 1.23261e+06 1.16963e+06
1531728608290693 1.23261e+06 1.16963e+06
1531728608390718 1.23261e+06 1.16963e+06
1531728608523905 1.23261e+06 1.16963e+06
1531728608657188 1.23261e+06 1.16963e+06
1531728608757047 1.23261e+06 1.16963e+06
1531728608890120 1.23261e+06 1.16963e+06
1531728609023294 1.23261e+06 1.16963e+06
1531728609123298 1.23261e+06 1.16963e+06
1531728609256273 1.23261e+06 1.16963e+06
1531728609356277 1.23261e+06 1.16963e+06
1531728609489562 1.23261e+06 1.16963e+06
1531728609622640 1.23261e+06 1.16963e+06
1531728609722491 1.23261e+06 1.16963e+06
1531728609855808 1.23261e+06 1.16963e+06
1531728609988982 1.23261e+06 1.16963e+06
1531728610088933 1.23266e+06 1.16964e+06
1531728610222048 1.23288e+06 1.16979e+06
1531728610321699 1.23331e+06 1.17017e+06
1531728610454862 1.23432e+06 1.17119e+06
1531728610588065 1.23562e+06 1.17264e+06
1531728610688001 1.23675e+06 1.17402e+06
1531728610821285 1.23846e+06 1.17608e+06
1531728610954545 1.24045e+06 1.17833e+06
1531728611054270 1.24212e+06 1.18011e+06
1531728611187477 1.24458e+06 1.18264e+06
1531728611320616 1.24716e+06 1.18525e+06
1531728611420614 1.24912e+06 1.18728e+06
1531728611553608 1.25183e+06 1.19012e+06
1531728611653564 1.25405e+06 1.19231e+06
1531728611786841 1.25716e+06 1.19515e+06
1531728611920068 1.2606e+06 1.19794e+06
1531728612019955 1.26356e+06 1.20012e+06
1531728612153255 1.26739e+06 1.20319e+06
1531728612286293 1.27113e+06 1.20641e+06
1531728612386294 1.2738e+06 1.20902e+06
1531728612519372 1.27724e+06 1.21274e+06
1531728612652458 1.28095e+06 1.21679e+06
1531728612752357 1.28371e+06 1.2198e+06
1531728612885483 1.28759e+06 1.2236e+06
1531728612985457 1.29063e+06 1.2264e+06
1531728613118768 1.29466e+06 1.23025e+06
1531728613252023 1.29875e+06 1.23442e+06
1531728613351864 1.30165e+06 1.23769e+06
1531728613484987 1.30575e+06 1.24219e+06
1531728613584838 1.30882e+06 1.24552e+06
1531728613717880 1.3129e+06 1.24981e+06
1531728613851279 1.31702e+06 1.254e+06
1531728613984422 1.3212e+06 1.25804e+06
1531728614084324 1.32434e+06 1.26099e+06
1531728614217564 1.32833e+06 1.26493e+06
1531728614317482 1.33139e+06 1.2681e+06
1531728614450405 1.33524e+06 1.27246e+06
1531728614583712 1.33915e+06 1.27665e+06
1531728614683590 1.34213e+06 1.27962e+06
1531728614816886 1.34628e+06 1.28351e+06
1531728614950121 1.35053e+06 1.28741e+06
1531728615050015 1.35341e+06 1.29027e+06
1531728615183264 1.3573e+06 1.29416e+06
1531728615316365 1.36099e+06 1.29822e+06
1531728615416247 1.36378e+06 1.30136e+06
1531728615549451 1.3675e+06 1.30533e+06
1531728615649252 1.37029e+06 1.30809e+06
1531728615782456 1.37435e+06 1.3117e+06
1531728615915774 1.37824e+06 1.31526e+06
1531728616015707 1.38112e+06 1.318e+06
1531728616148618 1.38473e+06 1.32174e+06
1531728616281941 1.38822e+06 1.32571e+06
1531728616381942 1.39093e+06 1.32876e+06
1531728616515195 1.39447e+06 1.33263e+06
1531728616615046 1.3973e+06 1.33547e+06
1531728616748216 1.40133e+06 1.3392e+06
1531728616881453 1.40532e+06 1.34284e+06
1531728616981191 1.40827e+06 1.34555e+06
1531728617114526 1.41199e+06 1.34921e+06
1531728617214387 1.41486e+06 1.3521e+06
1531728617347651 1.41864e+06 1.35608e+06
1531728617480837 1.42228e+06 1.35992e+06
1531728617613939 1.42612e+06 1.36372e+06
1531728617713826 1.42907e+06 1.36655e+06
1531728617847129 1.43321e+06 1.37037e+06
1531728617946986 1.43615e+06 1.37324e+06
1531728618080056 1.44e+06 1.37711e+06
1531728618213181 1.44396e+06 1.38116e+06
1531728618313115 1.44686e+06 1.38416e+06
1531728618446357 1.45085e+06 1.38813e+06
1531728618546224 1.4538e+06 1.39108e+06
1531728618679375 1.45795e+06 1.395e+06
1531728618812430 1.46204e+06 1.39887e+06
1531728618945472 1.46611e+06 1.40288e+06
1531728619045437 1.46915e+06 1.40603e+06
1531728619145458 1.47206e+06 1.40919e+06
1531728619278610 1.47602e+06 1.41324e+06
1531728619411994 1.47986e+06 1.41712e+06
1531728619511924 1.48288e+06 1.42005e+06
1531728619645097 1.48684e+06 1.42394e+06
1531728619778158 1.49057e+06 1.42778e+06
1531728619878430 1.4934e+06 1.43076e+06
1531728620011978 1.49708e+06 1.4349e+06
1531728620145362 1.5009e+06 1.43907e+06
1531728620245306 1.50378e+06 1.4421e+06
1531728620378655 1.50778e+06 1.44602e+06
1531728620478622 1.51096e+06 1.44886e+06
1531728620611778 1.51495e+06 1.45264e+06
1531728620744971 1.51896e+06 1.45667e+06
1531728620878075 1.52268e+06 1.46087e+06
1531728620977979 1.5255e+06 1.46405e+06
1531728621111093 1.52928e+06 1.46807e+06
1531728621244401 1.53329e+06 1.47207e+06
1531728621344344 1.53648e+06 1.47504e+06
1531728621477490 1.54047e+06 1.47892e+06
1531728621577356 1.54344e+06 1.48184e+06
1531728621710480 1.54723e+06 1.48586e+06
1531728621843616 1.5511e+06 1.4902e+06
1531728621943634 1.55393e+06 1.49334e+06
1531728622076767 1.55757e+06 1.49728e+06
1531728622209970 1.56167e+06 1.50108e+06
1531728622343128 1.56574e+06 1.50478e+06
1531728622443109 1.56875e+06 1.50758e+06
1531728622576349 1.57258e+06 1.51138e+06
1531728622676107 1.57537e+06 1.51423e+06
1531728622809043 1.57922e+06 1.51793e+06
1531728622942279 1.58306e+06 1.52152e+06
1531728623042299 1.5862e+06 1.52421e+06
1531728623175467 1.5904e+06 1.52777e+06
1531728623308778 1.59464e+06 1.53141e+06
1531728623408649 1.59768e+06 1.5342e+06
1531728623541676 1.6017e+06 1.53811e+06
1531728623641598 1.60472e+06 1.54114e+06
1531728623774942 1.60842e+06 1.54505e+06
1531728623908222 1.61222e+06 1.54895e+06
1531728624008072 1.61511e+06 1.55185e+06
1531728624141254 1.61926e+06 1.5558e+06
1531728624274328 1.62336e+06 1.55983e+06
1531728624374208 1.62631e+06 1.56286e+06
1531728624507416 1.63036e+06 1.56704e+06
1531728624607300 1.63328e+06 1.57016e+06
1531728624740423 1.6373e+06 1.57429e+06
1531728624873675 1.64129e+06 1.57832e+06
1531728624973577 1.64444e+06 1.5813e+06
1531728625106719 1.64858e+06 1.58517e+06
1531728625239959 1.65254e+06 1.58904e+06
1531728625339785 1.65554e+06 1.59209e+06
1531728625473047 1.65935e+06 1.59619e+06
1531728625573030 1.66222e+06 1.59912e+06
1531728625706166 1.666e+06 1.60283e+06
1531728625839191 1.67008e+06 1.60644e+06
1531728625939039 1.67327e+06 1.60917e+06
1531728626072311 1.67725e+06 1.61284e+06
1531728626172215 1.68021e+06 1.61568e+06
1531728626305555 1.68389e+06 1.61962e+06
1531728626438583 1.6876e+06 1.62368e+06
1531728626571701 1.69109e+06 1.62765e+06
1531728626671736 1.69362e+06 1.63051e+06
1531728626804826 1.69698e+06 1.63423e+06
1531728626904809 1.6993e+06 1.63701e+06
1531728627038045 1.70203e+06 1.6407e+06
1531728627171277 1.7045e+06 1.64444e+06
1531728627271083 1.70607e+06 1.64712e+06
1531728627404352 1.70805e+06 1.6513e+06
1531728627504297 1.70892e+06 1.65334e+06
1531728627637363 1.71e+06 1.65611e+06
1531728627770670 1.71102e+06 1.65919e+06
1531728627870543 1.71161e+06 1.6614e+06
1531728628003772 1.71219e+06 1.66427e+06
1531728628103550 1.71254e+06 1.66644e+06
1531728628236745 1.71289e+06 1.66928e+06
1531728628369858 1.71324e+06 1.672e+06
1531728628469776 1.71357e+06 1.67407e+06
1531728628603018 1.71409e+06 1.67688e+06
1531728628736083 1.71461e+06 1.6796e+06
1531728628835897 1.71502e+06 1.68158e+06
1531728628969122 1.71563e+06 1.68438e+06
1531728629102313 1.71637e+06 1.68733e+06
1531728629202183 1.71709e+06 1.68957e+06
1531728629335484 1.71841e+06 1.6927e+06
1531728629435391 1.71978e+06 1.69514e+06
1531728629568727 1.72222e+06 1.69832e+06
1531728629701772 1.7248e+06 1.70127e+06
1531728629801659 1.72683e+06 1.70348e+06
1531728629934731 1.72985e+06 1.7067e+06
1531728630034674 1.73216e+06 1.7093e+06
1531728630167877 1.73529e+06 1.71288e+06
1531728630301085 1.7389e+06 1.71647e+06
1531728630401139 1.74175e+06 1.71923e+06
1531728630534394 1.74545e+06 1.72287e+06
1531728630667476 1.74912e+06 1.72649e+06
1531728630767356 1.75172e+06 1.72914e+06
1531728630900621 1.7552e+06 1.73252e+06
1531728631033865 1.75854e+06 1.73578e+06
1531728631133527 1.76089e+06 1.73812e+06
1531728631266875 1.76401e+06 1.74116e+06
1531728631366663 1.76627e+06 1.74342e+06
1531728631499971 1.76913e+06 1.74636e+06
1531728631632908 1.772e+06 1.74914e+06
1531728631732820 1.77413e+06 1.7512e+06
1531728631866145 1.77689e+06 1.7539e+06
1531728631966106 1.77932e+06 1.75596e+06
1531728632099205 1.78322e+06 1.75902e+06
1531728632232388 1.7875e+06 1.76256e+06
1531728632332123 1.79093e+06 1.76536e+06
1531728632465323 1.79534e+06 1.76936e+06
1531728632598471 1.79982e+06 1.77357e+06
1531728632698487 1.80298e+06 1.77688e+06
1531728632831677 1.8072e+06 1.78139e+06
1531728632964936 1.81118e+06 1.78579e+06
1531728633064836 1.81428e+06 1.78906e+06
1531728633198153 1.81844e+06 1.79346e+06
1531728633331352 1.82256e+06 1.79796e+06
1531728633431277 1.82566e+06 1.8013e+06
1531728633564258 1.82965e+06 1.80575e+06
1531728633664261 1.83275e+06 1.80903e+06
1531728633797569 1.83674e+06 1.81336e+06
1531728633930733 1.84082e+06 1.81751e+06
1531728634030702 1.84386e+06 1.82057e+06
1531728634163832 1.84769e+06 1.82445e+06
1531728634296968 1.85144e+06 1.8284e+06
1531728634396816 1.8542e+06 1.83146e+06
1531728634530033 1.85808e+06 1.83544e+06
1531728634629890 1.86096e+06 1.83836e+06
1531728634762969 1.86472e+06 1.84221e+06
1531728634896584 1.86856e+06 1.84619e+06
1531728634996492 1.87133e+06 1.8491e+06
1531728635129801 1.87516e+06 1.85286e+06
1531728635263044 1.87888e+06 1.85665e+06
1531728635363165 1.88172e+06 1.85953e+06
1531728635496613 1.88554e+06 1.86336e+06
1531728635596534 1.88836e+06 1.86613e+06
1531728635729744 1.89229e+06 1.8697e+06
1531728635862774 1.896e+06 1.87329e+06
1531728635962772 1.8987e+06 1.87589e+06
1531728636096050 1.90232e+06 1.87934e+06
1531728636196002 1.90497e+06 1.8819e+06
1531728636329174 1.90862e+06 1.88508e+06
1531728636462249 1.91206e+06 1.88804e+06
1531728636562252 1.91449e+06 1.8902e+06
1531728636695482 1.91765e+06 1.89297e+06
1531728636828591 1.92049e+06 1.89558e+06
1531728636928433 1.92248e+06 1.89746e+06
1531728637061594 1.92516e+06 1.89989e+06
1531728637161506 1.92712e+06 1.90161e+06
1531728637294579 1.9295e+06 1.90377e+06
1531728637427772 1.93176e+06 1.9058e+06
1531728637527734 1.93341e+06 1.90722e+06
1531728637660782 1.9355e+06 1.90903e+06
1531728637794006 1.9374e+06 1.9108e+06
1531728637893893 1.93876e+06 1.91217e+06
1531728638027209 1.94051e+06 1.91404e+06
1531728638160293 1.94218e+06 1.91594e+06
1531728638260268 1.94336e+06 1.91736e+06
1531728638393311 1.94482e+06 1.91926e+06
1531728638493280 1.94585e+06 1.92067e+06
1531728638626566 1.9472e+06 1.92245e+06
1531728638759618 1.94863e+06 1.92386e+06
1531728638859625 1.94975e+06 1.92462e+06
1531728638992724 1.95122e+06 1.9254e+06
1531728639126067 1.95275e+06 1.92627e+06
1531728639225944 1.95409e+06 1.92709e+06
1531728639359083 1.95626e+06 1.92844e+06
1531728639459034 1.95821e+06 1.92971e+06
1531728639592165 1.96107e+06 1.93173e+06
1531728639725324 1.96385e+06 1.93411e+06
1531728639825304 1.96594e+06 1.93611e+06
1531728639958554 1.96882e+06 1.93906e+06
1531728640058480 1.97091e+06 1.94155e+06
1531728640191511 1.97374e+06 1.94512e+06
1531728640324689 1.97683e+06 1.94889e+06
1531728640424644 1.9792e+06 1.95172e+06
1531728640557940 1.98247e+06 1.95542e+06
1531728640691004 1.98616e+06 1.95907e+06
1531728640824241 1.98987e+06 1.96276e+06
1531728640924091 1.99281e+06 1.9657e+06
1531728641057297 1.99674e+06 1.9697e+06
1531728641157223 1.99968e+06 1.97278e+06
1531728641290385 2.00376e+06 1.97689e+06
1531728641390220 2.00676e+06 1.98003e+06
1531728641523284 2.01094e+06 1.98426e+06
1531728641656419 2.01502e+06 1.98845e+06
1531728641756321 2.01805e+06 1.99159e+06
1531728641889582 2.02208e+06 1.99583e+06
1531728642022759 2.02618e+06 2.00037e+06
1531728642122642 2.02937e+06 2.00374e+06
1531728642255734 2.0335e+06 2.00817e+06
1531728642355741 2.03677e+06 2.01147e+06
1531728642489030 2.041e+06 2.01586e+06
1531728642622259 2.04532e+06 2.0202e+06
1531728642722167 2.04842e+06 2.02344e+06
1531728642855221 2.05259e+06 2.02782e+06
1531728642988478 2.05689e+06 2.03242e+06
1531728643088157 2.06015e+06 2.03586e+06
1531728643221410 2.06465e+06 2.0403e+06
1531728643354652 2.06923e+06 2.04458e+06
1531728643454622 2.07269e+06 2.04779e+06
1531728643587743 2.07716e+06 2.05227e+06
1531728643687608 2.08052e+06 2.05573e+06
1531728643820938 2.08477e+06 2.06038e+06
1531728643954114 2.08922e+06 2.06484e+06
1531728644053979 2.09252e+06 2.0681e+06
1531728644187265 2.0972e+06 2.07228e+06
1531728644287093 2.10058e+06 2.07537e+06
1531728644420224 2.10516e+06 2.07935e+06
1531728644553277 2.10967e+06 2.08342e+06
1531728644653132 2.11322e+06 2.08646e+06
1531728644786316 2.11778e+06 2.09025e+06
1531728644919601 2.12252e+06 2.09385e+06
1531728645019385 2.12607e+06 2.09651e+06
1531728645152442 2.13099e+06 2.1002e+06
1531728645252362 2.13442e+06 2.10299e+06
1531728645385581 2.13906e+06 2.1068e+06
1531728645518801 2.14357e+06 2.11076e+06
1531728645618623 2.14705e+06 2.11369e+06
1531728645751899 2.15139e+06 2.11746e+06
1531728645885246 2.15566e+06 2.12105e+06
1531728645985100 2.15877e+06 2.12365e+06
1531728646118198 2.16274e+06 2.12705e+06
1531728646218073 2.16561e+06 2.12958e+06
1531728646351389 2.16906e+06 2.13311e+06
1531728646484387 2.1723e+06 2.1366e+06
1531728646584369 2.17448e+06 2.13894e+06
1531728646717481 2.17696e+06 2.14156e+06
1531728646850731 2.17909e+06 2.14372e+06
1531728646950583 2.18041e+06 2.14502e+06
1531728647083827 2.1817e+06 2.14635e+06
1531728647217051 2.18263e+06 2.14734e+06
1531728647316928 2.1832e+06 2.14792e+06
1531728647450003 2.18386e+06 2.14863e+06
1531728647549844 2.1843e+06 2.14913e+06
1531728647683053 2.18484e+06 2.14974e+06
1531728647816318 2.18532e+06 2.15029e+06
1531728647916301 2.18565e+06 2.15065e+06
1531728648049372 2.18601e+06 2.15105e+06
1531728648182548 2.18629e+06 2.15137e+06
1531728648282521 2.18646e+06 2.15156e+06
1531728648415789 2.18662e+06 2.15173e+06
1531728648515482 2.18669e+06 2.1518e+06
1531728648648895 2.18672e+06 2.15184e+06
1531728648782090 2.18669e+06 2.15181e+06
1531728648848757 2.18668e+06 2.15179e+06
1531728648981966 2.18665e+06 2.15175e+06
1531728649081925 2.18664e+06 2.15175e+06
1531728649215128 2.18665e+06 2.15175e+06
1531728649348378 2.18665e+06 2.15176e+06
1531728649448217 2.18665e+06 2.15176e+06
1531728649581346 2.18665e+06 2.15175e+06
1531728649681218 2.18664e+06 2.15175e+06
1531728649814488 2.18664e+06 2.15175e+06
1531728649947980 2.18664e+06 2.15175e+06
1531728650047899 2.18664e+06 2.15175e+06
1531728650181159 2.18664e+06 2.15175e+06
1531728650314404 2.18664e+06 2.15175e+06
1531728650414446 2.18664e+06 2.15175e+06
1531728650547684 2.18664e+06 2.15175e+06
1531728650647608 2.18665e+06 2.15175e+06
1531728650780761 2.18665e+06 2.15175e+06
1531728650914098 2.18665e+06 2.15175e+06
1531728651014142 2.18665e+06 2.15175e+06
1531728651147316 2.18664e+06 2.15175e+06
1531728651280560 2.18664e+06 2.15175e+06
