1.17787 -0.0233182 -0.0395888
1.30983 -0.0328747 -0.104997
1.4422 -0.0498275 -0.149749
1.54227 -0.0651902 -0.154913
1.67817 -0.0847377 -0.130815
1.82596 -0.101987 -0.101554
1.93614 -0.112018 -0.0800383
2.08289 -0.124297 -0.0869233
2.19434 -0.135171 -0.107578
2.34444 -0.152557 -0.12307
2.50169 -0.171459 -0.116184
2.6194 -0.183301 -0.0843414
2.78393 -0.194362 -0.0499163
2.90656 -0.199114 -0.0275401
3.06702 -0.202083 -0.00946685
3.22636 -0.203112 -0.00344251
3.38397 -0.204604 -0.0154914
3.50071 -0.207367 -0.0318432
3.65268 -0.212536 -0.0361463
3.77208 -0.216287 -0.0266791
3.9295 -0.217033 0.0172125
4.08475 -0.212488 0.0413101
4.19875 -0.207826 0.0404493
4.35285 -0.203315 0.0180729
4.50912 -0.202845 -0.0120488
4.61918 -0.204265 -0.01377
4.76834 -0.20632 -0.01377
4.91694 -0.206 0.0180732
5.03059 -0.202233 0.0481951
5.17779 -0.193545 0.0697108
5.28396 -0.18627 0.0671286
5.43086 -0.179248 0.0284007
5.5737 -0.177219 -4.16334e-16
5.68146 -0.177868 -0.0120488
5.82239 -0.178778 -0.000860331
5.96541 -0.175947 0.0404497
6.07568 -0.169866 0.069711
6.21727 -0.157958 0.0981114
6.32546 -0.147262 0.0989719
6.47371 -0.134472 0.0731533
6.61976 -0.125977 0.0430313
6.72824 -0.122429 0.0223763
6.86972 -0.119628 0.0172125
6.98015 -0.117632 0.0189339
7.12889 -0.113534 0.0361464
7.27217 -0.107118 0.0533588
7.41847 -0.0995565 0.0499163
7.52919 -0.0945981 0.0395886
7.68177 -0.0906579 0.0120488
7.79317 -0.0896511 0.0060244
7.9412 -0.088632 0.00774569
8.09477 -0.0868475 0.0154913
8.20788 -0.0846083 0.0240975
8.36047 -0.0810619 0.0223763
8.47358 -0.0785307 0.0223763
8.62831 -0.0765997 0.00258174
8.78093 -0.0776506 -0.0163519
8.93584 -0.0805839 -0.0215157
9.05451 -0.0825757 -0.0120488
9.1709 -0.082726 0.00946695
9.32448 -0.0806772 0.0172126
9.47248 -0.0778746 0.020655
9.58656 -0.07596 0.0129094
9.73707 -0.0744703 0.00688508
9.88221 -0.0727838 0.016352
9.99359 -0.0702433 0.0292613
10.1434 -0.0628905 0.0688501
10.296 -0.0500499 0.0989721
10.4087 -0.0381246 0.111881
10.5597 -0.0216889 0.104996
10.6746 -0.011272 0.075735
10.8233 -0.00134214 0.057662
10.9772 0.00767487 0.0593835
11.1286 0.0198168 0.100693
11.2429 0.0331537 0.131676
11.3909 0.0543209 0.152331
11.5427 0.0775617 0.15147
11.6597 0.0942781 0.132536
11.8093 0.113512 0.12307
11.9215 0.127135 0.118766
12.07 0.14635 0.138561
12.2254 0.171242 0.17901
12.3378 0.193125 0.20569
12.4797 0.224645 0.231508
12.6275 0.257496 0.20569
12.7739 0.285599 0.173846
12.8837 0.303877 0.155773
13.0283 0.326389 0.153192
13.1351 0.343167 0.158355
13.2782 0.365073 0.145446
13.4194 0.384203 0.12393
13.5306 0.395872 0.085202
13.6792 0.404447 0.0301216
13.8302 0.405097 -0.0215157
13.942 0.40149 -0.0430314
14.0939 0.394229 -0.0524982
14.2097 0.388192 -0.0516375
14.3555 0.381978 -0.0335644
14.5031 0.377658 -0.0249582
14.6141 0.374935 -0.0240975
14.7693 0.369856 -0.0413101
14.925 0.362949 -0.0473344
15.0396 0.357918 -0.0404494
15.1973 0.352419 -0.0292611
15.3131 0.350027 -0.0120488
15.4694 0.348884 -0.00258186
15.6231 0.348751 0.000860627
15.7407 0.347992 -0.0137702
15.8942 0.344093 -0.037007
16.0442 0.337958 -0.0447526
16.1601 0.333017 -0.0404494
16.3118 0.328775 -0.0154912
16.423 0.32734 -0.0103276
16.5666 0.325424 -0.0163522
16.7139 0.320032 -0.0568017
16.8271 0.311345 -0.0963904
16.9729 0.295282 -0.12307
17.0832 0.281059 -0.133397
17.2282 0.263248 -0.111021
17.3765 0.248973 -0.0808989
17.5193 0.240361 -0.0395888
17.6226 0.237737 -0.0111881
17.7584 0.238321 0.0197944
17.8561 0.242192 0.0593838
17.9786 0.254566 0.142004
18.0954 0.277832 0.251303
18.1732 0.301842 0.346833
18.28 0.352313 0.536171
18.3265 0.383196 0.636864
18.3825 0.431293 0.782311
18.4331 0.49143 0.9596
18.4608 0.537439 1.09902
18.4849 0.599037 1.2961
18.4944 0.646429 1.45274
18.495 0.707593 1.66703
18.4834 0.765306 1.871
18.4666 0.808126 2.02075
18.4333 0.862612 2.21783
18.3913 0.908419 2.40717
18.3553 0.936764 2.54229
18.2981 0.968402 2.73077
18.2308 0.990372 2.92097
18.1748 0.999146 3.05178
18.0894 1.00016 -3.07563
18.0168 0.991998 -2.98354
17.911 0.971657 -2.91986
17.808 0.946693 -2.88801
17.7294 0.925689 -2.87252
17.6143 0.89289 -2.85531
17.5244 0.865178 -2.83035
17.4027 0.823412 -2.79162
17.2729 0.776188 -2.79334
17.1717 0.739872 -2.80109
17.0389 0.693212 -2.80625
16.9068 0.647494 -2.81056
16.8117 0.614571 -2.80625
16.6873 0.571817 -2.81486
16.5673 0.531613 -2.82175
16.4819 0.503374 -2.82261
16.3696 0.466718 -2.82949
16.2871 0.440105 -2.82949
16.1814 0.405592 -2.82261
16.0784 0.372016 -2.83035
16.0019 0.347642 -2.83638
15.9019 0.31644 -2.84154
15.8193 0.292305 -2.87338
15.6894 0.261612 -2.94568
15.5415 0.23712 -3.00936
15.4227 0.224585 -3.06358
15.2617 0.214856 -3.09887
15.0951 0.209674 -3.1221
14.9711 0.206456 -3.10919
14.8039 0.198946 -3.08424
14.6437 0.186837 -3.04809
14.5222 0.174544 -3.03346
14.3592 0.155145 -3.0128
14.1956 0.13124 -2.9801
14.074 0.110127 -2.95945
13.9154 0.0776673 -2.91986
13.7963 0.0498395 -2.90437
13.6418 0.0100827 -2.8751
13.4897 -0.0319338 -2.86908
13.377 -0.0635121 -2.86736
13.2348 -0.103854 -2.86306
13.0932 -0.14567 -2.84584
12.9869 -0.17957 -2.82002
12.8441 -0.227819 -2.81142
12.739 -0.264057 -2.80798
12.6013 -0.312374 -2.80023
12.4603 -0.363422 -2.78818
12.3583 -0.401731 -2.77613
12.2223 -0.453334 -2.78216
12.0876 -0.504392 -2.77613
11.9852 -0.543765 -2.77269
11.8484 -0.596718 -2.77183
11.7484 -0.63524 -2.77613
11.6133 -0.684549 -2.80711
11.4809 -0.729816 -2.81744
11.3844 -0.761769 -2.82605
11.2552 -0.802896 -2.84068
11.1597 -0.832136 -2.84842
11.0336 -0.867439 -2.88887
10.9142 -0.895663 -2.93018
10.8279 -0.91313 -2.95342
10.7158 -0.932523 -2.98699
10.6124 -0.947593 -3.00678
10.5389 -0.957218 -3.01625
10.4415 -0.968421 -3.03776
10.3713 -0.97501 -3.05842
10.2844 -0.98142 -3.07735
10.2023 -0.985888 -3.09715
10.1435 -0.987922 -3.11694
10.0687 -0.988864 -3.14104
9.99833 -0.98851 3.13096
9.94599 -0.987976 3.13182
9.87658 -0.987656 -3.14104
9.80813 -0.988371 -3.12124
9.75829 -0.9899 -3.10059
9.69398 -0.99376 -3.06272
9.64741 -0.998208 -3.03002
9.5879 -1.00599 -2.99301
9.53404 -1.01401 -2.99473
9.4983 -1.01873 -3.02571
9.45531 -1.02244 -3.0851
9.40931 -1.02374 3.14129
9.36791 -1.0228 3.09653
9.30063 -1.01738 3.02596
9.23953 -1.00847 2.96744
9.14802 -0.988932 2.89515
9.0525 -0.963147 2.86072
8.97723 -0.941116 2.85298
8.86997 -0.909621 2.859
8.78523 -0.886588 2.89343
8.66537 -0.860248 2.95711
8.53541 -0.839913 3.01564
8.43626 -0.829347 3.05522
8.30292 -0.820284 3.09223
8.16236 -0.813098 3.08879
8.02067 -0.805487 3.08707
7.90809 -0.799342 3.08707
7.75624 -0.791513 3.09309
7.64091 -0.786611 3.10514
7.48397 -0.781091 3.10772
7.36628 -0.777813 3.11977
7.20505 -0.774641 3.12407
7.04649 -0.772614 3.13354
6.92818 -0.772221 -3.14018
6.76962 -0.773879 -3.1221
6.60407 -0.780242 -3.08424
6.47855 -0.788426 -3.06875
6.31501 -0.802484 -3.04293
6.18966 -0.815056 -3.04034
6.02534 -0.832894 -3.02657
5.86041 -0.852093 -3.02485
5.73975 -0.86698 -3.0128
5.57736 -0.889504 -2.99473
5.40888 -0.916654 -2.96891
5.28249 -0.939708 -2.95342
5.11402 -0.971339 -2.95858
4.94658 -1.0001 -2.9844
4.82005 -1.01876 -3.00592
4.65003 -1.04204 -3.00506
4.52055 -1.0604 -2.99645
4.35214 -1.08799 -2.96203
4.18405 -1.11857 -2.96117
4.06027 -1.14093 -2.96461
3.89243 -1.16724 -3.00764
3.76928 -1.18227 -3.0326
3.60571 -1.19591 -3.08424
3.44132 -1.20223 -3.1221
3.31495 -1.20192 3.11719
3.15511 -1.19271 3.05092
2.99675 -1.17044 2.95281
2.88073 -1.14363 2.87621
2.72393 -1.09196 2.77036
2.61402 -1.04565 2.71528
2.46898 -0.973423 2.64384
2.32815 -0.892525 2.59651
2.22459 -0.826328 2.54918
2.09775 -0.73636 2.50012
1.97969 -0.642683 2.4416
1.89752 -0.570329 2.39771
1.79591 -0.472113 2.34865
1.72433 -0.397291 2.31939
1.6329 -0.299547 2.32627
1.54342 -0.206567 2.34779
1.48223 -0.145188 2.36156
1.4123 -0.0768321 2.37361
1.35305 -0.0197638 2.37619
1.31685 0.0150738 2.37447
1.28063 0.0498797 2.37791
1.25397 0.0752721 2.38307
1.23796 0.0904329 2.38394
1.21884 0.108445 2.38824
1.20566 0.120741 2.3934
1.18945 0.135694 2.39943
1.17485 0.148999 2.40545
1.16504 0.157869 2.40803
1.1542 0.167608 2.41148
1.14561 0.175266 2.41492
1.14045 0.179848 2.41664
1.13571 0.184042 2.4175
1.1337 0.18582 2.4175
1.13269 0.186709 2.41836
1.13356 0.185947 2.41836
1.13399 0.185566 2.4175
1.13499 0.184677 2.41664
1.13514 0.18455 2.4175
1.13499 0.184677 2.41664
1.13485 0.184804 2.4175
1.13485 0.184804 2.4175
1.13499 0.184677 2.41664
1.13514 0.18455 2.4175
1.13514 0.18455 2.4175
1.13514 0.18455 2.4175
1.13514 0.18455 2.4175
1.13514 0.18455 2.4175
1.13514 0.18455 2.4175
1.13514 0.18455 2.4175
1.13514 0.18455 2.4175
1.13499 0.184677 2.41664
1.13499 0.184677 2.41664
1.13499 0.184677 2.41664
1.13499 0.184677 2.41664
1.13514 0.18455 2.4175
