1.17787 -0.0233182 -0.0395888 1.26356e+06 1.20012e+06
1.30983 -0.0328747 -0.104997 1.26739e+06 1.20319e+06
1.4422 -0.0498275 -0.149749 1.27113e+06 1.20641e+06
1.54227 -0.0651902 -0.154913 1.2738e+06 1.20902e+06
1.67817 -0.0847377 -0.130815 1.27724e+06 1.21274e+06
1.82596 -0.101987 -0.101554 1.28095e+06 1.21679e+06
1.93614 -0.112018 -0.0800383 1.28371e+06 1.2198e+06
2.08289 -0.124297 -0.0869233 1.28759e+06 1.2236e+06
2.19434 -0.135171 -0.107578 1.29063e+06 1.2264e+06
2.34444 -0.152557 -0.12307 1.29466e+06 1.23025e+06
2.50169 -0.171459 -0.116184 1.29875e+06 1.23442e+06
2.6194 -0.183301 -0.0843414 1.30165e+06 1.23769e+06
2.78393 -0.194362 -0.0499163 1.30575e+06 1.24219e+06
2.90656 -0.199114 -0.0275401 1.30882e+06 1.24552e+06
3.06702 -0.202083 -0.00946685 1.3129e+06 1.24981e+06
3.22636 -0.203112 -0.00344251 1.31702e+06 1.254e+06
3.38397 -0.204604 -0.0154914 1.3212e+06 1.25804e+06
3.50071 -0.207367 -0.0318432 1.32434e+06 1.26099e+06
3.65268 -0.212536 -0.0361463 1.32833e+06 1.26493e+06
3.77208 -0.216287 -0.0266791 1.33139e+06 1.2681e+06
3.9295 -0.217033 0.0172125 1.33524e+06 1.27246e+06
4.08475 -0.212488 0.0413101 1.33915e+06 1.27665e+06
4.19875 -0.207826 0.0404493 1.34213e+06 1.27962e+06
4.35285 -0.203315 0.0180729 1.34628e+06 1.28351e+06
4.50912 -0.202845 -0.0120488 1.35053e+06 1.28741e+06
4.61918 -0.204265 -0.01377 1.35341e+06 1.29027e+06
4.76834 -0.20632 -0.01377 1.3573e+06 1.29416e+06
4.91694 -0.206 0.0180732 1.36099e+06 1.29822e+06
5.03059 -0.202233 0.0481951 1.36378e+06 1.30136e+06
5.17779 -0.193545 0.0697108 1.3675e+06 1.30533e+06
5.28396 -0.18627 0.0671286 1.37029e+06 1.30809e+06
5.43086 -0.179248 0.0284007 1.37435e+06 1.3117e+06
5.5737 -0.177219 -4.16334e-16 1.37824e+06 1.31526e+06
5.68146 -0.177868 -0.0120488 1.38112e+06 1.318e+06
5.82239 -0.178778 -0.000860331 1.38473e+06 1.32174e+06
5.96541 -0.175947 0.0404497 1.38822e+06 1.32571e+06
6.07568 -0.169866 0.069711 1.39093e+06 1.32876e+06
6.21727 -0.157958 0.0981114 1.39447e+06 1.33263e+06
6.32546 -0.147262 0.0989719 1.3973e+06 1.33547e+06
6.47371 -0.134472 0.0731533 1.40133e+06 1.3392e+06
6.61976 -0.125977 0.0430313 1.40532e+06 1.34284e+06
6.72824 -0.122429 0.0223763 1.40827e+06 1.34555e+06
6.86972 -0.119628 0.0172125 1.41199e+06 1.34921e+06
6.98015 -0.117632 0.0189339 1.41486e+06 1.3521e+06
7.12889 -0.113534 0.0361464 1.41864e+06 1.35608e+06
7.27217 -0.107118 0.0533588 1.42228e+06 1.35992e+06
7.41847 -0.0995565 0.0499163 1.42612e+06 1.36372e+06
7.52919 -0.0945981 0.0395886 1.42907e+06 1.36655e+06
7.68177 -0.0906579 0.0120488 1.43321e+06 1.37037e+06
7.79317 -0.0896511 0.0060244 1.43615e+06 1.37324e+06
7.9412 -0.088632 0.00774569 1.44e+06 1.37711e+06
8.09477 -0.0868475 0.0154913 1.44396e+06 1.38116e+06
8.20788 -0.0846083 0.0240975 1.44686e+06 1.38416e+06
8.36047 -0.0810619 0.0223763 1.45085e+06 1.38813e+06
8.47358 -0.0785307 0.0223763 1.4538e+06 1.39108e+06
8.62831 -0.0765997 0.00258174 1.45795e+06 1.395e+06
8.78093 -0.0776506 -0.0163519 1.46204e+06 1.39887e+06
8.93584 -0.0805839 -0.0215157 1.46611e+06 1.40288e+06
9.05451 -0.0825757 -0.0120488 1.46915e+06 1.40603e+06
9.1709 -0.082726 0.00946695 1.47206e+06 1.40919e+06
9.32448 -0.0806772 0.0172126 1.47602e+06 1.41324e+06
9.47248 -0.0778746 0.020655 1.47986e+06 1.41712e+06
9.58656 -0.07596 0.0129094 1.48288e+06 1.42005e+06
9.73707 -0.0744703 0.00688508 1.48684e+06 1.42394e+06
9.88221 -0.0727838 0.016352 1.49057e+06 1.42778e+06
9.99359 -0.0702433 0.0292613 1.4934e+06 1.43076e+06
10.1434 -0.0628905 0.0688501 1.49708e+06 1.4349e+06
10.296 -0.0500499 0.0989721 1.5009e+06 1.43907e+06
10.4087 -0.0381246 0.111881 1.50378e+06 1.4421e+06
10.5597 -0.0216889 0.104996 1.50778e+06 1.44602e+06
10.6746 -0.011272 0.075735 1.51096e+06 1.44886e+06
10.8233 -0.00134214 0.057662 1.51495e+06 1.45264e+06
10.9772 0.00767487 0.0593835 1.51896e+06 1.45667e+06
11.1286 0.0198168 0.100693 1.52268e+06 1.46087e+06
11.2429 0.0331537 0.131676 1.5255e+06 1.46405e+06
11.3909 0.0543209 0.152331 1.52928e+06 1.46807e+06
11.5427 0.0775617 0.15147 1.53329e+06 1.47207e+06
11.6597 0.0942781 0.132536 1.53648e+06 1.47504e+06
11.8093 0.113512 0.12307 1.54047e+06 1.47892e+06
11.9215 0.127135 0.118766 1.54344e+06 1.48184e+06
12.07 0.14635 0.138561 1.54723e+06 1.48586e+06
12.2254 0.171242 0.17901 1.5511e+06 1.4902e+06
12.3378 0.193125 0.20569 1.55393e+06 1.49334e+06
12.4797 0.224645 0.231508 1.55757e+06 1.49728e+06
12.6275 0.257496 0.20569 1.56167e+06 1.50108e+06
12.7739 0.285599 0.173846 1.56574e+06 1.50478e+06
12.8837 0.303877 0.155773 1.56875e+06 1.50758e+06
13.0283 0.326389 0.153192 1.57258e+06 1.51138e+06
13.1351 0.343167 0.158355 1.57537e+06 1.51423e+06
13.2782 0.365073 0.145446 1.57922e+06 1.51793e+06
13.4194 0.384203 0.12393 1.58306e+06 1.52152e+06
13.5306 0.395872 0.085202 1.5862e+06 1.52421e+06
13.6792 0.404447 0.0301216 1.5904e+06 1.52777e+06
13.8302 0.405097 -0.0215157 1.59464e+06 1.53141e+06
13.942 0.40149 -0.0430314 1.59768e+06 1.5342e+06
14.0939 0.394229 -0.0524982 1.6017e+06 1.53811e+06
14.2097 0.388192 -0.0516375 1.60472e+06 1.54114e+06
14.3555 0.381978 -0.0335644 1.60842e+06 1.54505e+06
14.5031 0.377658 -0.0249582 1.61222e+06 1.54895e+06
14.6141 0.374935 -0.0240975 1.61511e+06 1.55185e+06
14.7693 0.369856 -0.0413101 1.61926e+06 1.5558e+06
14.925 0.362949 -0.0473344 1.62336e+06 1.55983e+06
15.0396 0.357918 -0.0404494 1.62631e+06 1.56286e+06
15.1973 0.352419 -0.0292611 1.63036e+06 1.56704e+06
15.3131 0.350027 -0.0120488 1.63328e+06 1.57016e+06
15.4694 0.348884 -0.00258186 1.6373e+06 1.57429e+06
15.6231 0.348751 0.000860627 1.64129e+06 1.57832e+06
15.7407 0.347992 -0.0137702 1.64444e+06 1.5813e+06
15.8942 0.344093 -0.037007 1.64858e+06 1.58517e+06
16.0442 0.337958 -0.0447526 1.65254e+06 1.58904e+06
16.1601 0.333017 -0.0404494 1.65554e+06 1.59209e+06
16.3118 0.328775 -0.0154912 1.65935e+06 1.59619e+06
16.423 0.32734 -0.0103276 1.66222e+06 1.59912e+06
16.5666 0.325424 -0.0163522 1.666e+06 1.60283e+06
16.7139 0.320032 -0.0568017 1.67008e+06 1.60644e+06
16.8271 0.311345 -0.0963904 1.67327e+06 1.60917e+06
16.9729 0.295282 -0.12307 1.67725e+06 1.61284e+06
17.0832 0.281059 -0.133397 1.68021e+06 1.61568e+06
17.2282 0.263248 -0.111021 1.68389e+06 1.61962e+06
17.3765 0.248973 -0.0808989 1.6876e+06 1.62368e+06
17.5193 0.240361 -0.0395888 1.69109e+06 1.62765e+06
17.6226 0.237737 -0.0111881 1.69362e+06 1.63051e+06
17.7584 0.238321 0.0197944 1.69698e+06 1.63423e+06
17.8561 0.242192 0.0593838 1.6993e+06 1.63701e+06
17.9786 0.254566 0.142004 1.70203e+06 1.6407e+06
18.0954 0.277832 0.251303 1.7045e+06 1.64444e+06
18.1732 0.301842 0.346833 1.70607e+06 1.64712e+06
18.28 0.352313 0.536171 1.70805e+06 1.6513e+06
18.3265 0.383196 0.636864 1.70892e+06 1.65334e+06
18.3825 0.431293 0.782311 1.71e+06 1.65611e+06
18.4331 0.49143 0.9596 1.71102e+06 1.65919e+06
18.4608 0.537439 1.09902 1.71161e+06 1.6614e+06
18.4849 0.599037 1.2961 1.71219e+06 1.66427e+06
18.4944 0.646429 1.45274 1.71254e+06 1.66644e+06
18.495 0.707593 1.66703 1.71289e+06 1.66928e+06
18.4834 0.765306 1.871 1.71324e+06 1.672e+06
18.4666 0.808126 2.02075 1.71357e+06 1.67407e+06
18.4333 0.862612 2.21783 1.71409e+06 1.67688e+06
18.3913 0.908419 2.40717 1.71461e+06 1.6796e+06
18.3553 0.936764 2.54229 1.71502e+06 1.68158e+06
18.2981 0.968402 2.73077 1.71563e+06 1.68438e+06
18.2308 0.990372 2.92097 1.71637e+06 1.68733e+06
18.1748 0.999146 3.05178 1.71709e+06 1.68957e+06
18.0894 1.00016 -3.07563 1.71841e+06 1.6927e+06
18.0168 0.991998 -2.98354 1.71978e+06 1.69514e+06
17.911 0.971657 -2.91986 1.72222e+06 1.69832e+06
17.808 0.946693 -2.88801 1.7248e+06 1.70127e+06
17.7294 0.925689 -2.87252 1.72683e+06 1.70348e+06
17.6143 0.89289 -2.85531 1.72985e+06 1.7067e+06
17.5244 0.865178 -2.83035 1.73216e+06 1.7093e+06
17.4027 0.823412 -2.79162 1.73529e+06 1.71288e+06
17.2729 0.776188 -2.79334 1.7389e+06 1.71647e+06
17.1717 0.739872 -2.80109 1.74175e+06 1.71923e+06
17.0389 0.693212 -2.80625 1.74545e+06 1.72287e+06
16.9068 0.647494 -2.81056 1.74912e+06 1.72649e+06
16.8117 0.614571 -2.80625 1.75172e+06 1.72914e+06
16.6873 0.571817 -2.81486 1.7552e+06 1.73252e+06
16.5673 0.531613 -2.82175 1.75854e+06 1.73578e+06
16.4819 0.503374 -2.82261 1.76089e+06 1.73812e+06
16.3696 0.466718 -2.82949 1.76401e+06 1.74116e+06
16.2871 0.440105 -2.82949 1.76627e+06 1.74342e+06
16.1814 0.405592 -2.82261 1.76913e+06 1.74636e+06
16.0784 0.372016 -2.83035 1.772e+06 1.74914e+06
16.0019 0.347642 -2.83638 1.77413e+06 1.7512e+06
15.9019 0.31644 -2.84154 1.77689e+06 1.7539e+06
15.8193 0.292305 -2.87338 1.77932e+06 1.75596e+06
15.6894 0.261612 -2.94568 1.78322e+06 1.75902e+06
15.5415 0.23712 -3.00936 1.7875e+06 1.76256e+06
15.4227 0.224585 -3.06358 1.79093e+06 1.76536e+06
15.2617 0.214856 -3.09887 1.79534e+06 1.76936e+06
15.0951 0.209674 -3.1221 1.79982e+06 1.77357e+06
14.9711 0.206456 -3.10919 1.80298e+06 1.77688e+06
14.8039 0.198946 -3.08424 1.8072e+06 1.78139e+06
14.6437 0.186837 -3.04809 1.81118e+06 1.78579e+06
14.5222 0.174544 -3.03346 1.81428e+06 1.78906e+06
14.3592 0.155145 -3.0128 1.81844e+06 1.79346e+06
14.1956 0.13124 -2.9801 1.82256e+06 1.79796e+06
14.074 0.110127 -2.95945 1.82566e+06 1.8013e+06
13.9154 0.0776673 -2.91986 1.82965e+06 1.80575e+06
13.7963 0.0498395 -2.90437 1.83275e+06 1.80903e+06
13.6418 0.0100827 -2.8751 1.83674e+06 1.81336e+06
13.4897 -0.0319338 -2.86908 1.84082e+06 1.81751e+06
13.377 -0.0635121 -2.86736 1.84386e+06 1.82057e+06
13.2348 -0.103854 -2.86306 1.84769e+06 1.82445e+06
13.0932 -0.14567 -2.84584 1.85144e+06 1.8284e+06
12.9869 -0.17957 -2.82002 1.8542e+06 1.83146e+06
12.8441 -0.227819 -2.81142 1.85808e+06 1.83544e+06
12.739 -0.264057 -2.80798 1.86096e+06 1.83836e+06
12.6013 -0.312374 -2.80023 1.86472e+06 1.84221e+06
12.4603 -0.363422 -2.78818 1.86856e+06 1.84619e+06
12.3583 -0.401731 -2.77613 1.87133e+06 1.8491e+06
12.2223 -0.453334 -2.78216 1.87516e+06 1.85286e+06
12.0876 -0.504392 -2.77613 1.87888e+06 1.85665e+06
11.9852 -0.543765 -2.77269 1.88172e+06 1.85953e+06
11.8484 -0.596718 -2.77183 1.88554e+06 1.86336e+06
11.7484 -0.63524 -2.77613 1.88836e+06 1.86613e+06
11.6133 -0.684549 -2.80711 1.89229e+06 1.8697e+06
11.4809 -0.729816 -2.81744 1.896e+06 1.87329e+06
11.3844 -0.761769 -2.82605 1.8987e+06 1.87589e+06
11.2552 -0.802896 -2.84068 1.90232e+06 1.87934e+06
11.1597 -0.832136 -2.84842 1.90497e+06 1.8819e+06
11.0336 -0.867439 -2.88887 1.90862e+06 1.88508e+06
10.9142 -0.895663 -2.93018 1.91206e+06 1.88804e+06
10.8279 -0.91313 -2.95342 1.91449e+06 1.8902e+06
10.7158 -0.932523 -2.98699 1.91765e+06 1.89297e+06
10.6124 -0.947593 -3.00678 1.92049e+06 1.89558e+06
10.5389 -0.957218 -3.01625 1.92248e+06 1.89746e+06
10.4415 -0.968421 -3.03776 1.92516e+06 1.89989e+06
10.3713 -0.97501 -3.05842 1.92712e+06 1.90161e+06
10.2844 -0.98142 -3.07735 1.9295e+06 1.90377e+06
10.2023 -0.985888 -3.09715 1.93176e+06 1.9058e+06
10.1435 -0.987922 -3.11694 1.93341e+06 1.90722e+06
10.0687 -0.988864 -3.14104 1.9355e+06 1.90903e+06
9.99833 -0.98851 3.13096 1.9374e+06 1.9108e+06
9.94599 -0.987976 3.13182 1.93876e+06 1.91217e+06
9.87658 -0.987656 -3.14104 1.94051e+06 1.91404e+06
9.80813 -0.988371 -3.12124 1.94218e+06 1.91594e+06
9.75829 -0.9899 -3.10059 1.94336e+06 1.91736e+06
9.69398 -0.99376 -3.06272 1.94482e+06 1.91926e+06
9.64741 -0.998208 -3.03002 1.94585e+06 1.92067e+06
9.5879 -1.00599 -2.99301 1.9472e+06 1.92245e+06
9.53404 -1.01401 -2.99473 1.94863e+06 1.92386e+06
9.4983 -1.01873 -3.02571 1.94975e+06 1.92462e+06
9.45531 -1.02244 -3.0851 1.95122e+06 1.9254e+06
9.40931 -1.02374 3.14129 1.95275e+06 1.92627e+06
9.36791 -1.0228 3.09653 1.95409e+06 1.92709e+06
9.30063 -1.01738 3.02596 1.95626e+06 1.92844e+06
9.23953 -1.00847 2.96744 1.95821e+06 1.92971e+06
9.14802 -0.988932 2.89515 1.96107e+06 1.93173e+06
9.0525 -0.963147 2.86072 1.96385e+06 1.93411e+06
8.97723 -0.941116 2.85298 1.96594e+06 1.93611e+06
8.86997 -0.909621 2.859 1.96882e+06 1.93906e+06
8.78523 -0.886588 2.89343 1.97091e+06 1.94155e+06
8.66537 -0.860248 2.95711 1.97374e+06 1.94512e+06
8.53541 -0.839913 3.01564 1.97683e+06 1.94889e+06
8.43626 -0.829347 3.05522 1.9792e+06 1.95172e+06
8.30292 -0.820284 3.09223 1.98247e+06 1.95542e+06
8.16236 -0.813098 3.08879 1.98616e+06 1.95907e+06
8.02067 -0.805487 3.08707 1.98987e+06 1.96276e+06
7.90809 -0.799342 3.08707 1.99281e+06 1.9657e+06
7.75624 -0.791513 3.09309 1.99674e+06 1.9697e+06
7.64091 -0.786611 3.10514 1.99968e+06 1.97278e+06
7.48397 -0.781091 3.10772 2.00376e+06 1.97689e+06
7.36628 -0.777813 3.11977 2.00676e+06 1.98003e+06
7.20505 -0.774641 3.12407 2.01094e+06 1.98426e+06
7.04649 -0.772614 3.13354 2.01502e+06 1.98845e+06
6.92818 -0.772221 -3.14018 2.01805e+06 1.99159e+06
6.76962 -0.773879 -3.1221 2.02208e+06 1.99583e+06
6.60407 -0.780242 -3.08424 2.02618e+06 2.00037e+06
6.47855 -0.788426 -3.06875 2.02937e+06 2.00374e+06
6.31501 -0.802484 -3.04293 2.0335e+06 2.00817e+06
6.18966 -0.815056 -3.04034 2.03677e+06 2.01147e+06
6.02534 -0.832894 -3.02657 2.041e+06 2.01586e+06
5.86041 -0.852093 -3.02485 2.04532e+06 2.0202e+06
5.73975 -0.86698 -3.0128 2.04842e+06 2.02344e+06
5.57736 -0.889504 -2.99473 2.05259e+06 2.02782e+06
5.40888 -0.916654 -2.96891 2.05689e+06 2.03242e+06
5.28249 -0.939708 -2.95342 2.06015e+06 2.03586e+06
5.11402 -0.971339 -2.95858 2.06465e+06 2.0403e+06
4.94658 -1.0001 -2.9844 2.06923e+06 2.04458e+06
4.82005 -1.01876 -3.00592 2.07269e+06 2.04779e+06
4.65003 -1.04204 -3.00506 2.07716e+06 2.05227e+06
4.52055 -1.0604 -2.99645 2.08052e+06 2.05573e+06
4.35214 -1.08799 -2.96203 2.08477e+06 2.06038e+06
4.18405 -1.11857 -2.96117 2.08922e+06 2.06484e+06
4.06027 -1.14093 -2.96461 2.09252e+06 2.0681e+06
3.89243 -1.16724 -3.00764 2.0972e+06 2.07228e+06
3.76928 -1.18227 -3.0326 2.10058e+06 2.07537e+06
3.60571 -1.19591 -3.08424 2.10516e+06 2.07935e+06
3.44132 -1.20223 -3.1221 2.10967e+06 2.08342e+06
3.31495 -1.20192 3.11719 2.11322e+06 2.08646e+06
3.15511 -1.19271 3.05092 2.11778e+06 2.09025e+06
2.99675 -1.17044 2.95281 2.12252e+06 2.09385e+06
2.88073 -1.14363 2.87621 2.12607e+06 2.09651e+06
2.72393 -1.09196 2.77036 2.13099e+06 2.1002e+06
2.61402 -1.04565 2.71528 2.13442e+06 2.10299e+06
2.46898 -0.973423 2.64384 2.13906e+06 2.1068e+06
2.32815 -0.892525 2.59651 2.14357e+06 2.11076e+06
2.22459 -0.826328 2.54918 2.14705e+06 2.11369e+06
2.09775 -0.73636 2.50012 2.15139e+06 2.11746e+06
1.97969 -0.642683 2.4416 2.15566e+06 2.12105e+06
1.89752 -0.570329 2.39771 2.15877e+06 2.12365e+06
1.79591 -0.472113 2.34865 2.16274e+06 2.12705e+06
1.72433 -0.397291 2.31939 2.16561e+06 2.12958e+06
1.6329 -0.299547 2.32627 2.16906e+06 2.13311e+06
1.54342 -0.206567 2.34779 2.1723e+06 2.1366e+06
1.48223 -0.145188 2.36156 2.17448e+06 2.13894e+06
1.4123 -0.0768321 2.37361 2.17696e+06 2.14156e+06
1.35305 -0.0197638 2.37619 2.17909e+06 2.14372e+06
1.31685 0.0150738 2.37447 2.18041e+06 2.14502e+06
1.28063 0.0498797 2.37791 2.1817e+06 2.14635e+06
1.25397 0.0752721 2.38307 2.18263e+06 2.14734e+06
1.23796 0.0904329 2.38394 2.1832e+06 2.14792e+06
1.21884 0.108445 2.38824 2.18386e+06 2.14863e+06
1.20566 0.120741 2.3934 2.1843e+06 2.14913e+06
1.18945 0.135694 2.39943 2.18484e+06 2.14974e+06
1.17485 0.148999 2.40545 2.18532e+06 2.15029e+06
1.16504 0.157869 2.40803 2.18565e+06 2.15065e+06
1.1542 0.167608 2.41148 2.18601e+06 2.15105e+06
1.14561 0.175266 2.41492 2.18629e+06 2.15137e+06
1.14045 0.179848 2.41664 2.18646e+06 2.15156e+06
1.13571 0.184042 2.4175 2.18662e+06 2.15173e+06
1.1337 0.18582 2.4175 2.18669e+06 2.1518e+06
1.13269 0.186709 2.41836 2.18672e+06 2.15184e+06
1.13356 0.185947 2.41836 2.18669e+06 2.15181e+06
1.13399 0.185566 2.4175 2.18668e+06 2.15179e+06
1.13499 0.184677 2.41664 2.18665e+06 2.15175e+06
1.13514 0.18455 2.4175 2.18664e+06 2.15175e+06
1.13499 0.184677 2.41664 2.18665e+06 2.15175e+06
1.13485 0.184804 2.4175 2.18665e+06 2.15176e+06
1.13485 0.184804 2.4175 2.18665e+06 2.15176e+06
1.13499 0.184677 2.41664 2.18665e+06 2.15175e+06
1.13514 0.18455 2.4175 2.18664e+06 2.15175e+06
1.13514 0.18455 2.4175 2.18664e+06 2.15175e+06
1.13514 0.18455 2.4175 2.18664e+06 2.15175e+06
1.13514 0.18455 2.4175 2.18664e+06 2.15175e+06
1.13514 0.18455 2.4175 2.18664e+06 2.15175e+06
1.13514 0.18455 2.4175 2.18664e+06 2.15175e+06
1.13514 0.18455 2.4175 2.18664e+06 2.15175e+06
1.13514 0.18455 2.4175 2.18664e+06 2.15175e+06
1.13499 0.184677 2.41664 2.18665e+06 2.15175e+06
1.13499 0.184677 2.41664 2.18665e+06 2.15175e+06
1.13499 0.184677 2.41664 2.18665e+06 2.15175e+06
1.13499 0.184677 2.41664 2.18665e+06 2.15175e+06
1.13514 0.18455 2.4175 2.18664e+06 2.15175e+06
