1.15739 0.07071 -0.0493652
1.28879 0.0456134 -0.109861
1.41785 0.0113995 -0.165025
1.52828 -0.0105541 -0.162616
1.66005 -0.0224278 -0.136673
1.80592 -0.0336454 -0.107754
1.91354 -0.0365993 -0.0778225
2.05921 -0.0539972 -0.0961168
2.17515 -0.0741139 -0.118763
2.3241 -0.0945708 -0.130665
2.48075 -0.112454 -0.125253
2.5965 -0.112947 -0.0839419
2.75697 -0.11775 -0.0606569
2.87963 -0.11469 -0.0365318
3.03857 -0.112332 -0.018482
3.20108 -0.108153 -0.00960443
3.3542 -0.110958 -0.0225757
3.4755 -0.12453 -0.0511608
3.62505 -0.129862 -0.0451568
3.74593 -0.137858 -0.0342726
3.9032 -0.130917 0.0134844
4.05118 -0.125772 0.0314997
4.1697 -0.125182 0.0278618
4.32197 -0.129427 0.00854928
4.48208 -0.140919 -0.0215705
4.58868 -0.146413 -0.0201406
4.73379 -0.155367 -0.0287602
4.8807 -0.149348 0.00933961
4.99117 -0.138801 0.046349
5.14324 -0.126526 0.0607703
5.24221 -0.124511 0.0592226
5.39914 -0.129434 0.0138863
5.545 -0.134748 -0.00637701
5.65526 -0.13864 -0.0212876
5.79876 -0.136052 -0.00458023
5.93442 -0.12481 0.0352037
6.0503 -0.114939 0.058836
6.18446 -0.094605 0.0921849
6.29169 -0.0859553 0.0885571
6.43665 -0.0820033 0.0627038
6.57941 -0.0810005 0.0339961
6.69475 -0.0855027 0.00712718
6.83693 -0.0821407 0.00775463
6.9528 -0.0786332 0.00832056
7.10291 -0.0732344 0.0287998
7.24281 -0.060952 0.0451691
7.39291 -0.0571942 0.0340721
7.50314 -0.0514112 0.0317606
7.65801 -0.059597 -0.000923624
7.76824 -0.062942 -0.00318761
7.91382 -0.0658579 0.000316494
8.07502 -0.065738 0.00121627
8.18712 -0.0597048 0.018351
8.34593 -0.0596884 0.00923639
8.4556 -0.0577743 0.0170092
8.60829 -0.0684452 -0.0101616
8.77135 -0.0788121 -0.0291816
8.92285 -0.0819723 -0.0311866
9.04195 -0.0801111 -0.017174
9.1525 -0.0751141 0.0034418
9.3069 -0.0752453 0.00208969
9.45794 -0.0696933 0.0115291
9.57469 -0.0704622 0.000835949
9.73237 -0.0722423 -0.00583304
9.87047 -0.0635285 0.006959
9.98662 -0.0641832 0.0136106
10.1421 -0.0440272 0.0588073
10.2994 -0.0242177 0.087335
10.4083 -0.0106573 0.0990539
10.5537 -0.000230915 0.0907583
10.6822 -0.00143359 0.0587406
10.836 0.00634 0.0453313
10.9932 0.0134135 0.0415255
11.139 0.0406554 0.0907383
11.2478 0.0603545 0.117551
11.4067 0.075773 0.136367
11.5584 0.101216 0.144722
11.6818 0.107379 0.109042
11.8248 0.126195 0.111673
11.9429 0.137514 0.0990978
12.0988 0.164419 0.123739
12.2509 0.200597 0.165509
12.3595 0.22696 0.190149
12.4899 0.261103 0.218425
12.6548 0.280022 0.187247
12.8052 0.298058 0.161945
12.922 0.308386 0.137003
13.0701 0.328864 0.140696
13.173 0.342572 0.141391
13.3257 0.356362 0.126488
13.465 0.368347 0.114888
13.5808 0.364737 0.0679748
13.731 0.359453 0.0162177
13.8808 0.34444 -0.0379845
13.9932 0.340622 -0.0543317
14.1426 0.333555 -0.063731
14.2609 0.329221 -0.0612159
14.3966 0.330026 -0.0407189
14.545 0.323526 -0.0417634
14.6569 0.322347 -0.0370219
14.8165 0.311341 -0.0558005
14.979 0.303951 -0.0599371
15.0824 0.301765 -0.0493065
15.2553 0.294919 -0.0488968
15.3759 0.303943 -0.0249602
15.5331 0.304865 -0.0175302
15.6913 0.301081 -0.00663201
15.8039 0.289348 -0.0328867
15.9697 0.271937 -0.056903
16.1246 0.263192 -0.0591937
16.2447 0.261058 -0.0521699
16.3968 0.266541 -0.023496
16.5106 0.264177 -0.0318008
16.6633 0.257796 -0.0350708
16.8119 0.245951 -0.0633379
16.9345 0.213924 -0.121092
17.0715 0.195396 -0.136765
17.1799 0.173775 -0.156671
17.3299 0.155502 -0.128858
17.4787 0.149841 -0.0979607
17.619 0.152074 -0.0526959
17.7122 0.15386 -0.0287445
17.8563 0.15335 -0.00762604
17.9533 0.16603 0.0372194
18.0689 0.197984 0.125842
18.1871 0.245779 0.225978
18.2468 0.29131 0.323845
18.3152 0.363775 0.474432
18.3561 0.423325 0.59158
18.3986 0.508249 0.75391
18.4119 0.594496 0.928791
18.4043 0.655413 1.0614
18.3778 0.730966 1.25091
18.3433 0.781663 1.40765
18.2872 0.836922 1.61967
18.227 0.875589 1.82072
18.1812 0.900531 1.9695
18.1132 0.920226 2.16482
18.0443 0.919998 2.34615
17.9917 0.922159 2.4731
17.9273 0.914143 2.66125
17.8577 0.898096 2.84902
17.7968 0.875612 2.9762
17.7201 0.844844 3.13355
17.656 0.820444 -3.0716
17.5589 0.79556 -3.00754
17.4628 0.772586 -2.97211
17.3861 0.746928 -2.9586
17.2608 0.713922 -2.94372
17.1709 0.682571 -2.9148
17.0538 0.638264 -2.87457
16.9162 0.603177 -2.88809
16.8076 0.575658 -2.88845
16.6645 0.54031 -2.88961
16.5205 0.507791 -2.89695
16.4244 0.483875 -2.88875
16.2953 0.459257 -2.90798
16.1646 0.427751 -2.90986
16.0754 0.406957 -2.90372
15.9525 0.383263 -2.91486
15.8634 0.363713 -2.90969
15.756 0.342281 -2.90498
15.6468 0.323835 -2.92092
15.5682 0.307852 -2.92215
15.4653 0.283313 -2.91841
15.3743 0.277987 -2.96044
15.2378 0.275804 -3.02849
15.0914 0.276023 -3.08602
14.9733 0.292714 3.12938
14.8172 0.300305 3.10647
14.6551 0.319252 3.07775
14.5322 0.320206 3.10058
14.3669 0.327297 3.11608
14.2162 0.321946 -3.12372
14.0986 0.318378 -3.11546
13.9227 0.309113 -3.09191
13.76 0.294304 -3.05769
13.642 0.283107 -3.0459
13.4835 0.250128 -2.99326
13.3573 0.235175 -2.99212
13.1993 0.196589 -2.95151
13.0456 0.169318 -2.95698
12.9308 0.146957 -2.94826
12.7886 0.116768 -2.94305
12.6388 0.0843028 -2.92646
12.531 0.0535271 -2.89915
12.3836 0.0186145 -2.89963
12.2792 -0.0120115 -2.88802
12.1461 -0.0535968 -2.87987
11.9986 -0.0963454 -2.87146
11.8987 -0.130478 -2.85512
11.7566 -0.166139 -2.87218
11.6225 -0.210484 -2.85775
11.5186 -0.243528 -2.85316
11.3704 -0.286925 -2.85521
11.2714 -0.316207 -2.8579
11.1251 -0.341284 -2.89761
10.9917 -0.374758 -2.8979
10.8962 -0.395998 -2.90886
10.7558 -0.422289 -2.92637
10.6645 -0.443287 -2.92785
10.5308 -0.452179 -2.97789
10.4078 -0.46142 -3.01417
10.3184 -0.467051 -3.03479
10.1942 -0.466614 -3.07257
10.0869 -0.468716 -3.0858
10.0176 -0.469991 -3.09415
9.91605 -0.463666 -3.12348
9.84278 -0.459696 -3.14033
9.75557 -0.455304 3.12746
9.67196 -0.447634 3.1054
9.60895 -0.438513 3.082
9.5354 -0.427494 3.06273
9.46512 -0.421635 3.05378
9.41016 -0.419562 3.05605
9.33865 -0.415279 3.06194
9.27428 -0.415992 3.07885
9.22554 -0.421365 3.1026
9.16148 -0.433989 -3.14034
9.1157 -0.444878 -3.10796
9.05461 -0.461074 -3.0734
8.99651 -0.467957 -3.07792
8.95741 -0.462064 -3.11199
8.90968 -0.445808 3.11477
8.86187 -0.429309 3.06281
8.81593 -0.413843 3.0224
8.7527 -0.385696 2.95102
8.68966 -0.350965 2.887
8.61153 -0.30686 2.81687
8.53342 -0.269907 2.78661
8.46493 -0.241089 2.77849
8.36312 -0.201626 2.77934
8.28658 -0.186361 2.81755
8.17254 -0.170771 2.88228
8.04322 -0.156443 2.93913
7.95073 -0.152363 2.97882
7.81749 -0.141683 3.01389
7.66303 -0.118121 3.00424
7.52118 -0.108114 3.00793
7.41247 -0.0996413 3.00749
7.2613 -0.0825782 3.0103
7.15078 -0.075657 3.02521
6.99437 -0.0553999 3.02245
6.88104 -0.050338 3.04128
6.72411 -0.0365628 3.04016
6.5692 -0.0235302 3.05207
6.45428 -0.0170374 3.05843
6.28445 -0.0059791 3.07335
6.11992 -0.0120856 3.12103
5.99654 -0.00958665 3.12264
5.83977 -0.0192901 -3.12205
5.71353 -0.0131977 -3.13314
5.54778 -0.0212941 -3.1101
5.38519 -0.02145 -3.11782
5.26572 -0.0273874 -3.09849
5.10489 -0.0389663 -3.08266
4.92757 -0.0527572 -3.06191
4.8066 -0.0749227 -3.03734
4.64008 -0.0795554 -3.05233
4.46943 -0.0887729 -3.0685
4.34008 -0.0843877 -3.10397
4.17111 -0.100229 -3.08731
4.0471 -0.105366 -3.08875
3.88073 -0.130863 -3.04894
3.71076 -0.14331 -3.05533
3.5862 -0.157949 -3.04709
3.41139 -0.150075 -3.10617
3.28815 -0.152259 -3.1199
3.1223 -0.135842 3.10497
2.95481 -0.124848 3.07735
2.82769 -0.10264 3.02254
2.67461 -0.0695366 2.96445
2.52341 -0.00654169 2.85449
2.41034 0.0421173 2.78534
2.26964 0.131989 2.67509
2.17246 0.193743 2.63436
2.04787 0.300041 2.54792
1.92315 0.405118 2.50894
1.83955 0.491504 2.45591
1.73142 0.600229 2.42059
1.63492 0.719013 2.3524
1.57161 0.8106 2.30854
1.48827 0.934054 2.25951
1.43115 1.0212 2.23453
1.34933 1.12456 2.24953
1.26785 1.22319 2.26662
1.21436 1.29117 2.27531
1.14567 1.36572 2.2864
1.09093 1.43887 2.28324
1.0518 1.47164 2.28466
1.01311 1.50421 2.29339
0.988318 1.52444 2.30338
0.974435 1.53895 2.30471
0.956254 1.55772 2.30894
0.94629 1.56744 2.31191
0.930296 1.58261 2.31635
0.921405 1.5908 2.32071
0.912913 1.6003 2.3211
0.906108 1.60439 2.32303
0.898523 1.61166 2.32497
0.895078 1.61439 2.32557
0.890831 1.61875 2.32601
0.888892 1.62097 2.32564
0.888198 1.62147 2.32612
0.890476 1.6201 2.32573
0.891375 1.61955 2.32484
0.89288 1.61818 2.32433
0.892488 1.6183 2.32509
0.892753 1.61835 2.32494
0.892946 1.61806 2.32515
0.892987 1.618 2.32517
0.893541 1.61749 2.32499
0.893819 1.61706 2.32531
0.894266 1.61665 2.32515
0.894566 1.61642 2.32495
0.894744 1.61611 2.32522
0.894864 1.61607 2.32502
0.895101 1.6158 2.32508
0.895295 1.61555 2.32518
0.895552 1.61528 2.32515
0.895705 1.61531 2.32472
0.895867 1.61497 2.3251
0.896112 1.61482 2.32484
0.896276 1.61457 2.32502
0.89663 1.6142 2.325
