1533023735731604 0 -6.77626e-21 0 1 -2.63087e-21 -1.11022e-16 -2.7368e-21
1533023741025992 2.06112 0.260484 0.0308013 0.999738 0.0133202 -0.0183161 0.00334203
1533023741159214 2.21678 0.245294 0.0175704 0.999418 0.0241429 -0.00880162 -0.0224415
1533023741292354 2.35566 0.239709 -0.0197069 0.999566 0.00292524 0.00234168 -0.0292048
1533023741392244 2.46204 0.230445 -0.000576088 0.999282 0.00244134 -0.00635847 -0.0372699
1533023741525416 2.60414 0.226349 0.0200466 0.999485 0.00592598 -0.0152189 -0.0276401
1533023741658625 2.75716 0.215903 0.00967461 0.999525 0.0124402 -0.00979099 -0.0264358
1533023741791731 2.9175 0.219319 0.00471154 0.999698 0.0222894 -0.00723522 -0.00740227
1533023741891595 3.02106 0.221626 0.0108921 0.999807 0.0172225 -0.00938124 -0.000742538
1533023742024873 3.17436 0.20852 0.00758752 0.999629 0.0157575 -0.00995728 -0.0198837
1533023742124768 3.28711 0.18996 0.00552491 0.999022 0.0166617 -0.00939643 -0.0398541
1533023742257902 3.4438 0.138694 -0.00068679 0.995164 0.013568 -0.00804388 -0.0969507
1533023742391093 3.58729 0.093228 -0.00344687 0.991828 0.0110066 -0.00910557 -0.126782
1533023742457701 3.6561 0.058125 -0.00652958 0.988462 0.011358 -0.00977744 -0.150726
1533023742624364 3.82748 -0.0291271 -0.0100942 0.980909 0.0105177 -0.00887207 -0.193978
1533023742724120 3.92981 -0.0985679 -0.0123896 0.97173 0.0107584 -0.0107553 -0.235603
1533023742857261 4.03344 -0.195867 -0.0140018 0.957345 0.00746915 -0.0105366 -0.288658
1533023742990417 4.13633 -0.316331 -0.00994465 0.937516 0.00514762 -0.0117127 -0.347708
1533023743090340 4.20473 -0.407317 -0.0088306 0.927026 0.00724078 -0.0123259 -0.374725
1533023743223636 4.28431 -0.532845 -0.0069597 0.908371 0.0055494 -0.0129531 -0.417928
1533023743356936 4.36403 -0.65956 -0.0101038 0.895049 0.00416771 -0.0129587 -0.445761
1533023743456951 4.41649 -0.743468 -0.0156355 0.887764 0.00281544 -0.0113784 -0.460149
1533023743589995 4.48292 -0.870585 -0.0190485 0.871101 0.00168704 -0.0102783 -0.490994
1533023743689714 4.53344 -0.960477 -0.0237472 0.86326 0.00228821 -0.0101284 -0.504653
1533023743823088 4.57432 -1.10179 -0.0184976 0.837721 -0.000337718 -0.0101264 -0.546004
1533023743956632 4.60739 -1.23728 -0.0172427 0.81774 -0.00142793 -0.0107825 -0.575484
1533023744056660 4.62622 -1.33465 -0.018317 0.801397 -0.00294817 -0.00973611 -0.598047
1533023744190002 4.64648 -1.47636 -0.0179355 0.777499 -0.0035193 -0.00902913 -0.628809
1533023744323211 4.64888 -1.60955 -0.0176054 0.748668 -0.00467645 -0.00885763 -0.662869
1533023744423126 4.63484 -1.72086 -0.0173498 0.722077 -0.00533854 -0.00884478 -0.691735
1533023744556421 4.61157 -1.85931 -0.0215812 0.693215 -0.00534123 -0.00826097 -0.720664
1533023744689772 4.56812 -1.99543 -0.0221834 0.653527 -0.00551629 -0.00761321 -0.756845
1533023744789724 4.53881 -2.09668 -0.0239505 0.642639 -0.00470247 -0.00961484 -0.766094
1533023744922747 4.49572 -2.22647 -0.0263627 0.622548 -0.00525309 -0.00949275 -0.782506
1533023745022611 4.45779 -2.33314 -0.0188332 0.614509 -0.00432001 -0.00959007 -0.788839
1533023745156020 4.43364 -2.46285 -0.0181218 0.625437 -0.00370048 -0.00998851 -0.780202
1533023745289224 4.41496 -2.60575 -0.0192316 0.642963 -0.00144539 -0.00918738 -0.76584
1533023745389156 4.4251 -2.71046 -0.0182755 0.673662 -0.000526507 -0.0086908 -0.738989
1533023745522200 4.44964 -2.84287 -0.0175432 0.710617 0.00181278 -0.00670853 -0.703545
1533023745622160 4.46702 -2.94606 -0.0150871 0.733616 0.00254113 -0.00617844 -0.679531
1533023745755514 4.52462 -3.06777 -0.0130408 0.780327 0.00436744 -0.00480639 -0.625338
1533023745888594 4.60387 -3.17204 -0.00733686 0.83349 0.00502957 -0.00386369 -0.552498
1533023745988397 4.67731 -3.23126 0.00219066 0.870856 0.00502221 -0.00386608 -0.491498
1533023746121508 4.77225 -3.29397 0.00984017 0.910536 0.00447389 -0.00393241 -0.413387
1533023746221356 4.8493 -3.31994 0.0168427 0.938008 0.00507895 -0.00531194 -0.346536
1533023746321339 4.92531 -3.33212 0.0213994 0.962977 0.00504918 -0.00561109 -0.269478
1533023746454481 5.02305 -3.31886 0.0253282 0.986705 0.00415008 -0.00595514 -0.16236
1533023746587721 5.11373 -3.26901 0.0375873 0.999126 0.00384348 -0.00661936 -0.0410965
1533023746687646 5.16887 -3.23579 0.0452 0.999021 0.00574278 -0.00523334 0.0435426
1533023746821004 5.21913 -3.17349 0.050691 0.986746 0.00673152 -0.00473857 0.162065
1533023746954119 5.25741 -3.11093 0.0573978 0.958987 0.00907077 -0.00316815 0.283286
1533023747053856 5.26802 -3.04572 0.0588215 0.928936 0.0103471 -0.00132301 0.370094
1533023747187013 5.2655 -2.96055 0.0603009 0.878932 0.010903 -0.000606861 0.476822
1533023747320230 5.26036 -2.87886 0.0623941 0.821046 0.0109455 0.00269464 0.57075
1533023747420203 5.25618 -2.80507 0.0638381 0.779322 0.0102433 0.00544879 0.626516
1533023747553264 5.23379 -2.7123 0.0648266 0.727336 0.0106609 0.00644125 0.686168
1533023747653162 5.2177 -2.62923 0.0681479 0.692222 0.00941873 0.00800772 0.721579
1533023747786425 5.18876 -2.52042 0.0715624 0.663304 0.00923679 0.0080763 0.74825
1533023747919757 5.05834 -2.43091 0.0987451 0.641961 0.00862326 0.00478633 0.766674
1533023748019667 4.98858 -2.36603 0.106433 0.635235 0.00655457 0.00325097 0.772284
1533023748152688 4.95725 -2.26067 0.104524 0.639154 0.00601115 0.00316714 0.769049
1533023748285822 4.93472 -2.15547 0.103775 0.64424 0.00642677 0.00270601 0.764792
1533023748385892 4.90837 -2.06829 0.0916752 0.64475 0.00555875 0.00276977 0.764368
1533023748485821 4.89248 -1.96872 0.0851644 0.651221 0.00495984 0.00271983 0.758867
1533023748585803 4.88435 -1.87351 0.0834579 0.660538 0.00449723 0.00249582 0.750775
1533023748718843 4.8819 -1.74043 0.0773345 0.677271 0.00419853 0.0027369 0.735717
1533023748852082 4.90328 -1.58565 0.07677 0.71812 0.00361173 0.00156132 0.695908
1533023748951984 4.9284 -1.47593 0.0754469 0.745101 0.00474432 0.0011582 0.666933
1533023749085080 4.99176 -1.33338 0.0730316 0.78717 0.00541771 0.000750496 0.616712
1533023749184841 5.03392 -1.22543 0.0706651 0.803112 0.00537165 0.0005243 0.595803
1533023749318025 5.11328 -1.09965 0.0677784 0.832208 0.00549083 -0.000838189 0.554436
1533023749451227 5.19948 -0.980777 0.0645397 0.854352 0.00623875 -0.00276104 0.51965
1533023749551072 5.28842 -0.901661 0.0620989 0.879506 0.00744548 -0.0057821 0.475794
1533023749684470 5.4175 -0.806594 0.0582613 0.91353 0.00780972 -0.00782208 0.40662
1533023749817654 5.5525 -0.729745 0.0494863 0.938751 0.00694017 -0.00596805 0.344474
1533023749917508 5.65568 -0.673211 0.0430325 0.952455 0.00697949 -0.00622197 0.304537
1533023750050801 5.80402 -0.617298 0.0372254 0.968411 0.00668955 -0.00485046 0.249223
1533023750150795 5.91372 -0.581986 0.0305208 0.976517 0.00694919 -0.00419508 0.215288
1533023750283836 6.05676 -0.545701 0.0290101 0.983999 0.00666394 -0.00513226 0.177977
1533023750416900 6.21145 -0.536804 0.0230395 0.992132 0.00611154 -0.00516036 0.124942
1533023750516876 6.32971 -0.529511 0.0212988 0.995536 0.00679106 -0.00575935 0.0939665
1533023750649979 6.4812 -0.534396 0.0215923 0.998496 0.0067006 -0.00824299 0.053789
1533023750783135 6.62885 -0.522532 0.0220579 0.998909 0.00529327 -0.00726471 0.045823
1533023750883015 6.75511 -0.515801 0.0244027 0.998846 0.00358268 -0.00324082 0.0477925
1533023751016153 6.89969 -0.488141 0.0273624 0.997341 0.00409195 -0.00215553 0.0727276
1533023751116120 7.00577 -0.468448 0.0269658 0.996388 0.0048217 -0.000903481 0.0847732
1533023751249421 7.16425 -0.427646 0.0266619 0.993738 0.00585071 0.000673583 0.11158
1533023751382495 7.30392 -0.364813 0.0325642 0.989207 0.00652205 0.000855632 0.146376
1533023751482339 7.41841 -0.321164 0.0364648 0.988035 0.00505407 0.00110482 0.154141
1533023751615639 7.56259 -0.254509 0.0383529 0.983423 0.00522892 0.000475137 0.18125
1533023751715675 7.67943 -0.201716 0.0394829 0.980856 0.0060206 -0.000899803 0.19464
1533023751848707 7.82855 -0.122983 0.0417932 0.975505 0.00679325 -0.00219029 0.21986
1533023751982055 7.97045 -0.0496903 0.0450308 0.972929 0.00726064 -0.00307184 0.230971
1533023752115157 8.13934 0.013991 0.0465109 0.976693 0.00664707 -0.00259527 0.214524
1533023752215042 8.25914 0.0579686 0.0466915 0.979991 0.00524711 -0.00327708 0.198944
1533023752348098 8.43152 0.103299 0.0467487 0.985231 0.00566229 -0.00321919 0.171104
1533023752448053 8.54925 0.140985 0.0475403 0.986043 0.00584364 -0.00393058 0.16634
1533023752581261 8.70806 0.182189 0.0463869 0.987535 0.00558383 -0.00412554 0.157248
1533023752714501 8.86866 0.238026 0.0472072 0.985489 0.00602951 -0.00196565 0.169622
1533023752814384 8.99186 0.282936 0.045769 0.98457 0.00582245 -0.00137887 0.174887
1533023752947525 9.13766 0.350082 0.0478097 0.981116 0.00578139 -0.00251859 0.193317
1533023753080683 9.29666 0.391632 0.0492979 0.985337 0.00567717 -0.00411007 0.170476
1533023753180622 9.41567 0.428751 0.0484168 0.987033 0.00529255 -0.00388847 0.160382
1533023753313809 9.58642 0.469676 0.0484921 0.990518 0.00534179 -0.00400611 0.137218
1533023753447042 9.73817 0.534697 0.046576 0.987007 0.00539241 -0.00511826 0.160507
1533023753546900 9.85565 0.571319 0.0454974 0.987148 0.00570121 -0.00621793 0.159587
1533023753679937 10.003 0.619567 0.0470235 0.986917 0.00686733 -0.00682063 0.160937
1533023753779832 10.1264 0.641534 0.0466234 0.990294 0.00725587 -0.00687818 0.138628
1533023753913113 10.2905 0.673766 0.0484399 0.992704 0.00836464 -0.00607917 0.120133
1533023754046376 10.4457 0.706273 0.0461413 0.993628 0.0080182 -0.00497192 0.112317
1533023754146281 10.5562 0.72433 0.0439136 0.994688 0.00777944 -0.00562595 0.10249
1533023754279556 10.7035 0.742714 0.0445747 0.99643 0.00726645 -0.00517105 0.0839466
1533023754379310 10.823 0.743279 0.0444059 0.998413 0.00688941 -0.00517771 0.0556516
1533023754512383 10.9708 0.739801 0.0460562 0.999695 0.00650387 -0.00645748 0.022929
1533023754645730 11.1145 0.71508 0.0457539 0.999675 0.00579563 -0.00905639 -0.0231249
1533023754745504 11.2155 0.695928 0.0428463 0.99888 0.00503792 -0.00878628 -0.0462254
1533023754878692 11.3453 0.646406 0.0412567 0.995188 0.00513935 -0.00938099 -0.0974024
1533023755011884 11.4782 0.604783 0.0391893 0.991646 0.00508374 -0.0101479 -0.128487
1533023755111649 11.5652 0.560911 0.0364758 0.987081 0.00448219 -0.00972538 -0.159866
1533023755244864 11.6758 0.487721 0.0338061 0.97737 0.00430992 -0.00919009 -0.211291
1533023755344720 11.7472 0.423813 0.0298845 0.967904 0.00357683 -0.00861709 -0.251147
1533023755477918 11.8405 0.313272 0.0272884 0.944279 0.00107015 -0.00935395 -0.329011
1533023755611055 11.9154 0.196992 0.0243186 0.918785 0.000532992 -0.00943944 -0.394645
1533023755710953 11.9579 0.0976545 0.0212093 0.896907 0.00127258 -0.00890102 -0.442129
1533023755844131 12.0276 -0.0192437 0.0170445 0.883597 0.00167092 -0.00897622 -0.468159
1533023755977466 12.1091 -0.131925 0.0134376 0.889459 0.00320253 -0.00864059 -0.456922
1533023756077389 12.1859 -0.210573 0.0120105 0.904565 0.00419255 -0.00655206 -0.426265
1533023756210564 12.2999 -0.286031 0.0130809 0.928751 0.00460022 -0.00311006 -0.370664
1533023756343776 12.4255 -0.358671 0.0140215 0.948508 0.00478906 -0.00182672 -0.31671
1533023756443648 12.5304 -0.394952 0.0185739 0.965504 0.00576138 -0.000913738 -0.260324
1533023756576820 12.6788 -0.418055 0.0250365 0.983931 0.00615082 0.000752372 -0.178443
1533023756709967 12.8247 -0.422561 0.0341362 0.994882 0.0065661 -0.00122405 -0.100827
1533023756809871 12.9271 -0.426722 0.0441255 0.998617 0.00909742 -0.00303042 -0.0517001
1533023756942981 13.0735 -0.393304 0.0490824 0.99957 0.00813281 -0.00321978 0.0279918
1533023757043076 13.1846 -0.359255 0.0549233 0.996435 0.00779543 -0.00199222 0.0839775
1533023757176160 13.3183 -0.291769 0.0666027 0.989204 0.00572321 -0.00293608 0.146407
1533023757309355 13.4339 -0.211207 0.0756161 0.979439 0.00550001 -0.00301302 0.201642
1533023757409255 13.5225 -0.146479 0.0831968 0.9719 0.00667397 -0.00340055 0.235275
1533023757542450 13.6486 -0.0636211 0.0890858 0.967893 0.00750572 -0.00316743 0.251232
1533023757642472 13.7385 -0.0137695 0.0911092 0.969487 0.00748051 -0.002096 0.245021
1533023757775588 13.8794 0.0262001 0.0942535 0.980642 0.00755914 -0.00181616 0.195652
1533023757908743 14.0277 0.0313427 0.0899392 0.993652 0.00742067 -0.00254241 0.11222
1533023758008486 14.1313 0.0250244 0.0868558 0.999131 0.00614918 -0.00687159 0.040655
1533023758141551 14.2729 -0.0114477 0.0866313 0.998806 0.00718786 -0.00900306 -0.0474781
1533023758274673 14.4098 -0.0672716 0.0874927 0.991703 0.00590845 -0.0116466 -0.127888
1533023758374694 14.5079 -0.113994 0.0843153 0.985023 0.00523778 -0.0124017 -0.171898
1533023758507859 14.6313 -0.202628 0.0842956 0.97152 0.00532634 -0.0120409 -0.236591
1533023758641053 14.7395 -0.307556 0.0795376 0.956029 0.0038382 -0.00988368 -0.293081
1533023758741039 14.8181 -0.384967 0.0680054 0.94784 0.00288674 -0.0095401 -0.318591
1533023758874189 14.9239 -0.489836 0.0585803 0.944301 0.00339658 -0.00698877 -0.328991
1533023758974481 15.0192 -0.553295 0.0471702 0.950354 0.00428633 -0.00393723 -0.311116
1533023759107964 15.1512 -0.624927 0.0432255 0.962782 0.00521927 -0.00316195 -0.270212
1533023759241351 15.2957 -0.647338 0.0454768 0.981747 0.00464724 -0.0010745 -0.190133
1533023759341339 15.399 -0.648294 0.0465422 0.992331 0.0048182 -0.001911 -0.123501
1533023759474730 15.55 -0.625047 0.0478071 0.999554 0.00443043 -0.00219317 -0.0294666
1533023759574695 15.656 -0.592088 0.0495174 0.998671 0.00623293 -0.00144703 0.051142
1533023759707815 15.7749 -0.532526 0.0595743 0.990659 0.00615481 -0.00193288 0.136208
1533023759841047 15.8895 -0.460262 0.0692796 0.976715 0.00773607 -0.00316436 0.214378
1533023759940920 15.9739 -0.397037 0.07847 0.962687 0.00999466 -0.00302182 0.270417
1533023760074183 16.0513 -0.279571 0.0954601 0.936747 0.00937949 -0.00586686 0.349832
1533023760207311 16.1247 -0.165272 0.100727 0.914487 0.00827555 -0.00400725 0.404512
1533023760307277 16.1812 -0.0680994 0.108534 0.901818 0.00825193 -0.00308711 0.432027
1533023760440485 16.2343 0.0697417 0.118413 0.883071 0.0084478 -0.00395514 0.469147
1533023760573669 16.2903 0.202082 0.112096 0.870189 0.00828553 -0.00363433 0.492634
1533023760673661 16.3523 0.296385 0.114513 0.87383 0.00805175 -0.00154487 0.486163
1533023760773591 16.3924 0.393798 0.120195 0.869959 0.00790221 -0.00115473 0.493059
1533023760939833 16.493 0.556297 0.12129 0.87395 0.00713521 -0.000440754 0.485963
1533023761039727 16.5395 0.655813 0.119278 0.869518 0.00711866 -0.000149141 0.493851
1533023761172927 16.6119 0.788621 0.120831 0.868041 0.00671354 -0.000717921 0.496447
1533023761272876 16.6681 0.889132 0.120362 0.866924 0.00754335 -0.00160425 0.49838
1533023761406395 16.7221 1.02611 0.119057 0.8527 0.0083155 -0.00277894 0.522327
1533023761505884 16.7716 1.13823 0.117302 0.84416 0.00984902 -0.00372151 0.535989
1533023761639082 16.8127 1.2863 0.120099 0.821799 0.00974651 -0.00403333 0.56968
1533023761772280 16.8621 1.43329 0.121077 0.814683 0.00990063 -0.0035547 0.579811
1533023761871238 16.8952 1.54433 0.122575 0.80958 0.00899095 -0.00269746 0.586935
1533023762004391 16.9344 1.68315 0.119637 0.807361 0.0086323 -0.00264785 0.589988
1533023762137209 17.0085 1.82398 0.122255 0.825886 0.00940864 -0.00306415 0.563751
1533023762237159 17.0633 1.92341 0.12696 0.840332 0.0098336 -0.00311752 0.541973
1533023762370335 17.1723 2.04025 0.130387 0.875288 0.0100516 -0.00161419 0.483496
1533023762503497 17.276 2.14392 0.131023 0.900384 0.0102115 -0.000394736 0.434976
1533023762603255 17.3734 2.2114 0.127306 0.922759 0.00850645 0.000868502 0.385281
1533023762736410 17.4965 2.29299 0.125406 0.941315 0.00837882 0.00157256 0.337423
1533023762869585 17.6367 2.3435 0.123106 0.963641 0.00826224 -0.000714843 0.26707
1533023762969476 17.7319 2.38381 0.116224 0.973183 0.00682974 -0.00383231 0.229899
1533023763102615 17.8709 2.39723 0.112399 0.986546 0.0068134 -0.00650214 0.163213
1533023763202587 17.9835 2.40605 0.105115 0.992623 0.0064762 -0.00567931 0.120937
1533023763335816 18.1243 2.39882 0.0980641 0.997641 0.00363616 -0.00939284 0.067904
1533023763469125 18.2676 2.38057 0.0904801 0.999782 0.00443273 -0.00881698 0.018392
1533023763568987 18.3687 2.37044 0.0822204 0.999956 0.00422785 -0.00702376 0.00457357
1533023763702122 18.5037 2.33937 0.0774062 0.999075 0.00309077 -0.00659585 -0.0423774
1533023763835321 18.6378 2.30237 0.0720845 0.996505 0.0024247 -0.00654408 -0.0832458
1533023763935662 18.7323 2.25308 0.0756291 0.991335 0.00234719 -0.00642551 -0.131177
1533023764069471 18.8594 2.18638 0.0712309 0.984121 0.00190957 -0.00683509 -0.177359
1533023764169809 18.9428 2.13432 0.06862 0.977252 0.00143051 -0.0062085 -0.211986
1533023764302961 19.0579 2.05227 0.0651397 0.967009 0.000714014 -0.00683189 -0.25465
1533023764436244 19.1578 1.96053 0.0596808 0.953363 -0.000112933 -0.00652225 -0.301755
1533023764536172 19.2183 1.8658 0.0553074 0.933921 -0.00133714 -0.00729084 -0.357402
1533023764669194 19.2889 1.74697 0.0542969 0.907265 -0.00410059 -0.00876155 -0.420449
1533023764769167 19.3258 1.64944 0.0484921 0.880365 -0.00512853 -0.00815148 -0.474199
1533023764902276 19.3678 1.51835 0.0443428 0.848346 -0.00570306 -0.00922832 -0.529331
1533023765035589 19.3784 1.37649 0.041182 0.804267 -0.00612566 -0.00890633 -0.59417
1533023765135362 19.3877 1.27745 0.0372016 0.783438 -0.00490914 -0.00891336 -0.621386
1533023765268687 19.379 1.14536 0.0342123 0.745601 -0.00632122 -0.0082063 -0.666312
1533023765401857 19.3637 1.01261 0.0310398 0.712856 -0.00590122 -0.00890011 -0.701229
1533023765501695 19.3339 0.917542 0.0268606 0.680345 -0.00587847 -0.00904971 -0.732813
1533023765635051 19.287 0.782529 0.0250659 0.635783 -0.00633242 -0.00826516 -0.771797
1533023765768244 19.2345 0.661746 0.0267269 0.607576 -0.00562752 -0.00816039 -0.7942
1533023765868213 19.1816 0.575193 0.0251773 0.576536 -0.00453247 -0.00794617 -0.81702
1533023766001283 19.1115 0.45362 0.0225009 0.545112 -0.00337056 -0.00752354 -0.838323
1533023766101078 19.0467 0.374769 0.0211795 0.510496 -0.00364958 -0.00786854 -0.859836
1533023766234340 18.9533 0.272093 0.0172722 -0.464819 0.00419057 0.00811564 0.885358
1533023766367561 18.8477 0.188327 0.0191802 -0.418299 0.00545716 0.00828683 0.908255
1533023766467538 18.7538 0.125418 0.0175952 -0.37692 0.00631431 0.00881683 0.926182
1533023766600677 18.6375 0.0462352 0.0148494 -0.340549 0.00681429 0.00926601 0.940156
1533023766733713 18.5029 -0.019298 0.0123092 -0.294509 0.00589022 0.00884289 0.95559
1533023766833722 18.4115 -0.0764109 0.00990056 -0.285609 0.00554717 0.00829236 0.958294
1533023766966869 18.286 -0.133117 0.00727554 -0.25505 0.0079818 0.00693522 0.96687
1533023767100039 18.1458 -0.18704 0.00811624 -0.228447 0.00839806 0.00782895 0.973489
1533023767199939 18.0326 -0.212239 0.00962209 -0.195596 0.00911737 0.00904466 0.9806
1533023767333276 17.8719 -0.238566 0.00750914 -0.144229 0.00731147 0.00863995 0.98948
1533023767466377 17.7278 -0.238156 0.00574125 -0.0832518 0.00654443 0.0080308 0.996475
1533023767566164 17.6164 -0.207637 0.00243667 -0.016297 0.00752249 0.00746594 0.999811
1533023767699365 17.4779 -0.160104 -0.00589856 0.0668987 0.00733843 0.00664976 0.997711
1533023767799224 17.3839 -0.0951295 -0.00641877 0.147317 0.00791577 0.00591047 0.98904
1533023767932498 17.2706 -0.0032333 -0.0145315 0.237551 0.00778237 0.00477783 0.971332
1533023768065726 17.1884 0.111743 -0.025848 0.332127 0.00791247 0.00351472 0.943195
1533023768132149 17.1539 0.178217 -0.0284314 0.360614 0.00789481 0.00627243 0.932661
1533023768265401 17.0953 0.309581 -0.0344282 0.442469 0.00541874 0.00324874 0.896762
1533023768365335 17.0759 0.416397 -0.0377476 0.495463 0.00826742 0.00602127 0.868569
1533023768498487 17.0545 0.548274 -0.0458751 0.559358 0.00891007 0.00442169 0.828867
1533023768631640 17.0495 0.677156 -0.058621 0.613212 0.0102327 0.00423129 0.789841
1533023768731604 17.0604 0.788028 -0.06517 0.648881 0.0112458 0.00438247 0.760794
1533023768864846 17.081 0.937739 -0.0699302 0.68709 0.0116801 0.00356671 0.72647
1533023768998057 17.0849 1.07476 -0.0733153 0.694547 0.012361 0.00298897 0.719335
1533023769097838 17.1001 1.18952 -0.0772089 0.705825 0.0115591 0.00172257 0.708289
1533023769230988 17.1015 1.32983 -0.0783312 0.709052 0.0115543 0.00191922 0.705059
1533023769330690 17.1158 1.43303 -0.0784964 0.724217 0.0114011 0.000268173 0.689478
1533023769462901 17.1522 1.57469 -0.0807671 0.752432 0.010529 -3.60672e-05 0.658586
1533023769595513 17.2026 1.70398 -0.0840231 0.784225 0.0126945 -0.00292426 0.62034
1533023769695380 17.2621 1.81293 -0.08669 0.815406 0.0127298 -0.00349324 0.578739
1533023769828712 17.3479 1.9424 -0.0900827 0.845168 0.0123367 -0.00255923 0.534353
1533023769961895 17.4543 2.05966 -0.0962233 0.880776 0.011874 -0.00196062 0.473379
1533023770061694 17.5372 2.14164 -0.102618 0.900408 0.0109807 0.000707715 0.434908
1533023770194991 17.671 2.21186 -0.103578 0.932784 0.00922262 -0.00022592 0.360318
1533023770328106 17.8067 2.28005 -0.106221 0.95652 0.00710051 -0.00246567 0.291571
1533023770461410 17.9731 2.30513 -0.110796 0.981878 0.00491837 -0.0065655 0.189334
1533023770561226 18.0824 2.32517 -0.115793 0.990636 0.00339535 -0.0081569 0.13624
1533023770694419 18.2324 2.31259 -0.124448 0.99817 0.00269035 -0.00855234 0.0597981
1533023770794343 18.36 2.30635 -0.134004 0.99972 0.00386963 -0.0057 0.0226408
1533023770927543 18.5195 2.25684 -0.141841 0.998639 0.00231013 -0.00478762 -0.0518785
1533023771060561 18.6482 2.20371 -0.151453 0.994442 0.00244479 -0.00519145 -0.105131
1533023771160957 18.7521 2.14992 -0.157364 0.987678 0.00196036 -0.00595642 -0.156374
1533023771294618 18.8878 2.06331 -0.156669 0.97621 0.000234666 -0.0071264 -0.216712
1533023771395043 18.9777 1.97567 -0.159118 0.961123 -0.000545239 -0.00674244 -0.276037
1533023771528352 19.0841 1.86835 -0.165918 0.945402 -0.00194192 -0.00617337 -0.325842
1533023771595337 19.129 1.81032 -0.170839 0.932594 -0.00222217 -0.00676663 -0.360856
1533023771728207 19.2108 1.68308 -0.176734 0.909516 -0.00458304 -0.00535995 -0.415609
1533023771861415 19.2712 1.54195 -0.185194 0.87736 -0.00478347 -0.00575936 -0.479775
1533023771961300 19.3007 1.43599 -0.190351 0.853831 -0.00369876 -0.00626382 -0.520499
1533023772094427 19.3297 1.28823 -0.196445 0.815034 -0.00550701 -0.00703138 -0.579344
1533023772227728 19.3343 1.13446 -0.202652 0.769292 -0.00627415 -0.0082125 -0.638814
1533023772327760 19.3099 1.01622 -0.207088 0.725388 -0.00481038 -0.00757712 -0.688282
1533023772460770 19.2605 0.867231 -0.211858 0.665838 -0.00555673 -0.00737477 -0.746039
1533023772560526 19.2086 0.770473 -0.214209 0.622065 -0.00469299 -0.00834406 -0.782907
1533023772693720 19.1313 0.635791 -0.221262 0.561047 -0.00367999 -0.00696909 -0.827746
1533023772827014 19.0321 0.522336 -0.226478 0.504622 -0.00172231 -0.00635846 -0.863315
1533023772926925 18.9512 0.443372 -0.235498 -0.453528 0.002638 0.00778716 0.891204
1533023773060084 18.8314 0.354678 -0.23892 -0.393933 0.00354742 0.00751858 0.919102
1533023773159999 18.7287 0.301426 -0.241862 -0.343824 0.00485253 0.00825662 0.938985
1533023773293248 18.5988 0.229962 -0.246056 -0.300497 0.00434654 0.00820075 0.953738
1533023773426308 18.4638 0.166728 -0.254124 -0.272883 0.00309942 0.0094808 0.961996
1533023773526147 18.3835 0.0925578 -0.260712 -0.300322 0.00149329 0.0105659 0.953778
1533023773659284 18.2906 -0.0128787 -0.258962 -0.348681 -0.00142022 0.00901388 0.937197
1533023773792683 18.2211 -0.140154 -0.257406 -0.426247 -0.00322769 0.0073681 0.904571
1533023773892402 18.1994 -0.225319 -0.249398 -0.485904 -0.00171896 0.00697694 0.873983
1533023774025790 18.1763 -0.360315 -0.241563 0.568247 0.00342261 -0.00400823 -0.822841
1533023774125866 18.1759 -0.468801 -0.236658 0.63206 0.00303481 -0.00377817 -0.774904
1533023774259261 18.2248 -0.582594 -0.23369 0.719585 0.00361067 -0.000330366 -0.694395
1533023774392701 18.2818 -0.668197 -0.233675 0.798624 0.00215997 0.000372313 -0.601827
1533023774492628 18.3296 -0.724222 -0.228557 0.852321 0.00292328 -0.00134297 -0.52301
1533023774625814 18.4182 -0.769239 -0.225679 0.913953 0.00157788 -0.000248169 -0.405817
1533023774725788 18.4765 -0.807893 -0.220499 0.948522 0.00469703 -0.00261644 -0.316666
1533023774859154 18.5688 -0.809861 -0.207152 0.981621 0.00443507 -0.00346177 -0.190757
1533023774992306 18.651 -0.817156 -0.197599 0.997458 0.00794399 -0.00389267 -0.0707011
1533023775125398 18.7383 -0.792572 -0.180519 0.998876 0.0118017 -0.0035931 0.04577
1533023775225381 18.8074 -0.788436 -0.175422 0.990157 0.0161589 -0.000927345 0.139025
1533023775358496 18.8878 -0.712229 -0.165231 0.965304 0.0183884 -0.00121238 0.260476
1533023775425202 18.9505 -0.685133 -0.158375 0.947811 0.019873 0.00646123 0.318147
1533023775591647 18.9738 -0.554747 -0.150767 0.897318 0.0217965 -0.00182949 0.440842
1533023775724676 19.0713 -0.494377 -0.152769 0.866654 0.0212458 0.00706922 0.498406
1533023775824658 19.1322 -0.344225 -0.141283 0.849144 0.0170661 0.0104383 0.527782
1533023775957919 19.1981 -0.165857 -0.140199 0.834747 0.0142212 0.0117749 0.550324
1533023776057811 19.2216 -0.0452786 -0.123891 0.831436 0.0133854 0.00979845 0.555373
1533023776190992 19.1322 0.157867 -0.130932 0.822624 0.00980048 0.00599702 0.56847
1533023776324205 19.1131 0.298198 -0.133335 0.815985 0.00849864 0.00613566 0.577978
1533023776424053 19.1165 0.406863 -0.147476 0.807396 0.00756191 0.0073865 0.589915
1533023776557250 19.1248 0.537105 -0.149458 0.790197 0.008386 0.00671514 0.612758
1533023776690470 19.1471 0.675155 -0.148615 0.782617 0.00875677 0.00539881 0.622418
1533023776790465 19.1748 0.781282 -0.14868 0.779886 0.00840997 0.00511985 0.625844
1533023776922595 19.1834 0.899457 -0.148832 0.765638 0.00841518 0.00478526 0.643199
1533023777055843 19.1875 1.0478 -0.15187 0.748146 0.00849226 0.00392298 0.663468
1533023777155316 19.1753 1.1606 -0.150883 0.722848 0.00862939 0.00477507 0.690937
1533023777287312 19.1482 1.29134 -0.147987 0.684931 0.00784007 0.00510035 0.728548
1533023777387255 19.1298 1.3927 -0.145378 0.667397 0.0088582 0.00532869 0.74463
1533023777520478 19.0781 1.52085 -0.142844 0.626895 0.00835619 0.0058061 0.779037
1533023777653688 19.0082 1.64361 -0.140392 0.579474 0.00863032 0.00545618 0.814927
1533023777753496 18.9483 1.73332 -0.138563 0.541735 0.00958398 0.00565363 0.840476
1533023777886581 18.8439 1.8256 -0.13469 0.479916 0.0114767 0.00373974 0.877232
1533023777986505 18.762 1.88419 -0.13245 0.430295 0.012428 0.00530613 0.902587
1533023778119773 18.637 1.95798 -0.125996 0.365218 0.0126036 0.00535794 0.930821
1533023778252769 18.4989 2.01009 -0.116343 0.290918 0.0148591 0.00616193 0.956613
1533023778385800 18.3623 2.03259 -0.113179 0.215584 0.0126686 0.00586499 0.976385
1533023778485730 18.2606 2.04854 -0.10675 0.168064 0.0129216 0.00625831 0.985671
1533023778619072 18.1149 2.03868 -0.0972433 0.0931835 0.0125525 0.00569345 0.995554
1533023778718927 18.0093 2.0086 -0.0888628 0.023904 0.0106308 0.0069963 0.999633
1533023778852074 17.8782 1.96891 -0.084346 -0.0560136 0.0105201 0.00643257 0.998354
1533023778985195 17.7494 1.92192 -0.0797043 -0.106533 0.00912953 0.00735351 0.99424
1533023779086103 17.6567 1.86587 -0.0756856 -0.158693 0.00703164 0.00715221 0.987277
1533023779220543 17.5295 1.786 -0.0711843 -0.209635 0.00498977 0.00720923 0.97774
1533023779354246 17.4017 1.70822 -0.0682662 -0.242508 0.00173304 0.00646133 0.970126
1533023779454162 17.3324 1.641 -0.0631336 -0.275803 0.0015235 0.00680309 0.961189
1533023779587438 17.2449 1.538 -0.0580661 -0.328807 0.00331243 0.00667671 0.944368
1533023779720584 17.163 1.41904 -0.0548496 -0.386546 0.00330679 0.0052044 0.92225
1533023779820402 17.1322 1.32587 -0.0583386 -0.443949 0.00461018 0.0048913 0.896027
1533023779953616 17.0966 1.19774 -0.0587834 0.502323 -0.00441431 -0.00259169 -0.864665
1533023780053666 17.067 1.09188 -0.0565025 0.543737 -0.00196405 -0.0010591 -0.839253
1533023780186694 17.0606 0.954229 -0.0514515 0.603019 -0.0010544 -0.00102439 -0.797725
1533023780319815 17.0869 0.820032 -0.0499042 0.668469 -0.000876012 -0.00122413 -0.743738
1533023780419595 17.0988 0.717172 -0.050598 0.703552 0.000280671 -0.00141049 -0.710642
1533023780552641 17.1472 0.577572 -0.0473346 0.750131 0.00122625 -0.00297031 -0.661282
1533023780685855 17.2199 0.449282 -0.0438993 0.798798 0.00280448 -0.00284581 -0.601586
1533023780785989 17.2842 0.347857 -0.0372185 0.829369 0.00461576 -0.00205497 -0.558679
1533023780919174 17.3759 0.22684 -0.0257636 0.858179 0.00648132 -0.000135971 -0.513309
1533023781052399 17.4794 0.133258 -0.00807544 0.889411 0.00386332 -0.00375099 -0.457076
1533023781152221 17.5813 0.065909 -0.00266819 0.910032 0.00236157 -0.003597 -0.414515
1533023781285449 17.7175 -0.0129351 0.000999451 0.937634 0.00176003 -0.00856783 -0.347514
1533023781385315 17.8075 -0.0514146 0.00596332 0.954742 0.00163141 -0.0107814 -0.297237
1533023781518700 17.9498 -0.0977277 0.00884326 0.972088 0.00269765 -0.0107013 -0.234357
1533023781618592 18.0754 -0.133306 0.01095 0.982071 0.00536583 -0.00506684 -0.188367
1533023781751653 18.225 -0.136472 0.0130332 0.993285 0.0057952 -0.00471766 -0.115455
1533023781884842 18.369 -0.130513 0.0154541 0.99774 0.00485813 -0.00412889 -0.0668836
1533023781984755 18.482 -0.117449 0.0208833 0.999782 0.0047726 -0.00421549 -0.0198774
1533023782118048 18.623 -0.0640072 0.0251387 0.997929 0.00523786 -0.00462512 0.0639416
1533023782251119 18.7588 0.0114056 0.0255135 0.988412 0.00554116 -0.00280826 0.151666
1533023782350968 18.8493 0.0665187 0.0338723 0.979363 0.00838568 -0.00314454 0.201911
1533023782484122 18.9451 0.167912 0.0425145 0.957589 0.00991598 -0.00565186 0.287913
1533023782584020 19.0199 0.261061 0.0489745 0.940915 0.00820055 -0.0044092 0.338514
1533023782717048 19.107 0.386655 0.0518727 0.915603 0.00710268 -0.00292639 0.402009
1533023782816949 19.1529 0.479046 0.0579122 0.895401 0.00736465 -0.0021887 0.445194
1533023782950306 19.2024 0.619504 0.0643714 0.862356 0.0084003 -0.00300679 0.506224
1533023783083392 19.2324 0.771785 0.0713802 0.824174 0.00834356 -0.00230578 0.56627
1533023783216630 19.2306 0.918487 0.077128 0.77716 0.00824033 -0.00129871 0.629247
1533023783316524 19.2304 1.02189 0.0843418 0.751595 0.00875382 -0.000487804 0.659567
1533023783449786 19.2169 1.17424 0.0921012 0.713186 0.00887858 0.000833935 0.700918
1533023783549842 19.1877 1.27547 0.103938 0.676843 0.00870496 0.00297499 0.73607
1533023783683082 19.1312 1.40938 0.107188 0.627372 0.00864545 0.00340311 0.778664
1533023783815138 19.0707 1.53999 0.112455 0.58648 0.00979641 0.00358273 0.809896
1533023783914595 19.0094 1.62433 0.11454 0.539414 0.0105577 0.00477455 0.841961
1533023784047581 18.9047 1.72611 0.118766 0.482221 0.0113488 0.0046187 0.875964
1533023784180816 18.7933 1.82724 0.12594 0.424677 0.0124323 0.00558119 0.905243
1533023784280671 18.7034 1.88293 0.131922 0.383284 0.0118731 0.00692949 0.923528
1533023784413879 18.5743 1.94605 0.137795 0.324455 0.0116862 0.00739513 0.9458
1533023784513825 18.4621 1.98881 0.144925 0.284464 0.0116834 0.00740275 0.958587
1533023784647056 18.3184 2.01952 0.147032 0.209779 0.01194 0.00721574 0.977649
1533023784780135 18.1803 2.03309 0.150624 0.141403 0.0108925 0.00711905 0.989867
1533023784880172 18.0689 2.04096 0.15498 0.0962356 0.0095368 0.00717641 0.995287
1533023785013315 17.9235 2.00881 0.158188 0.0170583 0.00899262 0.00717037 0.999788
1533023785146607 17.7872 1.96101 0.16365 -0.0655246 0.00768718 0.00689311 0.997798
1533023785246484 17.6834 1.92582 0.167812 -0.104649 0.00682912 0.00707964 0.994461
1533023785380132 17.5479 1.85362 0.171726 -0.167792 0.00495152 0.00758101 0.985781
1533023785514390 17.4072 1.76551 0.176006 -0.213986 0.00218498 0.00772768 0.976804
1533023785614296 17.2966 1.69975 0.176634 -0.237254 0.000299771 0.00754492 0.971418
1533023785747373 17.1826 1.60881 0.184772 -0.273412 0.00252047 0.00714532 0.961867
1533023785847206 17.0987 1.52847 0.190128 -0.305428 0.00411785 0.00585183 0.952188
1533023785980403 17.0026 1.40397 0.194872 -0.367594 0.00609834 0.00562042 0.929949
1533023786113541 16.9402 1.25825 0.197909 -0.451103 0.00574939 0.00439404 0.892443
1533023786213477 16.8838 1.14311 0.200237 -0.487292 0.00260817 0.00358391 0.873228
1533023786346735 16.8527 0.983004 0.203189 0.563503 -0.000933465 -0.00382263 -0.826105
1533023786446595 16.8551 0.853572 0.204123 0.624757 0.000590232 -0.00406589 -0.780808
1533023786579944 16.8662 0.675525 0.20877 0.689648 0.00139986 -0.00469846 -0.724128
1533023786713094 16.9131 0.513301 0.215197 0.753244 0.00276788 -0.00584575 -0.65771
1533023786846335 16.9829 0.349103 0.221247 0.809814 0.00447701 -0.00691638 -0.586628
1533023786946293 17.0489 0.238986 0.226568 0.849266 0.00629337 -0.00735436 -0.527876
1533023787079495 17.1746 0.128451 0.234675 0.896825 0.00612863 -0.00817551 -0.442267
1533023787179390 17.2747 0.0397535 0.247931 0.927436 0.0071316 -0.00805091 -0.373828
1533023787312605 17.4447 -0.0326838 0.250938 0.96361 0.00802324 -0.00818586 -0.267066
1533023787445811 17.6018 -0.0790252 0.258443 0.980806 0.00820355 -0.00905633 -0.194605
1533023787545665 17.7428 -0.111321 0.263631 0.989993 0.00763327 -0.00698059 -0.140739
1533023787678699 17.9394 -0.108588 0.273902 0.997771 0.0101558 -0.0056785 -0.0657107
1533023787811956 18.125 -0.108574 0.280454 0.999673 0.00880596 -0.0020727 -0.0239296
1533023787878548 18.2172 -0.0797961 0.288467 0.999917 0.0082767 -0.00238503 0.00955193
1533023788011572 18.3894 -0.0310676 0.283877 0.997216 0.0100564 -0.00143104 0.0738738
1533023788111456 18.5254 0.0165594 0.297884 0.992347 0.00804647 -0.000575098 0.12322
1533023788244797 18.6727 0.110318 0.304677 0.980967 0.00873221 0.000684256 0.193977
1533023788377854 18.7994 0.219994 0.316797 0.965823 0.010646 -0.0002973 0.258982
1533023788477694 18.8953 0.310356 0.329723 0.947605 0.0115305 -0.000834665 0.319235
1533023788610999 18.9946 0.444665 0.335797 0.921377 0.00909701 0.000287541 0.388564
1533023788744168 19.0809 0.590045 0.342915 0.892639 0.0103713 0.000220392 0.450654
1533023788844161 19.1148 0.711857 0.350026 0.858287 0.0107799 0.000300971 0.513056
1533023788977670 19.147 0.872879 0.354796 0.817285 0.0104884 0.000547202 0.576138
1533023789077826 19.1696 0.990172 0.358478 0.791006 0.0113814 0.00115073 0.611701
1533023789211129 19.1583 1.15185 0.361449 0.74536 0.0111832 0.002429 0.666563
1533023789344234 19.1391 1.32094 0.364264 0.703346 0.0111818 0.00339873 0.710752
1533023789444116 19.0986 1.43096 0.371024 0.66284 0.0108954 0.00401792 0.748671
1533023789577417 19.0332 1.56303 0.37851 0.607597 0.0121577 0.00407227 0.794142
1533023789677285 18.9718 1.66663 0.389373 0.561904 0.0128638 0.00474661 0.827089
1533023789809404 18.8718 1.78228 0.390314 0.493145 0.0123842 0.00599866 0.869838
1533023789942541 18.7563 1.86976 0.399973 0.428374 0.0131172 0.00614456 0.903486
1533023790042616 18.6664 1.93916 0.408422 0.390162 0.0130586 0.0073406 0.920624
1533023790175616 18.5307 2.00285 0.413785 0.320628 0.0125695 0.00754852 0.947092
1533023790308805 18.3877 2.03867 0.42112 0.24278 0.0121578 0.00803705 0.969972
1533023790408769 18.2799 2.06008 0.422444 0.193884 0.0113068 0.00699962 0.980934
1533023790541995 18.1324 2.06375 0.427266 0.11695 0.0108737 0.00735727 0.993051
1533023790675168 17.9914 2.04041 0.431542 0.0355846 0.00751666 0.00738444 0.999311
1533023790775158 17.8799 2.01417 0.440662 -0.0117825 0.00808188 0.00709919 0.999873
1533023790908177 17.742 1.97281 0.446532 -0.0677445 0.00688509 0.0075233 0.997651
1533023791041360 17.6145 1.92122 0.450067 -0.118599 0.00486584 0.0075661 0.992901
1533023791141849 17.5103 1.87272 0.45368 -0.149619 0.00295054 0.00725025 0.988713
1533023791275465 17.3794 1.79287 0.456128 -0.203346 0.00266406 0.00820426 0.979069
1533023791375450 17.2977 1.71961 0.456755 -0.25397 0.00251156 0.00828985 0.967173
1533023791508613 17.1836 1.62084 0.458592 -0.292338 0.00414972 0.00674944 0.956282
1533023791641873 17.0872 1.5062 0.462576 -0.347111 0.00458777 0.00671842 0.937789
1533023791741927 17.0316 1.40753 0.466635 -0.39188 0.00605236 0.00546073 0.91998
1533023791875114 16.9546 1.27269 0.475076 -0.43626 0.00403087 0.00366247 0.899804
1533023792008245 16.8967 1.13642 0.476487 -0.483395 0.000957289 0.00206796 0.8754
1533023792108072 16.8619 1.03082 0.479991 0.523427 -0.000778202 -0.00250385 -0.852067
1533023792241371 16.8289 0.873917 0.481917 0.565452 -3.63816e-05 -0.00194532 -0.824779
1533023792341313 16.8126 0.766332 0.484413 0.59491 0.000872817 -0.00109358 -0.803791
1533023792474439 16.7771 0.623813 0.48797 0.60374 0.000866018 -0.00119178 -0.79718
1533023792607700 16.7142 0.464466 0.491829 0.585517 0.00240592 -0.000836328 -0.810656
1533023792707625 16.6675 0.352708 0.495067 0.567256 0.00173581 -0.00188882 -0.823538
1533023792840901 16.5838 0.208915 0.498624 0.535782 0.00156646 -0.00388075 -0.844346
1533023792974036 16.5062 0.0749849 0.499469 0.516432 -0.00131506 -0.00545641 -0.85631
1533023793073838 16.4307 -0.0209833 0.50068 -0.489941 0.0025381 0.00736626 0.871721
1533023793206976 16.3388 -0.155049 0.502326 -0.476153 0.00191805 0.00750911 0.879329
1533023793340134 16.234 -0.27564 0.50471 -0.446601 0.00237446 0.00874008 0.894687
1533023793439992 16.1627 -0.371631 0.504686 -0.439373 0.00327304 0.00817393 0.898262
1533023793573298 16.0465 -0.467143 0.507925 -0.402809 0.00300214 0.00901322 0.915235
1533023793673118 15.9542 -0.53709 0.502873 -0.375215 0.00399905 0.00861384 0.926889
1533023793806316 15.8234 -0.624935 0.507169 -0.3335 0.00431847 0.00891915 0.942698
1533023793939381 15.6813 -0.693255 0.509252 -0.288439 0.0051079 0.00959868 0.957437
1533023794039178 15.5791 -0.732923 0.504221 -0.252976 0.00715892 0.00988038 0.967396
1533023794172578 15.4336 -0.760356 0.506207 -0.193911 0.00767487 0.0112937 0.980924
1533023794305768 15.2825 -0.769508 0.505679 -0.116477 0.0105132 0.0121269 0.993064
1533023794405711 15.1662 -0.751678 0.497926 -0.0478708 0.0119295 0.0115322 0.998716
1533023794538827 15.024 -0.726812 0.496126 0.0242103 0.013193 0.011293 0.999556
1533023794638737 14.9245 -0.689544 0.486385 0.0810087 0.0131804 0.00962563 0.99658
1533023794772123 14.7929 -0.621282 0.484877 0.157205 0.0151407 0.0097791 0.987402
1533023794905231 14.6822 -0.51943 0.477263 0.247746 0.0152853 0.0092717 0.96866
1533023795004954 14.6083 -0.447453 0.468579 0.30879 0.0141493 0.00728014 0.950997
1533023795138275 14.5587 -0.318352 0.46401 0.419818 0.0180846 0.003881 0.90742
1533023795271473 14.5383 -0.185776 0.459447 0.531096 0.018052 0.000485751 0.847119
1533023795371212 14.5627 -0.0823246 0.45138 0.627403 0.0159288 -0.000764638 0.778532
1533023795504500 14.6192 0.0261749 0.440246 0.73219 0.0135787 -0.00440762 0.680951
1533023795604439 14.6969 0.0860998 0.428166 0.812426 0.0102987 -0.00257591 0.582968
1533023795737506 14.7998 0.130342 0.422064 0.892943 0.00521802 -0.00304753 0.45013
1533023795870677 14.913 0.110657 0.409872 0.954494 0.00245383 0.000242614 0.298219
1533023796003830 15.0038 0.0639156 0.395467 0.988236 0.0021022 0.00591634 0.152807
1533023796103627 15.0277 0.0187991 0.384831 0.997549 0.00710278 0.00483049 0.0694406
1533023796236872 15.0772 -0.0235664 0.37559 0.999876 0.00741889 0.00343956 -0.013445
1533023796370051 15.1361 -0.0543656 0.355633 0.997742 0.00876935 0.000183427 -0.0665808
1533023796470011 15.1917 -0.0647095 0.337532 0.996414 0.00827068 -0.00116056 -0.0841935
1533023796603119 15.2684 -0.0722053 0.329361 0.994814 0.00788055 0.000856053 -0.101399
1533023796703019 15.3174 -0.102102 0.328479 0.994381 0.0080902 -0.000120389 -0.105554
1533023796836378 15.3988 -0.123343 0.325883 0.992985 0.00760682 -0.00081394 -0.117992
1533023796969643 15.4845 -0.157516 0.323837 0.99118 0.00732359 -0.00261957 -0.132296
1533023797069675 15.553 -0.181867 0.325885 0.991074 0.00666238 -0.00480101 -0.13306
1533023797202762 15.6495 -0.210038 0.332244 0.99178 0.00616523 -0.00456558 -0.127728
1533023797335815 15.7599 -0.239638 0.340776 0.992437 0.00591357 -0.00358719 -0.122557
1533023797435755 15.8464 -0.262843 0.348872 0.992516 0.00616908 -0.00274528 -0.121931
1533023797568984 15.958 -0.282643 0.358066 0.993191 0.0067651 -0.00205339 -0.116281
1533023797702016 16.0845 -0.319153 0.361913 0.991554 0.00728867 -0.00205385 -0.12947
1533023797801993 16.1875 -0.353238 0.361555 0.989973 0.00803909 -0.00158508 -0.141022
1533023797935088 16.3124 -0.385687 0.362644 0.990044 0.00736176 -4.24998e-05 -0.140567
1533023798034873 16.4103 -0.423311 0.362013 0.988089 0.00740945 -0.000430119 -0.153704
1533023798168094 16.5456 -0.468827 0.362632 0.987697 0.00784322 0.000270852 -0.156183
1533023798301301 16.6775 -0.511349 0.363633 0.987873 0.00824153 -0.00111989 -0.155042
1533023798401166 16.7859 -0.548777 0.363075 0.987429 0.00798001 -0.00265061 -0.157839
1533023798534499 16.9268 -0.580178 0.364801 0.990103 0.00688961 -0.00236827 -0.140153
1533023798634445 17.0352 -0.615443 0.362698 0.989795 0.00603258 -0.00258029 -0.14235
1533023798767511 17.1823 -0.646368 0.36634 0.992096 0.00556297 -0.00229283 -0.125337
1533023798900717 17.3349 -0.667785 0.369315 0.99508 0.00480036 -0.00209019 -0.0989348
1533023799033825 17.4981 -0.678761 0.371437 0.997936 0.00514518 -0.00230072 -0.0639652
1533023799133760 17.6004 -0.661068 0.372086 0.999725 0.00488979 -0.00302936 -0.0227168
1533023799266960 17.7435 -0.651449 0.379074 0.99998 0.0027975 -0.00435877 0.00363871
1533023799399968 17.897 -0.625979 0.38242 0.999058 0.00284971 -0.00247199 0.0432319
1533023799499935 18.0104 -0.603734 0.381436 0.997663 0.00377344 -0.00242999 0.0681739
1533023799633095 18.1512 -0.559521 0.385421 0.994966 0.00368906 -0.00393274 0.100073
1533023799733183 18.2428 -0.517423 0.383008 0.991248 0.00457911 -0.00519142 0.131831
1533023799866346 18.3756 -0.443693 0.382959 0.984001 0.0034775 -0.00462162 0.17807
1533023799999541 18.5042 -0.362937 0.382109 0.973748 0.00426246 -0.00369568 0.227557
1533023800099467 18.5836 -0.287728 0.376215 0.962114 0.00494445 -0.0032316 0.272585
1533023800232524 18.6986 -0.193079 0.378431 0.952652 0.00676357 -0.0041636 0.303959
1533023800365808 18.7944 -0.0862777 0.379412 0.939361 0.00877852 -0.0073498 0.342738
1533023800465844 18.8569 0.0022859 0.378882 0.92533 0.00968239 -0.00902254 0.378931
1533023800598943 18.941 0.13849 0.382593 0.904203 0.008425 -0.0115348 0.426864
1533023800732015 19.011 0.27991 0.384093 0.878711 0.0067464 -0.00932088 0.477216
1533023800831902 19.0564 0.385506 0.385701 0.862481 0.00808657 -0.00824628 0.505958
1533023800965076 19.1043 0.535293 0.392388 0.838263 0.00877504 -0.00889662 0.545123
1533023801065057 19.1124 0.651783 0.393654 0.810041 0.00828632 -0.00838465 0.586254
1533023801197126 19.141 0.800704 0.400895 0.790161 0.00910453 -0.00836068 0.612774
1533023801329934 19.141 0.955994 0.406963 0.754083 0.00991701 -0.00758094 0.65666
1533023801428748 19.1269 1.07319 0.408927 0.724561 0.00979424 -0.00483778 0.689124
1533023801561854 19.1005 1.22411 0.416645 0.684139 0.0110259 -0.00497967 0.729252
1533023801695114 19.0558 1.35169 0.418893 0.640894 0.0111674 -0.00315522 0.767541
1533023801794875 19.0148 1.45145 0.421453 0.608143 0.012046 -0.00139295 0.793735
1533023801928114 18.9437 1.57903 0.426999 0.561028 0.013009 -0.000996386 0.827694
1533023802061364 18.8476 1.67865 0.426604 0.495397 0.0140165 -0.000682985 0.868553
1533023802161316 18.7772 1.75004 0.433809 0.458327 0.015121 0.00102707 0.888654
1533023802294566 18.6601 1.83117 0.441398 0.393554 0.0163805 0.00214615 0.919153
1533023802427902 18.5347 1.88631 0.445263 0.318494 0.0153833 0.00346642 0.947794
1533023802527747 18.4357 1.91629 0.446462 0.265279 0.0137631 0.00400027 0.964065
1533023802627776 18.3368 1.9487 0.451664 0.228753 0.0131888 0.0035949 0.973388
1533023802761001 18.2047 1.9725 0.457026 0.176084 0.0119342 0.00434355 0.984293
1533023802894114 18.0726 1.97364 0.466329 0.117105 0.0107986 0.00503261 0.993048
1533023803027294 17.9307 1.97039 0.476333 0.0632389 0.0108012 0.00581658 0.997923
1533023803127213 17.8314 1.9523 0.482 0.0191169 0.0100607 0.00592375 0.999749
1533023803260434 17.708 1.91758 0.487616 -0.0400725 0.00981073 0.00675732 0.999126
1533023803360226 17.6038 1.88078 0.487777 -0.0835977 0.00776898 0.00694683 0.996445
1533023803494777 17.4726 1.8204 0.488018 -0.141705 0.00547319 0.00715486 0.989868
1533023803628373 17.3614 1.74615 0.490269 -0.207743 0.00446962 0.0081357 0.978139
1533023803728847 17.2779 1.69175 0.49299 -0.241276 0.00373528 0.00855067 0.970412
1533023803861964 17.1753 1.59412 0.49876 -0.297476 0.00670609 0.00760097 0.954676
1533023803961912 17.1125 1.50676 0.501998 -0.349445 0.00602108 0.00713846 0.93691
1533023804095404 17.0411 1.38228 0.503718 -0.410432 0.00520962 0.00556074 0.91186
1533023804228586 16.9721 1.2561 0.509892 -0.448358 0.00377577 0.00371629 0.893838
1533023804328668 16.9305 1.15828 0.511649 -0.482134 0.000662078 0.00243215 0.876094
1533023804461988 16.8791 1.02183 0.511245 0.515271 0.00140675 -0.00112431 -0.857026
1533023804595341 16.8266 0.878176 0.51617 0.534428 0.00183808 -0.00135698 -0.845211
1533023804695196 16.8072 0.768907 0.517404 0.554001 0.000486116 -0.000653467 -0.832516
1533023804828423 16.754 0.633811 0.516238 0.555478 0.0013076 -0.000110291 -0.83153
1533023804928321 16.7091 0.528987 0.517965 0.551053 0.000551274 -0.00147769 -0.834469
1533023805061535 16.6396 0.396747 0.521545 0.532604 0.000906525 -0.00200348 -0.846362
1533023805194877 16.5313 0.270939 0.524273 -0.489499 -0.00100616 0.00448082 0.871992
1533023805294767 16.4642 0.183482 0.522825 -0.468049 0.00158589 0.00518583 0.883686
1533023805427804 16.3476 0.0856938 0.525683 -0.426131 0.00224635 0.00843837 0.904619
1533023805561020 16.2361 -0.0254378 0.525798 -0.40419 0.00355349 0.0106984 0.914606
1533023805660975 16.1373 -0.0985197 0.523509 -0.37137 0.00438819 0.0111094 0.928408
1533023805793964 16.0157 -0.189088 0.524842 -0.343606 0.00514576 0.0118954 0.939024
1533023805927089 15.8805 -0.259258 0.520382 -0.30566 0.00533386 0.0113239 0.952058
1533023806026990 15.777 -0.310261 0.515391 -0.280219 0.00647646 0.0111355 0.95985
1533023806160102 15.6343 -0.363129 0.51497 -0.241374 0.00596316 0.0116016 0.970344
1533023806293607 15.4863 -0.417414 0.510678 -0.216578 0.00555875 0.0110668 0.976187
1533023806393473 15.3806 -0.45632 0.506816 -0.207307 0.00599848 0.010321 0.978203
1533023806493422 15.2709 -0.484325 0.507391 -0.190708 0.00592302 0.0100532 0.981577
1533023806626565 15.1327 -0.530526 0.506632 -0.176558 0.00510546 0.00995806 0.984227
1533023806759559 14.9837 -0.548527 0.507353 -0.140307 0.00592181 0.0110447 0.990029
1533023806892814 14.8358 -0.582528 0.50469 -0.125527 0.00565046 0.0105521 0.992018
1533023806992794 14.7237 -0.595618 0.500921 -0.106172 0.00522979 0.0100682 0.994283
1533023807126200 14.5765 -0.621151 0.501071 -0.0977215 0.00623797 0.00999203 0.995144
1533023807226112 14.4714 -0.634975 0.497658 -0.0865685 0.00702439 0.00818373 0.996188
1533023807359362 14.3169 -0.639263 0.501298 -0.0573083 0.00632752 0.00847222 0.998301
1533023807492364 14.1733 -0.647652 0.502074 -0.0426128 0.00821094 0.00763022 0.999029
1533023807592113 14.0569 -0.64088 0.499154 -0.0210265 0.00917068 0.00741423 0.999709
1533023807725214 13.9033 -0.64455 0.500127 -0.0152559 0.00839717 0.00699899 0.999824
1533023807858384 13.7473 -0.632539 0.499669 0.00737287 0.00667317 0.00645639 0.99993
1533023807958345 13.6374 -0.626267 0.498455 0.0146019 0.00675645 0.00529449 0.999857
1533023808091589 13.4926 -0.612992 0.502244 0.0282245 0.00736836 0.00583911 0.999557
1533023808224717 13.336 -0.593137 0.503148 0.0447128 0.00678403 0.00585629 0.99896
1533023808324674 13.2225 -0.573976 0.499833 0.0586463 0.00582227 0.00579065 0.998245
1533023808457950 13.0696 -0.531559 0.502155 0.0877524 0.0050088 0.00685856 0.996106
1533023808557763 12.9731 -0.502494 0.501627 0.101296 0.00610847 0.00569833 0.994821
1533023808691022 12.8359 -0.454716 0.503765 0.125437 0.00745242 0.00573859 0.992057
1533023808824210 12.6957 -0.409066 0.504436 0.134368 0.00961112 0.00616659 0.990866
1533023808924147 12.5958 -0.35709 0.503414 0.162211 0.00963336 0.00714068 0.986683
1533023809057464 12.4584 -0.291661 0.506445 0.18718 0.00800081 0.00797771 0.982261
1533023809190686 12.3426 -0.222499 0.504316 0.221921 0.00764599 0.00787572 0.975003
1533023809290468 12.2518 -0.159908 0.499207 0.251209 0.00735606 0.00759186 0.967875
1533023809423524 12.1382 -0.0800367 0.500109 0.276996 0.00784257 0.00683174 0.960815
1533023809523563 12.0482 -0.00388223 0.499471 0.310412 0.00667282 0.0054988 0.950563
1533023809656793 11.9386 0.0863988 0.500092 0.326948 0.00707925 0.00432593 0.945006
1533023809789893 11.8472 0.188495 0.501046 0.363333 0.00720281 0.00305726 0.931627
1533023809889747 11.7769 0.271232 0.499637 0.383577 0.00826687 0.00327152 0.923466
1533023810022840 11.6947 0.393954 0.500811 0.416905 0.0097543 0.0038709 0.908889
1533023810155926 11.6057 0.52725 0.495815 0.442343 0.00801224 0.00504171 0.896796
1533023810255878 11.5387 0.604815 0.49332 0.437073 0.00689355 0.00426357 0.89939
1533023810388967 11.448 0.721468 0.494844 0.435265 0.00768414 0.00318294 0.900264
1533023810522275 11.3412 0.827213 0.496221 0.412021 0.00575113 0.00343012 0.91115
1533023810622130 11.2587 0.906131 0.495511 0.395467 0.00553605 0.00291483 0.918459
1533023810755316 11.1252 0.993187 0.498309 0.347058 0.00448296 0.00304062 0.937828
1533023810855186 11.0297 1.03709 0.499927 0.299122 0.00548933 0.0040081 0.954191
1533023810988293 10.8908 1.09035 0.504972 0.239023 0.00498742 0.0037568 0.970994
1533023811121541 10.7463 1.1137 0.508083 0.160455 0.00524269 0.00460191 0.987018
1533023811254832 10.5939 1.10489 0.510662 0.0662028 0.00373579 0.00241693 0.997796
1533023811354614 10.4736 1.09473 0.510277 0.00849906 0.004246 0.00421891 0.999946
1533023811487943 10.3388 1.0633 0.515938 -0.0544688 0.00524776 0.00481125 0.99849
1533023811587972 10.2329 1.038 0.517393 -0.0908283 0.00523825 0.00797895 0.995821
1533023811721022 10.0811 0.993575 0.526556 -0.116547 0.00572401 0.00755059 0.99314
1533023811854276 9.93832 0.947208 0.530985 -0.139397 0.00709501 0.00699064 0.990186
1533023811954167 9.84203 0.901635 0.528013 -0.14844 0.00931383 0.00562393 0.988862
1533023812087322 9.69916 0.850595 0.528801 -0.152399 0.00883227 0.00485955 0.988268
1533023812220454 9.5667 0.787666 0.528328 -0.170294 0.00860693 0.0037759 0.985348
1533023812320289 9.45838 0.749573 0.526487 -0.165971 0.00767977 0.0043647 0.986091
1533023812453503 9.31115 0.691218 0.531488 -0.168527 0.00757161 0.00437668 0.985658
1533023812586733 9.1537 0.65861 0.532395 -0.138877 0.00707144 0.00603474 0.990266
1533023812686538 9.04205 0.629008 0.527217 -0.133209 0.00695185 0.00737094 0.991036
1533023812819764 8.87803 0.594216 0.527797 -0.12475 0.0071451 0.00801493 0.99213
1533023812919633 8.75239 0.558358 0.524574 -0.127027 0.00772061 0.00808579 0.991836
1533023813052834 8.58891 0.515894 0.528456 -0.125452 0.00782033 0.00770548 0.992039
1533023813185969 8.40986 0.493976 0.529116 -0.0986895 0.00780087 0.00928733 0.995044
1533023813285941 8.28682 0.454943 0.525349 -0.10747 0.00773458 0.00785461 0.994147
1533023813419275 8.11426 0.413696 0.531062 -0.104497 0.00795424 0.00707926 0.994468
1533023813552333 7.93983 0.362026 0.530307 -0.11522 0.00919107 0.00589056 0.99328
1533023813652290 7.80893 0.343672 0.52561 -0.107297 0.00767287 0.00593027 0.99418
1533023813785521 7.63727 0.297177 0.528649 -0.117307 0.00785882 0.00490005 0.993053
1533023813918743 7.46437 0.260346 0.527553 -0.113184 0.00886101 0.00536789 0.99352
1533023814018684 7.33176 0.2419 0.525857 -0.100438 0.00908518 0.0066025 0.99488
1533023814152045 7.14966 0.234495 0.529457 -0.0665156 0.00812556 0.00848356 0.997716
1533023814285213 6.97928 0.211076 0.52742 -0.0586004 0.00716641 0.0074403 0.998228
1533023814384982 6.84622 0.20776 0.523389 -0.0412144 0.00893178 0.00664041 0.999088
1533023814517984 6.67103 0.200888 0.526608 -0.0262643 0.010932 0.00611391 0.999577
1533023814651274 6.49942 0.225586 0.525733 0.00989444 0.0124564 0.00874703 0.999835
1533023814751195 6.36896 0.237653 0.521874 0.0257047 0.0135588 0.0082792 0.999543
1533023814884443 6.19198 0.265924 0.523604 0.0518422 0.0129285 0.00804855 0.998539
1533023814984336 6.06369 0.289592 0.520484 0.0707085 0.0132465 0.00628318 0.997389
1533023815117563 5.90053 0.332753 0.523713 0.09703 0.0135909 0.00674206 0.995166
1533023815250748 5.74243 0.378167 0.523223 0.118884 0.0105538 0.007237 0.992826
1533023815350548 5.62284 0.406097 0.521155 0.118907 0.00972355 0.00693204 0.992834
1533023815483685 5.46054 0.43691 0.523072 0.108334 0.00702376 0.00648635 0.994069
1533023815616685 5.28987 0.449578 0.522087 0.0760953 0.00498872 0.00519729 0.997075
1533023815716621 5.18705 0.438073 0.521522 0.0362729 0.00648241 0.00315619 0.999316
1533023815849756 5.03265 0.401209 0.526329 -0.032931 0.00708147 0.0010555 0.999432
1533023815949730 4.91871 0.350749 0.525127 -0.105022 0.00671841 0.000963838 0.994447
1533023816082798 4.79837 0.265749 0.529672 -0.194053 0.00647015 -0.000884293 0.980969
1533023816215983 4.67174 0.184711 0.53173 -0.259444 0.00529041 0.00138107 0.965743
1533023816316022 4.59377 0.103094 0.532594 -0.312952 0.00418565 0.00573386 0.949742
1533023816449256 4.50966 -0.0175014 0.536659 -0.387764 0.00519169 0.00516318 0.921729
1533023816582418 4.42988 -0.143733 0.539529 -0.438952 0.0036816 0.00582453 0.898484
1533023816682355 4.36919 -0.243528 0.539001 -0.468303 0.00120241 0.0074879 0.883535
1533023816815476 4.31168 -0.384917 0.542125 0.509186 -0.000602487 -0.00607658 -0.860635
1533023816948840 4.25693 -0.524846 0.544675 0.525579 -0.000644876 -0.00670574 -0.850718
1533023817048617 4.22376 -0.63057 0.54683 0.538018 -0.00190771 -0.00713027 -0.842901
1533023817181848 4.16783 -0.764315 0.549808 0.534055 -0.00406231 -0.00743854 -0.845407
1533023817314942 4.11006 -0.908184 0.5548 0.542815 -0.00368144 -0.00857088 -0.839801
1533023817414798 4.07201 -1.01614 0.553448 0.550907 -0.00366759 -0.00989354 -0.8345
1533023817548141 4.01716 -1.16653 0.555456 0.562382 -0.00362003 -0.010284 -0.826806
1533023817647977 3.98864 -1.26603 0.554518 0.575329 -0.00365565 -0.0113771 -0.817835
1533023817781095 3.93533 -1.41187 0.555847 0.578993 -0.00351098 -0.0126104 -0.815227
1533023817914230 3.88334 -1.56988 0.553987 0.584554 -0.00260817 -0.0128502 -0.811249
1533023818014150 3.83959 -1.68801 0.551598 0.580753 -0.00217086 -0.012332 -0.813983
1533023818147491 3.78594 -1.84569 0.553882 0.583004 -0.00138523 -0.0110759 -0.812393
1533023818280659 3.74022 -1.99409 0.550616 0.589801 -0.00112808 -0.0104525 -0.80748
1533023818380565 3.70689 -2.11507 0.547794 0.598874 -0.000570306 -0.00982865 -0.800783
1533023818513687 3.67458 -2.27804 0.550103 0.614928 -0.00094849 -0.00962795 -0.788524
1533023818613581 3.64041 -2.3998 0.551161 0.615539 -0.00180617 -0.0101816 -0.788038
1533023818746600 3.62089 -2.55248 0.557186 0.633713 -0.00207447 -0.0104821 -0.773494
1533023818879779 3.61308 -2.70756 0.5629 0.663118 -0.00198 -0.0116113 -0.748422
1533023818979809 3.63185 -2.82505 0.566643 0.70573 -0.00208417 -0.0128897 -0.708361
1533023819113462 3.69189 -2.95827 0.571009 0.767081 -0.00272152 -0.0100779 -0.641466
1533023819213423 3.73335 -3.05071 0.573572 0.803765 -0.00114441 -0.0100011 -0.594862
1533023819346701 3.8304 -3.13542 0.577889 0.862936 -0.00195748 -0.0100555 -0.505209
1533023819479883 3.93791 -3.18419 0.582404 0.918319 -7.39664e-05 -0.0112224 -0.395681
1533023819579759 4.01254 -3.19934 0.587259 0.951006 0.0029513 -0.0122597 -0.308915
1533023819712819 4.11009 -3.1898 0.592519 0.980805 0.0028377 -0.0119989 -0.194603
1533023819846114 4.19476 -3.14824 0.597338 0.997953 0.00495381 -0.00992768 -0.0629743
1533023819946028 4.24359 -3.09423 0.601279 0.998976 0.00825917 -0.00516002 0.0441927
1533023820079187 4.28145 -3.02226 0.605324 0.983701 0.011038 -0.00447603 0.179416
1533023820179112 4.29984 -2.96524 0.611973 0.96158 0.0123742 -0.00075543 0.274246
1533023820312430 4.30029 -2.87323 0.613618 0.922148 0.0132705 0.000752969 0.386609
1533023820445798 4.3015 -2.79836 0.623381 0.879397 0.0134861 0.00456815 0.475876
1533023820545612 4.30589 -2.73953 0.628808 0.844411 0.0132898 0.00611522 0.535496
1533023820678884 4.30731 -2.64735 0.631633 0.80115 0.0142102 0.00624042 0.598262
1533023820812084 4.29357 -2.54045 0.633099 0.764182 0.0129193 0.00799607 0.644822
1533023820912014 4.29158 -2.45257 0.640169 0.743438 0.0119126 0.00844434 0.668645
1533023821045076 4.28505 -2.34115 0.646779 0.727403 0.011726 0.00742424 0.686071
1533023821178158 4.30252 -2.21517 0.643048 0.744916 0.00955982 0.00573833 0.667066
1533023821277937 4.25442 -2.12323 0.639816 0.739137 0.00714514 0.00344564 0.673508
1533023821411252 4.24708 -2.00045 0.641485 0.735525 0.00651261 0.00206151 0.677463
1533023821511167 4.24727 -1.8924 0.641053 0.7331 0.00570263 0.000971252 0.680097
1533023821644476 4.23914 -1.7616 0.637951 0.720856 0.00520007 0.000339344 0.693066
1533023821744308 4.24013 -1.66005 0.637312 0.723666 0.00581994 -0.000448383 0.690126
1533023821877481 4.25196 -1.51143 0.635168 0.729579 0.00578963 -0.0005614 0.683872
1533023822010583 4.24998 -1.37143 0.634737 0.724298 0.0063528 -0.000582793 0.689457
1533023822143720 4.26105 -1.21637 0.634963 0.724205 0.00637964 0.000198876 0.689556
1533023822243595 4.25826 -1.10121 0.634762 0.715332 0.00662021 0.000190983 0.698753
1533023822376931 4.26445 -0.949461 0.633386 0.713571 0.00498321 0.00146232 0.700564
1533023822510025 4.26845 -0.795958 0.63269 0.710769 0.00448683 0.0023944 0.703407
1533023822610071 4.25928 -0.681574 0.631763 0.699965 0.00400918 0.00268241 0.714161
1533023822743414 4.25474 -0.519499 0.630953 0.696712 0.00447857 0.00260598 0.717333
1533023822843210 4.23865 -0.410228 0.632023 0.684166 0.00585528 0.00187752 0.729301
1533023822976225 4.22543 -0.254793 0.632085 0.678291 0.00599 0.00149963 0.734767
1533023823076146 4.1985 -0.128913 0.631117 0.658481 0.00652856 0.00224411 0.752565
1533023823209290 4.14659 0.0140067 0.632353 0.620356 0.00878506 0.00193278 0.784269
1533023823342452 4.08686 0.164284 0.634521 0.586649 0.00966072 0.000977533 0.809783
1533023823442422 4.03543 0.264131 0.636102 0.562063 0.00963354 0.000312786 0.827038
1533023823575577 3.95216 0.40709 0.639501 0.531382 0.00967357 -0.000155397 0.847077
1533023823708686 3.85691 0.543576 0.640615 0.490195 0.00893897 0.000514413 0.871567
1533023823808545 3.77341 0.623759 0.641867 0.45213 0.00858269 0.000712964 0.89191
1533023823941856 3.65531 0.73766 0.645894 0.413357 0.00926297 0.000118243 0.910522
1533023824075103 3.51746 0.821606 0.652763 0.349114 0.00901521 0.00107724 0.937036
1533023824175017 3.40606 0.883864 0.662824 0.313418 0.00963938 0.00228593 0.949564
1533023824308087 3.25964 0.954372 0.669737 0.269731 0.0102293 0.00164755 0.96288
1533023824408031 3.14971 0.991134 0.674319 0.237127 0.00961013 0.00209334 0.971429
1533023824541240 2.99137 1.04679 0.681663 0.205654 0.00883476 0.00192176 0.978583
1533023824674439 2.82988 1.07561 0.689989 0.160007 0.0087515 0.00230823 0.987074
1533023824774253 2.70709 1.10963 0.695106 0.1541 0.00721142 0.00279012 0.988025
1533023824907358 2.54773 1.14107 0.689417 0.13495 0.00614062 0.00293309 0.990829
1533023825007310 2.43274 1.15556 0.687758 0.123193 0.00745217 0.00292863 0.99235
1533023825140481 2.26671 1.19283 0.691915 0.123133 0.00792206 0.00357957 0.992352
1533023825273674 2.10493 1.22846 0.691987 0.123997 0.00709729 0.00345882 0.992251
1533023825373612 1.98363 1.26792 0.688954 0.133942 0.00754621 0.00338208 0.990955
1533023825506862 1.81637 1.29978 0.688389 0.120518 0.00752322 0.00439746 0.992673
1533023825640015 1.65489 1.33141 0.686668 0.114449 0.011695 0.00250537 0.993357
1533023825739934 1.53127 1.35282 0.68365 0.0992162 0.0106644 0.00276581 0.995005
1533023825872920 1.3584 1.40433 0.683743 0.113769 0.0103167 0.00382339 0.993446
1533023825972751 1.23939 1.41849 0.685401 0.0986639 0.0144879 0.00217434 0.995013
1533023826106001 1.07118 1.44585 0.687041 0.0920668 0.0116319 0.00178711 0.995683
1533023826239331 0.891264 1.46174 0.687605 0.0688723 0.00967414 0.00139595 0.997578
1533023826339239 0.769753 1.48611 0.692366 0.0729838 0.00996298 0.00281406 0.997279
1533023826472391 0.598308 1.50601 0.697212 0.0641283 0.00871764 0.00375249 0.997897
1533023826572224 0.469972 1.51163 0.695429 0.0523838 0.00926184 0.002974 0.99858
1533023826705406 0.293635 1.52722 0.696921 0.0457168 0.0100312 0.00177213 0.998903
1533023826838584 0.123949 1.54403 0.696615 0.0496298 0.00994444 0.0011047 0.998718
1533023826938527 -0.00949473 1.56435 0.6953 0.0591344 0.00950968 0.00152995 0.998204
1533023827071818 -0.188356 1.57914 0.696583 0.0542791 0.00800028 0.00177869 0.998492
1533023827204857 -0.354098 1.59587 0.696964 0.0543385 0.00865241 0.00251037 0.998482
1533023827304805 -0.480057 1.6088 0.695708 0.0580015 0.00904583 0.00295041 0.998271
1533023827437916 -0.652502 1.64462 0.69816 0.0744528 0.0100996 0.00350971 0.997167
1533023827570948 -0.828622 1.66496 0.698914 0.0696124 0.0106831 0.00364771 0.99751
1533023827670836 -0.957257 1.68585 0.695229 0.0704997 0.00973597 0.00356037 0.997458
1533023827803936 -1.1251 1.70283 0.694099 0.0607874 0.00926423 0.00339395 0.998102
1533023827903869 -1.25848 1.73464 0.690406 0.078717 0.00871384 0.00372577 0.996852
1533023828037196 -1.42873 1.75333 0.692321 0.0738213 0.00738634 0.00365995 0.997237
1533023828170328 -1.60243 1.79045 0.693262 0.0918798 0.00844256 0.00427577 0.995725
1533023828270308 -1.72679 1.81948 0.691336 0.104545 0.00952316 0.00403415 0.994466
1533023828403307 -1.89297 1.88613 0.691906 0.14533 0.00931576 0.00485581 0.989328
1533023828536605 -2.05122 1.92652 0.690225 0.140376 0.0103742 0.00459784 0.990033
1533023828636598 -2.17168 1.96624 0.68719 0.146857 0.0123694 0.00523573 0.989067
1533023828770022 -2.33351 2.00448 0.68708 0.138121 0.0126521 0.00496071 0.990322
1533023828869933 -2.44758 2.05435 0.679637 0.162533 0.0109445 0.00497796 0.98663
1533023829003175 -2.60012 2.11134 0.681526 0.170714 0.00929069 0.00503695 0.985264
1533023829136366 -2.75427 2.17545 0.677888 0.188291 0.00932743 0.00384705 0.982061
1533023829236158 -2.86525 2.21827 0.672929 0.187071 0.00841632 0.00487111 0.982298
1533023829369396 -3.02002 2.28603 0.67256 0.194136 0.00546754 0.00478971 0.980948
1533023829502563 -3.16721 2.35035 0.668914 0.199437 0.00440612 0.00462347 0.97989
1533023829602370 -3.27816 2.39007 0.666302 0.192405 0.00553982 0.00469362 0.981289
1533023829735410 -3.42156 2.45714 0.673266 0.195767 0.00891184 0.00613641 0.980591
1533023829868540 -3.57277 2.51768 0.676518 0.19319 0.0106933 0.00435843 0.981093
1533023829968529 -3.68184 2.57945 0.674612 0.208636 0.00799884 0.00560094 0.977945
1533023830101817 -3.83092 2.63227 0.677542 0.195659 0.00733747 0.00581258 0.980627
1533023830235105 -3.97828 2.68804 0.679605 0.190507 0.00783119 0.00527106 0.981641
1533023830334900 -4.09413 2.71398 0.679083 0.166272 0.00779153 0.00526566 0.986035
1533023830468001 -4.24561 2.76823 0.681468 0.161603 0.00641623 0.00690648 0.986811
1533023830567737 -4.35768 2.80309 0.68411 0.147955 0.00855943 0.00979199 0.988909
1533023830701069 -4.50538 2.8166 0.688527 0.106315 0.0077507 0.00882956 0.994263
1533023830800911 -4.62311 2.81544 0.688118 0.0642342 0.00762483 0.00889536 0.997866
1533023830934101 -4.762 2.78033 0.693582 -0.0158123 0.00785191 0.00681164 0.999821
1533023831067126 -4.87778 2.72827 0.696643 -0.0989161 0.00839912 0.00561243 0.995045
1533023831167040 -4.96403 2.68211 0.700406 -0.165426 0.00838489 0.00670182 0.986164
1533023831300218 -5.04912 2.59175 0.709093 -0.260909 0.00868519 0.00604541 0.965305
1533023831433456 -5.10182 2.49453 0.715579 -0.361792 0.00825715 0.00577263 0.932204
1533023831533421 -5.12002 2.42354 0.722051 -0.42317 0.00636007 0.0066739 0.906003
1533023831666710 -5.13389 2.32121 0.729378 0.509278 -0.00676786 -0.00648837 -0.860551
1533023831799960 -5.11324 2.21827 0.73514 0.592327 -0.00526444 -0.00794382 -0.805642
1533023831899807 -5.08019 2.15317 0.736813 0.655199 -0.00290403 -0.0084548 -0.755404
1533023832032984 -5.02057 2.09547 0.742633 0.734773 -0.00314476 -0.0084848 -0.678253
1533023832166147 -4.95649 2.06772 0.747504 0.805785 -0.000814875 -0.0085505 -0.592146
1533023832266088 -4.91021 2.06494 0.758286 0.852302 0.00229246 -0.00771125 -0.522989
1533023832399204 -4.85268 2.09228 0.757852 0.901421 0.0026692 -0.00672389 -0.432883
1533023832465715 -4.8278 2.10153 0.760917 0.919902 0.00514221 -0.00511966 -0.392081
1533023832632140 -4.79115 2.14989 0.762659 0.956468 0.00459723 -0.00777343 -0.291699
1533023832765509 -4.74459 2.16495 0.770612 0.973929 0.00703685 -0.00601848 -0.226665
1533023832865255 -4.69823 2.17758 0.779286 0.982696 0.0076193 -0.00474339 -0.185008
1533023832998461 -4.63029 2.19039 0.788257 0.990229 0.00774094 -0.00583895 -0.139114
1533023833098464 -4.56861 2.19072 0.797768 0.99332 0.00803144 -0.00477181 -0.115014
1533023833231601 -4.49603 2.22611 0.796776 0.996302 0.00798225 -0.00578016 -0.0853541
1533023833364639 -4.40465 2.23101 0.791512 0.998093 0.00877629 -0.00603436 -0.0608074
1533023833464439 -4.32114 2.23597 0.793079 0.998873 0.00836569 -0.00501427 -0.04645
1533023833597643 -4.19565 2.23403 0.790897 0.999388 0.00854585 -0.00374183 -0.0337054
1533023833731082 -4.07299 2.24167 0.786203 0.999753 0.00802274 -0.00540331 -0.0200291
1533023833830926 -3.98058 2.252 0.783639 0.999917 0.00733832 -0.00722484 -0.00773503
1533023833963943 -3.83506 2.24738 0.779853 0.999768 0.00728293 -0.00775021 -0.0187517
1533023834097693 -3.68999 2.24162 0.777509 0.999649 0.00709135 -0.00463172 -0.0250828
1533023834197734 -3.58006 2.23119 0.774392 0.99936 0.00619627 -0.0053684 -0.034812
1533023834331229 -3.4237 2.20776 0.774258 0.998895 0.00635955 -0.00520798 -0.0462813
1533023834464741 -3.28297 2.20213 0.77458 0.999328 0.00665533 -0.00651123 -0.0354398
1533023834564765 -3.16566 2.18542 0.774161 0.998941 0.00663196 -0.00758955 -0.044893
1533023834698022 -3.01027 2.17141 0.772722 0.999053 0.00748483 -0.00683924 -0.0423035
1533023834798053 -2.88898 2.15673 0.772798 0.9988 0.00720732 -0.00736186 -0.0478708
1533023834931160 -2.72751 2.13969 0.774381 0.998724 0.00705137 -0.00769185 -0.0494196
1533023835064354 -2.57386 2.13515 0.776703 0.999258 0.00615616 -0.00885186 -0.0369866
1533023835164171 -2.45358 2.11719 0.778152 0.99896 0.00507893 -0.00944233 -0.0443165
1533023835297435 -2.29622 2.10779 0.779592 0.9993 0.00678015 -0.00983294 -0.0354481
1533023835397409 -2.15718 2.08637 0.780126 0.998685 0.0071408 -0.00861842 -0.0500242
1533023835530552 -1.98978 2.07478 0.779225 0.999008 0.00808549 -0.00631544 -0.0433255
1533023835663782 -1.83006 2.05242 0.77992 0.998342 0.00822183 -0.00555937 -0.0567063
1533023835763670 -1.70708 2.03616 0.778074 0.998276 0.0077765 -0.00420923 -0.0580236
1533023835896829 -1.53608 2.00956 0.778102 0.997504 0.00780192 -0.00198507 -0.0701435
1533023836030084 -1.36224 1.99187 0.777359 0.997925 0.00732715 -0.00321215 -0.0638877
1533023836129967 -1.24285 1.97261 0.776605 0.997581 0.00771977 -0.00547578 -0.0688704
1533023836263280 -1.0842 1.94622 0.777926 0.997082 0.00748629 -0.00684266 -0.0756633
1533023836396391 -0.914524 1.90207 0.776171 0.995019 0.00807831 -0.00512677 -0.0992246
1533023836496240 -0.785025 1.87538 0.776478 0.994507 0.00851501 -0.00591746 -0.104157
1533023836629479 -0.6166 1.84161 0.777571 0.993972 0.00820085 -0.00581925 -0.109175
1533023836762733 -0.450967 1.80841 0.776882 0.994108 0.00810406 -0.00537238 -0.107959
1533023836862522 -0.321293 1.77724 0.774841 0.99347 0.00839325 -0.00389504 -0.113721
1533023836995787 -0.154226 1.73929 0.776289 0.993378 0.00852591 -0.00256875 -0.11455
1533023837095620 -0.0279843 1.71779 0.776785 0.99401 0.00874084 -0.00347247 -0.10888
1533023837228701 0.139073 1.68157 0.779293 0.993967 0.00845777 -0.00372924 -0.109293
1533023837362023 0.30273 1.64686 0.779317 0.994535 0.0097486 -0.00427732 -0.103859
1533023837461854 0.431839 1.62452 0.778915 0.995244 0.00972641 -0.00523616 -0.096783
1533023837594971 0.601611 1.61252 0.778998 0.9976 0.0099999 -0.00455154 -0.0683577
1533023837728096 0.766652 1.59434 0.778226 0.998017 0.0106168 -0.00353774 -0.061947
1533023837828068 0.88934 1.58359 0.777389 0.998513 0.011337 -0.0037121 -0.0531948
1533023837961352 1.05598 1.56219 0.778941 0.998366 0.0114271 -0.00415461 -0.0558351
1533023838061293 1.18247 1.55733 0.777193 0.999071 0.010796 -0.00511013 -0.0414052
1533023838161311 1.30701 1.55289 0.775959 0.999384 0.00929118 -0.00495863 -0.0334686
1533023838294525 1.47371 1.54306 0.777154 0.999433 0.00836213 -0.00434898 -0.0323375
1533023838394395 1.5901 1.53565 0.775189 0.99952 0.00857931 -0.0054844 -0.0292508
1533023838527403 1.75664 1.51167 0.777683 0.998927 0.0109713 -0.00533664 -0.0446788
1533023838660466 1.92579 1.49992 0.77741 0.998878 0.011247 -0.00360865 -0.0458673
1533023838760350 2.0475 1.47753 0.769975 0.997942 0.0105423 -0.0025456 -0.0632005
1533023838893525 2.20601 1.45723 0.768725 0.997621 0.00992649 -0.00437261 -0.0680819
1533023838993518 2.32795 1.43222 0.763924 0.996765 0.00973238 -0.00568943 -0.0795818
1533023839126749 2.50094 1.41422 0.764799 0.997495 0.0100308 -0.00516766 -0.0698247
1533023839259783 2.66019 1.39024 0.764311 0.997089 0.009092 -0.0061116 -0.0754544
1533023839359650 2.77714 1.37075 0.763899 0.996646 0.00706898 -0.0080689 -0.0811284
1533023839492945 2.94132 1.3261 0.764125 0.994399 0.00772385 -0.00836834 -0.105078
1533023839592780 3.06932 1.2933 0.760854 0.993129 0.00764961 -0.00840161 -0.11647
1533023839725886 3.22947 1.23819 0.760952 0.989764 0.00715219 -0.0103091 -0.142163
1533023839859100 3.37694 1.17734 0.760295 0.98575 0.00719903 -0.0103888 -0.167739
1533023839958994 3.4857 1.10439 0.756062 0.97695 0.00731113 -0.00981575 -0.213116
1533023840059053 3.58953 1.03935 0.75321 0.970005 0.00712025 -0.00976192 -0.242786
1533023840192243 3.71039 0.935156 0.751527 0.956346 0.00697071 -0.0109683 -0.291946
1533023840325423 3.82512 0.821464 0.748897 0.941961 0.00702573 -0.0108877 -0.335471
1533023840458542 3.92111 0.689573 0.74505 0.921736 0.00657894 -0.010702 -0.387615
1533023840558409 3.97471 0.593965 0.741999 0.9066 0.00588873 -0.0105662 -0.421817
1533023840691573 4.04606 0.453872 0.742424 0.884055 0.00450533 -0.0106168 -0.467241
1533023840824719 4.10774 0.312723 0.737289 0.862434 0.00307784 -0.0112093 -0.506036
1533023840924584 4.14254 0.198783 0.730292 0.843114 0.00244768 -0.0120511 -0.537594
1533023841057817 4.17767 0.0401367 0.724351 0.812796 0.00129495 -0.0126472 -0.58241
1533023841191224 4.19507 -0.119983 0.716489 0.77993 0.000366711 -0.0121438 -0.625749
1533023841291177 4.20383 -0.238735 0.711384 0.758696 0.000921839 -0.0120277 -0.651333
1533023841424358 4.20502 -0.408337 0.704717 0.727862 -0.000210581 -0.0114081 -0.685629
1533023841524148 4.19781 -0.535224 0.700703 0.712982 0.000555193 -0.0108384 -0.701098
1533023841657342 4.18747 -0.698098 0.694612 0.696427 -0.00130849 -0.00971793 -0.717561
1533023841790506 4.16215 -0.859364 0.690376 0.673651 -0.0032663 -0.0101107 -0.738973
1533023841890563 4.12895 -0.98817 0.68883 0.650786 -0.00293124 -0.0114663 -0.759169
1533023842023878 4.08612 -1.16018 0.686632 0.628373 -0.00167668 -0.0117205 -0.777822
1533023842157070 4.04012 -1.32315 0.685422 0.611052 -0.00197194 -0.0120676 -0.791496
1533023842256842 4.00022 -1.44206 0.687856 0.60363 -0.00163553 -0.0139399 -0.797141
1533023842389976 3.935 -1.59916 0.688262 0.58111 -0.000230272 -0.0132349 -0.813718
1533023842523043 3.867 -1.75813 0.689186 0.56631 0.000133534 -0.0123859 -0.824099
1533023842622890 3.81388 -1.87519 0.688878 0.555151 -9.55558e-05 -0.0116167 -0.831668
1533023842756068 3.73721 -2.02947 0.68786 0.547659 0.000890147 -0.0106066 -0.836634
1533023842889199 3.67049 -2.17517 0.687598 0.547439 0.00136439 -0.00899702 -0.836796
1533023842989253 3.62577 -2.28523 0.683759 0.554179 0.00168983 -0.00896298 -0.832348
1533023843122469 3.59487 -2.44391 0.684119 0.590108 0.00335995 -0.0076114 -0.807282
1533023843222326 3.58709 -2.55538 0.685166 0.623804 0.00157914 -0.00765226 -0.781542
1533023843355680 3.60148 -2.69277 0.686985 0.679651 0.00189415 -0.00709779 -0.733498
1533023843488715 3.63384 -2.81284 0.689041 0.735993 0.00209629 -0.00698165 -0.67695
1533023843588521 3.67359 -2.89153 0.69319 0.780695 0.00089058 -0.00872525 -0.62485
1533023843721804 3.74232 -2.98504 0.697549 0.835296 0.000948145 -0.00694298 -0.549756
1533023843854980 3.83834 -3.04278 0.708196 0.888067 0.000440847 -0.00698733 -0.45966
1533023843954804 3.9108 -3.063 0.713068 0.921524 0.00174329 -0.00738288 -0.388248
1533023844087894 4.01366 -3.06547 0.718573 0.959568 -0.000123367 -0.00807401 -0.28136
1533023844187861 4.08829 -3.06073 0.721384 0.981172 0.00157503 -0.00782433 -0.19297
1533023844321023 4.1752 -3.0209 0.724615 0.997696 0.00132889 -0.00792553 -0.0673612
1533023844454224 4.25487 -2.95969 0.72734 0.997806 0.00419638 -0.00694323 0.0657043
1533023844554167 4.30344 -2.90925 0.729202 0.987951 0.00785511 -0.00418232 0.154511
1533023844687193 4.34617 -2.81655 0.734061 0.959929 0.00967766 -0.00455691 0.280039
1533023844786965 4.37713 -2.74197 0.734875 0.929501 0.0111556 0.000998256 0.368649
1533023844920419 4.39851 -2.6472 0.733306 0.886588 0.0132351 0.00195015 0.462367
1533023845053594 4.41038 -2.53619 0.737624 0.84487 0.0144487 0.00368717 0.534764
1533023845153499 4.42406 -2.44347 0.736358 0.820854 0.0140945 0.0059545 0.570933
1533023845286645 4.42974 -2.32864 0.745208 0.791788 0.0143287 0.00501721 0.610607
1533023845419649 4.44059 -2.20001 0.748736 0.768531 0.0133665 0.00489808 0.639655
1533023845519512 4.40595 -2.08852 0.751053 0.746321 0.0122278 0.00428659 0.66546
1533023845652864 4.33393 -1.95439 0.750365 0.713264 0.0112702 0.00311105 0.700798
1533023845752651 4.32123 -1.85713 0.754899 0.703288 0.00880753 0.00305957 0.710844
1533023845885795 4.31356 -1.71567 0.755963 0.699339 0.00715786 0.00314588 0.714747
1533023846018983 4.29511 -1.56937 0.756971 0.689811 0.00761239 0.00370308 0.72394
1533023846152181 4.28548 -1.41154 0.756597 0.693227 0.00685409 0.00424107 0.720674
1533023846252049 4.27139 -1.29898 0.753517 0.682647 0.00754303 0.00418348 0.730698
1533023846385331 4.25935 -1.1516 0.749644 0.682145 0.00747229 0.00411886 0.731167
1533023846518591 4.24051 -0.994239 0.749091 0.674575 0.00606622 0.00484131 0.738166
1533023846618564 4.21679 -0.875098 0.750304 0.667904 0.00472231 0.00389842 0.744222
1533023846751778 4.19122 -0.715331 0.750588 0.663901 0.00402215 0.00398641 0.747799
1533023846884933 4.15557 -0.572952 0.751535 0.650227 0.00471311 0.00207988 0.759722
1533023846984748 4.1396 -0.457297 0.752137 0.653544 0.00503552 0.00198334 0.756869
1533023847117957 4.09406 -0.297141 0.753086 0.632388 0.00504466 0.00280084 0.77463
1533023847217908 4.06085 -0.182421 0.753178 0.614958 0.00808539 0.00214258 0.788515
1533023847350992 3.99561 -0.0230678 0.755193 0.583043 0.00955093 0.00094496 0.812384
1533023847484099 3.92301 0.109262 0.755468 0.545593 0.00873272 0.000783158 0.838004
1533023847583988 3.85342 0.218355 0.7575 0.523241 0.00769236 0.000715664 0.85215
1533023847717212 3.74863 0.348659 0.761157 0.481898 0.00867337 0.00110316 0.876184
1533023847817200 3.66841 0.441446 0.760206 0.459147 0.0075673 0.00165664 0.888327
1533023847950338 3.56262 0.566885 0.760477 0.434031 0.00751458 0.00172089 0.900865
1533023848050328 3.46833 0.636553 0.762218 0.398712 0.00821587 0.00175121 0.917038
1533023848183683 3.32925 0.744362 0.764342 0.361449 0.00832985 0.00170622 0.932353
1533023848316857 3.1865 0.831198 0.766235 0.318525 0.00803268 0.00174888 0.947879
1533023848450122 3.05056 0.933596 0.767765 0.317789 0.00913871 0.00128917 0.948116
1533023848550107 2.9408 0.998455 0.763387 0.299896 0.00934979 0.000897825 0.953926
1533023848683312 2.79763 1.09429 0.765418 0.297429 0.00806661 0.00138084 0.954709
1533023848816494 2.65629 1.19446 0.767079 0.297707 0.0071348 0.00175242 0.954629
1533023848916481 2.55966 1.27794 0.767092 0.317547 0.008108 0.00153648 0.948206
1533023849049566 2.42469 1.38623 0.766348 0.329483 0.00769292 0.001935 0.944128
1533023849149497 2.33838 1.46605 0.764993 0.344085 0.00906394 0.00219337 0.938892
1533023849282723 2.22814 1.58254 0.766099 0.367798 0.00993135 0.00241014 0.929849
1533023849415974 2.12673 1.71839 0.765407 0.408304 0.0103662 0.00261076 0.912783
1533023849515854 2.06654 1.82388 0.762095 0.439733 0.0108723 0.00336252 0.898057
1533023849649065 1.98546 1.94896 0.764386 0.454794 0.0142634 0.0034446 0.890476
1533023849749061 1.92275 2.05443 0.763151 0.466016 0.0141975 0.00246995 0.884659
1533023849882099 1.82876 2.17987 0.765232 0.461375 0.0119513 0.00142153 0.887124
1533023850015216 1.75903 2.30246 0.766966 0.474245 0.0132132 5.82164e-05 0.880294
1533023850115119 1.7012 2.38779 0.765772 0.466751 0.0135878 0.000471611 0.884284
1533023850248402 1.6179 2.50254 0.767009 0.458593 0.0119525 0.000699844 0.888566
1533023850381695 1.5306 2.61269 0.76811 0.445146 0.0112137 0.00107152 0.895387
1533023850481608 1.46168 2.67789 0.767665 0.424764 0.0105769 0.000447431 0.905242
1533023850614950 1.36838 2.77653 0.772971 0.408802 0.0100961 0.000416232 0.912567
1533023850714928 1.29512 2.84941 0.772364 0.396857 0.00811796 0.00205588 0.917842
1533023850848045 1.20233 2.92517 0.775171 0.376126 0.00683135 0.00264505 0.92654
1533023850981277 1.1143 3.01058 0.775879 0.37448 0.00683274 0.00405757 0.927201
1533023851081027 1.04968 3.06531 0.774277 0.37083 0.00802354 0.00447529 0.928655
1533023851214275 0.970628 3.13183 0.774538 0.363355 0.00658723 0.00504893 0.931614
1533023851347523 0.903285 3.19489 0.774878 0.36266 0.00702225 0.00472543 0.931883
1533023851447270 0.862378 3.23112 0.774208 0.359367 0.00745604 0.00444022 0.933156
1533023851580474 0.803836 3.27677 0.776377 0.352005 0.00696573 0.00476015 0.93596
1533023851680522 0.772207 3.29908 0.775466 0.344207 0.00809647 0.00487213 0.938846
1533023851813690 0.729982 3.32625 0.777091 0.336211 0.00860033 0.00501676 0.941734
1533023851946792 0.68839 3.35658 0.775271 0.33073 0.00954118 0.00494411 0.943664
1533023852046594 0.661242 3.37602 0.773199 0.327577 0.00982931 0.00538942 0.944758
1533023852179889 0.625909 3.39974 0.772687 0.322752 0.0093999 0.00534608 0.946422
1533023852313158 0.59403 3.4197 0.77285 0.317555 0.00919333 0.00561565 0.948179
1533023852413076 0.573248 3.43388 0.772809 0.313847 0.00953337 0.00593419 0.949407
1533023852546243 0.544772 3.45359 0.773613 0.309404 0.00935216 0.00636142 0.950864
1533023852646205 0.527779 3.46362 0.77342 0.306446 0.00927153 0.00643212 0.951821
1533023852779384 0.502779 3.47814 0.774427 0.303167 0.0093871 0.00646505 0.952869
1533023852912536 0.492799 3.48937 0.773809 0.306959 0.00844862 0.00738561 0.951657
1533023853012380 0.486717 3.49664 0.773286 0.310852 0.0083644 0.007373 0.950393
1533023853145613 0.487653 3.49982 0.773081 0.315039 0.00869445 0.00732682 0.949011
1533023853278751 0.49376 3.49694 0.772815 0.316769 0.00929551 0.00687784 0.948432
1533023853378620 0.498598 3.4914 0.772778 0.314738 0.0092239 0.00651605 0.949111
1533023853511747 0.505971 3.48381 0.772402 0.312589 0.00921687 0.00633074 0.949823
1533023853611640 0.513412 3.47518 0.772494 0.309624 0.00926462 0.00632797 0.950793
1533023853744735 0.52246 3.46682 0.772073 0.307939 0.00923245 0.00630631 0.95134
1533023853878116 0.531598 3.45684 0.772231 0.304832 0.0092122 0.00625746 0.952341
1533023853978158 0.537351 3.44945 0.772266 0.301456 0.00886862 0.00625854 0.953418
1533023854111096 0.543421 3.44211 0.772646 0.298223 0.00944427 0.00612949 0.95443
1533023854210965 0.54651 3.43913 0.772582 0.297313 0.00914216 0.00621676 0.954716
1533023854310775 0.549042 3.43686 0.772802 0.296672 0.00992241 0.00592958 0.954909
1533023854443958 0.550596 3.43544 0.77323 0.296215 0.0109199 0.00558852 0.955043
1533023854543866 0.550872 3.43547 0.773633 0.29649 0.0116666 0.00537491 0.95495
1533023854677111 0.550487 3.43597 0.774005 0.29678 0.0122607 0.00520929 0.954853
1533023854810258 0.550729 3.43575 0.774305 0.296703 0.0128326 0.00502636 0.95487
1533023854910138 0.551418 3.43537 0.774427 0.296824 0.0131508 0.0049352 0.954829
1533023855043484 0.552444 3.4345 0.774724 0.296612 0.0138411 0.00470683 0.954886
1533023855176581 0.552938 3.43412 0.774983 0.296563 0.0143807 0.00453597 0.954894
1533023855276649 0.553125 3.43406 0.775132 0.296646 0.0146742 0.00444993 0.954864
1533023855409656 0.553637 3.43372 0.775361 0.296649 0.0151637 0.00429789 0.954856
1533023855509631 0.553964 3.43351 0.775488 0.296667 0.0154408 0.00421286 0.954847
1533023855642839 0.554263 3.43338 0.775645 0.296761 0.0157674 0.00411707 0.954813
1533023855776072 0.55474 3.433 0.77592 0.296684 0.0163377 0.00393499 0.954828
1533023855876015 0.555151 3.43269 0.776077 0.296656 0.016686 0.00382496 0.954831
1533023856009305 0.555727 3.43221 0.776347 0.296555 0.0172668 0.00363833 0.954853
1533023856109161 0.55604 3.43204 0.776496 0.296589 0.0175829 0.00354214 0.954837
1533023856242182 0.556535 3.43178 0.776707 0.296689 0.0180405 0.00340577 0.954798
1533023856375315 0.556836 3.43149 0.776871 0.296579 0.0183885 0.00329114 0.954825
1533023856475137 0.557366 3.43113 0.77712 0.296584 0.0189249 0.00312467 0.954814
1533023856608266 0.557693 3.43091 0.777257 0.296582 0.0192259 0.00303106 0.954809
1533023856708184 0.557907 3.43083 0.777365 0.296673 0.0194553 0.00296497 0.954776
1533023856841526 0.558096 3.43067 0.777457 0.296635 0.0196544 0.00290088 0.954784
1533023856974788 0.558451 3.43049 0.777586 0.296709 0.0199447 0.00281482 0.954756
