2.10259 0.000266572 0.000253565 -30482.971 6532.0247
2.2467434 -0.0036072781 -0.053986261 -26408 9984
2.3910923 -0.013693095 -0.085529158 -22452 13581
2.5008618 -0.023789377 -0.097908973 -19506 16389
2.6449727 -0.036506043 -0.07811951 -15848.973 20284.029
2.7931198 -0.046745592 -0.05989588 -12083 24270
2.9428095 -0.053896424 -0.035573636 -8317 28327
3.054586 -0.057643789 -0.031452301 -5424.9706 31273.027
3.2066106 -0.064280799 -0.055807256 -1316 35107
3.3188487 -0.072746876 -0.094766778 1845 37821
3.4713374 -0.095134013 -0.19677402 6456 41254
3.6175858 -0.13072834 -0.28070793 10868 44698
3.6908829 -0.15363481 -0.32509008 13128.031 46446.025
3.8648219 -0.22106925 -0.41460923 18512.032 50799.024
3.9651684 -0.26992505 -0.49156908 21869.032 53267.022
4.0889451 -0.34565034 -0.60651781 26320.032 56389.022
4.2029577 -0.43574824 -0.73101073 30832 59461
4.2787832 -0.50887517 -0.80355611 34000 61791
4.3731521 -0.61592139 -0.89295697 38240.03 64999.024
4.4605512 -0.73190364 -0.9570899 42399.028 68420.024
4.5200159 -0.81958888 -0.99266532 45368.028 70981.023
4.5921049 -0.93748893 -1.0513482 49312 74250
4.6406546 -1.0268707 -1.0950729 52218.03 76653.022
4.6989627 -1.1538364 -1.1854911 56386.028 79777.022
4.744465 -1.2806712 -1.2672013 60374 82822
4.7720625 -1.3782165 -1.3229619 63341.028 85146.022
4.7999981 -1.508902 -1.397445 67258.028 88204.021
4.8167697 -1.6364446 -1.4826528 71107.029 91069.021
4.8216247 -1.73623 -1.5617074 74171.029 93219.021
4.8164389 -1.8693304 -1.6577696 78202 96140
4.7976447 -2.005922 -1.7572939 82375.028 99163.023
4.7764114 -2.1061788 -1.801709 85305 101582
4.741196 -2.2428749 -1.8441552 89232 105023
4.7115136 -2.3454124 -1.8609899 92113 107714
4.6726886 -2.4801968 -1.8415236 95657.024 111492.03
4.6385958 -2.6160089 -1.7919627 99020 115439
4.6191821 -2.7182665 -1.7248652 101344 118549
4.6059793 -2.8518814 -1.613713 104199 122704
4.6057739 -2.9502349 -1.5320566 106289.02 125749.03
4.6194389 -3.0783265 -1.3969766 108863 129901
4.6512132 -3.1971979 -1.2222289 111056.01 134133.03
4.6877005 -3.278615 -1.0767312 112537.01 137311.03
4.7496689 -3.3715251 -0.88843391 114355 141325
4.8030292 -3.4281971 -0.7425392 115537 144208
4.8607536 -3.4733997 -0.58613181 116540.01 147034.03
4.9408943 -3.5145783 -0.36316878 117594 150686
5.0225657 -3.5345628 -0.11678858 118355 154317
5.0787332 -3.5358733 0.070135234 118734 156873
5.1460021 -3.5227105 0.31632994 119091 160097
5.2021423 -3.4962364 0.56496414 119265 163166.02
5.2365462 -3.4696771 0.74988361 119324 165378.02
5.2734245 -3.4261205 0.98658757 119437 168247.02
5.3006214 -3.3728906 1.2102939 119696 171111
5.3146109 -3.3251628 1.36105 120117.01 173288.02
5.3240051 -3.2518352 1.5257061 121088 176178
5.3239323 -3.1885808 1.6181872 122200 178369
5.315296 -3.0914158 1.7007062 124264 181398
5.2986683 -2.9825922 1.7441305 126882.02 184527.02
5.283023 -2.8978415 1.7625587 129022 186886
5.2608052 -2.7829192 1.760981 132083 189935
5.2391849 -2.6677244 1.7516641 135193.02 192943.02
5.223137 -2.5791083 1.7482347 137561 195276
5.2071845 -2.4857643 1.7318861 140125 197655
5.1928646 -2.3896931 1.7056381 142810 200040
5.1784606 -2.2559314 1.6504964 146638.03 203234.02
5.1744647 -2.1105033 1.5460367 151038 206427
5.1813918 -2.0039269 1.4657451 154289.03 208750.02
5.2053294 -1.8609072 1.3441763 158776.03 211831.02
5.2333575 -1.7572771 1.2691288 162011 214199
5.2828472 -1.6224481 1.1688902 166338 217368
5.3439071 -1.4952494 1.0776048 170547.03 220523.02
5.4001873 -1.4008928 0.98835837 173930 222874
5.4904557 -1.2841579 0.83676826 178658.03 225847.02
5.5965732 -1.1825605 0.69051339 183338.03 228834.02
5.6840459 -1.1167819 0.59903339 186723 231161
5.8108617 -1.0404152 0.48501688 191245 234365
5.9126558 -0.99155914 0.4099421 194625.03 236878.02
6.0510495 -0.93801802 0.32834024 198968 240280
6.1948235 -0.89659964 0.23263014 203425.03 243632.02
6.3056467 -0.87430893 0.16434808 206769.03 246188.03
6.457673 -0.85555153 0.081176193 211246 249706
6.6060295 -0.84565646 0.052022312 215292.03 253421.03
6.7242952 -0.83910797 0.058606805 218342.03 256554.03
6.8753503 -0.82653249 0.10751193 222010 260799
6.9890073 -0.8122459 0.14257481 224793 263996
7.1422008 -0.78654098 0.18991552 228568.03 268330.03
7.2957386 -0.75206352 0.25186338 232311.03 272802.03
7.4114508 -0.7202286 0.28509519 235247.03 276131.03
7.5623768 -0.67177473 0.33620382 239083.03 280570.03
7.6806386 -0.6283852 0.36708635 242188.04 284041.04
7.8361247 -0.56456638 0.41187344 246310.03 288693.03
7.9895847 -0.4954899 0.43404579 250569.03 293219.03
8.1427407 -0.42674203 0.40978954 255087 297464
8.2616239 -0.37787255 0.37023913 258668.04 300592.04
8.4243975 -0.31956023 0.31775719 263481 304804
8.5479924 -0.28011349 0.30012733 266966.03 308091.03
8.7105138 -0.2308275 0.28875951 271460.03 312462.03
8.8694738 -0.18223494 0.30457896 275702 316897
8.9905965 -0.14325793 0.31808701 278941.03 320300.03
9.1489832 -0.08869584 0.34542209 283150 324836
9.3075844 -0.034472854 0.31342815 287706.03 329029.03
9.42239 0.0010559794 0.28681494 290994 332014
9.584787 0.045760112 0.25043225 295597 336203
9.749323 0.08985011 0.27319738 299906.03 340786.03
9.8705889 0.12459609 0.28490456 303127 344150
10.022904 0.16928581 0.28588392 307260 348303
10.139442 0.20114482 0.24783138 310631.03 351238.03
10.29421 0.23654954 0.20194977 315037.04 355119.04
10.449783 0.2666244 0.17997296 319296.03 359131.03
10.562559 0.28643662 0.16783128 322352 362052
10.710709 0.30872715 0.13084757 326473 365751
10.820525 0.32002951 0.074271532 329680 368306
10.964378 0.32519432 -0.0024956892 333879.03 371620.02
11.110657 0.31883877 -0.084346291 338172 374969
11.213128 0.30749499 -0.13615984 341161.03 377361.02
11.346381 0.28313105 -0.22552637 345212.03 380380.02
11.473578 0.24882908 -0.30129035 349087.03 383381.02
11.565175 0.2170609 -0.3664014 351993 385535
11.678037 0.16674694 -0.4723082 355830.03 388147.02
11.759174 0.12065298 -0.56096259 358778.03 390069.02
11.865051 0.042551075 -0.71015548 363075.03 392638.02
11.958791 -0.050746712 -0.8559122 367370.03 395245.02
12.020991 -0.13032279 -0.95878895 370601.03 397285.02
12.095759 -0.2445589 -1.0237407 374538.03 400474.03
12.172741 -0.36889783 -1.0091178 378266 404380
12.235991 -0.46255161 -0.94446947 380837 407709
12.328241 -0.57483336 -0.82158816 383912.02 412221.03
12.431504 -0.67266987 -0.695254 386887.02 416673.03
12.515765 -0.73559738 -0.58766438 389004 420047
12.637777 -0.80283059 -0.41961469 391660 424665
12.773083 -0.85012857 -0.25295844 394429.02 429380.03
12.878987 -0.87140546 -0.14357544 396610.02 432839.03
13.02083 -0.88128403 0.0045116217 399457 437416
13.128254 -0.87481934 0.11570214 401617 440875
13.27275 -0.84822094 0.24837715 404677 445486
13.409681 -0.80492328 0.36412887 407749 449912
13.509438 -0.76272239 0.43627967 410154 453162
13.643631 -0.69740264 0.46971889 413851.03 457256.03
13.741816 -0.64839873 0.45613776 416791 460044
13.873492 -0.59181701 0.35555665 421112 463203
14.008068 -0.55337037 0.20099223 425659.03 465960.02
14.114316 -0.53972356 0.054494236 429303 467906
14.255866 -0.54511867 -0.13068676 434072 470529
14.394369 -0.57516815 -0.29660877 438731.03 473266.02
14.493791 -0.61108686 -0.3967556 442069 475445
14.621998 -0.67455644 -0.52261538 446530.03 478450.02
14.73991 -0.75131597 -0.63152448 450831.03 481492.02
14.826764 -0.81918291 -0.69506377 454074 484002
14.939708 -0.91614903 -0.72378827 458122.03 487724.03
15.026162 -0.98994883 -0.68940948 460886 490894
15.153436 -1.0848026 -0.59152683 464456 495611
15.28702 -1.1607098 -0.44194314 467593.02 500496.04
15.390741 -1.2014194 -0.30609444 469709 504198
15.533331 -1.2317417 -0.11296776 472388 509131
15.639973 -1.235491 0.042680412 474266 512825
15.772871 -1.2173272 0.22898389 476681.02 517414.03
15.900996 -1.1762778 0.39112181 479247 521873
15.994871 -1.1312104 0.50404969 481306.02 525251.04
16.11365 -1.0527418 0.66357228 484091.02 529899.03
16.217982 -0.96009483 0.78871498 487002.02 534273.03
16.291273 -0.88117195 0.85605347 489419.02 537479.03
16.382457 -0.76749625 0.93344618 492769 541737
16.468657 -0.64444769 0.98596929 496381.03 545968.03
16.531303 -0.54908557 0.99317563 499314.03 548991.03
16.592455 -0.45485425 0.99712281 502220 551949
16.697992 -0.29425786 0.98169546 507320.03 556880.03
16.761082 -0.19893745 0.99053457 510249.03 559918.03
16.846139 -0.066829011 1.0069983 514250 564119
16.908821 0.033603477 1.0186558 517269 567280
16.987948 0.16836562 1.061091 521097.03 571610.03
17.043753 0.2724219 1.0959657 523973.03 574898.03
17.110497 0.41507249 1.1703804 527647.03 579446.03
17.168799 0.56103389 1.2111772 531508.03 583790.03
17.208159 0.66782036 1.2241456 534400.03 586839.03
17.258721 0.80655801 1.2184696 538283.03 590664.03
17.314446 0.94666109 1.1660042 542519.03 594298.02
17.361279 1.0482143 1.1113996 545752 596902
17.435209 1.1769326 0.98749312 550342 600059
17.520086 1.2896032 0.86284717 554744 603019
17.592499 1.3659882 0.7613258 558078 605178
17.696813 1.4542114 0.64271847 562329.03 608057.02
17.81592 1.5314963 0.50843904 566811 610985
17.909751 1.5784983 0.42033162 570059.03 613214.02
18.039449 1.626858 0.29346228 574405.04 616092.03
18.137407 1.6517564 0.20434307 577558 618214
18.270879 1.671927 0.095632393 581709 621108
18.406201 1.6784951 0.0013646172 585789 624099
18.505376 1.6759464 -0.052751708 588690 626376
18.643738 1.6630033 -0.13379487 592784.03 629535.02
18.778856 1.6391733 -0.21534536 596835.03 632645.02
18.880621 1.612317 -0.30070102 600075 634898
19.010008 1.5646782 -0.40486807 604275 637894
19.105731 1.5192937 -0.48059761 607477 640221
19.224689 1.4500444 -0.57375769 611607 643275
19.333439 1.3715094 -0.67713347 615705 646178
19.409961 1.3033487 -0.77821302 618964.03 648267.02
19.498685 1.2019605 -0.9256151 623333.03 650929.02
19.554282 1.1180934 -1.0451712 626651.03 652862.02
19.611287 1.0021411 -1.1825724 630818 655438
19.65257 0.87498042 -1.3311742 635167.03 658066.02
19.671524 0.77870391 -1.4216564 638251.03 660103.02
19.683481 0.64855572 -1.536709 642327 662848
19.681627 0.52245381 -1.6342873 646182.03 665575.02
19.671689 0.42735983 -1.7155568 649147 667600
19.645201 0.29896365 -1.8329337 653247 670342
19.606423 0.17745067 -1.9264766 657116 673130
19.568967 0.087070408 -2.0008792 660099.03 675253.02
19.51105 -0.02650557 -2.083846 663905.03 678101.02
19.4599 -0.11010324 -2.1559265 666879 680242
19.38122 -0.21639893 -2.2600681 670932.03 683091.02
19.29057 -0.31460146 -2.372383 675069 685929
19.213473 -0.38317662 -2.4568708 678250.04 688133.03
19.105354 -0.46369748 -2.5460616 682283 691136
18.98479 -0.53772539 -2.6358002 686493 694310
18.890339 -0.5876804 -2.6743892 689503 696877
18.759435 -0.6494927 -2.7264829 693580.04 700356.03
18.62909 -0.7027276 -2.7812226 697569 703716
18.526199 -0.7378246 -2.8444975 700771 706188
18.385271 -0.77253811 -2.9556631 705201 709333
18.246644 -0.78892095 -3.0922539 709634 712185
18.145281 -0.78789308 3.0719736 712968 714141
18.015513 -0.76748989 2.8993081 717396 716568
17.921637 -0.73640867 2.7444194 720874.03 718250.02
17.809359 -0.67575758 2.548212 725341.03 720442.02
17.712 -0.59547099 2.3557959 729749 722619
17.670147 -0.54999826 2.2737362 731837.03 723756.02
17.596595 -0.44555572 2.0949829 736206.03 726053.02
17.55435 -0.36071115 1.9705529 739400.03 727805.02
17.51452 -0.24194695 1.8182082 743551.03 730191.02
17.491682 -0.11775359 1.6870966 747605.03 732727.02
17.484441 -0.018784429 1.6005652 750695 734816
17.487206 0.12096321 1.5014621 754915.03 737891.02
17.499852 0.26063156 1.459536 758815.03 741311.03
17.513178 0.36648847 1.4316099 761759.03 743936.03
17.533854 0.50433698 1.4122155 765506 747465
17.551887 0.60723936 1.3824079 768403 750021
17.582976 0.74069783 1.3014594 772446.04 753130.03
17.627083 0.87173569 1.1907568 776694 756098
17.67204 0.9700529 1.0930905 780080.03 758354.02
17.745634 1.0935508 0.97367687 784522.03 761415.02
17.837546 1.2110634 0.84039476 789186.03 764537.02
17.913438 1.2883201 0.74823227 792545 766830
18.027091 1.3787595 0.59605213 797216 769739
18.151753 1.449265 0.43339012 801895.04 772534.02
18.29179 1.4985389 0.24327771 806870 775306
18.400886 1.5180996 0.11155013 810525 777435
18.546915 1.5234432 -0.038398543 815206 780380
18.656857 1.5144609 -0.12463936 818583.03 782760.02
18.804294 1.4862778 -0.25311072 823243.03 785934.02
18.940266 1.4419441 -0.37724996 827693.03 788948.02
19.038855 1.3969399 -0.47921484 831111 791186
19.162042 1.3221525 -0.61204342 835640 794178
19.250258 1.2524967 -0.72468998 839225 796459
19.354114 1.1487048 -0.84549356 843755 799592
19.401436 1.0917891 -0.9088646 846053 801157
19.482086 0.97435589 -1.0291319 850466 804179
19.547235 0.84638937 -1.1706424 855032 807107
19.582867 0.7481842 -1.2748267 858361.03 809230.02
19.61373 0.6110439 -1.4240605 862893 812034
19.623558 0.4689517 -1.5794101 867509.03 814851.02
19.615824 0.36065435 -1.7047643 871068.03 816958.02
19.585109 0.22100395 -1.8698314 875755.03 819733.02
19.547874 0.12199908 -1.9912173 879218.03 821790.02
19.482206 0.00042519336 -2.1408699 883690 824529
19.400359 -0.10882686 -2.2866476 888096.03 827247.02
19.326752 -0.18425348 -2.401325 891510.03 829333.02
19.216281 -0.27167215 -2.5429937 896006 832189
19.123764 -0.32818993 -2.6434121 899416 834437
18.99644 -0.38965424 -2.7402872 903665.03 837567.02
18.862754 -0.44248322 -2.7902258 907703 841032
18.763381 -0.48085816 -2.7558993 910281 844015
18.634682 -0.54128599 -2.6493397 913369.02 848350.04
18.518157 -0.61651322 -2.4873061 916044.02 852917.03
18.44697 -0.67931491 -2.3500893 917722.01 856196.03
18.370692 -0.77367294 -2.1511736 919730.01 860524.03
18.329396 -0.84921569 -1.990958 921044.01 863706.03
18.297194 -0.95245389 -1.7553537 922495 867903
18.291256 -1.0495148 -1.5084311 923596.01 871881.03
18.301672 -1.1148518 -1.3169986 924209 874724
18.332676 -1.1917261 -1.0578854 924865 878398.03
18.367673 -1.2418853 -0.86531179 925341 881117
18.429084 -1.2973295 -0.60344651 925977 884803.03
18.501127 -1.3345951 -0.35129165 926627.01 888390.03
18.579736 -1.3530637 -0.11022685 927332.01 891903.03
18.644261 -1.354219 0.074422452 927942.01 894664.03
18.734321 -1.336132 0.32197012 928899.01 898505.03
18.779566 -1.3178902 0.44452513 929459 900493
18.88677 -1.2484356 0.70523291 931275 905348
18.964097 -1.1721748 0.85167201 933256 909038
19.017681 -1.1059683 0.92908974 935027 911714
19.086434 -1.0088479 0.98046891 937831.02 915122.02
19.138532 -0.92973362 0.99644979 940208 917690
19.206091 -0.8220746 1.0243175 943360 921173
19.271229 -0.71128614 1.0542425 946537.02 924705.03
19.319021 -0.62426114 1.0829279 948959.02 927466.03
19.380139 -0.50237756 1.1290666 952246 931297
19.44005 -0.37031917 1.1607202 955843.03 935270.03
19.483115 -0.26885514 1.1780905 958616 938251
19.534668 -0.13717891 1.2171553 962076 942173
19.58159 0.0014239223 1.271589 965575.03 946313.04
19.61002 0.10544713 1.3364327 968010 949508
19.635498 0.24555718 1.4453973 971090 953863
19.645465 0.35405135 1.5129888 973538.02 957103.03
19.646769 0.49685717 1.6103431 976696 961401
19.633343 0.63612905 1.7234475 979687.02 965715.03
19.611907 0.74178976 1.8184723 981946.02 969085.03
19.566852 0.87681228 1.9672477 984793.02 973670.03
19.521076 0.97023256 2.0855904 986818 977077
19.441712 1.089296 2.2318698 989699.02 981667.03
19.342203 1.1987086 2.3857782 992661.02 986427.03
19.230309 1.2886872 2.542888 995492.02 991093.03
19.139011 1.3440574 2.6499552 997654.02 994506.03
19.008267 1.4019128 2.8000175 1000510 999115.03
18.904968 1.4311037 2.9323611 1002540 1002690
18.763412 1.4489959 3.099363 1005290 1007390
18.620754 1.4459289 -3.0563726 1008270 1011860
18.512287 1.4319262 -2.9700396 1010620 1015220
18.368592 1.3995654 -2.8701267 1013880 1019650
18.230754 1.3551777 -2.7899776 1017190 1023900
18.134727 1.3162279 -2.7225332 1019500 1027000
18.012121 1.2530994 -2.6096791 1022440 1031260
17.89654 1.1747634 -2.4822151 1025340 1035650
17.81868 1.1069805 -2.3683376 1027370 1039010
17.728442 1.0052558 -2.2245207 1030080 1043400
17.67042 0.92126226 -2.1261147 1032170 1046640
17.606867 0.80082766 -1.9865969 1034910 1051010
17.561215 0.66908776 -1.8221591 1037590 1055610
17.54039 0.56309576 -1.7074463 1039740 1059100
17.530441 0.41652998 -1.5696981 1042770 1063740
17.540964 0.27000398 -1.4285096 1045780 1068400
17.563364 0.1572919 -1.3207075 1048150 1072030
17.60939 0.013146585 -1.2027553 1051410 1076670
17.671891 -0.12296925 -1.077918 1054590 1081310
17.730486 -0.2202667 -0.97956674 1056980 1084850
17.828747 -0.34596083 -0.83499993 1060300 1089860
17.908791 -0.42518241 -0.72546547 1062600 1093440
18.027835 -0.51733464 -0.59203357 1065750 1098150
18.125538 -0.57674049 -0.50056551 1068200 1101670
18.264641 -0.64053375 -0.35940578 1071370 1106490
18.409745 -0.68541977 -0.2405981 1074640 1111150
18.522303 -0.70763533 -0.14913095 1077100 1114680
18.675341 -0.71835833 0.0092240939 1080180 1119610
18.831275 -0.70325421 0.1838983 1083250 1124720
18.943535 -0.67532749 0.30373673 1085570 1128440
19.080974 -0.6192783 0.4707109 1088470 1133290
19.17759 -0.56292077 0.58540798 1090720 1136880
19.297613 -0.47078532 0.72399534 1093860 1141640
19.376053 -0.39430423 0.82150452 1096150 1145070
19.469849 -0.27851674 0.958384 1099240 1149760
19.547583 -0.149373 1.0995537 1102350 1154520
19.604371 -0.012856045 1.253634 1105310 1159280
19.633526 0.093145655 1.3511414 1107610 1162720
19.657841 0.23958376 1.4613686 1110840 1167240
19.66487 0.34833893 1.551142 1113160 1170610
19.65829 0.49471303 1.6802936 1116230 1175190
19.633728 0.63799739 1.8008521 1119320 1179690
19.603845 0.74120687 1.9043919 1121520 1183100
19.547222 0.87405563 2.0430115 1124480 1187680
19.469917 1.003459 2.1755827 1127640 1192390
19.402917 1.091105 2.2713686 1129960 1195830
19.303379 1.1954738 2.3936522 1133010 1200310
19.220006 1.2662572 2.4817061 1135350 1203680
19.096965 1.3479036 2.6297676 1138340 1208400
18.963612 1.4099751 2.7821321 1141290 1213130
18.857055 1.4439897 2.8830708 1143620 1216640
18.710787 1.4714158 3.0294095 1146650 1221380
18.560897 1.4761056 -3.0919668 1149620 1226240
18.449584 1.4651197 -2.9944684 1151970 1229730
18.301673 1.4341296 -2.8756556 1155220 1234370
18.149721 1.3848322 -2.7800994 1158830 1239100
18.033751 1.3374525 -2.7273739 1161790 1242680
17.888844 1.2670776 -2.6516005 1165550 1247330
17.785643 1.2075429 -2.5850892 1168270 1250830
17.658068 1.1162624 -2.4559846 1171610 1255680
17.545455 1.0067973 -2.2847504 1174710 1260780
17.47046 0.90983745 -2.1735448 1177260 1264630
17.385641 0.7617574 -2.0083927 1180750 1270050
17.338371 0.63814407 -1.8636967 1183360 1274350
17.302103 0.46082272 -1.6813962 1187020 1280140
17.298919 0.28541536 -1.4964903 1190520 1285800
17.328654 0.10921401 -1.3107396 1194100 1291550
17.372456 -0.017493476 -1.1651945 1196750 1295900
17.456766 -0.1700285 -0.96652444 1200140 1301610
17.541748 -0.27519955 -0.81582417 1202790 1306020
17.681532 -0.39463298 -0.59828411 1206320 1312090
17.837585 -0.48168727 -0.4194135 1209940 1317800
17.965422 -0.53080807 -0.31429264 1212900 1321990
18.141444 -0.57458933 -0.17326599 1216810 1327550
18.322059 -0.59675268 -0.070933798 1220960 1332900
18.41066 -0.60058229 -0.015458998 1222950 1335540
18.590681 -0.59174727 0.11353532 1226900 1341000
18.728014 -0.56872546 0.2186465 1229920 1345250
18.897374 -0.51802216 0.36313386 1233690 1350710
19.058052 -0.44428949 0.49730231 1237520 1356110
19.168978 -0.37531083 0.61535018 1240240 1360210
19.299321 -0.26665113 0.77448786 1243740 1365570
19.411966 -0.13870936 0.92330394 1247320 1370890
19.48177 -0.033322891 1.0482502 1249890 1374920
19.553799 0.11799842 1.2048191 1253350 1380210
19.591451 0.23284088 1.3031354 1255930 1383940
19.622433 0.38661691 1.440838 1259220 1388840
19.632588 0.54584133 1.5733682 1262610 1393780
19.625988 0.66440752 1.6794341 1265090 1397500
19.597605 0.81770607 1.8283178 1268290 1402440
19.560897 0.93124273 1.93868 1270760 1406200
19.494221 1.0704692 2.0961683 1273870 1411150
19.408542 1.1949471 2.2510945 1276910 1416000
19.333539 1.2787011 2.3511707 1279260 1419520
19.223247 1.3757369 2.4889179 1282290 1424160
19.101652 1.4543472 2.6464531 1285150 1428860
19.001545 1.5011533 2.7620153 1287360 1432420
18.862195 1.5445148 2.9178233 1290260 1437140
18.720819 1.5651589 3.0753664 1293070 1441790
18.609931 1.5664768 -3.0991363 1295330 1445320
18.46376 1.5517884 -2.9837448 1298490 1449830
18.324482 1.522545 -2.885527 1301630 1454120
18.219984 1.4915828 -2.8215483 1304100 1457340
18.079168 1.4361993 -2.7121953 1307410 1461930
17.977624 1.3836292 -2.6155674 1309830 1465480
17.848381 1.2995386 -2.5139663 1313260 1470100
17.729204 1.2032204 -2.4097812 1316650 1474710
17.648569 1.1240457 -2.3208847 1319080 1478180
17.553315 1.010195 -2.2140978 1322330 1482680
17.47239 0.88919293 -2.1064375 1325500 1487110
17.419716 0.79051667 -2.0158177 1327890 1490560
17.359722 0.64577556 -1.911648 1331370 1495260
17.324789 0.53548229 -1.8434013 1333990 1498680
17.285593 0.38792435 -1.8174587 1337820 1502820
17.244593 0.23766117 -1.8568777 1342110 1506660
17.208872 0.1259814 -1.9038561 1345440 1509450
17.150471 -0.024600285 -1.9776947 1350080 1513240
17.084845 -0.16670553 -2.0291554 1354460 1517030
17.030553 -0.27041458 -2.0769921 1357790 1519810
16.955191 -0.39923438 -2.1232594 1361950 1523440
16.871986 -0.52566578 -2.1824336 1366240 1527050
16.805863 -0.61710549 -2.2113349 1369350 1529830
16.711315 -0.73505414 -2.2816865 1373700 1533370
16.637388 -0.8159567 -2.3406666 1376900 1535890
16.528455 -0.91854924 -2.4316469 1381330 1539270
16.411434 -1.0096426 -2.5286392 1385760 1542580
16.320129 -1.0685167 -2.6091113 1389060 1544950
16.192133 -1.1338496 -2.7301574 1393510 1548000
16.056952 -1.1809101 -2.8830156 1398130 1550850
15.952618 -1.2015313 -3.0099083 1401640 1552890
15.814845 -1.2088564 3.1161437 1406150 1555580
15.712125 -1.2001022 2.9970059 1409530 1557580
15.579073 -1.1699091 2.8398809 1414000 1560230
15.452953 -1.1178524 2.6603978 1418600 1562750
15.368339 -1.06595 2.5223627 1421990 1564540
15.272588 -0.98010926 2.299066 1426640 1566600
15.207179 -0.88412367 2.0388523 1431180 1568120
15.178643 -0.80679286 1.8097542 1434660 1568940
15.170604 -0.71319618 1.5032128 1438890 1569610
15.182368 -0.65238975 1.256154 1441940 1569790
15.211586 -0.59559699 0.93513579 1445470 1569590
15.246854 -0.56113736 0.61246828 1448630 1569000
15.27965 -0.54475752 0.31393535 1451320 1568220
15.302297 -0.53961796 0.1324026 1452980 1567770
15.341183 -0.53779837 -0.038885399 1454990 1567790
15.398068 -0.5428682 -0.13889177 1457060 1568700
15.449317 -0.55123328 -0.18470541 1458680 1569790
15.518377 -0.56544292 -0.22114711 1460730 1571420
15.570084 -0.57737875 -0.23257234 1462180 1572740
15.646146 -0.59620558 -0.25271397 1464340 1574670
15.731161 -0.61943022 -0.28063981 1466800 1576810
15.799341 -0.63950869 -0.29214892 1468720 1578600
15.896712 -0.6682716 -0.28230438 1471310 1581310
16.003873 -0.69833754 -0.26476701 1474110 1584320
16.086776 -0.72052727 -0.25828866 1476310 1586600
16.199851 -0.75001764 -0.25195499 1479320 1589690
16.323411 -0.78334162 -0.27490752 1482790 1592900
16.420253 -0.8118981 -0.29859399 1485560 1595400
16.549864 -0.85250921 -0.30868556 1489160 1598890
16.649853 -0.88513229 -0.32207359 1491980 1601560
16.782544 -0.92990295 -0.32874555 1495670 1605180
16.917424 -0.97596379 -0.32941028 1499390 1608900
17.02213 -1.0119905 -0.33336587 1502300 1611770
17.164774 -1.0595953 -0.31085175 1506090 1615830
17.274573 -1.0942269 -0.30021075 1509030 1618900
17.418162 -1.1362406 -0.26909487 1512750 1622990
17.566539 -1.1729913 -0.21649809 1516430 1627290
17.722008 -1.2013337 -0.14414856 1520130 1631840
17.835869 -1.2138127 -0.074176578 1522710 1635240
17.985918 -1.2199672 -0.0078104043 1526240 1639550
18.134124 -1.2159502 0.062005022 1529700 1643830
18.245171 -1.206108 0.11479479 1532300 1647050
18.397076 -1.1831981 0.18458419 1535900 1651470
18.50878 -1.1587227 0.24681874 1538520 1654820
18.655528 -1.1146062 0.33724647 1541990 1659350
18.795669 -1.05753 0.43628149 1545360 1663880
18.896206 -1.0050958 0.52517538 1547800 1667360
19.027607 -0.92151685 0.60785354 1551380 1671910
19.154345 -0.82584699 0.68535728 1555070 1676510
19.241764 -0.74918904 0.75446235 1557700 1679950
19.353698 -0.63201781 0.86204573 1561300 1684810
19.449929 -0.50571612 0.97738193 1564770 1689630
19.513952 -0.40275081 1.051622 1567500 1693230
19.588192 -0.25741639 1.1454434 1571210 1698040
19.633847 -0.14468272 1.2265596 1573910 1701690
19.681092 0.0067185792 1.3100836 1577560 1706320
19.713148 0.15910593 1.4168366 1581000 1711010
19.725834 0.27448197 1.505718 1583510 1714560
19.726731 0.43211592 1.6245005 1586930 1719370
19.71006 0.58000276 1.7416037 1590130 1723940
19.686604 0.68839295 1.8262092 1592530 1727330
19.641707 0.8268641 1.9424688 1595650 1731810
19.580524 0.95491861 2.0905581 1598490 1736380
19.523014 1.0440871 2.1966827 1600640 1739770
19.43106 1.1539439 2.338747 1603550 1744340
19.327216 1.2464104 2.4894293 1606300 1748850
19.24052 1.3052256 2.6015787 1608380 1752240
19.147954 1.3551067 2.6930897 1610590 1755520
19.023125 1.4070982 2.8007981 1613490 1759680
18.895339 1.4443874 2.9145352 1616300 1763820
18.756355 1.4679671 3.0325356 1619290 1768190
18.650656 1.4747584 3.1223234 1621530 1771480
18.514969 1.4693046 -3.0419784 1624380 1775720
18.413149 1.4547549 -2.9573345 1626570 1778900
18.276843 1.4211138 -2.8419107 1629560 1783240
18.146982 1.3714066 -2.7101449 1632420 1787640
18.054857 1.323973 -2.6220661 1634610 1790860
17.935798 1.2463659 -2.5057907 1637640 1795250
17.852589 1.178686 -2.4117091 1639890 1798600
17.753058 1.0772456 -2.2816781 1642840 1803070
17.666667 0.96584482 -2.1791548 1645920 1807350
17.610211 0.87849361 -2.1099933 1648230 1810470
17.54219 0.75435492 -2.0341286 1651480 1814610
17.479577 0.62017241 -1.9806497 1655030 1818790
17.436983 0.51652439 -1.9407605 1657720 1821950
17.384693 0.37921179 -1.9285482 1661480 1825860
17.34575 0.27739764 -1.9436738 1664410 1828620
17.289429 0.14333392 -1.9933625 1668490 1832130
17.220162 0.0061706817 -2.0835019 1673020 1835620
17.16197 -0.09051857 -2.1416377 1676300 1838230
17.075559 -0.21361999 -2.2240232 1680700 1841680
16.982692 -0.32750371 -2.2857563 1684890 1845160
16.905695 -0.41079074 -2.3481938 1688210 1847760
16.799567 -0.51104471 -2.4211003 1692440 1851150
16.683202 -0.60542415 -2.4991846 1696800 1854610
16.593207 -0.66929485 -2.5495697 1699970 1857200
16.468257 -0.74663968 -2.62506 1704240 1860600
16.338279 -0.81560413 -2.6824956 1708410 1864110
16.23771 -0.86331048 -2.7148286 1711500 1866830
16.133974 -0.9086827 -2.7437309 1714620 1869620
15.998608 -0.96334129 -2.7719268 1718590 1873270
15.859332 -1.0125546 -2.8319442 1722790 1876780
15.71948 -1.0537594 -2.8781954 1726860 1880320
15.611879 -1.0807205 -2.9139656 1729960 1883010
15.467074 -1.1126404 -2.9352933 1733950 1886760
15.356794 -1.1346521 -2.9538741 1736990 1889590
15.2099 -1.1587898 -3.0035793 1741160 1893190
15.062979 -1.1758072 -3.0489805 1745280 1896790
14.950055 -1.1840656 -3.0882007 1748460 1899520
14.801903 -1.1902721 -3.1112479 1752460 1903260
14.648079 -1.1924379 3.139406 1756660 1907090
14.536012 -1.1912481 3.1225463 1759680 1909920
14.386666 -1.1861666 3.092615 1763750 1913650
14.241963 -1.1764653 3.0566854 1767740 1917230
14.131399 -1.1653961 3.0269331 1770810 1919960
13.981723 -1.1442459 2.9754975 1775050 1923610
13.875436 -1.124799 2.9457596 1778040 1926260
13.732372 -1.0929631 2.8995046 1782130 1929820
13.594411 -1.0563825 2.8653053 1786050 1933350
13.491288 -1.0247533 2.8226703 1789110 1935920
13.357114 -0.97607083 2.7643962 1793170 1939310
13.225892 -0.91893863 2.6975209 1797290 1942660
13.130555 -0.87013553 2.6394127 1800420 1945120
13.009664 -0.79866989 2.5759903 1804450 1948420
12.919043 -0.73738059 2.5178712 1807640 1950940
12.805135 -0.65073611 2.4647532 1811680 1954370
12.696044 -0.55691661 2.3978751 1815820 1957740
12.620232 -0.48400699 2.3535335 1818820 1960230
12.521107 -0.37708463 2.2832069 1823030 1963630
12.428066 -0.26309462 2.2274912 1827190 1967150
12.36117 -0.17509505 2.2140784 1830150 1969960
12.268639 -0.053652265 2.2297031 1834040 1974040
12.175296 0.060553098 2.2823253 1837580 1978200
12.099717 0.14432101 2.3273699 1840260 1981410
11.993273 0.24724062 2.4186816 1843590 1985810
11.907505 0.31571292 2.5170516 1845880 1989250
11.78355 0.39275359 2.6539445 1848890 1993860
11.652708 0.44917983 2.8149276 1851670 1998520
11.513249 0.48275948 2.9956836 1854360 2003320
11.401969 0.49191749 3.1232781 1856530 2006980
11.253883 0.48499874 -3.0299032 1859640 2011610
11.14436 0.46881722 -2.9599135 1862120 2014910
10.996064 0.43772171 -2.90989 1865780 2019160
10.850118 0.39994553 -2.8667416 1869460 2023350
10.739588 0.36705859 -2.8380454 1872300 2026530
10.59275 0.31994184 -2.8241473 1876240 2030640
10.448685 0.27115077 -2.8059404 1880100 2034720
10.337417 0.23242255 -2.8073497 1883180 2037790
10.186378 0.18032486 -2.8115342 1887370 2041940
10.031173 0.13040441 -2.8492675 1891840 2045980
9.9131665 0.096416051 -2.8730558 1895180 2049050
9.7522077 0.0538972 -2.8936083 1899640 2053280
9.6292591 0.022805796 -2.8941998 1902950 2056590
9.4636951 -0.018713021 -2.8975754 1907420 2061030
9.2943516 -0.058491256 -2.9241817 1912110 2065420
9.1654734 -0.086106882 -2.936834 1915620 2068790
8.9921758 -0.12217623 -2.9359399 1920230 2073420
8.8183114 -0.16016684 -2.9169937 1924760 2078180
8.6887444 -0.18995908 -2.9141745 1928210 2081670
8.5184479 -0.22983643 -2.9089713 1932740 2086270
8.3450959 -0.27012169 -2.9175399 1937430 2090870
8.2159541 -0.29834281 -2.9353534 1940980 2094220
8.0451584 -0.32927772 -2.9894723 1945820 2098440
7.8753524 -0.35166509 -3.0315433 1950530 2102670
7.7455046 -0.36433636 -3.0570868 1954080 2105930
7.5706052 -0.37613019 -3.0914383 1958850 2110310
7.3962985 -0.37970633 3.1324652 1963740 2114520
7.2653197 -0.37554129 3.0871427 1967420 2117680
7.0949944 -0.36162843 3.0330364 1972190 2121830
6.9678477 -0.34546037 2.9971851 1975740 2124970
6.801099 -0.31695574 2.947386 1980440 2129100
6.6420394 -0.28204065 2.9036347 1984940 2133100
6.5251039 -0.25294973 2.8918949 1988150 2136180
6.3674077 -0.2147583 2.9160734 1992240 2140560
6.2055629 -0.18301763 2.9797917 1996170 2145240
6.0886409 -0.16867093 3.0592079 1998780 2148780
5.9291072 -0.166785 -3.0828499 2002120 2153770
5.8130026 -0.18138675 -2.9501214 2004400 2157600
5.6687021 -0.22357127 -2.7642386 2007240 2162610
5.5339566 -0.28896186 -2.615326 2010280 2167390
5.4397659 -0.350696 -2.5075122 2012590 2170960
5.3269126 -0.44741057 -2.3585934 2015600 2175710
5.2267644 -0.5600708 -2.2363403 2018820 2180360
5.1590919 -0.65319623 -2.1620717 2021390 2183800
5.078931 -0.78446787 -2.0759461 2024900 2188320
5.005542 -0.92464581 -2.0302531 2028760 2192720
4.9546809 -1.0309101 -2.004148 2031680 2195950
4.8896118 -1.1715696 -2.0040109 2035720 2200000
4.8263444 -1.3107338 -1.9909666 2039630 2204070
4.7796294 -1.4180527 -1.9717363 2042570 2207240
4.7186318 -1.5684038 -1.9406791 2046620 2211660
4.678203 -1.6774273 -1.9111271 2049480 2214870
4.6264841 -1.8267667 -1.8972471 2053520 2219080
4.5758311 -1.9776875 -1.8919708 2057640 2223270
4.5365173 -2.0952359 -1.8951283 2060890 2226490
4.4842507 -2.2522828 -1.8890215 2065170 2230850
4.4341085 -2.4088117 -1.8725913 2069360 2235240
4.3985167 -2.5271334 -1.8533913 2072470 2238580
4.3547219 -2.6877369 -1.8206343 2076620 2243120
4.3238143 -2.8125066 -1.8066164 2079890 2246560
4.2891777 -2.9710163 -1.7652416 2083880 2251040
4.26455 -3.129246 -1.685164 2087590 2255690
4.2572265 -3.2460425 -1.5816699 2090040 2259350
4.2691096 -3.393608 -1.3992144 2092840 2264280
4.2936108 -3.4934874 -1.2612621 2094720 2267770
4.3451128 -3.6107923 -1.05292 2096850 2272330
4.4138399 -3.7035727 -0.81356299 2098470 2276740
4.4720789 -3.7544776 -0.62304064 2099380 2279870
4.5500959 -3.796954 -0.37410489 2100250 2283640
4.6244655 -3.8151651 -0.10619184 2100690 2287200
4.6748008 -3.8153443 0.099073718 2100810 2289710
4.7350797 -3.8008163 0.37392942 2100830 2292930
4.7759746 -3.7799038 0.57147873 2100880 2295280
4.8235696 -3.7404504 0.81280201 2101090 2298300
4.8615393 -3.6909264 1.020592 2101510 2301140
4.8863809 -3.6436372 1.1536159 2102130 2303310
4.9147822 -3.5641079 1.3019733 2103470 2306380
4.9350399 -3.4697316 1.4167415 2105320 2309570
4.9447152 -3.3896792 1.4842917 2107030 2312070
4.9522876 -3.2738442 1.526742 2109810 2315350
4.9588365 -3.1502586 1.5089681 2113140 2318480
4.9649818 -3.0571634 1.5007945 2115620 2320870
4.9736086 -2.9283354 1.507071 2118950 2324280
4.9795302 -2.8277455 1.5169191 2121520 2326970
4.9847701 -2.6939458 1.5463888 2124840 2330640
4.9868514 -2.5916699 1.5545099 2127460 2333360
4.9902662 -2.4489868 1.5392272 2131270 2337000
4.9947693 -2.3059541 1.5394196 2135000 2340740
4.9992522 -2.1565966 1.5421623 2138880 2344660
5.0011894 -2.0445507 1.5648549 2141670 2347720
5.0007807 -1.8953204 1.5822155 2145460 2351720
4.9984496 -1.743617 1.5901062 2149370 2355730
4.9954263 -1.6289079 1.6041883 2152280 2358810
4.9885612 -1.467372 1.6223508 2156390 2363140
4.9807658 -1.3492447 1.6510329 2159310 2366400
4.9658605 -1.1926807 1.6803934 2163240 2370680
4.9500427 -1.0728489 1.7236812 2166140 2374090
4.9181386 -0.91495019 1.8166518 2169800 2378840
4.8715161 -0.75955393 1.9078974 2173500 2383610
4.8287862 -0.64936355 1.9735539 2176200 2387080
4.7599134 -0.50331247 2.0493255 2179970 2391740
4.6774092 -0.3607329 2.1414193 2183730 2396580
4.6067826 -0.26030291 2.2259703 2186440 2400280
4.4987266 -0.13344102 2.3266535 2190200 2405220
4.378773 -0.020828155 2.4488424 2193780 2410230
4.277952 0.055756519 2.535096 2196580 2414040
4.1356765 0.14470609 2.6306139 2200400 2418980
4.0268587 0.20116304 2.6953901 2203220 2422560
3.8761245 0.26714737 2.7625496 2207120 2427250
3.7198414 0.3221822 2.8434609 2210970 2432050
3.5992563 0.35684891 2.8798482 2214030 2435540
3.4401721 0.39661172 2.913477 2218110 2440020
3.319972 0.42352042 2.9292392 2221230 2443330
3.1542073 0.45910485 2.931028 2225640 2447770
2.9912362 0.49400335 2.9302507 2229990 2452120
2.8677554 0.52120092 2.9193431 2233350 2455360
2.7012446 0.5578469 2.9305856 2237730 2459880
2.5330895 0.59227499 2.9487015 2242100 2464470
2.4091036 0.61498365 2.9721888 2245250 2467900
2.2390438 0.64451813 2.9670846 2249780 2472380
2.1150163 0.66592733 2.9742362 2253020 2475710
1.9493484 0.69266431 2.9889305 2257310 2480180
1.7814728 0.71487854 3.0311324 2261480 2484850
1.6538263 0.72829743 3.0425715 2264760 2488270
1.4835083 0.74432563 3.0529515 2269160 2492800
1.3554029 0.75491735 3.0652496 2272440 2496230
1.1797567 0.76683127 3.082485 2276930 2500930
1.0099426 0.77694791 3.0816914 2281370 2505370
0.87978487 0.78586119 3.0647463 2284870 2508680
0.70809265 0.7993733 3.0613635 2289380 2513160
0.5329523 0.81299671 3.0665631 2293930 2517780
0.40497959 0.82287637 3.0625251 2297300 2521110
0.23080809 0.8389355 3.0367742 2302010 2525530
0.058265429 0.85775856 3.0290861 2306580 2530020
-0.071960698 0.87228551 3.0319144 2309980 2533460
-0.24134971 0.88990184 3.0440175 2314350 2537980
-0.37149686 0.90341633 3.0322293 2317830 2541330
-0.54087178 0.92296701 3.0211162 2322340 2545720
-0.71415096 0.94681906 2.9884864 2327090 2550100
-0.8416731 0.96828074 2.9612287 2330620 2553320
-1.0091897 1.0039853 2.901961 2335430 2557450
-1.1725219 1.0457505 2.8805388 2339950 2561730
-1.2969418 1.0795457 2.8721991 2343360 2565050
-1.4556239 1.1223978 2.8834699 2347580 2569410
-1.5717615 1.1545412 2.8596924 2350860 2572420
-1.7243444 1.2012929 2.8288542 2355200 2576410
-1.8761223 1.253625 2.7902727 2359610 2580380
-1.987003 1.2945708 2.7854223 2362720 2583440
-2.1386284 1.351269 2.7820878 2366960 2587650
-2.2900128 1.408602 2.7770337 2371210 2591850
-2.403993 1.4521921 2.7756047 2374400 2595030
-2.5564342 1.5110588 2.7705434 2378690 2599270
-2.7071939 1.569482 2.7732287 2382890 2603510
-2.819834 1.6138884 2.7589067 2386130 2606590
-2.9661927 1.6719889 2.7684904 2390180 2610760
-3.1155948 1.7291313 2.7840811 2394260 2615030
-3.2271787 1.7686768 2.8179225 2397150 2618320
-3.3793549 1.8173267 2.8464118 2401150 2622660
-3.4926764 1.8502269 2.8716562 2404080 2625890
-3.6405041 1.8851562 2.947473 2407600 2630300
-3.7533269 1.9025671 3.0294858 2410100 2633760
-3.9009105 1.9074269 -3.09532 2413030 2638540
-4.0348972 1.8892934 -2.9188248 2415530 2643100
-4.1273744 1.8616498 -2.7834212 2417260 2646410
-4.2377054 1.8078417 -2.5922508 2419350 2650730
-4.3254182 1.7409673 -2.3881233 2421040 2654800
-4.3766409 1.6853164 -2.2414459 2422160 2657630
-4.4284657 1.60527 -2.0492864 2423530 2661240
-4.4611204 1.5230592 -1.8484992 2424670 2664720
-4.4729895 1.4641253 -1.6905686 2425320 2667210
-4.4735627 1.3973215 -1.4681848 2425770 2670250
-4.4632506 1.3508029 -1.23711 2425670 2672840
-4.4540924 1.3301786 -1.0686895 2425280 2674410
-4.4453068 1.3174453 -0.86498097 2424500 2676000
-4.4428334 1.3148045 -0.77127473 2424050 2676640
-4.4350362 1.3086835 -0.55980204 2423080 2678130
-4.4173224 1.2992208 -0.42146344 2422800 2679460
-4.3902925 1.2884435 -0.33733543 2423070 2680710
-4.334334 1.2717076 -0.24388593 2424050 2682780
-4.2767306 1.2589854 -0.19085136 2425280 2684630
-4.1821844 1.2437159 -0.12938998 2427420 2687490
-4.0762474 1.2327674 -0.076576976 2429890 2690580
-3.9894355 1.2275888 -0.042589018 2431960 2693050
-3.8638244 1.2239293 -0.015660453 2435080 2696490
-3.7318386 1.2232403 0.0052198464 2438400 2700060
-3.632044 1.2246391 0.02281066 2440900 2702770
-3.4943274 1.2272037 0.014429812 2444540 2706320
-3.3592684 1.2281229 -0.00081742589 2448150 2709760
-3.2548638 1.2271593 -0.017641061 2450970 2712390
-3.1091355 1.2228461 -0.041536501 2454910 2716060
-2.9617454 1.2169236 -0.038785179 2458740 2719930
-2.8488115 1.212317 -0.042751593 2461710 2722860
-2.7004692 1.2062392 -0.039144951 2465560 2726760
-2.5831454 1.2011573 -0.047431074 2468670 2729780
-2.4235819 1.1929736 -0.055054813 2472880 2733910
-2.258652 1.184816 -0.043787337 2477120 2738290
-2.1361572 1.1796248 -0.040919786 2480300 2741510
-1.976693 1.1736544 -0.03392557 2484420 2745720
-1.8518897 1.1685227 -0.048265503 2487760 2748900
-1.6862067 1.160027 -0.054198201 2492120 2753200
-1.5192808 1.1496816 -0.069595443 2496570 2757480
-1.3987189 1.1408786 -0.076178129 2499760 2760600
-1.2320865 1.1265806 -0.095014511 2504230 2764860
-1.0640866 1.1104303 -0.09666148 2508640 2769260
-0.9361605 1.0978209 -0.099840578 2512010 2772600
-0.7729008 1.0804812 -0.11178404 2516360 2776820
-0.60481453 1.0582452 -0.15126754 2521010 2781020
-0.47872852 1.0374867 -0.17507886 2524480 2784220
-0.30929282 1.0066179 -0.18534014 2529030 2788660
-0.14237478 0.97584772 -0.17925316 2533420 2793130
-0.017830948 0.95296599 -0.18414286 2536750 2796410
0.14914113 0.92142693 -0.18923453 2541210 2800820
0.27598992 0.89731857 -0.18639734 2544560 2804210
0.44606262 0.8657039 -0.18118532 2549040 2808760
0.61265599 0.83637397 -0.16735688 2553370 2813260
0.74030402 0.81572839 -0.15334263 2556660 2816720
0.90798395 0.79349737 -0.11028008 2560820 2821390
1.0744401 0.77738718 -0.082685719 2565020 2825920
1.1959386 0.76833446 -0.066057259 2568100 2829200
1.3645406 0.75725972 -0.065125617 2572500 2833620
1.4899929 0.74990735 -0.051954365 2575700 2836980
1.6172701 0.74451224 -0.032772231 2578910 2840420
1.7846388 0.73996809 -0.021515492 2583210 2844860
1.9060668 0.73742515 -0.020362284 2586370 2848040
2.0695862 0.73206282 -0.04520067 2590780 2852170
2.235061 0.72315904 -0.062310582 2595200 2856400
2.3621181 0.71382194 -0.084400493 2598650 2859600
2.526944 0.69867069 -0.098929845 2603050 2863840
2.6541845 0.68500805 -0.11500355 2606480 2867090
2.822638 0.66584883 -0.11149508 2610880 2871540
2.9916573 0.64656325 -0.11572781 2615340 2875960
3.1124349 0.63201457 -0.12403398 2618560 2879090
3.2773404 0.60777954 -0.16780304 2623160 2883190
3.3995583 0.58492547 -0.20191612 2626600 2886240
3.5637858 0.54680095 -0.25429245 2631300 2890340
3.7205998 0.50148286 -0.30836344 2635870 2894290
3.8344013 0.46067199 -0.3802935 2639440 2897030
3.9422468 0.41271775 -0.4565101 2642960 2899670
4.0790168 0.33618102 -0.5638597 2647670 2903140
4.2059684 0.24724753 -0.6583045 2652260 2906640
4.3226641 0.14698002 -0.76134229 2656870 2910060
4.401568 0.065758804 -0.83839638 2660270 2912570
4.4962168 -0.051381026 -0.94399843 2664810 2915890
4.5774864 -0.1758859 -1.0409932 2669250 2919210
4.6315257 -0.2762656 -1.1128912 2672640 2921770
4.6946385 -0.42327685 -1.2176773 2677420 2925340
4.7416247 -0.5764083 -1.3284823 2682240 2928880
4.7661033 -0.69284488 -1.3986837 2685750 2931580
4.7866855 -0.854009 -1.4888642 2690510 2935300
4.7935305 -0.97739604 -1.5418908 2694040 2938220
4.7940542 -1.1434992 -1.5933957 2698670 2942260
4.7858598 -1.3084425 -1.6474758 2703290 2946260
4.7725294 -1.4339944 -1.7056729 2706920 2949220
4.7443474 -1.6002201 -1.7718066 2711700 2953240
4.7066541 -1.7645475 -1.8207438 2716380 2957360
4.6744755 -1.8852394 -1.8419622 2719760 2960500
4.6269676 -2.0422026 -1.8874384 2724300 2964520
4.5731427 -2.1950847 -1.9311863 2728780 2968500
4.5282423 -2.3087686 -1.9627102 2732150 2971510
4.4639476 -2.4604606 -1.9806752 2736550 2975710
4.3996008 -2.6085806 -1.9805685 2740760 2979930
4.352986 -2.718653 -1.9622097 2743770 2983160
4.2997244 -2.863564 -1.8838242 2747340 2987650
4.2696612 -2.9717031 -1.8000847 2749780 2991070
4.2483993 -3.1079516 -1.6511155 2752510 2995540
4.2489612 -3.2324321 -1.4814489 2754770 2999780
4.262561 -3.3183029 -1.3460019 2756250 3002840
4.2968213 -3.4221413 -1.1582068 2758010 3006790
4.3474757 -3.511625 -0.95318596 2759500 3010670
4.3931671 -3.5660153 -0.79100857 2760410 3013470
4.461476 -3.6209963 -0.56442127 2761380 3017080
4.5168391 -3.6493878 -0.3832864 2761950 3019760
4.5968391 -3.6703464 -0.12916116 2762630 3023400
4.6804917 -3.6699109 0.13957478 2763250 3027150
4.7389256 -3.6558218 0.33361691 2763690 3029850
4.8115372 -3.6195508 0.59290998 2764300 3033480
4.8603055 -3.5796929 0.77748023 2764870 3036200
4.9181001 -3.509717 0.98341681 2766040 3039770
4.9671334 -3.420854 1.14975 2767720 3043390
4.9965269 -3.3455681 1.2473942 2769260 3046070
5.0266781 -3.2378535 1.3483335 2771590 3049580
5.0485421 -3.1189859 1.4294535 2774270 3053210
5.0596231 -3.0200001 1.4891779 2776520 3056160
5.0648372 -2.8816129 1.5770947 2779620 3060290
5.0619457 -2.7766816 1.6195966 2782110 3063280
5.0539177 -2.6339985 1.6344071 2785750 3067100
5.0433384 -2.4887949 1.6526443 2789440 3071010
5.030801 -2.3352817 1.6519261 2793460 3075030
5.0203617 -2.2188944 1.6685777 2796410 3078180
5.0041745 -2.0636083 1.6807471 2800410 3082330
4.9860633 -1.9122014 1.6989523 2804280 3086420
4.9708408 -1.8013694 1.7156271 2807100 3089440
4.9471199 -1.6462795 1.7295126 2811110 3093620
4.9204799 -1.4930272 1.7563019 2815010 3097840
4.8983658 -1.3782838 1.7660748 2818000 3100950
4.8649574 -1.2253853 1.8057577 2821850 3105270
4.8334892 -1.1067019 1.854195 2824770 3108760
4.7789269 -0.9443801 1.935941 2828760 3113710
4.7141182 -0.79523011 2.0254645 2832480 3118480
4.6560045 -0.68446568 2.0824906 2835410 3122080
4.5679259 -0.54299835 2.1728557 2839230 3126960
4.4930284 -0.44067443 2.2324526 2842190 3130620
4.3858864 -0.31178207 2.296158 2846190 3135370
4.2987356 -0.21967201 2.360914 2849120 3139060
4.1695149 -0.10182775 2.4435028 2853200 3144110
4.0342449 0.0025540028 2.5252494 2857180 3149050
3.8916741 0.1001776 2.5571174 2861500 3153750
3.7841791 0.16995318 2.574576 2864740 3157200
3.6382217 0.26244821 2.5789291 2869220 3161740
3.4959875 0.35222855 2.5781445 2873610 3166130
3.3884569 0.42196743 2.5543314 2877090 3169340
3.2516311 0.51681266 2.5165821 2881650 3173470
3.1542641 0.5897497 2.4807616 2885030 3176440
3.0312145 0.69077591 2.4275686 2889490 3180290
2.9158468 0.79910542 2.3477258 2894080 3183960
2.837517 0.8837677 2.2869997 2897440 3186620
2.7418562 1.0000662 2.2312684 2901690 3190230
2.6725354 1.0915194 2.2075177 2904820 3193090
2.5835506 1.2110819 2.2137012 2908670 3197020
2.4965763 1.3283214 2.2044221 2912530 3200780
2.4344504 1.4124703 2.2090934 2915230 3203540
2.3513818 1.5228182 2.2230665 2918750 3207230
2.2671248 1.6298272 2.2525252 2922130 3210960
2.2032238 1.7052338 2.295056 2924460 3213790
2.11089 1.8045703 2.3442941 2927710 3217620
2.0407779 1.874515 2.3704868 2930140 3220360
1.9503821 1.9595856 2.4025815 2933190 3223790
1.8606742 2.0406071 2.411476 2936290 3227000
1.7960698 2.0982599 2.4145115 2938530 3229280
1.7179805 2.1663958 2.4338044 2941120 3232100
1.6481331 2.2253103 2.4479954 2943420 3234570
1.6030666 2.262495 2.4554613 2944900 3236140
1.5516107 2.3042748 2.4637505 2946580 3237920
1.5192498 2.3300596 2.4738757 2947600 3239060
1.4804869 2.360096 2.4908436 2948780 3240440
1.4444986 2.3871381 2.5035311 2949880 3241690
1.4188761 2.4059708 2.5119812 2950660 3242570
1.3865335 2.429241 2.5238331 2951630 3243680
1.3554856 2.4510255 2.5356938 2952550 3244740
1.3333768 2.466205 2.5441671 2953200 3245490
1.3057243 2.484814 2.5543297 2954010 3246420
1.2860607 2.4977941 2.5619582 2954580 3247080
1.2637401 2.5123123 2.5678529 2955240 3247810
1.2494322 2.5215859 2.5651938 2955700 3248240
1.2447845 2.5246328 2.5574294 2955890 3248340
1.245739 2.5239959 2.5488364 2955910 3248260
1.2511344 2.5203484 2.5454275 2955760 3248070
1.256845 2.5164809 2.5471793 2955570 3247900
1.2655931 2.5106061 2.5532473 2955260 3247660
1.2729329 2.5057277 2.5567278 2955010 3247450
1.2831742 2.4989848 2.5619439 2954660 3247160
1.2939354 2.4919864 2.5680227 2954290 3246860
1.3007102 2.487643 2.5749389 2954040 3246690
1.3076747 2.4832413 2.5809961 2953790 3246510
1.3110852 2.4811064 2.5835944 2953670 3246420
1.3131986 2.4797886 2.5844658 2953600 3246360
1.3138497 2.4793838 2.586189 2953570 3246350
1.3133613 2.4796871 2.5853265 2953590 3246360
1.3123852 2.480294 2.5853212 2953620 3246390
1.3120598 2.4804963 2.5853194 2953630 3246400
1.3123852 2.480294 2.5853212 2953620 3246390
1.3127106 2.4800917 2.585323 2953610 3246380
1.3127106 2.4800917 2.585323 2953610 3246380
1.3127106 2.4800917 2.585323 2953610 3246380
1.3127106 2.4800917 2.585323 2953610 3246380
1.3127106 2.4800917 2.585323 2953610 3246380
1.3127106 2.4800917 2.5853229 2953610 3246380
1.3125478 2.4801931 2.5844622 2953620 3246380
1.3127106 2.4800917 2.585323 2953610 3246380
1.3127106 2.4800917 2.585323 2953610 3246380
1.3127106 2.4800917 2.585323 2953610 3246380
1.3127106 2.4800917 2.585323 2953610 3246380
1.3127106 2.4800917 2.585323 2953610 3246380
1.3127106 2.4800917 2.585323 2953610 3246380
1.3127106 2.4800917 2.585323 2953610 3246380
1.3127106 2.4800917 2.585323 2953610 3246380
1.3127106 2.4800917 2.585323 2953610 3246380
