1535629777317752 2.68638e+07 2.82422e+07
1535629777384440 2.68638e+07 2.82422e+07
1535629777484346 2.68638e+07 2.82422e+07
1535629777584270 2.68638e+07 2.82422e+07
1535629777650900 2.68638e+07 2.82422e+07
1535629777750787 2.68638e+07 2.82422e+07
1535629777850790 2.68638e+07 2.82422e+07
1535629777950732 2.68638e+07 2.82422e+07
1535629778017326 2.68638e+07 2.82422e+07
1535629778117254 2.68638e+07 2.82422e+07
1535629778217034 2.68638e+07 2.82422e+07
1535629778283653 2.68638e+07 2.82422e+07
1535629778383584 2.68638e+07 2.82422e+07
1535629778483436 2.68638e+07 2.82422e+07
1535629778583380 2.68638e+07 2.82422e+07
1535629778649857 2.68638e+07 2.82422e+07
1535629778749750 2.68638e+07 2.82422e+07
1535629778849704 2.68638e+07 2.82422e+07
1535629778916400 2.68638e+07 2.82422e+07
1535629779016254 2.68638e+07 2.82422e+07
1535629779116117 2.68638e+07 2.82422e+07
1535629779216101 2.68638e+07 2.82422e+07
1535629779282588 2.68638e+07 2.82422e+07
1535629779382495 2.68638e+07 2.82422e+07
1535629779482249 2.68638e+07 2.82422e+07
1535629779548933 2.68638e+07 2.82422e+07
1535629779648785 2.68639e+07 2.82422e+07
1535629779748731 2.6864e+07 2.82423e+07
1535629779848564 2.68641e+07 2.82425e+07
1535629779915097 2.68643e+07 2.82427e+07
1535629780014873 2.68646e+07 2.82429e+07
1535629780114784 2.6865e+07 2.82433e+07
1535629780181412 2.68653e+07 2.82436e+07
1535629780281389 2.68658e+07 2.82441e+07
1535629780381469 2.68664e+07 2.82448e+07
1535629780448043 2.68669e+07 2.82453e+07
1535629780547894 2.68677e+07 2.82461e+07
1535629780647752 2.68685e+07 2.82469e+07
1535629780747665 2.68694e+07 2.82478e+07
1535629780814188 2.68701e+07 2.82484e+07
1535629780913955 2.68711e+07 2.82494e+07
1535629781013782 2.68721e+07 2.82504e+07
1535629781080410 2.68728e+07 2.82511e+07
1535629781180356 2.68739e+07 2.82522e+07
1535629781280344 2.68751e+07 2.82533e+07
1535629781380295 2.68763e+07 2.82544e+07
1535629781446895 2.68771e+07 2.82552e+07
1535629781546829 2.68783e+07 2.82564e+07
1535629781646628 2.68796e+07 2.82577e+07
1535629781713259 2.68804e+07 2.82585e+07
1535629781813104 2.68817e+07 2.82598e+07
1535629781913077 2.68831e+07 2.82612e+07
1535629781979559 2.68841e+07 2.82621e+07
1535629782079499 2.68855e+07 2.82637e+07
1535629782179453 2.68871e+07 2.82653e+07
1535629782279289 2.68886e+07 2.82669e+07
1535629782345986 2.68897e+07 2.8268e+07
1535629782445719 2.68914e+07 2.82698e+07
1535629782545476 2.68931e+07 2.82716e+07
1535629782645479 2.68948e+07 2.82734e+07
1535629782712080 2.6896e+07 2.82747e+07
1535629782811930 2.68977e+07 2.82765e+07
1535629782911900 2.68996e+07 2.82784e+07
1535629782978477 2.69009e+07 2.82796e+07
1535629783078359 2.69029e+07 2.82815e+07
1535629783178205 2.69049e+07 2.82835e+07
1535629783278159 2.69071e+07 2.82855e+07
1535629783344705 2.69085e+07 2.82868e+07
1535629783444591 2.69107e+07 2.82889e+07
1535629783544606 2.69129e+07 2.82911e+07
1535629783611127 2.69144e+07 2.82925e+07
1535629783711179 2.69167e+07 2.82947e+07
1535629783811019 2.69191e+07 2.82969e+07
1535629783910946 2.69214e+07 2.82992e+07
1535629783977427 2.6923e+07 2.83007e+07
1535629784077384 2.69255e+07 2.8303e+07
1535629784177286 2.69279e+07 2.83054e+07
1535629784243880 2.69296e+07 2.8307e+07
1535629784343695 2.6932e+07 2.83093e+07
1535629784443672 2.69346e+07 2.83117e+07
1535629784543614 2.6937e+07 2.83142e+07
1535629784610289 2.69387e+07 2.83158e+07
1535629784710150 2.69411e+07 2.83182e+07
1535629784809999 2.69435e+07 2.83205e+07
1535629784876688 2.6945e+07 2.8322e+07
1535629784976516 2.69472e+07 2.83242e+07
1535629785076237 2.69494e+07 2.83263e+07
1535629785176123 2.69515e+07 2.83284e+07
1535629785242833 2.6953e+07 2.83298e+07
1535629785342892 2.6955e+07 2.83319e+07
1535629785442714 2.6957e+07 2.83339e+07
1535629785509277 2.69583e+07 2.83352e+07
1535629785609216 2.69601e+07 2.83373e+07
1535629785709216 2.69618e+07 2.83394e+07
1535629785775760 2.69628e+07 2.83408e+07
1535629785875748 2.69643e+07 2.83429e+07
1535629785975607 2.69657e+07 2.8345e+07
1535629786075587 2.6967e+07 2.83471e+07
1535629786142010 2.69678e+07 2.83485e+07
1535629786241911 2.69691e+07 2.83505e+07
1535629786341840 2.69703e+07 2.83525e+07
1535629786408387 2.69712e+07 2.83537e+07
1535629786508292 2.69725e+07 2.83556e+07
1535629786608191 2.69738e+07 2.83573e+07
1535629786708076 2.69754e+07 2.83589e+07
1535629786774665 2.69765e+07 2.83599e+07
1535629786874364 2.69782e+07 2.83613e+07
1535629786974331 2.698e+07 2.83626e+07
1535629787040804 2.69812e+07 2.83635e+07
1535629787140718 2.69831e+07 2.83648e+07
1535629787240532 2.6985e+07 2.83661e+07
1535629787340557 2.69867e+07 2.83673e+07
1535629787407129 2.69879e+07 2.83682e+07
1535629787506949 2.69897e+07 2.83694e+07
1535629787606840 2.69914e+07 2.83706e+07
1535629787673435 2.69924e+07 2.83715e+07
1535629787773351 2.6994e+07 2.83727e+07
1535629787873126 2.69956e+07 2.83738e+07
1535629787939762 2.69966e+07 2.83746e+07
1535629788039708 2.69983e+07 2.83758e+07
1535629788139590 2.69999e+07 2.83771e+07
1535629788239452 2.70015e+07 2.83784e+07
1535629788305974 2.70026e+07 2.83793e+07
1535629788405980 2.70043e+07 2.83808e+07
1535629788505906 2.70059e+07 2.83824e+07
1535629788572623 2.7007e+07 2.83834e+07
1535629788672529 2.70087e+07 2.83851e+07
1535629788772452 2.70103e+07 2.83869e+07
1535629788839013 2.70114e+07 2.83881e+07
1535629788938920 2.70131e+07 2.83899e+07
1535629789038653 2.70149e+07 2.83917e+07
1535629789138600 2.70169e+07 2.83936e+07
1535629789205288 2.70182e+07 2.83949e+07
1535629789305124 2.70202e+07 2.83969e+07
1535629789405050 2.70224e+07 2.83991e+07
1535629789471644 2.70239e+07 2.84005e+07
1535629789571549 2.70262e+07 2.84028e+07
1535629789671347 2.70284e+07 2.84052e+07
1535629789771287 2.70307e+07 2.84076e+07
1535629789837852 2.70323e+07 2.84092e+07
1535629789937613 2.70347e+07 2.84118e+07
1535629790037503 2.70371e+07 2.84144e+07
1535629790137377 2.70396e+07 2.8417e+07
1535629790203927 2.70412e+07 2.84187e+07
1535629790303871 2.70437e+07 2.84214e+07
1535629790370507 2.70453e+07 2.84231e+07
1535629790470435 2.70478e+07 2.84257e+07
1535629790570272 2.70504e+07 2.84284e+07
1535629790670338 2.7053e+07 2.84311e+07
1535629790770141 2.70556e+07 2.84338e+07
1535629790836720 2.70573e+07 2.84356e+07
1535629790936554 2.70599e+07 2.84384e+07
1535629791036401 2.70625e+07 2.84412e+07
1535629791103026 2.70643e+07 2.8443e+07
1535629791202868 2.7067e+07 2.84458e+07
1535629791302772 2.70696e+07 2.84486e+07
1535629791369374 2.70714e+07 2.84504e+07
1535629791469318 2.7074e+07 2.84531e+07
1535629791569293 2.70766e+07 2.84558e+07
1535629791669127 2.70792e+07 2.84583e+07
1535629791735638 2.7081e+07 2.846e+07
1535629791835611 2.70837e+07 2.84627e+07
1535629791902227 2.70855e+07 2.84644e+07
1535629792035529 2.70893e+07 2.84678e+07
1535629792102298 2.70911e+07 2.84696e+07
1535629792202381 2.70938e+07 2.84722e+07
1535629792302485 2.70966e+07 2.84748e+07
1535629792369112 2.70985e+07 2.84765e+07
1535629792469136 2.71012e+07 2.84792e+07
1535629792569030 2.71038e+07 2.84818e+07
1535629792635650 2.71056e+07 2.84835e+07
1535629792735543 2.71083e+07 2.84862e+07
1535629792835513 2.71109e+07 2.84889e+07
1535629792935405 2.71135e+07 2.84916e+07
1535629793001940 2.71153e+07 2.84934e+07
1535629793101918 2.71178e+07 2.84962e+07
1535629793201897 2.71204e+07 2.8499e+07
1535629793268476 2.71222e+07 2.85009e+07
1535629793368329 2.71248e+07 2.85038e+07
1535629793468165 2.71275e+07 2.85067e+07
1535629793534871 2.71293e+07 2.85085e+07
1535629793634629 2.7132e+07 2.85114e+07
1535629793734665 2.71346e+07 2.85142e+07
1535629793834702 2.71373e+07 2.85169e+07
1535629793901264 2.71391e+07 2.85187e+07
1535629794001020 2.71419e+07 2.85214e+07
1535629794100858 2.71446e+07 2.8524e+07
1535629794200878 2.71475e+07 2.85267e+07
1535629794267540 2.71493e+07 2.85285e+07
1535629794367444 2.71521e+07 2.85311e+07
1535629794467326 2.71549e+07 2.85338e+07
1535629794533816 2.71567e+07 2.85356e+07
1535629794633723 2.71594e+07 2.85383e+07
1535629794733595 2.71621e+07 2.8541e+07
1535629794833549 2.71648e+07 2.85438e+07
1535629794900111 2.71665e+07 2.85456e+07
1535629795000131 2.71692e+07 2.85484e+07
1535629795100013 2.71719e+07 2.85512e+07
1535629795166661 2.71737e+07 2.8553e+07
1535629795266449 2.71763e+07 2.85558e+07
1535629795366133 2.7179e+07 2.85586e+07
1535629795432751 2.71809e+07 2.85605e+07
1535629795532774 2.71835e+07 2.85634e+07
1535629795632692 2.71863e+07 2.85662e+07
1535629795732525 2.7189e+07 2.85691e+07
1535629795799003 2.71908e+07 2.85711e+07
1535629795898983 2.71935e+07 2.85738e+07
1535629795998898 2.71962e+07 2.85766e+07
1535629796098793 2.71989e+07 2.85793e+07
1535629796165398 2.72007e+07 2.85811e+07
1535629796265310 2.72036e+07 2.85838e+07
1535629796365267 2.72064e+07 2.85865e+07
1535629796431947 2.72083e+07 2.85882e+07
1535629796531818 2.72111e+07 2.85909e+07
1535629796631729 2.7214e+07 2.85936e+07
1535629796731534 2.72169e+07 2.85963e+07
1535629796798209 2.72188e+07 2.85982e+07
1535629796898095 2.72217e+07 2.8601e+07
1535629796997880 2.72245e+07 2.86037e+07
1535629797064494 2.72264e+07 2.86055e+07
1535629797164489 2.72292e+07 2.86082e+07
1535629797264382 2.7232e+07 2.86109e+07
1535629797330957 2.72338e+07 2.86127e+07
1535629797430737 2.72367e+07 2.86155e+07
1535629797530753 2.72394e+07 2.86184e+07
1535629797630525 2.72421e+07 2.86212e+07
1535629797697101 2.7244e+07 2.86231e+07
1535629797797019 2.72467e+07 2.86259e+07
1535629797896819 2.72494e+07 2.86288e+07
1535629797963446 2.72512e+07 2.86307e+07
1535629798063184 2.7254e+07 2.86336e+07
1535629798163202 2.72567e+07 2.86365e+07
1535629798263253 2.72594e+07 2.86392e+07
1535629798329903 2.72613e+07 2.8641e+07
1535629798429704 2.7264e+07 2.86438e+07
1535629798529621 2.72668e+07 2.86465e+07
1535629798596303 2.72687e+07 2.86483e+07
1535629798696295 2.72715e+07 2.86511e+07
1535629798796128 2.72742e+07 2.86538e+07
1535629798895835 2.7277e+07 2.86565e+07
1535629798962412 2.72789e+07 2.86584e+07
1535629799062258 2.72816e+07 2.86612e+07
1535629799162187 2.72843e+07 2.8664e+07
1535629799228641 2.72861e+07 2.86659e+07
1535629799328598 2.72889e+07 2.86687e+07
1535629799428560 2.72916e+07 2.86714e+07
1535629799495142 2.72935e+07 2.86732e+07
1535629799594972 2.72963e+07 2.86758e+07
1535629799694980 2.7299e+07 2.86785e+07
1535629799794886 2.73018e+07 2.86811e+07
1535629799861459 2.73036e+07 2.86828e+07
1535629799928015 2.73054e+07 2.86845e+07
1535629800061117 2.73089e+07 2.86878e+07
1535629800127708 2.73108e+07 2.86894e+07
1535629800227578 2.73135e+07 2.86919e+07
1535629800327455 2.73161e+07 2.86944e+07
1535629800427328 2.73188e+07 2.86968e+07
1535629800493968 2.73206e+07 2.86984e+07
1535629800593930 2.73231e+07 2.87009e+07
1535629800693801 2.73257e+07 2.87033e+07
1535629800760499 2.73274e+07 2.8705e+07
1535629800860321 2.73298e+07 2.87076e+07
1535629800960351 2.73321e+07 2.87103e+07
1535629801026916 2.73337e+07 2.87122e+07
1535629801126773 2.73359e+07 2.87152e+07
1535629801226814 2.7338e+07 2.87183e+07
1535629801326671 2.73399e+07 2.87214e+07
1535629801393244 2.73412e+07 2.87235e+07
1535629801493197 2.7343e+07 2.87268e+07
1535629801593080 2.73448e+07 2.87301e+07
1535629801659620 2.73459e+07 2.87324e+07
1535629801759304 2.73474e+07 2.87358e+07
1535629801859185 2.73488e+07 2.87391e+07
1535629801959141 2.73502e+07 2.87426e+07
1535629802025732 2.73511e+07 2.87449e+07
1535629802125682 2.73524e+07 2.87484e+07
1535629802225517 2.73535e+07 2.87518e+07
1535629802292052 2.73543e+07 2.8754e+07
1535629802391808 2.73554e+07 2.87574e+07
1535629802491794 2.73564e+07 2.87607e+07
1535629802591827 2.73575e+07 2.8764e+07
1535629802658295 2.73581e+07 2.87661e+07
1535629802758152 2.73591e+07 2.87693e+07
1535629802858029 2.73601e+07 2.87723e+07
1535629802924741 2.73608e+07 2.87743e+07
1535629803024680 2.73619e+07 2.87772e+07
1535629803124406 2.73631e+07 2.878e+07
1535629803191048 2.7364e+07 2.87817e+07
1535629803290935 2.73655e+07 2.87842e+07
1535629803390980 2.73671e+07 2.87866e+07
1535629803490725 2.73689e+07 2.87888e+07
1535629803557307 2.73701e+07 2.87902e+07
1535629803657166 2.7372e+07 2.87922e+07
1535629803757021 2.73741e+07 2.8794e+07
1535629803823638 2.73755e+07 2.87952e+07
1535629803923509 2.73777e+07 2.8797e+07
1535629804023263 2.73798e+07 2.87988e+07
1535629804123260 2.73819e+07 2.88005e+07
1535629804189769 2.73833e+07 2.88017e+07
1535629804289741 2.73854e+07 2.88035e+07
1535629804389636 2.73875e+07 2.88053e+07
1535629804456230 2.73888e+07 2.88066e+07
1535629804556195 2.73909e+07 2.88084e+07
1535629804656136 2.7393e+07 2.88102e+07
1535629804722817 2.73944e+07 2.88115e+07
1535629804822819 2.73964e+07 2.88133e+07
1535629804922497 2.73984e+07 2.88152e+07
1535629804989111 2.73998e+07 2.88164e+07
1535629805088851 2.74019e+07 2.88182e+07
1535629805188701 2.74039e+07 2.88201e+07
1535629805288681 2.74059e+07 2.88221e+07
1535629805355362 2.74073e+07 2.88234e+07
1535629805455309 2.74094e+07 2.88254e+07
1535629805555253 2.74115e+07 2.88274e+07
1535629805621749 2.74129e+07 2.88288e+07
1535629805721634 2.74151e+07 2.8831e+07
1535629805821481 2.74173e+07 2.88331e+07
1535629805921358 2.74195e+07 2.88353e+07
1535629805987951 2.7421e+07 2.88367e+07
1535629806087791 2.74232e+07 2.8839e+07
1535629806187610 2.74256e+07 2.88413e+07
1535629806254148 2.74271e+07 2.88428e+07
1535629806354112 2.74295e+07 2.88451e+07
1535629806454120 2.74319e+07 2.88475e+07
1535629806554088 2.74344e+07 2.88499e+07
1535629806620813 2.7436e+07 2.88515e+07
1535629806720600 2.74384e+07 2.88539e+07
1535629806820525 2.74409e+07 2.88563e+07
1535629806887135 2.74426e+07 2.88578e+07
1535629806986949 2.7445e+07 2.88601e+07
1535629807086809 2.74475e+07 2.88625e+07
1535629807186874 2.74501e+07 2.88648e+07
1535629807253594 2.74517e+07 2.88663e+07
1535629807353781 2.74542e+07 2.88685e+07
1535629807453606 2.74567e+07 2.88708e+07
1535629807520292 2.74585e+07 2.88723e+07
1535629807620352 2.74609e+07 2.88746e+07
1535629807720248 2.74633e+07 2.88768e+07
1535629807820188 2.74658e+07 2.88792e+07
1535629807886768 2.74673e+07 2.88808e+07
1535629807986654 2.74696e+07 2.88832e+07
1535629808086529 2.74719e+07 2.88857e+07
1535629808153049 2.74734e+07 2.88874e+07
1535629808252912 2.74757e+07 2.889e+07
1535629808352952 2.7478e+07 2.88926e+07
1535629808452872 2.74803e+07 2.88954e+07
1535629808519543 2.7482e+07 2.88972e+07
1535629808619240 2.74844e+07 2.89e+07
1535629808719216 2.74869e+07 2.89028e+07
1535629808785779 2.74885e+07 2.89047e+07
1535629808885728 2.74911e+07 2.89075e+07
1535629808985662 2.74937e+07 2.89104e+07
1535629809052250 2.74954e+07 2.89124e+07
1535629809152091 2.74981e+07 2.89153e+07
1535629809251943 2.75008e+07 2.89182e+07
1535629809351907 2.75035e+07 2.89212e+07
1535629809418396 2.75054e+07 2.89231e+07
1535629809518338 2.75083e+07 2.8926e+07
1535629809618296 2.75113e+07 2.89288e+07
1535629809684767 2.75133e+07 2.89306e+07
1535629809784765 2.75164e+07 2.89333e+07
1535629809884536 2.75195e+07 2.89361e+07
1535629809984417 2.75226e+07 2.89388e+07
1535629810051152 2.75246e+07 2.89407e+07
1535629810150959 2.75277e+07 2.89434e+07
1535629810250957 2.75307e+07 2.89462e+07
1535629810350888 2.75337e+07 2.89489e+07
1535629810417338 2.75356e+07 2.89507e+07
1535629810517262 2.75385e+07 2.89535e+07
1535629810617204 2.75415e+07 2.89562e+07
1535629810683809 2.75435e+07 2.89581e+07
1535629810783658 2.75463e+07 2.8961e+07
1535629810883461 2.75492e+07 2.89639e+07
1535629810983520 2.7552e+07 2.89668e+07
1535629811050009 2.75538e+07 2.89688e+07
1535629811149929 2.75567e+07 2.89718e+07
1535629811249671 2.75594e+07 2.89747e+07
1535629811349735 2.75622e+07 2.89778e+07
1535629811416226 2.75641e+07 2.89797e+07
1535629811516109 2.75669e+07 2.89826e+07
1535629811616031 2.75697e+07 2.89855e+07
1535629811682726 2.75717e+07 2.89874e+07
1535629811782521 2.75746e+07 2.89902e+07
1535629811882553 2.75775e+07 2.8993e+07
1535629811982525 2.75805e+07 2.89957e+07
1535629812049049 2.75825e+07 2.89975e+07
1535629812148929 2.75854e+07 2.90001e+07
1535629812248713 2.75883e+07 2.90027e+07
1535629812315407 2.75903e+07 2.90044e+07
1535629812415426 2.75931e+07 2.90069e+07
1535629812515218 2.7596e+07 2.90095e+07
1535629812615039 2.75989e+07 2.9012e+07
1535629812681707 2.76008e+07 2.90137e+07
1535629812781466 2.76036e+07 2.90162e+07
1535629812881211 2.76065e+07 2.90188e+07
1535629812947795 2.76084e+07 2.90206e+07
1535629813047684 2.76112e+07 2.90233e+07
1535629813147667 2.7614e+07 2.9026e+07
1535629813214176 2.76158e+07 2.90279e+07
1535629813314085 2.76184e+07 2.90307e+07
1535629813414147 2.7621e+07 2.90336e+07
1535629813514015 2.76235e+07 2.90366e+07
1535629813580513 2.7625e+07 2.90386e+07
1535629813680477 2.76273e+07 2.90416e+07
1535629813780441 2.76295e+07 2.90447e+07
1535629813847023 2.76309e+07 2.90466e+07
1535629813947088 2.7633e+07 2.90496e+07
1535629814046890 2.76349e+07 2.90525e+07
1535629814146786 2.7637e+07 2.90553e+07
1535629814213276 2.76384e+07 2.90571e+07
1535629814313189 2.76405e+07 2.90598e+07
1535629814413034 2.76426e+07 2.90624e+07
1535629814479522 2.76441e+07 2.90639e+07
1535629814579433 2.76464e+07 2.90662e+07
1535629814679270 2.76488e+07 2.90684e+07
1535629814779199 2.76512e+07 2.90703e+07
1535629814845796 2.76529e+07 2.90716e+07
1535629814945729 2.76556e+07 2.90734e+07
1535629815045631 2.76582e+07 2.9075e+07
1535629815112138 2.76599e+07 2.90761e+07
1535629815212081 2.76626e+07 2.90777e+07
1535629815312134 2.76651e+07 2.90793e+07
1535629815378605 2.76667e+07 2.90803e+07
1535629815478518 2.76691e+07 2.90819e+07
1535629815578552 2.76715e+07 2.90835e+07
1535629815678531 2.76738e+07 2.90852e+07
1535629815745064 2.76752e+07 2.90863e+07
1535629815844944 2.76774e+07 2.90882e+07
1535629815944738 2.76796e+07 2.90904e+07
1535629816011247 2.7681e+07 2.9092e+07
1535629816111066 2.76831e+07 2.90946e+07
1535629816210989 2.76852e+07 2.90973e+07
1535629816310751 2.76875e+07 2.91001e+07
1535629816377365 2.76891e+07 2.91021e+07
1535629816477452 2.76916e+07 2.9105e+07
1535629816577376 2.76941e+07 2.91079e+07
1535629816643944 2.76959e+07 2.91098e+07
1535629816743675 2.76985e+07 2.91126e+07
1535629816843524 2.77013e+07 2.91154e+07
1535629816943570 2.77043e+07 2.91183e+07
1535629817010046 2.77062e+07 2.91202e+07
1535629817109858 2.77092e+07 2.91231e+07
1535629817209728 2.77122e+07 2.91261e+07
1535629817276314 2.77142e+07 2.9128e+07
1535629817376298 2.77171e+07 2.9131e+07
1535629817476081 2.77201e+07 2.9134e+07
1535629817575893 2.77231e+07 2.9137e+07
1535629817642587 2.7725e+07 2.9139e+07
1535629817742522 2.7728e+07 2.91421e+07
1535629817842535 2.7731e+07 2.91451e+07
1535629817909236 2.77329e+07 2.91471e+07
1535629818009048 2.77359e+07 2.91502e+07
1535629818108913 2.77389e+07 2.91533e+07
1535629818208750 2.77418e+07 2.91564e+07
1535629818275362 2.77438e+07 2.91584e+07
1535629818375351 2.77467e+07 2.91615e+07
1535629818475369 2.77496e+07 2.91646e+07
1535629818541884 2.77515e+07 2.91666e+07
1535629818641903 2.77545e+07 2.91697e+07
1535629818741727 2.77574e+07 2.91728e+07
1535629818808308 2.77593e+07 2.91749e+07
1535629818908116 2.77622e+07 2.91779e+07
1535629819008066 2.77651e+07 2.91809e+07
1535629819107908 2.7768e+07 2.9184e+07
1535629819174418 2.777e+07 2.9186e+07
1535629819274207 2.7773e+07 2.91889e+07
1535629819374083 2.7776e+07 2.91919e+07
1535629819440646 2.7778e+07 2.91938e+07
1535629819540638 2.77809e+07 2.91967e+07
1535629819640426 2.77838e+07 2.91996e+07
1535629819740365 2.77868e+07 2.92025e+07
1535629819806982 2.77887e+07 2.92044e+07
1535629819906967 2.77915e+07 2.92073e+07
1535629820006737 2.77943e+07 2.92101e+07
1535629820073479 2.77961e+07 2.9212e+07
1535629820173368 2.77988e+07 2.92148e+07
1535629820273238 2.78017e+07 2.92177e+07
1535629820373320 2.78045e+07 2.92206e+07
1535629820439898 2.78064e+07 2.92225e+07
1535629820539801 2.78092e+07 2.92254e+07
1535629820639832 2.7812e+07 2.92282e+07
1535629820706465 2.78139e+07 2.92301e+07
1535629820806282 2.78167e+07 2.92329e+07
1535629820906085 2.78196e+07 2.92357e+07
1535629821005892 2.78223e+07 2.92385e+07
1535629821072494 2.78242e+07 2.92403e+07
1535629821172237 2.78271e+07 2.92431e+07
1535629821272227 2.78299e+07 2.92457e+07
1535629821338827 2.78318e+07 2.92475e+07
1535629821438683 2.78348e+07 2.92502e+07
1535629821538642 2.78377e+07 2.92529e+07
1535629821638566 2.78406e+07 2.92555e+07
1535629821705155 2.78425e+07 2.92573e+07
1535629821804975 2.78454e+07 2.92598e+07
1535629821904891 2.78482e+07 2.92624e+07
1535629821971532 2.785e+07 2.92642e+07
1535629822071380 2.78528e+07 2.92668e+07
1535629822171593 2.78556e+07 2.92694e+07
1535629822271713 2.78584e+07 2.9272e+07
1535629822338366 2.78603e+07 2.92738e+07
1535629822438400 2.7863e+07 2.92765e+07
1535629822538401 2.78658e+07 2.92792e+07
1535629822605022 2.78676e+07 2.9281e+07
1535629822704802 2.78703e+07 2.92838e+07
1535629822804771 2.78729e+07 2.92867e+07
1535629822904741 2.78756e+07 2.92897e+07
1535629822971340 2.78773e+07 2.92917e+07
1535629823071202 2.78798e+07 2.92946e+07
1535629823171180 2.78824e+07 2.92976e+07
1535629823237743 2.78841e+07 2.92995e+07
1535629823337616 2.78867e+07 2.93024e+07
1535629823437453 2.78894e+07 2.93052e+07
1535629823503967 2.78912e+07 2.93071e+07
1535629823603770 2.7894e+07 2.93099e+07
1535629823703652 2.78967e+07 2.93126e+07
1535629823770321 2.78985e+07 2.93145e+07
1535629823870100 2.79014e+07 2.93173e+07
1535629823970082 2.79042e+07 2.93202e+07
1535629824070158 2.7907e+07 2.93231e+07
1535629824136732 2.79089e+07 2.93251e+07
1535629824236678 2.79117e+07 2.93279e+07
1535629824336675 2.79146e+07 2.93307e+07
1535629824403213 2.79165e+07 2.93326e+07
1535629824503186 2.79194e+07 2.93353e+07
1535629824603042 2.79223e+07 2.93381e+07
1535629824702944 2.79251e+07 2.93409e+07
1535629824769511 2.7927e+07 2.93427e+07
1535629824869388 2.79297e+07 2.93455e+07
1535629824969401 2.79324e+07 2.93482e+07
1535629825036042 2.79342e+07 2.935e+07
1535629825135952 2.79369e+07 2.93527e+07
1535629825235724 2.79395e+07 2.93554e+07
1535629825302294 2.79414e+07 2.93572e+07
1535629825402215 2.79441e+07 2.93597e+07
1535629825502082 2.79467e+07 2.93623e+07
1535629825601997 2.79494e+07 2.93648e+07
1535629825668473 2.79513e+07 2.93665e+07
1535629825768482 2.79539e+07 2.93689e+07
1535629825868484 2.79566e+07 2.93713e+07
1535629825934913 2.79584e+07 2.93729e+07
1535629826034850 2.79611e+07 2.93751e+07
1535629826134660 2.79638e+07 2.93774e+07
1535629826234381 2.79665e+07 2.93796e+07
1535629826301107 2.79683e+07 2.93811e+07
1535629826401010 2.7971e+07 2.93832e+07
1535629826500916 2.79737e+07 2.93854e+07
1535629826567579 2.79755e+07 2.93868e+07
1535629826667539 2.79782e+07 2.93889e+07
1535629826767416 2.79808e+07 2.9391e+07
1535629826867267 2.79835e+07 2.93931e+07
1535629826933920 2.79852e+07 2.93945e+07
1535629827033780 2.79877e+07 2.93966e+07
1535629827133545 2.79902e+07 2.93988e+07
1535629827233474 2.79925e+07 2.9401e+07
1535629827300040 2.7994e+07 2.94026e+07
1535629827399935 2.79959e+07 2.94052e+07
1535629827499774 2.79977e+07 2.94078e+07
1535629827566332 2.79988e+07 2.94096e+07
1535629827666376 2.80003e+07 2.94124e+07
1535629827766191 2.80016e+07 2.94153e+07
1535629827832859 2.80024e+07 2.94173e+07
1535629827932761 2.80036e+07 2.94202e+07
1535629828032722 2.80046e+07 2.94232e+07
1535629828099396 2.80052e+07 2.94251e+07
1535629828199265 2.80062e+07 2.94281e+07
1535629828299118 2.80071e+07 2.94311e+07
1535629828398942 2.8008e+07 2.9434e+07
1535629828465397 2.80085e+07 2.9436e+07
1535629828565354 2.80094e+07 2.94389e+07
1535629828665359 2.80104e+07 2.94417e+07
1535629828731918 2.8011e+07 2.94435e+07
1535629828831821 2.80119e+07 2.94463e+07
1535629828931717 2.80128e+07 2.94491e+07
1535629829031445 2.80137e+07 2.94518e+07
1535629829098024 2.80143e+07 2.94537e+07
1535629829197930 2.80153e+07 2.94564e+07
1535629829297884 2.80163e+07 2.94591e+07
1535629829364343 2.8017e+07 2.94608e+07
1535629829464383 2.8018e+07 2.94635e+07
1535629829564301 2.80192e+07 2.9466e+07
1535629829664193 2.80204e+07 2.94684e+07
1535629829730795 2.80213e+07 2.947e+07
1535629829830592 2.80228e+07 2.94723e+07
1535629829930500 2.80243e+07 2.94745e+07
1535629829996989 2.80253e+07 2.94759e+07
1535629830096837 2.80269e+07 2.94779e+07
1535629830196807 2.80287e+07 2.94798e+07
1535629830263298 2.80299e+07 2.94811e+07
1535629830363395 2.80318e+07 2.9483e+07
1535629830463340 2.80337e+07 2.94849e+07
1535629830563321 2.80357e+07 2.94868e+07
1535629830629823 2.8037e+07 2.9488e+07
1535629830729744 2.8039e+07 2.94898e+07
1535629830829625 2.80411e+07 2.94916e+07
1535629830929559 2.80431e+07 2.94935e+07
1535629830996109 2.80444e+07 2.94948e+07
1535629831095948 2.80464e+07 2.94968e+07
1535629831195850 2.80484e+07 2.94988e+07
1535629831295837 2.80505e+07 2.9501e+07
1535629831362413 2.80518e+07 2.95025e+07
1535629831462370 2.80538e+07 2.95048e+07
1535629831562247 2.8056e+07 2.95071e+07
1535629831628880 2.80574e+07 2.95087e+07
1535629831728729 2.80597e+07 2.95111e+07
1535629831828552 2.8062e+07 2.95135e+07
1535629831895011 2.80636e+07 2.95151e+07
1535629831994951 2.80662e+07 2.95176e+07
1535629832094781 2.80687e+07 2.95202e+07
1535629832161484 2.80704e+07 2.95219e+07
1535629832261425 2.80731e+07 2.95245e+07
1535629832361238 2.80757e+07 2.95271e+07
1535629832461096 2.80783e+07 2.95298e+07
1535629832527786 2.80802e+07 2.95315e+07
1535629832627779 2.80829e+07 2.95342e+07
1535629832727681 2.80855e+07 2.95368e+07
1535629832794204 2.80874e+07 2.95386e+07
1535629832894021 2.80902e+07 2.95412e+07
1535629832993851 2.80929e+07 2.95438e+07
1535629833093679 2.80957e+07 2.95465e+07
1535629833160193 2.80976e+07 2.95483e+07
1535629833259961 2.81003e+07 2.9551e+07
1535629833359853 2.81031e+07 2.95537e+07
1535629833426489 2.8105e+07 2.95555e+07
1535629833526453 2.81077e+07 2.95582e+07
1535629833626253 2.81104e+07 2.95609e+07
1535629833726171 2.81131e+07 2.95636e+07
1535629833792709 2.81149e+07 2.95655e+07
1535629833892735 2.81176e+07 2.95682e+07
1535629833992527 2.81202e+07 2.95709e+07
1535629834059093 2.8122e+07 2.95727e+07
1535629834159099 2.81246e+07 2.95754e+07
1535629834259088 2.81271e+07 2.95781e+07
1535629834359160 2.81297e+07 2.95809e+07
1535629834425705 2.81315e+07 2.95827e+07
1535629834525549 2.81341e+07 2.95855e+07
1535629834625334 2.81368e+07 2.95883e+07
1535629834691876 2.81387e+07 2.95901e+07
1535629834791692 2.81414e+07 2.95929e+07
1535629834891608 2.81442e+07 2.95958e+07
1535629834991638 2.81471e+07 2.95986e+07
1535629835058254 2.81491e+07 2.96006e+07
1535629835157980 2.8152e+07 2.96035e+07
1535629835258064 2.81549e+07 2.96063e+07
1535629835324645 2.81568e+07 2.96082e+07
1535629835424623 2.81597e+07 2.9611e+07
1535629835524657 2.81627e+07 2.96138e+07
1535629835624636 2.81655e+07 2.96166e+07
1535629835691205 2.81674e+07 2.96184e+07
1535629835791055 2.81703e+07 2.96211e+07
1535629835891038 2.81731e+07 2.96238e+07
1535629835957571 2.8175e+07 2.96256e+07
1535629836057404 2.81779e+07 2.96283e+07
1535629836157191 2.81808e+07 2.9631e+07
1535629836257004 2.81836e+07 2.96337e+07
1535629836323580 2.81855e+07 2.96356e+07
1535629836423511 2.81884e+07 2.96383e+07
1535629836523411 2.81911e+07 2.96412e+07
1535629836590024 2.8193e+07 2.96431e+07
1535629836689954 2.81957e+07 2.96461e+07
1535629836789750 2.81985e+07 2.9649e+07
1535629836856442 2.82003e+07 2.9651e+07
1535629836956250 2.82031e+07 2.9654e+07
1535629837056207 2.8206e+07 2.96569e+07
1535629837156214 2.82088e+07 2.96599e+07
1535629837222966 2.82107e+07 2.96619e+07
1535629837323081 2.82136e+07 2.96648e+07
1535629837422932 2.82164e+07 2.96678e+07
1535629837489639 2.82183e+07 2.96698e+07
1535629837589479 2.82211e+07 2.96727e+07
1535629837689402 2.82239e+07 2.96757e+07
1535629837789363 2.82268e+07 2.96786e+07
1535629837856091 2.82287e+07 2.96805e+07
1535629837956109 2.82317e+07 2.96835e+07
1535629838055989 2.82346e+07 2.96863e+07
1535629838122711 2.82367e+07 2.96882e+07
1535629838222571 2.82397e+07 2.9691e+07
1535629838322569 2.82427e+07 2.96938e+07
1535629838422541 2.82457e+07 2.96967e+07
1535629838489219 2.82477e+07 2.96986e+07
1535629838589031 2.82507e+07 2.97015e+07
1535629838688776 2.82536e+07 2.97043e+07
1535629838755453 2.82555e+07 2.97062e+07
1535629838855399 2.82583e+07 2.97091e+07
1535629838955240 2.82612e+07 2.97121e+07
1535629839021713 2.82631e+07 2.9714e+07
1535629839121665 2.82659e+07 2.9717e+07
1535629839221473 2.82688e+07 2.972e+07
1535629839321249 2.82717e+07 2.97229e+07
1535629839387764 2.82736e+07 2.97249e+07
1535629839487732 2.82765e+07 2.97279e+07
1535629839587698 2.82795e+07 2.97309e+07
1535629839687618 2.82824e+07 2.97339e+07
1535629839754190 2.82844e+07 2.97358e+07
1535629839854131 2.82873e+07 2.97388e+07
1535629839954037 2.82903e+07 2.97418e+07
1535629840020731 2.82923e+07 2.97437e+07
1535629840120620 2.82955e+07 2.97467e+07
1535629840220407 2.82986e+07 2.97497e+07
1535629840286886 2.83006e+07 2.97516e+07
1535629840386734 2.83037e+07 2.97545e+07
1535629840486683 2.83068e+07 2.97575e+07
1535629840586637 2.83098e+07 2.97604e+07
1535629840653225 2.83119e+07 2.97624e+07
1535629840753263 2.83149e+07 2.97654e+07
1535629840853220 2.83179e+07 2.97683e+07
1535629840953097 2.83209e+07 2.97713e+07
1535629841019534 2.83229e+07 2.97733e+07
1535629841119329 2.83259e+07 2.97763e+07
1535629841219069 2.83289e+07 2.97794e+07
1535629841285660 2.83309e+07 2.97815e+07
1535629841385463 2.8334e+07 2.97845e+07
1535629841485529 2.8337e+07 2.97876e+07
1535629841552212 2.8339e+07 2.97897e+07
1535629841652127 2.8342e+07 2.97927e+07
1535629841752111 2.8345e+07 2.97958e+07
1535629841818675 2.8347e+07 2.97979e+07
1535629841918562 2.83501e+07 2.98009e+07
1535629842018422 2.83532e+07 2.98038e+07
1535629842118245 2.83562e+07 2.98069e+07
1535629842184887 2.83584e+07 2.98089e+07
1535629842284888 2.83616e+07 2.98119e+07
1535629842384770 2.83647e+07 2.9815e+07
1535629842484647 2.83679e+07 2.9818e+07
1535629842551324 2.837e+07 2.982e+07
1535629842651064 2.83731e+07 2.98231e+07
1535629842750979 2.83762e+07 2.98262e+07
1535629842817540 2.83782e+07 2.98283e+07
1535629842917354 2.83812e+07 2.98314e+07
1535629843017284 2.83842e+07 2.98344e+07
1535629843117295 2.83873e+07 2.98374e+07
1535629843183948 2.83893e+07 2.98395e+07
1535629843283710 2.83924e+07 2.98425e+07
1535629843383662 2.83954e+07 2.98456e+07
1535629843450330 2.83974e+07 2.98476e+07
1535629843550091 2.84005e+07 2.98506e+07
1535629843649861 2.84035e+07 2.98537e+07
1535629843749791 2.84065e+07 2.98567e+07
1535629843816349 2.84085e+07 2.98587e+07
1535629843916115 2.84114e+07 2.98618e+07
1535629844016084 2.84144e+07 2.98649e+07
1535629844082772 2.84164e+07 2.98669e+07
1535629844182598 2.84193e+07 2.98699e+07
1535629844282349 2.84222e+07 2.98729e+07
1535629844382251 2.84253e+07 2.9876e+07
1535629844448951 2.84272e+07 2.9878e+07
1535629844548787 2.84302e+07 2.98811e+07
1535629844648775 2.84331e+07 2.9884e+07
1535629844715348 2.84351e+07 2.98861e+07
1535629844815294 2.8438e+07 2.98891e+07
1535629844915215 2.8441e+07 2.98922e+07
1535629845015031 2.8444e+07 2.98952e+07
1535629845081732 2.8446e+07 2.98973e+07
1535629845181531 2.8449e+07 2.99003e+07
1535629845281559 2.8452e+07 2.99033e+07
1535629845348116 2.8454e+07 2.99053e+07
1535629845447976 2.8457e+07 2.99084e+07
1535629845547883 2.846e+07 2.99114e+07
1535629845647765 2.8463e+07 2.99144e+07
1535629845714244 2.8465e+07 2.99164e+07
1535629845814194 2.8468e+07 2.99194e+07
1535629845914027 2.84709e+07 2.99224e+07
1535629846014005 2.84739e+07 2.99254e+07
1535629846080597 2.84759e+07 2.99274e+07
1535629846180554 2.84788e+07 2.99305e+07
1535629846280372 2.84818e+07 2.99335e+07
1535629846347026 2.84837e+07 2.99355e+07
1535629846446854 2.84866e+07 2.99385e+07
1535629846546703 2.84895e+07 2.99415e+07
1535629846613299 2.84915e+07 2.99436e+07
1535629846713289 2.84944e+07 2.99466e+07
1535629846813199 2.84974e+07 2.99496e+07
1535629846879813 2.84994e+07 2.99515e+07
1535629846979801 2.85024e+07 2.99544e+07
1535629847079668 2.85054e+07 2.99573e+07
1535629847146123 2.85074e+07 2.99592e+07
1535629847245949 2.85104e+07 2.99621e+07
1535629847345798 2.85133e+07 2.9965e+07
1535629847445741 2.85163e+07 2.99678e+07
1535629847545459 2.85192e+07 2.99708e+07
1535629847612097 2.85212e+07 2.99727e+07
1535629847711877 2.85242e+07 2.99757e+07
1535629847811803 2.85272e+07 2.99787e+07
1535629847878530 2.85292e+07 2.99807e+07
1535629847978479 2.85323e+07 2.99836e+07
1535629848078420 2.85352e+07 2.99865e+07
1535629848178164 2.85381e+07 2.99894e+07
1535629848244781 2.85401e+07 2.99913e+07
1535629848344734 2.85431e+07 2.99943e+07
1535629848444581 2.8546e+07 2.99972e+07
1535629848511220 2.8548e+07 2.99991e+07
1535629848610965 2.85509e+07 3.00021e+07
1535629848710877 2.85538e+07 3.0005e+07
1535629848777496 2.85557e+07 3.00069e+07
1535629848877470 2.85586e+07 3.00098e+07
1535629848977425 2.85614e+07 3.00128e+07
1535629849044095 2.85634e+07 3.00147e+07
1535629849143854 2.85663e+07 3.00176e+07
1535629849243814 2.85692e+07 3.00205e+07
1535629849343735 2.85721e+07 3.00234e+07
1535629849410434 2.85741e+07 3.00254e+07
1535629849510303 2.8577e+07 3.00283e+07
1535629849610082 2.85799e+07 3.00312e+07
1535629849710031 2.85829e+07 3.00342e+07
1535629849776686 2.85848e+07 3.00362e+07
1535629849876514 2.85877e+07 3.00392e+07
1535629849976352 2.85907e+07 3.00422e+07
1535629850042948 2.85927e+07 3.00442e+07
1535629850142874 2.85957e+07 3.00472e+07
1535629850242777 2.85987e+07 3.00502e+07
1535629850342557 2.86017e+07 3.00532e+07
1535629850409081 2.86037e+07 3.00552e+07
1535629850508951 2.86068e+07 3.00581e+07
1535629850608923 2.86098e+07 3.00611e+07
1535629850675587 2.86118e+07 3.0063e+07
1535629850775516 2.86148e+07 3.00658e+07
1535629850875501 2.86178e+07 3.00686e+07
1535629850941941 2.86198e+07 3.00705e+07
1535629851041664 2.8623e+07 3.00733e+07
1535629851141515 2.86261e+07 3.00762e+07
1535629851241405 2.86292e+07 3.0079e+07
1535629851308030 2.86312e+07 3.00809e+07
1535629851407886 2.8634e+07 3.00839e+07
1535629851507867 2.86367e+07 3.00871e+07
1535629851574450 2.86384e+07 3.00893e+07
1535629851674432 2.86408e+07 3.00928e+07
1535629851774359 2.8643e+07 3.00964e+07
1535629851840946 2.86445e+07 3.00988e+07
1535629851940815 2.86466e+07 3.01026e+07
1535629852040760 2.86485e+07 3.01064e+07
1535629852140787 2.86504e+07 3.01102e+07
1535629852207509 2.86517e+07 3.01128e+07
1535629852307493 2.86535e+07 3.01166e+07
1535629852407409 2.86552e+07 3.01204e+07
1535629852507377 2.86568e+07 3.01243e+07
1535629852574038 2.86578e+07 3.01268e+07
1535629852673977 2.86593e+07 3.01305e+07
1535629852773784 2.86606e+07 3.01342e+07
1535629852840461 2.86615e+07 3.01366e+07
1535629852940521 2.86627e+07 3.01402e+07
1535629853040521 2.86639e+07 3.01436e+07
1535629853107199 2.86646e+07 3.01458e+07
1535629853206969 2.86657e+07 3.01491e+07
1535629853306831 2.86668e+07 3.01522e+07
1535629853406782 2.86679e+07 3.01552e+07
1535629853473465 2.86688e+07 3.01571e+07
1535629853573372 2.86701e+07 3.01599e+07
1535629853673164 2.86716e+07 3.01624e+07
1535629853739856 2.86726e+07 3.01641e+07
1535629853839746 2.86742e+07 3.01665e+07
1535629853939651 2.86758e+07 3.01688e+07
1535629854006311 2.8677e+07 3.01703e+07
1535629854106089 2.86787e+07 3.01725e+07
1535629854205994 2.86805e+07 3.01747e+07
1535629854305888 2.86823e+07 3.01767e+07
1535629854372472 2.86835e+07 3.0178e+07
1535629854472390 2.86854e+07 3.01799e+07
1535629854572191 2.86874e+07 3.01817e+07
1535629854671960 2.86896e+07 3.01833e+07
1535629854738567 2.8691e+07 3.01843e+07
1535629854838433 2.86933e+07 3.01856e+07
1535629854938519 2.86957e+07 3.0187e+07
1535629855005093 2.86972e+07 3.01879e+07
1535629855105038 2.86994e+07 3.01892e+07
1535629855204959 2.87017e+07 3.01907e+07
1535629855304844 2.87039e+07 3.01922e+07
1535629855371348 2.87053e+07 3.01933e+07
1535629855471362 2.87074e+07 3.0195e+07
1535629855571275 2.87095e+07 3.01968e+07
1535629855637742 2.87109e+07 3.01981e+07
1535629855737563 2.8713e+07 3.02001e+07
1535629855837332 2.87151e+07 3.02023e+07
1535629855937203 2.87173e+07 3.02046e+07
1535629856003934 2.87189e+07 3.02062e+07
1535629856103838 2.87212e+07 3.02086e+07
1535629856203699 2.87237e+07 3.02109e+07
1535629856270423 2.87253e+07 3.02126e+07
1535629856370321 2.87278e+07 3.02151e+07
1535629856470293 2.87304e+07 3.02176e+07
1535629856570181 2.87329e+07 3.02201e+07
1535629856636713 2.87347e+07 3.02219e+07
1535629856736544 2.87374e+07 3.02245e+07
1535629856836372 2.87401e+07 3.02272e+07
1535629856902987 2.87418e+07 3.0229e+07
1535629857003023 2.87447e+07 3.02318e+07
1535629857102908 2.87474e+07 3.02346e+07
1535629857202657 2.87502e+07 3.02374e+07
1535629857269361 2.87521e+07 3.02394e+07
1535629857369076 2.8755e+07 3.02423e+07
1535629857469024 2.87578e+07 3.02451e+07
1535629857535580 2.87597e+07 3.02471e+07
1535629857635437 2.87626e+07 3.02501e+07
1535629857735393 2.87654e+07 3.0253e+07
1535629857835230 2.87683e+07 3.02559e+07
1535629857901943 2.87702e+07 3.02579e+07
1535629858001641 2.87731e+07 3.02607e+07
1535629858101501 2.8776e+07 3.02637e+07
1535629858168114 2.87779e+07 3.02657e+07
1535629858267863 2.87808e+07 3.02687e+07
1535629858367869 2.87837e+07 3.02717e+07
1535629858434454 2.87857e+07 3.02737e+07
1535629858534528 2.87886e+07 3.02767e+07
1535629858634361 2.87915e+07 3.02797e+07
1535629858734364 2.87944e+07 3.02828e+07
1535629858800976 2.87963e+07 3.02848e+07
1535629858900893 2.87992e+07 3.02879e+07
1535629859000833 2.88021e+07 3.0291e+07
1535629859067495 2.8804e+07 3.0293e+07
1535629859167176 2.8807e+07 3.02961e+07
1535629859267158 2.881e+07 3.02991e+07
1535629859366909 2.8813e+07 3.03021e+07
1535629859433436 2.8815e+07 3.03041e+07
1535629859533326 2.88181e+07 3.0307e+07
1535629859633378 2.88212e+07 3.03099e+07
1535629859699900 2.88232e+07 3.03119e+07
1535629859799852 2.88264e+07 3.03148e+07
1535629859899770 2.88295e+07 3.03176e+07
1535629859999544 2.88326e+07 3.03204e+07
1535629860066148 2.88347e+07 3.03223e+07
1535629860166151 2.88379e+07 3.03251e+07
1535629860266024 2.8841e+07 3.03278e+07
1535629860365886 2.88441e+07 3.03306e+07
1535629860432617 2.88461e+07 3.03324e+07
1535629860532522 2.88491e+07 3.03352e+07
1535629860632462 2.88522e+07 3.03381e+07
1535629860699120 2.88542e+07 3.034e+07
1535629860799062 2.88572e+07 3.03428e+07
1535629860898916 2.88602e+07 3.03457e+07
1535629860965443 2.88622e+07 3.03477e+07
1535629861065337 2.88652e+07 3.03507e+07
1535629861165128 2.88682e+07 3.03538e+07
1535629861265018 2.88712e+07 3.0357e+07
1535629861331702 2.88731e+07 3.0359e+07
1535629861431681 2.88762e+07 3.03622e+07
1535629861531648 2.88791e+07 3.03653e+07
1535629861598182 2.88811e+07 3.03674e+07
1535629861697932 2.88842e+07 3.03706e+07
1535629861797749 2.88871e+07 3.03737e+07
1535629861897578 2.88902e+07 3.03768e+07
1535629861964176 2.88922e+07 3.03788e+07
1535629862064121 2.88953e+07 3.03818e+07
1535629862163846 2.88984e+07 3.03848e+07
1535629862263737 2.89016e+07 3.03879e+07
1535629862330456 2.89037e+07 3.03899e+07
1535629862430336 2.89069e+07 3.0393e+07
1535629862530282 2.89101e+07 3.03961e+07
1535629862596851 2.89122e+07 3.03981e+07
1535629862696902 2.89154e+07 3.04012e+07
1535629862796777 2.89186e+07 3.04044e+07
1535629862896641 2.89217e+07 3.04074e+07
1535629862963238 2.89239e+07 3.04095e+07
1535629863063143 2.8927e+07 3.04126e+07
1535629863162947 2.89301e+07 3.04158e+07
1535629863229430 2.89321e+07 3.04178e+07
1535629863329262 2.89352e+07 3.04211e+07
1535629863429239 2.89382e+07 3.04243e+07
1535629863529163 2.89413e+07 3.04275e+07
1535629863595844 2.89433e+07 3.04297e+07
1535629863695652 2.89463e+07 3.0433e+07
1535629863795480 2.89493e+07 3.04363e+07
1535629863862097 2.89513e+07 3.04384e+07
1535629863962111 2.89543e+07 3.04417e+07
1535629864061945 2.89574e+07 3.0445e+07
1535629864128418 2.89594e+07 3.04472e+07
1535629864228358 2.89624e+07 3.04505e+07
1535629864328207 2.89654e+07 3.04538e+07
1535629864428148 2.89684e+07 3.0457e+07
1535629864494830 2.89703e+07 3.04592e+07
1535629864594557 2.89733e+07 3.04624e+07
1535629864694598 2.89763e+07 3.04657e+07
1535629864761204 2.89782e+07 3.0468e+07
1535629864861094 2.89812e+07 3.04714e+07
1535629864960928 2.89842e+07 3.04748e+07
1535629865027503 2.89862e+07 3.04772e+07
1535629865127321 2.89892e+07 3.04807e+07
1535629865227092 2.89922e+07 3.04843e+07
1535629865326983 2.89951e+07 3.04879e+07
1535629865393600 2.89971e+07 3.04903e+07
1535629865493546 2.9e+07 3.0494e+07
1535629865593564 2.90029e+07 3.04978e+07
1535629865693393 2.90059e+07 3.05016e+07
1535629865759989 2.90078e+07 3.05042e+07
1535629865859850 2.90107e+07 3.05081e+07
1535629865959628 2.90136e+07 3.0512e+07
1535629866026342 2.90156e+07 3.05146e+07
1535629866126216 2.90187e+07 3.05185e+07
1535629866226074 2.90218e+07 3.05225e+07
1535629866292687 2.90239e+07 3.05251e+07
1535629866392665 2.90271e+07 3.0529e+07
1535629866492591 2.90303e+07 3.05328e+07
1535629866592453 2.90336e+07 3.05366e+07
1535629866659075 2.90357e+07 3.0539e+07
1535629866759022 2.90391e+07 3.05428e+07
1535629866858983 2.90425e+07 3.05465e+07
1535629866925443 2.90447e+07 3.05489e+07
1535629867025382 2.90481e+07 3.05526e+07
1535629867091931 2.90503e+07 3.05549e+07
1535629867225179 2.90548e+07 3.05595e+07
1535629867291960 2.90571e+07 3.05618e+07
1535629867391973 2.90604e+07 3.05652e+07
1535629867491974 2.90638e+07 3.05686e+07
1535629867558552 2.9066e+07 3.05708e+07
1535629867658507 2.90693e+07 3.05742e+07
1535629867758451 2.90726e+07 3.05776e+07
1535629867825083 2.90748e+07 3.05798e+07
1535629867925174 2.9078e+07 3.05832e+07
1535629868025040 2.90812e+07 3.05865e+07
1535629868124817 2.90844e+07 3.05897e+07
1535629868224750 2.90875e+07 3.0593e+07
1535629868291385 2.90897e+07 3.05952e+07
1535629868391294 2.90928e+07 3.05984e+07
1535629868491271 2.9096e+07 3.06017e+07
1535629868557756 2.90981e+07 3.06038e+07
1535629868657747 2.91012e+07 3.0607e+07
1535629868757725 2.91043e+07 3.06101e+07
1535629868824422 2.91064e+07 3.06122e+07
1535629868924352 2.91095e+07 3.06153e+07
1535629869024252 2.91126e+07 3.06184e+07
1535629869124068 2.91157e+07 3.06214e+07
1535629869190747 2.91177e+07 3.06234e+07
1535629869290668 2.91208e+07 3.06265e+07
1535629869390668 2.91239e+07 3.06295e+07
1535629869457278 2.91259e+07 3.06315e+07
1535629869557055 2.91289e+07 3.06345e+07
1535629869656929 2.91319e+07 3.06374e+07
1535629869756886 2.91349e+07 3.06404e+07
1535629869823542 2.91369e+07 3.06424e+07
1535629869923393 2.91399e+07 3.06453e+07
1535629870023306 2.91429e+07 3.06483e+07
1535629870123188 2.9146e+07 3.06514e+07
1535629870189749 2.9148e+07 3.06534e+07
1535629870289669 2.91511e+07 3.06563e+07
1535629870389464 2.91541e+07 3.06592e+07
1535629870455950 2.91561e+07 3.06611e+07
1535629870555902 2.9159e+07 3.0664e+07
1535629870655890 2.9162e+07 3.06669e+07
1535629870722486 2.9164e+07 3.06688e+07
1535629870822379 2.91669e+07 3.06716e+07
1535629870922380 2.91699e+07 3.06744e+07
1535629871022081 2.91728e+07 3.06773e+07
1535629871088542 2.91748e+07 3.06792e+07
1535629871188607 2.91778e+07 3.06821e+07
1535629871288511 2.91808e+07 3.06851e+07
1535629871355093 2.91828e+07 3.06871e+07
1535629871455096 2.91858e+07 3.06901e+07
1535629871554863 2.91888e+07 3.06932e+07
1535629871654672 2.91919e+07 3.06963e+07
1535629871721338 2.91939e+07 3.06984e+07
1535629871821179 2.9197e+07 3.07015e+07
1535629871921103 2.92e+07 3.07046e+07
1535629871987650 2.92021e+07 3.07067e+07
1535629872087481 2.92051e+07 3.07098e+07
1535629872187403 2.92082e+07 3.07129e+07
1535629872287235 2.92112e+07 3.0716e+07
1535629872353873 2.92133e+07 3.0718e+07
1535629872453727 2.92164e+07 3.07211e+07
1535629872553527 2.92195e+07 3.07243e+07
1535629872620133 2.92216e+07 3.07263e+07
1535629872720109 2.92246e+07 3.07295e+07
1535629872820061 2.92277e+07 3.07328e+07
1535629872886632 2.92298e+07 3.07349e+07
1535629872986680 2.92329e+07 3.07381e+07
1535629873086578 2.9236e+07 3.07413e+07
1535629873186547 2.92391e+07 3.07445e+07
1535629873253212 2.92412e+07 3.07467e+07
1535629873352952 2.92444e+07 3.075e+07
1535629873452766 2.92475e+07 3.07531e+07
1535629873519435 2.92496e+07 3.07553e+07
1535629873619307 2.92528e+07 3.07585e+07
1535629873719193 2.92559e+07 3.07617e+07
1535629873819051 2.9259e+07 3.0765e+07
1535629873885520 2.92611e+07 3.0767e+07
1535629873985447 2.92642e+07 3.07702e+07
1535629874052028 2.92663e+07 3.07723e+07
1535629874151967 2.92694e+07 3.07754e+07
1535629874251690 2.92725e+07 3.07785e+07
1535629874351668 2.92756e+07 3.07816e+07
1535629874418265 2.92777e+07 3.07836e+07
1535629874518164 2.92808e+07 3.07866e+07
1535629874618089 2.92839e+07 3.07897e+07
1535629874684643 2.9286e+07 3.07917e+07
1535629874784593 2.92891e+07 3.07948e+07
1535629874884346 2.92921e+07 3.07979e+07
1535629874984302 2.92953e+07 3.08009e+07
1535629875050920 2.92973e+07 3.08029e+07
1535629875150746 2.93004e+07 3.0806e+07
1535629875250540 2.93035e+07 3.0809e+07
1535629875350432 2.93066e+07 3.0812e+07
1535629875416949 2.93087e+07 3.08141e+07
1535629875517076 2.93119e+07 3.08171e+07
1535629875617117 2.9315e+07 3.08201e+07
1535629875683787 2.93171e+07 3.08222e+07
1535629875783785 2.93202e+07 3.08253e+07
1535629875883628 2.93233e+07 3.08283e+07
1535629875983345 2.93264e+07 3.08314e+07
1535629876049924 2.93285e+07 3.08334e+07
1535629876149875 2.93316e+07 3.08365e+07
1535629876249886 2.93347e+07 3.08396e+07
1535629876349581 2.93378e+07 3.08426e+07
1535629876416164 2.93398e+07 3.08447e+07
1535629876516046 2.9343e+07 3.08478e+07
1535629876582561 2.9345e+07 3.08499e+07
1535629876682621 2.93481e+07 3.0853e+07
1535629876782532 2.93512e+07 3.08562e+07
1535629876882370 2.93542e+07 3.08594e+07
1535629876982203 2.93572e+07 3.08626e+07
1535629877048769 2.93593e+07 3.08647e+07
1535629877148620 2.93622e+07 3.08677e+07
1535629877248494 2.93653e+07 3.08708e+07
1535629877315111 2.93673e+07 3.08729e+07
1535629877415169 2.93704e+07 3.0876e+07
1535629877515151 2.93735e+07 3.08791e+07
1535629877615034 2.93766e+07 3.08822e+07
1535629877681474 2.93786e+07 3.08842e+07
1535629877781318 2.93818e+07 3.08873e+07
1535629877881222 2.9385e+07 3.08904e+07
1535629877947774 2.9387e+07 3.08924e+07
1535629878047792 2.93902e+07 3.08956e+07
1535629878147624 2.93933e+07 3.08986e+07
1535629878214110 2.93954e+07 3.09007e+07
1535629878314044 2.93986e+07 3.09038e+07
1535629878414005 2.94018e+07 3.0907e+07
1535629878513737 2.9405e+07 3.09102e+07
1535629878580317 2.94071e+07 3.09124e+07
1535629878680366 2.94104e+07 3.09156e+07
1535629878780169 2.94136e+07 3.0919e+07
1535629878846639 2.94158e+07 3.09213e+07
1535629878946444 2.94191e+07 3.09247e+07
1535629879046356 2.94223e+07 3.0928e+07
1535629879146328 2.94255e+07 3.09313e+07
1535629879212878 2.94277e+07 3.09335e+07
1535629879312747 2.94309e+07 3.09368e+07
1535629879412648 2.94343e+07 3.09401e+07
1535629879479163 2.94364e+07 3.09423e+07
1535629879579273 2.94397e+07 3.09456e+07
1535629879679240 2.94431e+07 3.09488e+07
1535629879779266 2.94464e+07 3.0952e+07
1535629879845929 2.94487e+07 3.09542e+07
1535629879945739 2.9452e+07 3.09574e+07
1535629880045730 2.94552e+07 3.09606e+07
1535629880112308 2.94574e+07 3.09627e+07
1535629880212287 2.94607e+07 3.09658e+07
1535629880312166 2.94639e+07 3.09689e+07
1535629880411929 2.94672e+07 3.09721e+07
1535629880478454 2.94694e+07 3.09741e+07
1535629880578168 2.94726e+07 3.09773e+07
1535629880678014 2.94758e+07 3.09804e+07
1535629880744632 2.94779e+07 3.09825e+07
1535629880844615 2.94812e+07 3.09857e+07
1535629880944442 2.94844e+07 3.09888e+07
1535629881011075 2.94865e+07 3.0991e+07
1535629881111016 2.94896e+07 3.09941e+07
1535629881210883 2.94927e+07 3.09972e+07
1535629881310643 2.94958e+07 3.10003e+07
1535629881377336 2.94979e+07 3.10024e+07
1535629881477131 2.9501e+07 3.10055e+07
1535629881577217 2.9504e+07 3.10086e+07
1535629881643901 2.95061e+07 3.10108e+07
1535629881743686 2.95092e+07 3.1014e+07
1535629881843466 2.95123e+07 3.10172e+07
1535629881943320 2.95154e+07 3.10206e+07
1535629882009912 2.95174e+07 3.10228e+07
1535629882109916 2.95204e+07 3.10262e+07
1535629882209947 2.95234e+07 3.10296e+07
1535629882276674 2.95254e+07 3.1032e+07
1535629882376711 2.95283e+07 3.10356e+07
1535629882476702 2.95313e+07 3.10392e+07
1535629882576732 2.95341e+07 3.1043e+07
1535629882643481 2.95359e+07 3.10455e+07
1535629882743340 2.95388e+07 3.10494e+07
1535629882843353 2.95415e+07 3.10533e+07
1535629882910053 2.95434e+07 3.10559e+07
1535629883010006 2.95461e+07 3.10598e+07
1535629883109923 2.95489e+07 3.10636e+07
1535629883209803 2.95517e+07 3.10674e+07
1535629883276456 2.95536e+07 3.107e+07
1535629883376343 2.95564e+07 3.10738e+07
1535629883476220 2.95592e+07 3.10775e+07
1535629883542727 2.9561e+07 3.10799e+07
1535629883642467 2.95639e+07 3.10836e+07
1535629883742480 2.95667e+07 3.10871e+07
1535629883809159 2.95686e+07 3.10895e+07
1535629883908962 2.95715e+07 3.10931e+07
1535629884008827 2.95745e+07 3.10965e+07
1535629884108661 2.95774e+07 3.11e+07
1535629884175259 2.95795e+07 3.11022e+07
1535629884275101 2.95825e+07 3.11055e+07
1535629884374933 2.95855e+07 3.11087e+07
1535629884441578 2.95876e+07 3.11107e+07
1535629884541473 2.95907e+07 3.11137e+07
1535629884641481 2.95937e+07 3.11168e+07
1535629884708179 2.95958e+07 3.11187e+07
1535629884807999 2.95989e+07 3.11217e+07
1535629884907858 2.9602e+07 3.11247e+07
1535629885007817 2.96052e+07 3.11275e+07
1535629885074424 2.96072e+07 3.11294e+07
1535629885174465 2.96103e+07 3.11323e+07
1535629885274255 2.96134e+07 3.11351e+07
1535629885374188 2.96164e+07 3.1138e+07
1535629885440851 2.96184e+07 3.11399e+07
1535629885540747 2.96215e+07 3.11428e+07
1535629885640611 2.96244e+07 3.11456e+07
1535629885707129 2.96264e+07 3.11476e+07
1535629885807032 2.96294e+07 3.11506e+07
1535629885906852 2.96322e+07 3.11536e+07
1535629885973436 2.96342e+07 3.11557e+07
1535629886073236 2.9637e+07 3.11589e+07
1535629886173055 2.96399e+07 3.11619e+07
1535629886272992 2.96427e+07 3.1165e+07
1535629886339571 2.96446e+07 3.1167e+07
1535629886439471 2.96475e+07 3.117e+07
1535629886539402 2.96504e+07 3.11731e+07
1535629886639312 2.96534e+07 3.11761e+07
1535629886705801 2.96554e+07 3.11781e+07
1535629886805857 2.96584e+07 3.11811e+07
1535629886905664 2.96615e+07 3.11842e+07
1535629886972190 2.96635e+07 3.11863e+07
1535629887072074 2.96666e+07 3.11894e+07
1535629887172075 2.96697e+07 3.11926e+07
1535629887271934 2.96728e+07 3.11957e+07
1535629887338613 2.96748e+07 3.11978e+07
1535629887438479 2.96779e+07 3.12009e+07
1535629887538420 2.96809e+07 3.12042e+07
1535629887605001 2.96829e+07 3.12064e+07
1535629887704921 2.9686e+07 3.12097e+07
1535629887804721 2.96891e+07 3.12131e+07
1535629887871332 2.96911e+07 3.12154e+07
1535629887971249 2.96942e+07 3.12191e+07
1535629888071127 2.96972e+07 3.12228e+07
1535629888170974 2.97002e+07 3.12266e+07
1535629888237656 2.97023e+07 3.1229e+07
1535629888337616 2.97053e+07 3.12328e+07
1535629888437527 2.97083e+07 3.12364e+07
1535629888504091 2.97104e+07 3.12389e+07
1535629888604004 2.97135e+07 3.12425e+07
1535629888703871 2.97165e+07 3.12462e+07
1535629888770380 2.97186e+07 3.12486e+07
1535629888870229 2.97216e+07 3.12524e+07
1535629888970176 2.97245e+07 3.12563e+07
1535629889036846 2.97264e+07 3.12589e+07
1535629889136636 2.97294e+07 3.12628e+07
1535629889236492 2.97323e+07 3.12668e+07
1535629889336444 2.97353e+07 3.12708e+07
1535629889402938 2.97373e+07 3.12735e+07
1535629889502884 2.97403e+07 3.12772e+07
1535629889602704 2.97434e+07 3.1281e+07
1535629889702677 2.97466e+07 3.12848e+07
1535629889769276 2.97488e+07 3.12874e+07
1535629889869210 2.9752e+07 3.12911e+07
1535629889969050 2.97553e+07 3.12948e+07
1535629890035624 2.97574e+07 3.12973e+07
1535629890135601 2.97608e+07 3.1301e+07
1535629890235437 2.97641e+07 3.13048e+07
1535629890335265 2.97674e+07 3.13084e+07
1535629890401973 2.97697e+07 3.13108e+07
1535629890501780 2.9773e+07 3.13144e+07
1535629890601536 2.97764e+07 3.13179e+07
1535629890668148 2.97786e+07 3.13203e+07
1535629890767897 2.9782e+07 3.13237e+07
1535629890867877 2.97854e+07 3.1327e+07
1535629890934558 2.97876e+07 3.13293e+07
1535629891034358 2.9791e+07 3.13327e+07
1535629891134274 2.97944e+07 3.1336e+07
1535629891234243 2.97977e+07 3.13393e+07
1535629891300984 2.97999e+07 3.13414e+07
1535629891400902 2.98032e+07 3.13446e+07
1535629891500749 2.98065e+07 3.13477e+07
1535629891567354 2.98087e+07 3.13497e+07
1535629891667286 2.9812e+07 3.13527e+07
1535629891767211 2.98153e+07 3.13557e+07
1535629891867208 2.98186e+07 3.13586e+07
1535629891933764 2.98208e+07 3.13606e+07
1535629892033653 2.98241e+07 3.13635e+07
1535629892133424 2.98273e+07 3.13664e+07
1535629892199935 2.98294e+07 3.13683e+07
1535629892299785 2.98326e+07 3.13713e+07
1535629892399749 2.98357e+07 3.13743e+07
1535629892466441 2.98377e+07 3.13762e+07
1535629892566550 2.98408e+07 3.13792e+07
1535629892666139 2.98438e+07 3.13822e+07
1535629892765992 2.98466e+07 3.13852e+07
1535629892832602 2.98486e+07 3.13873e+07
1535629892932570 2.98515e+07 3.13903e+07
1535629893032568 2.98543e+07 3.13934e+07
1535629893132485 2.98572e+07 3.13966e+07
1535629893198945 2.98592e+07 3.13988e+07
1535629893298853 2.98621e+07 3.14021e+07
1535629893398867 2.9865e+07 3.14054e+07
1535629893498734 2.9868e+07 3.14087e+07
1535629893565290 2.987e+07 3.14109e+07
1535629893665074 2.9873e+07 3.14141e+07
1535629893764950 2.98761e+07 3.14174e+07
1535629893831656 2.98782e+07 3.14196e+07
1535629893931608 2.98813e+07 3.14229e+07
1535629894031390 2.98844e+07 3.14263e+07
1535629894097956 2.98865e+07 3.14286e+07
1535629894197844 2.98896e+07 3.1432e+07
1535629894297750 2.98928e+07 3.14354e+07
1535629894397704 2.98959e+07 3.14389e+07
1535629894464354 2.98981e+07 3.14411e+07
1535629894564326 2.99013e+07 3.14445e+07
1535629894663996 2.99045e+07 3.14477e+07
1535629894730597 2.99066e+07 3.14499e+07
1535629894830332 2.99099e+07 3.14532e+07
1535629894930409 2.99131e+07 3.14563e+07
1535629895030326 2.99165e+07 3.14594e+07
1535629895096861 2.99186e+07 3.14615e+07
1535629895196660 2.99219e+07 3.14646e+07
1535629895263327 2.99241e+07 3.14667e+07
1535629895363162 2.99274e+07 3.14699e+07
1535629895463074 2.99307e+07 3.14729e+07
1535629895562980 2.9934e+07 3.1476e+07
1535629895629583 2.99362e+07 3.14781e+07
1535629895729419 2.99396e+07 3.14812e+07
1535629895829198 2.99429e+07 3.14844e+07
1535629895929072 2.99462e+07 3.14875e+07
1535629895995671 2.99484e+07 3.14895e+07
1535629896095556 2.99517e+07 3.14926e+07
1535629896195514 2.99548e+07 3.14956e+07
1535629896262020 2.9957e+07 3.14976e+07
1535629896361888 2.996e+07 3.15007e+07
1535629896461665 2.9963e+07 3.15037e+07
1535629896561588 2.99661e+07 3.15066e+07
1535629896628198 2.9968e+07 3.15086e+07
1535629896728049 2.99709e+07 3.15116e+07
1535629896827863 2.99738e+07 3.15145e+07
1535629896927806 2.99767e+07 3.15175e+07
1535629896994467 2.99787e+07 3.15196e+07
1535629897094467 2.99816e+07 3.15225e+07
1535629897194521 2.99846e+07 3.15256e+07
1535629897261231 2.99865e+07 3.15277e+07
1535629897361449 2.99895e+07 3.15308e+07
1535629897461516 2.99924e+07 3.15339e+07
1535629897528075 2.99944e+07 3.1536e+07
1535629897628005 2.99973e+07 3.1539e+07
1535629897727844 3.00003e+07 3.15421e+07
1535629897827872 3.00032e+07 3.15452e+07
1535629897894598 3.00053e+07 3.15473e+07
1535629897994642 3.00083e+07 3.15505e+07
1535629898094347 3.00113e+07 3.15536e+07
1535629898161072 3.00134e+07 3.15557e+07
1535629898260907 3.00165e+07 3.15589e+07
1535629898360874 3.00195e+07 3.15621e+07
1535629898460618 3.00226e+07 3.15653e+07
1535629898527115 3.00247e+07 3.15675e+07
1535629898627017 3.00278e+07 3.15707e+07
1535629898726826 3.00309e+07 3.15739e+07
1535629898793575 3.0033e+07 3.1576e+07
1535629898893463 3.0036e+07 3.15792e+07
1535629898993428 3.00391e+07 3.15825e+07
1535629899060060 3.00412e+07 3.15848e+07
1535629899160002 3.00442e+07 3.15881e+07
1535629899259850 3.00473e+07 3.15917e+07
1535629899359804 3.00503e+07 3.15953e+07
1535629899426357 3.00523e+07 3.15978e+07
1535629899526201 3.00553e+07 3.16016e+07
1535629899626125 3.00583e+07 3.16052e+07
1535629899692719 3.00602e+07 3.16077e+07
1535629899792641 3.00633e+07 3.16115e+07
1535629899892550 3.00663e+07 3.16154e+07
1535629899959167 3.00683e+07 3.16179e+07
1535629900058972 3.00714e+07 3.16217e+07
1535629900158890 3.00743e+07 3.16256e+07
1535629900258852 3.00773e+07 3.16294e+07
1535629900325337 3.00792e+07 3.1632e+07
1535629900425226 3.00821e+07 3.1636e+07
1535629900525184 3.0085e+07 3.164e+07
1535629900624995 3.0088e+07 3.16439e+07
1535629900691723 3.009e+07 3.16465e+07
1535629900791641 3.0093e+07 3.16506e+07
1535629900891604 3.00962e+07 3.16544e+07
1535629900958179 3.00984e+07 3.16571e+07
1535629901058094 3.01017e+07 3.16609e+07
1535629901157929 3.0105e+07 3.16646e+07
1535629901257829 3.01083e+07 3.16683e+07
1535629901324424 3.01106e+07 3.16707e+07
1535629901424443 3.0114e+07 3.16743e+07
1535629901524229 3.01172e+07 3.16777e+07
1535629901590816 3.01195e+07 3.168e+07
1535629901690783 3.01228e+07 3.16835e+07
1535629901790752 3.0126e+07 3.16867e+07
1535629901890427 3.01294e+07 3.169e+07
1535629901957082 3.01316e+07 3.16922e+07
1535629902056913 3.0135e+07 3.16954e+07
1535629902156729 3.01383e+07 3.16986e+07
1535629902223335 3.01405e+07 3.17007e+07
1535629902323276 3.01438e+07 3.17038e+07
1535629902423081 3.01471e+07 3.17068e+07
1535629902489694 3.01492e+07 3.17088e+07
1535629902589602 3.01524e+07 3.17118e+07
1535629902689456 3.01555e+07 3.17148e+07
1535629902789403 3.01586e+07 3.17178e+07
1535629902855989 3.01607e+07 3.17197e+07
1535629902956029 3.01638e+07 3.17227e+07
1535629903055928 3.01667e+07 3.17256e+07
1535629903122479 3.01687e+07 3.17276e+07
1535629903222453 3.01716e+07 3.17306e+07
1535629903322307 3.01745e+07 3.17336e+07
1535629903422200 3.01773e+07 3.17365e+07
1535629903488746 3.01792e+07 3.17385e+07
1535629903588532 3.01819e+07 3.17415e+07
1535629903688470 3.01847e+07 3.17445e+07
1535629903755034 3.01865e+07 3.17466e+07
1535629903854985 3.01893e+07 3.17496e+07
1535629903954804 3.01922e+07 3.17526e+07
1535629904054708 3.01951e+07 3.17556e+07
1535629904121309 3.01971e+07 3.17575e+07
1535629904221230 3.02001e+07 3.17605e+07
1535629904321086 3.02031e+07 3.17634e+07
1535629904387573 3.02051e+07 3.17654e+07
1535629904487579 3.0208e+07 3.17682e+07
1535629904587510 3.02109e+07 3.17711e+07
1535629904653975 3.02128e+07 3.1773e+07
1535629904753845 3.02155e+07 3.1776e+07
1535629904853704 3.02183e+07 3.17789e+07
1535629904953657 3.02211e+07 3.17819e+07
1535629905020180 3.0223e+07 3.17839e+07
1535629905120067 3.02258e+07 3.17869e+07
1535629905220060 3.02286e+07 3.179e+07
1535629905286744 3.02305e+07 3.17921e+07
1535629905386557 3.02333e+07 3.17953e+07
1535629905486507 3.02361e+07 3.17986e+07
1535629905586429 3.02388e+07 3.1802e+07
1535629905653002 3.02405e+07 3.18043e+07
1535629905752933 3.02432e+07 3.18079e+07
1535629905852740 3.02459e+07 3.18116e+07
1535629905919456 3.02476e+07 3.1814e+07
1535629906019371 3.02503e+07 3.18176e+07
1535629906119398 3.02531e+07 3.18214e+07
1535629906219199 3.02558e+07 3.18252e+07
1535629906285740 3.02577e+07 3.18277e+07
1535629906385665 3.02605e+07 3.18316e+07
1535629906485663 3.02634e+07 3.18354e+07
1535629906552301 3.02653e+07 3.1838e+07
1535629906652065 3.02683e+07 3.18419e+07
1535629906751842 3.02712e+07 3.18457e+07
1535629906851677 3.02743e+07 3.18495e+07
1535629906918362 3.02764e+07 3.1852e+07
1535629907018163 3.02795e+07 3.18558e+07
1535629907118098 3.02827e+07 3.18595e+07
1535629907184650 3.0285e+07 3.1862e+07
1535629907284432 3.02882e+07 3.18656e+07
1535629907384322 3.02915e+07 3.18692e+07
1535629907451046 3.02937e+07 3.18717e+07
1535629907550905 3.0297e+07 3.18752e+07
1535629907650754 3.03003e+07 3.18788e+07
1535629907750727 3.03036e+07 3.18823e+07
1535629907817422 3.03058e+07 3.18846e+07
1535629907917138 3.03091e+07 3.18881e+07
1535629908017088 3.03124e+07 3.18915e+07
1535629908083748 3.03146e+07 3.18938e+07
1535629908183506 3.03179e+07 3.18971e+07
1535629908283383 3.03212e+07 3.19004e+07
1535629908350006 3.03234e+07 3.19025e+07
1535629908449981 3.03268e+07 3.19058e+07
1535629908549816 3.03301e+07 3.1909e+07
1535629908649755 3.03334e+07 3.19121e+07
1535629908716439 3.03356e+07 3.19142e+07
1535629908816207 3.03388e+07 3.19173e+07
1535629908916118 3.03421e+07 3.19204e+07
1535629908982578 3.03442e+07 3.19224e+07
1535629909082446 3.03475e+07 3.19255e+07
1535629909182399 3.03508e+07 3.19286e+07
1535629909282284 3.0354e+07 3.19316e+07
1535629909348908 3.03561e+07 3.19336e+07
1535629909448736 3.03593e+07 3.19367e+07
1535629909548611 3.03624e+07 3.19397e+07
1535629909615207 3.03645e+07 3.19417e+07
1535629909715065 3.03677e+07 3.19448e+07
1535629909815054 3.03707e+07 3.19478e+07
1535629909914881 3.03738e+07 3.19508e+07
1535629909981376 3.03759e+07 3.19528e+07
1535629910081251 3.03789e+07 3.19559e+07
1535629910181208 3.0382e+07 3.19589e+07
1535629910247833 3.0384e+07 3.1961e+07
1535629910347779 3.03871e+07 3.1964e+07
1535629910447598 3.03901e+07 3.19671e+07
1535629910547571 3.03932e+07 3.19701e+07
1535629910614143 3.03952e+07 3.19722e+07
1535629910714092 3.03982e+07 3.19753e+07
1535629910813899 3.04012e+07 3.19785e+07
1535629910880374 3.04032e+07 3.19806e+07
1535629910980118 3.04061e+07 3.19837e+07
1535629911080199 3.04092e+07 3.19869e+07
1535629911180079 3.04122e+07 3.199e+07
1535629911246697 3.04142e+07 3.19921e+07
1535629911346565 3.04172e+07 3.19952e+07
1535629911446429 3.04202e+07 3.19983e+07
1535629911513131 3.04223e+07 3.20003e+07
1535629911613116 3.04253e+07 3.20034e+07
1535629911713150 3.04284e+07 3.20065e+07
1535629911779726 3.04304e+07 3.20086e+07
1535629911879459 3.04334e+07 3.20117e+07
1535629911979297 3.04364e+07 3.20147e+07
1535629912079265 3.04395e+07 3.20178e+07
1535629912145849 3.04416e+07 3.20198e+07
1535629912245822 3.04447e+07 3.20228e+07
1535629912346048 3.04478e+07 3.20259e+07
1535629912445884 3.0451e+07 3.20289e+07
1535629912512574 3.0453e+07 3.20308e+07
1535629912612422 3.04562e+07 3.20338e+07
1535629912712445 3.04594e+07 3.20368e+07
1535629912778987 3.04614e+07 3.20388e+07
1535629912878958 3.04646e+07 3.20418e+07
1535629912978972 3.04677e+07 3.20447e+07
1535629913045480 3.04697e+07 3.20467e+07
1535629913145325 3.04729e+07 3.20496e+07
1535629913245290 3.0476e+07 3.20526e+07
1535629913345149 3.04791e+07 3.20556e+07
1535629913444913 3.04822e+07 3.20586e+07
1535629913511644 3.04843e+07 3.20606e+07
1535629913611490 3.04874e+07 3.20637e+07
1535629913678041 3.04894e+07 3.20657e+07
1535629913777956 3.04925e+07 3.20689e+07
1535629913877835 3.04956e+07 3.2072e+07
1535629913977823 3.04987e+07 3.20752e+07
1535629914044315 3.05007e+07 3.20773e+07
1535629914144233 3.05037e+07 3.20804e+07
1535629914244141 3.05068e+07 3.20836e+07
1535629914344015 3.05099e+07 3.20867e+07
1535629914410691 3.0512e+07 3.20889e+07
1535629914510651 3.05152e+07 3.20921e+07
1535629914610530 3.05183e+07 3.20952e+07
1535629914677227 3.05204e+07 3.20973e+07
1535629914776949 3.05236e+07 3.21006e+07
1535629914877024 3.05268e+07 3.21038e+07
1535629914943604 3.05289e+07 3.21059e+07
1535629915043643 3.05322e+07 3.21092e+07
1535629915143453 3.05353e+07 3.21124e+07
1535629915243264 3.05386e+07 3.21156e+07
1535629915309782 3.05407e+07 3.21178e+07
1535629915409629 3.0544e+07 3.21211e+07
1535629915509531 3.05472e+07 3.21245e+07
1535629915609422 3.05504e+07 3.21279e+07
1535629915676034 3.05525e+07 3.21303e+07
1535629915775907 3.05557e+07 3.2134e+07
1535629915875793 3.05587e+07 3.21377e+07
1535629915942397 3.05607e+07 3.21402e+07
1535629916042445 3.05637e+07 3.2144e+07
1535629916142269 3.05666e+07 3.21478e+07
1535629916208808 3.05686e+07 3.21504e+07
1535629916308598 3.05715e+07 3.21542e+07
1535629916408617 3.05744e+07 3.21582e+07
1535629916508558 3.05773e+07 3.21621e+07
1535629916575026 3.05793e+07 3.21647e+07
1535629916674996 3.05821e+07 3.21686e+07
1535629916774957 3.05849e+07 3.21725e+07
1535629916841464 3.05869e+07 3.21752e+07
1535629916941434 3.05898e+07 3.2179e+07
1535629917041457 3.05926e+07 3.21829e+07
1535629917141297 3.05955e+07 3.21867e+07
1535629917207790 3.05975e+07 3.21892e+07
1535629917307721 3.06004e+07 3.21929e+07
1535629917407775 3.06034e+07 3.21966e+07
1535629917507566 3.06064e+07 3.22002e+07
1535629917574144 3.06084e+07 3.22025e+07
1535629917674150 3.06116e+07 3.22061e+07
1535629917740689 3.06137e+07 3.22084e+07
1535629917840590 3.06168e+07 3.22118e+07
1535629917940349 3.06199e+07 3.22151e+07
1535629918040109 3.06231e+07 3.22184e+07
1535629918139974 3.0626e+07 3.22216e+07
1535629918206460 3.06281e+07 3.22237e+07
1535629918306347 3.06311e+07 3.22268e+07
1535629918406327 3.06342e+07 3.22299e+07
1535629918472925 3.06363e+07 3.2232e+07
1535629918572890 3.06395e+07 3.2235e+07
1535629918672719 3.06428e+07 3.2238e+07
1535629918739363 3.06449e+07 3.22399e+07
1535629918839304 3.06481e+07 3.22428e+07
1535629918939174 3.06513e+07 3.22457e+07
1535629919039104 3.06545e+07 3.22485e+07
1535629919105661 3.06565e+07 3.22504e+07
1535629919205618 3.06597e+07 3.22533e+07
1535629919305531 3.06628e+07 3.22562e+07
1535629919372093 3.06648e+07 3.22581e+07
1535629919471940 3.06679e+07 3.2261e+07
1535629919571940 3.0671e+07 3.2264e+07
1535629919671767 3.0674e+07 3.2267e+07
1535629919738436 3.0676e+07 3.2269e+07
1535629919838232 3.0679e+07 3.22722e+07
1535629919938093 3.06818e+07 3.22753e+07
1535629920004766 3.06837e+07 3.22774e+07
1535629920104619 3.06866e+07 3.22806e+07
1535629920204540 3.06895e+07 3.22838e+07
1535629920271126 3.06914e+07 3.22859e+07
1535629920371039 3.06944e+07 3.22891e+07
1535629920471043 3.06973e+07 3.22922e+07
1535629920570945 3.07003e+07 3.22954e+07
1535629920637473 3.07023e+07 3.22975e+07
1535629920737150 3.07053e+07 3.23007e+07
1535629920837003 3.07083e+07 3.23039e+07
1535629920903599 3.07103e+07 3.23061e+07
1535629921003585 3.07133e+07 3.23094e+07
1535629921103435 3.07163e+07 3.23128e+07
1535629921203366 3.07193e+07 3.23162e+07
1535629921269973 3.07213e+07 3.23185e+07
1535629921369724 3.07242e+07 3.23221e+07
1535629921469689 3.07273e+07 3.23258e+07
1535629921536312 3.07293e+07 3.23282e+07
1535629921636154 3.07324e+07 3.2332e+07
1535629921736048 3.07355e+07 3.23359e+07
1535629921802649 3.07376e+07 3.23385e+07
1535629921902618 3.07407e+07 3.23422e+07
1535629922002385 3.07438e+07 3.23461e+07
1535629922102427 3.07469e+07 3.23499e+07
1535629922169039 3.07489e+07 3.23525e+07
1535629922268853 3.07521e+07 3.23563e+07
1535629922368887 3.07551e+07 3.236e+07
1535629922435467 3.07572e+07 3.23624e+07
1535629922535399 3.07604e+07 3.23662e+07
1535629922635210 3.07634e+07 3.237e+07
1535629922735219 3.07666e+07 3.23737e+07
1535629922801877 3.07686e+07 3.23761e+07
1535629922901767 3.07717e+07 3.23798e+07
1535629923001725 3.07748e+07 3.23835e+07
1535629923068200 3.07769e+07 3.23859e+07
1535629923168181 3.07799e+07 3.23896e+07
1535629923267935 3.0783e+07 3.23931e+07
1535629923367861 3.07861e+07 3.23967e+07
1535629923434319 3.07881e+07 3.23991e+07
1535629923534386 3.07912e+07 3.24026e+07
1535629923634186 3.07943e+07 3.2406e+07
1535629923700865 3.07964e+07 3.24083e+07
1535629923800602 3.07995e+07 3.24117e+07
1535629923900625 3.08026e+07 3.2415e+07
1535629924000636 3.08057e+07 3.24183e+07
1535629924067273 3.08077e+07 3.24204e+07
1535629924167038 3.08108e+07 3.24236e+07
1535629924266933 3.08138e+07 3.24267e+07
1535629924333570 3.08158e+07 3.24288e+07
1535629924433501 3.08189e+07 3.24319e+07
1535629924533305 3.08219e+07 3.24349e+07
1535629924633208 3.0825e+07 3.24379e+07
1535629924699720 3.0827e+07 3.24398e+07
1535629924799473 3.08299e+07 3.24427e+07
1535629924899404 3.08329e+07 3.24456e+07
1535629924966035 3.08348e+07 3.24474e+07
1535629925065793 3.08377e+07 3.24501e+07
1535629925165809 3.08407e+07 3.24528e+07
1535629925232406 3.08427e+07 3.24546e+07
1535629925332465 3.08456e+07 3.24571e+07
1535629925432379 3.08485e+07 3.24597e+07
1535629925532369 3.08514e+07 3.24622e+07
1535629925598942 3.08533e+07 3.24638e+07
1535629925698624 3.08562e+07 3.24663e+07
1535629925798674 3.08591e+07 3.24688e+07
1535629925865159 3.08609e+07 3.24703e+07
1535629925965068 3.08636e+07 3.24726e+07
1535629926064919 3.08663e+07 3.24749e+07
1535629926164939 3.08689e+07 3.24772e+07
1535629926231417 3.08706e+07 3.24787e+07
1535629926331246 3.08732e+07 3.24809e+07
1535629926430999 3.08758e+07 3.24831e+07
1535629926497746 3.08774e+07 3.24846e+07
1535629926597687 3.08799e+07 3.24867e+07
1535629926697499 3.08825e+07 3.24889e+07
1535629926764103 3.08842e+07 3.24904e+07
1535629926864043 3.08866e+07 3.24927e+07
1535629926963897 3.0889e+07 3.24951e+07
1535629927030483 3.08907e+07 3.24967e+07
1535629927130542 3.0893e+07 3.24993e+07
1535629927230597 3.08953e+07 3.25022e+07
1535629927330482 3.08976e+07 3.2505e+07
1535629927397157 3.08991e+07 3.2507e+07
1535629927497151 3.09013e+07 3.251e+07
1535629927597100 3.09036e+07 3.25129e+07
1535629927697146 3.09059e+07 3.25159e+07
1535629927763792 3.09075e+07 3.25179e+07
1535629927863772 3.09099e+07 3.25208e+07
1535629927963625 3.09124e+07 3.25238e+07
1535629928030163 3.09141e+07 3.25259e+07
1535629928130056 3.09167e+07 3.25288e+07
1535629928229939 3.09193e+07 3.25319e+07
1535629928329756 3.0922e+07 3.25349e+07
1535629928396324 3.09238e+07 3.25369e+07
1535629928496109 3.09265e+07 3.25399e+07
1535629928595865 3.09292e+07 3.25429e+07
1535629928662365 3.09311e+07 3.25449e+07
1535629928762459 3.09338e+07 3.25479e+07
1535629928862220 3.09365e+07 3.2551e+07
1535629928962172 3.09393e+07 3.2554e+07
1535629929028797 3.09411e+07 3.25561e+07
1535629929128628 3.09437e+07 3.25593e+07
1535629929228529 3.09463e+07 3.25625e+07
1535629929295127 3.09481e+07 3.25647e+07
1535629929394973 3.09506e+07 3.2568e+07
1535629929494937 3.09532e+07 3.25714e+07
1535629929594791 3.09559e+07 3.25747e+07
1535629929661384 3.09577e+07 3.25769e+07
1535629929761340 3.09605e+07 3.25802e+07
1535629929861105 3.09633e+07 3.25835e+07
1535629929927850 3.09653e+07 3.25855e+07
1535629930027693 3.09683e+07 3.25885e+07
1535629930127534 3.09714e+07 3.25916e+07
1535629930194152 3.09735e+07 3.25935e+07
1535629930294188 3.09766e+07 3.25965e+07
1535629930394110 3.09798e+07 3.25994e+07
1535629930493995 3.0983e+07 3.26022e+07
1535629930560582 3.09852e+07 3.2604e+07
1535629930660413 3.09884e+07 3.26068e+07
1535629930760247 3.09916e+07 3.26095e+07
1535629930860126 3.09947e+07 3.26122e+07
1535629930926631 3.09968e+07 3.2614e+07
1535629931026477 3.09999e+07 3.26167e+07
1535629931126564 3.1003e+07 3.26193e+07
1535629931193217 3.1005e+07 3.26211e+07
1535629931292949 3.1008e+07 3.26237e+07
1535629931392899 3.10109e+07 3.26264e+07
1535629931459483 3.10128e+07 3.26282e+07
1535629931559325 3.10158e+07 3.26309e+07
1535629931659231 3.10186e+07 3.26337e+07
1535629931758999 3.10216e+07 3.26364e+07
1535629931825606 3.10236e+07 3.26382e+07
1535629931925565 3.10265e+07 3.2641e+07
1535629932025511 3.10294e+07 3.26438e+07
1535629932125335 3.10323e+07 3.26467e+07
1535629932192031 3.10342e+07 3.26486e+07
1535629932291968 3.10371e+07 3.26513e+07
1535629932391878 3.10399e+07 3.26541e+07
1535629932458580 3.10417e+07 3.26561e+07
1535629932558380 3.10445e+07 3.26589e+07
1535629932658324 3.10472e+07 3.26618e+07
1535629932724892 3.10491e+07 3.26637e+07
1535629932824858 3.10519e+07 3.26665e+07
1535629932924660 3.10547e+07 3.26693e+07
1535629932991322 3.10566e+07 3.26712e+07
1535629933091243 3.10594e+07 3.2674e+07
1535629933191150 3.10623e+07 3.26768e+07
1535629933290838 3.10652e+07 3.26797e+07
1535629933357461 3.10672e+07 3.26816e+07
1535629933457388 3.10701e+07 3.26845e+07
1535629933557286 3.1073e+07 3.26873e+07
1535629933657299 3.10758e+07 3.26902e+07
1535629933723841 3.10777e+07 3.26922e+07
1535629933823585 3.10805e+07 3.26952e+07
1535629933923626 3.10832e+07 3.26984e+07
1535629933990314 3.10851e+07 3.27006e+07
1535629934090124 3.10878e+07 3.2704e+07
1535629934190008 3.10904e+07 3.27075e+07
1535629934289919 3.10931e+07 3.27112e+07
1535629934356490 3.10948e+07 3.27136e+07
1535629934456377 3.10975e+07 3.27173e+07
1535629934556300 3.11001e+07 3.2721e+07
1535629934622941 3.11019e+07 3.27235e+07
1535629934722816 3.11047e+07 3.27272e+07
1535629934822798 3.11073e+07 3.27309e+07
1535629934889353 3.11092e+07 3.27333e+07
1535629934989320 3.11119e+07 3.27368e+07
1535629935089045 3.11147e+07 3.27404e+07
1535629935188761 3.11174e+07 3.2744e+07
1535629935255439 3.11192e+07 3.27464e+07
1535629935355348 3.1122e+07 3.27499e+07
1535629935455070 3.11247e+07 3.27534e+07
1535629935521646 3.11265e+07 3.27557e+07
1535629935621418 3.11293e+07 3.27592e+07
1535629935721302 3.11321e+07 3.27627e+07
1535629935821177 3.11349e+07 3.27662e+07
1535629935887822 3.11368e+07 3.27684e+07
1535629935987798 3.11397e+07 3.27717e+07
1535629936087702 3.11426e+07 3.2775e+07
1535629936154325 3.11447e+07 3.27772e+07
1535629936254181 3.11477e+07 3.27804e+07
1535629936354270 3.11508e+07 3.27835e+07
1535629936454289 3.11538e+07 3.27866e+07
1535629936520851 3.11558e+07 3.27887e+07
1535629936620584 3.11587e+07 3.27918e+07
1535629936720438 3.11618e+07 3.2795e+07
1535629936786980 3.11638e+07 3.27971e+07
1535629936887023 3.11668e+07 3.28002e+07
1535629936986912 3.11699e+07 3.28033e+07
1535629937086820 3.1173e+07 3.28063e+07
1535629937153285 3.1175e+07 3.28083e+07
1535629937253149 3.11781e+07 3.28113e+07
1535629937353207 3.11812e+07 3.28143e+07
1535629937419891 3.11832e+07 3.28162e+07
1535629937519611 3.11863e+07 3.28191e+07
1535629937619616 3.11893e+07 3.2822e+07
1535629937719548 3.11923e+07 3.28249e+07
1535629937786031 3.11943e+07 3.28269e+07
1535629937885962 3.11973e+07 3.28298e+07
1535629937952555 3.11993e+07 3.28317e+07
1535629938052494 3.12023e+07 3.28345e+07
1535629938152428 3.12052e+07 3.28374e+07
1535629938252333 3.12082e+07 3.28402e+07
1535629938318895 3.12102e+07 3.28421e+07
1535629938418797 3.12131e+07 3.2845e+07
1535629938518492 3.1216e+07 3.28477e+07
1535629938618541 3.1219e+07 3.28504e+07
1535629938685214 3.12209e+07 3.28523e+07
1535629938785081 3.12238e+07 3.28551e+07
1535629938884898 3.12267e+07 3.28579e+07
1535629938951571 3.12287e+07 3.28598e+07
1535629939051529 3.12315e+07 3.28627e+07
1535629939151419 3.12345e+07 3.28654e+07
1535629939251186 3.12373e+07 3.28682e+07
1535629939317878 3.12392e+07 3.287e+07
1535629939417578 3.12421e+07 3.28726e+07
1535629939517451 3.12451e+07 3.28752e+07
1535629939583945 3.1247e+07 3.28769e+07
1535629939683789 3.12499e+07 3.28795e+07
1535629939783695 3.12529e+07 3.2882e+07
1535629939883590 3.12557e+07 3.28845e+07
1535629939950326 3.12577e+07 3.28862e+07
1535629940050385 3.12607e+07 3.28887e+07
1535629940150172 3.12636e+07 3.28912e+07
1535629940216868 3.12656e+07 3.28929e+07
1535629940316738 3.12686e+07 3.28954e+07
1535629940416579 3.12715e+07 3.28978e+07
1535629940483047 3.12735e+07 3.28994e+07
1535629940583060 3.12766e+07 3.29018e+07
1535629940682963 3.12796e+07 3.29041e+07
1535629940782866 3.12827e+07 3.29063e+07
1535629940849529 3.12848e+07 3.29078e+07
1535629940949410 3.12879e+07 3.291e+07
1535629941049280 3.1291e+07 3.29121e+07
1535629941115864 3.12932e+07 3.29135e+07
1535629941215653 3.12962e+07 3.29155e+07
1535629941315449 3.12993e+07 3.29176e+07
1535629941415305 3.13023e+07 3.29196e+07
1535629941481896 3.13043e+07 3.29209e+07
1535629941581857 3.13072e+07 3.2923e+07
1535629941681686 3.131e+07 3.29252e+07
1535629941748281 3.13118e+07 3.29267e+07
1535629941848315 3.13145e+07 3.2929e+07
1535629941948020 3.13172e+07 3.29313e+07
1535629942048086 3.13198e+07 3.29338e+07
1535629942114660 3.13215e+07 3.29354e+07
1535629942214570 3.13242e+07 3.29379e+07
1535629942314601 3.13269e+07 3.29403e+07
1535629942381207 3.13286e+07 3.29419e+07
1535629942481154 3.13312e+07 3.29443e+07
1535629942581162 3.13339e+07 3.29468e+07
1535629942647940 3.13357e+07 3.29484e+07
1535629942747884 3.13383e+07 3.2951e+07
1535629942847785 3.1341e+07 3.29535e+07
1535629942947804 3.13437e+07 3.29561e+07
1535629943014408 3.13455e+07 3.29578e+07
1535629943114452 3.13482e+07 3.29605e+07
1535629943214323 3.13509e+07 3.29632e+07
1535629943280817 3.13527e+07 3.29651e+07
1535629943380746 3.13555e+07 3.2968e+07
1535629943480747 3.13584e+07 3.29709e+07
1535629943580595 3.13613e+07 3.2974e+07
1535629943647228 3.13632e+07 3.2976e+07
1535629943747174 3.13662e+07 3.29791e+07
1535629943846978 3.13692e+07 3.29823e+07
1535629943913486 3.13711e+07 3.29844e+07
1535629944013456 3.13742e+07 3.29875e+07
1535629944113323 3.13771e+07 3.29906e+07
1535629944179921 3.13791e+07 3.29926e+07
1535629944279983 3.1382e+07 3.29956e+07
1535629944379793 3.13849e+07 3.29985e+07
1535629944479709 3.13877e+07 3.30015e+07
1535629944546325 3.13897e+07 3.30035e+07
1535629944646232 3.13926e+07 3.30064e+07
1535629944746026 3.13954e+07 3.30094e+07
1535629944812630 3.13973e+07 3.30113e+07
1535629944912468 3.14002e+07 3.30141e+07
1535629945012328 3.14031e+07 3.30169e+07
1535629945112284 3.1406e+07 3.30197e+07
1535629945178890 3.1408e+07 3.30215e+07
1535629945278921 3.14109e+07 3.30243e+07
1535629945378901 3.14138e+07 3.30271e+07
1535629945445570 3.14158e+07 3.30288e+07
1535629945545390 3.14186e+07 3.30315e+07
1535629945645246 3.14214e+07 3.30341e+07
1535629945711820 3.14233e+07 3.30359e+07
1535629945811705 3.14261e+07 3.30384e+07
1535629945911536 3.14288e+07 3.3041e+07
1535629946011266 3.14316e+07 3.30436e+07
1535629946077986 3.14334e+07 3.30453e+07
1535629946178016 3.14361e+07 3.30478e+07
1535629946277914 3.14389e+07 3.30503e+07
1535629946344501 3.14407e+07 3.3052e+07
1535629946444303 3.14435e+07 3.30545e+07
1535629946510877 3.14454e+07 3.30562e+07
1535629946643971 3.14491e+07 3.30595e+07
1535629946710455 3.14509e+07 3.30612e+07
1535629946810250 3.14537e+07 3.30637e+07
1535629946910246 3.14565e+07 3.30662e+07
1535629946976761 3.14583e+07 3.30678e+07
1535629947076648 3.14611e+07 3.30702e+07
1535629947176607 3.1464e+07 3.30727e+07
1535629947276556 3.14668e+07 3.30751e+07
1535629947343158 3.14687e+07 3.30766e+07
1535629947443176 3.14715e+07 3.30788e+07
1535629947543110 3.14742e+07 3.30811e+07
1535629947643003 3.14769e+07 3.30833e+07
1535629947709564 3.14787e+07 3.30847e+07
1535629947809365 3.14814e+07 3.30869e+07
1535629947909169 3.14841e+07 3.30891e+07
1535629947975903 3.14859e+07 3.30905e+07
1535629948075826 3.14886e+07 3.30926e+07
1535629948175635 3.14915e+07 3.30946e+07
1535629948275580 3.14943e+07 3.30965e+07
1535629948342136 3.14962e+07 3.30978e+07
1535629948441979 3.1499e+07 3.30997e+07
1535629948541851 3.15018e+07 3.31015e+07
1535629948608556 3.15036e+07 3.31028e+07
1535629948708504 3.15065e+07 3.31046e+07
1535629948808493 3.15092e+07 3.31066e+07
1535629948875078 3.1511e+07 3.31078e+07
1535629948975059 3.15137e+07 3.31097e+07
1535629949075004 3.15165e+07 3.31117e+07
1535629949174796 3.15192e+07 3.31137e+07
1535629949241232 3.1521e+07 3.31152e+07
1535629949340975 3.15237e+07 3.31174e+07
1535629949407678 3.15255e+07 3.31189e+07
1535629949507556 3.15281e+07 3.31214e+07
1535629949607394 3.15308e+07 3.3124e+07
1535629949707332 3.15334e+07 3.31266e+07
1535629949807185 3.1536e+07 3.31293e+07
1535629949873781 3.15378e+07 3.31311e+07
1535629949973526 3.15404e+07 3.31339e+07
1535629950073527 3.15431e+07 3.31368e+07
1535629950140007 3.15449e+07 3.31387e+07
1535629950239820 3.15476e+07 3.31416e+07
1535629950339838 3.15504e+07 3.31445e+07
1535629950439884 3.15532e+07 3.31475e+07
1535629950506407 3.15551e+07 3.31495e+07
1535629950606361 3.15581e+07 3.31525e+07
1535629950706291 3.15611e+07 3.31555e+07
1535629950772884 3.15631e+07 3.31576e+07
1535629950872786 3.15662e+07 3.31607e+07
1535629950972812 3.15692e+07 3.31639e+07
1535629951072598 3.15722e+07 3.31671e+07
1535629951139273 3.15743e+07 3.31692e+07
1535629951238979 3.15774e+07 3.31724e+07
1535629951338719 3.15805e+07 3.31757e+07
1535629951405292 3.15825e+07 3.31779e+07
1535629951505097 3.15857e+07 3.31812e+07
1535629951604934 3.15888e+07 3.31845e+07
1535629951671708 3.15909e+07 3.31868e+07
1535629951771708 3.1594e+07 3.31902e+07
1535629951871778 3.15971e+07 3.31935e+07
1535629951971604 3.16002e+07 3.31968e+07
1535629952038205 3.16023e+07 3.3199e+07
1535629952138065 3.16055e+07 3.32023e+07
1535629952237900 3.16087e+07 3.32056e+07
1535629952304433 3.16108e+07 3.32077e+07
1535629952404497 3.16141e+07 3.32109e+07
1535629952504411 3.16174e+07 3.32141e+07
1535629952604450 3.16206e+07 3.32172e+07
1535629952670907 3.16228e+07 3.32192e+07
1535629952770742 3.1626e+07 3.32224e+07
1535629952870750 3.16292e+07 3.32254e+07
1535629952937391 3.16313e+07 3.32274e+07
1535629953037245 3.16344e+07 3.32305e+07
1535629953137094 3.16375e+07 3.32336e+07
1535629953236881 3.16405e+07 3.32366e+07
1535629953303540 3.16426e+07 3.32387e+07
1535629953403322 3.16457e+07 3.32417e+07
1535629953503157 3.16488e+07 3.32447e+07
1535629953569841 3.16508e+07 3.32468e+07
1535629953669780 3.16539e+07 3.32498e+07
1535629953769713 3.16569e+07 3.32529e+07
1535629953836395 3.1659e+07 3.32549e+07
1535629953936383 3.16621e+07 3.3258e+07
1535629954036123 3.16651e+07 3.3261e+07
1535629954135880 3.16682e+07 3.3264e+07
1535629954202448 3.16703e+07 3.3266e+07
1535629954302160 3.16733e+07 3.3269e+07
1535629954402230 3.16764e+07 3.32721e+07
1535629954502248 3.16794e+07 3.32752e+07
1535629954568814 3.16814e+07 3.32772e+07
1535629954668606 3.16845e+07 3.32803e+07
1535629954768607 3.16876e+07 3.32834e+07
1535629954835199 3.16896e+07 3.32856e+07
1535629954935079 3.16928e+07 3.32888e+07
1535629955034849 3.16959e+07 3.3292e+07
1535629955134673 3.1699e+07 3.32951e+07
1535629955201258 3.17011e+07 3.32973e+07
1535629955301127 3.17042e+07 3.33005e+07
1535629955401170 3.17073e+07 3.33038e+07
1535629955467644 3.17095e+07 3.33059e+07
1535629955567507 3.17127e+07 3.33091e+07
1535629955667279 3.17158e+07 3.33123e+07
1535629955767208 3.17191e+07 3.33155e+07
1535629955833928 3.17212e+07 3.33176e+07
1535629955933853 3.17244e+07 3.33208e+07
1535629956033697 3.17276e+07 3.33239e+07
1535629956100387 3.17297e+07 3.3326e+07
1535629956200245 3.17328e+07 3.33291e+07
1535629956300101 3.17359e+07 3.33322e+07
1535629956366690 3.17379e+07 3.33343e+07
1535629956466645 3.1741e+07 3.33374e+07
1535629956566475 3.17441e+07 3.33405e+07
1535629956666407 3.17471e+07 3.33436e+07
1535629956732997 3.17491e+07 3.33456e+07
1535629956832835 3.17521e+07 3.33486e+07
1535629956932905 3.17551e+07 3.33516e+07
1535629956999465 3.17571e+07 3.33537e+07
1535629957099411 3.17601e+07 3.33566e+07
1535629957199410 3.1763e+07 3.33595e+07
1535629957266182 3.1765e+07 3.33614e+07
1535629957366327 3.1768e+07 3.33643e+07
1535629957466369 3.17709e+07 3.33671e+07
1535629957566366 3.17739e+07 3.337e+07
1535629957632995 3.17758e+07 3.33718e+07
1535629957732870 3.17787e+07 3.33745e+07
1535629957832866 3.17815e+07 3.33772e+07
1535629957932709 3.17844e+07 3.33799e+07
1535629957999423 3.17863e+07 3.33817e+07
1535629958099369 3.17892e+07 3.33844e+07
1535629958199271 3.1792e+07 3.33871e+07
1535629958265853 3.17939e+07 3.33889e+07
1535629958365753 3.17966e+07 3.33916e+07
1535629958465639 3.17994e+07 3.33943e+07
1535629958532238 3.18011e+07 3.33962e+07
1535629958632129 3.18037e+07 3.33991e+07
1535629958731879 3.18062e+07 3.34022e+07
1535629958831642 3.18087e+07 3.34053e+07
1535629958898355 3.18102e+07 3.34074e+07
1535629958998383 3.18125e+07 3.34106e+07
1535629959098186 3.18146e+07 3.34139e+07
1535629959197942 3.18167e+07 3.34172e+07
1535629959264472 3.18181e+07 3.34195e+07
1535629959364439 3.182e+07 3.34228e+07
1535629959464329 3.18218e+07 3.34262e+07
1535629959530932 3.18229e+07 3.34285e+07
1535629959630821 3.18246e+07 3.3432e+07
1535629959730806 3.18261e+07 3.34356e+07
1535629959797333 3.18271e+07 3.34379e+07
1535629959897152 3.18284e+07 3.34414e+07
1535629959996953 3.18297e+07 3.34449e+07
1535629960096870 3.18309e+07 3.34484e+07
1535629960163434 3.18316e+07 3.34508e+07
1535629960263376 3.18328e+07 3.34542e+07
1535629960363442 3.18338e+07 3.34575e+07
1535629960430076 3.18345e+07 3.34597e+07
1535629960530094 3.18356e+07 3.34629e+07
1535629960630131 3.18366e+07 3.34661e+07
1535629960696795 3.18373e+07 3.34682e+07
1535629960796692 3.18386e+07 3.34712e+07
1535629960896574 3.184e+07 3.3474e+07
1535629960996521 3.18415e+07 3.34768e+07
1535629961063072 3.18426e+07 3.34786e+07
1535629961162963 3.18443e+07 3.34811e+07
1535629961262866 3.18462e+07 3.34836e+07
1535629961362668 3.18483e+07 3.3486e+07
1535629961429337 3.18497e+07 3.34874e+07
1535629961529139 3.1852e+07 3.34896e+07
1535629961629132 3.18544e+07 3.34918e+07
1535629961695711 3.1856e+07 3.34932e+07
1535629961795490 3.18585e+07 3.34953e+07
1535629961895361 3.1861e+07 3.34974e+07
1535629961961848 3.18626e+07 3.34989e+07
1535629962061691 3.18652e+07 3.3501e+07
1535629962161751 3.18678e+07 3.35032e+07
1535629962228309 3.18695e+07 3.35046e+07
1535629962328267 3.18721e+07 3.35067e+07
1535629962428089 3.18747e+07 3.35089e+07
1535629962527915 3.18773e+07 3.35111e+07
1535629962594540 3.1879e+07 3.35126e+07
1535629962694402 3.18816e+07 3.35148e+07
1535629962794414 3.18843e+07 3.35172e+07
1535629962860886 3.1886e+07 3.35188e+07
1535629962960618 3.18886e+07 3.35211e+07
1535629963060600 3.18913e+07 3.35236e+07
1535629963160382 3.18939e+07 3.35262e+07
1535629963227011 3.18957e+07 3.35279e+07
1535629963327018 3.18984e+07 3.35305e+07
1535629963426965 3.1901e+07 3.35332e+07
1535629963526772 3.19037e+07 3.35358e+07
1535629963593374 3.19055e+07 3.35375e+07
1535629963693213 3.19082e+07 3.35401e+07
1535629963793193 3.19109e+07 3.35428e+07
1535629963859872 3.19127e+07 3.35446e+07
1535629963959622 3.19155e+07 3.35473e+07
1535629964059588 3.19182e+07 3.35501e+07
1535629964159425 3.19209e+07 3.35528e+07
1535629964226055 3.19228e+07 3.35546e+07
1535629964325991 3.19256e+07 3.35575e+07
1535629964392570 3.19274e+07 3.35594e+07
1535629964492502 3.19303e+07 3.35622e+07
1535629964592231 3.19332e+07 3.35651e+07
1535629964692184 3.19361e+07 3.35679e+07
1535629964758761 3.19381e+07 3.35698e+07
1535629964858645 3.19411e+07 3.35726e+07
1535629964958523 3.1944e+07 3.35756e+07
1535629965058496 3.1947e+07 3.35785e+07
1535629965125131 3.19489e+07 3.35805e+07
1535629965225054 3.19518e+07 3.35836e+07
1535629965324937 3.19548e+07 3.35868e+07
1535629965391527 3.19567e+07 3.35889e+07
1535629965491539 3.19596e+07 3.35922e+07
1535629965591363 3.19626e+07 3.35955e+07
1535629965691300 3.19656e+07 3.35988e+07
1535629965757776 3.19676e+07 3.3601e+07
1535629965857633 3.19708e+07 3.36042e+07
1535629965957459 3.1974e+07 3.36074e+07
1535629966024103 3.1976e+07 3.36095e+07
1535629966124146 3.19792e+07 3.36127e+07
1535629966223937 3.19824e+07 3.36159e+07
1535629966290525 3.19845e+07 3.3618e+07
1535629966390318 3.19878e+07 3.36211e+07
1535629966490267 3.1991e+07 3.36242e+07
1535629966590203 3.19942e+07 3.36273e+07
1535629966656795 3.19964e+07 3.36293e+07
1535629966756640 3.19997e+07 3.36324e+07
1535629966856554 3.20029e+07 3.36354e+07
1535629966923116 3.20051e+07 3.36373e+07
1535629967023041 3.20082e+07 3.36403e+07
1535629967122788 3.20114e+07 3.36433e+07
1535629967222781 3.20146e+07 3.36462e+07
1535629967289275 3.20166e+07 3.36482e+07
1535629967389256 3.20197e+07 3.36511e+07
1535629967489138 3.20228e+07 3.3654e+07
1535629967555747 3.20248e+07 3.3656e+07
1535629967655701 3.20279e+07 3.36589e+07
1535629967755530 3.20309e+07 3.36618e+07
1535629967855451 3.20339e+07 3.36648e+07
1535629967922027 3.20359e+07 3.36667e+07
1535629968021960 3.2039e+07 3.36697e+07
1535629968121927 3.20419e+07 3.36728e+07
1535629968188405 3.20439e+07 3.36748e+07
1535629968288362 3.20469e+07 3.36779e+07
1535629968388185 3.20498e+07 3.36811e+07
1535629968488044 3.20528e+07 3.36842e+07
1535629968554767 3.20548e+07 3.36863e+07
1535629968654644 3.20578e+07 3.36895e+07
1535629968754353 3.20608e+07 3.36926e+07
1535629968820948 3.20628e+07 3.36946e+07
1535629968920713 3.20659e+07 3.36977e+07
1535629969020820 3.20689e+07 3.37007e+07
1535629969120566 3.20719e+07 3.37037e+07
1535629969187192 3.20739e+07 3.37057e+07
1535629969287147 3.20769e+07 3.37087e+07
1535629969387009 3.20799e+07 3.37117e+07
1535629969453562 3.20819e+07 3.37138e+07
1535629969553540 3.20848e+07 3.37167e+07
1535629969653372 3.20878e+07 3.37196e+07
1535629969720084 3.20898e+07 3.37216e+07
1535629969819901 3.20928e+07 3.37246e+07
1535629969919854 3.20958e+07 3.37275e+07
1535629970019683 3.20987e+07 3.37305e+07
1535629970086385 3.21006e+07 3.37324e+07
1535629970186337 3.21036e+07 3.37353e+07
1535629970286128 3.21064e+07 3.37382e+07
1535629970352696 3.21083e+07 3.37401e+07
1535629970452527 3.21112e+07 3.3743e+07
1535629970552453 3.2114e+07 3.3746e+07
1535629970652247 3.21169e+07 3.37488e+07
1535629970718952 3.21189e+07 3.37507e+07
1535629970818931 3.21218e+07 3.37536e+07
1535629970918701 3.21248e+07 3.37565e+07
1535629970985321 3.21268e+07 3.37585e+07
1535629971085211 3.21298e+07 3.37615e+07
1535629971185252 3.21328e+07 3.37645e+07
1535629971251802 3.21348e+07 3.37664e+07
1535629971351603 3.21378e+07 3.37694e+07
1535629971451534 3.21407e+07 3.37725e+07
1535629971551383 3.21437e+07 3.37754e+07
1535629971617974 3.21457e+07 3.37775e+07
1535629971717757 3.21488e+07 3.37805e+07
1535629971817734 3.21519e+07 3.37834e+07
1535629971884439 3.2154e+07 3.37854e+07
1535629971984391 3.21571e+07 3.37884e+07
1535629972084272 3.21603e+07 3.37914e+07
1535629972150733 3.21624e+07 3.37934e+07
1535629972250583 3.21656e+07 3.37965e+07
1535629972350805 3.21688e+07 3.37996e+07
1535629972450788 3.21719e+07 3.38028e+07
1535629972517441 3.21739e+07 3.38049e+07
1535629972617499 3.21771e+07 3.38081e+07
1535629972717401 3.21802e+07 3.38115e+07
1535629972784018 3.21823e+07 3.38137e+07
1535629972883826 3.21855e+07 3.3817e+07
1535629972950484 3.21876e+07 3.38192e+07
1535629973083652 3.21918e+07 3.38237e+07
1535629973150379 3.21939e+07 3.38259e+07
1535629973250402 3.21971e+07 3.38293e+07
1535629973350303 3.22003e+07 3.38326e+07
1535629973416754 3.22025e+07 3.38348e+07
1535629973516692 3.22056e+07 3.38381e+07
1535629973616555 3.22088e+07 3.38413e+07
1535629973716369 3.2212e+07 3.38445e+07
1535629973782860 3.22141e+07 3.38466e+07
1535629973882750 3.22174e+07 3.38496e+07
1535629973982717 3.22207e+07 3.38527e+07
1535629974049422 3.22228e+07 3.38547e+07
1535629974149266 3.22261e+07 3.38575e+07
1535629974249255 3.22294e+07 3.38604e+07
1535629974315749 3.22317e+07 3.38623e+07
1535629974415719 3.2235e+07 3.38651e+07
1535629974515482 3.22384e+07 3.38678e+07
1535629974615443 3.22417e+07 3.38704e+07
1535629974682138 3.2244e+07 3.38722e+07
1535629974782075 3.22473e+07 3.38748e+07
1535629974881902 3.22506e+07 3.38774e+07
1535629974948498 3.22528e+07 3.38791e+07
1535629975048337 3.22559e+07 3.38815e+07
1535629975148339 3.2259e+07 3.3884e+07
1535629975248101 3.22619e+07 3.38865e+07
1535629975314731 3.22638e+07 3.38881e+07
1535629975414801 3.22665e+07 3.38906e+07
1535629975514549 3.2269e+07 3.38931e+07
1535629975581142 3.22705e+07 3.38948e+07
1535629975680922 3.22726e+07 3.38974e+07
1535629975780977 3.22745e+07 3.39001e+07
1535629975880937 3.22761e+07 3.39029e+07
1535629975947505 3.2277e+07 3.39048e+07
1535629976047354 3.22782e+07 3.39077e+07
1535629976147194 3.22793e+07 3.39106e+07
1535629976213891 3.22799e+07 3.39125e+07
1535629976313813 3.22809e+07 3.39153e+07
1535629976413792 3.2282e+07 3.39182e+07
1535629976480237 3.22827e+07 3.392e+07
1535629976580169 3.22838e+07 3.39227e+07
1535629976680063 3.22851e+07 3.39253e+07
1535629976779989 3.22865e+07 3.39277e+07
1535629976846628 3.22876e+07 3.39291e+07
1535629976946424 3.22895e+07 3.39312e+07
1535629977046326 3.22916e+07 3.39331e+07
1535629977112892 3.22931e+07 3.39343e+07
1535629977212668 3.22954e+07 3.3936e+07
1535629977312608 3.22977e+07 3.39376e+07
1535629977412528 3.22999e+07 3.39391e+07
1535629977479223 3.23015e+07 3.39401e+07
1535629977579023 3.23036e+07 3.39416e+07
1535629977678863 3.23057e+07 3.39431e+07
1535629977745527 3.2307e+07 3.3944e+07
1535629977845357 3.23089e+07 3.39452e+07
1535629977945214 3.23107e+07 3.39464e+07
1535629978045044 3.23123e+07 3.39474e+07
1535629978111524 3.23133e+07 3.39481e+07
1535629978211405 3.23146e+07 3.39489e+07
1535629978311283 3.23157e+07 3.39496e+07
1535629978377928 3.23163e+07 3.395e+07
1535629978478015 3.2317e+07 3.39505e+07
1535629978577890 3.23176e+07 3.39509e+07
1535629978677659 3.23179e+07 3.39511e+07
1535629978744364 3.2318e+07 3.39512e+07
1535629978844298 3.23181e+07 3.39512e+07
1535629978944296 3.23181e+07 3.39512e+07
1535629979010748 3.2318e+07 3.39511e+07
1535629979110678 3.23179e+07 3.39511e+07
1535629979210598 3.23178e+07 3.3951e+07
1535629979310518 3.23177e+07 3.39509e+07
1535629979376984 3.23177e+07 3.39509e+07
1535629979476949 3.23176e+07 3.39509e+07
1535629979576807 3.23176e+07 3.39508e+07
1535629979643406 3.23175e+07 3.39508e+07
1535629979743278 3.23175e+07 3.39508e+07
1535629979843026 3.23176e+07 3.39508e+07
1535629979909621 3.23176e+07 3.39508e+07
1535629980009686 3.23176e+07 3.39509e+07
1535629980109592 3.23176e+07 3.39508e+07
1535629980176267 3.23176e+07 3.39508e+07
1535629980276064 3.23176e+07 3.39507e+07
1535629980375916 3.23176e+07 3.39505e+07
1535629980475813 3.23176e+07 3.39502e+07
1535629980542538 3.23176e+07 3.39501e+07
1535629980642433 3.23176e+07 3.39499e+07
1535629980742194 3.23176e+07 3.39498e+07
1535629980808797 3.23176e+07 3.39499e+07
1535629980908690 3.23176e+07 3.39499e+07
1535629981008627 3.23176e+07 3.39499e+07
1535629981108564 3.23176e+07 3.39499e+07
1535629981175123 3.23176e+07 3.39499e+07
1535629981275060 3.23176e+07 3.39499e+07
1535629981374912 3.23176e+07 3.39499e+07
1535629981441412 3.23176e+07 3.39499e+07
1535629981541340 3.23176e+07 3.39499e+07
1535629981641194 3.23176e+07 3.39499e+07
1535629981741034 3.23176e+07 3.39499e+07
1535629981807654 3.23176e+07 3.39499e+07
1535629981907618 3.23176e+07 3.39499e+07
1535629982007489 3.23176e+07 3.39499e+07
1535629982074074 3.23176e+07 3.39499e+07
1535629982173877 3.23176e+07 3.39499e+07
1535629982273865 3.23176e+07 3.39499e+07
1535629982373801 3.23176e+07 3.39499e+07
1535629982440469 3.23176e+07 3.39499e+07
1535629982540294 3.23176e+07 3.39499e+07
1535629982640303 3.23176e+07 3.39499e+07
1535629982706974 3.23176e+07 3.39499e+07
1535629982806958 3.23176e+07 3.39499e+07
1535629982906852 3.23176e+07 3.39499e+07
1535629982973485 3.23176e+07 3.39499e+07
1535629983073393 3.23176e+07 3.39499e+07
1535629983173269 3.23176e+07 3.39499e+07
1535629983273211 3.23176e+07 3.39499e+07
1535629983339798 3.23176e+07 3.39499e+07
1535629983439512 3.23176e+07 3.39499e+07
1535629983539216 3.23176e+07 3.39499e+07
1535629983605829 3.23176e+07 3.39499e+07
1535629983705735 3.23176e+07 3.39499e+07
1535629983805603 3.23176e+07 3.39499e+07
1535629983872092 3.23176e+07 3.39499e+07
