2.60266 -0.0569104 -0.0933805
2.70036 -0.0716277 -0.117004
2.7926 -0.076226 -0.106208
2.84312 -0.0833736 -0.110604
2.92302 -0.0935298 -0.114555
3.0061 -0.104877 -0.119152
3.07449 -0.10472 -0.106712
3.1651 -0.112935 -0.10176
3.25606 -0.134084 -0.125808
3.33537 -0.150199 -0.136136
3.3819 -0.153444 -0.127965
3.46204 -0.162881 -0.125006
3.53915 -0.17887 -0.138687
3.58464 -0.190801 -0.133973
3.6589 -0.194005 -0.113604
3.72485 -0.192869 -0.0747496
3.77288 -0.188106 -0.0513804
3.84012 -0.173027 0.00318728
3.90617 -0.153704 0.0671118
3.96585 -0.125258 0.146037
4.00134 -0.109207 0.191674
4.05725 -0.0760426 0.256595
4.10732 -0.0489327 0.316447
4.14332 -0.0260939 0.35732
4.19555 0.0132883 0.410976
4.26118 0.0409851 0.431189
4.31691 0.064799 0.4385
4.35711 0.0773477 0.422297
4.41541 0.0924868 0.394851
4.47487 0.108756 0.364403
4.51939 0.113348 0.324022
4.5835 0.115055 0.271874
4.64546 0.118173 0.224152
4.7038 0.114024 0.181832
4.74551 0.113913 0.151594
4.80584 0.107788 0.107107
4.8665 0.0984205 0.0683714
4.90471 0.0934587 0.0425246
4.96221 0.0841739 0.00938369
5.02229 0.068096 -0.0317358
5.06331 0.056296 -0.0603075
5.11756 0.0403427 -0.0959708
5.17301 0.0236185 -0.126809
5.22997 0.0084601 -0.152016
5.27109 -0.000370939 -0.165143
5.33104 -0.016121 -0.18119
5.39306 -0.0283167 -0.206307
5.43188 -0.0352994 -0.206777
5.49231 -0.0487044 -0.20864
5.55881 -0.0475931 -0.187146
5.60445 -0.0516757 -0.183758
5.67222 -0.06021 -0.172416
5.74518 -0.0742086 -0.184578
5.82407 -0.0896757 -0.186937
5.87745 -0.093358 -0.183337
5.95289 -0.107177 -0.182658
6.02963 -0.120939 -0.190004
6.08092 -0.131988 -0.195123
6.16585 -0.147519 -0.191329
6.25368 -0.15214 -0.176117
6.3443 -0.164869 -0.175898
6.41148 -0.17236 -0.176334
6.49705 -0.183321 -0.164248
6.58495 -0.178634 -0.124656
6.67561 -0.189686 -0.120056
6.74447 -0.193246 -0.105856
6.84327 -0.195795 -0.0842415
6.90789 -0.198531 -0.0805505
7.01043 -0.205153 -0.0760269
7.11517 -0.206487 -0.0670641
7.21325 -0.20313 -0.0503419
7.30926 -0.20527 -0.0469987
7.37716 -0.203889 -0.034437
7.48066 -0.200471 -0.0143432
7.58027 -0.197358 -0.00521695
7.65386 -0.19853 -0.00688336
7.75675 -0.194825 0.00516537
7.85212 -0.187915 0.027436
7.91258 -0.19047 0.0297132
8.01257 -0.185568 0.0355845
8.12533 -0.17897 0.0539662
8.24113 -0.180573 0.039937
8.31594 -0.178009 0.0315909
8.41774 -0.178414 0.0225398
8.47623 -0.175961 0.0165232
8.61038 -0.183575 -0.00998718
8.68252 -0.183084 -0.0101688
8.78653 -0.186361 -0.0162798
8.89119 -0.197762 -0.0543729
8.95826 -0.200016 -0.0558726
9.05845 -0.206894 -0.059091
9.15986 -0.214176 -0.0619862
9.22701 -0.222172 -0.0708922
9.33415 -0.229073 -0.0684643
9.43961 -0.231171 -0.0624097
9.5436 -0.239362 -0.0701782
9.616 -0.238204 -0.0539924
9.71796 -0.234546 -0.0293198
9.82051 -0.22954 -0.0123148
9.89311 -0.225541 -0.00473137
9.9977 -0.216615 0.0201972
10.1001 -0.2044 0.0389371
10.1674 -0.19711 0.0474515
10.2697 -0.187992 0.0591704
10.3762 -0.171948 0.081964
10.4832 -0.164812 0.0786314
10.5636 -0.158176 0.0796172
10.6694 -0.149385 0.0806008
10.769 -0.149905 0.0600636
10.8739 -0.150064 0.0454847
10.9443 -0.145644 0.0449186
11.0493 -0.144411 0.0356852
11.1589 -0.144222 0.0185067
11.2309 -0.140392 0.0177423
11.3326 -0.137308 0.0212892
11.4317 -0.133921 0.0134702
11.5388 -0.125986 0.0278519
11.6035 -0.116645 0.0425107
11.711 -0.108806 0.0518348
11.824 -0.101921 0.0467546
11.8946 -0.0920954 0.0590709
11.9952 -0.0828013 0.0684639
12.0955 -0.0725032 0.0662466
12.174 -0.0634946 0.0794867
12.2786 -0.0483271 0.0975042
12.3811 -0.0341555 0.105371
12.4881 -0.0162936 0.126517
12.5549 -0.00764407 0.137835
12.6552 0.00973276 0.147078
12.7642 0.0246914 0.154106
12.8735 0.0416347 0.153949
12.9408 0.050344 0.147422
13.0471 0.0619431 0.136114
13.157 0.0704907 0.120455
13.2242 0.0751815 0.110602
13.3313 0.080256 0.0929379
13.4469 0.0876631 0.0803811
13.5558 0.0957448 0.0722117
13.6207 0.0957386 0.0578171
13.7275 0.0978911 0.0477886
13.8303 0.105991 0.0490816
13.8969 0.105455 0.0343451
14.0063 0.104056 0.0210434
14.1291 0.111358 0.0232827
14.1999 0.11085 0.0153961
14.3062 0.110168 0.00975901
14.4056 0.118999 0.0190291
14.5097 0.126125 0.0296555
14.5847 0.128642 0.0272444
14.6944 0.135789 0.0391584
14.8049 0.15451 0.0657142
14.872 0.159416 0.0688227
14.9794 0.171652 0.0823619
15.0825 0.187258 0.0996906
15.1865 0.195202 0.0956753
15.2673 0.20479 0.0943255
15.3733 0.213674 0.0915986
15.4829 0.222681 0.0878165
15.554 0.224821 0.0783879
15.6612 0.231891 0.0752067
15.766 0.240987 0.0758158
15.8715 0.244429 0.0632655
15.9489 0.251413 0.0708808
16.0533 0.261543 0.0787837
16.1559 0.27003 0.0846473
16.2279 0.276827 0.0911277
16.3337 0.289333 0.0987396
16.4325 0.299055 0.0920668
16.5033 0.30651 0.0858295
16.6059 0.311343 0.0756122
16.7141 0.317285 0.0710306
16.8166 0.322346 0.0529755
16.8928 0.32333 0.0475163
16.9603 0.324485 0.0417072
17.0902 0.317966 0.0118746
17.1635 0.310554 -0.00534456
17.2669 0.304264 -0.0213195
17.3692 0.301249 -0.033948
17.4634 0.288374 -0.0664361
17.5324 0.284299 -0.0691206
17.6267 0.274547 -0.0778564
17.7225 0.260422 -0.104677
17.7932 0.252538 -0.106909
17.8901 0.249103 -0.0876269
17.9868 0.258505 -0.0507228
18.0492 0.262224 -0.0284776
18.1433 0.283924 0.0373022
18.2337 0.322811 0.129116
18.32 0.364059 0.220841
18.3788 0.408434 0.308286
18.4494 0.47831 0.430984
18.5066 0.543629 0.564949
18.535 0.603978 0.682487
18.564 0.698162 0.840677
18.5904 0.788132 1.00141
18.589 0.88448 1.18817
18.5843 0.950044 1.30644
18.537 1.03941 1.49987
18.491 1.11182 1.70292
18.443 1.15594 1.82428
18.359 1.20513 2.02287
18.2749 1.24706 2.22452
18.1815 1.26 2.41809
18.1116 1.25743 2.55371
18.0224 1.24581 2.73622
17.9344 1.21021 2.9136
17.8842 1.20991 3.03394
17.8128 1.16533 -3.0926
17.7468 1.11732 -2.95809
17.7022 1.0871 -2.87667
17.6424 1.03817 -2.78796
17.5802 1.00184 -2.73401
17.5175 0.962443 -2.6857
17.4758 0.939971 -2.6654
17.409 0.904741 -2.66376
17.3369 0.874863 -2.68275
17.2945 0.841241 -2.71202
17.218 0.818551 -2.74357
17.1618 0.79294 -2.76461
17.0909 0.778065 -2.79569
17.0354 0.769935 -2.82001
16.9584 0.755648 -2.85118
16.8881 0.739224 -2.85624
16.8373 0.73352 -2.87174
16.762 0.71991 -2.8915
16.6863 0.710898 -2.92092
16.6363 0.702433 -2.92614
16.5613 0.690755 -2.93879
16.4853 0.683118 -2.9621
16.4299 0.677555 -2.98021
16.3528 0.672606 -3.0005
16.2781 0.659536 -3.00624
16.203 0.650511 -3.01235
16.147 0.645714 -3.02447
16.0673 0.640545 -3.03631
15.989 0.630707 -3.04108
15.9375 0.623418 -3.03852
15.8549 0.614915 -3.03872
15.7667 0.615093 -3.06068
15.6857 0.606378 -3.06313
15.6283 0.597338 -3.05762
15.5423 0.589075 -3.05502
15.4477 0.586131 -3.0701
15.3888 0.580932 -3.07232
15.3008 0.574256 -3.07075
15.2093 0.568592 -3.07136
15.1173 0.565692 -3.08246
15.0589 0.562161 -3.08014
14.9697 0.557597 -3.08258
14.8774 0.556211 -3.08757
14.8116 0.559246 -3.10099
14.7184 0.560473 -3.11502
14.6249 0.555034 -3.11691
14.5302 0.561803 -3.13938
14.4676 0.570486 3.11719
14.3791 0.581632 3.09338
14.2821 0.587413 3.07467
14.2159 0.597481 3.05687
14.1247 0.612201 3.03846
14.0372 0.623442 3.02598
13.9453 0.63403 3.01619
13.8815 0.637506 3.02342
13.7903 0.644718 3.03353
13.6978 0.647184 3.05206
13.6302 0.649155 3.06829
13.5352 0.646166 3.09423
13.4411 0.641954 3.12345
13.3466 0.630085 -3.12703
13.2763 0.628816 -3.11396
13.1797 0.618903 -3.09534
13.0847 0.596629 -3.05634
13.014 0.585196 -3.03473
12.9112 0.564696 -3.01099
12.8088 0.54273 -2.98365
12.7433 0.520163 -2.95867
12.6412 0.492083 -2.93609
12.5362 0.463565 -2.92308
12.4337 0.421913 -2.88609
12.3573 0.404775 -2.89372
12.2506 0.381485 -2.90357
12.1495 0.352403 -2.90319
12.0771 0.342026 -2.92723
11.9653 0.332389 -2.96476
11.8506 0.314287 -2.98101
11.7398 0.308888 -3.0125
11.6655 0.30971 -3.04051
11.5565 0.307327 -3.06262
11.449 0.305119 -3.08127
11.3353 0.306184 -3.11277
11.262 0.303648 -3.11645
11.1511 0.305902 -3.12973
11.0384 0.314158 3.1261
10.9678 0.316033 3.12588
10.8579 0.317531 3.12652
10.7486 0.318875 3.12186
10.6403 0.314171 3.13595
10.5673 0.30711 -3.13273
10.4585 0.301332 -3.12057
10.3516 0.292449 -3.10547
10.242 0.280841 -3.07782
10.1607 0.277965 -3.08093
10.0525 0.270722 -3.0792
9.94913 0.257892 -3.06272
9.87489 0.254221 -3.06702
9.76529 0.251022 -3.08013
9.65248 0.246915 -3.0811
9.5415 0.250541 -3.10662
9.46746 0.256123 -3.12977
9.36294 0.26502 3.12694
9.2576 0.272999 3.10311
9.18324 0.283352 3.07982
9.07775 0.30052 3.05068
8.97658 0.319435 3.02198
8.87247 0.342373 2.99045
8.80301 0.358361 2.97018
8.70131 0.386496 2.94296
8.59664 0.413433 2.91395
8.52788 0.427285 2.91115
8.42745 0.455496 2.89918
8.32742 0.483382 2.88428
8.25737 0.492471 2.89726
8.16115 0.509344 2.916
8.06352 0.523581 2.93689
7.95138 0.525645 2.98919
7.88704 0.522797 3.02404
7.79483 0.510073 3.08927
7.69543 0.486343 -3.11953
7.62846 0.47199 -3.07237
7.53679 0.437631 -2.99541
7.44345 0.393833 -2.90508
7.35102 0.356065 -2.83928
7.2956 0.326157 -2.80794
7.21799 0.279232 -2.75694
7.14448 0.238121 -2.70979
7.0911 0.214096 -2.70882
7.0052 0.176543 -2.71429
6.91267 0.132162 -2.71651
6.82647 0.114089 -2.7593
6.77523 0.108477 -2.80459
6.68546 0.108768 -2.88521
6.59715 0.106886 -2.95642
6.54024 0.115607 -3.01736
6.4553 0.138162 -3.10716
6.37161 0.157504 3.08989
6.32037 0.174113 3.03872
6.24443 0.208312 2.9663
6.1625 0.243923 2.8915
6.08564 0.285989 2.83708
6.03357 0.305426 2.80523
5.95922 0.342053 2.77807
5.877 0.364212 2.76176
5.82249 0.371162 2.78662
5.73414 0.387302 2.82786
5.64691 0.397666 2.85986
5.55273 0.406617 2.91099
5.48145 0.413211 2.94833
5.38468 0.415523 2.98957
5.28846 0.418733 3.02825
5.2168 0.420543 3.04285
5.11281 0.427412 3.05132
4.99962 0.429514 3.05361
4.88617 0.438722 3.04669
4.81772 0.444372 3.04406
4.71292 0.456461 3.03912
4.60082 0.459544 3.04228
4.52499 0.465798 3.03848
4.41319 0.477239 3.03883
4.30007 0.48536 3.04216
4.18439 0.494435 3.04481
4.11756 0.495354 3.05165
4.00136 0.50206 3.06117
3.89113 0.508248 3.06388
3.81482 0.511377 3.06985
3.69852 0.516315 3.0785
3.57871 0.519735 3.08284
3.46803 0.517321 3.10376
3.38963 0.518711 3.11228
3.27437 0.518682 3.12157
3.16463 0.513652 3.13929
3.08923 0.509646 -3.13356
2.97228 0.505382 -3.12471
2.85263 0.496255 -3.10241
2.78219 0.489375 -3.08909
2.66798 0.480334 -3.08173
2.55835 0.468591 -3.06787
2.44591 0.454343 -3.05231
2.36366 0.453622 -3.06272
2.25206 0.445651 -3.06458
2.14565 0.425844 -3.05976
2.07091 0.422312 -3.0728
1.95998 0.417221 -3.07929
1.84206 0.400889 -3.07049
1.73471 0.398297 -3.08606
1.66659 0.38917 -3.07526
1.56014 0.377792 -3.06324
1.45137 0.368511 -3.07313
1.37479 0.358881 -3.06905
1.26538 0.347479 -3.05979
1.1588 0.337947 -3.0604
1.05081 0.333263 -3.06227
0.986311 0.319343 -3.04289
0.878089 0.306168 -3.03704
0.770528 0.298685 -3.05498
0.700474 0.286109 -3.04336
0.595372 0.274246 -3.03978
0.483355 0.267352 -3.05349
0.378966 0.255174 -3.04451
0.307023 0.250011 -3.04295
0.196739 0.244578 -3.05777
0.0899927 0.245832 -3.07588
0.0208915 0.242778 -3.08059
-0.0865387 0.24413 -3.10232
-0.198552 0.252529 -3.13303
-0.300532 0.256521 3.13555
-0.377994 0.266697 3.11319
-0.481864 0.279261 3.08791
-0.580199 0.288392 3.07274
-0.649593 0.296554 3.06118
-0.755884 0.311568 3.04423
-0.865779 0.322829 3.02977
-0.968289 0.340994 3.01666
-1.0424 0.352248 3.00472
-1.14355 0.369661 2.9958
-1.2417 0.383746 2.99144
-1.31492 0.395668 2.99171
-1.4182 0.408813 2.99838
-1.52372 0.413261 3.02053
-1.6288 0.415628 3.04759
-1.70138 0.41173 3.07449
-1.80254 0.404527 3.11133
-1.90006 0.397513 -3.13028
-1.97757 0.392094 -3.12194
-2.08336 0.383012 -3.10365
-2.19215 0.366608 -3.07215
-2.26634 0.362199 -3.07746
-2.37111 0.356744 -3.08105
-2.47273 0.344143 -3.06518
-2.54696 0.340026 -3.06444
-2.65902 0.332791 -3.06842
-2.77026 0.322698 -3.06095
-2.87171 0.312023 -3.04827
-2.94299 0.311137 -3.05621
-3.04871 0.302037 -3.05585
-3.15621 0.28639 -3.04486
-3.22987 0.284128 -3.05867
-3.33609 0.280558 -3.07214
-3.43875 0.270588 -3.06499
-3.54673 0.269738 -3.08013
-3.62004 0.268784 -3.08411
-3.72272 0.261488 -3.08024
-3.82427 0.253635 -3.07462
-3.89762 0.252726 -3.08086
-4.00092 0.245964 -3.07941
-4.10902 0.234893 -3.06588
-4.17841 0.23907 -3.08194
-4.27862 0.236643 -3.09141
-4.37561 0.233379 -3.08609
-4.48092 0.236788 -3.10911
-4.55524 0.23905 -3.12224
-4.65317 0.244758 3.14063
-4.75227 0.252728 3.11918
-4.82121 0.264045 3.08815
-4.91493 0.281834 3.05359
-5.00996 0.298419 3.02369
-5.10855 0.326068 2.98113
-5.17272 0.346483 2.95364
-5.2633 0.379133 2.91092
-5.34982 0.4195 2.85239
-5.40781 0.44701 2.82319
-5.4894 0.490461 2.77879
-5.56986 0.546222 2.71693
-5.65081 0.601127 2.66488
-5.70104 0.634263 2.64305
-5.7723 0.686439 2.61076
-5.84386 0.741892 2.56891
-5.91516 0.790447 2.56337
-5.96678 0.809781 2.59442
-6.04511 0.836237 2.64689
-6.12096 0.863046 2.69091
-6.17992 0.861228 2.76299
-6.26599 0.855016 2.87481
-6.34938 0.833883 3.01333
-6.39862 0.811539 3.11045
-6.47031 0.759195 -3.01353
-6.53849 0.705822 -2.85064
-6.57336 0.66138 -2.73607
-6.60961 0.578189 -2.55941
-6.64484 0.499295 -2.3742
-6.65852 0.424994 -2.19728
-6.6467 0.35976 -2.0701
-6.6207 0.27686 -1.89716
-6.5997 0.206805 -1.74008
-6.57777 0.165613 -1.62515
-6.52484 0.104986 -1.45895
-6.4703 0.0393095 -1.30397
-6.4073 -0.00212075 -1.14042
-6.36788 -0.0303546 -1.03174
-6.29232 -0.0561301 -0.881317
-6.22485 -0.0788113 -0.736407
-6.17136 -0.0860666 -0.633333
-6.09517 -0.0837807 -0.500436
-6.01803 -0.0781962 -0.383292
-5.9436 -0.0650864 -0.270796
-5.89194 -0.0572281 -0.215533
-5.82255 -0.0466334 -0.144276
-5.75372 -0.0332904 -0.076845
-5.70478 -0.0198137 -0.0432842
-5.63424 -0.0101106 -0.00768398
-5.56636 -0.000975528 0.00996769
-5.519 -0.000117646 0.00359597
-5.44446 -0.000863382 0.000583362
-5.38087 0.00858372 0.00820782
-5.31364 0.0074172 0.00472001
-5.26423 0.00624115 -0.0120827
-5.1893 -0.00223506 -0.0334869
-5.11978 -0.0063532 -0.0483742
-5.04849 -0.00657183 -0.0518159
-4.9942 -0.0111068 -0.0614063
-4.91703 -0.0179223 -0.0671117
-4.83856 -0.022339 -0.0719289
-4.75863 -0.0184036 -0.0574375
-4.70693 -0.0134741 -0.0393762
-4.62306 -0.00810132 -0.0156091
-4.53617 -0.00890553 -0.0160238
-4.48079 -0.000862594 0.00569018
-4.39242 0.00647622 0.024133
-4.30273 0.0101369 0.0241752
-4.2391 0.0116759 0.0183281
-4.14705 0.0127311 0.016867
-4.05287 0.025023 0.0333634
-3.99068 0.0251531 0.0239892
-3.89035 0.0244962 0.0160201
-3.79211 0.0343704 0.0299704
-3.69217 0.0412461 0.0325458
-3.62691 0.038007 0.0151815
-3.52394 0.0388188 0.0134702
-3.42623 0.0468749 0.021868
-3.35974 0.0416711 -0.00150732
-3.25407 0.0345735 -0.0205046
-3.14713 0.0448886 -0.00514225
-3.04496 0.0373964 -0.0257793
-2.97365 0.0345018 -0.0375222
-2.86898 0.0296956 -0.0393234
-2.76555 0.0280005 -0.0420508
-2.69626 0.0232476 -0.0556137
-2.5926 0.0157838 -0.059802
-2.48964 0.0214373 -0.0432305
-2.38251 0.0138543 -0.0552388
-2.3131 0.0150615 -0.0500266
-2.20868 0.0138657 -0.0387382
-2.11351 0.00983364 -0.0401843
-2.04418 0.00524117 -0.0390565
-1.94267 0.00622419 -0.0256548
-1.83897 0.0136664 -0.0044962
-1.7295 0.0134623 -0.00469515
-1.66122 0.021828 0.00977564
-1.5581 0.0303448 0.0287897
-1.46392 0.032553 0.0261823
-1.38795 0.0338571 0.0213721
-1.27916 0.0398599 0.0309583
-1.17394 0.0516516 0.0399289
-1.06159 0.0506167 0.0242546
-0.990769 0.0596172 0.036989
-0.885175 0.0657486 0.0431519
-0.779545 0.0558549 0.0130847
-0.70492 0.0657726 0.0280301
-0.599153 0.068457 0.0273578
-0.489845 0.0617583 0.000135193
-0.377519 0.0658019 0.00635434
-0.305934 0.0639441 -0.000522115
-0.197529 0.0570405 -0.0192494
-0.0896959 0.0513257 -0.0326156
-0.0148084 0.0488491 -0.0368431
0.0938304 0.0388917 -0.0526563
0.202691 0.0241499 -0.0833926
0.313841 0.0212918 -0.070792
0.385382 0.00808072 -0.0934612
0.49273 -0.00795231 -0.109682
0.602168 -0.0101849 -0.0870988
0.673496 -0.017974 -0.0827151
0.78339 -0.0228205 -0.0715106
0.893976 -0.0268355 -0.0474877
0.966154 -0.0233183 -0.0327863
1.07607 -0.024062 -0.0252296
1.18426 -0.0235115 -0.0144745
1.29327 -0.0139737 0.00459688
1.36809 -0.014419 -0.000215312
1.48045 -0.0117665 0.00727289
1.58691 -0.00122065 0.0328584
1.65878 0.00256559 0.0290948
1.76834 0.00756959 0.0342669
1.88236 0.0296557 0.0643694
1.99463 0.0401445 0.0626425
2.07303 0.0477995 0.0597181
2.18741 0.0554275 0.0619923
2.29379 0.06059 0.0443717
2.36848 0.0572955 0.027701
2.4804 0.0550681 0.0134908
2.59679 0.0560865 0.00275189
2.70891 0.0443855 -0.0280209
2.78264 0.0445415 -0.0169725
2.89082 0.0412522 -0.0211486
2.99827 0.026047 -0.0499353
3.07633 0.0337739 -0.0287536
3.1889 0.0347583 -0.0180761
3.30547 0.0302308 -0.0348205
3.38092 0.0367741 -0.0227921
3.49117 0.0405174 -0.00699454
3.59844 0.0392306 -0.0137774
3.7096 0.0477107 0.00197429
3.78864 0.055674 0.0120647
3.90099 0.0581806 0.0149646
4.01672 0.0627286 0.0148666
4.12664 0.0700745 0.0282629
4.19906 0.0700138 0.0192358
4.3149 0.0710212 0.0166195
4.43421 0.0835631 0.029608
4.51129 0.0809426 0.00578928
4.62588 0.0753298 -0.0096365
4.74195 0.0832023 -0.00466284
4.81664 0.075173 -0.0316802
4.93037 0.0645807 -0.0492122
5.05168 0.0686249 -0.0390683
5.16834 0.0571712 -0.0639651
5.24608 0.0535706 -0.0619638
5.3592 0.0473574 -0.0595815
5.47277 0.0375355 -0.0798385
5.58701 0.0337679 -0.0793366
5.66846 0.0335048 -0.072865
5.78551 0.0240466 -0.0755805
5.90322 0.0138301 -0.0818906
5.98139 0.0187112 -0.0556406
6.0978 0.0122564 -0.0559098
6.20712 -0.00175955 -0.0670097
6.28204 0.00167004 -0.0440768
6.39666 -0.00277293 -0.0428398
6.51906 -0.0157286 -0.0496164
6.59846 -0.0155435 -0.0318874
6.7155 -0.0199388 -0.0339139
6.8351 -0.0302169 -0.0490506
6.95161 -0.037339 -0.0468186
7.03049 -0.0492665 -0.0706141
7.14869 -0.0642959 -0.0880914
7.26493 -0.0640047 -0.0819553
7.38259 -0.0844119 -0.112273
7.46449 -0.0892513 -0.106667
7.58006 -0.0989318 -0.100021
7.69474 -0.117749 -0.112787
7.77159 -0.124944 -0.100569
7.88891 -0.132828 -0.0906099
8.00585 -0.151179 -0.105685
8.12693 -0.161942 -0.094846
8.21225 -0.169654 -0.0895848
8.32898 -0.183081 -0.0977466
8.44034 -0.193431 -0.0939969
8.51703 -0.201236 -0.0927343
8.63281 -0.216088 -0.103494
8.74737 -0.223391 -0.0952659
8.8634 -0.230553 -0.0890923
8.94604 -0.239825 -0.0949701
9.063 -0.249099 -0.0898405
9.17757 -0.245986 -0.0572102
9.252 -0.259731 -0.0808253
9.36623 -0.266153 -0.0731437
9.48552 -0.261129 -0.0442699
9.60451 -0.270196 -0.0585916
9.68219 -0.267553 -0.0441306
9.79638 -0.265073 -0.0250815
9.90982 -0.272363 -0.0436757
9.98961 -0.263636 -0.0235258
10.1045 -0.260419 -0.00774281
10.2183 -0.262403 -0.0185092
10.3361 -0.25778 -0.00855616
10.4104 -0.251705 0.00202995
10.5258 -0.254014 -0.00481733
10.6411 -0.252093 -0.00229754
10.717 -0.24616 0.013317
10.8323 -0.245468 0.010916
10.9495 -0.244536 0.00897742
11.062 -0.236338 0.0185261
11.1373 -0.240029 0.00246103
11.252 -0.239742 0.002667
11.3683 -0.223607 0.0274865
11.4826 -0.227554 0.0133338
11.5616 -0.222164 0.0248081
11.6742 -0.214161 0.0380633
11.7844 -0.21335 0.028822
11.8594 -0.204854 0.0437286
11.972 -0.193673 0.0598574
12.0887 -0.18763 0.0579327
12.1666 -0.183672 0.0670372
12.2791 -0.171826 0.0780278
12.3905 -0.166144 0.0695781
12.4639 -0.158909 0.0699625
12.5754 -0.152177 0.0669983
12.6932 -0.147901 0.0514822
12.7724 -0.146443 0.0410272
12.8854 -0.142632 0.0388968
12.9962 -0.139759 0.026515
13.1109 -0.13853 0.0163055
13.23 -0.130837 0.0265142
13.3051 -0.132453 0.0154474
13.4195 -0.133902 0.0075073
13.5307 -0.129343 0.0182937
13.6053 -0.133474 0.00615139
13.719 -0.138576 -0.0101627
13.833 -0.1314 0.00544479
13.9453 -0.134797 -0.00584947
14.0274 -0.139085 -0.0112687
14.1417 -0.138286 -0.00514624
14.2533 -0.139309 -0.00688848
14.3203 -0.137964 -0.0167123
14.4318 -0.138625 -0.0130902
14.5472 -0.136052 -0.0082966
14.625 -0.138095 -0.0158178
14.7391 -0.13709 -0.00797189
14.8526 -0.132062 -0.000414429
14.9257 -0.134155 -0.00979099
15.0365 -0.135003 -0.00868061
15.1493 -0.128849 0.00358843
15.2605 -0.133292 -0.0087068
15.3429 -0.130454 -0.00168698
15.4546 -0.127335 0.00756605
15.5657 -0.131398 -0.0114948
15.677 -0.124972 0.00277692
15.7542 -0.119454 0.0107479
15.8664 -0.117436 0.0126735
15.9836 -0.117075 0.014994
16.0596 -0.113054 0.023122
16.1749 -0.110297 0.0150527
16.2872 -0.108295 0.0112599
16.3998 -0.100257 0.0212605
16.4755 -0.105953 0.00285181
16.5904 -0.109958 -0.00949644
16.7063 -0.0993002 0.00840183
16.7818 -0.109837 -0.0210929
16.8965 -0.119109 -0.0389062
17.0118 -0.126757 -0.0474829
17.092 -0.127007 -0.0654166
17.2079 -0.147054 -0.0992916
17.3206 -0.15259 -0.105102
17.4284 -0.178649 -0.142917
17.5024 -0.189583 -0.153463
17.6133 -0.199237 -0.133196
17.7301 -0.194622 -0.0972171
17.8018 -0.187934 -0.0563755
17.9118 -0.156698 0.0429307
18.0079 -0.112269 0.15394
18.0728 -0.0678895 0.24307
18.1585 0.0101366 0.387787
18.2338 0.0896339 0.55181
18.2903 0.182939 0.727445
18.3299 0.249859 0.831752
18.3479 0.359697 1.00361
18.3529 0.463472 1.20154
18.3398 0.561294 1.39153
18.3061 0.630847 1.54816
18.2407 0.709531 1.74015
18.1985 0.782978 1.94301
18.1415 0.818201 2.0747
18.0468 0.851288 2.27416
17.954 0.892058 2.48328
17.8909 0.898398 2.59753
17.7988 0.880518 2.78463
17.7121 0.863681 2.97335
17.6315 0.831504 3.12309
17.5775 0.801759 -3.05812
17.5089 0.754732 -2.93758
17.4434 0.716473 -2.83809
17.4037 0.687499 -2.77855
17.3454 0.638643 -2.70365
17.2773 0.591123 -2.6503
17.2426 0.550671 -2.61934
17.1837 0.501557 -2.58171
17.1275 0.450267 -2.54062
17.084 0.39679 -2.51614
17.0489 0.365312 -2.51405
16.9878 0.321078 -2.51442
16.9221 0.282326 -2.52682
16.8599 0.247195 -2.56611
16.8111 0.23785 -2.61921
16.7347 0.225089 -2.69808
16.6587 0.217853 -2.79257
16.6105 0.21186 -2.84358
16.5306 0.214463 -2.91629
16.45 0.226996 -3.00126
16.3666 0.240877 -3.06707
16.3211 0.254655 -3.10155
16.2467 0.264595 -3.1357
16.1693 0.278065 3.12174
16.1115 0.280031 3.11422
16.0285 0.283784 3.11051
15.9485 0.283651 3.10938
15.8663 0.283856 3.11576
15.8029 0.282346 3.11862
15.7124 0.283893 3.11988
15.6328 0.281543 3.11643
15.5753 0.27557 3.11799
15.4792 0.278933 3.11494
15.3722 0.274973 3.11406
15.2777 0.271244 3.11396
15.2073 0.273864 3.11232
15.1044 0.277801 3.10986
15.006 0.277184 3.10772
14.9363 0.277293 3.10468
14.8296 0.281959 3.10279
14.7215 0.281645 3.1097
14.6175 0.282158 3.11423
14.5383 0.281224 3.11601
14.4289 0.28261 3.11985
14.3329 0.278535 3.12567
14.2564 0.275383 3.13035
14.1439 0.274266 3.13676
14.0355 0.267874 -3.13694
13.9231 0.262723 -3.13135
13.8401 0.260124 -3.1321
13.7301 0.257577 -3.12825
13.6206 0.251165 -3.11993
13.5421 0.247529 -3.11569
13.4328 0.24119 -3.1066
13.3291 0.232119 -3.09079
13.2488 0.227806 -3.09604
13.1367 0.220634 -3.09058
13.029 0.204018 -3.07321
12.92 0.192594 -3.06363
12.8408 0.181116 -3.05189
12.728 0.161254 -3.02717
12.6169 0.147654 -3.02434
12.5397 0.135772 -3.01819
12.4276 0.116888 -3.00555
12.3168 0.0989952 -3.0029
12.202 0.0810354 -2.99998
12.1271 0.0651122 -2.99831
12.0087 0.0528752 -3.01096
11.89 0.0407521 -3.03666
11.8146 0.0311008 -3.03713
11.6986 0.0259667 -3.05663
11.5905 0.0275958 -3.08747
11.4778 0.026747 -3.10922
11.395 0.0333766 -3.13791
11.2791 0.0454461 3.1115
11.1685 0.0566772 3.08207
11.0588 0.0718528 3.05414
10.9803 0.0799312 3.03996
10.8684 0.100272 3.01683
10.7566 0.122497 2.98945
10.6832 0.135365 2.98592
10.5716 0.159834 2.96809
10.4591 0.183098 2.95446
10.3813 0.195516 2.95777
10.2682 0.214779 2.96194
10.1554 0.236623 2.96268
10.0436 0.248759 2.9905
9.96854 0.26498 2.99003
9.8513 0.279021 3.00021
9.73681 0.28421 3.0299
9.65935 0.291322 3.03329
9.54075 0.299598 3.04532
9.42771 0.305641 3.05868
9.30799 0.316841 3.05967
9.22322 0.321318 3.06126
9.10453 0.332394 3.05726
8.98767 0.345999 3.04503
8.86587 0.363204 3.03089
8.78795 0.372838 3.02795
8.67143 0.392635 3.01158
8.55166 0.4092 3.00489
8.47106 0.417637 3.00469
8.3542 0.437408 2.99482
8.23833 0.452874 2.99052
8.12106 0.467812 2.98778
8.04386 0.482877 2.97027
7.92403 0.502914 2.97233
7.80733 0.511192 2.98027
7.72681 0.522775 2.98045
7.60642 0.536316 2.99572
7.4892 0.546127 3.00868
7.368 0.558531 3.01812
7.28514 0.55754 3.0422
7.16897 0.559574 3.0666
7.04519 0.560539 3.08777
6.96441 0.55931 3.10199
6.84249 0.556309 3.12247
6.71504 0.547058 -3.13515
6.63838 0.542351 -3.1221
6.52475 0.530259 -3.09589
6.40719 0.515328 -3.0713
6.28806 0.503119 -3.05422
6.20356 0.489189 -3.03302
6.0841 0.466233 -3.00839
5.96749 0.444226 -2.98572
5.89139 0.417263 -2.94801
5.77484 0.379074 -2.91079
5.65978 0.350891 -2.88698
5.58666 0.313415 -2.83662
5.47671 0.260148 -2.79226
5.36241 0.211222 -2.74982
5.25949 0.141902 -2.68125
5.18585 0.10108 -2.65809
5.08648 0.0214783 -2.59685
4.99534 -0.066814 -2.51259
4.90889 -0.158924 -2.43627
4.86121 -0.23337 -2.37277
4.79787 -0.342632 -2.28574
4.7388 -0.455284 -2.19823
4.70149 -0.535034 -2.14886
4.65932 -0.659366 -2.06695
4.61414 -0.79173 -2.00118
4.59336 -0.876309 -1.96361
4.56714 -1.00335 -1.89706
4.54663 -1.13048 -1.84944
4.53109 -1.26226 -1.79275
4.52116 -1.34946 -1.76804
4.50226 -1.4858 -1.73981
4.49479 -1.61603 -1.70302
4.49208 -1.70374 -1.68003
4.48535 -1.83888 -1.65995
4.47733 -1.92278 -1.65595
4.4676 -2.09625 -1.6431
4.45761 -2.18305 -1.64452
4.45045 -2.31216 -1.63809
4.43855 -2.44709 -1.63097
4.43161 -2.52799 -1.63653
4.42562 -2.65409 -1.63032
4.42167 -2.78634 -1.62141
4.41786 -2.86463 -1.61361
4.41927 -2.98849 -1.59493
4.41308 -3.11685 -1.59311
4.41245 -3.24278 -1.58022
4.41821 -3.36452 -1.57038
4.41675 -3.44753 -1.56766
4.42169 -3.57015 -1.55551
4.42609 -3.68674 -1.54651
4.41934 -3.76351 -1.55764
4.4227 -3.88152 -1.55245
4.4282 -4.00498 -1.53397
4.42457 -4.08232 -1.54004
4.4307 -4.20039 -1.53332
4.4366 -4.31877 -1.53571
4.43705 -4.43371 -1.55218
4.44536 -4.51108 -1.5455
4.44595 -4.62982 -1.55224
4.44023 -4.74455 -1.56293
4.44233 -4.82172 -1.55768
4.44356 -4.93798 -1.55885
4.4356 -5.05292 -1.57554
4.43637 -5.16928 -1.56808
4.42937 -5.24832 -1.5749
4.42607 -5.36511 -1.58264
4.43092 -5.47912 -1.56982
4.42544 -5.59706 -1.58421
4.42252 -5.66984 -1.59145
4.41834 -5.77983 -1.59634
4.41797 -5.88792 -1.60594
4.41703 -5.96604 -1.61283
4.41089 -6.08103 -1.61612
4.40507 -6.20242 -1.62552
4.39966 -6.27425 -1.63871
4.38868 -6.38034 -1.64824
4.37923 -6.4865 -1.65449
4.36494 -6.60134 -1.66627
4.35725 -6.67564 -1.66717
4.34581 -6.79238 -1.66634
4.32783 -6.90752 -1.68648
4.31912 -6.98137 -1.68655
4.31096 -7.0976 -1.68004
4.30199 -7.20833 -1.67832
4.2937 -7.32012 -1.66744
4.28891 -7.39608 -1.66342
4.27803 -7.51156 -1.66389
4.27243 -7.62689 -1.65506
4.2668 -7.70836 -1.65205
4.25714 -7.82769 -1.65175
4.25184 -7.94436 -1.64514
4.24585 -8.06293 -1.64087
4.23796 -8.14155 -1.65318
4.22934 -8.2591 -1.65018
4.22843 -8.3819 -1.64148
4.22658 -8.45928 -1.63922
4.2236 -8.57781 -1.62575
4.22261 -8.69645 -1.61864
4.21798 -8.77555 -1.61958
4.21624 -8.89405 -1.60836
4.21872 -9.01771 -1.59762
4.21993 -9.13244 -1.5901
4.22236 -9.21278 -1.57886
4.22497 -9.33264 -1.57328
4.22307 -9.4499 -1.57249
4.22662 -9.53219 -1.56034
4.22861 -9.65462 -1.55851
4.23512 -9.77501 -1.54714
4.24489 -9.8942 -1.53322
4.24096 -9.97286 -1.54774
4.24427 -10.0917 -1.54589
4.24908 -10.1738 -1.5388
4.25901 -10.2967 -1.53005
4.26321 -10.413 -1.52987
4.26986 -10.531 -1.52652
4.26308 -10.6076 -1.54471
4.26355 -10.7255 -1.55126
4.26766 -10.849 -1.54577
4.26443 -10.9258 -1.55831
4.26585 -11.0417 -1.55777
4.26657 -11.1571 -1.55672
4.2626 -11.2727 -1.57179
4.26746 -11.3471 -1.56716
4.26627 -11.4663 -1.57149
4.26217 -11.5887 -1.58594
4.26553 -11.7031 -1.58016
4.2585 -11.7744 -1.5939
4.2494 -11.8938 -1.61105
4.24902 -12.0112 -1.60964
4.24122 -12.0905 -1.61886
4.23351 -12.2084 -1.62403
4.23164 -12.3216 -1.61374
4.22324 -12.4389 -1.62593
4.21919 -12.5135 -1.63173
4.21144 -12.6309 -1.63294
4.20557 -12.7535 -1.63698
4.20044 -12.8698 -1.64152
4.20166 -12.9435 -1.63207
4.1936 -13.0632 -1.63395
4.18281 -13.1442 -1.64032
4.17757 -13.2638 -1.6322
4.17482 -13.3872 -1.62523
4.17768 -13.4938 -1.61082
4.18073 -13.6067 -1.5894
4.17889 -13.6875 -1.59737
4.17774 -13.8065 -1.59176
4.18661 -13.9248 -1.57126
4.18214 -14.0045 -1.58248
4.18208 -14.1199 -1.57875
4.19693 -14.2315 -1.5606
4.1876 -14.3589 -1.58563
4.20074 -14.432 -1.58407
4.19886 -14.5505 -1.58485
4.184 -14.6743 -1.60309
4.18832 -14.7411 -1.58783
4.188 -14.8624 -1.58297
4.17937 -14.9865 -1.60881
4.17912 -15.0726 -1.60505
4.17414 -15.1948 -1.60711
4.16474 -15.3106 -1.61973
4.16265 -15.4304 -1.61011
4.16019 -15.516 -1.60929
4.15539 -15.6442 -1.60859
4.15397 -15.7677 -1.59824
4.15299 -15.8544 -1.59563
4.15357 -15.9705 -1.58623
4.16044 -16.0742 -1.55837
4.16206 -16.2061 -1.56218
4.16994 -16.2977 -1.557
4.17407 -16.4229 -1.55044
4.16977 -16.5466 -1.56363
4.17777 -16.6245 -1.54785
4.18095 -16.7538 -1.54748
4.17069 -16.8839 -1.57862
4.17818 -17.0106 -1.57472
4.17679 -17.0862 -1.58837
4.17137 -17.2013 -1.59687
4.18052 -17.3206 -1.58144
4.17242 -17.4131 -1.60448
4.16271 -17.5421 -1.61802
4.15625 -17.6649 -1.6256
4.1438 -17.7817 -1.64688
4.13917 -17.8548 -1.64415
4.12795 -17.9803 -1.64946
4.10872 -18.1163 -1.6769
4.10479 -18.1975 -1.67603
4.09098 -18.3142 -1.67993
4.08202 -18.4165 -1.67737
4.07286 -18.4949 -1.66801
4.0622 -18.6219 -1.6635
4.03992 -18.749 -1.67642
4.02836 -18.8655 -1.67504
4.02307 -18.9383 -1.67549
4.01036 -19.0562 -1.67627
4.00436 -19.1777 -1.65983
3.99354 -19.2673 -1.67036
3.98431 -19.3842 -1.66386
3.98251 -19.4999 -1.64043
3.98193 -19.6179 -1.6194
3.9859 -19.6968 -1.59516
3.99743 -19.8219 -1.55651
4.00323 -19.9446 -1.54237
4.01958 -20.0211 -1.5083
4.05211 -20.1403 -1.44545
4.08451 -20.2579 -1.39439
4.14883 -20.374 -1.29889
4.1948 -20.4418 -1.24083
4.26582 -20.544 -1.15444
4.34219 -20.6408 -1.04982
4.40338 -20.6971 -0.981216
4.50255 -20.7758 -0.882656
4.59539 -20.8573 -0.797089
4.70988 -20.9169 -0.690273
4.7816 -20.9581 -0.63511
4.8954 -21.0058 -0.560409
5.0072 -21.0399 -0.459209
5.08252 -21.0656 -0.421262
5.20477 -21.0927 -0.356141
5.33175 -21.1073 -0.282165
5.41462 -21.1115 -0.239491
5.53727 -21.1189 -0.183214
5.64965 -21.1286 -0.144279
5.7652 -21.1198 -0.0864691
5.84775 -21.1264 -0.081268
5.96805 -21.1293 -0.063058
6.082 -21.125 -0.033024
6.1618 -21.1304 -0.0523912
6.27821 -21.1401 -0.0627792
6.3985 -21.141 -0.0380919
6.48098 -21.1522 -0.0582617
6.59976 -21.1667 -0.0771168
6.71532 -21.1755 -0.0762301
6.82551 -21.2008 -0.113686
6.90077 -21.2134 -0.122479
7.01503 -21.2339 -0.138992
7.12859 -21.2647 -0.16775
7.23933 -21.2913 -0.182354
7.3106 -21.3096 -0.191683
7.42262 -21.3361 -0.204644
7.52909 -21.3666 -0.221122
7.60292 -21.3804 -0.211867
7.71867 -21.4042 -0.2091
7.82564 -21.4224 -0.199284
7.89901 -21.4278 -0.179818
8.0092 -21.4396 -0.157866
8.11346 -21.4548 -0.147753
8.22739 -21.4579 -0.11426
8.31551 -21.4663 -0.113354
8.42979 -21.4761 -0.10518
8.53787 -21.4779 -0.0834533
8.64764 -21.4826 -0.0816046
8.72732 -21.4899 -0.0908771
8.84872 -21.4991 -0.0862203
8.96899 -21.4997 -0.0912826
9.04408 -21.5009 -0.0899735
9.15534 -21.5071 -0.0794018
9.265 -21.5144 -0.073909
9.38856 -21.5302 -0.0718705
9.469 -21.5321 -0.0553463
9.59228 -21.5367 -0.0503274
9.71145 -21.5386 -0.04622
9.79198 -21.534 -0.0254019
9.91431 -21.53 -0.00809248
10.037 -21.5256 0.00871587
10.1222 -21.501 0.0607906
10.2435 -21.4755 0.105687
10.3586 -21.4415 0.164696
10.4733 -21.4027 0.228474
10.5554 -21.3732 0.262421
10.6723 -21.3194 0.321872
10.7836 -21.2591 0.38302
10.8601 -21.2164 0.417176
10.9661 -21.1478 0.467069
11.0672 -21.0737 0.520376
11.1344 -21.0211 0.554918
11.2317 -20.9356 0.611741
11.3197 -20.8269 0.704085
11.3711 -20.7629 0.747244
11.4394 -20.6544 0.834182
11.4861 -20.5339 0.949074
11.5385 -20.4169 1.02986
11.5627 -20.3318 1.08973
11.5996 -20.2044 1.15654
11.6403 -20.0753 1.21504
11.664 -19.9499 1.26144
11.6742 -19.8654 1.30821
11.6912 -19.7362 1.35047
11.7041 -19.6055 1.38051
11.7043 -19.5057 1.41341
11.7144 -19.3713 1.4422
11.7117 -19.2436 1.49066
11.7143 -19.1256 1.51968
11.7157 -19.0304 1.52133
11.7118 -18.8946 1.55179
11.707 -18.7602 1.56346
11.7106 -18.6756 1.57805
11.706 -18.5478 1.58721
11.7154 -18.4168 1.57367
11.7093 -18.331 1.58934
11.7064 -18.2037 1.59089
11.7172 -18.0755 1.5714
11.7145 -17.9561 1.58649
11.7238 -17.8737 1.56342
11.7315 -17.7481 1.54664
11.7326 -17.6282 1.54987
11.7418 -17.5472 1.52228
11.7576 -17.4224 1.49756
11.7734 -17.2974 1.47621
11.8056 -17.1821 1.42675
11.8223 -17.1041 1.4202
11.8487 -16.9868 1.39669
11.8896 -16.8721 1.34365
11.9034 -16.7957 1.34782
11.9349 -16.6811 1.33379
11.9756 -16.571 1.29672
11.9925 -16.4963 1.30124
12.0244 -16.3845 1.29874
12.0587 -16.275 1.28352
12.0799 -16.1656 1.3054
12.0961 -16.0896 1.30968
12.1225 -15.9759 1.31942
12.136 -15.8609 1.34935
12.151 -15.7461 1.37717
12.1632 -15.668 1.38668
12.1698 -15.5485 1.42611
12.1749 -15.4346 1.46627
12.1848 -15.3167 1.47303
12.1769 -15.2354 1.50719
12.1752 -15.1164 1.5296
12.1781 -14.9894 1.52674
12.1677 -14.906 1.55521
12.1621 -14.7851 1.5734
12.1602 -14.6677 1.58049
12.1498 -14.5853 1.61119
12.1358 -14.4609 1.63308
12.1309 -14.3398 1.65147
12.108 -14.2224 1.69527
12.103 -14.1435 1.68676
12.0833 -14.0172 1.69971
12.0602 -13.8973 1.72431
12.0533 -13.8143 1.71802
12.0342 -13.6885 1.71929
12.0218 -13.5716 1.71361
12.0124 -13.4468 1.6901
12.0014 -13.3665 1.69166
11.9921 -13.2404 1.67571
11.9898 -13.1526 1.65766
11.9831 -13.0329 1.64826
11.9771 -12.9155 1.62572
11.9761 -12.7904 1.60532
11.9747 -12.7083 1.6027
11.9751 -12.5821 1.58389
11.9799 -12.4634 1.56482
11.9839 -12.3467 1.55094
11.9967 -12.264 1.5209
12.0092 -12.143 1.50298
12.0122 -12.0259 1.50847
12.0249 -11.9466 1.48725
12.0354 -11.8309 1.48542
12.0403 -11.7139 1.49144
12.0555 -11.5897 1.47144
12.053 -11.516 1.48435
12.0601 -11.404 1.49097
12.0678 -11.2861 1.47815
12.0631 -11.1694 1.50383
12.0635 -11.0943 1.50225
12.0722 -10.9801 1.49971
12.0726 -10.8615 1.51519
12.0703 -10.7885 1.52721
12.0721 -10.6744 1.5354
12.0657 -10.5673 1.55879
12.0602 -10.4884 1.56528
12.0591 -10.3734 1.56926
12.0493 -10.2526 1.57879
12.0391 -10.1356 1.59171
12.0368 -10.0607 1.59
12.0283 -9.9422 1.60596
12.0152 -9.82607 1.62062
12.0151 -9.74444 1.61659
12.0055 -9.62481 1.62721
11.9882 -9.50631 1.64756
11.9813 -9.38613 1.64631
11.9677 -9.30208 1.67228
11.95 -9.18181 1.68671
11.9418 -9.06186 1.67226
11.9242 -8.98618 1.6922
11.9046 -8.86895 1.70627
11.8819 -8.7386 1.71334
11.8593 -8.65562 1.73348
11.8287 -8.53625 1.7616
11.7896 -8.41403 1.79567
11.7404 -8.30036 1.85032
11.705 -8.22752 1.89216
11.6417 -8.11672 1.95495
11.5753 -8.00889 2.0133
11.5135 -7.94038 2.07572
11.43 -7.84015 2.13682
11.3477 -7.73869 2.20251
11.2877 -7.68492 2.25649
11.1905 -7.60371 2.31727
11.0908 -7.52785 2.39703
10.9744 -7.45777 2.47726
10.8925 -7.41707 2.53238
10.7705 -7.37195 2.61898
10.6395 -7.33609 2.71804
10.515 -7.3099 2.80586
10.4267 -7.30089 2.85348
10.2901 -7.29655 2.9392
10.1531 -7.28509 2.99436
10.06 -7.29249 3.0443
9.9313 -7.29957 3.09925
9.80744 -7.30315 3.12501
9.68 -7.32023 -3.11161
9.59198 -7.32296 -3.10604
9.45689 -7.33339 -3.09045
9.33098 -7.34937 -3.06519
9.24429 -7.35633 -3.05985
9.11113 -7.3717 -3.04834
8.98632 -7.38255 -3.04624
8.85957 -7.39623 -3.05122
8.77663 -7.40402 -3.05317
8.65139 -7.41054 -3.06522
8.5253 -7.41752 -3.08197
8.44542 -7.41098 -3.09265
8.32378 -7.40922 -3.11316
8.1979 -7.4039 -3.13421
8.11892 -7.40105 -3.13781
7.99804 -7.39491 3.1279
7.87552 -7.38588 3.11369
7.76003 -7.38214 3.1019
7.68465 -7.37189 3.08257
7.56846 -7.36129 3.07266
7.45744 -7.35745 3.07804
7.37762 -7.34878 3.0695
7.26137 -7.34296 3.07676
7.14682 -7.34189 3.0894
7.03528 -7.33584 3.08807
6.95877 -7.34131 3.1072
6.84893 -7.347 3.13222
6.73312 -7.34982 -3.13644
6.65439 -7.35854 -3.11708
6.54092 -7.36995 -3.09348
6.4319 -7.37427 -3.09257
6.31739 -7.38407 -3.08733
6.24258 -7.39082 -3.08472
6.13368 -7.39515 -3.08986
6.02238 -7.39645 -3.09766
5.94557 -7.39944 -3.09767
5.83545 -7.40277 -3.10166
5.72412 -7.40558 -3.10643
5.64752 -7.41073 -3.0978
5.53558 -7.42147 -3.08284
5.42504 -7.43294 -3.07358
5.30945 -7.45129 -3.05802
5.24439 -7.46108 -3.05193
5.1353 -7.47753 -3.03392
5.01935 -7.50244 -3.00898
4.94723 -7.52046 -2.98836
4.838 -7.55082 -2.95238
4.73375 -7.5896 -2.91457
4.62797 -7.64044 -2.854
4.5632 -7.68207 -2.79919
4.46437 -7.74786 -2.72389
4.36682 -7.82485 -2.63502
4.31257 -7.87752 -2.57176
4.23176 -7.96567 -2.4947
4.1435 -8.0596 -2.4075
4.08028 -8.16308 -2.31103
4.04128 -8.23616 -2.25577
3.98836 -8.35215 -2.16768
3.94115 -8.46882 -2.09107
3.92594 -8.55524 -2.02076
3.89775 -8.68029 -1.94666
3.87704 -8.81229 -1.86023
3.86831 -8.9371 -1.80191
3.8601 -9.03077 -1.76569
3.8561 -9.16255 -1.71091
3.85756 -9.29404 -1.66682
3.86357 -9.38144 -1.63861
3.86739 -9.5081 -1.60682
3.87853 -9.6368 -1.57636
3.88129 -9.72458 -1.55779
3.89335 -9.8539 -1.53063
3.90627 -9.98831 -1.50118
3.91197 -10.1123 -1.49424
3.92584 -10.1918 -1.46904
3.94465 -10.3213 -1.45369
3.95275 -10.4499 -1.45078
3.9649 -10.5351 -1.43646
3.98194 -10.6639 -1.4378
3.99402 -10.7841 -1.4425
4.00776 -10.8665 -1.44064
4.01936 -10.9928 -1.45414
4.03048 -11.1157 -1.45772
4.03864 -11.2395 -1.47161
4.03676 -11.323 -1.4942
4.04211 -11.4443 -1.50424
4.04724 -11.5741 -1.51251
4.04392 -11.656 -1.52627
4.04434 -11.7768 -1.53907
4.04364 -11.8973 -1.55569
4.03746 -12.0154 -1.57078
4.03283 -12.0961 -1.57928
4.02557 -12.2187 -1.59525
4.0187 -12.3371 -1.60602
4.01011 -12.4166 -1.61557
4.00179 -12.5356 -1.62303
3.98946 -12.6458 -1.62811
3.97785 -12.7668 -1.63479
3.97323 -12.8507 -1.63588
3.96521 -12.9664 -1.63708
3.95453 -13.0846 -1.64194
3.95138 -13.1642 -1.64019
3.94349 -13.2787 -1.64
3.93312 -13.3955 -1.64618
3.92694 -13.5125 -1.64066
3.92315 -13.5897 -1.63734
3.91848 -13.7064 -1.62884
3.91355 -13.8253 -1.61263
3.91752 -13.9032 -1.60371
3.91935 -14.0202 -1.58906
3.92082 -14.1419 -1.57583
3.93059 -14.2546 -1.56086
3.93502 -14.3334 -1.55364
3.93918 -14.4522 -1.54759
3.94314 -14.5631 -1.54606
3.94852 -14.646 -1.54188
3.95206 -14.7661 -1.54161
3.95605 -14.8859 -1.53704
3.95964 -14.961 -1.53068
3.96541 -15.0787 -1.52782
3.97231 -15.1926 -1.52274
3.97966 -15.3195 -1.52293
3.98238 -15.3921 -1.52901
3.98533 -15.5092 -1.53411
3.99223 -15.6276 -1.54255
3.99358 -15.7439 -1.55915
3.99636 -15.8118 -1.56523
3.99241 -15.9313 -1.57816
3.98825 -16.0598 -1.60049
3.97979 -16.1345 -1.60626
3.97065 -16.2519 -1.61909
3.95636 -16.3571 -1.63136
3.94168 -16.4371 -1.64277
3.9272 -16.5553 -1.65905
3.91379 -16.6754 -1.67072
3.90055 -16.7849 -1.68652
3.88518 -16.903 -1.69465
3.87773 -16.9772 -1.69804
3.86047 -17.0944 -1.70382
3.85205 -17.1746 -1.71003
3.8385 -17.2904 -1.70282
3.83318 -17.4079 -1.69562
3.82772 -17.5263 -1.68306
3.82256 -17.6049 -1.67387
3.81236 -17.7236 -1.66855
3.80344 -17.8471 -1.66946
3.79627 -17.966 -1.65957
3.78606 -18.0432 -1.65995
3.7759 -18.1672 -1.65732
3.76578 -18.2832 -1.65409
3.75439 -18.3651 -1.65851
3.74357 -18.4889 -1.65817
3.7343 -18.6105 -1.64859
3.72357 -18.6936 -1.64595
3.71538 -18.8179 -1.64279
3.70437 -18.9439 -1.64344
3.69523 -19.0708 -1.64723
3.69219 -19.1585 -1.6414
3.68536 -19.2816 -1.63629
3.68489 -19.4135 -1.62745
3.68756 -19.5362 -1.60617
3.69696 -19.623 -1.58622
3.71051 -19.7522 -1.54474
3.73996 -19.8719 -1.4827
3.7655 -19.9551 -1.43102
3.80798 -20.078 -1.3681
3.86538 -20.1982 -1.28538
3.9078 -20.2768 -1.23114
3.97745 -20.3857 -1.15666
4.06423 -20.4869 -1.05576
4.14714 -20.5817 -0.976615
4.21823 -20.6397 -0.913341
4.32217 -20.7159 -0.821715
4.43236 -20.7893 -0.720727
4.50917 -20.8263 -0.668805
4.623 -20.8804 -0.59161
4.74825 -20.9146 -0.480133
4.86764 -20.9585 -0.418807
4.95143 -20.9751 -0.357008
5.07357 -20.9927 -0.286715
5.2021 -21.012 -0.239768
5.33159 -21.0198 -0.179003
5.40792 -21.0169 -0.150957
5.53423 -21.0212 -0.112988
5.61447 -21.021 -0.0915682
5.7367 -21.0235 -0.0683325
5.86804 -21.023 -0.0528139
5.98507 -21.0216 -0.0425049
6.10408 -21.0195 -0.010316
6.18498 -21.0327 -0.0296815
6.30657 -21.0382 -0.0345438
6.42008 -21.0351 -0.00787217
6.49972 -21.0464 -0.0251118
6.61779 -21.0566 -0.0443699
6.74007 -21.0641 -0.0526257
6.82241 -21.0784 -0.0784844
6.93805 -21.099 -0.107877
7.05766 -21.114 -0.129972
7.17635 -21.1455 -0.16328
7.25413 -21.1639 -0.173724
7.36978 -21.1929 -0.196081
7.48732 -21.2237 -0.224441
7.56841 -21.2463 -0.236453
7.67876 -21.279 -0.251729
7.78677 -21.311 -0.264218
7.89863 -21.3338 -0.255776
7.97194 -21.3511 -0.257117
8.08801 -21.3751 -0.240465
8.19647 -21.3907 -0.2191
8.26973 -21.4032 -0.203463
8.38419 -21.4168 -0.177387
8.50261 -21.4258 -0.145803
8.58319 -21.4279 -0.12846
8.70336 -21.4358 -0.109222
8.81695 -21.4421 -0.100147
8.93432 -21.4477 -0.0749974
9.01872 -21.4508 -0.0742273
9.13572 -21.4539 -0.0596878
9.25649 -21.4502 -0.0290043
9.33595 -21.4527 -0.0293116
9.45319 -21.4487 -0.00964655
9.57375 -21.4302 0.0433562
9.69688 -21.416 0.0699968
9.78186 -21.3947 0.104274
9.90461 -21.3581 0.162257
10.0275 -21.3276 0.194651
10.1044 -21.2909 0.248153
10.2179 -21.2352 0.313136
10.3341 -21.181 0.367286
10.406 -21.1289 0.42403
10.512 -21.0548 0.48499
10.6224 -20.9746 0.544511
10.7161 -20.8851 0.611657
10.7801 -20.8185 0.657966
10.8687 -20.7242 0.713695
10.9544 -20.6262 0.765649
11.011 -20.5535 0.81009
11.088 -20.4478 0.855628
11.1562 -20.3337 0.92755
11.2222 -20.2277 0.974487
11.2692 -20.1531 0.993243
11.3188 -20.0362 1.05082
11.3683 -19.9163 1.10844
11.3951 -19.8297 1.14332
11.4295 -19.7102 1.195
11.4639 -19.5907 1.23127
11.4878 -19.4628 1.28108
11.504 -19.3802 1.31058
11.522 -19.2544 1.35168
11.5432 -19.1334 1.36878
11.5519 -19.047 1.39357
11.5635 -18.9245 1.41973
11.5797 -18.8037 1.42928
11.5843 -18.6854 1.46162
11.5967 -18.6064 1.46663
11.6071 -18.4866 1.47231
11.6148 -18.3694 1.49786
11.6273 -18.291 1.49719
11.6374 -18.1731 1.49374
11.6421 -18.0631 1.50746
11.6586 -17.9475 1.48881
11.6613 -17.8765 1.48485
11.6713 -17.7654 1.48359
11.6878 -17.6521 1.47176
11.7022 -17.5773 1.45949
11.7193 -17.4698 1.44572
11.7417 -17.3657 1.42175
11.7655 -17.2965 1.39916
11.7943 -17.1936 1.36973
11.8264 -17.0945 1.34521
11.8727 -16.9926 1.29865
11.8961 -16.9333 1.28416
11.9371 -16.8381 1.25073
11.9833 -16.7445 1.21152
12.0118 -16.6884 1.19064
12.0606 -16.6015 1.15494
12.1096 -16.5207 1.11348
12.1555 -16.4361 1.08755
12.1849 -16.3868 1.06435
12.2435 -16.3092 1.02814
12.2983 -16.2254 0.998217
12.3321 -16.1777 0.981135
12.3912 -16.1077 0.953872
12.4566 -16.0384 0.9064
12.4939 -15.9883 0.896791
12.5535 -15.9188 0.888627
12.6147 -15.8454 0.873339
12.6541 -15.7909 0.871505
12.7077 -15.7111 0.898568
12.7481 -15.6309 0.942906
12.7959 -15.5442 0.984959
12.8249 -15.4824 1.02522
12.8543 -15.3874 1.09019
12.8825 -15.2972 1.14986
12.9112 -15.1964 1.20404
12.9269 -15.1231 1.24279
12.942 -15.0226 1.28882
12.9561 -14.9208 1.33701
12.9524 -14.845 1.36522
12.9624 -14.7404 1.3946
12.9635 -14.6396 1.43936
12.9671 -14.5331 1.47008
12.9699 -14.4562 1.47462
12.9702 -14.3495 1.50018
12.9589 -14.2446 1.54033
12.9579 -14.1707 1.54229
12.9543 -14.0615 1.5604
12.9331 -13.955 1.60743
12.9282 -13.8437 1.61604
12.9125 -13.7727 1.6486
12.8847 -13.6658 1.70038
12.852 -13.559 1.7479
12.8253 -13.4884 1.79097
12.7747 -13.3854 1.85974
12.7276 -13.2933 1.91962
12.6685 -13.1929 1.98473
12.6257 -13.1278 2.02029
12.5609 -13.0347 2.06597
12.5006 -12.9422 2.10351
12.4666 -12.875 2.09941
12.4095 -12.7792 2.10218
12.3447 -12.682 2.11191
12.3094 -12.6093 2.09772
12.2562 -12.5049 2.08098
12.2046 -12.4065 2.05933
12.1653 -12.3023 2.01763
12.134 -12.2352 2.00211
12.0983 -12.1215 1.9623
12.0681 -12.0114 1.92126
12.0411 -11.9024 1.87931
12.0274 -11.8249 1.84543
12.0089 -11.712 1.80931
11.9983 -11.6058 1.77249
11.9933 -11.5315 1.74408
11.9833 -11.4216 1.72031
11.9715 -11.3087 1.70198
11.9724 -11.2348 1.67795
11.967 -11.1232 1.6601
11.9567 -11.0164 1.65603
11.96 -10.9081 1.62329
11.9536 -10.833 1.62148
11.9494 -10.7248 1.61807
11.9504 -10.6162 1.59425
11.9467 -10.5081 1.58929
11.937 -10.4366 1.59801
11.9358 -10.3279 1.59265
11.938 -10.2203 1.57469
11.9264 -10.1474 1.59836
11.9192 -10.0404 1.60954
11.9193 -9.93335 1.60386
11.9096 -9.86069 1.62058
11.9011 -9.75355 1.62892
11.9039 -9.64493 1.6046
11.8958 -9.57219 1.61355
11.8889 -9.46502 1.61923
11.8916 -9.35339 1.59763
11.8883 -9.24065 1.59361
11.8824 -9.17151 1.60537
11.882 -9.06162 1.59606
11.8811 -8.95372 1.57982
11.8671 -8.83992 1.60581
11.8666 -8.7595 1.59615
11.8599 -8.64462 1.60662
11.8283 -8.53246 1.66158
11.8181 -8.45845 1.67837
11.7866 -8.34557 1.72912
11.7305 -8.24355 1.82407
11.674 -8.14019 1.90303
11.6306 -8.07003 1.9669
11.5543 -7.97769 2.05498
11.4763 -7.89279 2.15387
11.4121 -7.84051 2.22008
11.3192 -7.76421 2.29808
11.2154 -7.69778 2.4007
11.1516 -7.65628 2.43671
11.0461 -7.60019 2.50324
10.9284 -7.54877 2.58636
10.8187 -7.50664 2.65604
10.7441 -7.48689 2.70679
10.6271 -7.46045 2.77187
10.5103 -7.43943 2.84362
10.4263 -7.42674 2.88616
10.3071 -7.41723 2.94176
10.1857 -7.41938 3.01614
10.074 -7.42266 3.0592
9.9933 -7.4282 3.08995
9.87458 -7.43958 3.13537
9.75501 -7.4484 -3.1121
9.67406 -7.45045 -3.11168
9.55779 -7.45989 -3.09606
9.45409 -7.46489 -3.08339
9.33636 -7.47306 -3.07717
9.25289 -7.48616 -3.05523
9.13638 -7.50086 -3.04287
9.01887 -7.51154 -3.04304
8.94143 -7.52222 -3.0306
8.8255 -7.53655 -3.02741
8.70814 -7.54587 -3.03091
8.59286 -7.56154 -3.02394
8.51979 -7.5648 -3.03565
8.40319 -7.57386 -3.04411
8.28432 -7.582 -3.04664
8.20676 -7.58902 -3.06305
8.08884 -7.59187 -3.08095
7.97114 -7.60445 -3.07184
7.85934 -7.60322 -3.09153
7.78558 -7.60459 -3.09661
7.67214 -7.60837 -3.1
7.59761 -7.60486 -3.115
7.48353 -7.60118 -3.13238
7.37082 -7.60298 -3.13012
7.25357 -7.59564 3.13796
7.18185 -7.58815 3.12511
7.07067 -7.58395 3.11943
6.96554 -7.57647 3.10609
6.85444 -7.56531 3.08197
6.77588 -7.56212 3.091
6.66564 -7.55465 3.086
6.55447 -7.53647 3.06049
6.48047 -7.53495 3.06574
6.3716 -7.52726 3.06742
6.2686 -7.50418 3.0358
6.16376 -7.49292 3.03806
6.08469 -7.48589 3.03409
5.97915 -7.4657 3.00996
5.87437 -7.43718 2.97741
5.8021 -7.42149 2.96427
5.6986 -7.39027 2.93124
5.60046 -7.3482 2.8841
5.4981 -7.3133 2.85969
5.42868 -7.28118 2.83237
5.33055 -7.23392 2.79014
5.23677 -7.18661 2.75418
5.17278 -7.15245 2.72772
5.08157 -7.09462 2.68474
4.9945 -7.03492 2.63751
4.93831 -6.99244 2.59849
4.85817 -6.91853 2.53801
4.77952 -6.84563 2.48326
4.71514 -6.76442 2.40441
4.66677 -6.70359 2.35254
4.61391 -6.61176 2.27957
4.56712 -6.51699 2.18289
4.54319 -6.45392 2.11481
4.52171 -6.35462 2.02443
4.48983 -6.25729 1.93899
4.48035 -6.14963 1.84789
4.46964 -6.08285 1.79934
4.47334 -5.9814 1.72623
4.47403 -5.88225 1.65446
4.48862 -5.8155 1.63612
4.49359 -5.71561 1.60353
4.50372 -5.61615 1.55863
4.50739 -5.51627 1.55743
4.51651 -5.45084 1.54903
4.52643 -5.35392 1.52748
4.5484 -5.26173 1.50753
4.54394 -5.19494 1.50258
4.55617 -5.09619 1.48744
4.57474 -4.98758 1.45177
4.58228 -4.92024 1.44659
4.59695 -4.82069 1.44023
4.62136 -4.7241 1.4153
4.63654 -4.63055 1.4016
4.6452 -4.56261 1.40882
4.66221 -4.45658 1.4096
4.68285 -4.35296 1.38846
4.68487 -4.28066 1.40336
4.69838 -4.17228 1.41597
4.71417 -4.05765 1.4122
4.72755 -3.94688 1.42875
4.72959 -3.86798 1.44973
4.7415 -3.75661 1.4537
4.75348 -3.64489 1.46286
4.75439 -3.5662 1.49123
4.76158 -3.45088 1.49617
4.77052 -3.33305 1.50144
4.76861 -3.25859 1.51963
4.77317 -3.1432 1.52332
4.77819 -3.0265 1.52342
4.77123 -2.91124 1.54694
4.77262 -2.83665 1.53542
4.77633 -2.72499 1.53635
4.76595 -2.61795 1.55969
4.76937 -2.54675 1.5463
4.77665 -2.43532 1.53475
4.77426 -2.32045 1.54629
4.78196 -2.2138 1.52793
4.78952 -2.14281 1.51218
4.79846 -2.03365 1.5057
4.80317 -1.93271 1.49103
4.81472 -1.86536 1.46851
4.83194 -1.76294 1.44958
4.8412 -1.65168 1.44792
4.8596 -1.58061 1.4246
4.88067 -1.47947 1.40832
4.89336 -1.3769 1.40551
4.9219 -1.27759 1.37538
4.93707 -1.20878 1.36423
4.96276 -1.11065 1.35104
4.99321 -1.00819 1.3274
5.01265 -0.939576 1.30899
5.0471 -0.844199 1.28645
5.06181 -0.781046 1.27293
5.11402 -0.655208 1.2388
5.13142 -0.598687 1.22215
5.17293 -0.505846 1.20155
5.21739 -0.408934 1.17316
5.2533 -0.338134 1.15486
5.30496 -0.250581 1.12291
5.36192 -0.171201 1.082
5.42184 -0.0921205 1.04707
5.46344 -0.0414852 1.01681
5.52907 0.0284759 0.964211
5.60122 0.102118 0.918857
5.67106 0.178364 0.8961
5.72489 0.217762 0.85097
5.79991 0.275926 0.80143
5.87489 0.337102 0.768259
5.92599 0.365686 0.730635
6.01221 0.412527 0.668549
6.10588 0.45431 0.597041
6.19635 0.480688 0.52802
6.26054 0.498213 0.470939
6.35749 0.514056 0.388974
6.44836 0.523055 0.308731
6.51251 0.522833 0.246465
6.60828 0.516505 0.164476
6.70474 0.509005 0.10173
6.76611 0.4954 0.0453042
6.8628 0.472013 -0.0309965
6.95701 0.443278 -0.0966507
7.04526 0.412601 -0.156744
7.10759 0.388378 -0.195665
7.20068 0.35398 -0.240375
7.25852 0.337146 -0.251535
7.35382 0.305446 -0.270185
7.4484 0.275398 -0.287334
7.54624 0.244875 -0.285599
7.64552 0.215226 -0.285312
7.7157 0.198159 -0.273814
7.81939 0.17561 -0.256935
7.91381 0.145748 -0.238866
7.99138 0.132727 -0.229374
8.09895 0.113432 -0.214563
8.20316 0.0948336 -0.202756
8.31753 0.0748757 -0.188425
8.40244 0.0614565 -0.187286
8.51587 0.0414421 -0.183141
8.62275 0.0368649 -0.172015
8.70184 0.025745 -0.176675
8.81594 0.00710748 -0.171897
8.93056 0.00442092 -0.150525
9.05462 -0.0110015 -0.146008
9.13563 -0.0167728 -0.133925
9.25749 -0.0257357 -0.115274
9.37603 -0.0367986 -0.114066
9.45776 -0.0381988 -0.0953251
9.57947 -0.0417292 -0.0748077
9.70038 -0.0457817 -0.0643173
9.7852 -0.0397322 -0.0382687
9.90893 -0.0347372 -0.0138706
10.0331 -0.0366396 -0.0102994
10.1527 -0.0204119 0.0287723
10.2397 -0.0176849 0.030161
10.3653 -0.0123087 0.0343687
10.4843 0.00461654 0.0626237
10.5661 0.00271975 0.0466293
10.6884 0.00167676 0.0299995
10.8115 0.012459 0.0415738
10.9367 0.00884017 0.0176495
11.0139 0.00918864 0.0144435
11.1374 0.0101004 0.0119202
11.2587 0.00538971 -0.0122044
11.3372 0.00792977 -0.00902948
11.4553 0.0068193 -0.00939946
11.5743 0.00173625 -0.0262283
11.6923 0.00140121 -0.0153687
11.773 -0.0013894 -0.0185341
11.8923 -0.00943531 -0.0335515
12.002 -0.00862484 -0.0275733
12.0779 -0.0109051 -0.0311191
12.1947 -0.0180772 -0.0406738
12.3142 -0.019341 -0.031053
12.395 -0.0236974 -0.0329857
12.5122 -0.0314002 -0.0427961
12.6241 -0.0335767 -0.0352265
12.7425 -0.0376911 -0.0377616
12.8264 -0.04949 -0.058505
12.9408 -0.0565334 -0.0590124
13.0573 -0.0586267 -0.0562996
13.1721 -0.0682657 -0.0663067
13.2526 -0.0690591 -0.0470404
13.372 -0.0714797 -0.0384698
13.4942 -0.0829967 -0.0487902
13.5765 -0.0796531 -0.0324379
13.6963 -0.0803618 -0.0241987
13.8047 -0.0913179 -0.0325889
13.9262 -0.085421 -0.00925592
14.015 -0.0868181 -0.012384
14.1363 -0.0869865 -0.00846492
14.2563 -0.0791053 0.0137144
14.3378 -0.0821992 0.00134269
14.4569 -0.0844154 -0.00501935
14.5731 -0.0670192 0.0241936
14.7008 -0.0730398 -0.00120863
14.7836 -0.0637964 0.00822262
14.9047 -0.0607996 0.0137145
15.026 -0.0693575 -0.0109158
15.1075 -0.0635381 0.00154381
15.2279 -0.0593596 0.0115456
15.3453 -0.0638148 -0.00450423
15.4237 -0.0574933 0.00781037
15.5428 -0.0519087 0.0193361
15.659 -0.0573467 0.00366822
15.7749 -0.0498697 0.0183548
15.857 -0.0467368 0.0205208
15.9733 -0.0461238 0.0161527
16.0834 -0.0414954 0.0255616
16.1617 -0.0410347 0.0245001
16.2767 -0.0412078 0.0162738
16.3869 -0.0388918 0.0222601
16.4641 -0.0410115 0.0183167
16.5767 -0.0447047 0.00328178
16.6857 -0.0489545 -0.00309893
16.7974 -0.0522084 -0.0104564
16.8727 -0.0636698 -0.0299651
16.9782 -0.0723564 -0.0439125
17.0861 -0.0752606 -0.0415835
17.1956 -0.0913524 -0.0705328
17.2623 -0.0980618 -0.079202
17.3734 -0.111123 -0.0900417
17.482 -0.126987 -0.113359
17.548 -0.136032 -0.12095
17.6477 -0.149069 -0.123116
17.7536 -0.161057 -0.125072
17.8299 -0.166704 -0.117237
17.9329 -0.169763 -0.0924
18.028 -0.154027 -0.0343008
18.129 -0.142022 0.00923227
18.1911 -0.123608 0.0653431
18.2866 -0.0845052 0.15438
18.3781 -0.0428209 0.246012
18.4684 0.00714461 0.350726
18.5156 0.0582943 0.445091
18.5759 0.13764 0.568101
18.6369 0.212494 0.704025
18.6621 0.278184 0.807176
18.6849 0.376151 0.954945
18.6943 0.479168 1.14706
18.6849 0.541935 1.25929
18.6444 0.633518 1.44623
18.6053 0.722195 1.64785
18.5303 0.795876 1.84161
18.4727 0.832951 1.98459
18.3831 0.86728 2.18122
18.2946 0.891118 2.37407
18.223 0.891385 2.51664
18.1299 0.87814 2.70577
18.0398 0.862018 2.88913
17.9878 0.836896 3.00457
17.9104 0.794591 -3.12942
17.8244 0.747879 -2.99835
17.7535 0.694305 -2.87987
17.7161 0.661993 -2.82821
17.6496 0.614697 -2.75614
17.5821 0.557642 -2.69673
17.497 0.524498 -2.67964
17.4544 0.499689 -2.67395
17.3761 0.463571 -2.68246
17.2991 0.422439 -2.69004
17.2386 0.400171 -2.71447
17.151 0.375368 -2.75166
17.0763 0.348372 -2.77652
17.0162 0.331927 -2.7953
16.9228 0.311842 -2.82992
16.8314 0.299631 -2.87877
16.7696 0.2984 -2.898
16.6761 0.289299 -2.93496
16.573 0.281834 -2.97216
16.4736 0.279062 -3.00445
16.4079 0.27956 -3.03392
16.3122 0.281786 -3.06796
16.2125 0.279592 -3.09311
16.152 0.281039 -3.1102
16.0545 0.287071 -3.13478
15.9495 0.289212 3.13395
15.8491 0.287976 3.13097
15.7854 0.291276 3.12344
15.6843 0.296095 3.11576
15.5868 0.293446 3.12242
15.4868 0.295901 3.12047
15.4087 0.302174 3.1023
15.3051 0.310917 3.08958
15.2041 0.305401 3.10371
15.1334 0.311185 3.0921
15.0283 0.319027 3.08562
14.9231 0.316572 3.10514
14.8214 0.32133 3.10125
14.7359 0.33142 3.08412
14.6279 0.335551 3.08981
14.5595 0.330956 3.10291
14.4529 0.337539 3.09631
14.3482 0.337814 3.09787
14.2287 0.341617 3.09604
14.1555 0.353554 3.07276
14.0445 0.365572 3.06205
13.9318 0.362559 3.0741
13.8146 0.374974 3.06361
13.7343 0.377007 3.07375
13.6179 0.377052 3.09472
13.5078 0.383292 3.09658
13.431 0.379044 3.12121
13.3135 0.36587 -3.12294
13.1923 0.358222 -3.10248
13.0694 0.344503 -3.07073
12.9881 0.336949 -3.05883
12.8702 0.326013 -3.05608
12.7491 0.313601 -3.04454
12.6695 0.302427 -3.03622
12.5521 0.290363 -3.03716
12.4196 0.281635 -3.0394
12.3362 0.274396 -3.04278
12.2165 0.267168 -3.05451
12.0986 0.25727 -3.05545
11.9773 0.252276 -3.06706
11.8904 0.252186 -3.08234
11.7676 0.251133 -3.09868
11.6559 0.248936 -3.12175
11.5801 0.255959 3.13413
11.4612 0.261147 3.12343
11.3354 0.263425 3.10777
11.2148 0.278358 3.08604
11.1394 0.280649 3.09254
11.0261 0.291695 3.0773
10.9073 0.316413 3.0382
10.8295 0.317937 3.05353
10.7147 0.331201 3.04491
10.5965 0.358427 3.00944
10.4836 0.363846 3.0252
10.405 0.37666 3.00755
10.2905 0.39629 2.99735
10.1773 0.397161 3.02402
10.1015 0.410502 3.01957
9.98422 0.42323 3.02401
9.86731 0.423796 3.05485
9.75168 0.434554 3.05888
9.67072 0.441123 3.06529
9.5536 0.442302 3.08649
9.43751 0.443759 3.09671
9.35999 0.452132 3.0967
9.24604 0.454309 3.10437
9.12403 0.458864 3.10129
9.00383 0.464866 3.09303
8.92359 0.456978 3.119
8.80923 0.45928 3.11921
8.69121 0.470166 3.10387
8.61372 0.467578 3.11395
8.49873 0.471256 3.11229
8.38605 0.479995 3.10129
8.31078 0.479022 3.11187
8.19808 0.482678 3.11074
8.08503 0.491663 3.09636
7.9724 0.489168 3.10668
7.89798 0.495662 3.09462
7.78605 0.504135 3.08648
7.67269 0.500826 3.10269
7.59872 0.503761 3.10227
7.4881 0.50835 3.1015
7.37164 0.506109 3.11472
7.25658 0.507087 3.11585
7.18248 0.51826 3.09047
7.07047 0.525963 3.08594
6.9553 0.522333 3.0948
6.88017 0.530145 3.08054
6.76437 0.538768 3.07716
6.64892 0.540642 3.08247
6.57696 0.548778 3.0649
6.4643 0.556746 3.06704
6.34634 0.552037 3.08732
6.22858 0.559793 3.08154
6.14733 0.561041 3.08895
6.03135 0.565941 3.09204
5.91331 0.583563 3.05898
5.83582 0.58846 3.06187
5.71909 0.600446 3.055
5.59712 0.623913 3.02419
5.51791 0.632221 3.02429
5.39945 0.646433 3.02367
5.284 0.673379 2.99663
5.16499 0.683148 3.00839
5.07954 0.685186 3.0268
4.95615 0.697056 3.03268
4.83113 0.706908 3.0489
4.75354 0.71175 3.05342
4.6324 0.719943 3.05993
4.54866 0.717674 3.08288
4.38465 0.717742 3.10558
4.30153 0.723865 3.10805
4.17817 0.718515 3.13212
4.0595 0.719312 3.13323
3.96951 0.716719 -3.13653
3.84811 0.709186 -3.1191
3.72035 0.708658 -3.12494
3.59269 0.704546 -3.12143
3.51507 0.703539 -3.12486
3.39444 0.709111 3.13711
3.26952 0.715367 3.12067
3.18626 0.721267 3.10623
3.06638 0.740339 3.06772
2.94848 0.758171 3.03637
2.86703 0.779594 3.00178
2.75306 0.8179 2.94421
2.64325 0.855241 2.9
2.53644 0.902024 2.84061
2.46957 0.952084 2.77435
2.37242 1.01423 2.71365
2.277 1.06841 2.66378
2.22632 1.11396 2.61936
2.14606 1.18382 2.56329
2.05922 1.2583 2.50663
1.97734 1.33252 2.46911
1.93508 1.38271 2.45059
1.86474 1.45245 2.42413
1.79561 1.51404 2.4315
1.75208 1.55146 2.44451
1.68058 1.59659 2.4797
1.5972 1.63806 2.54963
1.50548 1.65715 2.66252
1.44665 1.65728 2.74543
1.36282 1.64478 2.88788
1.28492 1.6217 3.05096
1.23413 1.59107 -3.12783
1.17023 1.53457 -2.97425
1.10279 1.48664 -2.81033
1.06462 1.44359 -2.71088
1.02045 1.36705 -2.57637
0.976897 1.30369 -2.44701
0.936688 1.24208 -2.36783
0.898604 1.20357 -2.34587
0.852879 1.14774 -2.32889
0.788829 1.09678 -2.34393
0.755179 1.06412 -2.36129
0.695296 1.02821 -2.40814
0.643722 0.990594 -2.46679
0.577094 0.950714 -2.52908
0.534947 0.927532 -2.56497
0.473916 0.910083 -2.61906
0.415731 0.88991 -2.6747
0.366626 0.881603 -2.71687
0.309291 0.87759 -2.77681
0.256387 0.86823 -2.81358
0.209286 0.874886 -2.85542
0.167186 0.87364 -2.88036
0.120974 0.873989 -2.91919
0.0884882 0.88288 -2.95274
0.0699768 0.887733 -2.96801
0.0434198 0.88999 -2.98977
0.0270055 0.894943 -3.00538
0.0105435 0.899515 -3.01943
0.00745763 0.903342 -3.02614
0.00161961 0.90396 -3.03027
0.00221007 0.905346 -3.03621
0.00327366 0.90519 -3.03879
0.0057028 0.904413 -3.03549
0.00641682 0.903459 -3.03474
0.00828243 0.902834 -3.03312
0.00708056 0.902162 -3.03445
0.00908729 0.901915 -3.03301
0.00947838 0.901037 -3.0327
0.0071497 0.900103 -3.03343
0.0061381 0.899984 -3.0334
0.00563522 0.9022 -3.0381
0.00446705 0.902308 -3.03912
0.00465156 0.902486 -3.03964
0.0104337 0.903626 -3.04136
0.0174489 0.904774 -3.04278
0.0185396 0.908225 -3.05364
0.0193205 0.914514 -3.07381
0.0243213 0.922261 -3.09799
0.0237321 0.926943 -3.11335
0.0241003 0.931602 -3.12831
0.0248897 0.933226 -3.13349
0.0230009 0.931064 -3.12667
0.0200616 0.928871 -3.11989
0.0207394 0.929551 -3.122
0.0207913 0.929943 -3.12325
0.0210073 0.929562 -3.12201
0.0211886 0.92958 -3.12207
0.0215806 0.92964 -3.12225
0.0212686 0.929571 -3.12204
0.0212421 0.929669 -3.12234
0.0211167 0.929609 -3.12217
0.0212814 0.929624 -3.12219
0.0213025 0.929688 -3.1224
0.0213994 0.929672 -3.12233
0.0213997 0.929672 -3.12233
0.0212843 0.929675 -3.12236
0.0214215 0.929666 -3.12233
0.021369 0.929668 -3.12233
0.0213164 0.92967 -3.12233
0.0214995 0.929708 -3.12246
0.0214772 0.929715 -3.12246
0.0215571 0.929676 -3.12233
0.0215312 0.929703 -3.12244
0.0215943 0.929702 -3.12243
0.0215887 0.929671 -3.12234
0.0216671 0.929703 -3.12243
0.021703 0.929678 -3.12234
0.0216009 0.929723 -3.12248
0.0217404 0.929704 -3.12242
0.0219171 0.929711 -3.12244
0.0219933 0.929692 -3.12237
0.0219952 0.929683 -3.12233
0.0219792 0.929721 -3.12245
0.0220485 0.929741 -3.12254
0.0220258 0.929758 -3.12259
