0.0607288 -0.000537447 -0.0176994 3763371 3874229
0.12861775 -0.0024404357 -0.038347723 3765248 3875868
0.19572274 -0.0056741587 -0.057955806 3767100 3877494
0.26295707 -0.010020303 -0.071148038 3768920 3879162
0.33182815 -0.01507619 -0.075410829 3770732 3880925
0.40332063 -0.020294425 -0.070310741 3772558 3882810
0.47635157 -0.024789696 -0.052640073 3774350 3884806
0.55041395 -0.027634047 -0.02413179 3776104 3886889
0.62704118 -0.027799709 0.019807959 3777834 3889126
0.70586343 -0.02417617 0.072069387 3779575 3891470
0.785678 -0.016316558 0.12424447 3781350 3893847
0.88811071 -0.00021891402 0.18751244 3783669 3896896
0.96919174 0.017618642 0.24558182 3785483 3899380
1.049208 0.040113382 0.30252514 3787306 3901860
1.1262197 0.066294253 0.35287938 3789121 3904256
1.2007941 0.09616705 0.40912869 3790876 3906660
1.2755847 0.13144292 0.47231386 3792652 3909165
1.3490192 0.1720001 0.53688595 3794451 3911709
1.4171689 0.21533643 0.59591059 3796201 3914140
1.4845061 0.26389582 0.65363318 3798017 3916622
1.5485452 0.31532257 0.69956561 3799878 3919013
1.6095651 0.36878695 0.73942973 3801748 3921343
1.6682181 0.42416361 0.77391824 3803637 3923630
1.7251269 0.48105745 0.79661578 3805589 3925844
1.7812664 0.53881951 0.80266755 3807639 3927964
1.8388266 0.59843279 0.80317016 3809781 3930112
1.8957948 0.6571146 0.79725714 3811932 3932195
1.9524058 0.71376173 0.77417842 3814138 3934135
2.0128845 0.77083538 0.73870133 3816495 3936083
2.0763915 0.82638554 0.69862897 3818910 3938036
2.1437782 0.88030856 0.65110018 3821418 3939996
2.2145373 0.93119189 0.59576901 3823993 3941933
2.2864356 0.97702291 0.53922335 3826526 3943814
2.3626819 1.0194809 0.4769564 3829144 3945714
2.4451732 1.0584925 0.40653842 3831912 3947670
2.5297517 1.0913297 0.33412649 3834678 3949601
2.6183002 1.1179658 0.25027008 3837555 3951511
2.7104255 1.1371001 0.15930338 3840515 3953422
2.7999563 1.1479723 0.0823833 3843293 3955313
2.8952836 1.152249 0.0072827562 3846196 3957350
2.9894868 1.1494499 -0.066690373 3849062 3959363
3.076241 1.1408943 -0.12991152 3851683 3961255
3.1655221 1.126593 -0.1877576 3854357 3963262
3.2527645 1.1079935 -0.2323392 3856923 3965314
3.3338096 1.0875543 -0.26174769 3859256 3967308
3.4180112 1.0640312 -0.28309385 3861642 3969448
3.5012129 1.0390696 -0.29984488 3863987 3971600
3.5831046 1.01333 -0.30922641 3866263 3973768
3.6625865 0.98772775 -0.31401246 3868452 3975902
3.7396233 0.96235016 -0.32243935 3870600 3977953
3.819745 0.93517088 -0.33164734 3872843 3980090
3.9034567 0.90596039 -0.33981575 3875185 3982338
3.9812463 0.87807877 -0.34850321 3877374 3984427
4.0601257 0.84851321 -0.36872162 3879671 3986491
4.1387883 0.81720888 -0.38876658 3881978 3988567
4.2141302 0.78558919 -0.40595008 3884192 3990583
4.2930772 0.75057511 -0.42894332 3886560 3992686
4.3714206 0.71359234 -0.45315039 3888942 3994789
4.4486923 0.67506504 -0.47189543 3891285 3996916
4.5239041 0.63623474 -0.48127675 3893530 3999053
4.5977915 0.59699685 -0.4950796 3895775 4001139
4.6707352 0.55682791 -0.51165651 3898026 4003199
4.7442674 0.51494286 -0.52389888 3900287 4005319
4.8178808 0.4716551 -0.53926267 3902586 4007441
4.8911802 0.42649811 -0.56503008 3904963 4009521
4.9631203 0.37980582 -0.58637583 3907306 4011618
5.0334857 0.33251708 -0.59705764 3909562 4013751
5.103823 0.28415764 -0.60756608 3911832 4015900
5.1742394 0.2345228 -0.62041571 3914136 4018056
5.2445459 0.18386978 -0.62823688 3916424 4020254
5.3155364 0.13192295 -0.63519155 3918741 4022491
5.3854707 0.079203944 -0.65671093 3921132 4024634
5.4539018 0.024360307 -0.69452978 3923620 4026686
5.5414946 -0.053700659 -0.76131272 3927042 4029338
5.6031709 -0.1171266 -0.83745232 3929771 4031189
5.6581182 -0.18408165 -0.9297173 3932545 4032899
5.7050846 -0.25443073 -1.0345519 3935339 4034484
5.7432937 -0.32848633 -1.154386 3938187 4035950
5.7726023 -0.4080405 -1.2812441 3941113 4037413
5.7907826 -0.4880969 -1.4137345 3944002 4038774
5.797684 -0.56745993 -1.5543767 3946875 4040025
5.7933382 -0.64441073 -1.7000454 3949710 4041180
5.7791408 -0.71412237 -1.8433706 3952378 4042195
5.7531615 -0.78469313 -2.0036926 3955249 4043217
5.7195257 -0.84524736 -2.1519588 3957897 4044155
5.6778122 -0.89931083 -2.303956 3960541 4045046
5.6301163 -0.94476888 -2.45647 3963126 4045872
5.5742569 -0.98340341 -2.6165301 3965807 4046707
5.5166944 -1.010968 -2.7734652 3968364 4047454
5.4551507 -1.029003 -2.9395918 3970982 4048156
5.3927615 -1.0366562 -3.0994759 3973531 4048861
5.3306961 -1.0344664 3.0289391 3976031 4049576
5.2676158 -1.0223776 2.8755572 3978578 4050354
5.2083674 -1.001737 2.7371743 3981000 4051180
5.1482867 -0.97162881 2.6169105 3983433 4052226
5.0906134 -0.93453229 2.5230892 3985749 4053460
5.0341087 -0.89159425 2.4604789 3987947 4054936
4.9792687 -0.84582216 2.4316801 3989962 4056619
4.9249415 -0.79929335 2.4350462 3991794 4058490
4.8670565 -0.75042067 2.4457806 3993693 4060513
4.8060522 -0.70073822 2.470473 3995587 4062692
4.7437183 -0.65248296 2.4951651 3997485 4064875
4.6796527 -0.60504408 2.5132679 3999444 4067043
4.6136992 -0.55763378 2.5233943 4001488 4069204
4.5473824 -0.51053376 2.5246774 4003586 4071317
4.4769176 -0.46013582 2.5167696 4005874 4073514
4.4093265 -0.41057636 2.5010595 4008134 4075593
4.3407525 -0.35810838 2.4758989 4010514 4077683
4.2727437 -0.30326239 2.4499575 4012925 4079795
4.2071581 -0.24760973 2.4259239 4015290 4081883
4.1445827 -0.19190908 2.4025845 4017593 4083917
4.0791163 -0.13103392 2.3824517 4020023 4086115
4.0161772 -0.070689787 2.3720295 4022340 4088312
3.9549132 -0.010672239 2.3609141 4024624 4090468
3.8949711 0.049746366 2.3435563 4026927 4092571
3.8359276 0.11149623 2.3240313 4029251 4094670
3.7750811 0.17738415 2.3088402 4031660 4096904
3.7170387 0.24281422 2.284026 4034067 4099025
3.66095 0.30977554 2.2521027 4036512 4101102
3.6067407 0.37861181 2.2236473 4038944 4103206
3.5553419 0.44789472 2.1944985 4041345 4105271
3.5046409 0.52128806 2.1561591 4043875 4107359
3.4570277 0.59726992 2.1049879 4046491 4109385
3.4020663 0.69741669 2.0404605 4049820 4111970
3.364043 0.77770324 1.9857358 4052435 4113954
3.3325711 0.85550988 1.9245955 4054960 4115774
3.3070219 0.93157327 1.8651043 4057380 4117508
3.2855407 1.0119689 1.7986755 4059917 4119279
3.2696313 1.0932548 1.7294737 4062460 4121024
3.2595814 1.1738369 1.6602716 4064961 4122727
3.255534 1.2536465 1.5826601 4067477 4124348
3.2576129 1.3300536 1.5045292 4069906 4125876
3.2656324 1.4083399 1.4328994 4072356 4127500
3.2790266 1.485494 1.3649124 4074775 4129135
3.2976579 1.5611565 1.2938036 4077202 4130742
3.3208333 1.6336489 1.2289375 4079546 4132338
3.3482753 1.7051534 1.1797636 4081812 4134037
3.3789366 1.7758864 1.1437673 4084015 4135825
3.4149091 1.8520569 1.1153996 4086359 4137842
3.4515531 1.9251953 1.0972624 4088581 4139855
3.4898637 1.9983487 1.0794717 4090821 4141890
3.5309101 2.073367 1.0608135 4093142 4143996
3.5733163 2.1477363 1.0443227 4095453 4146117
3.6182818 2.2234766 1.0257507 4097840 4148290
3.6659906 2.3000797 1.0018032 4100314 4150488
3.7152665 2.3755237 0.98262386 4102757 4152710
3.7649316 2.4491804 0.97246126 4105115 4154951
3.8147298 2.5212719 0.96013159 4107454 4157148
3.8646872 2.5917658 0.94840917 4109758 4159317
3.918917 2.6668755 0.94249407 4112190 4161681
3.971207 2.7387163 0.94074117 4114500 4163971
4.0244371 2.810921 0.93031838 4116882 4166233
4.0790502 2.8832507 0.91781473 4119300 4168507
4.1327901 2.9530398 0.91138034 4121617 4170750
4.1898808 3.0256551 0.89766242 4124087 4173062
4.2476929 3.0965545 0.8757952 4126581 4175304
4.3068304 3.1662244 0.85817633 4129048 4177568
4.3660414 3.2338943 0.84575947 4131447 4179824
4.4258773 3.3002872 0.82883434 4133858 4182040
4.4841572 3.363339 0.82057994 4136128 4184215
4.5454855 3.4291749 0.82108102 4138454 4186547
4.6049523 3.4929159 0.8190685 4140722 4188792
4.6650397 3.556818 0.81324114 4143026 4191029
4.7251269 3.6202421 0.81157536 4145297 4193281
4.7834937 3.6817304 0.81129728 4147493 4195474
4.8439445 3.7449163 0.80373594 4149800 4197694
4.9047957 3.8074731 0.79470095 4152111 4199901
4.9660647 3.8699729 0.79598287 4154369 4202174
5.0273875 3.932797 0.79899865 4156624 4204464
5.0884054 3.9950306 0.7915241 4158923 4206677
5.1498765 4.0570053 0.78743084 4161206 4208913
5.2114009 4.1187899 0.78758574 4163462 4211171
5.2727889 4.1802218 0.78392591 4165731 4213398
5.3337975 4.240389 0.77298391 4168012 4215553
5.3949232 4.2999422 0.77175206 4170228 4217755
5.4538791 4.3573743 0.77286166 4172352 4219892
5.514098 4.4157809 0.7673819 4174555 4222032
5.5749933 4.474098 0.7601681 4176779 4224173
5.6343792 4.5306674 0.76205806 4178891 4226307
5.6928666 4.5869182 0.76975695 4180947 4228452
5.7508193 4.6433338 0.77416149 4183015 4230571
5.8072229 4.6990646 0.78463501 4185007 4232684
5.8655704 4.7587744 0.80923948 4187026 4234987
5.9206401 4.8182444 0.83835301 4188956 4237253
5.9741217 4.8792741 0.86408503 4190908 4239502
6.0272025 4.9429575 0.88782242 4192917 4241785
6.0777691 5.0068437 0.9146817 4194871 4244049
6.1277497 5.0733992 0.93867911 4196887 4246342
6.1763583 5.140893 0.95461387 4198948 4248587
6.2243732 5.2100132 0.97271587 4201022 4250870
6.2703086 5.2793539 0.99870757 4203025 4253173
6.3148265 5.350299 1.0220984 4205058 4255476
6.3573211 5.4213943 1.0420212 4207087 4257735
6.3998846 5.4960958 1.0637641 4209187 4260086
6.4394093 5.5691934 1.0864615 4211207 4262368
6.4767615 5.6419288 1.1062979 4213209 4264599
6.5129492 5.7160242 1.1266542 4215226 4266851
6.5473516 5.7901577 1.1459705 4217230 4269078
6.5806175 5.8654851 1.1638996 4219258 4271313
6.6121987 5.9403599 1.1794012 4221272 4273506
6.6431002 6.0164785 1.1909146 4223332 4275699
6.6736698 6.0931065 1.1915039 4225464 4277838
6.7036128 6.1673828 1.1836842 4227582 4279866
6.7344263 6.2414704 1.1696221 4229740 4281862
6.7671679 6.3164589 1.1486236 4231979 4283859
6.801114 6.3895908 1.1238109 4234209 4285803
6.8361908 6.4602506 1.0962245 4236410 4287686
6.8733589 6.5294396 1.059448 4238655 4289507
6.91332 6.5970101 1.0140012 4240949 4291277
6.9578457 6.6644346 0.96031861 4243350 4293059
7.0058915 6.7285801 0.89553834 4245798 4294760
7.0578424 6.7885111 0.81766688 4248300 4296364
7.1139083 6.8432663 0.72947773 4250837 4297884
7.1741119 6.8924935 0.64137709 4253358 4299389
7.2387481 6.9360842 0.54529937 4255930 4300853
7.3076359 6.9731221 0.44133109 4258554 4302278
7.3783336 7.0021252 0.33727849 4261132 4303656
7.4529727 7.0237568 0.22689568 4263780 4305031
7.5283653 7.0366927 0.11295753 4266417 4306354
7.6015542 7.0411578 0.0089055815 4268915 4307652
7.6760416 7.0378079 -0.098790003 4271466 4308961
7.7489643 7.0264054 -0.21142637 4274026 4310222
7.8173375 7.0077505 -0.32128729 4276494 4311423
7.8804461 6.982754 -0.43296886 4278895 4312536
7.9401001 6.950694 -0.55331836 4281342 4313595
7.9927732 6.9135711 -0.67453558 4283709 4314564
8.0400497 6.8705234 -0.80268983 4286103 4315480
8.0804476 6.8225444 -0.93925239 4288514 4316316
8.1120027 6.77147 -1.0954931 4290969 4316969
8.1341398 6.7183744 -1.2560697 4293384 4317532
8.1468238 6.6650401 -1.4185547 4295740 4318014
8.1505491 6.6084675 -1.5915288 4298205 4318484
8.1449871 6.5549388 -1.757133 4300553 4318922
8.1309844 6.5035566 -1.9165801 4302851 4319381
8.1088981 6.4546925 -2.0740347 4305147 4319861
8.0788321 6.4087124 -2.2257687 4307444 4320408
8.0438225 6.3687609 -2.3549585 4309564 4321038
8.0019366 6.331128 -2.4642972 4311652 4321865
7.9563232 6.2971999 -2.5398223 4313559 4322901
7.9063753 6.2642397 -2.5767683 4315321 4324237
7.8545522 6.2316611 -2.5839772 4316947 4325780
7.8037334 6.1997332 -2.577314 4318462 4327372
7.752542 6.1668808 -2.5647559 4319964 4329019
7.7012626 6.1329947 -2.5505505 4321473 4330692
7.6491319 6.0973626 -2.5334844 4323009 4332425
7.5975948 6.0608104 -2.5158981 4324543 4334162
7.5485315 6.024791 -2.5007389 4326031 4335825
7.4998547 5.9879932 -2.4878338 4327536 4337479
7.4496575 5.9490527 -2.4757964 4329111 4339193
7.4011952 5.910436 -2.4617645 4330634 4340878
7.3524584 5.8703777 -2.4454786 4332173 4342605
7.3051539 5.8301422 -2.4280656 4333680 4344313
7.2585174 5.7890758 -2.4111727 4335191 4346019
7.2117568 5.7464688 -2.3941066 4336730 4347755
7.1648858 5.7022471 -2.3764338 4338296 4349525
7.1178808 5.656326 -2.3592817 4339898 4351325
7.0716197 5.6097081 -2.3454238 4341518 4353105
7.0263844 5.5627367 -2.3293118 4343113 4354886
6.9823052 5.5154151 -2.3121594 4344688 4356659
6.9372203 5.4652699 -2.2940539 4346329 4358509
6.8937421 5.4152766 -2.2791559 4347958 4360310
6.8515004 5.3651916 -2.2637377 4349565 4362095
6.8104633 5.3148596 -2.2458917 4351143 4363879
6.7699869 5.2633612 -2.2279592 4352735 4365678
6.7292837 5.20984 -2.214015 4354395 4367499
6.6921678 5.1599055 -2.2059654 4355959 4369156
6.650042 5.1026488 -2.2042465 4357789 4371006
6.610865 5.0492418 -2.2031335 4359497 4372727
6.5709869 4.9949597 -2.2056621 4361255 4374456
6.5304943 4.9404839 -2.2143462 4363062 4376163
6.4874043 4.8839005 -2.2289265 4364987 4377920
6.4453668 4.8301892 -2.2408186 4366821 4379617
6.4026001 4.7765372 -2.2467286 4368631 4381359
6.3572852 4.7204721 -2.2543733 4370541 4383181
6.3110682 4.6643951 -2.2658328 4372488 4384996
6.264638 4.6095019 -2.2798932 4374430 4386776
6.2159298 4.553305 -2.2899659 4376413 4388643
6.1651021 4.4958576 -2.3002993 4378458 4390569
6.1129393 4.4384407 -2.316268 4380558 4392485
6.0425353 4.3639284 -2.3394382 4383345 4395005
5.9871861 4.3076094 -2.3555806 4385482 4396956
5.928301 4.2497719 -2.3747583 4387729 4398982
5.867611 4.1923315 -2.3926358 4389995 4401042
5.8073927 4.1371051 -2.406178 4392188 4403079
5.7427524 4.0791629 -2.4153864 4394488 4405273
5.6785717 4.0222739 -2.4173119 4396719 4407482
5.6111305 3.962424 -2.4142098 4399035 4409834
5.5451675 3.9033543 -2.4083331 4401293 4412160
5.4784979 3.8427895 -2.3999426 4403576 4414540
5.408366 3.7779407 -2.3906862 4405995 4417066
5.3417293 3.715235 -2.3824693 4408316 4419482
5.2760734 3.6523672 -2.3732987 4410616 4421888
5.2066498 3.5846134 -2.3634357 4413070 4424456
5.1424417 3.520812 -2.3553052 4415366 4426846
5.0787334 3.4561055 -2.3415394 4417637 4429276
5.0139606 3.3881277 -2.3225725 4419958 4431816
4.9507257 3.3191619 -2.303172 4422268 4434350
4.8890582 3.2489967 -2.2804769 4424555 4436899
4.8290491 3.1771058 -2.2522334 4426816 4439486
4.7704701 3.1032061 -2.2298855 4429128 4442056
4.7139906 3.0288969 -2.2115252 4431438 4444578
4.6593418 2.9538062 -2.1883101 4433708 4447116
4.6057573 2.8768657 -2.16995 4436029 4449649
4.5529976 2.7992405 -2.1655483 4438433 4452104
4.5007892 2.7217308 -2.16158 4440829 4454546
4.4493233 2.6447951 -2.1591721 4443211 4456956
4.3968717 2.5665655 -2.1637004 4445675 4459368
4.3450973 2.4902323 -2.1698755 4448098 4461720
4.2931821 2.4136447 -2.1631327 4450454 4464154
4.2412772 2.3362114 -2.1595112 4452846 4466588
4.1891084 2.2582563 -2.1616118 4455286 4469004
4.137073 2.1804455 -2.1588573 4457693 4471443
4.0848372 2.1017712 -2.154976 4460115 4473910
4.0325737 2.0235087 -2.1641859 4462604 4476293
3.9782661 1.943502 -2.1701019 4465141 4478762
3.923414 1.863468 -2.173157 4467670 4481256
3.8686992 1.7848206 -2.1841011 4470213 4483673
3.8103332 1.7036677 -2.2044963 4472918 4486143
3.752991 1.6267688 -2.2185617 4475482 4488545
3.6918104 1.5475209 -2.2379165 4478185 4491025
3.6315442 1.4725182 -2.2574441 4480788 4493403
3.5698668 1.3982216 -2.2698622 4483359 4495831
3.5055114 1.3226424 -2.2824545 4486001 4498328
3.4385165 1.2462026 -2.2984285 4488724 4500867
3.3729147 1.173462 -2.3108471 4491331 4503331
3.3025732 1.0973078 -2.3222264 4494080 4505949
3.2323453 1.0231074 -2.3351661 4496799 4508519
3.1626271 0.95104196 -2.3441172 4499446 4511063
3.0897662 0.87672416 -2.3484741 4502165 4513732
3.0179899 0.80421072 -2.3536977 4504836 4516343
2.9458148 0.73179528 -2.3553666 4507492 4518980
2.873131 0.65871437 -2.3515737 4510138 4521670
2.8014713 0.58584326 -2.3440526 4512740 4524359
2.7313649 0.5129985 -2.3300291 4515276 4527057
2.640782 0.41480704 -2.3017938 4518571 4530678
2.5739873 0.33904162 -2.2849091 4521088 4533390
2.5092778 0.26305399 -2.267504 4523571 4536074
2.4456576 0.18560131 -2.2494056 4526061 4538773
2.3831737 0.10762459 -2.2432712 4528612 4541395
2.3232362 0.031621085 -2.2338416 4531063 4543955
2.2630583 -0.046471478 -2.220858 4533540 4546582
2.2031481 -0.12595928 -2.2124694 4536068 4549207
2.1440923 -0.20550858 -2.2063348 4538597 4551807
2.0852725 -0.2859981 -2.1974261 4541126 4554439
2.0262378 -0.3678831 -2.1934594 4543716 4557075
1.9691838 -0.44750355 -2.1916596 4546241 4559621
1.9106764 -0.52990833 -2.1847452 4548817 4562277
1.851918 -0.61331982 -2.1842467 4551455 4564921
1.7928419 -0.69645691 -2.192938 4554145 4567511
1.7346052 -0.77698847 -2.2008486 4556763 4570038
1.6738592 -0.8590601 -2.2150889 4559488 4572599
1.613387 -0.93792696 -2.2347903 4562174 4575058
1.5527227 -1.0144395 -2.2475556 4564775 4577512
1.4899537 -1.0919127 -2.2558996 4567404 4580045
1.4278882 -1.1672441 -2.2639832 4569977 4582525
1.3671016 -1.240598 -2.2615759 4572429 4585005
1.3074366 -1.3136011 -2.2504118 4574805 4587510
1.2478662 -1.3881191 -2.2399417 4577214 4590040
1.1905829 -1.4614921 -2.2273901 4579551 4592522
1.1358244 -1.5337357 -2.2113703 4581805 4594961
1.0808905 -1.6081387 -2.2022 4584146 4597408
1.026551 -1.6825001 -2.2015259 4586526 4599796
0.97290874 -1.7561519 -2.199031 4588870 4602169
0.9189399 -1.8306148 -2.1968831 4591238 4604562
0.86432566 -1.9059719 -2.1989836 4593659 4606959
0.80991801 -1.9808085 -2.1998702 4596059 4609349
0.7558117 -2.0556975 -2.1930407 4598411 4611780
0.7016966 -2.1311039 -2.1934938 4600816 4614180
0.64652857 -2.2074909 -2.1990625 4603287 4616587
0.59170068 -2.2826667 -2.2028102 4605717 4618974
0.53551796 -2.3589581 -2.2082923 4608201 4621395
0.45989539 -2.458678 -2.2309471 4611571 4624504
0.40251324 -2.5316773 -2.2430176 4614044 4626838
0.342728 -2.6059252 -2.2543953 4616577 4629240
0.2831691 -2.6775393 -2.2747025 4619105 4631534
0.22139447 -2.7490975 -2.2911951 4621647 4633886
0.15852954 -2.8197761 -2.3043064 4624171 4636259
0.096788536 -2.8872556 -2.3193245 4626625 4638540
0.03674068 -2.9510093 -2.3332147 4628972 4640727
-0.02626972 -3.0165835 -2.3393029 4631361 4643046
-0.089634861 -3.0814914 -2.3490323 4633765 4645338
-0.15199135 -3.1437021 -2.3656969 4636141 4647522
-0.21306572 -3.2023351 -2.387476 4638458 4649588
-0.27336318 -3.2573607 -2.416277 4640737 4651535
-0.33610324 -3.3108733 -2.4545283 4643092 4653449
-0.39668282 -3.3581135 -2.504049 4645366 4655152
-0.45612922 -3.3994366 -2.5642327 4647587 4656679
-0.51732677 -3.4360937 -2.639589 4649868 4658091
-0.57819619 -3.4662639 -2.7232668 4652109 4659367
-0.63779321 -3.4897387 -2.8094582 4654264 4660528
-0.69788576 -3.5071583 -2.9094341 4656460 4661571
-0.75603213 -3.517565 -3.0195529 4658624 4662465
-0.81096753 -3.5211545 -3.1331388 4660704 4663235
-0.86192156 -3.5186519 3.0349877 4662688 4663892
-0.90862529 -3.5107689 2.9137752 4664613 4664419
-0.95347917 -3.4973296 2.7871865 4666555 4664901
-0.99356868 -3.4793747 2.6538359 4668461 4665269
-1.0285699 -3.4576719 2.5192721 4670303 4665559
-1.0591256 -3.4323911 2.3814995 4672124 4665791
-1.0852883 -3.403728 2.23974 4673946 4665978
-1.1062998 -3.3728848 2.0978962 4675730 4666126
-1.1225924 -3.3396088 1.9543154 4677517 4666257
-1.1333633 -3.3065081 1.8164598 4679213 4666363
-1.1394833 -3.2718682 1.6748748 4680940 4666457
-1.1406042 -3.2368832 1.5307742 4682677 4666532
-1.1368826 -3.2036335 1.3878891 4684367 4666574
-1.1286629 -3.1720393 1.2446575 4686038 4666593
-1.116875 -3.1436144 1.1107028 4687607 4666617
-1.101457 -3.1171172 0.97692157 4689172 4666639
-1.0827115 -3.0929825 0.84392189 4690730 4666663
-1.0607812 -3.0713131 0.714909 4692272 4666717
-1.0370668 -3.0530976 0.59508626 4693737 4666800
-1.0111037 -3.0375732 0.48271947 4695168 4666935
-0.98245678 -3.0243206 0.38387726 4696555 4667182
-0.95123471 -3.0132441 0.29795208 4697908 4667544
-0.91779935 -3.0041359 0.23396235 4699174 4668072
-0.87867439 -2.9955185 0.19962151 4700409 4668911
-0.8370581 -2.9871103 0.19909256 4701511 4670007
-0.79364245 -2.9777754 0.22448576 4702514 4671303
-0.74771776 -2.9662728 0.26635037 4703498 4672770
-0.70053272 -2.9520733 0.31827191 4704474 4674345
-0.65184796 -2.9344192 0.37747613 4705473 4676027
-0.60300289 -2.9132988 0.43876019 4706497 4677758
-0.55344879 -2.8881886 0.49926346 4707586 4679545
-0.50647185 -2.8608065 0.55621242 4708665 4681281
-0.46124524 -2.8307954 0.61550226 4709728 4683028
-0.41744065 -2.7976773 0.6792129 4710782 4684817
-0.37575053 -2.7617249 0.74405177 4711833 4686616
-0.33628258 -2.7231533 0.80377481 4712917 4688389
-0.29914894 -2.6824869 0.85777536 4714031 4690126
-0.26253802 -2.6376677 0.91394381 4715205 4691948
-0.2279201 -2.5900697 0.97002428 4716405 4693795
-0.19611484 -2.5408913 1.0234182 4717613 4695619
-0.16729093 -2.4908653 1.072737 4718823 4697398
-0.14081918 -2.4395339 1.1165938 4720065 4699146
-0.11570581 -2.3854726 1.1552483 4721385 4700912
-0.092384743 -2.3302785 1.1867935 4722754 4702645
-0.070840485 -2.2753 1.2078483 4724161 4704295
-0.051274986 -2.2228315 1.2198874 4725541 4705814
-0.031805387 -2.1691341 1.2260309 4726984 4707328
-0.013320744 -2.1172372 1.2312211 4728380 4708784
0.0048399224 -2.0654723 1.2355443 4729775 4710229
0.022340362 -2.0150318 1.2381339 4731142 4711626
0.038934613 -1.9669763 1.2384699 4732456 4712944
0.055038878 -1.9202429 1.2394131 4733730 4714229
0.075348746 -1.8603311 1.248503 4735315 4715919
0.089196971 -1.8181574 1.2585506 4736406 4717126
0.10205085 -1.7775515 1.2698989 4737443 4718294
0.11358549 -1.7398922 1.2772599 4738420 4719356
0.12440721 -1.7038542 1.2808932 4739373 4720351
0.1344696 -1.6700482 1.2820995 4740279 4721271
0.14370178 -1.6389583 1.2821793 4741118 4722111
0.15216194 -1.6104598 1.2822597 4741887 4722881
0.15996676 -1.5841443 1.2826873 4742595 4723594
0.16705684 -1.5601554 1.2841559 4743234 4724250
0.17356228 -1.5379681 1.287012 4743816 4724865
0.17952813 -1.5173738 1.2906488 4744350 4725441
0.18494468 -1.4984304 1.2939391 4744841 4725970
0.19007552 -1.4802693 1.2969695 4745312 4726476
0.1945882 -1.4641416 1.29896 4745734 4726921
0.19865792 -1.4494944 1.3006041 4746118 4727324
0.20237568 -1.4360327 1.302075 4746471 4727694
0.20568907 -1.4239824 1.3028526 4746790 4728022
0.20861057 -1.4133268 1.3035438 4747072 4728312
0.21115401 -1.4040296 1.3039753 4747319 4728564
0.21334879 -1.3959987 1.3040602 4747534 4728780
0.21508526 -1.3896449 1.3039721 4747705 4728950
0.21656711 -1.3842228 1.3040576 4747850 4729096
0.21765177 -1.3802539 1.3039701 4747957 4729202
0.21837477 -1.377608 1.3041429 4748027 4729274
0.21875119 -1.3762291 1.3044894 4748062 4729313
0.21887331 -1.3757819 1.3039691 4748077 4729322
0.21881729 -1.3759868 1.3040558 4748071 4729317
0.21868495 -1.3764713 1.3042293 4748057 4729305
0.21858829 -1.3768254 1.3043161 4748047 4729296
0.21859338 -1.3768067 1.3044028 4748047 4729297
0.2186239 -1.3766949 1.3042294 4748051 4729299
0.21863407 -1.3766576 1.3042294 4748052 4729300
0.21862898 -1.3766763 1.3043161 4748051 4729300
0.21861881 -1.3767135 1.3043161 4748050 4729299
0.21861881 -1.3767135 1.3043161 4748050 4729299
0.21862899 -1.3766763 1.3043161 4748051 4729300
0.21862899 -1.3766763 1.3043161 4748051 4729300
0.21862899 -1.3766763 1.3043161 4748051 4729300
0.21862899 -1.3766763 1.3043161 4748051 4729300
0.21862899 -1.3766763 1.3043161 4748051 4729300
0.2186239 -1.3766949 1.3044028 4748050 4729300
0.2186239 -1.3766949 1.3044028 4748050 4729300
0.21862899 -1.3766763 1.3043161 4748051 4729300
0.21862899 -1.3766763 1.3043161 4748051 4729300
0.21862899 -1.3766763 1.3043161 4748051 4729300
0.21862899 -1.3766763 1.3043161 4748051 4729300
0.2186239 -1.3766949 1.3042294 4748051 4729299
0.2186239 -1.3766949 1.3042294 4748051 4729299
0.2186239 -1.3766949 1.3042294 4748051 4729299
0.21862899 -1.3766763 1.3043161 4748051 4729300
0.21862899 -1.3766763 1.3043161 4748051 4729300
0.21862899 -1.3766763 1.3043161 4748051 4729300
0.21863407 -1.3766576 1.3042294 4748052 4729300
0.21862899 -1.3766763 1.3043161 4748051 4729300
0.21862899 -1.3766763 1.3043161 4748051 4729300
0.21862899 -1.3766763 1.3043161 4748051 4729300
0.21862899 -1.3766763 1.3043161 4748051 4729300
0.21862899 -1.3766763 1.3043161 4748051 4729300
0.21862899 -1.3766763 1.3043161 4748051 4729300
0.21862899 -1.3766763 1.3043161 4748051 4729300
0.21862899 -1.3766763 1.3043161 4748051 4729300
0.21862899 -1.3766763 1.3043161 4748051 4729300
0.21862899 -1.3766763 1.3043161 4748051 4729300
0.21862899 -1.3766763 1.3043161 4748051 4729300
0.21862899 -1.3766763 1.3043161 4748051 4729300
0.21862899 -1.3766763 1.3043161 4748051 4729300
0.2186239 -1.3766949 1.3044028 4748050 4729300
0.2186239 -1.3766949 1.3044028 4748050 4729300
0.21862899 -1.3766763 1.3043161 4748051 4729300
0.21862899 -1.3766763 1.3043161 4748051 4729300
0.21862899 -1.3766763 1.3043161 4748051 4729300
0.21862899 -1.3766763 1.3043161 4748051 4729300
0.21862899 -1.3766763 1.3043161 4748051 4729300
0.21862899 -1.3766763 1.3043161 4748051 4729300
0.21862899 -1.3766763 1.3043161 4748051 4729300
0.21862899 -1.3766763 1.3043161 4748051 4729300
0.21862899 -1.3766763 1.3043161 4748051 4729300
0.21862899 -1.3766763 1.3043161 4748051 4729300
0.21862899 -1.3766763 1.3043161 4748051 4729300
0.21862899 -1.3766763 1.3043161 4748051 4729300
0.21862899 -1.3766763 1.3043161 4748051 4729300
0.21862899 -1.3766763 1.3043161 4748051 4729300
0.21862899 -1.3766763 1.3043161 4748051 4729300
0.21862899 -1.3766763 1.3043161 4748051 4729300
0.21862899 -1.3766763 1.3043161 4748051 4729300
0.21862899 -1.3766763 1.3043161 4748051 4729300
0.21862899 -1.3766763 1.3043161 4748051 4729300
0.21862899 -1.3766763 1.3043161 4748051 4729300
0.21862899 -1.3766763 1.3043161 4748051 4729300
0.21862899 -1.3766763 1.3043161 4748051 4729300
0.21862899 -1.3766763 1.3043161 4748051 4729300
0.21862899 -1.3766763 1.3043161 4748051 4729300
0.21862899 -1.3766763 1.3043161 4748051 4729300
0.21862899 -1.3766763 1.3043161 4748051 4729300
0.21862899 -1.3766763 1.3043161 4748051 4729300
0.21862899 -1.3766763 1.3043161 4748051 4729300
0.21862899 -1.3766763 1.3043161 4748051 4729300
0.21862899 -1.3766763 1.3043161 4748051 4729300
0.21862899 -1.3766763 1.3043161 4748051 4729300
0.21862899 -1.3766763 1.3043161 4748051 4729300
0.21862899 -1.3766763 1.3043161 4748051 4729300
0.21862899 -1.3766763 1.3043161 4748051 4729300
0.21862899 -1.3766763 1.3043161 4748051 4729300
0.21862899 -1.3766763 1.3043161 4748051 4729300
0.21862899 -1.3766763 1.3043161 4748051 4729300
0.21862899 -1.3766763 1.3043161 4748051 4729300
0.21862899 -1.3766763 1.3043161 4748051 4729300
0.21862899 -1.3766763 1.3043161 4748051 4729300
0.21862899 -1.3766763 1.3043161 4748051 4729300
0.21863407 -1.3766576 1.3044028 4748051 4729301
0.21863407 -1.3766576 1.3044028 4748051 4729301
0.21862899 -1.3766763 1.3043161 4748051 4729300
0.21862899 -1.3766763 1.3043161 4748051 4729300
0.21862899 -1.3766763 1.3043161 4748051 4729300
0.21862899 -1.3766763 1.3043161 4748051 4729300
0.21862899 -1.3766763 1.3043161 4748051 4729300
0.21862899 -1.3766763 1.3043161 4748051 4729300
0.21862899 -1.3766763 1.3043161 4748051 4729300
0.21862899 -1.3766763 1.3043161 4748051 4729300
0.21862899 -1.3766763 1.3043161 4748051 4729300
0.21862899 -1.3766763 1.3043161 4748051 4729300
0.21862899 -1.3766763 1.3043161 4748051 4729300
0.21862899 -1.3766763 1.3043161 4748051 4729300
0.21862899 -1.3766763 1.3043161 4748051 4729300
0.21862899 -1.3766763 1.3043161 4748051 4729300
0.21863407 -1.3766576 1.3042294 4748052 4729300
0.21863407 -1.3766576 1.3042294 4748052 4729300
0.21862899 -1.3766763 1.3043161 4748051 4729300
0.21862899 -1.3766763 1.3043161 4748051 4729300
0.21862899 -1.3766763 1.3043161 4748051 4729300
0.21862899 -1.3766763 1.3043161 4748051 4729300
0.21862899 -1.3766763 1.3043161 4748051 4729300
0.21862899 -1.3766763 1.3043161 4748051 4729300
0.21863407 -1.3766576 1.3044028 4748051 4729301
0.21862899 -1.3766763 1.3043161 4748051 4729300
0.21863407 -1.3766576 1.3044028 4748051 4729301
0.21863407 -1.3766576 1.3044028 4748051 4729301
0.21862899 -1.3766763 1.3043161 4748051 4729300
0.21863407 -1.3766576 1.3042294 4748052 4729300
0.21863407 -1.3766576 1.3042294 4748052 4729300
0.21863407 -1.3766576 1.3042294 4748052 4729300
0.21863407 -1.3766576 1.3042294 4748052 4729300
0.21862899 -1.3766763 1.3043161 4748051 4729300
0.21863407 -1.3766576 1.3044028 4748051 4729301
0.21863407 -1.3766576 1.3042294 4748052 4729300
0.21863407 -1.3766576 1.3044028 4748051 4729301
0.21863407 -1.3766576 1.3044028 4748051 4729301
0.21862899 -1.3766763 1.3043161 4748051 4729300
0.21862899 -1.3766763 1.3043161 4748051 4729300
0.21862899 -1.3766763 1.3043161 4748051 4729300
0.21862899 -1.3766763 1.3043161 4748051 4729300
0.21862899 -1.3766763 1.3043161 4748051 4729300
0.21862899 -1.3766763 1.3043161 4748051 4729300
0.21863916 -1.376639 1.3041427 4748053 4729300
0.21866463 -1.3765458 1.3037092 4748058 4729300
0.21871563 -1.3763595 1.3035357 4748064 4729304
0.21875134 -1.3762291 1.303449 4748068 4729307
0.21881276 -1.3760056 1.3018884 4748083 4729304
0.21914391 -1.3748144 1.2973797 4748141 4729310
0.22031251 -1.3707486 1.2844607 4748325 4729345
0.22289314 -1.3624479 1.2542883 4748724 4729396
0.22731721 -1.3499363 1.2075553 4749337 4729470
0.23408604 -1.3335878 1.1489439 4750133 4729590
0.24359928 -1.3140923 1.0846962 4751065 4729781
0.25628622 -1.2918851 1.0187998 4752107 4730063
0.27239234 -1.2675902 0.95195019 4753247 4730432
0.29194522 -1.2420297 0.88362548 4754474 4730871
0.31483832 -1.2159364 0.81764045 4755753 4731389
0.34284857 -1.187973 0.75148225 4757159 4732032
0.37255162 -1.1618435 0.69147896 4758529 4732710
0.40690889 -1.1348789 0.63936391 4759960 4733540
0.44204496 -1.1098602 0.59817369 4761314 4734419
0.47950356 -1.0853298 0.56140398 4762685 4735366
0.52007046 -1.0608077 0.52602117 4764116 4736389
0.56302959 -1.0367892 0.49358613 4765577 4737476
0.60872236 -1.0129953 0.46661218 4767066 4738654
0.65619237 -0.98954442 0.45108202 4768526 4739935
0.72343978 -0.95711852 0.4475116 4770479 4741847
0.77756553 -0.93087884 0.45530164 4771991 4743449
0.83437155 -0.90260403 0.46837956 4773558 4745167
0.89336732 -0.87219583 0.4834511 4775189 4746972
0.95362465 -0.83991505 0.50016908 4776862 4748838
1.0150845 -0.80560323 0.51818744 4778580 4750764
1.0778081 -0.76921917 0.53308395 4780371 4752727
1.1417247 -0.73116408 0.54095776 4782251 4754698
1.204377 -0.69310855 0.55073898 4784092 4756652
1.2689174 -0.65281172 0.56554829 4785976 4758707
1.3341341 -0.61080568 0.57888325 4787907 4760792
1.4000462 -0.56735603 0.58675594 4789905 4762881
1.466025 -0.52309681 0.59497558 4791914 4764985
1.5354044 -0.4750828 0.61576517 4793978 4767289
1.6039372 -0.42547121 0.63742173 4796043 4769604
1.6724215 -0.37362139 0.65864422 4798144 4771950
1.740955 -0.31896752 0.68775643 4800245 4774387
1.8082078 -0.26175911 0.72198301 4802333 4776870
1.8749142 -0.20123535 0.75170126 4804493 4779373
1.9408683 -0.138231 0.77335637 4806729 4781859
2.0049777 -0.073731404 0.80350793 4808909 4784387
2.0656801 -0.0091077244 0.82984545 4811052 4786834
2.125319 0.057407263 0.84985351 4813249 4789262
2.1834279 0.12483129 0.86908155 4815442 4791677
2.2393983 0.19264386 0.89247131 4817583 4794088
2.2925846 0.25972746 0.90840555 4819707 4796396
2.3449992 0.3277342 0.91991827 4821863 4798685
2.3968326 0.39664366 0.93186427 4824026 4800986
2.4468306 0.46477415 0.94355045 4826146 4803241
2.4963772 0.53361683 0.95038161 4828302 4805476
2.545914 0.60317831 0.95357132 4830494 4807705
2.596307 0.67442861 0.9568473 4832734 4809983
2.6449867 0.74353295 0.95734953 4834919 4812174
2.6935173 0.81222047 0.9540372 4837115 4814332
2.7429404 0.88148453 0.94803692 4839352 4816500
2.7926334 0.95000617 0.93865553 4841597 4818637
2.8444923 1.0195957 0.922078 4843939 4820788
2.8987084 1.0896029 0.90159853 4846349 4822962
2.9548788 1.1593228 0.88363293 4848770 4825176
3.0119303 1.2276432 0.86644805 4851173 4827381
3.0709763 1.295663 0.84536115 4853626 4829591
3.1335694 1.3646136 0.82201977 4856171 4831867
3.197154 1.4320418 0.8074348 4858654 4834182
3.2612045 1.4977639 0.78912231 4861135 4836452
3.3267585 1.5623739 0.76716824 4863644 4838708
3.394251 1.6262839 0.74911538 4866154 4841010
3.4624082 1.6890017 0.73860515 4868612 4843347
3.5330889 1.7523284 0.72254607 4871161 4845711
3.6056645 1.8158181 0.71489621 4873701 4848163
3.6788504 1.8795484 0.71799675 4876195 4850693
3.7523261 1.9439158 0.72083706 4878707 4853238
3.8242758 2.0073861 0.72489151 4881167 4855745
3.8990455 2.0754097 0.75148654 4883630 4858515
3.9709409 2.1442748 0.77626101 4886064 4861235
4.0389216 2.2127701 0.80207656 4888413 4863882
4.1042233 2.2825319 0.83474106 4890698 4866544
4.16647 2.3534748 0.86645263 4892958 4869170
4.2242091 2.4227568 0.88559375 4895182 4871615
4.2839011 2.4974741 0.9078546 4897529 4874219
4.3407256 2.571689 0.92682159 4899839 4876748
4.3947799 2.6447255 0.94050058 4902112 4879179
4.4492649 2.7201511 0.94993091 4904466 4881642
4.5026521 2.7956973 0.96126877 4906795 4884102
4.5539808 2.8697832 0.96853219 4909086 4886477
4.6054372 2.9445546 0.96755928 4911441 4888821
4.6575097 3.0193471 0.95765639 4913857 4891123
4.711624 3.0946354 0.93752283 4916373 4893407
4.7667946 3.167076 0.90230421 4918933 4895561
4.8249633 3.23781 0.86283689 4921531 4897704
4.8872358 3.3082148 0.83039209 4924151 4899950
4.94954 3.374539 0.80288984 4926665 4902147
5.0124251 3.4380228 0.77738173 4929125 4904313
5.08009 3.5034026 0.75906848 4931666 4906643
5.1465758 3.5660984 0.753067 4934066 4908974
5.214192 3.6289446 0.74463773 4936504 4911315
5.2816126 3.6911505 0.74574547 4938872 4913696
5.3485261 3.7537292 0.75812371 4941172 4916139
5.4138436 3.8161696 0.7676413 4943456 4918533
5.4789037 3.8790453 0.76900928 4945790 4920883
5.5437477 3.9422556 0.77627273 4948092 4923269
5.6084216 4.0060234 0.78041492 4950419 4925644
5.6717511 4.0687346 0.78056941 4952725 4927952
5.7359102 4.1326127 0.78583894 4955038 4930326
5.7981925 4.1960392 0.80315959 4957239 4932727
5.8564144 4.2569708 0.81311187 4959363 4934966
5.919171 4.3237729 0.82011508 4961695 4937379
5.9808491 4.3907853 0.83353393 4963975 4939814
6.04031 4.4572006 0.84764663 4966201 4942203
6.0956444 4.520485 0.85699217 4968323 4944433
6.1571089 4.5922585 0.86824284 4970704 4946944
6.2144156 4.6610721 0.88452312 4972928 4949356
6.270954 4.7306917 0.89291371 4975201 4951726
6.3283992 4.8020361 0.89289428 4977572 4954097
6.3870015 4.8747565 0.89209419 4979994 4956510
6.4445379 4.9462022 0.8935486 4982360 4958893
6.5005248 5.0154747 0.8885879 4984694 4961170
6.5613669 5.0901339 0.88544642 4987205 4963645
6.6203892 5.1625635 0.88863441 4989605 4966082
6.697688 5.2579728 0.89112258 4992769 4969275
6.7565752 5.3311581 0.89535085 4995176 4971731
6.8124429 5.4016388 0.90573558 4997444 4974119
6.8695734 5.4750075 0.91265159 4999811 4976566
6.9262622 5.5481324 0.91003096 5002221 4978946
6.9835007 5.6209998 0.89986753 5004678 4981286
7.0386052 5.6886976 0.87531376 5007079 4983404
7.0973311 5.7557154 0.82717703 5009663 4985433
7.1573023 5.8173235 0.77054513 5012215 4987332
7.2206945 5.8754912 0.71434671 5014766 4989235
7.2876952 5.930504 0.66057582 5017320 4991169
7.3512441 5.977928 0.62163192 5019597 4992997
7.4221401 6.0280209 0.60860914 5021919 4995169
7.4889969 6.0755279 0.62697186 5023936 4997398
7.5576716 6.1272551 0.66414719 5025947 4999838
7.6221659 6.1808116 0.72187033 5027784 5002341
7.6827487 6.2383636 0.79762685 5029510 5004941
7.7368363 6.3004016 0.90988322 5030993 5007719
7.7816239 6.3662074 1.036532 5032323 5010510
7.8171173 6.4376719 1.1831197 5033543 5013421
7.8409038 6.5119944 1.3389859 5034664 5016340
7.8524363 6.5886274 1.5038704 5035719 5019297
7.8507025 6.6632427 1.6841843 5036611 5022269
7.835876 6.7341431 1.8697023 5037416 5025214
7.8097474 6.7970599 2.0591226 5038087 5028070
7.7714031 6.8542566 2.2636282 5038690 5031032
7.7061014 6.9140536 2.53671 5039407 5034899
7.6475054 6.9461528 2.7441612 5039940 5037825
7.5835255 6.9657369 2.944941 5040514 5040715
7.5178826 6.9724145 3.135487 5041123 5043522
7.4500098 6.9665391 -2.9627863 5041820 5046352
7.3828663 6.9484503 -2.7940857 5042647 5049125
7.3188569 6.9198771 -2.6494021 5043627 5051774
7.2569858 6.8815097 -2.5236192 5044786 5054384
7.1987574 6.8355313 -2.4228056 5046125 5056886
7.1453697 6.7851309 -2.3471347 5047589 5059223
7.0896106 6.7251151 -2.2917518 5049390 5061663
7.0364775 6.6624843 -2.2569169 5051315 5063990
6.9846584 6.5979672 -2.2380343 5053348 5066241
6.9356874 6.5347226 -2.2213188 5055322 5068408
6.882878 6.4637681 -2.199923 5057488 5070821
6.8328425 6.3937569 -2.1826886 5059616 5073148
6.7833726 6.3223311 -2.1703959 5061794 5075468
6.7327018 6.2465582 -2.1500411 5064036 5077945
6.6843408 6.1712125 -2.1328073 5066254 5080362
6.6379306 6.0968049 -2.1241562 5068474 5082682
6.5924331 6.0227172 -2.118886 5070694 5084963
6.5494711 5.9509316 -2.101304 5072758 5087230
6.5043242 5.8730362 -2.0908328 5075028 5089621
6.4600006 5.7954913 -2.0892912 5077331 5091942
6.4156548 5.7176922 -2.0884433 5079644 5094265
6.371089 5.6401758 -2.0966984 5082006 5096532
6.3235426 5.560418 -2.1200401 5084544 5098801
6.2729116 5.4803799 -2.1496241 5087166 5101082
6.2203379 5.4019074 -2.1725322 5089743 5103395
6.1649678 5.323812 -2.2025503 5092394 5105700
6.10785 5.2487268 -2.2396769 5095050 5107928
6.0508922 5.1787257 -2.2679595 5097549 5110101
5.9870104 5.1049303 -2.300665 5100264 5112439
5.9238665 5.0369838 -2.3384849 5102883 5114622
5.8596648 4.9729027 -2.3757842 5105446 5116755
5.791766 4.9101335 -2.4150779 5108066 5118922
5.7191302 4.8481608 -2.4554127 5110770 5121161
5.6466113 4.7906049 -2.4860367 5113343 5123381
5.5692199 4.7326616 -2.5118065 5115994 5125735
5.4865561 4.6732867 -2.525613 5118708 5128290
5.4055816 4.6159696 -2.525634 5121276 5130858
5.3248589 4.5584965 -2.5201064 5123809 5133455
5.2456878 4.5012468 -2.5109371 5126285 5136037
5.1615495 4.4385557 -2.491539 5128889 5138865
5.0800577 4.3756355 -2.4766489 5131468 5141616
4.998679 4.3108805 -2.4622791 5134077 5144391
4.9180973 4.2449224 -2.4490364 5136696 5147163
4.8390404 4.1788182 -2.4413421 5139319 5149875
4.758231 4.1105044 -2.4382434 5142040 5152632
4.6737486 4.0383131 -2.4307243 5144873 5155552
4.5906741 3.965908 -2.4186967 5147656 5158474
4.5083427 3.891933 -2.4005134 5150416 5161444
4.4268553 3.8157822 -2.3795564 5153182 5164452
4.3502285 3.7405849 -2.3516622 5155800 5167392
4.2690617 3.6564273 -2.3245507 5158670 5170575
4.1934617 3.5742958 -2.3050673 5161447 5173577
4.1187502 3.4897762 -2.2842838 5164247 5176617
4.0448154 3.4030743 -2.2694828 5167111 5179652
3.972605 3.3161567 -2.2585829 5169973 5182640
3.902014 3.2288856 -2.2432612 5172790 5185634
3.831456 3.1399299 -2.2394705 5175707 5188595
3.7628818 3.0527056 -2.234639 5178551 5191495
3.6948949 2.9653395 -2.2295473 5181387 5194390
3.6276294 2.8783927 -2.2289636 5184229 5197239
3.5650927 2.7968997 -2.2217029 5186846 5199940
3.4986885 2.7087126 -2.2107157 5189640 5202861
3.4353742 2.6238086 -2.2123854 5192391 5205593
3.3718842 2.5387731 -2.2118877 5195135 5208343
3.3083322 2.4537815 -2.2138178 5197893 5211079
3.2438861 2.369321 -2.2313532 5200744 5213728
3.1790902 2.2869152 -2.2429062 5203524 5216375
3.1119647 2.203673 -2.2559337 5206367 5219068
3.0443692 2.122564 -2.275203 5209211 5221690
2.9760372 2.0434485 -2.2911775 5212009 5224304
2.8819487 1.938059 -2.3080267 5215763 5227864
2.8129544 1.8627364 -2.3167182 5218457 5230458
2.7429122 1.7871198 -2.3191676 5221139 5233112
2.6722514 1.7111828 -2.3212703 5223836 5235785
2.6020444 1.6362464 -2.3259738 5226521 5238416
2.5318335 1.5618733 -2.3288565 5229185 5241047
2.4613178 1.4877877 -2.3341667 5231863 5243664
2.3885972 1.4121477 -2.3388707 5234606 5246353
2.3164327 1.3373947 -2.3382858 5237292 5249046
2.2438753 1.262003 -2.3357938 5239986 5251769
2.172572 1.1880013 -2.3394569 5242667 5254408
2.1016952 1.1147446 -2.339912 5245308 5257044
2.0312434 1.0420439 -2.3410606 5247935 5259658
1.9617076 0.97082475 -2.3474106 5250548 5262198
1.8924514 0.90081768 -2.354194 5253136 5264708
1.8225002 0.83115148 -2.3622777 5255738 5267217
1.7510357 0.76183868 -2.3806788 5258421 5269688
1.6818472 0.69725097 -2.400466 5260985 5272024
1.6071488 0.63032952 -2.4216417 5263703 5274498
1.5325699 0.56608439 -2.4393487 5266353 5276944
1.4581159 0.50393045 -2.4526341 5268940 5279378
1.3833687 0.442523 -2.455082 5271458 5281868
1.3066438 0.37905226 -2.4458264 5273982 5284499
1.2333252 0.31681122 -2.4296345 5276378 5287082
1.1593857 0.25162445 -2.4084142 5278807 5289756
1.0861119 0.18391429 -2.3828595 5281242 5292486
1.0140356 0.11387344 -2.358172 5283701 5295230
0.94551498 0.044364687 -2.3398996 5286122 5297862
0.87733158 -0.027141686 -2.3249218 5288593 5300506
0.81034229 -0.099134742 -2.3154926 5291084 5303106
0.7454449 -0.17011297 -2.3074502 5293527 5305642
0.67962162 -0.24356442 -2.2955067 5296011 5308264
0.61446548 -0.31758137 -2.2897189 5298530 5310850
0.55210552 -0.38944891 -2.2812427 5300944 5313362
0.49107865 -0.46131753 -2.2683446 5303310 5315877
0.43133495 -0.53350454 -2.2559667 5305664 5318374
0.37278335 -0.6058684 -2.2461895 5308017 5320840
0.31626113 -0.67789814 -2.226095 5310271 5323326
0.25917472 -0.75385279 -2.2045276 5312606 5325910
0.20521517 -0.82851518 -2.1886813 5314899 5328386
0.15106598 -0.90635583 -2.168501 5317237 5330957
0.097981762 -0.98620659 -2.1465001 5319592 5333566
0.046357216 -1.066573 -2.1370703 5322010 5336093
-0.0043110567 -1.1466558 -2.1327555 5324438 5338571
-0.053756429 -1.226184 -2.1213312 5326796 5341061
-0.10147724 -1.3046618 -2.112941 5329125 5343487
-0.15058173 -1.3861417 -2.1133947 5331590 5345947
-0.19664199 -1.4632532 -2.1050908 5333867 5348320
-0.24233022 -1.5410118 -2.0989543 5336166 5350690
-0.28892546 -1.6197157 -2.1117183 5338607 5352984
-0.3365971 -1.6974338 -2.1302912 5341074 5355237
-0.38747682 -1.776625 -2.1534593 5343644 5357540
-0.4406223 -1.8542693 -2.1885923 5346282 5359773
-0.495267 -1.9277825 -2.2314403 5348900 5361897
-0.55047208 -1.9963185 -2.2663112 5351379 5363974
-0.60939362 -2.0643186 -2.303264 5353921 5366090
-0.6686787 -2.1275172 -2.3452441 5356406 5368091
-0.72920144 -2.1867185 -2.3892174 5358851 5370029
-0.79276238 -2.2434911 -2.4358789 5361326 5371966
-0.86051714 -2.298559 -2.4823678 5363854 5373958
-0.9276117 -2.3486599 -2.5180183 5366227 5375920
-0.99407031 -2.3949547 -2.548293 5368498 5377842
-1.0658156 -2.4418737 -2.5765744 5370880 5379898
-1.1370746 -2.4863628 -2.5903772 5373134 5381993
-1.2092168 -2.5304509 -2.5956837 5375353 5384151
-1.2798344 -2.5740315 -2.5816563 5377420 5386380
-1.3498728 -2.6197492 -2.5449141 5379373 5388757
-1.4157921 -2.6676333 -2.4818154 5381118 5391230
-1.4763711 -2.7187657 -2.3992949 5382694 5393758
-1.5296749 -2.7728682 -2.2982223 5384077 5396307
-1.5767999 -2.8329479 -2.1736525 5385335 5399002
-1.6149005 -2.8971945 -2.0385063 5386489 5401715
-1.6420704 -2.9622092 -1.8947776 5387484 5404368
-1.6591998 -3.0317942 -1.7295451 5388386 5407176
-1.6638611 -3.0998192 -1.5488811 5389109 5409983
-1.6564515 -3.1619222 -1.3552133 5389611 5412719
-1.6367971 -3.2202385 -1.1362277 5389941 5415575
-1.6067552 -3.2696311 -0.91247285 5390147 5418362
-1.566723 -3.3104787 -0.67848532 5390278 5421192
-1.518306 -3.3409227 -0.4441534 5390407 5424024
-1.4657895 -3.3592666 -0.2279429 5390600 5426711
-1.4097226 -3.3665435 -0.030195458 5390923 5429315
-1.349697 -3.3630156 0.14760732 5391454 5431897
-1.2900089 -3.3497962 0.28830492 5392225 5434291
-1.2266445 -3.3270125 0.40203893 5393312 5436690
-1.16163 -3.2963219 0.48005144 5394723 5439001
-1.0954389 -3.2597895 0.52858602 5396400 5441238
-1.0285389 -3.2193142 0.55960696 5398245 5443441
-0.9605001 -3.1752692 0.58941382 5400171 5445711
-0.89187967 -3.1279224 0.61852685 5402161 5448037
-0.82134799 -3.076365 0.64391054 5404276 5450445
-0.75147047 -3.0227724 0.66461264 5406436 5452844
-0.68120291 -2.9657134 0.69944627 5408578 5455388
-0.61243786 -2.9059972 0.73072457 5410755 5457926
-0.54389775 -2.8428131 0.75879489 5413006 5460501
-0.47649807 -2.7765545 0.79492783 5415244 5463156
-0.41196384 -2.7077137 0.84042418 5417424 5465861
-0.34840287 -2.6345077 0.87118164 5419756 5468548
-0.28685819 -2.5590769 0.90167833 5422100 5471244
-0.22829976 -2.4824908 0.93434319 5424407 5473928
-0.17321688 -2.4060914 0.95790498 5426709 5476502
-0.11975024 -2.3284361 0.9777386 5429035 5479057
-0.067872326 -2.2495929 0.9999134 5431350 5481628
-0.019647251 -2.1729261 1.0187074 5433586 5484081
0.029260704 -2.0922981 1.0323857 5435948 5486601
0.078001819 -2.00959 1.0441562 5438365 5489154
0.12491534 -1.9283203 1.0503786 5440758 5491619
0.17193425 -1.8465528 1.0474975 5443216 5494044
0.21987597 -1.7642938 1.0387207 5445731 5496458
0.26845877 -1.6833125 1.0221416 5448271 5498807
0.31849229 -1.6038795 0.99524532 5450856 5501082
0.37199207 -1.5244455 0.96089267 5453533 5503363
0.42767078 -1.4473082 0.93026816 5456172 5505649
0.48470497 -1.3725711 0.9076199 5458736 5507952
0.54335968 -1.2990272 0.88748625 5461287 5510271
0.60327373 -1.225555 0.88590558 5463750 5512716
0.66106287 -1.1539658 0.89741688 5466065 5515164
0.71964779 -1.0797493 0.90771386 5468453 5517671
0.77812551 -1.0041742 0.91679687 5470874 5520197
0.83531425 -0.92807668 0.93585031 5473228 5522771
0.89016967 -0.85270609 0.94744793 5475574 5525251
0.94625929 -0.77405615 0.95514368 5478030 5527796
1.0021553 -0.69390111 0.96856099 5480482 5530403
1.0572394 -0.61257645 0.9823252 5482945 5533025
1.1116673 -0.53016323 0.99192772 5485446 5535637
1.1656358 -0.44664244 1.0023103 5487960 5538271
1.2183039 -0.36373367 1.0074046 5490473 5540843
1.2696789 -0.28249902 1.0063438 5492967 5543325
1.3230295 -0.19833031 1.005369 5495552 5545899
1.3736099 -0.11842058 1.0076031 5497987 5548360
1.4233299 -0.040069337 1.0030752 5500415 5550736
1.4740195 0.038580053 0.99351846 5502892 5553103
1.5245598 0.1154124 0.98439564 5505325 5555431
1.5752844 0.19059021 0.97007123 5507755 5557696
1.6271649 0.26487979 0.95227912 5510203 5559939
1.6797875 0.33779179 0.93899527 5512607 5562190
1.7314553 0.40822009 0.93672258 5514881 5564438
1.78287 0.47785032 0.93280286 5517144 5566656
1.8342256 0.54704565 0.93183097 5519380 5568881
1.8841506 0.61470231 0.93831541 5521519 5571095
1.9340926 0.68309038 0.94176536 5523691 5573307
1.9828992 0.7494369 0.93134415 5525883 5575379
2.0325272 0.8150028 0.91442042 5528109 5577410
2.0826597 0.87854144 0.89116846 5530338 5579371
2.1322121 0.9377502 0.85673247 5532535 5581171
2.1882529 0.99863631 0.796894 5535022 5582968
2.2452668 1.0532165 0.73029269 5537449 5584627
2.3054981 1.103622 0.66334595 5539868 5586274
2.3903439 1.1632973 0.56258033 5543134 5588378
2.4542517 1.2001837 0.48436324 5545495 5589837
2.5221281 1.2325502 0.40553972 5547896 5591329
2.5917452 1.2590902 0.32290007 5550301 5592781
2.6628178 1.2794923 0.23618739 5552715 5594195
2.7337436 1.2932325 0.1465256 5555102 5595548
2.8044473 1.3001938 0.049756683 5557499 5596829
2.8735046 1.3000461 -0.054036251 5559885 5598018
2.941923 1.2927622 -0.15808724 5562266 5599199
3.0075966 1.2788786 -0.25858425 5564583 5600357
3.0705522 1.2587931 -0.35908104 5566873 5601488
3.1315853 1.2322236 -0.46209308 5569190 5602617
3.1872276 1.2011218 -0.5573008 5571389 5603718
3.2384209 1.1657943 -0.65077449 5573538 5604789
3.2850651 1.1266322 -0.74606717 5575664 5605816
3.3264276 1.0846233 -0.84023351 5577733 5606799
3.3622462 1.0408261 -0.93032538 5579717 5607744
3.3927042 0.99603746 -1.0168613 5581618 5608647
3.4182256 0.95048715 -1.1033101 5583468 5609500
3.4400551 0.9019743 -1.1926202 5585360 5610362
3.4569351 0.8532604 -1.2818423 5587209 5611182
3.4690001 0.80452772 -1.3743595 5589042 5611948
3.4762442 0.75523949 -1.4753731 5590914 5612655
3.4780146 0.70665143 -1.5933791 5592853 5613233
3.4739741 0.65918785 -1.7180607 5594805 5613747
3.4655841 0.61849288 -1.8301707 5596527 5614176
3.454285 0.58316769 -1.9305746 5598066 5614557
3.4409346 0.55204812 -2.0215277 5599467 5614909
3.4268286 0.52566037 -2.1019021 5600705 5615220
3.4126525 0.50338212 -2.1730867 5601799 5615493
3.3987073 0.48440813 -2.2361215 5602772 5615739
3.3847542 0.46764745 -2.293953 5603670 5615970
3.3711189 0.4529993 -2.346843 5604493 5616183
3.3578817 0.44015038 -2.3953114 5605250 5616381
3.345863 0.42950987 -2.4385766 5605915 5616547
3.3344437 0.42022222 -2.4789809 5606529 5616695
3.3270862 0.41467523 -2.5121883 5606959 5616742
3.3272589 0.41479872 -2.5294409 5607053 5616637
3.3339647 0.41950102 -2.5306528 5606848 5616418
3.3484053 0.4297924 -2.5141764 5606294 5616054
3.3672692 0.44382058 -2.4901561 5605547 5615584
3.3894625 0.46112753 -2.4683892 5604693 5614981
3.4168037 0.48316545 -2.457978 5603724 5614132
3.4499425 0.51007652 -2.4610902 5602637 5613009
3.488063 0.54053242 -2.4739112 5601448 5611672
3.529915 0.57289874 -2.4927134 5600187 5610194
3.5757173 0.60702519 -2.5097807 5598807 5608617
3.6194599 0.63860292 -2.5228605 5597486 5607145
3.6621661 0.66857403 -2.5364611 5596214 5605716
3.7038682 0.69697279 -2.5510155 5594992 5604326
3.7451313 0.72418931 -2.5660039 5593799 5602960
3.7848497 0.74959907 -2.5789119 5592653 5601665
3.8223454 0.77288332 -2.5928607 5591591 5600442
3.8556676 0.79280957 -2.6124462 5590699 5599324
3.8842553 0.80904495 -2.6377553 5589994 5598327
3.9060744 0.82063235 -2.669048 5589535 5597507
3.9186259 0.82679914 -2.7007764 5589356 5596962
3.9234139 0.82896134 -2.7340673 5589412 5596634
3.9203779 0.827709 -2.7666664 5589685 5596531
3.9099735 0.82382091 -2.8012608 5590172 5596619
3.8925332 0.81811097 -2.8491226 5590923 5596818
3.8680414 0.81167062 -2.9197869 5591986 5597066
3.8381058 0.80635141 -3.0116921 5593303 5597323
3.803084 0.80374674 -3.1230207 5594854 5597590
3.7658524 0.8052593 3.0418141 5596501 5597872
3.7272799 0.81152507 2.9193017 5598219 5598177
3.6872909 0.82329635 2.7913281 5600036 5598518
3.6490229 0.84006922 2.6656941 5601842 5598875
3.6120553 0.86222082 2.5378045 5603695 5599253
3.5789133 0.88832529 2.4110433 5605518 5599614
3.5501589 0.91751122 2.2864499 5607297 5599956
3.5254434 0.94975101 2.1632437 5609059 5600297
3.5053086 0.9838492 2.045154 5610765 5600641
3.4897238 1.0188624 1.9339982 5612398 5600992
3.4781111 1.0553042 1.8245775 5614019 5601351
3.4704546 1.0930534 1.7172375 5615635 5601729
3.4667209 1.1320301 1.6153593 5617236 5602155
3.4667421 1.1725566 1.5251852 5618805 5602684
3.470009 1.2122727 1.4522639 5620257 5603295
3.4764228 1.2541062 1.3850648 5621740 5604003
3.4860237 1.2975834 1.3218526 5623257 5604791
3.498419 1.3411321 1.2651422 5624756 5605636
3.513149 1.3842124 1.2175356 5626209 5606540
3.5298266 1.4274055 1.1870951 5627583 5607563
3.5474954 1.4704118 1.1748609 5628857 5608696
3.5657831 1.5145417 1.1810063 5630058 5609968
3.5841465 1.56085 1.2055312 5631206 5611399
3.6013441 1.6087134 1.2461817 5632288 5612950
3.6163812 1.657542 1.29793 5633312 5614571
3.6287087 1.7072229 1.3572206 5634295 5616238
3.6382927 1.7603924 1.4276938 5635287 5618043
3.6439725 1.8152657 1.5076175 5636254 5619932
3.6451704 1.8695883 1.5898822 5637186 5621813
3.6418312 1.9236085 1.6751813 5638095 5623706
3.6337797 1.9773449 1.7638626 5638990 5625624
3.6204562 2.0315944 1.8593918 5639885 5627621
3.6020557 2.0841545 1.9557012 5640771 5629618
3.5787068 2.1347955 2.049929 5641671 5631605
3.5508154 2.1827724 2.1448523 5642560 5633589
3.5183399 2.2279384 2.2435017 5643431 5635598
3.4825611 2.2686258 2.3406785 5644273 5637561
3.4287114 2.3174471 2.4695836 5645411 5640186
3.3858175 2.3483847 2.5638996 5646236 5642099
3.3401137 2.3751881 2.6584757 5647062 5644016
3.2928383 2.3973014 2.7496707 5647887 5645893
3.2408443 2.4160262 2.8421656 5648784 5647857
3.1881019 2.4297163 2.9331 5649670 5649792
3.1354672 2.4384278 3.0220409 5650538 5651686
3.081475 2.4424587 3.1121082 5651420 5653607
3.0297319 2.4417931 -3.0863844 5652271 5655435
2.9788923 2.4369311 -3.0061129 5653130 5657220
2.928883 2.4281087 -2.9278357 5653993 5658986
2.8780781 2.4150286 -2.8513801 5654910 5660785
2.8265759 2.3975896 -2.7788255 5655899 5662611
2.7764072 2.3767698 -2.7176278 5656952 5664370
2.7257023 2.3520668 -2.6588592 5658073 5666169
2.6744825 2.3232301 -2.5987895 5659248 5668037
2.623786 2.2905724 -2.5398479 5660469 5669938
2.5752318 2.2553316 -2.487669 5661721 5671792
2.5293415 2.2185095 -2.4431188 5662987 5673572
2.4815937 2.1766012 -2.3993499 5664379 5675469
2.4351141 2.13222 -2.3592221 5665811 5677364
2.3908228 2.0865402 -2.3223026 5667245 5679224
2.3489918 2.0401193 -2.2861629 5668654 5681050
2.3085375 1.991711 -2.2476825 5670065 5682905
2.2692259 1.9405554 -2.2043472 5671485 5684825
2.2326364 1.8885476 -2.163439 5672895 5686707
2.1978176 1.8347172 -2.126433 5674341 5688580
2.1640427 1.7778528 -2.0870862 5675826 5690519
2.132852 1.7199256 -2.0423641 5677271 5692480
2.1045284 1.660865 -1.9935671 5678685 5694457
2.0794938 1.6020966 -1.9534395 5680107 5696342
2.056534 1.541825 -1.9160864 5681561 5698227
2.0361668 1.4817079 -1.8788195 5682989 5700085
2.0185785 1.4225528 -1.8407726 5684367 5701902
2.0036864 1.3645136 -1.8031581 5685701 5703670
1.9915251 1.3089235 -1.769185 5686978 5705339
1.9813956 1.2537516 -1.7355581 5688236 5706985
1.9730704 1.1971851 -1.6982902 5689501 5708680
1.9667703 1.1380454 -1.6555608 5690794 5710466
1.9632563 1.0789266 -1.6047684 5692034 5712292
1.9630672 1.0198197 -1.5432255 5693209 5714177
1.9670653 0.95914449 -1.4667709 5694342 5716192
1.9762597 0.89786418 -1.3769642 5695428 5718314
1.9908426 0.83879291 -1.28057 5696447 5720445
2.0136201 0.77602183 -1.164841 5697508 5722841
2.0431455 0.7180304 -1.034895 5698443 5725275
2.0807241 0.66407696 -0.88995154 5699309 5727813
2.1260561 0.61613188 -0.73685718 5700134 5730404
2.1784764 0.5757418 -0.57613346 5700920 5733044
2.239234 0.54320873 -0.40708571 5701729 5735803
2.3063358 0.52077118 -0.23830006 5702587 5738608
2.3801452 0.50930769 -0.069862092 5703549 5741513
2.4586014 0.5101722 0.09189923 5704647 5744477
2.5379949 0.52329141 0.23562699 5705901 5747389
2.6178464 0.54791196 0.3625348 5707332 5750284
2.69611 0.58302988 0.4810314 5708869 5753188
2.7672069 0.62468743 0.57898246 5710437 5755886
2.8341262 0.67296975 0.67103879 5712042 5758553
2.8962184 0.72631645 0.74852912 5713714 5761119
2.9532312 0.78258421 0.80911333 5715438 5763542
3.0064298 0.84117513 0.85808124 5717204 5765873
3.0575571 0.90306655 0.90262679 5719025 5768208
3.1030595 0.96276435 0.9364227 5720773 5770346
3.1457306 1.0224656 0.96406402 5722513 5772405
3.1869787 1.0838106 0.99361241 5724256 5774489
3.2253599 1.1454467 1.0340849 5725902 5776602
3.2599846 1.2067512 1.0792391 5727464 5778685
3.2916524 1.2708002 1.1439873 5728940 5780908
3.3191947 1.3381498 1.2212196 5730378 5783237
3.3410543 1.4081189 1.314751 5731736 5785674
3.355455 1.4788121 1.4249286 5732968 5788177
3.3613549 1.5529835 1.5579088 5734127 5790870
3.3566615 1.6265618 1.7110867 5735152 5793662
3.3411107 1.6966156 1.8673893 5736108 5796421
3.313756 1.7647279 2.0379951 5737024 5799305
3.2753559 1.8266008 2.2144964 5737891 5802208
3.2274365 1.8798581 2.392472 5738719 5805089
3.1685249 1.9248278 2.5867443 5739517 5808128
3.1034623 1.9568846 2.7808472 5740275 5811125
3.0335831 1.9757312 2.9754684 5741026 5814121
2.9609506 1.9806803 -3.1115352 5741779 5817137
2.8895823 1.9718551 -2.9255854 5742568 5820071
2.8207774 1.9502858 -2.7500361 5743422 5822950
2.7555338 1.9170403 -2.5906159 5744398 5825765
2.6932505 1.8731699 -2.4652661 5745647 5828460
2.633819 1.8207689 -2.3726905 5747164 5831045
2.5761206 1.7611828 -2.3075113 5748935 5833568
2.5212202 1.6979808 -2.2645267 5750854 5835983
2.4674109 1.6317688 -2.2419169 5752932 5838322
2.4137833 1.5637043 -2.2343059 5755131 5840609
2.3577135 1.4923012 -2.2386601 5757506 5842934
2.3026053 1.4229461 -2.2457881 5759840 5845186
2.2470321 1.353812 -2.2499684 5762160 5847458
2.1896884 1.282882 -2.2513749 5764529 5849811
2.1332171 1.2132317 -2.252781 5766858 5852124
2.07747 1.1442637 -2.2483782 5769128 5854445
2.0213467 1.0739144 -2.2399877 5771409 5856823
1.9659813 1.0033585 -2.2322906 5773686 5859189
1.9135042 0.93554643 -2.2265 5775872 5861442
1.8603067 0.86595004 -2.2203631 5778104 5863745
1.8072434 0.79627549 -2.2229827 5780386 5865997
1.7534809 0.72708985 -2.2398208 5782751 5868168
1.6979978 0.65867933 -2.2646348 5785174 5870305
1.6403847 0.59138787 -2.2930907 5787631 5872434
1.5797108 0.52453117 -2.3224135 5790137 5874602
1.5198361 0.46205151 -2.3474008 5792521 5876698
1.4582794 0.4007895 -2.3697873 5794898 5878817
1.3949899 0.34036314 -2.3888795 5797273 5880972
1.3308235 0.28112726 -2.4033764 5799617 5883149
1.2691963 0.22572853 -2.4153583 5801831 5885225
1.2040642 0.16872005 -2.4298552 5804155 5887382
1.1378701 0.11214356 -2.4388902 5806461 5889584
1.0704948 0.055017952 -2.4377818 5808741 5891877
1.0029183 -0.0024676178 -2.4356332 5811025 5894186
0.93386786 -0.06146833 -2.4333984 5813363 5896550
0.86394424 -0.12200383 -2.4226673 5815695 5899006
0.79668794 -0.1818277 -2.4065607 5817932 5901429
0.72925541 -0.24390632 -2.3884601 5820200 5903906
0.66103476 -0.30959829 -2.3616905 5822497 5906512
0.59600758 -0.37590643 -2.3311925 5824725 5909092
0.53512461 -0.44191626 -2.3004342 5826872 5911594
0.47452013 -0.51160076 -2.272797 5829103 5914144
0.41739931 -0.58031665 -2.2558233 5831318 5916555
0.35937451 -0.6516891 -2.2509878 5833671 5918964
0.30059727 -0.7243438 -2.2510076 5836090 5921383
0.24147527 -0.79738929 -2.251461 5838525 5923813
0.18183757 -0.87116042 -2.2498338 5840971 5926278
0.12385009 -0.94350745 -2.243091 5843332 5928717
0.064782104 -1.0182028 -2.2366957 5845760 5931219
0.0055809923 -1.093606 -2.2361091 5848238 5933704
-0.051470795 -1.166178 -2.2379493 5850638 5936083
-0.10819722 -1.2381468 -2.2386624 5853014 5938451
-0.16603216 -1.3110109 -2.244751 5855457 5940824
-0.22106085 -1.379267 -2.2538728 5857779 5943041
-0.27640071 -1.4463983 -2.2665491 5860104 5945220
-0.33329499 -1.5132354 -2.2854679 5862485 5947383
-0.39094254 -1.5781905 -2.3078546 5864862 5949502
-0.44959625 -1.6411583 -2.3336218 5867238 5951581
-0.50803902 -1.7006414 -2.361123 5869555 5953581
-0.56943395 -1.7598873 -2.3868901 5871912 5955641
-0.63003618 -1.8156381 -2.4088421 5874170 5957646
-0.69052448 -1.8688295 -2.4317474 5876387 5959599
-0.75050031 -1.9187579 -2.4629752 5878587 5961439
-0.81536935 -1.9692622 -2.4971519 5880912 5963370
-0.87968848 -2.0160299 -2.5286397 5883152 5965247
-0.94513973 -2.0604486 -2.5620352 5885392 5967102
-1.0121751 -2.1028374 -2.5934366 5887626 5968974
-1.0819243 -2.1441594 -2.62007 5889878 5970919
-1.1516709 -2.183362 -2.6389873 5892058 5972881
-1.2229668 -2.221504 -2.6617191 5894282 5974843
-1.29615 -2.2587447 -2.6800298 5896513 5976863
-1.3690068 -2.2951325 -2.6767523 5898602 5978990
-1.4403779 -2.3319676 -2.6535345 5900547 5981203
-1.5112804 -2.3713561 -2.6154914 5902427 5983522
-1.5795987 -2.4142081 -2.5472764 5904121 5986003
-1.6418359 -2.4609965 -2.4466365 5905556 5988599
-1.6957 -2.5117638 -2.3249296 5906770 5991217
-1.7406865 -2.5670246 -2.1831922 5907797 5993879
-1.7759736 -2.6270773 -2.0209086 5908664 5996618
-1.8003886 -2.6915264 -1.8449265 5909433 5999417
-1.8121093 -2.755595 -1.6585418 5910044 6002178
-1.8113334 -2.8184626 -1.4583698 5910517 6004960
-1.79825 -2.8780818 -1.2511725 5910902 6007735
-1.7740781 -2.9315095 -1.0406851 5911206 6010467
-1.7259309 -2.9914405 -0.74731598 5911504 6014149
-1.6816742 -3.0246631 -0.54055341 5911744 6016774
-1.6310266 -3.048501 -0.33925108 5912032 6019384
-1.5755218 -3.0622159 -0.14523378 5912393 6021983
-1.5175585 -3.0659233 0.01748416 5912958 6024425
-1.4592947 -3.060589 0.16511814 5913621 6026791
-1.3971395 -3.0460241 0.29523803 5914523 6029194
-1.333023 -3.0228791 0.39761371 5915697 6031549
-1.2672937 -2.9925764 0.46635016 5917174 6033819
-1.199056 -2.9562543 0.51193639 5918912 6036083
-1.1295856 -2.915869 0.54122338 5920823 6038332
-1.0605268 -2.8735149 0.55906592 5922817 6040532
-0.98968328 -2.8284412 0.57422009 5924903 6042793
-0.91787596 -2.7812285 0.58902719 5927042 6045103
-0.84507737 -2.7319845 0.60045277 5929251 6047444
-0.77280209 -2.6818767 0.61196482 5931461 6049787
-0.70059373 -2.6301968 0.63041262 5933653 6052192
-0.6261865 -2.5746839 0.6515472 5935934 6054717
-0.55301227 -2.5176498 0.67259509 5938214 6057240
-0.47943671 -2.4573729 0.70014518 5940517 6059861
-0.40635469 -2.3934668 0.73688411 5942818 6062586
-0.33469305 -2.3264327 0.7672079 5945183 6065301
-0.2651906 -2.2568631 0.8045539 5947513 6068062
-0.19755829 -2.1831255 0.85256282 5949826 6070929
-0.13324012 -2.1061762 0.89658404 5952168 6073779
-0.072037401 -2.0260924 0.93991212 5954527 6076638
-0.015104308 -1.9432494 0.99745761 5956797 6079572
0.036470047 -1.8587488 1.0481553 5959067 6082427
0.08330783 -1.7727875 1.0956445 5961327 6085235
0.12723954 -1.6813004 1.15059 5963637 6088179
0.16552463 -1.5887108 1.2068356 5965906 6091097
0.19816525 -1.494966 1.2646414 5968142 6094000
0.22489674 -1.4004108 1.3259159 5970332 6096897
0.24445173 -1.3092051 1.3932611 5972358 6099700
0.25712427 -1.2169689 1.4752567 5974295 6102583
0.26180451 -1.0965661 1.5886319 5976760 6106356
0.2561564 -1.0072725 1.6792989 5978553 6109195
0.241987 -0.91873406 1.779676 5980295 6112095
0.22011321 -0.83508733 1.8734655 5981992 6114874
0.19142136 -0.75564126 1.9612716 5983672 6117567
0.15683989 -0.68097415 2.0477786 5985303 6120196
0.11558782 -0.60868226 2.130905 5986978 6122830
0.070502645 -0.54296234 2.213251 5988566 6125368
0.021669908 -0.48311141 2.2970713 5990082 6127851
-0.029418001 -0.42987015 2.3740436 5991548 6130205
-0.086832608 -0.37863025 2.4518809 5993091 6132646
-0.14579092 -0.33362298 2.5272923 5994576 6135001
-0.20632563 -0.29423042 2.6020979 5996014 6137302
-0.26731644 -0.2605901 2.6730013 5997408 6139514
-0.32862372 -0.23213996 2.7412181 5998764 6141657
-0.39321727 -0.20739567 2.8103016 6000156 6143846
-0.45643609 -0.18789683 2.8745307 6001498 6145929
-0.51880281 -0.17279948 2.933645 6002818 6147931
-0.57960255 -0.16187498 2.9939742 6004069 6149878
-0.6413509 -0.15474618 3.0593305 6005301 6151864
-0.70123273 -0.15173298 3.1233013 6006484 6153785
-0.75848381 -0.15218443 -3.1075307 6007664 6155569
-0.81309945 -0.15526934 -3.0628067 6008822 6157243
-0.86209911 -0.15989945 -3.0319525 6009918 6158695
-0.90227877 -0.16471586 -3.0126275 6010854 6159854
-0.93338102 -0.16894545 -3.0002365 6011595 6160738
-0.95240101 -0.17170844 -2.9944319 6012059 6161269
-0.96212542 -0.17315895 -2.9926133 6012303 6161534
-0.96562055 -0.1736871 -2.99062 6012383 6161637
-0.96426464 -0.17348137 -2.9914 6012352 6161597
-0.96004287 -0.17284902 -2.9944335 6012259 6161469
-0.95440514 -0.17202058 -2.9969465 6012126 6161307
-0.94972207 -0.17133822 -2.9968588 6012003 6161185
-0.94674016 -0.17090438 -2.9973784 6011928 6161104
-0.94496228 -0.17064706 -2.9983317 6011887 6161052
-0.94435049 -0.17055881 -2.9983315 6011871 6161036
-0.94459903 -0.17059467 -2.9982449 6011877 6161043
-0.94526816 -0.17069128 -2.9981583 6011894 6161061
-0.94572698 -0.17075763 -2.9978116 6011904 6161075
-0.94586079 -0.17077701 -2.997725 6011907 6161079
-0.94576521 -0.17076317 -2.9978116 6011905 6161076
-0.94566962 -0.17074932 -2.9977249 6011902 6161074
-0.94566963 -0.17074932 -2.9977249 6011902 6161074
-0.94572698 -0.17075763 -2.9978116 6011904 6161075
-0.94576521 -0.17076317 -2.9978116 6011905 6161076
-0.94574609 -0.1707604 -2.9977249 6011904 6161076
-0.94574609 -0.1707604 -2.9977249 6011904 6161076
-0.94574609 -0.1707604 -2.9977249 6011904 6161076
-0.94574609 -0.1707604 -2.9977249 6011904 6161076
-0.94572698 -0.17075763 -2.9978116 6011904 6161075
-0.94574609 -0.1707604 -2.9977249 6011904 6161076
-0.94568874 -0.17075208 -2.9974648 6011901 6161076
-0.94557404 -0.17073544 -2.9976382 6011899 6161072
-0.94553581 -0.17072991 -2.9978116 6011899 6161070
-0.94519172 -0.17067994 -2.9969445 6011885 6161066
-0.94486676 -0.17063273 -2.9977248 6011881 6161053
-0.94425498 -0.17054448 -2.9989384 6011872 6161030
-0.94303103 -0.17037074 -3.0022327 6011859 6160979
-0.94060047 -0.17003872 -3.0094282 6011837 6160874
-0.93471671 -0.16929984 -3.0239055 6011767 6160637
-0.92492295 -0.1682382 -3.0433238 6011624 6160270
-0.91187502 -0.16711498 -3.0681166 6011428 6159788
-0.89706758 -0.16621972 -3.0942959 6011195 6159253
-0.88272487 -0.16570713 -3.1174413 6010957 6158748
-0.87078941 -0.16549851 -3.1307902 6010725 6158362
-0.8622135 -0.16541404 -3.1326957 6010514 6158129
-0.85638037 -0.16534039 -3.1252384 6010320 6158021
-0.85224757 -0.16524949 -3.1139668 6010148 6157979
-0.84906209 -0.16514032 -3.1007013 6009989 6157973
-0.84630286 -0.16500861 -3.0870892 6009839 6157980
-0.8438347 -0.16486064 -3.0763381 6009713 6157978
-0.84213884 -0.16474377 -3.0692286 6009628 6157975
-0.84161869 -0.16470527 -3.0661941 6009597 6157979
-0.84196539 -0.16473149 -3.0660208 6009605 6157989
-0.84244691 -0.16476801 -3.0657608 6009616 6158003
-0.84240838 -0.16476508 -3.0655874 6009614 6158003
-0.8420617 -0.16473874 -3.0659341 6009607 6157992
-0.84221589 -0.16475001 -3.0713096 6009642 6157965
-0.84416352 -0.16486703 -3.0918572 6009811 6157897
-0.84796772 -0.16497727 -3.1333868 6010149 6157756
-0.85325972 -0.16485917 3.088762 6010638 6157541
-0.8607055 -0.16418542 3.0139401 6011263 6157303
-0.86990488 -0.16262593 2.933396 6011969 6157080
-0.88022048 -0.1600824 2.8662902 6012631 6156968
-0.89144558 -0.15662697 2.8196441 6013204 6157003
-0.90343547 -0.15246704 2.7956262 6013671 6157193
-0.91445926 -0.1484165 2.7833126 6014046 6157426
-0.9226139 -0.14529679 2.7690925 6014354 6157570
-0.92899717 -0.14273855 2.7517513 6014632 6157648
-0.93396382 -0.14064613 2.7339771 6014874 6157685
-0.93806465 -0.13883857 2.7188908 6015077 6157714
-0.94122818 -0.13739573 2.7084863 6015227 6157744
-0.94317134 -0.13648935 2.7018102 6015321 6157761
-0.94406212 -0.13606857 2.6987756 6015364 6157769
-0.94406212 -0.13606858 2.698949 6015363 6157770
-0.9434509 -0.13635756 2.7009432 6015334 6157764
-0.94294401 -0.13659603 2.7027639 6015309 6157760
-0.94283907 -0.13664525 2.7032841 6015303 6157760
-0.94289154 -0.13662065 2.703024 6015306 6157760
-0.94299647 -0.13657141 2.7026772 6015311 6157761
-0.94299647 -0.13657141 2.7028506 6015310 6157762
-0.94299647 -0.13657141 2.7028506 6015310 6157762
-0.94299647 -0.13657141 2.7028506 6015310 6157762
-0.94303144 -0.136555 2.7026772 6015312 6157762
-0.94303144 -0.136555 2.7026772 6015312 6157762
-0.94301396 -0.13656321 2.7025905 6015312 6157761
-0.94306641 -0.13653857 2.7025038 6015314 6157762
-0.94308389 -0.13653036 2.7024171 6015315 6157762
-0.94308389 -0.13653036 2.7025905 6015314 6157763
-0.94310138 -0.13652215 2.7025038 6015315 6157763
-0.94306641 -0.13653857 2.7025038 6015314 6157762
-0.94299647 -0.13657141 2.7026772 6015311 6157761
-0.94297898 -0.13657962 2.7027639 6015310 6157761
-0.94301395 -0.1365632 2.7025905 6015312 6157761
-0.94303144 -0.136555 2.7026772 6015312 6157762
-0.94301395 -0.1365632 2.7027639 6015311 6157762
-0.94301395 -0.1365632 2.7027639 6015311 6157762
-0.94301395 -0.1365632 2.7027639 6015311 6157762
-0.94303144 -0.136555 2.7026772 6015312 6157762
-0.94303144 -0.136555 2.7026772 6015312 6157762
-0.94303144 -0.136555 2.7026772 6015312 6157762
-0.94306641 -0.13653858 2.7026772 6015313 6157763
-0.94306641 -0.13653858 2.7026772 6015313 6157763
-0.94304893 -0.13654679 2.7025905 6015313 6157762
-0.94304893 -0.13654679 2.7025905 6015313 6157762
-0.94306641 -0.13653858 2.7026772 6015313 6157763
-0.94306641 -0.13653858 2.7026772 6015313 6157763
-0.94306641 -0.13653858 2.7026772 6015313 6157763
-0.94304893 -0.13654679 2.7025905 6015313 6157762
-0.94304893 -0.13654679 2.7025905 6015313 6157762
-0.94306641 -0.13653858 2.7026772 6015313 6157763
-0.94306641 -0.13653858 2.7026772 6015313 6157763
-0.94304893 -0.13654679 2.7025905 6015313 6157762
-0.94304893 -0.13654679 2.7025905 6015313 6157762
-0.94306641 -0.13653858 2.7026772 6015313 6157763
-0.94303144 -0.136555 2.7026772 6015312 6157762
-0.94303144 -0.136555 2.7026772 6015312 6157762
-0.94303144 -0.136555 2.7026772 6015312 6157762
-0.94304892 -0.13654679 2.7027639 6015312 6157763
-0.94303144 -0.136555 2.7026772 6015312 6157762
-0.94303144 -0.136555 2.7026772 6015312 6157762
-0.94304892 -0.13654679 2.7027639 6015312 6157763
-0.94304892 -0.13654679 2.7027639 6015312 6157763
-0.94304892 -0.13654679 2.7027639 6015312 6157763
-0.94304892 -0.13654679 2.7027639 6015312 6157763
-0.94304892 -0.13654679 2.7027639 6015312 6157763
-0.94303144 -0.136555 2.7026772 6015312 6157762
-0.94303144 -0.136555 2.7026772 6015312 6157762
-0.94304892 -0.13654679 2.7027639 6015312 6157763
-0.94304893 -0.13654679 2.7025905 6015313 6157762
-0.94303144 -0.136555 2.7026772 6015312 6157762
-0.94303144 -0.136555 2.7026772 6015312 6157762
-0.94303144 -0.136555 2.7026772 6015312 6157762
-0.942944 -0.13659602 2.7031107 6015307 6157762
-0.94280407 -0.13666161 2.7034576 6015301 6157760
-0.9427166 -0.13670257 2.7038911 6015296 6157760
-0.9427166 -0.13670257 2.7038911 6015296 6157760
-0.94282157 -0.13665341 2.7033708 6015302 6157760
-0.94285655 -0.13663702 2.7033708 6015303 6157761
-0.94283906 -0.13664522 2.7034575 6015302 6157761
-0.94285655 -0.13663702 2.7033708 6015303 6157761
-0.94285655 -0.13663702 2.7033708 6015303 6157761
-0.94282157 -0.13665341 2.7033708 6015302 6157760
-0.94280407 -0.13666161 2.7034575 6015301 6157760
-0.94282157 -0.13665341 2.7035442 6015301 6157761
-0.94280407 -0.13666161 2.7036309 6015300 6157761
-0.94275159 -0.13668618 2.7037177 6015298 6157760
-0.94276908 -0.13667799 2.703631 6015299 6157760
-0.94280407 -0.1366616 2.7034575 6015301 6157760
-0.94282156 -0.13665341 2.7033708 6015302 6157760
-0.94282156 -0.13665341 2.7033708 6015302 6157760
-0.94280407 -0.1366616 2.7034575 6015301 6157760
-0.94285655 -0.13663701 2.7033708 6015303 6157761
-0.94283905 -0.13664521 2.7034575 6015302 6157761
-0.94283905 -0.13664521 2.7034575 6015302 6157761
-0.94283905 -0.13664521 2.7034575 6015302 6157761
-0.94285655 -0.13663701 2.7033708 6015303 6157761
-0.94285655 -0.13663702 2.7033708 6015303 6157761
-0.94282156 -0.13665341 2.7033708 6015302 6157760
-0.9427341 -0.13669437 2.7038044 6015297 6157760
-0.9427341 -0.13669437 2.7038044 6015297 6157760
-0.94289153 -0.13662062 2.7031974 6015305 6157761
-0.94292651 -0.13660422 2.703024 6015307 6157761
-0.94287404 -0.13662882 2.7032841 6015304 6157761
-0.94285655 -0.13663702 2.7033708 6015303 6157761
-0.94290902 -0.13661242 2.7031107 6015306 6157761
-0.94292651 -0.13660422 2.7031974 6015306 6157762
-0.94290902 -0.13661242 2.7032841 6015305 6157762
-0.94290902 -0.13661242 2.7032841 6015305 6157762
-0.94292651 -0.13660422 2.7031974 6015306 6157762
-0.94292651 -0.13660422 2.7031974 6015306 6157762
-0.94292651 -0.13660422 2.7031974 6015306 6157762
