1537525428107376 1.47375e+07 1.55068e+07
1537525428207278 1.47375e+07 1.55068e+07
1537525428307330 1.47375e+07 1.55068e+07
1537525428407169 1.47375e+07 1.55068e+07
1537525428507001 1.47375e+07 1.55068e+07
1537525428606878 1.47375e+07 1.55068e+07
1537525428706751 1.47375e+07 1.55068e+07
1537525428806609 1.47375e+07 1.55068e+07
1537525428906484 1.47375e+07 1.55068e+07
1537525429006355 1.47375e+07 1.55068e+07
1537525429106256 1.47375e+07 1.55068e+07
1537525429206084 1.47375e+07 1.55068e+07
1537525429305979 1.47375e+07 1.55068e+07
1537525429405836 1.47375e+07 1.55068e+07
1537525429506006 1.47375e+07 1.55068e+07
1537525429605830 1.47375e+07 1.55068e+07
1537525429705824 1.47375e+07 1.55068e+07
1537525429805825 1.47375e+07 1.55068e+07
1537525429905689 1.47375e+07 1.55068e+07
1537525430005576 1.47375e+07 1.55068e+07
1537525430105422 1.47375e+07 1.55068e+07
1537525430205323 1.47375e+07 1.55068e+07
1537525430305122 1.47375e+07 1.55068e+07
1537525430405165 1.47375e+07 1.55068e+07
1537525430505045 1.47375e+07 1.55068e+07
1537525430605006 1.47375e+07 1.55068e+07
1537525430704871 1.47375e+07 1.55068e+07
1537525430804713 1.47375e+07 1.55068e+07
1537525430904680 1.47375e+07 1.55068e+07
1537525431004490 1.47375e+07 1.55068e+07
1537525431104431 1.47375e+07 1.55068e+07
1537525431204330 1.47375e+07 1.55068e+07
1537525431304175 1.47375e+07 1.55068e+07
1537525431403931 1.47375e+07 1.55068e+07
1537525431503809 1.47375e+07 1.55068e+07
1537525431603623 1.47375e+07 1.55068e+07
1537525431703603 1.47375e+07 1.55068e+07
1537525431803516 1.47375e+07 1.55068e+07
1537525431903275 1.47375e+07 1.55068e+07
1537525432003093 1.47375e+07 1.55068e+07
1537525432102934 1.47375e+07 1.55068e+07
1537525432202899 1.47375e+07 1.55068e+07
1537525432302816 1.47375e+07 1.55068e+07
1537525432402616 1.47375e+07 1.55068e+07
1537525432502477 1.47375e+07 1.55068e+07
1537525432602428 1.47375e+07 1.55068e+07
1537525432702378 1.47375e+07 1.55068e+07
1537525432802276 1.47375e+07 1.55068e+07
1537525432902114 1.47375e+07 1.55068e+07
1537525433002051 1.47375e+07 1.55068e+07
1537525433101894 1.47375e+07 1.55068e+07
1537525433201921 1.47375e+07 1.55068e+07
1537525433301687 1.47375e+07 1.55068e+07
1537525433401605 1.47375e+07 1.55068e+07
1537525433501586 1.47375e+07 1.55068e+07
1537525433601480 1.47375e+07 1.55068e+07
1537525433701436 1.47375e+07 1.55068e+07
1537525433801231 1.47375e+07 1.55068e+07
1537525433901037 1.47375e+07 1.55068e+07
1537525434000977 1.47375e+07 1.55068e+07
1537525434100900 1.47375e+07 1.55068e+07
1537525434200804 1.47375e+07 1.55068e+07
1537525434300818 1.47375e+07 1.55068e+07
1537525434400794 1.47375e+07 1.55068e+07
1537525434500545 1.47375e+07 1.55068e+07
1537525434600387 1.47375e+07 1.55068e+07
1537525434700184 1.47375e+07 1.55068e+07
1537525434833469 1.47375e+07 1.55068e+07
1537525434933343 1.47375e+07 1.55068e+07
1537525435033167 1.47375e+07 1.55068e+07
1537525435132983 1.47375e+07 1.55068e+07
1537525435232878 1.47374e+07 1.55067e+07
1537525435332820 1.47372e+07 1.55066e+07
1537525435432749 1.47369e+07 1.55063e+07
1537525435532649 1.47364e+07 1.55059e+07
1537525435632599 1.47357e+07 1.55053e+07
1537525435732607 1.47349e+07 1.55045e+07
1537525435832383 1.47339e+07 1.55036e+07
1537525435932224 1.47328e+07 1.55025e+07
1537525436032066 1.47317e+07 1.55013e+07
1537525436131989 1.47305e+07 1.55e+07
1537525436231792 1.47294e+07 1.54986e+07
1537525436331763 1.47282e+07 1.54971e+07
1537525436431691 1.47271e+07 1.54957e+07
1537525436531541 1.4726e+07 1.54943e+07
1537525436631775 1.47248e+07 1.54929e+07
1537525436731992 1.47237e+07 1.54915e+07
1537525436832257 1.47226e+07 1.54901e+07
1537525436932330 1.47216e+07 1.54888e+07
1537525437032263 1.47207e+07 1.54875e+07
1537525437132151 1.47198e+07 1.54862e+07
1537525437232259 1.4719e+07 1.5485e+07
1537525437332110 1.47182e+07 1.54838e+07
1537525437432152 1.47175e+07 1.54827e+07
1537525437532063 1.47168e+07 1.54816e+07
1537525437631922 1.47161e+07 1.54806e+07
1537525437731825 1.47155e+07 1.54796e+07
1537525437831729 1.4715e+07 1.54788e+07
1537525437931525 1.47144e+07 1.5478e+07
1537525438031510 1.47139e+07 1.54772e+07
1537525438131402 1.47135e+07 1.54765e+07
1537525438231204 1.4713e+07 1.54758e+07
1537525438331147 1.47126e+07 1.54751e+07
1537525438431160 1.47122e+07 1.54744e+07
1537525438531041 1.47118e+07 1.54737e+07
1537525438631000 1.47114e+07 1.5473e+07
1537525438730845 1.4711e+07 1.54724e+07
1537525438830689 1.47107e+07 1.54718e+07
1537525438930537 1.47103e+07 1.54712e+07
1537525439030397 1.471e+07 1.54705e+07
1537525439130270 1.47097e+07 1.54698e+07
1537525439230123 1.47093e+07 1.54691e+07
1537525439329955 1.4709e+07 1.54683e+07
1537525439429781 1.47086e+07 1.54675e+07
1537525439529774 1.47082e+07 1.54666e+07
1537525439629600 1.47079e+07 1.54658e+07
1537525439729440 1.47075e+07 1.54649e+07
1537525439829371 1.47072e+07 1.54641e+07
1537525439929322 1.47068e+07 1.54632e+07
1537525440029335 1.47064e+07 1.54623e+07
1537525440129081 1.4706e+07 1.54614e+07
1537525440229223 1.47056e+07 1.54605e+07
1537525440329015 1.47052e+07 1.54596e+07
1537525440428869 1.47047e+07 1.54585e+07
1537525440528674 1.47042e+07 1.54573e+07
1537525440628500 1.47036e+07 1.54559e+07
1537525440728320 1.47031e+07 1.54545e+07
1537525440828205 1.47024e+07 1.5453e+07
1537525440928167 1.47017e+07 1.54513e+07
1537525441028120 1.4701e+07 1.54497e+07
1537525441127967 1.47003e+07 1.5448e+07
1537525441227901 1.46995e+07 1.54464e+07
1537525441327710 1.46988e+07 1.54447e+07
1537525441427655 1.4698e+07 1.54431e+07
1537525441527487 1.46972e+07 1.54414e+07
1537525441627596 1.46964e+07 1.54396e+07
1537525441727404 1.46956e+07 1.5438e+07
1537525441827296 1.46949e+07 1.54366e+07
1537525441927135 1.46942e+07 1.54355e+07
1537525442027117 1.46936e+07 1.54346e+07
1537525442126992 1.4693e+07 1.54341e+07
1537525442226871 1.46926e+07 1.54337e+07
1537525442326699 1.46922e+07 1.54334e+07
1537525442426614 1.46919e+07 1.54331e+07
1537525442526504 1.46916e+07 1.54328e+07
1537525442626443 1.46914e+07 1.54326e+07
1537525442726251 1.46913e+07 1.54324e+07
1537525442826117 1.46911e+07 1.54323e+07
1537525442926012 1.46911e+07 1.54322e+07
1537525443026010 1.46911e+07 1.54322e+07
1537525443125792 1.46911e+07 1.54322e+07
1537525443225908 1.4691e+07 1.54322e+07
1537525443325685 1.46909e+07 1.54322e+07
1537525443425551 1.46907e+07 1.54321e+07
1537525443525465 1.46904e+07 1.5432e+07
1537525443625272 1.46901e+07 1.54317e+07
1537525443725317 1.46896e+07 1.54314e+07
1537525443825148 1.46891e+07 1.5431e+07
1537525443924943 1.46885e+07 1.54306e+07
1537525444024750 1.46878e+07 1.54301e+07
1537525444124603 1.46871e+07 1.54295e+07
1537525444224642 1.46863e+07 1.54289e+07
1537525444324546 1.46854e+07 1.54282e+07
1537525444424572 1.46846e+07 1.54274e+07
1537525444524358 1.46836e+07 1.54266e+07
1537525444624222 1.46827e+07 1.54258e+07
1537525444724203 1.46817e+07 1.5425e+07
1537525444824093 1.46808e+07 1.54242e+07
1537525444923878 1.46798e+07 1.54234e+07
1537525445023842 1.46789e+07 1.54226e+07
1537525445123739 1.4678e+07 1.54219e+07
1537525445223726 1.46773e+07 1.54212e+07
1537525445323526 1.46765e+07 1.54206e+07
1537525445423528 1.46758e+07 1.542e+07
1537525445523412 1.46752e+07 1.54195e+07
1537525445623180 1.46746e+07 1.5419e+07
1537525445723117 1.46741e+07 1.54186e+07
1537525445823012 1.46737e+07 1.54183e+07
1537525445922919 1.46733e+07 1.5418e+07
1537525446022701 1.4673e+07 1.54177e+07
1537525446122588 1.46728e+07 1.54175e+07
1537525446222427 1.46726e+07 1.54173e+07
1537525446322258 1.46725e+07 1.54172e+07
1537525446422099 1.46724e+07 1.54172e+07
1537525446522007 1.46724e+07 1.54172e+07
1537525446621857 1.46725e+07 1.54172e+07
1537525446721693 1.46725e+07 1.54172e+07
1537525446821681 1.46725e+07 1.54172e+07
1537525446921547 1.46725e+07 1.54172e+07
1537525447021502 1.46725e+07 1.54172e+07
1537525447121377 1.46725e+07 1.54172e+07
1537525447221240 1.46725e+07 1.54172e+07
1537525447321197 1.46725e+07 1.54172e+07
1537525447421140 1.46725e+07 1.54172e+07
1537525447521013 1.46725e+07 1.54172e+07
1537525447620869 1.46725e+07 1.54172e+07
1537525447721025 1.46725e+07 1.54172e+07
1537525447820830 1.46725e+07 1.54172e+07
1537525447920820 1.46725e+07 1.54172e+07
1537525448020627 1.46725e+07 1.54172e+07
1537525448120539 1.46725e+07 1.54172e+07
1537525448220355 1.46725e+07 1.54172e+07
1537525448320277 1.46725e+07 1.54172e+07
1537525448420205 1.46725e+07 1.54172e+07
1537525448520097 1.46725e+07 1.54172e+07
1537525448619922 1.46725e+07 1.54172e+07
1537525448719763 1.46725e+07 1.54172e+07
1537525448852886 1.46725e+07 1.54172e+07
1537525448952836 1.46725e+07 1.54172e+07
1537525449052749 1.46725e+07 1.54172e+07
1537525449152760 1.46725e+07 1.54172e+07
1537525449252647 1.46725e+07 1.54172e+07
1537525449352591 1.46725e+07 1.54172e+07
1537525449452584 1.46725e+07 1.54172e+07
1537525449552428 1.46725e+07 1.54172e+07
1537525449652238 1.46725e+07 1.54172e+07
1537525449752130 1.46725e+07 1.54172e+07
1537525449852111 1.46725e+07 1.54172e+07
1537525449951875 1.46725e+07 1.54172e+07
1537525450051810 1.46725e+07 1.54172e+07
1537525450151618 1.46725e+07 1.54172e+07
1537525450251482 1.46725e+07 1.54172e+07
1537525450351411 1.46725e+07 1.54172e+07
1537525450451236 1.46725e+07 1.54172e+07
1537525450551303 1.46725e+07 1.54172e+07
1537525450651291 1.46725e+07 1.54172e+07
1537525450751143 1.46725e+07 1.54172e+07
1537525450850857 1.46725e+07 1.54172e+07
1537525450950701 1.46725e+07 1.54172e+07
1537525451050456 1.46725e+07 1.54172e+07
1537525451150451 1.46725e+07 1.54172e+07
1537525451250324 1.46725e+07 1.54172e+07
1537525451350097 1.46725e+07 1.54172e+07
1537525451449923 1.46725e+07 1.54172e+07
1537525451549939 1.46725e+07 1.54172e+07
1537525451650030 1.46725e+07 1.54172e+07
1537525451750147 1.46725e+07 1.54172e+07
1537525451850139 1.46725e+07 1.54172e+07
1537525451950162 1.46725e+07 1.54172e+07
1537525452050171 1.46725e+07 1.54172e+07
1537525452150060 1.46725e+07 1.54172e+07
1537525452249938 1.46725e+07 1.54172e+07
1537525452349817 1.46725e+07 1.54172e+07
1537525452449921 1.46725e+07 1.54172e+07
1537525452549777 1.46725e+07 1.54172e+07
1537525452649704 1.46725e+07 1.54172e+07
1537525452749662 1.46725e+07 1.54172e+07
1537525452849490 1.46725e+07 1.54172e+07
1537525452949378 1.46725e+07 1.54172e+07
1537525453049334 1.46725e+07 1.54172e+07
1537525453149330 1.46725e+07 1.54173e+07
1537525453249109 1.46726e+07 1.54173e+07
1537525453348953 1.46729e+07 1.54176e+07
1537525453448880 1.46737e+07 1.54183e+07
1537525453548691 1.46748e+07 1.54193e+07
1537525453648721 1.46762e+07 1.54206e+07
1537525453748538 1.46779e+07 1.54221e+07
1537525453848418 1.46796e+07 1.54237e+07
1537525453948372 1.46815e+07 1.54255e+07
1537525454048385 1.46834e+07 1.54274e+07
1537525454148239 1.46853e+07 1.54293e+07
1537525454248158 1.46872e+07 1.54313e+07
1537525454348064 1.46892e+07 1.54334e+07
1537525454447959 1.46913e+07 1.54356e+07
1537525454547791 1.46935e+07 1.54378e+07
1537525454647794 1.46957e+07 1.544e+07
1537525454747608 1.46979e+07 1.54422e+07
1537525454847524 1.47002e+07 1.54444e+07
1537525454947332 1.47026e+07 1.54467e+07
1537525455047323 1.4705e+07 1.54491e+07
1537525455147145 1.47074e+07 1.54515e+07
1537525455247087 1.47099e+07 1.5454e+07
1537525455346982 1.47124e+07 1.54565e+07
1537525455446802 1.47149e+07 1.54592e+07
1537525455546627 1.47175e+07 1.54619e+07
1537525455646677 1.47201e+07 1.54647e+07
1537525455746526 1.47228e+07 1.54675e+07
1537525455846405 1.47255e+07 1.54702e+07
1537525455946300 1.47283e+07 1.54729e+07
1537525456046335 1.47311e+07 1.54756e+07
1537525456146203 1.47339e+07 1.54782e+07
1537525456246075 1.47367e+07 1.54809e+07
1537525456345870 1.47394e+07 1.54836e+07
1537525456445747 1.47423e+07 1.54863e+07
1537525456545578 1.47451e+07 1.5489e+07
1537525456645454 1.47479e+07 1.54917e+07
1537525456745463 1.47508e+07 1.54944e+07
1537525456845342 1.47536e+07 1.54971e+07
1537525456945240 1.47565e+07 1.54998e+07
1537525457045055 1.47594e+07 1.55025e+07
1537525457144860 1.47622e+07 1.55052e+07
1537525457244823 1.47651e+07 1.55079e+07
1537525457344753 1.47679e+07 1.55107e+07
1537525457444674 1.47707e+07 1.55133e+07
1537525457544454 1.47734e+07 1.55158e+07
1537525457644290 1.47763e+07 1.55182e+07
1537525457744287 1.47792e+07 1.55205e+07
1537525457844193 1.47822e+07 1.55227e+07
1537525457944013 1.47851e+07 1.55249e+07
1537525458043908 1.4788e+07 1.55271e+07
1537525458143744 1.47909e+07 1.55293e+07
1537525458243757 1.47937e+07 1.55316e+07
1537525458343585 1.47965e+07 1.55337e+07
1537525458443572 1.47993e+07 1.55357e+07
1537525458543448 1.4802e+07 1.55376e+07
1537525458643323 1.48048e+07 1.55395e+07
1537525458743208 1.48077e+07 1.55415e+07
1537525458843204 1.48106e+07 1.55434e+07
1537525458943042 1.48135e+07 1.55453e+07
1537525459042851 1.48163e+07 1.55473e+07
1537525459142662 1.4819e+07 1.55493e+07
1537525459242568 1.48216e+07 1.55512e+07
1537525459342545 1.48243e+07 1.55531e+07
1537525459442545 1.48269e+07 1.5555e+07
1537525459542323 1.48297e+07 1.55569e+07
1537525459642251 1.48326e+07 1.55588e+07
1537525459742177 1.48357e+07 1.55608e+07
1537525459841967 1.48388e+07 1.55629e+07
1537525459941790 1.4842e+07 1.5565e+07
1537525460041704 1.4845e+07 1.55672e+07
1537525460141528 1.4848e+07 1.55694e+07
1537525460241447 1.48509e+07 1.55716e+07
1537525460341394 1.48538e+07 1.5574e+07
1537525460441295 1.48566e+07 1.55763e+07
1537525460541141 1.48595e+07 1.55787e+07
1537525460640981 1.48625e+07 1.55811e+07
1537525460740839 1.48655e+07 1.55837e+07
1537525460840739 1.48684e+07 1.55862e+07
1537525460940619 1.48712e+07 1.55889e+07
1537525461040684 1.4874e+07 1.55916e+07
1537525461140508 1.48767e+07 1.55943e+07
1537525461240345 1.48794e+07 1.55972e+07
1537525461340364 1.4882e+07 1.56001e+07
1537525461440366 1.48844e+07 1.5603e+07
1537525461540148 1.48866e+07 1.56058e+07
1537525461640007 1.48886e+07 1.56087e+07
1537525461740016 1.48904e+07 1.56114e+07
1537525461839893 1.48919e+07 1.5614e+07
1537525461939695 1.48933e+07 1.56164e+07
1537525462039496 1.48944e+07 1.56187e+07
1537525462139354 1.48954e+07 1.56209e+07
1537525462239315 1.48963e+07 1.56229e+07
1537525462339179 1.48971e+07 1.56248e+07
1537525462439039 1.48979e+07 1.56267e+07
1537525462538998 1.48985e+07 1.56285e+07
1537525462638823 1.48991e+07 1.56302e+07
1537525462738776 1.48997e+07 1.5632e+07
1537525462838621 1.49003e+07 1.56336e+07
1537525462938555 1.49009e+07 1.56352e+07
1537525463038434 1.49015e+07 1.56367e+07
1537525463138298 1.49021e+07 1.56381e+07
1537525463238163 1.49026e+07 1.56395e+07
1537525463338132 1.49032e+07 1.56409e+07
1537525463438053 1.49037e+07 1.56423e+07
1537525463537936 1.49042e+07 1.56438e+07
1537525463637761 1.49046e+07 1.56455e+07
1537525463737614 1.4905e+07 1.56473e+07
1537525463837515 1.49055e+07 1.56492e+07
1537525463937448 1.4906e+07 1.56511e+07
1537525464037436 1.49065e+07 1.56531e+07
1537525464137344 1.4907e+07 1.56551e+07
1537525464237159 1.49075e+07 1.56571e+07
1537525464370774 1.49083e+07 1.56599e+07
1537525464470291 1.4909e+07 1.56619e+07
1537525464603463 1.49101e+07 1.56645e+07
1537525464703354 1.4911e+07 1.56665e+07
1537525464803162 1.4912e+07 1.56686e+07
1537525464903163 1.4913e+07 1.56708e+07
1537525465003068 1.49141e+07 1.5673e+07
1537525465102972 1.49153e+07 1.56751e+07
1537525465202808 1.49165e+07 1.56772e+07
1537525465302604 1.49179e+07 1.56793e+07
1537525465402547 1.49194e+07 1.56814e+07
1537525465502470 1.49211e+07 1.56834e+07
1537525465602288 1.49228e+07 1.56854e+07
1537525465702131 1.49246e+07 1.56874e+07
1537525465802062 1.49265e+07 1.56895e+07
1537525465901942 1.49285e+07 1.56914e+07
1537525466001902 1.49306e+07 1.56933e+07
1537525466101723 1.49328e+07 1.56951e+07
1537525466201565 1.49351e+07 1.56968e+07
1537525466301551 1.49376e+07 1.56984e+07
1537525466401477 1.49401e+07 1.57e+07
1537525466501313 1.49427e+07 1.57018e+07
1537525466601246 1.49452e+07 1.57037e+07
1537525466701226 1.49477e+07 1.57059e+07
1537525466801213 1.49502e+07 1.57083e+07
1537525466901245 1.49526e+07 1.57109e+07
1537525467001222 1.49551e+07 1.57133e+07
1537525467101178 1.49575e+07 1.57158e+07
1537525467234514 1.49609e+07 1.5719e+07
1537525467334355 1.49635e+07 1.57214e+07
1537525467434203 1.49661e+07 1.57237e+07
1537525467534160 1.49687e+07 1.5726e+07
1537525467634089 1.49715e+07 1.57283e+07
1537525467733948 1.49742e+07 1.57306e+07
1537525467833935 1.4977e+07 1.57328e+07
1537525467933934 1.49798e+07 1.57349e+07
1537525468033803 1.49825e+07 1.57369e+07
1537525468133618 1.49854e+07 1.57389e+07
1537525468233444 1.49884e+07 1.57408e+07
1537525468333361 1.49912e+07 1.57429e+07
1537525468433423 1.4994e+07 1.5745e+07
1537525468533303 1.49968e+07 1.57471e+07
1537525468633128 1.49995e+07 1.57493e+07
1537525468733011 1.50021e+07 1.57515e+07
1537525468832933 1.50047e+07 1.57538e+07
1537525468932941 1.50072e+07 1.5756e+07
1537525469032752 1.50097e+07 1.57583e+07
1537525469132761 1.50122e+07 1.57606e+07
1537525469232633 1.50147e+07 1.57629e+07
1537525469332525 1.50171e+07 1.57651e+07
1537525469432312 1.50197e+07 1.57674e+07
1537525469532199 1.50224e+07 1.57697e+07
1537525469632177 1.50251e+07 1.57719e+07
1537525469732039 1.5028e+07 1.57741e+07
1537525469831827 1.50309e+07 1.57763e+07
1537525469931766 1.50339e+07 1.57785e+07
1537525470031749 1.50369e+07 1.57806e+07
1537525470131515 1.50399e+07 1.57828e+07
1537525470231427 1.50427e+07 1.5785e+07
1537525470331243 1.50455e+07 1.57874e+07
1537525470431169 1.50483e+07 1.57898e+07
1537525470531153 1.50509e+07 1.57923e+07
1537525470631055 1.50536e+07 1.57948e+07
1537525470731020 1.50562e+07 1.57973e+07
1537525470864048 1.50597e+07 1.58006e+07
1537525470963955 1.50624e+07 1.58031e+07
1537525471063756 1.5065e+07 1.58056e+07
1537525471163610 1.50677e+07 1.58083e+07
1537525471263408 1.50703e+07 1.5811e+07
1537525471363359 1.5073e+07 1.58137e+07
1537525471463286 1.50757e+07 1.58163e+07
1537525471563208 1.50783e+07 1.58189e+07
1537525471663130 1.50808e+07 1.58216e+07
1537525471763036 1.50834e+07 1.58242e+07
1537525471862871 1.50859e+07 1.58268e+07
1537525471962795 1.50884e+07 1.58294e+07
1537525472062649 1.50908e+07 1.58321e+07
1537525472162470 1.50932e+07 1.58349e+07
1537525472262349 1.50956e+07 1.58378e+07
1537525472362279 1.5098e+07 1.58407e+07
1537525472462231 1.51004e+07 1.58435e+07
1537525472562252 1.51028e+07 1.58463e+07
1537525472662123 1.51052e+07 1.5849e+07
1537525472761932 1.51077e+07 1.58517e+07
1537525472861749 1.51101e+07 1.58544e+07
1537525472961665 1.51125e+07 1.58573e+07
1537525473061559 1.51149e+07 1.58602e+07
1537525473161414 1.51173e+07 1.5863e+07
1537525473261431 1.51197e+07 1.58658e+07
1537525473361356 1.51222e+07 1.58685e+07
1537525473461352 1.51246e+07 1.58712e+07
1537525473561117 1.51271e+07 1.58738e+07
1537525473660951 1.51296e+07 1.58764e+07
1537525473760790 1.51321e+07 1.58789e+07
1537525473860718 1.51345e+07 1.58814e+07
1537525473960628 1.5137e+07 1.5884e+07
1537525474060550 1.51395e+07 1.58866e+07
1537525474160362 1.5142e+07 1.58892e+07
1537525474260298 1.51444e+07 1.58917e+07
1537525474360205 1.51466e+07 1.58941e+07
1537525474460011 1.51487e+07 1.58966e+07
1537525474559871 1.51508e+07 1.58992e+07
1537525474659729 1.51528e+07 1.59018e+07
1537525474759665 1.51548e+07 1.59044e+07
1537525474892868 1.51575e+07 1.59079e+07
1537525474992833 1.51595e+07 1.59104e+07
1537525475092772 1.51615e+07 1.59127e+07
1537525475192574 1.51635e+07 1.5915e+07
1537525475292428 1.51656e+07 1.59172e+07
1537525475392379 1.51677e+07 1.59193e+07
1537525475492197 1.51698e+07 1.59212e+07
1537525475592126 1.51719e+07 1.59229e+07
1537525475692173 1.51741e+07 1.59245e+07
1537525475791970 1.51764e+07 1.59259e+07
1537525475891814 1.51786e+07 1.59272e+07
1537525475991657 1.51808e+07 1.59283e+07
1537525476091591 1.51831e+07 1.59294e+07
1537525476191560 1.51854e+07 1.59305e+07
1537525476291600 1.51878e+07 1.59315e+07
1537525476391372 1.51901e+07 1.59325e+07
1537525476491156 1.51925e+07 1.59334e+07
1537525476591002 1.51947e+07 1.59343e+07
1537525476690840 1.51971e+07 1.59352e+07
1537525476790704 1.51995e+07 1.59359e+07
1537525476890674 1.52019e+07 1.59366e+07
1537525476990530 1.52042e+07 1.59372e+07
1537525477090509 1.52066e+07 1.59378e+07
1537525477190546 1.52089e+07 1.59382e+07
1537525477290442 1.52111e+07 1.59386e+07
1537525477390319 1.52133e+07 1.5939e+07
1537525477490113 1.52155e+07 1.59393e+07
1537525477590199 1.52176e+07 1.59397e+07
1537525477690075 1.52196e+07 1.594e+07
1537525477789937 1.52216e+07 1.59402e+07
1537525477889868 1.52235e+07 1.59405e+07
1537525477989645 1.52253e+07 1.59407e+07
1537525478089622 1.52269e+07 1.59409e+07
1537525478189602 1.52284e+07 1.59412e+07
1537525478289517 1.52298e+07 1.59414e+07
1537525478389291 1.52312e+07 1.59416e+07
1537525478489243 1.52324e+07 1.59419e+07
1537525478589118 1.52336e+07 1.59422e+07
1537525478689085 1.52348e+07 1.59426e+07
1537525478788898 1.52361e+07 1.59432e+07
1537525478888638 1.52374e+07 1.5944e+07
1537525478988543 1.52388e+07 1.59449e+07
1537525479088330 1.52401e+07 1.5946e+07
1537525479188235 1.52415e+07 1.59472e+07
1537525479288080 1.52428e+07 1.59484e+07
1537525479387919 1.52441e+07 1.59498e+07
1537525479487789 1.52454e+07 1.59512e+07
1537525479587744 1.52466e+07 1.59527e+07
1537525479687687 1.52478e+07 1.59543e+07
1537525479787659 1.5249e+07 1.59558e+07
1537525479887552 1.52503e+07 1.59576e+07
1537525479987360 1.52515e+07 1.59595e+07
1537525480087348 1.52528e+07 1.59617e+07
1537525480187150 1.5254e+07 1.59639e+07
1537525480287058 1.52553e+07 1.59661e+07
1537525480386911 1.52567e+07 1.59682e+07
1537525480486845 1.52582e+07 1.59703e+07
1537525480586666 1.526e+07 1.59724e+07
1537525480686584 1.52621e+07 1.59746e+07
1537525480786525 1.52643e+07 1.59766e+07
1537525480886533 1.52666e+07 1.59787e+07
1537525480986321 1.52689e+07 1.59807e+07
1537525481086246 1.52712e+07 1.59828e+07
1537525481186062 1.52736e+07 1.59849e+07
1537525481285913 1.5276e+07 1.59872e+07
1537525481385767 1.52783e+07 1.59894e+07
1537525481485708 1.52807e+07 1.59917e+07
1537525481585530 1.52833e+07 1.5994e+07
1537525481685704 1.5286e+07 1.59962e+07
1537525481785913 1.52887e+07 1.59986e+07
1537525481886165 1.52915e+07 1.6001e+07
1537525481986168 1.52942e+07 1.60034e+07
1537525482086145 1.5297e+07 1.6006e+07
1537525482186043 1.52999e+07 1.60085e+07
1537525482285858 1.53027e+07 1.6011e+07
1537525482385818 1.53055e+07 1.60135e+07
1537525482485844 1.53083e+07 1.60159e+07
1537525482585672 1.53111e+07 1.60184e+07
1537525482685510 1.53139e+07 1.60209e+07
1537525482785430 1.53168e+07 1.60235e+07
1537525482885387 1.53195e+07 1.6026e+07
1537525482985386 1.53224e+07 1.60287e+07
1537525483085273 1.53252e+07 1.60314e+07
1537525483185021 1.53279e+07 1.60342e+07
1537525483284924 1.53306e+07 1.60369e+07
1537525483384825 1.53334e+07 1.60397e+07
1537525483484933 1.53361e+07 1.60424e+07
1537525483584781 1.53388e+07 1.6045e+07
1537525483684609 1.53415e+07 1.60476e+07
1537525483784494 1.53442e+07 1.60502e+07
1537525483884364 1.53469e+07 1.60528e+07
1537525483984280 1.53496e+07 1.60554e+07
1537525484084208 1.53524e+07 1.60579e+07
1537525484184068 1.5355e+07 1.60604e+07
1537525484284013 1.53577e+07 1.60628e+07
1537525484383886 1.53603e+07 1.60654e+07
1537525484483727 1.5363e+07 1.60679e+07
1537525484583597 1.53656e+07 1.60705e+07
1537525484683476 1.53682e+07 1.60732e+07
1537525484783263 1.53709e+07 1.60759e+07
1537525484916375 1.53744e+07 1.60797e+07
1537525485016221 1.5377e+07 1.60826e+07
1537525485116108 1.53796e+07 1.60855e+07
1537525485215975 1.53823e+07 1.60884e+07
1537525485315810 1.53849e+07 1.60912e+07
1537525485415789 1.53875e+07 1.6094e+07
1537525485515735 1.53902e+07 1.60969e+07
1537525485615695 1.53928e+07 1.60998e+07
1537525485715495 1.53954e+07 1.61028e+07
1537525485815351 1.53982e+07 1.61059e+07
1537525485915194 1.5401e+07 1.61088e+07
1537525486015087 1.54038e+07 1.61117e+07
1537525486114960 1.54066e+07 1.61146e+07
1537525486214917 1.54094e+07 1.61175e+07
1537525486314813 1.54122e+07 1.61203e+07
1537525486414688 1.5415e+07 1.61232e+07
1537525486514611 1.54179e+07 1.6126e+07
1537525486614648 1.5421e+07 1.61291e+07
1537525486714493 1.54241e+07 1.61323e+07
1537525486814532 1.54273e+07 1.61355e+07
1537525486914448 1.54305e+07 1.61387e+07
1537525487014268 1.54335e+07 1.61418e+07
1537525487114181 1.54366e+07 1.61449e+07
1537525487214004 1.54397e+07 1.61479e+07
1537525487313836 1.54425e+07 1.61509e+07
1537525487413826 1.54454e+07 1.61538e+07
1537525487513625 1.54483e+07 1.61567e+07
1537525487613488 1.54511e+07 1.61596e+07
1537525487713352 1.54539e+07 1.61624e+07
1537525487813336 1.54566e+07 1.61651e+07
1537525487913199 1.54593e+07 1.61679e+07
1537525488013067 1.54619e+07 1.61706e+07
1537525488113108 1.54645e+07 1.61732e+07
1537525488213201 1.54671e+07 1.61758e+07
1537525488313006 1.54696e+07 1.61783e+07
1537525488412850 1.5472e+07 1.61808e+07
1537525488512640 1.54743e+07 1.61832e+07
1537525488612435 1.54766e+07 1.61856e+07
1537525488712369 1.54789e+07 1.6188e+07
1537525488812180 1.54811e+07 1.61903e+07
1537525488912020 1.54833e+07 1.61925e+07
1537525489011898 1.54854e+07 1.61946e+07
1537525489111753 1.54875e+07 1.61968e+07
1537525489211622 1.54896e+07 1.61989e+07
1537525489311584 1.54915e+07 1.6201e+07
1537525489411460 1.54934e+07 1.6203e+07
1537525489511422 1.54953e+07 1.62049e+07
1537525489611390 1.54972e+07 1.62068e+07
1537525489711390 1.5499e+07 1.62086e+07
1537525489811264 1.55008e+07 1.62104e+07
1537525489911069 1.55025e+07 1.62122e+07
1537525490010978 1.55042e+07 1.62139e+07
1537525490111064 1.55058e+07 1.62156e+07
1537525490210805 1.55073e+07 1.62172e+07
1537525490310690 1.55088e+07 1.62188e+07
1537525490410575 1.55102e+07 1.62203e+07
1537525490510478 1.55116e+07 1.62217e+07
1537525490610476 1.5513e+07 1.62231e+07
1537525490710429 1.55143e+07 1.62244e+07
1537525490810292 1.55156e+07 1.62257e+07
1537525490910059 1.55169e+07 1.62271e+07
1537525491043447 1.55189e+07 1.62289e+07
1537525491143172 1.55205e+07 1.62303e+07
1537525491309701 1.55231e+07 1.62326e+07
1537525491442903 1.55252e+07 1.62346e+07
1537525491542809 1.55268e+07 1.6236e+07
1537525491642695 1.55284e+07 1.62374e+07
1537525491742601 1.55299e+07 1.62388e+07
1537525491842444 1.55313e+07 1.624e+07
1537525491942315 1.55326e+07 1.62412e+07
1537525492042105 1.55339e+07 1.62424e+07
1537525492142096 1.55351e+07 1.62435e+07
1537525492241957 1.55363e+07 1.62446e+07
1537525492341715 1.55374e+07 1.62456e+07
1537525492441558 1.55385e+07 1.62466e+07
1537525492541417 1.55395e+07 1.62476e+07
1537525492641273 1.55405e+07 1.62485e+07
1537525492741120 1.55416e+07 1.62496e+07
1537525492841013 1.55428e+07 1.62508e+07
1537525492940907 1.55442e+07 1.6252e+07
1537525493040905 1.55456e+07 1.62534e+07
1537525493140849 1.55471e+07 1.6255e+07
1537525493240869 1.55487e+07 1.62567e+07
1537525493340802 1.55503e+07 1.62585e+07
1537525493440690 1.5552e+07 1.62604e+07
1537525493540477 1.55537e+07 1.62622e+07
1537525493640259 1.55553e+07 1.62639e+07
1537525493740098 1.55569e+07 1.62656e+07
1537525493840036 1.55585e+07 1.62673e+07
1537525493939987 1.55601e+07 1.6269e+07
1537525494039950 1.55618e+07 1.62707e+07
1537525494139850 1.55634e+07 1.62723e+07
1537525494239686 1.55651e+07 1.62739e+07
1537525494339614 1.55669e+07 1.62756e+07
1537525494472780 1.55693e+07 1.6278e+07
1537525494572582 1.55712e+07 1.62799e+07
1537525494672523 1.55731e+07 1.62819e+07
1537525494805742 1.55756e+07 1.62845e+07
1537525494938974 1.55784e+07 1.62871e+07
1537525495038961 1.55805e+07 1.62891e+07
1537525495138753 1.55826e+07 1.62911e+07
1537525495238744 1.55847e+07 1.62931e+07
1537525495338624 1.55868e+07 1.62951e+07
1537525495438488 1.55888e+07 1.62972e+07
1537525495538410 1.55909e+07 1.62994e+07
1537525495638487 1.5593e+07 1.63016e+07
1537525495738260 1.55952e+07 1.63037e+07
1537525495838055 1.55973e+07 1.63058e+07
1537525495937855 1.55995e+07 1.63078e+07
1537525496037767 1.56019e+07 1.63098e+07
1537525496137711 1.56042e+07 1.63118e+07
1537525496237604 1.56064e+07 1.63137e+07
1537525496370671 1.56094e+07 1.63162e+07
1537525496470613 1.56116e+07 1.63182e+07
1537525496570451 1.56139e+07 1.63201e+07
1537525496670637 1.56161e+07 1.63221e+07
1537525496770787 1.56184e+07 1.63241e+07
1537525496870754 1.56206e+07 1.63261e+07
1537525496970855 1.56229e+07 1.63281e+07
1537525497070808 1.56252e+07 1.633e+07
1537525497170784 1.56274e+07 1.63319e+07
1537525497270619 1.56295e+07 1.63339e+07
1537525497370599 1.56317e+07 1.63359e+07
1537525497470542 1.56338e+07 1.63381e+07
1537525497570334 1.5636e+07 1.63404e+07
1537525497670276 1.56381e+07 1.63426e+07
1537525497770305 1.56403e+07 1.63448e+07
1537525497903513 1.56432e+07 1.63478e+07
1537525498003473 1.56454e+07 1.635e+07
1537525498103284 1.56476e+07 1.63521e+07
1537525498203079 1.56497e+07 1.63541e+07
1537525498302973 1.56518e+07 1.63563e+07
1537525498402904 1.56539e+07 1.63586e+07
1537525498502718 1.56559e+07 1.63611e+07
1537525498602697 1.5658e+07 1.63636e+07
1537525498702575 1.56601e+07 1.63661e+07
1537525498802392 1.56621e+07 1.63685e+07
1537525498902318 1.56641e+07 1.63708e+07
1537525499002331 1.56661e+07 1.63731e+07
1537525499102126 1.56682e+07 1.63753e+07
1537525499201931 1.56701e+07 1.63775e+07
1537525499301770 1.56722e+07 1.63798e+07
1537525499401721 1.56743e+07 1.63822e+07
1537525499501529 1.56765e+07 1.63845e+07
1537525499601442 1.56787e+07 1.63868e+07
1537525499701400 1.56808e+07 1.63889e+07
1537525499868034 1.56845e+07 1.63924e+07
1537525499967813 1.56866e+07 1.63943e+07
1537525500067751 1.56887e+07 1.63962e+07
1537525500167580 1.56907e+07 1.63981e+07
1537525500267407 1.56927e+07 1.64001e+07
1537525500367338 1.56946e+07 1.64022e+07
1537525500467214 1.56965e+07 1.64044e+07
1537525500567258 1.56984e+07 1.64065e+07
1537525500667168 1.57001e+07 1.64087e+07
1537525500766978 1.57017e+07 1.64108e+07
1537525500866973 1.57032e+07 1.64129e+07
1537525500966792 1.57046e+07 1.6415e+07
1537525501066617 1.57059e+07 1.64171e+07
1537525501166553 1.57071e+07 1.64191e+07
1537525501266456 1.57082e+07 1.6421e+07
1537525501366433 1.57092e+07 1.64229e+07
1537525501466187 1.57102e+07 1.64248e+07
1537525501566064 1.57112e+07 1.64266e+07
1537525501665997 1.5712e+07 1.64284e+07
1537525501765817 1.57129e+07 1.64302e+07
1537525501899061 1.5714e+07 1.64325e+07
1537525501998915 1.57148e+07 1.64342e+07
1537525502098832 1.57156e+07 1.64358e+07
1537525502198659 1.57163e+07 1.64373e+07
1537525502298660 1.57171e+07 1.64388e+07
1537525502398579 1.57178e+07 1.64403e+07
1537525502498474 1.57184e+07 1.64417e+07
1537525502598393 1.5719e+07 1.64431e+07
1537525502698284 1.57196e+07 1.64445e+07
1537525502798074 1.57202e+07 1.64458e+07
1537525502898066 1.57207e+07 1.64471e+07
1537525502997879 1.57211e+07 1.64484e+07
1537525503097784 1.57216e+07 1.64495e+07
1537525503197579 1.5722e+07 1.64506e+07
1537525503297516 1.57224e+07 1.64516e+07
1537525503397527 1.57227e+07 1.64525e+07
1537525503497440 1.5723e+07 1.64534e+07
1537525503597324 1.57232e+07 1.64542e+07
1537525503697098 1.57233e+07 1.64549e+07
1537525503796985 1.57232e+07 1.64555e+07
1537525503896884 1.57228e+07 1.64559e+07
1537525503996775 1.57223e+07 1.64561e+07
1537525504096529 1.57217e+07 1.64561e+07
1537525504196528 1.57209e+07 1.6456e+07
1537525504296413 1.572e+07 1.6456e+07
1537525504396512 1.5719e+07 1.6456e+07
1537525504496269 1.5718e+07 1.6456e+07
1537525504596240 1.57168e+07 1.64561e+07
1537525504695992 1.57157e+07 1.64563e+07
1537525504795907 1.57146e+07 1.64565e+07
1537525504929251 1.57133e+07 1.64567e+07
1537525505028993 1.57126e+07 1.6457e+07
1537525505128883 1.57121e+07 1.64574e+07
1537525505228778 1.57121e+07 1.64579e+07
1537525505328660 1.57124e+07 1.64586e+07
1537525505428638 1.57129e+07 1.64595e+07
1537525505528417 1.57136e+07 1.64606e+07
1537525505628224 1.57144e+07 1.64619e+07
1537525505728204 1.57155e+07 1.64633e+07
1537525505828003 1.57166e+07 1.64647e+07
1537525505927990 1.57179e+07 1.64661e+07
1537525506027824 1.57192e+07 1.64675e+07
1537525506127655 1.57205e+07 1.64689e+07
1537525506227471 1.57219e+07 1.64705e+07
1537525506327380 1.57233e+07 1.6472e+07
1537525506427234 1.57247e+07 1.64736e+07
1537525506527184 1.57261e+07 1.64751e+07
1537525506627105 1.57276e+07 1.64766e+07
1537525506726959 1.57291e+07 1.64782e+07
1537525506826900 1.57307e+07 1.64798e+07
1537525506926858 1.57323e+07 1.64813e+07
1537525507026674 1.5734e+07 1.64827e+07
1537525507126581 1.57356e+07 1.64841e+07
1537525507226408 1.57372e+07 1.64856e+07
1537525507326386 1.5739e+07 1.64871e+07
1537525507426407 1.57407e+07 1.64887e+07
1537525507526187 1.57425e+07 1.64903e+07
1537525507626016 1.57443e+07 1.64919e+07
1537525507725946 1.57462e+07 1.64935e+07
1537525507825901 1.57481e+07 1.64952e+07
1537525507925840 1.57501e+07 1.64969e+07
1537525508025653 1.57519e+07 1.64986e+07
1537525508125469 1.57538e+07 1.65003e+07
1537525508225337 1.57557e+07 1.65021e+07
1537525508325189 1.57576e+07 1.6504e+07
1537525508425154 1.57596e+07 1.65059e+07
1537525508525017 1.57617e+07 1.65079e+07
1537525508624871 1.57638e+07 1.65098e+07
1537525508724920 1.5766e+07 1.65117e+07
1537525508858006 1.5769e+07 1.65142e+07
1537525508957856 1.57713e+07 1.65161e+07
1537525509057790 1.57735e+07 1.6518e+07
1537525509157709 1.57758e+07 1.652e+07
1537525509257563 1.57782e+07 1.6522e+07
1537525509357512 1.57805e+07 1.65241e+07
1537525509457557 1.57829e+07 1.65261e+07
1537525509557395 1.57852e+07 1.65281e+07
1537525509657384 1.57875e+07 1.65302e+07
1537525509757239 1.57899e+07 1.65323e+07
1537525509857053 1.57923e+07 1.65344e+07
1537525509956871 1.57946e+07 1.65366e+07
1537525510056787 1.5797e+07 1.65388e+07
1537525510156720 1.57994e+07 1.65412e+07
1537525510256534 1.58017e+07 1.65436e+07
1537525510356489 1.5804e+07 1.6546e+07
1537525510456328 1.58063e+07 1.65484e+07
1537525510556346 1.58086e+07 1.65507e+07
1537525510656128 1.5811e+07 1.65529e+07
1537525510756063 1.58133e+07 1.65552e+07
1537525510855960 1.58156e+07 1.65575e+07
1537525510955828 1.58179e+07 1.65598e+07
1537525511055662 1.58201e+07 1.65623e+07
1537525511155510 1.58224e+07 1.65648e+07
1537525511255443 1.58248e+07 1.65674e+07
1537525511355363 1.58271e+07 1.65698e+07
1537525511455260 1.58294e+07 1.65723e+07
1537525511555248 1.58319e+07 1.65748e+07
1537525511655162 1.58342e+07 1.65774e+07
1537525511755426 1.58366e+07 1.65798e+07
1537525511855367 1.58389e+07 1.65823e+07
1537525511955428 1.58413e+07 1.65848e+07
1537525512055420 1.58437e+07 1.65873e+07
1537525512155441 1.58462e+07 1.659e+07
1537525512255358 1.58487e+07 1.65927e+07
1537525512355293 1.58512e+07 1.65953e+07
1537525512455121 1.58538e+07 1.6598e+07
1537525512554991 1.58565e+07 1.66006e+07
1537525512654954 1.58591e+07 1.66032e+07
1537525512754791 1.58618e+07 1.66059e+07
1537525512854754 1.58644e+07 1.66086e+07
1537525512954694 1.58671e+07 1.66114e+07
1537525513054559 1.58697e+07 1.66143e+07
1537525513154456 1.58724e+07 1.66172e+07
1537525513254356 1.5875e+07 1.662e+07
1537525513354131 1.58776e+07 1.66229e+07
1537525513454072 1.58802e+07 1.66257e+07
1537525513553894 1.58828e+07 1.66286e+07
1537525513653820 1.58853e+07 1.66314e+07
1537525513753765 1.58878e+07 1.66342e+07
1537525513853607 1.58904e+07 1.66371e+07
1537525513953685 1.58929e+07 1.664e+07
1537525514053560 1.58955e+07 1.66428e+07
1537525514153369 1.58981e+07 1.66456e+07
1537525514253283 1.59007e+07 1.66483e+07
1537525514353322 1.59034e+07 1.66509e+07
1537525514453307 1.59062e+07 1.66535e+07
1537525514553136 1.59089e+07 1.6656e+07
1537525514653110 1.59117e+07 1.66586e+07
1537525514752965 1.59145e+07 1.66611e+07
1537525514852846 1.59173e+07 1.66636e+07
1537525514952664 1.592e+07 1.66661e+07
1537525515052633 1.59229e+07 1.66686e+07
1537525515152493 1.59258e+07 1.66711e+07
1537525515252470 1.59287e+07 1.66735e+07
1537525515352303 1.59315e+07 1.66761e+07
1537525515452132 1.59343e+07 1.66787e+07
1537525515552125 1.5937e+07 1.66813e+07
1537525515651895 1.59397e+07 1.66839e+07
1537525515751871 1.59424e+07 1.66865e+07
1537525515851634 1.5945e+07 1.6689e+07
1537525515951545 1.59476e+07 1.66915e+07
1537525516051362 1.595e+07 1.6694e+07
1537525516151407 1.59525e+07 1.66963e+07
1537525516251405 1.5955e+07 1.66985e+07
1537525516351238 1.59574e+07 1.67005e+07
1537525516451032 1.59599e+07 1.67024e+07
1537525516550927 1.59623e+07 1.67041e+07
1537525516650698 1.59648e+07 1.67057e+07
1537525516783766 1.59681e+07 1.67077e+07
1537525516883720 1.59707e+07 1.67091e+07
1537525516983672 1.59732e+07 1.67104e+07
1537525517083492 1.59756e+07 1.67118e+07
1537525517183353 1.5978e+07 1.67132e+07
1537525517283380 1.59804e+07 1.67147e+07
1537525517383214 1.59827e+07 1.67162e+07
1537525517483021 1.5985e+07 1.67178e+07
1537525517582957 1.59873e+07 1.67193e+07
1537525517682765 1.59897e+07 1.67209e+07
1537525517782624 1.5992e+07 1.67225e+07
1537525517882491 1.59944e+07 1.67242e+07
1537525517982435 1.59967e+07 1.67259e+07
1537525518082413 1.5999e+07 1.67278e+07
1537525518182274 1.60012e+07 1.67297e+07
1537525518282372 1.60035e+07 1.67318e+07
1537525518382176 1.60058e+07 1.6734e+07
1537525518482110 1.6008e+07 1.67362e+07
1537525518581928 1.60103e+07 1.67384e+07
1537525518681805 1.60126e+07 1.67406e+07
1537525518781667 1.60149e+07 1.67428e+07
1537525518881506 1.60172e+07 1.6745e+07
1537525518981398 1.60195e+07 1.67472e+07
1537525519114715 1.60226e+07 1.67502e+07
1537525519214560 1.6025e+07 1.67527e+07
1537525519314412 1.60274e+07 1.67551e+07
1537525519414290 1.60299e+07 1.67574e+07
1537525519514245 1.60324e+07 1.67596e+07
1537525519614157 1.60351e+07 1.67618e+07
1537525519714500 1.60378e+07 1.67638e+07
1537525519814013 1.60404e+07 1.67658e+07
1537525519913951 1.6043e+07 1.67679e+07
1537525520013809 1.60455e+07 1.677e+07
1537525520113696 1.6048e+07 1.67723e+07
1537525520213573 1.60504e+07 1.67745e+07
1537525520313493 1.60528e+07 1.67768e+07
1537525520413415 1.60552e+07 1.67791e+07
1537525520513203 1.60577e+07 1.67813e+07
1537525520613147 1.606e+07 1.67836e+07
1537525520712966 1.60623e+07 1.6786e+07
1537525520812932 1.60644e+07 1.67884e+07
1537525520912824 1.60666e+07 1.6791e+07
1537525521012727 1.60687e+07 1.67937e+07
1537525521112529 1.60707e+07 1.67964e+07
1537525521212379 1.60728e+07 1.67989e+07
1537525521312237 1.60748e+07 1.68014e+07
1537525521412266 1.60769e+07 1.68039e+07
1537525521512094 1.6079e+07 1.68063e+07
1537525521612130 1.6081e+07 1.68087e+07
1537525521711973 1.6083e+07 1.68111e+07
1537525521811775 1.60847e+07 1.68136e+07
1537525521911811 1.60863e+07 1.68163e+07
1537525522011601 1.60877e+07 1.6819e+07
1537525522111732 1.60889e+07 1.68218e+07
1537525522211511 1.609e+07 1.68245e+07
1537525522311383 1.60911e+07 1.68272e+07
1537525522411370 1.60921e+07 1.68297e+07
1537525522511152 1.6093e+07 1.68322e+07
1537525522611038 1.60938e+07 1.68348e+07
1537525522710829 1.60946e+07 1.68373e+07
1537525522810886 1.60954e+07 1.68398e+07
1537525522910681 1.60961e+07 1.68423e+07
1537525523010694 1.60969e+07 1.68447e+07
1537525523110497 1.60976e+07 1.6847e+07
1537525523210394 1.60983e+07 1.68492e+07
1537525523310495 1.60991e+07 1.68515e+07
1537525523410245 1.60998e+07 1.68538e+07
1537525523510016 1.61007e+07 1.68561e+07
1537525523609897 1.61016e+07 1.68586e+07
1537525523709811 1.61025e+07 1.68609e+07
1537525523809620 1.61036e+07 1.68631e+07
1537525523909464 1.61048e+07 1.68652e+07
1537525524009503 1.61062e+07 1.68672e+07
1537525524109302 1.61077e+07 1.68692e+07
1537525524209337 1.61094e+07 1.68711e+07
1537525524309224 1.6111e+07 1.68729e+07
1537525524409193 1.61127e+07 1.68749e+07
1537525524509044 1.61145e+07 1.68769e+07
1537525524608952 1.61163e+07 1.68789e+07
1537525524708732 1.61181e+07 1.68809e+07
1537525524808653 1.612e+07 1.68829e+07
1537525524908455 1.61219e+07 1.6885e+07
1537525525008280 1.61238e+07 1.6887e+07
1537525525108243 1.61258e+07 1.68889e+07
1537525525208148 1.61277e+07 1.6891e+07
1537525525308023 1.61296e+07 1.6893e+07
1537525525407816 1.61316e+07 1.68952e+07
1537525525507673 1.61337e+07 1.68975e+07
1537525525607615 1.61358e+07 1.68998e+07
1537525525707476 1.6138e+07 1.69021e+07
1537525525807338 1.61403e+07 1.69044e+07
1537525525907371 1.61427e+07 1.69067e+07
1537525526007171 1.6145e+07 1.69089e+07
1537525526107102 1.61474e+07 1.69111e+07
1537525526207011 1.61497e+07 1.69133e+07
1537525526306833 1.61522e+07 1.69156e+07
1537525526406800 1.61546e+07 1.69178e+07
1537525526506733 1.61571e+07 1.69199e+07
1537525526606673 1.61596e+07 1.6922e+07
1537525526706796 1.61621e+07 1.69241e+07
1537525526806922 1.61647e+07 1.69261e+07
1537525526907054 1.61672e+07 1.6928e+07
1537525527006978 1.61698e+07 1.693e+07
1537525527106878 1.61723e+07 1.69319e+07
1537525527206835 1.61749e+07 1.69338e+07
1537525527306717 1.61775e+07 1.69358e+07
1537525527406697 1.618e+07 1.69378e+07
1537525527506763 1.61825e+07 1.69398e+07
1537525527606679 1.6185e+07 1.69417e+07
1537525527706593 1.61874e+07 1.69436e+07
1537525527806960 1.61898e+07 1.69455e+07
1537525527906450 1.61921e+07 1.69473e+07
1537525528006327 1.61944e+07 1.69493e+07
1537525528106279 1.61966e+07 1.69513e+07
1537525528206130 1.6199e+07 1.69534e+07
1537525528306085 1.62014e+07 1.69555e+07
1537525528439242 1.62046e+07 1.69583e+07
1537525528539144 1.62071e+07 1.69603e+07
1537525528639122 1.62097e+07 1.69622e+07
1537525528738960 1.62122e+07 1.69642e+07
1537525528838820 1.62147e+07 1.69662e+07
1537525528938798 1.62173e+07 1.69681e+07
1537525529038727 1.62198e+07 1.69702e+07
1537525529138587 1.62224e+07 1.69722e+07
1537525529238364 1.6225e+07 1.69743e+07
1537525529338160 1.62275e+07 1.69763e+07
1537525529438050 1.623e+07 1.69782e+07
1537525529537979 1.62325e+07 1.69801e+07
1537525529637806 1.62351e+07 1.69821e+07
1537525529737619 1.62377e+07 1.6984e+07
1537525529837565 1.62403e+07 1.6986e+07
1537525529937572 1.62428e+07 1.6988e+07
1537525530037662 1.62454e+07 1.69902e+07
1537525530137487 1.6248e+07 1.69924e+07
1537525530237228 1.62506e+07 1.69946e+07
1537525530337107 1.62532e+07 1.69968e+07
1537525530436998 1.62558e+07 1.6999e+07
1537525530536808 1.62585e+07 1.70011e+07
1537525530636790 1.62612e+07 1.70034e+07
1537525530736600 1.62638e+07 1.70056e+07
1537525530836422 1.62664e+07 1.70079e+07
1537525530936478 1.6269e+07 1.70102e+07
1537525531036473 1.62717e+07 1.70127e+07
1537525531136443 1.62742e+07 1.70151e+07
1537525531236281 1.62767e+07 1.70176e+07
1537525531336179 1.62792e+07 1.70201e+07
1537525531436081 1.62817e+07 1.70225e+07
1537525531535861 1.62843e+07 1.7025e+07
1537525531635694 1.62868e+07 1.70274e+07
1537525531735704 1.62892e+07 1.70299e+07
1537525531835541 1.62916e+07 1.70324e+07
1537525531935387 1.6294e+07 1.7035e+07
1537525532035295 1.62963e+07 1.70376e+07
1537525532135176 1.62987e+07 1.70401e+07
1537525532235010 1.63011e+07 1.70426e+07
1537525532334942 1.63036e+07 1.70451e+07
1537525532434772 1.63061e+07 1.70476e+07
1537525532534628 1.63084e+07 1.705e+07
1537525532634480 1.63107e+07 1.70525e+07
1537525532734544 1.63131e+07 1.70551e+07
1537525532834307 1.63154e+07 1.70578e+07
1537525532934135 1.63176e+07 1.70604e+07
1537525533034076 1.63198e+07 1.70629e+07
1537525533134166 1.6322e+07 1.70655e+07
1537525533233999 1.63243e+07 1.7068e+07
1537525533333911 1.63265e+07 1.70705e+07
1537525533433748 1.63287e+07 1.70729e+07
1537525533533653 1.63309e+07 1.70754e+07
1537525533633498 1.63331e+07 1.70778e+07
1537525533733480 1.63354e+07 1.70803e+07
1537525533833276 1.63377e+07 1.70829e+07
1537525533933274 1.63399e+07 1.70854e+07
1537525534033092 1.63422e+07 1.70878e+07
1537525534133016 1.63445e+07 1.70903e+07
1537525534232816 1.63468e+07 1.70926e+07
1537525534366035 1.635e+07 1.70958e+07
1537525534465876 1.63523e+07 1.70981e+07
1537525534565835 1.63547e+07 1.71006e+07
1537525534665760 1.63571e+07 1.71031e+07
1537525534765604 1.63594e+07 1.71056e+07
1537525534865546 1.63617e+07 1.71079e+07
1537525534965361 1.63639e+07 1.71102e+07
1537525535065209 1.63662e+07 1.71125e+07
1537525535165051 1.63686e+07 1.71147e+07
1537525535265030 1.63709e+07 1.71169e+07
1537525535364878 1.63731e+07 1.71191e+07
1537525535464889 1.63753e+07 1.71215e+07
1537525535564669 1.63774e+07 1.71239e+07
1537525535664613 1.63795e+07 1.71264e+07
1537525535764556 1.63816e+07 1.71289e+07
1537525535864364 1.63836e+07 1.71314e+07
1537525535964318 1.63855e+07 1.71339e+07
1537525536064249 1.63873e+07 1.71363e+07
1537525536164253 1.63889e+07 1.71387e+07
1537525536263988 1.63904e+07 1.7141e+07
1537525536363818 1.63916e+07 1.71432e+07
1537525536463726 1.63927e+07 1.71454e+07
1537525536563640 1.63936e+07 1.71475e+07
1537525536663643 1.63944e+07 1.71495e+07
1537525536763514 1.6395e+07 1.71515e+07
1537525536863432 1.63955e+07 1.71535e+07
1537525536963333 1.63959e+07 1.71555e+07
1537525537063149 1.63961e+07 1.71574e+07
1537525537163008 1.63963e+07 1.71592e+07
1537525537262825 1.63964e+07 1.7161e+07
1537525537362753 1.63965e+07 1.71628e+07
1537525537462695 1.63965e+07 1.71644e+07
1537525537562521 1.63964e+07 1.71661e+07
1537525537662416 1.63964e+07 1.71677e+07
1537525537762269 1.63964e+07 1.71692e+07
1537525537862203 1.63964e+07 1.71707e+07
1537525537962167 1.63964e+07 1.7172e+07
1537525538062048 1.63965e+07 1.71734e+07
1537525538161954 1.63965e+07 1.71746e+07
1537525538262009 1.63965e+07 1.71759e+07
1537525538361896 1.63965e+07 1.71771e+07
1537525538461678 1.63965e+07 1.71782e+07
1537525538561645 1.63966e+07 1.71792e+07
1537525538661602 1.63966e+07 1.71802e+07
1537525538761548 1.63968e+07 1.71812e+07
1537525538861328 1.6397e+07 1.71821e+07
1537525538961189 1.63973e+07 1.7183e+07
1537525539060992 1.63979e+07 1.71839e+07
1537525539160794 1.63987e+07 1.71849e+07
1537525539260854 1.63998e+07 1.71859e+07
1537525539360738 1.64011e+07 1.71871e+07
1537525539493872 1.6403e+07 1.71888e+07
1537525539593796 1.64046e+07 1.71902e+07
1537525539693651 1.64062e+07 1.71917e+07
1537525539793545 1.64079e+07 1.71934e+07
1537525539893401 1.64098e+07 1.71951e+07
1537525539993317 1.64117e+07 1.71968e+07
1537525540093225 1.64137e+07 1.71986e+07
1537525540193099 1.64156e+07 1.72005e+07
1537525540292925 1.64175e+07 1.72025e+07
1537525540392740 1.64195e+07 1.72046e+07
1537525540492702 1.64215e+07 1.72067e+07
1537525540592571 1.64234e+07 1.72088e+07
1537525540692581 1.64255e+07 1.7211e+07
1537525540792436 1.64276e+07 1.72131e+07
1537525540892338 1.64298e+07 1.72152e+07
1537525540992317 1.6432e+07 1.72173e+07
1537525541092154 1.64343e+07 1.72194e+07
1537525541192039 1.64366e+07 1.72216e+07
1537525541291842 1.64389e+07 1.72238e+07
1537525541391796 1.64412e+07 1.72261e+07
1537525541491762 1.64435e+07 1.72284e+07
1537525541625005 1.64468e+07 1.72314e+07
1537525541725186 1.64493e+07 1.72336e+07
1537525541825263 1.6452e+07 1.72359e+07
1537525541925308 1.64547e+07 1.72381e+07
1537525542025413 1.64573e+07 1.72402e+07
1537525542125306 1.64599e+07 1.72424e+07
1537525542225272 1.64626e+07 1.72446e+07
1537525542325096 1.64652e+07 1.72469e+07
1537525542425084 1.64679e+07 1.72491e+07
1537525542525019 1.64705e+07 1.72514e+07
1537525542624954 1.64732e+07 1.72536e+07
1537525542724858 1.64758e+07 1.72558e+07
1537525542824705 1.64786e+07 1.7258e+07
1537525542924546 1.64813e+07 1.72603e+07
1537525543024425 1.64839e+07 1.72626e+07
1537525543124346 1.64865e+07 1.72649e+07
1537525543224197 1.64891e+07 1.72674e+07
1537525543324141 1.64916e+07 1.72698e+07
1537525543424089 1.64942e+07 1.72722e+07
1537525543524092 1.64968e+07 1.72746e+07
1537525543623934 1.64994e+07 1.7277e+07
1537525543723845 1.65021e+07 1.72794e+07
1537525543823812 1.65048e+07 1.72818e+07
1537525543923696 1.65074e+07 1.72843e+07
1537525544023442 1.651e+07 1.72868e+07
1537525544123327 1.65127e+07 1.72895e+07
1537525544223121 1.65154e+07 1.72922e+07
1537525544322979 1.65181e+07 1.72949e+07
1537525544422936 1.65207e+07 1.72976e+07
1537525544522857 1.65233e+07 1.73004e+07
1537525544622782 1.65258e+07 1.73031e+07
1537525544722705 1.65284e+07 1.73057e+07
1537525544822635 1.65309e+07 1.73084e+07
1537525544922483 1.65335e+07 1.73112e+07
1537525545022374 1.6536e+07 1.73141e+07
1537525545122170 1.65385e+07 1.7317e+07
1537525545222095 1.65409e+07 1.73199e+07
1537525545321921 1.65432e+07 1.73226e+07
1537525545421844 1.65456e+07 1.73254e+07
1537525545521698 1.6548e+07 1.73281e+07
1537525545621546 1.65504e+07 1.73308e+07
1537525545721508 1.65528e+07 1.73335e+07
1537525545821307 1.65551e+07 1.73362e+07
1537525545921149 1.65575e+07 1.73388e+07
1537525546021095 1.65599e+07 1.73414e+07
1537525546120960 1.65622e+07 1.73439e+07
1537525546220913 1.65646e+07 1.73464e+07
1537525546320735 1.6567e+07 1.73489e+07
1537525546420907 1.65695e+07 1.73514e+07
1537525546520808 1.65719e+07 1.73538e+07
1537525546620616 1.65744e+07 1.73562e+07
1537525546720602 1.65769e+07 1.73587e+07
1537525546820562 1.65794e+07 1.73613e+07
1537525546920403 1.6582e+07 1.73638e+07
1537525547020298 1.65845e+07 1.73664e+07
1537525547120074 1.6587e+07 1.73688e+07
1537525547219966 1.65895e+07 1.73712e+07
1537525547319977 1.65921e+07 1.73736e+07
1537525547419770 1.65947e+07 1.7376e+07
1537525547519678 1.65973e+07 1.73784e+07
1537525547619534 1.65999e+07 1.73809e+07
1537525547719447 1.66025e+07 1.73834e+07
1537525547819248 1.6605e+07 1.73859e+07
1537525547919172 1.66076e+07 1.73884e+07
1537525548019001 1.66101e+07 1.73908e+07
1537525548118841 1.66128e+07 1.73933e+07
1537525548218705 1.66154e+07 1.73957e+07
1537525548318578 1.66181e+07 1.73982e+07
1537525548418519 1.66206e+07 1.74006e+07
1537525548518414 1.66231e+07 1.7403e+07
1537525548618345 1.66257e+07 1.74055e+07
1537525548718163 1.66282e+07 1.7408e+07
1537525548818033 1.66308e+07 1.74104e+07
1537525548917990 1.66334e+07 1.74128e+07
1537525549017840 1.6636e+07 1.74152e+07
1537525549117676 1.66385e+07 1.74175e+07
1537525549217643 1.66411e+07 1.74197e+07
1537525549317589 1.66437e+07 1.7422e+07
1537525549417409 1.66463e+07 1.74243e+07
1537525549517350 1.66489e+07 1.74268e+07
1537525549617172 1.66514e+07 1.74292e+07
1537525549717123 1.66538e+07 1.74316e+07
1537525549816959 1.66563e+07 1.7434e+07
1537525549916798 1.66588e+07 1.74362e+07
1537525550016651 1.66613e+07 1.74384e+07
1537525550116641 1.66638e+07 1.74406e+07
1537525550216776 1.66663e+07 1.74428e+07
1537525550316637 1.66688e+07 1.74449e+07
1537525550416537 1.66713e+07 1.7447e+07
1537525550516494 1.66738e+07 1.7449e+07
1537525550616304 1.66763e+07 1.74509e+07
1537525550716202 1.66788e+07 1.74527e+07
1537525550815999 1.66815e+07 1.74545e+07
1537525550915886 1.6684e+07 1.74563e+07
1537525551015823 1.66865e+07 1.7458e+07
1537525551115727 1.66889e+07 1.74598e+07
1537525551215524 1.66913e+07 1.74615e+07
1537525551315469 1.66937e+07 1.74633e+07
1537525551415302 1.6696e+07 1.7465e+07
1537525551515239 1.66983e+07 1.74667e+07
1537525551615170 1.67006e+07 1.74683e+07
1537525551715252 1.67028e+07 1.747e+07
1537525551814988 1.6705e+07 1.74717e+07
1537525551914811 1.67072e+07 1.74733e+07
1537525552014730 1.67094e+07 1.7475e+07
1537525552114707 1.67115e+07 1.74768e+07
1537525552214495 1.67137e+07 1.74787e+07
1537525552314374 1.67158e+07 1.74807e+07
1537525552414311 1.67179e+07 1.74827e+07
1537525552514071 1.672e+07 1.74847e+07
1537525552613989 1.67221e+07 1.74866e+07
1537525552713901 1.67242e+07 1.74886e+07
1537525552813727 1.67263e+07 1.74906e+07
1537525552913656 1.67284e+07 1.74926e+07
1537525553013572 1.67304e+07 1.74947e+07
1537525553113505 1.67325e+07 1.74969e+07
1537525553213479 1.67345e+07 1.74991e+07
1537525553313288 1.67364e+07 1.75013e+07
1537525553413146 1.67384e+07 1.75033e+07
1537525553513038 1.67405e+07 1.75054e+07
1537525553613029 1.67426e+07 1.75074e+07
1537525553712899 1.67447e+07 1.75094e+07
1537525553812777 1.67469e+07 1.75114e+07
1537525553912649 1.67491e+07 1.75134e+07
1537525554012480 1.67513e+07 1.75155e+07
1537525554112493 1.67534e+07 1.75176e+07
1537525554212425 1.67556e+07 1.75196e+07
1537525554312362 1.67578e+07 1.75216e+07
1537525554412307 1.67601e+07 1.75236e+07
1537525554512073 1.67623e+07 1.75257e+07
1537525554611992 1.67645e+07 1.75277e+07
1537525554711869 1.67667e+07 1.75297e+07
1537525554811714 1.67688e+07 1.75318e+07
1537525554911610 1.6771e+07 1.75338e+07
1537525555011466 1.67732e+07 1.75358e+07
1537525555111358 1.67753e+07 1.75378e+07
1537525555211369 1.67773e+07 1.75397e+07
1537525555311380 1.67792e+07 1.75415e+07
1537525555411272 1.6781e+07 1.75432e+07
1537525555511091 1.67825e+07 1.75448e+07
1537525555610911 1.67838e+07 1.75463e+07
1537525555710633 1.67848e+07 1.75476e+07
1537525555810420 1.67856e+07 1.75485e+07
1537525555910253 1.6786e+07 1.75492e+07
1537525556010094 1.67862e+07 1.75495e+07
1537525556110038 1.67862e+07 1.75496e+07
1537525556209893 1.67861e+07 1.75494e+07
1537525556309845 1.67859e+07 1.75491e+07
1537525556409690 1.67857e+07 1.75488e+07
1537525556509549 1.67854e+07 1.75484e+07
1537525556609401 1.67851e+07 1.7548e+07
1537525556709437 1.67849e+07 1.75476e+07
1537525556809650 1.67847e+07 1.75473e+07
1537525556909932 1.67846e+07 1.75471e+07
1537525557010017 1.67845e+07 1.7547e+07
1537525557109958 1.67844e+07 1.75469e+07
1537525557209956 1.67843e+07 1.75467e+07
1537525557310056 1.6784e+07 1.75464e+07
1537525557410015 1.67837e+07 1.75461e+07
1537525557509860 1.67833e+07 1.75456e+07
1537525557609735 1.67829e+07 1.75451e+07
1537525557709749 1.67823e+07 1.75444e+07
1537525557809571 1.67817e+07 1.75438e+07
1537525557909389 1.6781e+07 1.75431e+07
1537525558009261 1.67802e+07 1.75424e+07
1537525558109235 1.67794e+07 1.75417e+07
1537525558209208 1.67785e+07 1.75411e+07
1537525558309245 1.67776e+07 1.75404e+07
1537525558409214 1.67767e+07 1.75397e+07
1537525558509107 1.67758e+07 1.7539e+07
1537525558609069 1.67749e+07 1.75383e+07
1537525558709089 1.6774e+07 1.75375e+07
1537525558808774 1.67731e+07 1.75366e+07
1537525558908546 1.67722e+07 1.75358e+07
1537525559008510 1.67713e+07 1.75348e+07
1537525559108606 1.67703e+07 1.75339e+07
1537525559208355 1.67694e+07 1.75329e+07
1537525559308192 1.67685e+07 1.75319e+07
1537525559408061 1.67676e+07 1.75309e+07
1537525559508065 1.67666e+07 1.75299e+07
1537525559607918 1.67657e+07 1.75289e+07
1537525559707665 1.67648e+07 1.75279e+07
1537525559807569 1.67638e+07 1.75269e+07
1537525559907447 1.67629e+07 1.75259e+07
1537525560007263 1.67619e+07 1.75249e+07
1537525560107193 1.67609e+07 1.75239e+07
1537525560206995 1.67599e+07 1.75228e+07
1537525560306905 1.67589e+07 1.75218e+07
1537525560406736 1.67579e+07 1.75208e+07
1537525560506599 1.67568e+07 1.75198e+07
1537525560606611 1.67558e+07 1.75188e+07
1537525560706539 1.67547e+07 1.75178e+07
1537525560806538 1.67537e+07 1.75168e+07
1537525560906358 1.67527e+07 1.75158e+07
1537525561006260 1.67516e+07 1.75148e+07
1537525561106063 1.67506e+07 1.75137e+07
1537525561205966 1.67496e+07 1.75127e+07
1537525561305981 1.67486e+07 1.75116e+07
1537525561405870 1.67476e+07 1.75106e+07
1537525561505713 1.67465e+07 1.75095e+07
1537525561605695 1.67455e+07 1.75084e+07
1537525561705638 1.67445e+07 1.75073e+07
1537525561805507 1.67435e+07 1.75062e+07
1537525561905284 1.67426e+07 1.75052e+07
1537525562005152 1.67418e+07 1.75041e+07
1537525562104946 1.6741e+07 1.7503e+07
1537525562204780 1.67402e+07 1.7502e+07
1537525562304600 1.67395e+07 1.75009e+07
1537525562404485 1.67388e+07 1.74999e+07
1537525562504447 1.67381e+07 1.74989e+07
1537525562604475 1.67374e+07 1.74978e+07
1537525562704311 1.67367e+07 1.74968e+07
1537525562804296 1.67361e+07 1.74958e+07
1537525562904254 1.67354e+07 1.74948e+07
1537525563004088 1.67347e+07 1.74938e+07
1537525563103898 1.67341e+07 1.74929e+07
1537525563203820 1.67335e+07 1.7492e+07
1537525563303628 1.67329e+07 1.74911e+07
1537525563403669 1.67323e+07 1.74902e+07
1537525563503564 1.67317e+07 1.74893e+07
1537525563603487 1.67311e+07 1.74885e+07
1537525563703344 1.67305e+07 1.74877e+07
1537525563803237 1.673e+07 1.74869e+07
1537525563903110 1.67294e+07 1.74862e+07
1537525564002928 1.67288e+07 1.74854e+07
1537525564102854 1.67282e+07 1.74847e+07
1537525564202828 1.67277e+07 1.74841e+07
1537525564302804 1.67271e+07 1.74835e+07
1537525564402562 1.67264e+07 1.74829e+07
1537525564502408 1.67258e+07 1.74824e+07
1537525564602288 1.67253e+07 1.7482e+07
1537525564702293 1.67248e+07 1.74815e+07
1537525564802081 1.67244e+07 1.74812e+07
1537525564902102 1.6724e+07 1.74808e+07
1537525565001906 1.67235e+07 1.74805e+07
1537525565101814 1.6723e+07 1.74802e+07
1537525565201740 1.67224e+07 1.748e+07
1537525565301726 1.67217e+07 1.74797e+07
1537525565401792 1.67209e+07 1.74795e+07
1537525565501567 1.67201e+07 1.74794e+07
1537525565601397 1.67191e+07 1.74792e+07
1537525565701246 1.67181e+07 1.7479e+07
1537525565801156 1.67169e+07 1.74789e+07
1537525565900938 1.67157e+07 1.74788e+07
1537525566000893 1.67144e+07 1.74787e+07
1537525566100776 1.67132e+07 1.74786e+07
1537525566200577 1.67121e+07 1.74786e+07
1537525566300556 1.6711e+07 1.74786e+07
1537525566400475 1.671e+07 1.74786e+07
1537525566500337 1.67091e+07 1.74786e+07
1537525566600234 1.67083e+07 1.74787e+07
1537525566700052 1.67077e+07 1.74787e+07
1537525566799979 1.67074e+07 1.74788e+07
1537525566899875 1.67075e+07 1.74789e+07
1537525566999703 1.67078e+07 1.74791e+07
1537525567099614 1.67082e+07 1.74794e+07
1537525567199538 1.67086e+07 1.74799e+07
1537525567299439 1.6709e+07 1.74805e+07
1537525567399363 1.67093e+07 1.74812e+07
1537525567499238 1.67095e+07 1.74818e+07
1537525567599051 1.67097e+07 1.74823e+07
1537525567698882 1.67099e+07 1.74828e+07
1537525567798995 1.67099e+07 1.74832e+07
1537525567898912 1.671e+07 1.74835e+07
1537525567998716 1.671e+07 1.74837e+07
1537525568131978 1.671e+07 1.74836e+07
1537525568231851 1.671e+07 1.74835e+07
1537525568331868 1.671e+07 1.74833e+07
1537525568431849 1.67099e+07 1.74832e+07
1537525568531613 1.67099e+07 1.74832e+07
1537525568631532 1.67099e+07 1.74831e+07
1537525568731448 1.67099e+07 1.74831e+07
1537525568831372 1.67099e+07 1.74831e+07
1537525568931232 1.67099e+07 1.74831e+07
1537525569031030 1.67099e+07 1.74831e+07
1537525569131014 1.67099e+07 1.74831e+07
1537525569230976 1.67099e+07 1.74831e+07
1537525569330749 1.67099e+07 1.74831e+07
1537525569430608 1.67099e+07 1.74831e+07
1537525569530387 1.67099e+07 1.74831e+07
1537525569630260 1.67099e+07 1.74831e+07
1537525569730052 1.67099e+07 1.74831e+07
1537525569829977 1.67099e+07 1.74831e+07
1537525569929817 1.67099e+07 1.74831e+07
1537525570029755 1.67099e+07 1.74831e+07
1537525570129606 1.67099e+07 1.74831e+07
1537525570229625 1.67099e+07 1.74831e+07
1537525570329483 1.67099e+07 1.74831e+07
1537525570429303 1.67099e+07 1.74831e+07
1537525570529150 1.67099e+07 1.74831e+07
1537525570629016 1.67099e+07 1.74831e+07
1537525570729029 1.67099e+07 1.74831e+07
1537525570829026 1.67099e+07 1.74831e+07
1537525570928803 1.67099e+07 1.74831e+07
1537525571028713 1.67099e+07 1.74831e+07
1537525571128710 1.67099e+07 1.74831e+07
1537525571228570 1.67099e+07 1.74831e+07
1537525571328496 1.67099e+07 1.74831e+07
1537525571428467 1.67099e+07 1.74831e+07
1537525571528223 1.67099e+07 1.74831e+07
1537525571628093 1.67099e+07 1.74831e+07
1537525571728129 1.67099e+07 1.74831e+07
1537525571828454 1.67099e+07 1.74831e+07
1537525571928493 1.67099e+07 1.74831e+07
1537525572028489 1.67099e+07 1.74831e+07
1537525572128523 1.67099e+07 1.74831e+07
1537525572228555 1.67099e+07 1.74831e+07
1537525572328516 1.67099e+07 1.74831e+07
1537525572428620 1.67099e+07 1.74831e+07
1537525572528476 1.67099e+07 1.74831e+07
1537525572628361 1.67099e+07 1.74831e+07
1537525572728257 1.67099e+07 1.74831e+07
1537525572828166 1.67099e+07 1.74831e+07
1537525572928063 1.67099e+07 1.74831e+07
1537525573027858 1.67099e+07 1.74831e+07
1537525573127753 1.67099e+07 1.74831e+07
1537525573227771 1.67099e+07 1.74831e+07
1537525573327661 1.67099e+07 1.74831e+07
1537525573427451 1.67099e+07 1.74831e+07
1537525573527397 1.67099e+07 1.74831e+07
1537525573627291 1.67099e+07 1.74831e+07
1537525573727293 1.67099e+07 1.74831e+07
1537525573827251 1.67099e+07 1.74831e+07
1537525573927067 1.67099e+07 1.74831e+07
1537525574026989 1.67099e+07 1.74831e+07
1537525574126858 1.67099e+07 1.74831e+07
1537525574226598 1.67099e+07 1.74831e+07
1537525574326476 1.67099e+07 1.74831e+07
1537525574426275 1.67099e+07 1.74831e+07
1537525574526190 1.67099e+07 1.74831e+07
1537525574626139 1.67099e+07 1.74831e+07
1537525574726032 1.67099e+07 1.74831e+07
1537525574826076 1.67099e+07 1.74831e+07
1537525574925886 1.67099e+07 1.74831e+07
1537525575025853 1.67099e+07 1.74831e+07
1537525575125597 1.67099e+07 1.74831e+07
1537525575225386 1.67099e+07 1.74831e+07
1537525575325320 1.67099e+07 1.74831e+07
1537525575425232 1.67099e+07 1.74831e+07
1537525575525080 1.67099e+07 1.74831e+07
1537525575625208 1.67099e+07 1.74831e+07
1537525575724993 1.67099e+07 1.74831e+07
1537525575824869 1.67099e+07 1.74831e+07
1537525575924777 1.67099e+07 1.74831e+07
1537525576024659 1.67099e+07 1.74831e+07
1537525576124454 1.67099e+07 1.74831e+07
1537525576224385 1.67099e+07 1.74831e+07
1537525576357481 1.67099e+07 1.74831e+07
1537525576457299 1.67099e+07 1.74831e+07
1537525576557242 1.67099e+07 1.74831e+07
1537525576657196 1.67099e+07 1.74831e+07
1537525576757030 1.67099e+07 1.74831e+07
1537525576856964 1.67099e+07 1.74831e+07
1537525576956879 1.67099e+07 1.74831e+07
1537525577056700 1.67099e+07 1.74831e+07
1537525577156648 1.67099e+07 1.74831e+07
1537525577256500 1.67099e+07 1.74831e+07
1537525577356326 1.67099e+07 1.74831e+07
1537525577456248 1.67099e+07 1.74831e+07
1537525577556114 1.67099e+07 1.74831e+07
1537525577655972 1.67099e+07 1.74831e+07
1537525577756000 1.67099e+07 1.74831e+07
1537525577856329 1.67099e+07 1.74831e+07
1537525577955900 1.67099e+07 1.74831e+07
1537525578055925 1.67099e+07 1.74831e+07
1537525578155815 1.67099e+07 1.74831e+07
1537525578255692 1.67099e+07 1.74831e+07
1537525578355458 1.67099e+07 1.74831e+07
1537525578455282 1.67099e+07 1.74831e+07
1537525578555196 1.67099e+07 1.74831e+07
1537525578655095 1.67099e+07 1.74831e+07
1537525578754923 1.67099e+07 1.74831e+07
1537525578854849 1.67099e+07 1.74831e+07
1537525578954715 1.67099e+07 1.74831e+07
1537525579054569 1.67099e+07 1.74831e+07
1537525579154494 1.67099e+07 1.74831e+07
1537525579254580 1.67099e+07 1.74831e+07
1537525579354542 1.67099e+07 1.74831e+07
1537525579454489 1.67099e+07 1.74831e+07
1537525579554306 1.67099e+07 1.74831e+07
1537525579654076 1.67099e+07 1.74831e+07
1537525579753950 1.67099e+07 1.74831e+07
1537525579853765 1.67099e+07 1.74831e+07
1537525579953549 1.67099e+07 1.74831e+07
1537525580053485 1.67099e+07 1.74831e+07
1537525580153403 1.67099e+07 1.74831e+07
1537525580253372 1.67099e+07 1.74831e+07
1537525580353221 1.67099e+07 1.74831e+07
1537525580453052 1.67099e+07 1.74831e+07
1537525580553027 1.67099e+07 1.74831e+07
1537525580653162 1.67099e+07 1.74831e+07
1537525580752971 1.67099e+07 1.74831e+07
1537525580852835 1.67099e+07 1.74831e+07
1537525580952654 1.67099e+07 1.74831e+07
1537525581052551 1.67099e+07 1.74831e+07
1537525581152472 1.67099e+07 1.74831e+07
1537525581252480 1.67099e+07 1.74831e+07
1537525581352463 1.67099e+07 1.74831e+07
1537525581452358 1.67099e+07 1.74831e+07
1537525581552124 1.67099e+07 1.74831e+07
1537525581652038 1.67099e+07 1.74831e+07
1537525581751912 1.67099e+07 1.74831e+07
1537525581851721 1.67099e+07 1.74831e+07
1537525581951603 1.67099e+07 1.74831e+07
1537525582051429 1.67099e+07 1.74831e+07
1537525582151445 1.67099e+07 1.74831e+07
1537525582251328 1.67099e+07 1.74831e+07
1537525582351236 1.67099e+07 1.74831e+07
1537525582451305 1.67099e+07 1.74831e+07
1537525582551141 1.67099e+07 1.74831e+07
1537525582650897 1.67099e+07 1.74831e+07
1537525582750800 1.67099e+07 1.74831e+07
1537525582850577 1.67099e+07 1.74831e+07
1537525582950698 1.67099e+07 1.74831e+07
1537525583050570 1.67099e+07 1.74831e+07
1537525583150342 1.67099e+07 1.74831e+07
1537525583250342 1.67099e+07 1.74831e+07
1537525583350122 1.67099e+07 1.74831e+07
1537525583450096 1.67099e+07 1.74831e+07
1537525583550045 1.67099e+07 1.74831e+07
1537525583649988 1.67099e+07 1.74831e+07
1537525583749708 1.67099e+07 1.74831e+07
1537525583849582 1.67099e+07 1.74831e+07
1537525583949362 1.67099e+07 1.74831e+07
1537525584049160 1.67099e+07 1.74831e+07
1537525584149121 1.67099e+07 1.74831e+07
1537525584249050 1.67099e+07 1.74831e+07
1537525584348974 1.67099e+07 1.74831e+07
1537525584448876 1.67099e+07 1.74831e+07
1537525584548897 1.67099e+07 1.74831e+07
1537525584648849 1.67099e+07 1.74831e+07
1537525584748720 1.67099e+07 1.74831e+07
1537525584848515 1.67099e+07 1.74831e+07
1537525584948400 1.67099e+07 1.74831e+07
1537525585048426 1.67099e+07 1.74831e+07
1537525585148301 1.67099e+07 1.74831e+07
1537525585248186 1.67099e+07 1.74831e+07
1537525585347931 1.67099e+07 1.74831e+07
1537525585448045 1.67099e+07 1.74831e+07
1537525585547631 1.67099e+07 1.74831e+07
1537525585647578 1.67099e+07 1.74831e+07
1537525585747488 1.67099e+07 1.74831e+07
1537525585847394 1.67099e+07 1.74831e+07
1537525585947161 1.67099e+07 1.74831e+07
1537525586047092 1.67099e+07 1.74831e+07
1537525586146980 1.67099e+07 1.74831e+07
1537525586246964 1.67099e+07 1.74831e+07
1537525586346760 1.67099e+07 1.74831e+07
1537525586446563 1.67099e+07 1.74831e+07
1537525586546414 1.67099e+07 1.74831e+07
1537525586646363 1.67099e+07 1.74831e+07
1537525586746233 1.67099e+07 1.74831e+07
1537525586846189 1.67099e+07 1.74831e+07
1537525586946260 1.67099e+07 1.74831e+07
1537525587046178 1.67099e+07 1.74831e+07
1537525587146070 1.67099e+07 1.74831e+07
1537525587246076 1.67099e+07 1.74831e+07
1537525587346046 1.67099e+07 1.74831e+07
1537525587446002 1.67099e+07 1.74831e+07
1537525587546247 1.67099e+07 1.74831e+07
1537525587645944 1.67099e+07 1.74831e+07
1537525587745882 1.67099e+07 1.74831e+07
1537525587846017 1.67099e+07 1.74831e+07
1537525587945534 1.67099e+07 1.74831e+07
1537525588045416 1.67099e+07 1.74831e+07
1537525588145241 1.67099e+07 1.74831e+07
1537525588245085 1.67099e+07 1.74831e+07
1537525588344970 1.67099e+07 1.74831e+07
1537525588444923 1.67099e+07 1.74831e+07
1537525588544759 1.67099e+07 1.74831e+07
1537525588644682 1.67099e+07 1.74831e+07
1537525588744539 1.67099e+07 1.74831e+07
1537525588844394 1.67099e+07 1.74831e+07
1537525588944238 1.67099e+07 1.74831e+07
1537525589044409 1.67099e+07 1.74831e+07
1537525589144310 1.67099e+07 1.74831e+07
1537525589244143 1.67099e+07 1.74831e+07
1537525589344034 1.67099e+07 1.74831e+07
1537525589443856 1.67099e+07 1.74831e+07
1537525589543772 1.67099e+07 1.74831e+07
1537525589643790 1.67099e+07 1.74831e+07
1537525589743773 1.67099e+07 1.74831e+07
1537525589843525 1.67099e+07 1.74831e+07
1537525589943430 1.67099e+07 1.74831e+07
1537525590043246 1.67099e+07 1.74831e+07
1537525590143214 1.67099e+07 1.74831e+07
1537525590243057 1.67099e+07 1.74831e+07
1537525590342871 1.67099e+07 1.74831e+07
1537525590442673 1.67099e+07 1.74831e+07
1537525590542637 1.67099e+07 1.74831e+07
1537525590642549 1.67099e+07 1.74831e+07
1537525590742470 1.67099e+07 1.74831e+07
1537525590842305 1.67099e+07 1.74831e+07
1537525590942153 1.67099e+07 1.74831e+07
1537525591042038 1.67099e+07 1.74831e+07
1537525591141885 1.67099e+07 1.74831e+07
1537525591241757 1.67099e+07 1.74831e+07
1537525591341616 1.67099e+07 1.74831e+07
1537525591441493 1.67099e+07 1.74831e+07
1537525591541370 1.67099e+07 1.74831e+07
1537525591641242 1.67099e+07 1.74831e+07
1537525591741137 1.67099e+07 1.74831e+07
1537525591841084 1.67099e+07 1.74831e+07
1537525591941231 1.67099e+07 1.74831e+07
1537525592041065 1.67099e+07 1.74831e+07
1537525592140939 1.67099e+07 1.74831e+07
1537525592240816 1.67099e+07 1.74831e+07
1537525592340728 1.67099e+07 1.74831e+07
1537525592440762 1.67099e+07 1.74831e+07
1537525592540535 1.67099e+07 1.74831e+07
1537525592640561 1.67099e+07 1.74831e+07
1537525592740332 1.67099e+07 1.74831e+07
1537525592840131 1.67099e+07 1.74831e+07
1537525592940047 1.67099e+07 1.74831e+07
1537525593039978 1.67099e+07 1.74831e+07
1537525593139876 1.67099e+07 1.74831e+07
1537525593239814 1.67099e+07 1.74831e+07
1537525593339715 1.67099e+07 1.74831e+07
1537525593439522 1.67099e+07 1.74831e+07
1537525593539479 1.67099e+07 1.74831e+07
1537525593639307 1.67099e+07 1.74831e+07
1537525593739320 1.67099e+07 1.74831e+07
1537525593839198 1.67099e+07 1.74831e+07
1537525593939007 1.67099e+07 1.74831e+07
1537525594038908 1.67099e+07 1.74831e+07
1537525594138865 1.67099e+07 1.74831e+07
1537525594238759 1.67099e+07 1.74831e+07
1537525594338565 1.67099e+07 1.74831e+07
1537525594438412 1.67099e+07 1.74831e+07
1537525594538447 1.67099e+07 1.74831e+07
1537525594638339 1.67099e+07 1.74831e+07
1537525594738207 1.67099e+07 1.74831e+07
1537525594838290 1.67099e+07 1.74831e+07
1537525594938314 1.67099e+07 1.74831e+07
1537525595038218 1.67099e+07 1.74831e+07
1537525595138108 1.67099e+07 1.74831e+07
1537525595237890 1.67099e+07 1.74831e+07
1537525595337653 1.67099e+07 1.74831e+07
1537525595437525 1.67099e+07 1.74831e+07
1537525595537374 1.67099e+07 1.74831e+07
1537525595637130 1.67099e+07 1.74831e+07
1537525595737010 1.67099e+07 1.74831e+07
1537525595836797 1.67099e+07 1.74831e+07
1537525595936636 1.67099e+07 1.74831e+07
1537525596036587 1.67099e+07 1.74831e+07
1537525596136591 1.67099e+07 1.74831e+07
1537525596236384 1.67099e+07 1.74831e+07
1537525596336230 1.67099e+07 1.74831e+07
1537525596436254 1.67099e+07 1.74831e+07
1537525596536037 1.67099e+07 1.74831e+07
1537525596635887 1.67099e+07 1.74831e+07
1537525596735734 1.67099e+07 1.74831e+07
1537525596835616 1.67099e+07 1.74831e+07
1537525596935662 1.67099e+07 1.74831e+07
1537525597035467 1.67099e+07 1.74831e+07
1537525597135392 1.67099e+07 1.74831e+07
1537525597235303 1.67099e+07 1.74831e+07
1537525597335198 1.67099e+07 1.74831e+07
1537525597435209 1.67099e+07 1.74831e+07
1537525597535204 1.67099e+07 1.74831e+07
1537525597634965 1.67099e+07 1.74831e+07
1537525597734871 1.67099e+07 1.74831e+07
1537525597834780 1.67099e+07 1.74831e+07
1537525597967862 1.67099e+07 1.74831e+07
1537525598067778 1.67099e+07 1.74831e+07
1537525598167677 1.67099e+07 1.74831e+07
1537525598267782 1.67099e+07 1.74831e+07
1537525598367547 1.67099e+07 1.74831e+07
1537525598467350 1.67099e+07 1.74831e+07
1537525598567276 1.67099e+07 1.74831e+07
1537525598667080 1.67099e+07 1.74831e+07
1537525598766943 1.67099e+07 1.74831e+07
1537525598866919 1.67099e+07 1.74831e+07
1537525598966758 1.67099e+07 1.74831e+07
1537525599066671 1.67099e+07 1.74831e+07
1537525599166514 1.67099e+07 1.74831e+07
1537525599266358 1.67099e+07 1.74831e+07
1537525599366246 1.67099e+07 1.74831e+07
1537525599466291 1.67099e+07 1.74831e+07
1537525599566298 1.67099e+07 1.74831e+07
1537525599666075 1.67099e+07 1.74831e+07
1537525599766082 1.67099e+07 1.74831e+07
1537525599865973 1.67099e+07 1.74831e+07
1537525599965873 1.67099e+07 1.74831e+07
1537525600065690 1.67099e+07 1.74831e+07
1537525600165609 1.67099e+07 1.74831e+07
1537525600265458 1.67099e+07 1.74831e+07
1537525600365391 1.67099e+07 1.74831e+07
1537525600465200 1.67099e+07 1.74831e+07
1537525600565008 1.67099e+07 1.74831e+07
1537525600664973 1.67099e+07 1.74831e+07
1537525600764899 1.67099e+07 1.74831e+07
1537525600864727 1.67099e+07 1.74831e+07
1537525600964709 1.67099e+07 1.74831e+07
1537525601064553 1.67099e+07 1.74831e+07
1537525601164525 1.67099e+07 1.74831e+07
1537525601264358 1.67099e+07 1.74831e+07
1537525601364305 1.67099e+07 1.74831e+07
1537525601464211 1.67099e+07 1.74831e+07
1537525601564205 1.67099e+07 1.74831e+07
1537525601664075 1.67099e+07 1.74831e+07
1537525601764026 1.67099e+07 1.74831e+07
1537525601864049 1.67099e+07 1.74831e+07
1537525601964112 1.67099e+07 1.74831e+07
1537525602064249 1.67099e+07 1.74831e+07
1537525602164311 1.67099e+07 1.74831e+07
1537525602264191 1.67099e+07 1.74831e+07
1537525602364084 1.67099e+07 1.74831e+07
1537525602464113 1.67099e+07 1.74831e+07
1537525602563899 1.67099e+07 1.74831e+07
1537525602663691 1.67099e+07 1.74831e+07
1537525602763535 1.67099e+07 1.74831e+07
1537525602863380 1.67099e+07 1.74831e+07
1537525602963457 1.67099e+07 1.74831e+07
1537525603063304 1.67099e+07 1.74831e+07
1537525603163203 1.67099e+07 1.74831e+07
1537525603263123 1.67099e+07 1.74831e+07
1537525603363040 1.67099e+07 1.74831e+07
1537525603462951 1.67099e+07 1.74831e+07
1537525603562839 1.67099e+07 1.74831e+07
1537525603662747 1.67099e+07 1.74831e+07
1537525603762538 1.67099e+07 1.74831e+07
1537525603862385 1.67099e+07 1.74831e+07
1537525603962199 1.67099e+07 1.74831e+07
1537525604062139 1.67099e+07 1.74831e+07
1537525604162050 1.67099e+07 1.74831e+07
1537525604261996 1.67099e+07 1.74831e+07
1537525604361932 1.67099e+07 1.74831e+07
1537525604461830 1.67099e+07 1.74831e+07
1537525604561664 1.67099e+07 1.74831e+07
1537525604661672 1.67099e+07 1.74831e+07
1537525604761492 1.67099e+07 1.74831e+07
1537525604861477 1.67099e+07 1.74831e+07
1537525604994704 1.67099e+07 1.74831e+07
1537525605094564 1.67099e+07 1.74831e+07
1537525605194301 1.67099e+07 1.74831e+07
1537525605294214 1.67099e+07 1.74831e+07
1537525605394212 1.67099e+07 1.74831e+07
1537525605494125 1.67099e+07 1.74831e+07
1537525605594009 1.67099e+07 1.74831e+07
1537525605693790 1.67099e+07 1.74831e+07
1537525605793687 1.67099e+07 1.74831e+07
1537525605893512 1.67099e+07 1.74831e+07
1537525605993353 1.67099e+07 1.74831e+07
1537525606093365 1.67099e+07 1.74831e+07
1537525606193172 1.67099e+07 1.74831e+07
1537525606293093 1.67099e+07 1.74831e+07
1537525606393018 1.67099e+07 1.74831e+07
1537525606492791 1.67099e+07 1.74831e+07
1537525606592633 1.67099e+07 1.74831e+07
1537525606692560 1.67099e+07 1.74831e+07
1537525606792415 1.67099e+07 1.74831e+07
1537525606892268 1.67099e+07 1.74831e+07
1537525606992116 1.67099e+07 1.74831e+07
1537525607092097 1.67099e+07 1.74831e+07
1537525607192127 1.67099e+07 1.74831e+07
1537525607292053 1.67099e+07 1.74831e+07
1537525607391985 1.67099e+07 1.74831e+07
1537525607491770 1.67099e+07 1.74831e+07
1537525607591758 1.67099e+07 1.74831e+07
1537525607691740 1.67099e+07 1.74831e+07
1537525607791507 1.67099e+07 1.74831e+07
1537525607891393 1.67099e+07 1.74831e+07
1537525607991330 1.67099e+07 1.74831e+07
1537525608091239 1.67099e+07 1.74831e+07
1537525608191164 1.67099e+07 1.74831e+07
1537525608291119 1.67099e+07 1.74831e+07
1537525608390894 1.67099e+07 1.74831e+07
1537525608490871 1.67099e+07 1.74831e+07
1537525608590868 1.67099e+07 1.74831e+07
1537525608690731 1.67099e+07 1.74831e+07
1537525608790465 1.67099e+07 1.74831e+07
1537525608890276 1.67099e+07 1.74831e+07
1537525608990103 1.67099e+07 1.74831e+07
1537525609090076 1.67099e+07 1.74831e+07
1537525609189971 1.67099e+07 1.74831e+07
1537525609289907 1.67099e+07 1.74831e+07
1537525609389719 1.67099e+07 1.74831e+07
1537525609489573 1.67099e+07 1.74831e+07
1537525609589429 1.67099e+07 1.74831e+07
1537525609689290 1.67099e+07 1.74831e+07
1537525609822674 1.67099e+07 1.74831e+07
1537525609922544 1.67099e+07 1.74831e+07
1537525610022460 1.67099e+07 1.74831e+07
1537525610122334 1.67099e+07 1.74831e+07
1537525610222251 1.67099e+07 1.74831e+07
1537525610322150 1.67099e+07 1.74831e+07
1537525610421947 1.67099e+07 1.74831e+07
1537525610521874 1.67099e+07 1.74831e+07
1537525610621758 1.67099e+07 1.74831e+07
1537525610721740 1.67099e+07 1.74831e+07
1537525610821491 1.67099e+07 1.74831e+07
1537525610921305 1.67099e+07 1.74831e+07
1537525611021142 1.67099e+07 1.74831e+07
1537525611121110 1.67099e+07 1.74831e+07
1537525611221056 1.67099e+07 1.74831e+07
1537525611320886 1.67099e+07 1.74831e+07
1537525611420747 1.67099e+07 1.74831e+07
1537525611520617 1.67099e+07 1.74831e+07
1537525611620520 1.67099e+07 1.74831e+07
1537525611720543 1.67099e+07 1.74831e+07
1537525611820567 1.67099e+07 1.74831e+07
1537525611920363 1.67099e+07 1.74831e+07
1537525612020314 1.67099e+07 1.74831e+07
1537525612120239 1.67099e+07 1.74831e+07
1537525612220135 1.67099e+07 1.74831e+07
1537525612320068 1.67099e+07 1.74831e+07
1537525612419867 1.67099e+07 1.74831e+07
1537525612519811 1.67099e+07 1.74831e+07
1537525612619590 1.67099e+07 1.74831e+07
1537525612719429 1.67099e+07 1.74831e+07
1537525612819348 1.67099e+07 1.74831e+07
1537525612919210 1.67099e+07 1.74831e+07
1537525613019145 1.67099e+07 1.74831e+07
1537525613119148 1.67099e+07 1.74831e+07
1537525613219036 1.67099e+07 1.74831e+07
1537525613318830 1.67099e+07 1.74831e+07
1537525613418830 1.67099e+07 1.74831e+07
1537525613518702 1.67099e+07 1.74831e+07
1537525613618712 1.67099e+07 1.74831e+07
1537525613718580 1.67099e+07 1.74831e+07
1537525613818372 1.67099e+07 1.74831e+07
1537525613918195 1.67099e+07 1.74831e+07
1537525614018100 1.67099e+07 1.74831e+07
1537525614118024 1.67099e+07 1.74831e+07
1537525614217813 1.67099e+07 1.74831e+07
1537525614317809 1.67099e+07 1.74831e+07
1537525614417661 1.67099e+07 1.74831e+07
1537525614517573 1.67099e+07 1.74831e+07
1537525614617568 1.67099e+07 1.74831e+07
1537525614717559 1.67099e+07 1.74831e+07
1537525614817415 1.67099e+07 1.74831e+07
1537525614917358 1.67099e+07 1.74831e+07
1537525615017335 1.67099e+07 1.74831e+07
1537525615117061 1.67099e+07 1.74831e+07
1537525615216835 1.67099e+07 1.74831e+07
1537525615316651 1.67099e+07 1.74831e+07
1537525615416611 1.67099e+07 1.74831e+07
1537525615516451 1.67099e+07 1.74831e+07
1537525615616309 1.67099e+07 1.74831e+07
1537525615716238 1.67099e+07 1.74831e+07
1537525615816157 1.67099e+07 1.74831e+07
1537525615915993 1.67099e+07 1.74831e+07
1537525616015833 1.67099e+07 1.74831e+07
1537525616115756 1.67099e+07 1.74831e+07
1537525616215735 1.67099e+07 1.74831e+07
1537525616315610 1.67099e+07 1.74831e+07
1537525616415479 1.67099e+07 1.74831e+07
1537525616515519 1.67099e+07 1.74831e+07
1537525616615396 1.67099e+07 1.74831e+07
1537525616715170 1.67099e+07 1.74831e+07
1537525616815237 1.67099e+07 1.74831e+07
1537525616915482 1.67099e+07 1.74831e+07
1537525617015529 1.67099e+07 1.74831e+07
1537525617115494 1.67099e+07 1.74831e+07
1537525617215464 1.67099e+07 1.74831e+07
1537525617315487 1.67099e+07 1.74831e+07
1537525617448890 1.67099e+07 1.74831e+07
1537525617548765 1.67099e+07 1.74831e+07
1537525617648728 1.67099e+07 1.74831e+07
1537525617748644 1.67099e+07 1.74831e+07
1537525617848580 1.67099e+07 1.74831e+07
1537525617948614 1.67099e+07 1.74831e+07
1537525618048490 1.67099e+07 1.74831e+07
1537525618148311 1.67099e+07 1.74831e+07
1537525618248148 1.67099e+07 1.74831e+07
1537525618348053 1.67099e+07 1.74831e+07
1537525618447985 1.67099e+07 1.74831e+07
1537525618547785 1.67099e+07 1.74831e+07
1537525618647617 1.67099e+07 1.74831e+07
1537525618747462 1.67099e+07 1.74831e+07
1537525618847347 1.67099e+07 1.74831e+07
1537525618947219 1.67099e+07 1.74831e+07
1537525619047132 1.67099e+07 1.74831e+07
1537525619147022 1.67099e+07 1.74831e+07
1537525619246878 1.67099e+07 1.74831e+07
1537525619346719 1.67099e+07 1.74831e+07
1537525619446694 1.67099e+07 1.74831e+07
1537525619546736 1.67099e+07 1.74831e+07
1537525619646704 1.67099e+07 1.74831e+07
1537525619746534 1.67099e+07 1.74831e+07
1537525619879717 1.67099e+07 1.74831e+07
1537525619979521 1.67099e+07 1.74831e+07
1537525620079381 1.67099e+07 1.74831e+07
1537525620179234 1.67099e+07 1.74831e+07
1537525620279187 1.67099e+07 1.74831e+07
1537525620379106 1.67099e+07 1.74831e+07
1537525620478963 1.67099e+07 1.74831e+07
1537525620578910 1.67099e+07 1.74831e+07
1537525620678871 1.67099e+07 1.74831e+07
1537525620778723 1.67099e+07 1.74831e+07
1537525620878654 1.67099e+07 1.74831e+07
1537525620978521 1.67099e+07 1.74831e+07
1537525621078474 1.67099e+07 1.74831e+07
1537525621178303 1.67099e+07 1.74831e+07
1537525621278131 1.67099e+07 1.74831e+07
1537525621378003 1.67099e+07 1.74831e+07
1537525621478200 1.67099e+07 1.74831e+07
1537525621611132 1.67099e+07 1.74831e+07
1537525621711187 1.67099e+07 1.74831e+07
1537525621811080 1.67099e+07 1.74831e+07
1537525621911119 1.67099e+07 1.74831e+07
1537525622010949 1.67099e+07 1.74831e+07
