-0.986285 0.26046 -0.516376 14713900 15477200
-1.0044915 0.27111023 -0.54219474 14713500 15476500
-1.0240982 0.28315282 -0.55940727 14713000 15475800
-1.0418295 0.29457608 -0.58522631 14712600 15475100
-1.0592598 0.30645318 -0.61104511 14712200 15474400
-1.0763776 0.31877618 -0.63686366 14711800 15473700
-1.0931717 0.3315371 -0.66268245 14711400 15473000
-1.108186 0.34346382 -0.67989523 14711000 15472400
-1.1214648 0.35448602 -0.70571395 14710700 15471800
-1.1359521 0.36704749 -0.72292664 14710300 15471200
-1.1501102 0.37997877 -0.75735171 14710000 15470500
-1.1638149 0.3933897 -0.79177669 14709700 15469800
-1.1784388 0.40858889 -0.81759524 14709300 15469100
-1.1925311 0.42428255 -0.86062656 14709000 15468300
-1.2072302 0.4419855 -0.89505204 14708600 15467500
-1.2223995 0.46176563 -0.93808337 14708200 15466600
-1.2345032 0.47903919 -0.98111428 14707900 15465800
-1.2479163 0.50005022 -1.024146 14707500 15464900
-1.2584905 0.51830044 -1.0671774 14707200 15464100
-1.2700478 0.54038647 -1.1102087 14706800 15463200
-1.2806443 0.56294923 -1.15324 14706400 15462300
-1.2902605 0.58594694 -1.1962713 14706000 15461400
-1.2988783 0.60933681 -1.2393023 14705600 15460500
-1.3064821 0.63307625 -1.2823341 14705200 15459600
-1.3144476 0.66270379 -1.3339718 14704700 15458500
-1.3211376 0.69460668 -1.394215 14704200 15457300
-1.3265709 0.73256971 -1.4630659 14703600 15455900
-1.3290828 0.76891471 -1.5405215 14703100 15454500
-1.3289077 0.81109882 -1.6093717 14702400 15453000
-1.3251564 0.85696509 -1.6954343 14701700 15451300
-1.3179836 0.90047984 -1.7728907 14701000 15449700
-1.3068157 0.94512359 -1.8589534 14700300 15448000
-1.2922266 0.98876975 -1.9278043 14699500 15446400
-1.2743043 1.0311553 -2.0138662 14698800 15444700
-1.2531556 1.0720278 -2.082717 14698000 15443100
-1.2280731 1.112879 -2.1601735 14697200 15441400
-1.198605 1.1530914 -2.2462353 14696400 15439600
-1.1686127 1.1879949 -2.3150855 14695600 15438000
-1.140454 1.2167793 -2.3753296 14694900 15436600
-1.1151778 1.2402817 -2.4097546 14694200 15435500
-1.093534 1.2592238 -2.4355731 14693600 15434600
-1.0775429 1.2729776 -2.4269669 14693000 15434100
-1.0659563 1.2830302 -2.4269669 14692600 15433700
-1.0558558 1.2918699 -2.4183606 14692200 15433400
-1.047231 1.2994839 -2.4183606 14691900 15433100
-1.038606 1.307098 -2.4183606 14691600 15432800
-1.0328562 1.312174 -2.4183606 14691400 15432600
-1.0285274 1.3159624 -2.4269669 14691300 15432400
-1.0241987 1.3197508 -2.4183606 14691100 15432300
-1.0227557 1.3210137 -2.4269669 14691100 15432200
-1.0227557 1.3210137 -2.4269669 14691100 15432200
-1.0227557 1.3210137 -2.4269669 14691100 15432200
-1.0213128 1.3222765 -2.4183606 14691000 15432200
-1.0198808 1.3235516 -2.4097544 14690900 15432200
-1.0156178 1.3274141 -2.4011479 14690700 15432100
-1.010001 1.3326368 -2.3839356 14690400 15432000
-1.0016433 1.3405432 -2.3839356 14690100 15431700
-0.99059072 1.3511806 -2.366723 14689600 15431400
-0.97831236 1.3633071 -2.3581168 14689100 15431000
-0.96484453 1.3769561 -2.3409041 14688500 15430600
-0.94896761 1.3936106 -2.3236916 14687800 15430100
-0.93200196 1.4118735 -2.3150853 14687100 15429500
-0.91398685 1.4317752 -2.2978729 14686300 15428900
-0.89379249 1.4548712 -2.2806604 14685400 15428200
-0.87379743 1.4781404 -2.2806602 14684600 15427400
-0.85152936 1.5045106 -2.2634478 14683600 15426600
-0.83082185 1.529685 -2.2548416 14682700 15425800
-0.80924196 1.5566213 -2.2376291 14681700 15425000
-0.78919106 1.5823221 -2.2290228 14680800 15424200
-0.76831356 1.6098068 -2.2118102 14679800 15423400
-0.74893301 1.6360164 -2.203204 14678900 15422600
-0.73101229 1.6609179 -2.1859915 14678000 15421900
-0.71551975 1.6828409 -2.1859915 14677300 15421200
-0.70021646 1.7048964 -2.1687789 14676500 15420600
-0.68627172 1.7255584 -2.1601726 14675800 15420000
-0.67462331 1.7431424 -2.1515663 14675200 15419500
-0.66312678 1.7608259 -2.1429601 14674600 15419000
-0.6538453 1.7753747 -2.1343539 14674100 15418600
-0.64672402 1.7867521 -2.1257476 14673700 15418300
-0.63970087 1.7981905 -2.1171413 14673300 15418000
-0.63372337 1.8080205 -2.1171413 14673000 15417700
-0.62973834 1.8145739 -2.1171413 14672800 15417500
-0.6257533 1.8211273 -2.1171413 14672600 15417300
-0.62376077 1.824404 -2.1171413 14672500 15417200
-0.62277158 1.8260466 -2.1085351 14672400 15417200
-0.62277159 1.8260466 -2.1085352 14672400 15417200
-0.62376078 1.824404 -2.1171413 14672500 15417200
-0.62376078 1.824404 -2.1171413 14672500 15417200
-0.62376078 1.824404 -2.1171413 14672500 15417200
-0.62376078 1.824404 -2.1171413 14672500 15417200
-0.62376078 1.824404 -2.1171413 14672500 15417200
-0.62376078 1.824404 -2.1171413 14672500 15417200
-0.62376078 1.824404 -2.1171413 14672500 15417200
-0.62376078 1.824404 -2.1171413 14672500 15417200
-0.62376078 1.824404 -2.1171413 14672500 15417200
-0.62376078 1.824404 -2.1171413 14672500 15417200
-0.62376078 1.824404 -2.1171413 14672500 15417200
-0.62376078 1.824404 -2.1171413 14672500 15417200
-0.62376078 1.824404 -2.1171413 14672500 15417200
-0.62376078 1.824404 -2.1171413 14672500 15417200
-0.62376078 1.824404 -2.1171413 14672500 15417200
-0.62376078 1.824404 -2.1171413 14672500 15417200
-0.62376078 1.824404 -2.1171413 14672500 15417200
-0.62376078 1.824404 -2.1171413 14672500 15417200
-0.62376078 1.824404 -2.1171413 14672500 15417200
-0.62376078 1.824404 -2.1171413 14672500 15417200
-0.62376078 1.824404 -2.1171413 14672500 15417200
-0.62376078 1.824404 -2.1171413 14672500 15417200
-0.62376078 1.824404 -2.1171413 14672500 15417200
-0.62376078 1.824404 -2.1171413 14672500 15417200
-0.62376078 1.824404 -2.1171413 14672500 15417200
-0.62376078 1.824404 -2.1171413 14672500 15417200
-0.62376078 1.824404 -2.1171413 14672500 15417200
-0.62376078 1.824404 -2.1171413 14672500 15417200
-0.62376078 1.824404 -2.1171413 14672500 15417200
-0.62376078 1.824404 -2.1171413 14672500 15417200
-0.62376078 1.824404 -2.1171413 14672500 15417200
-0.62376078 1.824404 -2.1171413 14672500 15417200
-0.62376078 1.824404 -2.1171413 14672500 15417200
-0.62376078 1.824404 -2.1171413 14672500 15417200
-0.62376078 1.824404 -2.1171413 14672500 15417200
-0.62376078 1.824404 -2.1171413 14672500 15417200
-0.62376078 1.824404 -2.1171413 14672500 15417200
-0.62376078 1.824404 -2.1171413 14672500 15417200
-0.62376078 1.824404 -2.1171413 14672500 15417200
-0.62376078 1.824404 -2.1171413 14672500 15417200
-0.62376078 1.824404 -2.1171413 14672500 15417200
-0.62376078 1.824404 -2.1171413 14672500 15417200
-0.62376078 1.824404 -2.1171413 14672500 15417200
-0.62376078 1.824404 -2.1171413 14672500 15417200
-0.62376078 1.824404 -2.1171413 14672500 15417200
-0.62376078 1.824404 -2.1171413 14672500 15417200
-0.62376078 1.824404 -2.1171413 14672500 15417200
-0.62376078 1.824404 -2.1171413 14672500 15417200
-0.62376078 1.824404 -2.1171413 14672500 15417200
-0.62376078 1.824404 -2.1171413 14672500 15417200
-0.62376078 1.824404 -2.1171413 14672500 15417200
-0.62376078 1.824404 -2.1171413 14672500 15417200
-0.62376078 1.824404 -2.1171413 14672500 15417200
-0.62376078 1.824404 -2.1171413 14672500 15417200
-0.62376078 1.824404 -2.1171413 14672500 15417200
-0.62376078 1.824404 -2.1171413 14672500 15417200
-0.62376078 1.824404 -2.1171413 14672500 15417200
-0.62376078 1.824404 -2.1171413 14672500 15417200
-0.62376078 1.824404 -2.1171413 14672500 15417200
-0.62376078 1.824404 -2.1171413 14672500 15417200
-0.62376078 1.824404 -2.1171413 14672500 15417200
-0.62376078 1.824404 -2.1171413 14672500 15417200
-0.62376078 1.824404 -2.1171413 14672500 15417200
-0.62376078 1.824404 -2.1171413 14672500 15417200
-0.62376078 1.824404 -2.1171413 14672500 15417200
-0.62474998 1.8227614 -2.1085351 14672500 15417300
-0.62573918 1.8211188 -2.1171413 14672600 15417300
-0.63171688 1.8112885 -2.1171414 14672900 15417600
-0.64676643 1.7867777 -2.1257477 14673700 15418300
-0.66813006 1.7526456 -2.1343539 14674800 15419300
-0.69597482 1.7089987 -2.1429603 14676200 15420600
-0.72964067 1.6576999 -2.1601728 14677900 15422100
-0.76503864 1.6052506 -2.168779 14679600 15423700
-0.80523146 1.5467881 -2.1773852 14681500 15425500
-0.84676896 1.4869231 -2.1773852 14683400 15427400
-0.88830647 1.4270582 -2.1773852 14685300 15429300
-0.9306727 1.3654344 -2.1687789 14687200 15431300
-0.97465195 1.30027 -2.1601726 14689200 15433400
-1.0201866 1.2315326 -2.1515664 14691300 15435600
-1.0664772 1.1609967 -2.1515664 14693500 15437800
-1.1127673 1.0904616 -2.1515664 14695700 15440000
-1.1590582 1.019925 -2.1515665 14697900 15442200
-1.2067108 0.94799046 -2.1601728 14700200 15444400
-1.2571256 0.87329065 -2.1687789 14702600 15446700
-1.3089418 0.7972223 -2.1687789 14705000 15449100
-1.3607575 0.72115465 -2.1687789 14707400 15451500
-1.4147322 0.64191754 -2.1687789 14709900 15454000
-1.4687069 0.56268039 -2.1687788 14712400 15456500
-1.5241287 0.47979454 -2.1515664 14714900 15459200
-1.5795216 0.39459176 -2.1429601 14717500 15461900
-1.6348349 0.3070592 -2.1257475 14720100 15464700
-1.6900164 0.21718672 -2.1171413 14722800 15467500
-1.7438143 0.12871594 -2.1171414 14725500 15470200
-1.7989958 0.03884345 -2.1257477 14728300 15472900
-1.8549487 -0.050550795 -2.134354 14731100 15475600
-1.9110127 -0.13760324 -2.1515665 14733900 15478200
-1.9692542 -0.22552239 -2.1601727 14736700 15480900
-2.0268082 -0.31159698 -2.1601727 14739400 15483600
-2.0872599 -0.40034254 -2.1773852 14742300 15486300
-2.1477528 -0.48673049 -2.1859916 14745100 15489000
-2.2089864 -0.57259381 -2.1945979 14747900 15491700
-2.2724561 -0.65920532 -2.2118103 14750800 15494400
-2.3358859 -0.74345921 -2.2204165 14753600 15497100
-2.401571 -0.82840414 -2.2376291 14756500 15499800
-2.4687085 -0.91220594 -2.2548416 14759400 15502500
-2.5357046 -0.993654 -2.263448 14762200 15505200
-2.6049831 -1.0756946 -2.2806604 14765100 15507900
-2.6749644 -1.1571353 -2.2806604 14767900 15510700
-2.743121 -1.2350851 -2.2978731 14770700 15513300
-2.8100343 -1.3090057 -2.3150855 14773400 15515800
-2.8804739 -1.3822611 -2.3581173 14776300 15518200
-2.9529072 -1.450783 -2.409755 14779200 15520500
-3.0293345 -1.5148196 -2.4786051 14782200 15522700
-3.1081864 -1.5726585 -2.5388484 14785100 15524900
-3.1903783 -1.6256455 -2.5990922 14788000 15527100
-3.2756121 -1.6735883 -2.6593365 14790900 15529300
-3.3632052 -1.717067 -2.7023674 14793700 15531600
-3.4494081 -1.7544416 -2.7626113 14796500 15533700
-3.5360374 -1.7855304 -2.8314614 14799300 15535700
-3.6209109 -1.8095421 -2.9003123 14802000 15537600
-3.7091899 -1.8276718 -2.9777687 14804800 15539500
-3.802412 -1.8393947 -3.0552251 14807700 15541500
-3.8943645 -1.843382 -3.1412878 14810600 15543400
-3.9863184 -1.8394508 3.0558357 14813500 15545300
-4.0776942 -1.8284159 2.986985 14816300 15547300
-4.1662814 -1.8118625 2.9267417 14819000 15549300
-4.2499917 -1.7909355 2.8664978 14821600 15551200
-4.3340049 -1.7640682 2.7976471 14824300 15553100
-4.4143245 -1.7325387 2.7374031 14826900 15555000
-4.4957489 -1.6939151 2.6599475 14829700 15556900
-4.575408 -1.6478093 2.5738839 14832600 15558800
-4.6552789 -1.5913843 2.4792151 14835700 15560800
-4.7311911 -1.5267393 2.3931532 14838800 15562900
-4.8023023 -1.454137 2.2984843 14842000 15565000
-4.8660218 -1.3774437 2.2296335 14845000 15567200
-4.924313 -1.2965501 2.1607841 14848000 15569400
-4.9762478 -1.2136882 2.1005398 14850900 15571600
-5.0257021 -1.1249067 2.0575085 14853800 15574000
-5.0695707 -1.0375082 2.0144775 14856600 15576300
-5.1112107 -0.94480437 1.9714462 14859500 15578700
-5.14912 -0.8484488 1.9198083 14862500 15581100
-5.1840977 -0.7469278 1.8853836 14865500 15583700
-5.2144372 -0.64792873 1.8509585 14868400 15586200
-5.2431623 -0.5464539 1.8423522 14871200 15588900
-5.2710128 -0.44473661 1.833746 14874000 15591600
-5.2979269 -0.34475193 1.8337461 14876700 15594300
-5.3267292 -0.24130822 1.8509587 14879400 15597200
-5.3571963 -0.14034384 1.8767777 14882000 15600100
-5.3898865 -0.044119913 1.9198086 14884400 15603000
-5.4249874 0.045097318 1.9714462 14886600 15605800
-5.4649546 0.13013006 2.0489034 14888600 15608700
-5.5075914 0.20514631 2.1263599 14890400 15611400
-5.552169 0.26990181 2.2210279 14891900 15614000
-5.5987328 0.32594631 2.3070906 14893300 15616400
-5.6449491 0.371929 2.4103668 14894400 15618700
-5.6926762 0.41049158 2.5136419 14895400 15620900
-5.73917 0.44099383 2.6083099 14896300 15622900
-5.7849484 0.46517372 2.7029788 14897100 15624800
-5.8328078 0.48491817 2.7976487 14897900 15626700
-5.8768747 0.49817909 2.9009229 14898500 15628500
-5.920155 0.50665254 2.9955918 14899100 15630200
-5.9659701 0.51098866 3.0988678 14899700 15632000
-6.0081542 0.51097574 -3.0982556 14900300 15633600
-6.0501814 0.50733687 -3.012193 14900900 15635200
-6.089881 0.50059864 -2.9347359 14901500 15636700
-6.1271193 0.49143522 -2.8658865 14902100 15638100
-6.1617654 0.48016744 -2.7884294 14902600 15639500
-6.19727 0.46567313 -2.7195799 14903200 15640900
-6.229903 0.44947501 -2.6421236 14903700 15642300
-6.2627467 0.42967574 -2.5560598 14904200 15643800
-6.2950089 0.40558116 -2.4441794 14904600 15645500
-6.3256537 0.37659109 -2.3236917 14905000 15647300
-6.3550408 0.34117659 -2.203204 14905500 15649200
-6.3799581 0.30248662 -2.0827163 14906000 15651100
-6.4006957 0.25926692 -1.9536211 14906500 15653100
-6.4156966 0.21373806 -1.8245283 14907000 15655100
-6.4247116 0.16665597 -1.6954331 14907500 15657100
-6.4273737 0.097678679 -1.523309 14908300 15659900
-6.4220285 0.046183492 -1.4114276 14909000 15661900
-6.4062748 -0.022992479 -1.2823327 14910100 15664500
-6.3879512 -0.075493017 -1.1876647 14911000 15666500
-6.3631465 -0.12951198 -1.0929957 14912000 15668600
-6.3321568 -0.18247109 -0.98971964 14913000 15670800
-6.294959 -0.23365958 -0.89505089 14914100 15673000
-6.2534992 -0.28146078 -0.81759524 14915300 15675100
-6.2084646 -0.32591099 -0.74013885 14916500 15677200
-6.1575699 -0.36965791 -0.67989449 14917900 15679300
-6.1027881 -0.41165665 -0.62825739 14919400 15681400
-6.0448545 -0.45261044 -0.60243835 14921100 15683400
-5.9858835 -0.49205461 -0.57661963 14922800 15685400
-5.9244611 -0.53125248 -0.5594071 14924600 15687400
-5.8591055 -0.57139444 -0.54219482 14926500 15689500
-5.7952158 -0.61025832 -0.55080117 14928500 15691400
-5.7302087 -0.65096088 -0.56801353 14930600 15693300
-5.6662727 -0.69332892 -0.60243909 14932800 15695100
-5.6042197 -0.73840727 -0.65407619 14935100 15696800
-5.5437277 -0.78861945 -0.73153258 14937600 15698400
-5.4873023 -0.84336189 -0.80898897 14940100 15700000
-5.4312034 -0.90637915 -0.87783959 14942700 15701800
-5.3790015 -0.97265838 -0.92947669 14945200 15703700
-5.3260223 -1.045564 -0.95529557 14947700 15705900
-5.2721055 -1.1225106 -0.96390159 14950200 15708300
-5.2167516 -1.2007893 -0.94668922 14952600 15710900
-5.1621747 -1.277269 -0.95529549 14955100 15713300
-5.1075972 -1.3537495 -0.94668934 14957500 15715800
-5.0345294 -1.4570784 -0.96390192 14960900 15719000
-4.980531 -1.5362982 -0.98111428 14963500 15721400
-4.9292946 -1.615055 -1.0069331 14966100 15723700
-4.8801085 -1.6951082 -1.0327519 14968700 15726000
-4.8318124 -1.7801423 -1.0757835 14971500 15728300
-4.787727 -1.865279 -1.1102088 14974200 15730600
-4.7473453 -1.9522326 -1.1618459 14977000 15732800
-4.7125969 -2.0395281 -1.2220903 14979800 15734900
-4.6843689 -2.1251146 -1.2823343 14982500 15736900
-4.6611481 -2.2161553 -1.35979 14985400 15738900
-4.6458386 -2.3088569 -1.4544595 14988400 15740800
-4.6377482 -2.4024633 -1.5147028 14991200 15742900
-4.6353083 -2.496388 -1.5749466 14994000 15745000
-4.6385278 -2.5902891 -1.6351905 14996800 15747100
-4.6465897 -2.6838998 -1.6782221 14999500 15749300
-4.6580315 -2.7752238 -1.7126469 15002100 15751500
-4.6725143 -2.8680581 -1.7384659 15004700 15753800
-4.6887 -2.9567141 -1.7642846 15007200 15756000
-4.707174 -3.0468789 -1.781497 15009700 15758300
-4.7271976 -3.1367141 -1.7987097 15012200 15760600
-4.748764 -3.2261897 -1.8159221 15014700 15762900
-4.7709047 -3.3115695 -1.8331346 15017100 15765100
-4.7964407 -3.4019891 -1.8589534 15019700 15767400
-4.8252647 -3.4934274 -1.8933784 15022400 15769700
-4.8569607 -3.5818761 -1.9364098 15025100 15771900
-4.8946583 -3.6721102 -1.9966542 15028000 15774100
-4.9377201 -3.7599104 -2.0568983 15030900 15776300
-4.9873088 -3.8464132 -2.1257484 15033900 15778500
-5.0420142 -3.9274704 -2.203204 15036900 15780600
-5.1036847 -4.0058207 -2.2720546 15039900 15782800
-5.1674109 -4.07745 -2.3236921 15042700 15785000
-5.2368295 -4.1490245 -2.3581171 15045500 15787400
-5.3086703 -4.2181673 -2.3925419 15048300 15789800
-5.3805722 -4.2844489 -2.4011483 15050900 15792300
-5.4547496 -4.3510774 -2.4183606 15053600 15794800
-5.5283394 -4.4154813 -2.426967 15056200 15797300
-5.6275585 -4.5000786 -2.4441796 15059700 15800600
-5.7045343 -4.5634553 -2.4613921 15062400 15803100
-5.7808256 -4.6246331 -2.4699982 15065000 15805600
-5.8618828 -4.6890616 -2.4699982 15067700 15808300
-5.941166 -4.7526388 -2.461392 15070300 15811000
-6.0216657 -4.8177625 -2.4613921 15073000 15813700
-6.1009492 -4.8813398 -2.4699982 15075700 15816300
-6.1790033 -4.9433813 -2.4699982 15078300 15818900
-6.2565223 -5.0060936 -2.4527857 15080800 15821600
-6.3334979 -5.0694702 -2.4527856 15083400 15824200
-6.408725 -5.1319522 -2.4441794 15085900 15826800
-6.483411 -5.1950788 -2.4355732 15088400 15829400
-6.5570001 -5.259482 -2.4097544 15090800 15832100
-6.6300203 -5.3273781 -2.3753293 15093200 15834900
-6.7017096 -5.3994096 -2.332298 15095600 15837800
-6.7702345 -5.474459 -2.2892663 15098000 15840700
-6.8345639 -5.5506389 -2.2548416 15100400 15843500
-6.8962344 -5.6289893 -2.2204163 15102800 15846300
-6.9543766 -5.7076189 -2.1945976 15105200 15849000
-7.0119197 -5.7890464 -2.1773852 15107700 15851700
-7.0666261 -5.8701052 -2.151566 15110100 15854400
-7.1205438 -5.956248 -2.1085351 15112500 15857300
-7.1707069 -6.0446321 -2.0655034 15114900 15860200
-7.2165281 -6.1331875 -2.0310787 15117300 15863000
-7.2592752 -6.2232692 -1.9966535 15119700 15865800
-7.2996816 -6.3144227 -1.9794411 15122200 15868500
-7.3373789 -6.404656 -1.9536223 15124600 15871200
-7.3735178 -6.4955257 -1.945016 15127100 15873800
-7.4088727 -6.5867012 -1.9364098 15129600 15876400
-7.4431497 -6.6762382 -1.9364098 15132100 15878900
-7.4763633 -6.7641282 -1.9278035 15134500 15881400
-7.5101443 -6.8559005 -1.9191972 15137000 15884000
-7.543134 -6.9479593 -1.9105909 15139500 15886600
-7.5753298 -7.0402977 -1.9019847 15142000 15889200
-7.6054987 -7.1292787 -1.8933784 15144400 15891700
-7.63274 -7.2131714 -1.8761656 15146600 15894100
-7.6578063 -7.2977386 -1.8417404 15148700 15896600
-7.6800528 -7.3850711 -1.798709 15150800 15899200
-7.697757 -7.471479 -1.7470719 15152800 15901800
-7.7109779 -7.5586865 -1.6954343 15154800 15904400
-7.7216882 -7.6770866 -1.6265842 15157500 15907900
-7.7246448 -7.7633223 -1.5835529 15159500 15910400
-7.7246322 -7.8457738 -1.5577341 15161500 15912700
-7.722491 -7.9281982 -1.5319152 15163500 15915000
-7.7189316 -8.010572 -1.523309 15165600 15917200
-7.7151086 -8.0910152 -1.523309 15167700 15919300
-7.7121272 -8.167657 -1.5405219 15169800 15921200
-7.7111755 -8.2405142 -1.5749466 15171900 15922900
-7.7133589 -8.3133462 -1.6265849 15174100 15924500
-7.7200546 -8.3839761 -1.7040413 15176400 15925900
-7.7315392 -8.4500978 -1.7814979 15178600 15927200
-7.7476861 -8.511279 -1.8761659 15180800 15928300
-7.7704696 -8.5723625 -1.9794411 15183100 15929400
-7.7994292 -8.6307723 -2.0827174 15185400 15930500
-7.8347288 -8.685583 -2.2032051 15187800 15931500
-7.8749262 -8.7344514 -2.3150867 15190100 15932500
-7.9207055 -8.7781334 -2.4441794 15192500 15933400
-7.9683317 -8.8137023 -2.5560621 15194700 15934300
-8.0232134 -8.8451972 -2.6851563 15197100 15935200
-8.0783422 -8.8674264 -2.8314628 15199500 15935900
-8.1361221 -8.8813812 -2.9777679 15201900 15936600
-8.1915005 -8.8864162 -3.1240744 15204200 15937200
-8.248922 -8.8829703 3.0041965 15206600 15937800
-8.2994551 -8.871715 2.8406791 15208900 15938200
-8.3457836 -8.8532982 2.6857648 15211100 15938600
-8.3887149 -8.8279543 2.5308535 15213300 15939000
-8.42561 -8.7973481 2.367333 15215500 15939300
-8.4573406 -8.7614161 2.2210265 15217600 15939700
-8.4814014 -8.7244563 2.0747214 15219600 15940000
-8.4988515 -8.6860498 1.9198073 15221600 15940200
-8.5105158 -8.6455105 1.7821084 15223500 15940500
-8.5159607 -8.6075491 1.644407 15225300 15940700
-8.5164221 -8.5730377 1.5239194 15226900 15940900
-8.5130274 -8.5386908 1.4206452 15228400 15941200
-8.5068785 -8.5086333 1.3173688 15229800 15941400
-8.4976638 -8.4793706 1.2140948 15231200 15941600
-8.4865844 -8.4528277 1.1366377 15232400 15941900
-8.4734844 -8.427222 1.0591814 15233600 15942200
-8.4575524 -8.4010038 0.99033194 15234800 15942600
-8.436664 -8.3711543 0.93008767 15236100 15943200
-8.4119049 -8.3393987 0.88705634 15237400 15944000
-8.383317 -8.3058177 0.84402542 15238800 15944900
-8.3524438 -8.2716904 0.82681273 15240100 15946000
-8.3183671 -8.235301 0.80960036 15241500 15947200
-8.2851514 -8.2007364 0.80099418 15242800 15948400
-8.2492789 -8.163407 0.80960044 15244100 15949800
-8.2137292 -8.1257706 0.81820663 15245400 15951200
-8.178832 -8.0875272 0.84402575 15246600 15952700
-8.1438538 -8.0467961 0.87845048 15247800 15954300
-8.1113223 -8.006521 0.90426969 15249000 15955800
-8.0755855 -7.9590215 0.94730119 15250300 15957600
-8.042348 -7.9097407 1.0075452 15251500 15959500
-8.0087385 -7.8516513 1.0850017 15252800 15961700
-7.9808071 -7.7927443 1.1710635 15254000 15963900
-7.9571023 -7.7299585 1.2485199 15255300 15966100
-7.937773 -7.6656907 1.3087638 15256700 15968200
-7.9216186 -7.5985784 1.3604014 15258200 15970300
-7.9069461 -7.5252504 1.3862202 15260000 15972400
-7.8921626 -7.4441343 1.3948263 15262100 15974600
-7.8773822 -7.3649682 1.3776137 15264300 15976600
-7.8604728 -7.2823111 1.3604011 15266600 15978700
-7.8422136 -7.2019069 1.3345824 15268900 15980700
-7.8217641 -7.1200537 1.3173698 15271200 15982800
-7.7990539 -7.0368104 1.2915512 15273600 15984900
-7.7738409 -6.9502869 1.2829449 15276000 15987200
-7.7489891 -6.8676568 1.2743386 15278300 15989400
-7.7222908 -6.7815808 1.2657322 15280700 15991700
-7.6929161 -6.6923344 1.2399132 15283300 15994000
-7.6604871 -6.6041519 1.1968821 15286000 15996200
-7.6235954 -6.5135862 1.1710632 15288700 15998600
-7.5832168 -6.4224204 1.1366385 15291500 16001000
-7.5409394 -6.3342401 1.1108197 15294200 16003400
-7.4941762 -6.2418564 1.0936067 15297000 16006000
-7.4450447 -6.1507128 1.0591821 15299900 16008500
-7.3941502 -6.062749 1.0333633 15302700 16011000
-7.3410013 -5.9761275 1.0075441 15305500 16013500
-7.2863203 -5.8927511 0.97311941 15308300 16015900
-7.2280531 -5.8094875 0.94730061 15311100 16018400
-7.1676558 -5.7277559 0.92148181 15313900 16020900
-7.1028101 -5.6445856 0.89566285 15316800 16023500
-7.0398244 -5.5672898 0.87845032 15319500 16026000
-6.9705716 -5.4852287 0.86123795 15322400 16028700
-6.9015202 -5.405517 0.85263169 15325200 16031400
-6.8324679 -5.3258044 0.86123795 15327900 16034200
-6.7650101 -5.247252 0.86123795 15330600 16036900
-6.6950524 -5.1657884 0.86123795 15333400 16039700
-6.6275944 -5.0872358 0.86123795 15336100 16042400
-6.5610533 -5.010422 0.85263161 15338800 16045000
-6.4938541 -4.9341844 0.84402534 15341500 16047600
-6.4260012 -4.8585278 0.83541905 15344200 16050200
-6.3575007 -4.783459 0.82681289 15346900 16052800
-6.2883558 -4.7089816 0.81820663 15349600 16055400
-6.2179387 -4.6357047 0.79238775 15352400 16057900
-6.1489758 -4.5663704 0.78378132 15355000 16060400
-6.0788298 -4.4982332 0.75796277 15357700 16062800
-6.0064182 -4.4296897 0.75796277 15360300 16065400
-5.933418 -4.3617707 0.74075023 15363000 16067900
-5.8598367 -4.2944831 0.74075032 15365600 16070500
-5.7851361 -4.2255793 0.7493565 15368200 16073200
-5.709329 -4.1550487 0.74935668 15370900 16075900
-5.6080881 -4.0583865 0.77517561 15374400 16079700
-5.5337173 -3.983615 0.80099409 15377000 16082600
-5.4613 -3.9069468 0.82681305 15379600 16085500
-5.3892639 -3.827318 0.84402542 15382300 16088400
-5.3211311 -3.7493473 0.86123812 15384900 16091200
-5.2543517 -3.670217 0.87845048 15387500 16094000
-5.186521 -3.5869754 0.89566302 15390200 16096900
-5.1216758 -3.5038059 0.92148181 15392800 16099800
-5.058232 -3.4171741 0.95590688 15395400 16102800
-4.9941687 -3.3239297 0.98172567 15398200 16105900
-4.933836 -3.2327933 0.99033202 15401000 16108800
-4.8742911 -3.1411427 0.9989382 15403800 16111700
-4.815536 -3.0489814 1.0075446 15406600 16114600
-4.7575768 -2.9563187 1.0161507 15409400 16117500
-4.7010272 -2.8650384 1.0161507 15412200 16120300
-4.6438676 -2.7718803 1.024757 15415000 16123200
-4.586708 -2.6787223 1.0161507 15417900 16126000
-4.524099 -2.5776609 1.0161507 15421000 16129100
-4.4609226 -2.4746968 1.024757 15424100 16132300
-4.3971941 -2.369823 1.024757 15427300 16135500
-4.333465 -2.2649483 1.0247571 15430500 16138700
-4.2731543 -2.1647299 1.0333633 15433500 16141800
-4.2122947 -2.0626071 1.0333633 15436600 16144900
-4.1519836 -1.962388 1.0247572 15439700 16147900
-4.0950503 -1.8668535 1.0419695 15442500 16150900
-4.0389402 -1.7708308 1.0419695 15445400 16153800
-3.9828311 -1.67481 1.0419695 15448300 16156700
-3.928095 -1.5802064 1.0505758 15451100 16159600
-3.8747202 -1.487033 1.0505758 15453900 16162400
-3.823252 -1.397188 1.0505758 15456600 16165100
-3.7712241 -1.3054527 1.0591821 15459300 16167900
-3.7218516 -1.2166268 1.0677883 15461900 16170600
-3.6737857 -1.1292683 1.0677883 15464500 16173200
-3.6257198 -1.0419098 1.0677883 15467100 16175800
-3.579502 -0.95791029 1.0677884 15469600 16178300
-3.5345643 -0.87539857 1.0763946 15472000 16180800
-3.4921426 -0.79588494 1.0850009 15474300 16183200
-3.4504076 -0.7160107 1.0936071 15476600 16185600
-3.4093608 -0.63577874 1.1022135 15478900 16188000
-3.3707239 -0.55862696 1.1108197 15481100 16190300
-3.3332699 -0.4830264 1.1108197 15483300 16192500
-3.297519 -0.41086357 1.1108197 15485400 16194600
-3.2612345 -0.33682436 1.1194259 15487500 16196800
-3.2261057 -0.26435587 1.1194261 15489600 16198900
-3.1932448 -0.19505286 1.1366385 15491500 16201000
-3.1620804 -0.12707431 1.1452447 15493400 16203000
-3.1320008 -0.060709679 1.1452447 15495300 16204900
-3.1019208 0.0056557444 1.1452447 15497200 16206800
-3.0734237 0.068528852 1.1452447 15499000 16208600
-3.0449271 0.13140076 1.1452447 15500800 16210400
-3.0174852 0.19264546 1.153851 15502500 16212200
-2.9910833 0.25225503 1.1538511 15504200 16213900
-2.9657074 0.31022054 1.1624573 15505800 16215600
-2.9423389 0.36487615 1.1710636 15507300 16217200
-2.9194416 0.41973094 1.1796699 15508800 16218800
-2.8984643 0.47122846 1.188276 15510200 16220300
-2.8784242 0.5210375 1.188276 15511600 16221700
-2.8583841 0.57084653 1.188276 15513000 16223100
-2.8397753 0.61709821 1.188276 15514300 16224400
-2.8211669 0.66334901 1.188276 15515600 16225700
-2.8020492 0.71146234 1.1968822 15516900 16227100
-2.7748519 0.77906034 1.1796696 15518900 16228900
-2.7524651 0.83204968 1.1624571 15520500 16230300
-2.7140463 0.91779228 1.1366384 15523100 16232600
-2.6806702 0.98897164 1.1280322 15525200 16234600
-2.6555781 1.0407349 1.1108197 15526800 16236000
-2.6295986 1.092059 1.093607 15528400 16237400
-2.6038472 1.1413431 1.0850009 15529900 16238800
-2.5801909 1.185228 1.0677882 15531300 16240000
-2.556902 1.227127 1.0591821 15532600 16241200
-2.5332529 1.2688249 1.0505757 15533900 16242400
-2.5111668 1.3069975 1.0419695 15535100 16243500
-2.4887526 1.3449793 1.0333632 15536300 16244600
-2.4679902 1.3794803 1.024757 15537400 16245600
-2.4469314 1.4138017 1.0161507 15538500 16246600
-2.4267349 1.4464022 1.0161507 15539500 16247600
-2.4074152 1.4772897 1.0075445 15540500 16248500
-2.3848912 1.5129577 1.0075445 15541600 16249600
-2.3603194 1.5518686 1.0075443 15542800 16250800
-2.3333387 1.5937906 0.99033194 15544200 16252000
-2.3038945 1.6386865 0.99033202 15545600 16253400
-2.2715104 1.6885315 0.9989382 15547100 16255000
-2.2374943 1.7418881 1.0075446 15548700 16256700
-2.2031603 1.7973089 1.0247572 15550300 16258500
-2.1678221 1.8566066 1.0419696 15552000 16260400
-2.1342128 1.9146954 1.0505758 15553700 16262200
-2.1029963 1.9697361 1.0591821 15555300 16263900
-2.0722544 2.0250439 1.0677884 15556900 16265600
-2.0419902 2.0806131 1.0763946 15558500 16267300
-2.0122047 2.1364418 1.0850009 15560100 16269000
-1.9817651 2.1940928 1.0850009 15561800 16270700
-1.9531157 2.248353 1.0850009 15563400 16272300
-1.9233302 2.3041817 1.0763945 15565100 16273900
-1.8912318 2.3631188 1.0677883 15566900 16275600
-1.8468629 2.443758 1.0677883 15569300 16278000
-1.8117378 2.5075969 1.0677884 15571200 16279900
-1.7759707 2.5732703 1.0763947 15573100 16281900
-1.7299394 2.6595496 1.0850009 15575600 16284500
-1.6808074 2.7506942 1.0677883 15578400 16287100
-1.6426129 2.8194099 1.059182 15580500 16289100
-1.6038287 2.8877937 1.0505757 15582600 16291100
-1.5644579 2.9558406 1.0419695 15584700 16293100
-1.5245025 3.0235468 1.0333633 15586800 16295100
-1.4845471 3.0912529 1.0419695 15588800 16297200
-1.443255 3.1626205 1.0505759 15590900 16299400
-1.4025793 3.2343395 1.0591821 15593000 16301600
-1.3619029 3.3060598 1.0505758 15595200 16303700
-1.3218721 3.3759392 1.0505758 15597300 16305800
-1.2812407 3.4454729 1.0333629 15599500 16307800
-1.2368084 3.5171938 0.99893796 15601900 16309800
-1.1912952 3.5859445 0.97311941 15604200 16311800
-1.1462206 3.650356 0.94730061 15606400 16313700
-1.0828165 3.7346293 0.90426928 15609400 16316200
-1.0324822 3.7974966 0.88705642 15611600 16318200
-0.9805426 3.8590424 0.85263169 15613900 16320100
-0.92703099 3.9192273 0.83541916 15616100 16322100
-0.8709318 3.9796529 0.8096002 15618400 16324100
-0.81488066 4.0374802 0.79238758 15620600 16326100
-0.75623455 4.095436 0.7665687 15622900 16328100
-0.69727341 4.1502932 0.73214372 15625200 16330000
-0.6381294 4.2020864 0.70632509 15627400 16331900
-0.57810327 4.2528536 0.69771891 15629500 16333900
-0.51594568 4.3040618 0.68050646 15631700 16335900
-0.45208373 4.3562145 0.68911272 15633800 16338100
-0.38572371 4.411366 0.69771899 15636000 16340400
-0.32276872 4.4646102 0.70632517 15638100 16342600
-0.25858563 4.5193686 0.70632517 15640300 16344800
-0.17283707 4.5931657 0.71493144 15643200 16347800
-0.10912687 4.6484751 0.71493136 15645400 16350000
-0.046633192 4.7022585 0.70632517 15647600 16352100
0.013394104 4.7530266 0.69771899 15649700 16354100
0.076348939 4.8062707 0.70632534 15651800 16356300
0.14005854 4.8615796 0.7235377 15653900 16358600
0.20348413 4.9200833 0.76656936 15655900 16361100
0.26595384 4.9823514 0.80099409 15658000 16363600
0.3262445 5.0467339 0.83541949 15660100 16366100
0.38175904 5.1102643 0.86984422 15662100 16368500
0.4341179 5.1739573 0.89566302 15664100 16370800
0.48481502 5.2389807 0.92148181 15666100 16373100
0.53438546 5.3048671 0.93008808 15668200 16375300
0.5805625 5.3684939 0.95590704 15670100 16377500
0.62863736 5.4378259 0.97311965 15672200 16379800
0.67626747 5.5097743 0.9989382 15674300 16382200
0.72265308 5.5825333 1.0075446 15676500 16384500
0.76840991 5.6556873 1.0161507 15678700 16386800
0.8108225 5.7241483 1.0161507 15680800 16388900
0.88453713 5.8408797 0.9989382 15684500 16392400
0.92659983 5.9050161 0.98172567 15686600 16394300
0.96976059 5.9684196 0.96451306 15688700 16396200
1.012636 6.0296884 0.95590688 15690700 16398100
1.0568817 6.0923396 0.95590704 15692700 16400100
1.1005861 6.1553688 0.97311965 15694600 16402200
1.1439824 6.2209218 0.9989382 15696500 16404400
1.184935 6.2857726 1.0161507 15698400 16406500
1.2229414 6.350176 1.0591821 15700100 16408700
1.2563371 6.4127718 1.1022139 15701700 16410800
1.2859119 6.4751447 1.1538517 15703200 16412900
1.3112294 6.5372969 1.2140948 15704600 16415000
1.3318781 6.5991347 1.282945 15705900 16417100
1.3472623 6.6585346 1.3517958 15707100 16419100
1.3578196 6.7150812 1.4206452 15708200 16421000
1.3640027 6.7703432 1.4981016 15709200 16422900
1.3658911 6.8259179 1.575558 15710200 16424800
1.3637877 6.879566 1.6444081 15711200 16426600
1.3579857 6.9290821 1.7304715 15712000 16428400
1.3477812 6.9798384 1.8079281 15712900 16430200
1.3292157 7.0423331 1.9112031 15714000 16432500
1.3114734 7.0868658 1.9886594 15714800 16434200
1.291362 7.1282575 2.0575089 15715600 16435800
1.2703595 7.1648425 2.1263596 15716300 16437300
1.2459813 7.2015941 2.1866035 15717100 16438800
1.2204443 7.2351703 2.255453 15717800 16440300
1.1951837 7.2640249 2.3243031 15718400 16441700
1.1679976 7.2910735 2.3931539 15719000 16443100
1.1390156 7.3161873 2.4620034 15719600 16444500
1.1100007 7.3382203 2.5222479 15720200 16445800
1.0812239 7.3572769 2.5910981 15720700 16447100
1.0528034 7.3732401 2.6685537 15721100 16448400
1.0251411 7.3865078 2.7201913 15721600 16449500
0.99855272 7.3974769 2.7804352 15722000 16450600
0.97320333 7.4063112 2.8320728 15722400 16451600
0.9511132 7.4127519 2.8837109 15722700 16452500
0.9287205 7.4180438 2.935348 15723000 16453400
0.909857 7.4214846 2.9869856 15723200 16454200
0.89464423 7.4234548 3.0386232 15723300 16454900
0.88508228 7.4241526 3.098867 15723200 16455500
0.88508233 7.4241526 -3.1154676 15722800 16455900
0.89082561 7.4244759 -3.0552243 15722300 16456100
0.9022583 7.425764 -3.0035861 15721700 16456100
0.91927225 7.4286518 -2.9433421 15720900 16456000
0.93604724 7.4327032 -2.8658856 15720000 16456000
0.95425603 7.4387119 -2.7798238 15719000 16456000
0.97188129 7.4462637 -2.6937601 15718000 16456000
0.99035301 7.4564455 -2.5818797 15716800 16456100
1.0044419 7.4664116 -2.4699972 15715700 16456300
1.0173299 7.4778882 -2.3581159 15714600 16456500
1.0312817 7.4937068 -2.229022 15713300 16456700
1.0357081 7.4999704 -2.1429601 15712600 16457000
1.0366831 7.5016215 -2.0655038 15712100 16457400
1.0323138 7.4930876 -2.0224724 15712100 16457900
1.0242426 7.475694 -1.988047 15712400 16458600
1.0137878 7.4509688 -1.953622 15712900 16459500
1.0014482 7.4187358 -1.9191972 15713600 16460600
0.98851871 7.380601 -1.8761659 15714400 16461900
0.97469795 7.3346992 -1.8503469 15715500 16463300
0.96206691 7.2884563 -1.8245282 15716600 16464700
0.94928701 7.2382866 -1.815922 15717900 16466100
0.93693932 7.1880086 -1.8073157 15719200 16467500
0.92502495 7.137627 -1.7987095 15720500 16468900
0.91251036 7.0814805 -1.781497 15721900 16470500
0.90111446 7.0270534 -1.7728906 15723300 16472000
0.89005352 6.9706026 -1.7556781 15724700 16473600
0.8800667 6.9159005 -1.7470719 15726100 16475100
0.86997891 6.8592671 -1.7470718 15727600 16476600
0.85980687 6.8007021 -1.7384657 15729100 16478200
0.84956695 6.7402034 -1.7384657 15730700 16479800
0.83939491 6.6816384 -1.7470722 15732300 16481300
0.82821637 6.6232573 -1.7728909 15734000 16482700
0.81618544 6.5670051 -1.7901033 15735600 16484100
0.80300414 6.5090433 -1.7987098 15737200 16485600
0.78791253 6.4475926 -1.8245284 15739000 16487100
0.77176566 6.3864113 -1.8331346 15740700 16488700
0.75431681 6.3235949 -1.8503473 15742500 16490300
0.73578972 6.2610894 -1.8675596 15744300 16491900
0.71533745 6.1971693 -1.8933786 15746200 16493500
0.69289143 6.1318915 -1.9105912 15748100 16495200
0.66838409 6.0653128 -1.9364098 15750100 16496900
0.6441207 6.0027408 -1.945016 15751900 16498600
0.61833507 5.9387078 -1.9622286 15753800 16500300
0.59098634 5.8732451 -1.9708348 15755700 16502100
0.56260915 5.8061339 -1.9708348 15757600 16504000
0.53318877 5.7373819 -1.9794412 15759600 16505900
0.50163908 5.6653738 -1.9880475 15761700 16507900
0.46995487 5.5955258 -2.0052599 15763800 16509800
0.43594548 5.5246462 -2.0310787 15766000 16511700
0.38707759 5.4311904 -2.07411 15769000 16514200
0.3470247 5.3613219 -2.1085353 15771300 16516100
0.3058898 5.2943266 -2.1343539 15773500 16518000
0.26094837 5.2251999 -2.1601727 15775800 16520000
0.21285232 5.1558826 -2.1945977 15778200 16522000
0.16298232 5.0878294 -2.2118106 15780500 16524100
0.11137258 5.0210869 -2.2462356 15782900 16526100
0.058994225 4.95741 -2.2720543 15785200 16528100
0.0040089158 4.8934209 -2.2892667 15787500 16530200
-0.053621537 4.829202 -2.3150855 15789900 16532300
-0.11289065 4.7664922 -2.3409043 15792300 16534400
-0.17323033 4.7048118 -2.3495105 15794600 16536600
-0.23572031 4.6425616 -2.3667231 15797000 16538800
-0.30148333 4.578169 -2.3667229 15799400 16541200
-0.36560347 4.5148422 -2.3581168 15801700 16543600
-0.42917761 4.4509647 -2.3495104 15804000 16546000
-0.49219845 4.3865435 -2.3409043 15806300 16548400
-0.55360771 4.3232271 -2.3409044 15808600 16550700
-0.61555903 4.260442 -2.3581168 15811000 16552900
-0.67804838 4.1981924 -2.3581168 15813300 16555200
-0.74053713 4.1359435 -2.3581168 15815600 16557500
-0.80302708 4.0736933 -2.3581165 15817900 16559800
-0.86604791 4.0092722 -2.332298 15820100 16562300
-0.9289805 3.9421096 -2.3150853 15822400 16564800
-0.99332017 3.8710321 -2.2978729 15824800 16567400
-1.0529325 3.8034434 -2.2892667 15827100 16569800
-1.1129176 3.7336358 -2.2720541 15829400 16572300
-1.1747728 3.6603859 -2.2720541 15831900 16574800
-1.2344598 3.5878238 -2.2462353 15834200 16577400
-1.2920067 3.515993 -2.2462352 15836600 16579800
-1.3489327 3.4436703 -2.2290227 15838900 16582300
-1.4060863 3.3690975 -2.2204165 15841300 16584800
-1.4625972 3.294034 -2.2118101 15843700 16587300
-1.5215332 3.2136092 -2.1945977 15846200 16590000
-1.5790774 3.1321802 -2.1773851 15848700 16592700
-1.6344789 3.051596 -2.1687789 15851200 16595300
-1.6913295 2.96736 -2.1601727 15853800 16598000
-1.7481807 2.8831233 -2.1687789 15856500 16600600
-1.804315 2.8007159 -2.1687789 15859100 16603200
-1.8626076 2.7151398 -2.1687789 15861800 16605900
-1.9194588 2.630903 -2.1601726 15864400 16608600
-1.9777008 2.542983 -2.1515662 15867100 16611400
-2.034421 2.4540736 -2.1257474 15869700 16614300
-2.0902109 2.362327 -2.1085351 15872400 16617200
-2.1424782 2.2729434 -2.0913226 15875000 16620000
-2.1937429 2.1807794 -2.0655036 15877600 16622900
-2.2421167 2.0892301 -2.048291 15880200 16625700
-2.2893688 1.994947 -2.0224722 15882800 16628600
-2.332542 1.9029472 -1.9966534 15885300 16631400
-2.3733253 1.8098644 -1.9708348 15887800 16634200
-2.4131406 1.7122067 -1.9450157 15890400 16637100
-2.4493261 1.6151918 -1.9105908 15892900 16640000
-2.4829951 1.517275 -1.8933783 15895500 16642800
-2.5149738 1.4187932 -1.8761658 15898100 16645600
-2.5451097 1.321739 -1.8675596 15900700 16648300
-2.5752458 1.2246838 -1.8761659 15903400 16650900
-2.6072245 1.126202 -1.8933784 15906200 16653500
-2.6396465 1.0319118 -1.910591 15908900 16656000
-2.6749958 0.93458902 -1.9278035 15911700 16658600
-2.7117379 0.83983615 -1.9536225 15914500 16661100
-2.7509131 0.74606517 -1.9794411 15917300 16663600
-2.7913199 0.65491079 -1.9966536 15920000 16666100
-2.8357107 0.56136528 -2.0310787 15922900 16668600
-2.8832952 0.4694022 -2.0655042 15925800 16671100
-2.9334574 0.38101978 -2.1085351 15928700 16673500
-2.9872559 0.29254817 -2.1257478 15931500 16676100
-3.0425686 0.20501649 -2.1429602 15934300 16678700
-3.0979615 0.11981371 -2.1515665 15937000 16681300
-3.1540851 0.035091615 -2.1601727 15939700 16683900
-3.2109363 -0.049145139 -2.1687789 15942400 16686500
-3.2663383 -0.1297301 -2.1773853 15945000 16689000
-3.3224312 -0.2098345 -2.1859914 15947600 16691500
-3.3763239 -0.28679684 -2.1773852 15950000 16694000
-3.4294417 -0.36196205 -2.194598 15952500 16696300
-3.4830232 -0.43442396 -2.2204165 15955000 16698500
-3.5352054 -0.50071977 -2.2548416 15957400 16700500
-3.5901919 -0.56471013 -2.3064799 15959900 16702400
-3.6446824 -0.62137882 -2.366724 15962300 16704100
-3.7029422 -0.67416438 -2.4441802 15964800 16705700
-3.7843668 -0.73497499 -2.5560619 15968100 16707700
-3.8503911 -0.77400592 -2.6593361 15970700 16709100
-3.9166033 -0.80442182 -2.7626113 15973200 16710400
-3.9853941 -0.82844265 -2.8486739 15975600 16711800
-4.0559957 -0.84646171 -2.9347373 15978000 16713200
-4.1297229 -0.85897537 -3.0121936 15980400 16714700
-4.2022586 -0.86588517 -3.0810437 15982700 16716200
-4.2770055 -0.8681602 -3.1412876 15985000 16717800
-4.3498272 -0.86567456 3.0730476 15987300 16719300
-4.42612 -0.8577908 3.0041975 15989700 16720900
-4.4998541 -0.84532226 2.9439542 15992000 16722500
-4.5764403 -0.82757094 2.8837104 15994400 16724200
-4.6500741 -0.80610183 2.8320725 15996700 16725900
-4.7263475 -0.78025443 2.7976475 15999000 16727800
-4.8000105 -0.7527917 2.7718289 16001200 16729700
-4.8784126 -0.72162498 2.7546163 16003500 16731800
-4.9581778 -0.68871773 2.7460101 16005800 16734000
-5.0360302 -0.6562069 2.7460101 16008000 16736200
-5.1155099 -0.62261415 2.7374038 16010300 16738400
-5.194696 -0.58833928 2.7287976 16012600 16740600
-5.2735857 -0.55338353 2.7201912 16014900 16742800
-5.3521708 -0.51775047 2.711585 16017200 16745000
-5.4304457 -0.48144276 2.7029788 16019500 16747200
-5.5361252 -0.43131383 2.6943725 16022600 16750200
-5.621016 -0.39104596 2.7029788 16025000 16752700
-5.7043418 -0.35195882 2.7029788 16027400 16755100
-5.7873296 -0.31215525 2.685766 16029900 16757400
-5.8677305 -0.27144209 2.6599471 16032400 16759600
-5.9500421 -0.2261366 2.6169156 16035100 16761800
-6.0266458 -0.17866315 2.5566718 16037800 16763800
-6.0989039 -0.12808106 2.5050347 16040400 16765800
-6.1702054 -0.072963375 2.4620034 16043000 16767900
-6.2378495 -0.016356342 2.4275781 16045500 16770000
-6.3068849 0.044513214 2.4103658 16048000 16772300
-6.3720313 0.10397775 2.3931532 16050400 16774500
-6.4378033 0.16558859 2.3845469 16052800 16776800
-6.5030427 0.2277632 2.3759405 16055200 16779100
-6.5672017 0.29105087 2.3501219 16057700 16781300
-6.629192 0.35379864 2.350122 16060000 16783600
-6.6928046 0.4176367 2.3587284 16062300 16786000
-6.7547533 0.47770095 2.3845473 16064400 16788400
-6.8227308 0.53974969 2.418972 16066600 16791000
-6.8933159 0.59881784 2.4706102 16068700 16793700
-6.9655548 0.6526996 2.5308535 16070700 16796400
-7.0386742 0.70203142 2.565279 16072800 16798900
-7.1120176 0.74748424 2.6083099 16074800 16801400
-7.188735 0.79101026 2.6427352 16076900 16803900
-7.2650322 0.83131005 2.6685541 16079000 16806300
-7.3407871 0.8684497 2.7029792 16081000 16808700
-7.4177749 0.9029598 2.7374045 16083000 16811100
-7.4928659 0.93206434 2.8062549 16084700 16813600
-7.5719207 0.95548353 2.9009229 16086300 16816300
-7.6492003 0.96992391 3.0128057 16087700 16819000
-7.7257609 0.97451826 -3.1326807 16088900 16821800
-7.7984048 0.96885791 -2.9949804 16090000 16824500
-7.8695841 0.95327963 -2.8572802 16091100 16827200
-7.9326537 0.93033885 -2.7281849 16092100 16829700
-7.990412 0.90010337 -2.590486 16093000 16832200
-8.0431463 0.8617699 -2.4355718 16093800 16834800
-8.0881673 0.81730587 -2.2892653 16094600 16837300
-8.1262248 0.76675398 -2.1429601 16095400 16839800
-8.1553568 0.71275072 -1.988046 16096100 16842300
-8.1763045 0.65507797 -1.8503458 16096900 16844700
-8.1883353 0.59882586 -1.7126456 16097600 16847000
-8.1926296 0.54338565 -1.5835529 16098300 16849200
-8.1895524 0.4840236 -1.4544589 16099100 16851500
-8.1789603 0.42748231 -1.3167575 16099800 16853800
-8.159992 0.36912852 -1.1962696 16100700 16856100
-8.1320245 0.31023863 -1.0585707 16101600 16858600
-8.0987853 0.25866166 -0.93808205 16102500 16860900
-8.0589953 0.20946181 -0.84341403 16103600 16863100
-8.0151232 0.1638638 -0.76595764 16104800 16865200
-7.9669855 0.11989747 -0.71432005 16106200 16867200
-7.9153454 0.077033002 -0.67128856 16107700 16869200
-7.8609266 0.034563979 -0.65407602 16109400 16871100
-7.8088489 -0.0046547609 -0.63686366 16111000 16872900
-7.7512699 -0.046105642 -0.6110447 16112700 16874900
-7.691233 -0.087394319 -0.59383216 16114500 16876900
-7.630495 -0.12764317 -0.5766198 16116300 16878900
-7.5690727 -0.16684103 -0.55940727 16118100 16880900
-7.5055199 -0.20625329 -0.550801 16120000 16882900
-7.4398212 -0.24583131 -0.53358847 16121900 16885000
-7.3752721 -0.28358976 -0.5249822 16123800 16887000
-7.3107224 -0.32134858 -0.53358831 16125800 16888900
-7.2443529 -0.35978958 -0.51637594 16127700 16891000
-7.1791628 -0.39643182 -0.50776951 16129600 16893000
-7.1084553 -0.43498273 -0.49055698 16131600 16895200
-7.0336973 -0.47408809 -0.47334461 16133700 16897500
-6.9582759 -0.51190169 -0.456132 16135800 16899800
-6.880649 -0.54957498 -0.44752581 16138000 16902100
-6.8011306 -0.58774439 -0.4475259 16140300 16904400
-6.720053 -0.62709242 -0.45613216 16142700 16906700
-6.6427532 -0.6654324 -0.46473834 16145000 16908900
-6.5642475 -0.70564153 -0.48195088 16147400 16911100
-6.4879618 -0.74596509 -0.49055731 16149700 16913300
-6.407154 -0.79002286 -0.50776967 16152200 16915600
-6.3304506 -0.83357193 -0.5249822 16154600 16917800
-6.2548964 -0.8790871 -0.55940759 16157100 16919900
-6.1809549 -0.92717484 -0.59383233 16159600 16922000
-6.1087109 -0.97777999 -0.62825788 16162100 16924100
-6.0387114 -1.0314456 -0.67989548 16164700 16926100
-5.9744941 -1.0861654 -0.73153307 16167200 16928000
-5.9104001 -1.1467614 -0.78317067 16169800 16930000
-5.8521661 -1.20781 -0.83480834 16172300 16931900
-5.7961926 -1.2734783 -0.89505212 16174900 16933800
-5.7428186 -1.3436993 -0.94668922 16177500 16935800
-5.6939128 -1.4147887 -0.98972096 16180000 16937800
-5.6481108 -1.4879155 -1.0327524 16182500 16939800
-5.6067601 -1.5614562 -1.0843899 16185000 16941700
-5.5697953 -1.6351564 -1.1274208 16187400 16943600
-5.5360349 -1.7103792 -1.1704521 16189800 16945500
-5.5069597 -1.7834225 -1.2134837 16192100 16947300
-5.4791215 -1.8610314 -1.2393023 16194400 16949300
-5.4535675 -1.9374036 -1.2565148 16196600 16951300
-5.4279548 -2.0198019 -1.2823338 16199000 16953400
-5.4044783 -2.1028324 -1.3081524 16201400 16955500
-5.3765244 -2.2144332 -1.3425774 16204600 16958300
-5.3588153 -2.2988837 -1.3856093 16207100 16960300
-5.3454888 -2.3841348 -1.445853 16209700 16962200
-5.3365803 -2.4699601 -1.4888844 16212200 16964200
-5.3313721 -2.5560892 -1.5319159 16214700 16966200
-5.3306164 -2.6423723 -1.5921595 16217300 16968100
-5.334018 -2.7305098 -1.6265842 16219800 16970200
-5.3412082 -2.818421 -1.6782222 16222400 16972200
-5.3527964 -2.9077942 -1.7212535 16225000 16974300
-5.3675621 -2.992807 -1.7642845 16227500 16976300
-5.3859168 -3.0751552 -1.8159221 16230000 16978200
-5.4084975 -3.1564462 -1.8675596 16232500 16980100
-5.4364599 -3.2401013 -1.9191978 16235100 16982100
-5.468347 -3.3202798 -1.9794417 16237700 16984000
-5.5054741 -3.400289 -2.0310791 16240300 16986000
-5.5454569 -3.4767529 -2.0741103 16242800 16988000
-5.5912308 -3.5566011 -2.1085351 16245400 16990200
-5.6397267 -3.6348281 -2.1429605 16248000 16992400
-5.6908854 -3.7113381 -2.1773852 16250600 16994600
-5.7446481 -3.7860434 -2.2118106 16253200 16996800
-5.8009491 -3.8588526 -2.2462353 16255800 16999000
-5.8603306 -3.9291732 -2.2978729 16258500 17001100
-5.9252808 -3.9996957 -2.3322983 16261200 17003400
-5.9899259 -4.0652107 -2.3667234 16263800 17005600
-6.0579016 -4.1300724 -2.3925421 16266400 17007900
-6.1275287 -4.1931572 -2.4183606 16269000 17010200
-6.2028426 -4.2584998 -2.4355732 16271700 17012700
-6.2746004 -4.3191514 -2.4441794 16274200 17015100
-6.3480882 -4.3807251 -2.4441794 16276700 17017600
-6.4215761 -4.4422988 -2.4441794 16279200 17020100
-6.4938539 -4.5023312 -2.4527858 16281700 17022500
-6.569616 -4.5641634 -2.4613921 16284300 17025000
-6.6429156 -4.6229423 -2.4699982 16286800 17027400
-6.7162152 -4.6817212 -2.4613919 16289200 17029900
-6.7890056 -4.7411281 -2.4527857 16291600 17032400
-6.8624934 -4.8027019 -2.4355732 16294000 17035000
-6.9331973 -4.8645801 -2.4097543 16296300 17037600
-7.002825 -4.9276655 -2.401148 16298700 17040100
-7.0719066 -4.9913472 -2.3925418 16301100 17042600
-7.1421184 -5.0566319 -2.3925418 16303600 17045100
-7.2123302 -5.1219166 -2.3925418 16306100 17047600
-7.2780646 -5.1835676 -2.3839356 16308400 17050000
-7.3443799 -5.2473924 -2.3667229 16310700 17052500
-7.4123024 -5.3150543 -2.3495105 16313100 17055100
-7.4784568 -5.3844485 -2.3150851 16315400 17057800
-7.5396339 -5.4532126 -2.2806601 16317600 17060400
-7.5974815 -5.5223178 -2.2548413 16319800 17062900
-7.654407 -5.5946398 -2.2204165 16322000 17065500
-7.709447 -5.668408 -2.203204 16324300 17068000
-7.7617744 -5.7417828 -2.177385 16326500 17070500
-7.8114306 -5.8146803 -2.1601727 16328700 17072900
-7.8605526 -5.8902374 -2.1343539 16330900 17075400
-7.9070279 -5.965205 -2.1171412 16333100 17077800
-7.9541697 -6.0442543 -2.0999286 16335400 17080300
-8.000546 -6.1259664 -2.07411 16337700 17082900
-8.042992 -6.205467 -2.0482911 16339900 17085400
-8.084063 -6.2856857 -2.0396848 16342200 17087800
-8.1249464 -6.3681451 -2.0224724 16344500 17090300
-8.1634455 -6.4475044 -2.0224724 16346800 17092600
-8.2170089 -6.5579162 -2.0224724 16350000 17095800
-8.2555072 -6.637274 -2.0224724 16352300 17098100
-8.296153 -6.7219846 -2.0138661 16354700 17100600
-8.3360674 -6.8070402 -2.0052599 16357100 17103100
-8.3740888 -6.8908586 -1.9880474 16359400 17105600
-8.4098337 -6.9714959 -1.9880473 16361700 17107900
-8.4444611 -7.0505285 -1.9794411 16363900 17110200
-8.4795103 -7.1314697 -1.9794411 16366200 17112500
-8.5152552 -7.212107 -1.9966537 16368600 17114700
-8.5512377 -7.2905319 -2.0052599 16370900 17116900
-8.586751 -7.3670634 -2.0052597 16373100 17119100
-8.6231878 -7.4473886 -1.9880474 16375300 17121500
-8.657134 -7.526717 -1.9622286 16377400 17123900
-8.6893766 -7.6088166 -1.9278035 16379500 17126400
-8.7187747 -7.691978 -1.893378 16381600 17128900
-8.7443617 -7.7743826 -1.8503471 16383600 17131400
-8.7655398 -7.8560502 -1.7987095 16385500 17133900
-8.7817049 -7.9349459 -1.7470713 16387300 17136300
-8.7925482 -8.0108746 -1.6782211 16388900 17138700
-8.7978625 -8.0835445 -1.6093709 16390400 17141000
-8.7975719 -8.148738 -1.5233081 16391600 17143200
-8.7915809 -8.2117299 -1.4286401 16392700 17145400
-8.7805027 -8.2681774 -1.3253649 16393600 17147500
-8.7647868 -8.319515 -1.2220897 16394400 17149500
-8.7449622 -8.3652587 -1.1016008 16395000 17151500
-8.7205739 -8.406528 -0.9725067 16395500 17153500
-8.6921001 -8.4426803 -0.83480777 16395900 17155500
-8.6629587 -8.4704696 -0.68849994 16396100 17157400
-8.6317391 -8.4927411 -0.5507996 16396300 17159200
-8.5993849 -8.5094884 -0.40449449 16396400 17161000
-8.5649345 -8.5213402 -0.25818797 16396500 17162800
-8.5348032 -8.5271143 -0.12048772 16396500 17164400
-8.5041516 -8.5284341 0.034426378 16396400 17166100
-8.4736355 -8.5252712 0.17212655 16396400 17167700
-8.4456752 -8.5185274 0.30122053 16396400 17169200
-8.4188159 -8.5082403 0.43031328 16396400 17170700
-8.3967778 -8.4965912 0.5421958 16396400 17172000
-8.3730092 -8.4803952 0.65407717 16396500 17173400
-8.3554954 -8.4654715 0.75735271 16396500 17174600
-8.3383678 -8.4473608 0.86923283 16396500 17175900
-8.3244439 -8.4290419 0.97250892 16396500 17177100
-8.3134021 -8.4110708 1.0671777 16396500 17178200
-8.3039461 -8.3922173 1.1446333 16396600 17179200
-8.2967779 -8.3744325 1.2306966 16396600 17180200
-8.2898535 -8.3524896 1.2995461 16396800 17181200
-8.2848167 -8.3320076 1.35979 16397000 17182100
-8.2805799 -8.3093911 1.4114278 16397300 17183000
-8.2763825 -8.2809368 1.4372465 16397900 17183900
-8.2720813 -8.2466912 1.4544588 16398700 17184900
-8.2672353 -8.2067173 1.4458526 16399800 17185900
-8.2610567 -8.1591797 1.4372462 16401100 17187100
-8.2512768 -8.0908468 1.4200337 16403000 17188800
-8.242148 -8.0340515 1.4028212 16404600 17190200
-8.231958 -7.9754896 1.394215 16406200 17191700
-8.2205057 -7.9113092 1.3942149 16407900 17193400
-8.2077954 -7.843461 1.3770025 16409800 17195100
-8.1939191 -7.7758409 1.35979 16411700 17196800
-8.1780454 -7.7047262 1.3425774 16413700 17198600
-8.1615606 -7.6337521 1.3425774 16415600 17200500
-8.1449554 -7.5608374 1.3511837 16417500 17202500
-8.128159 -7.4840362 1.35979 16419500 17204600
-8.112024 -7.4070924 1.3683964 16421500 17206700
-8.0972531 -7.3318291 1.3856089 16423400 17208800
-8.0824201 -7.2507229 1.394215 16425500 17211000
-8.0682732 -7.1714419 1.394215 16427600 17213100
-8.0534402 -7.0903357 1.3856088 16429800 17215200
-8.0379096 -7.0093593 1.3770023 16432000 17217300
-8.0209497 -6.9267125 1.3597899 16434300 17219400
-8.0025146 -6.8424184 1.3511836 16436600 17221600
-7.9833548 -6.7582861 1.3425774 16438900 17223800
-7.9633994 -6.6723701 1.3425774 16441200 17226100
-7.9434437 -6.5864522 1.3425772 16443500 17228400
-7.9145968 -6.4691471 1.3167586 16446800 17231400
-7.8908239 -6.3822178 1.2909398 16449300 17233600
-7.8627596 -6.2905425 1.2565144 16452000 17235900
-7.8317989 -6.2018339 1.213483 16454700 17238100
-7.7984694 -6.1181031 1.1704521 16457300 17240200
-7.761145 -6.033972 1.1360271 16459900 17242400
-7.7197459 -5.949627 1.0929955 16462600 17244600
-7.6754692 -5.8667585 1.0671769 16465200 17246900
-7.6283661 -5.7854622 1.0241456 16467900 17249100
-7.5784923 -5.7058345 0.9983264 16470500 17251400
-7.525908 -5.6279713 0.95529516 16473200 17253600
-7.4714821 -5.5537488 0.92086993 16475800 17255800
-7.4115157 -5.4789448 0.86923283 16478600 17258000
-7.3483862 -5.4067891 0.83480777 16481300 17260300
-7.2844177 -5.3379717 0.80898897 16483900 17262600
-7.218694 -5.2708287 0.78317017 16486500 17264900
-7.149095 -5.2021329 0.77456391 16489100 17267400
-7.0816598 -5.1367091 0.76595764 16491600 17269800
-7.0119917 -5.0708432 0.74874495 16494200 17272200
-6.9412008 -5.0061868 0.73153242 16496800 17274600
-6.8693076 -4.9427585 0.7143198 16499400 17277000
-6.7946017 -4.8796542 0.688501 16502100 17279400
-6.7182915 -4.8184995 0.66268237 16504800 17281800
-6.6409408 -4.7586679 0.65407619 16507400 17284300
-6.5630766 -4.699503 0.64546992 16510000 17286800
-6.4803641 -4.6372138 0.64546992 16512700 17289500
-6.3976516 -4.5749246 0.64546992 16515400 17292200
-6.3149391 -4.5126355 0.64547001 16518100 17294900
-6.2340222 -4.451151 0.65407635 16520700 17297600
-6.1523941 -4.3874474 0.67128888 16523300 17300400
-6.0748567 -4.3247594 0.68850125 16525800 17303100
-5.9978624 -4.261407 0.68850125 16528400 17305700
-5.9214147 -4.1973931 0.70571395 16530900 17308400
-5.8431835 -4.1295612 0.72292664 16533500 17311200
-5.7667301 -4.0597329 0.75735138 16536000 17314100
-5.6927241 -3.9873133 0.79177685 16538500 17317000
-5.6228963 -3.9134771 0.83480777 16540900 17319900
-5.5597669 -3.8413213 0.86923283 16543200 17322600
-5.496734 -3.7640641 0.90365789 16545600 17325400
-5.4372227 -3.6864642 0.92947694 16548000 17328100
-5.3797358 -3.6073555 0.95529549 16550400 17330800
-5.3243092 -3.5267874 0.98111461 16552800 17333500
-5.2723735 -3.4461992 1.0155395 16555100 17336200
-5.222536 -3.3642978 1.0327519 16557500 17338800
-5.1741151 -3.28155 1.0499644 16559900 17341400
-5.1290047 -3.201323 1.067177 16562200 17343900
-5.084016 -3.1188378 1.0757833 16564600 17346400
-5.0397389 -3.0359685 1.0843895 16567000 17348900
-4.9949229 -2.9512151 1.0843895 16569500 17351400
-4.9518987 -2.8698503 1.0843894 16571900 17353800
-4.9076215 -2.7869809 1.0757832 16574400 17356200
-4.8620773 -2.7026156 1.0757833 16576900 17358700
-4.8159934 -2.6163646 1.0843895 16579400 17361300
-4.769909 -2.5301129 1.0757832 16582000 17363800
-4.7238243 -2.4438603 1.0843894 16584500 17366400
-4.6795476 -2.3609918 1.0757832 16587000 17368800
-4.6345584 -2.2785058 1.0671768 16589500 17371200
-4.5875694 -2.1949376 1.0499644 16592100 17373600
-4.5391484 -2.1121898 1.0327519 16594700 17376000
-4.4893105 -2.0302877 1.0155393 16597300 17378400
-4.437401 -1.9474099 1.006933 16599900 17380900
-4.3847813 -1.8649835 0.99832681 16602500 17383400
-4.332845 -1.7843945 0.99832673 16605000 17385900
-4.2795178 -1.702424 0.98972055 16607600 17388400
-4.227605 -1.6241103 0.98111412 16610100 17390800
-4.1714462 -1.5417209 0.96390159 16612800 17393300
-4.1160917 -1.4634414 0.94668906 16615400 17395700
-4.057131 -1.3830345 0.92947669 16618100 17398200
-4.0005973 -1.3079885 0.92087034 16620600 17400600
-3.9434204 -1.2334325 0.91226408 16623100 17403000
-3.8832447 -1.1563492 0.90365789 16625700 17405500
-3.8239231 -1.0810305 0.90365773 16628200 17408000
-3.7639561 -1.0062258 0.8864452 16630800 17410400
-3.7027104 -0.93246428 0.86923267 16633400 17412800
-3.6402049 -0.85976856 0.8520203 16636000 17415200
-3.5790061 -0.79102248 0.83480744 16638500 17417500
-3.5160536 -0.72387986 0.80038246 16641100 17419700
-3.4497551 -0.65730563 0.77456391 16643700 17422000
-3.3817587 -0.59246387 0.74874503 16646300 17424300
-3.3098365 -0.5262043 0.74013876 16648900 17426800
-3.2401895 -0.46314018 0.73153258 16651400 17429200
-3.1716993 -0.40165782 0.73153258 16653800 17431600
-3.1015122 -0.33919542 0.72292631 16656300 17434000
-3.0331685 -0.28045011 0.69710752 16658800 17436200
-2.9633311 -0.22348873 0.67128872 16661300 17438400
-2.8920458 -0.16834874 0.64546968 16663800 17440600
-2.8193621 -0.11506844 0.61965113 16666300 17442800
-2.7466853 -0.06508693 0.58522573 16668800 17444900
-2.6723326 -0.017637353 0.550801 16671300 17447000
-2.5978523 0.02593048 0.50776918 16673800 17449000
-2.5230943 0.065035829 0.45613208 16676300 17450900
-2.4480122 0.099108144 0.39588822 16678800 17452700
-2.367171 0.12927516 0.31843183 16681500 17454500
-2.2881217 0.15271902 0.25818715 16684000 17456300
-2.2095964 0.17058929 0.18933784 16686500 17458000
-2.130136 0.18369962 0.13769967 16688900 17459800
-2.0519739 0.19214071 0.077455898 16691300 17461500
-1.971548 0.19629738 0.025818797 16693700 17463300
-1.894849 0.19629738 -0.025818797 16696000 17465000
-1.8182522 0.19233859 -0.077456391 16698300 17466700
-1.7439029 0.18430922 -0.13770025 16700600 17468300
-1.6700663 0.17245289 -0.18073209 16702800 17470000
-1.5968099 0.15743158 -0.22376291 16705000 17471700
-1.5262034 0.13943425 -0.2754005 16707200 17473300
-1.4546934 0.11755499 -0.31843207 16709400 17475000
-1.3839794 0.093227647 -0.34425087 16711500 17476800
-1.3103241 0.065742131 -0.3700695 16713700 17478700
-1.2371528 0.03699296 -0.37867577 16715800 17480700
-1.1642316 0.0076151297 -0.38728204 16717900 17482700
-1.0915659 -0.022389179 -0.39588838 16720000 17484700
-1.0210571 -0.052574117 -0.41310075 16722100 17486600
-0.94919022 -0.084444356 -0.42170702 16724200 17488600
-0.87760031 -0.11693191 -0.43031328 16726300 17490600
-0.80629196 -0.15003469 -0.43891947 16728400 17492600
-0.73498426 -0.18313717 -0.4303132 16730400 17494700
-0.65990288 -0.21720916 -0.42170702 16732500 17496900
-0.58614337 -0.24953962 -0.40449449 16734500 17499100
-0.51347703 -0.27954421 -0.37867569 16736400 17501300
-0.4422117 -0.30789911 -0.37867569 16738400 17503300
-0.36738385 -0.33767146 -0.37867569 16740500 17505400
-0.29446266 -0.36704929 -0.38728195 16742600 17507400
-0.2217963 -0.39705389 -0.39588838 16744700 17509400
-0.14776199 -0.42874808 -0.41310075 16746900 17511400
-0.074283456 -0.46171213 -0.43031328 16749100 17513400
0.00050332844 -0.49642968 -0.43891955 16751300 17515500
0.073403609 -0.53065355 -0.43891971 16753400 17517600
0.14600665 -0.56550354 -0.45613224 16755600 17519600
0.21799912 -0.60159801 -0.47334486 16757800 17521600
0.29089291 -0.64012865 -0.49916341 16760100 17523600
0.36311409 -0.67990896 -0.50776984 16762300 17525700
0.43314692 -0.71967078 -0.5249822 16764500 17527700
0.50248567 -0.76063248 -0.54219474 16766700 17529700
0.57146999 -0.80218981 -0.5421949 16768800 17531800
0.64009279 -0.84433848 -0.55940727 16771000 17533800
0.70798064 -0.88766244 -0.5766198 16773200 17535800
0.77370122 -0.93080724 -0.58522615 16775300 17537800
0.83585981 -0.97238351 -0.59383241 16777300 17539700
0.8944886 -1.0123334 -0.60243859 16779200 17541500
0.94962152 -1.0506 -0.61104486 16781000 17543200
0.99845395 -1.0844936 -0.60243843 16782500 17544800
1.0429514 -1.1145347 -0.58522606 16783800 17546300
1.0800259 -1.1384197 -0.55940718 16784800 17547600
1.1077283 -1.1555993 -0.55080075 16785600 17548500
1.1258419 -1.1664053 -0.5249822 16786000 17549200
1.1341588 -1.1711747 -0.51637586 16786200 17549500
1.1358303 -1.1721142 -0.50776976 16786200 17549600
1.1308157 -1.1692956 -0.51637602 16786100 17549400
1.1224988 -1.1645262 -0.52498229 16785900 17549100
1.1142234 -1.1596854 -0.53358847 16785700 17548800
1.1026964 -1.1528088 -0.54219474 16785400 17548400
1.0912289 -1.1458332 -0.55080117 16785100 17548000
1.0814778 -1.1397278 -0.56801353 16784900 17547600
1.0734182 -1.1345354 -0.57661988 16784700 17547300
1.0686095 -1.1313785 -0.58522606 16784600 17547100
1.0654127 -1.1292602 -0.58522606 16784500 17547000
1.0622159 -1.1271417 -0.58522615 16784400 17546900
1.0574344 -1.1239435 -0.59383233 16784300 17546700
1.0478991 -1.1175061 -0.59383233 16784000 17546400
1.038364 -1.1110687 -0.59383233 16783700 17546100
1.0241026 -1.101351 -0.60243868 16783300 17545600
1.0099256 -1.091511 -0.61104494 16782900 17545100
0.98957071 -1.0771219 -0.61965113 16782300 17544400
0.97083912 -1.0637591 -0.61965113 16781700 17543800
0.94898538 -1.0481691 -0.61965113 16781000 17543100
0.92549901 -1.0315663 -0.61104486 16780200 17542400
0.90187062 -1.0151663 -0.60243859 16779400 17541700
0.87796345 -0.99917547 -0.5766198 16778500 17541100
0.85210142 -0.9826711 -0.55940727 16777600 17540400
0.8259589 -0.96661416 -0.54219457 16776700 17539700
0.79954438 -0.95100986 -0.5249822 16775800 17539000
0.77286495 -0.93586235 -0.50776967 16774900 17538300
0.74431266 -0.9201354 -0.49916341 16774000 17537500
0.71400917 -0.90361344 -0.49916332 16773100 17536600
0.68532256 -0.88813278 -0.49055722 16772200 17535800
0.65326139 -0.87083105 -0.49916341 16771300 17534800
0.62119991 -0.85352915 -0.49055714 16770300 17533900
0.58913813 -0.83622709 -0.49916349 16769400 17532900
0.55722674 -0.81864991 -0.50776975 16768500 17531900
0.52546811 -0.80079892 -0.51637594 16767600 17530900
0.49211853 -0.78186436 -0.51637602 16766600 17529900
0.4605147 -0.76374071 -0.5249822 16765700 17528900
0.42906741 -0.74534538 -0.53358847 16764800 17527900
0.39604927 -0.72584 -0.53358847 16763800 17526900
0.36476176 -0.7071749 -0.54219474 16762900 17525900
0.33191209 -0.6873857 -0.54219474 16761900 17524900
0.29906271 -0.66759667 -0.54219482 16760900 17523900
0.26466094 -0.64667018 -0.550801 16759900 17522800
0.23198279 -0.626599 -0.550801 16758900 17521800
0.19930526 -0.60652821 -0.550801 16757900 17520800
0.16490285 -0.58560133 -0.54219474 16756800 17519800
0.1320538 -0.5658125 -0.54219474 16755800 17518800
0.097472872 -0.54518266 -0.53358847 16754700 17517800
0.064454418 -0.52567708 -0.53358847 16753700 17516800
0.031435964 -0.50617151 -0.53358847 16752700 17515800
-0.0033212239 -0.48584004 -0.5249822 16751600 17514800
-0.038078412 -0.46550856 -0.53358847 16750600 17513700
-0.071097195 -0.4460028 -0.53358855 16749600 17512700
-0.10567779 -0.42537314 -0.54219474 16748600 17511600
-0.1385275 -0.40558392 -0.54219474 16747600 17510600
-0.17466178 -0.38381602 -0.54219482 16746500 17509500
-0.20906355 -0.36288953 -0.550801 16745500 17508400
-0.24328461 -0.34166733 -0.55940735 16744500 17507300
-0.27732139 -0.32015164 -0.56801361 16743500 17506200
-0.30794794 -0.30042073 -0.57662004 16742600 17505200
-0.33823034 -0.28016561 -0.60243884 16741800 17504100
-0.36797946 -0.25913568 -0.62825739 16741000 17503000
-0.39572796 -0.23861066 -0.64546992 16740200 17502000
-0.42293758 -0.21737594 -0.67989523 16739500 17500900
-0.44801966 -0.19655625 -0.70571403 16738800 17499900
-0.47255592 -0.17509597 -0.73153291 16738100 17498900
-0.49783933 -0.15160122 -0.76595789 16737400 17497800
-0.52103878 -0.12870284 -0.79177644 16736700 17496800
-0.54221499 -0.10650316 -0.82620175 16736100 17495800
-0.5639939 -0.082249306 -0.85202054 16735400 17494800
-0.58513944 -0.05744127 -0.8778394 16734700 17493800
-0.60322573 -0.035077744 -0.90365789 16734100 17492900
-0.62072902 -0.012254267 -0.92947694 16733500 17492000
-0.63763711 0.011013246 -0.95529573 16732900 17491100
-0.65393874 0.034709275 -0.98111428 16732300 17490200
-0.66962336 0.058818476 -1.0069331 16731700 17489300
-0.68377484 0.081630131 -1.0241456 16731100 17488500
-0.69753159 0.10468198 -1.0413581 16730500 17487700
-0.70984237 0.12635734 -1.067177 16730000 17486900
-0.72177802 0.14824096 -1.0757832 16729400 17486200
-0.73432674 0.17197235 -1.0929958 16728800 17485400
-0.74569356 0.19415699 -1.1016021 16728200 17484700
-0.75514976 0.21301073 -1.1102083 16727700 17484100
-0.76537701 0.23362264 -1.1102082 16727100 17483500
-0.77655239 0.2559041 -1.101602 16726400 17482900
-0.78617049 0.27467575 -1.0929957 16725800 17482400
-0.79417173 0.28996607 -1.0843895 16725300 17482000
-0.80313502 0.30691691 -1.0843895 16724800 17481500
-0.80946032 0.31875538 -1.0757832 16724400 17481200
-0.81674746 0.33225397 -1.075783 16724000 17480800
-0.82415037 0.34568908 -1.0585707 16723500 17480500
-0.83178348 0.35899491 -1.0413581 16723000 17480200
-0.83975756 0.37209926 -1.0069331 16722400 17480000
-0.85028304 0.38812691 -0.97250802 16721700 17479700
-0.86148825 0.40368695 -0.92087042 16720900 17479500
-0.87234015 0.41710522 -0.86062656 16720100 17479400
-0.88793338 0.43402586 -0.79177578 16719100 17479200
-0.90465343 0.44983336 -0.72292631 16718100 17479000
-0.92410503 0.46542181 -0.62825739 16716900 17478900
-0.94494308 0.47910174 -0.53358847 16715700 17478800
-0.96872993 0.49154447 -0.43031328 16714400 17478700
-0.99185147 0.50085946 -0.33564346 16713200 17478600
-1.0120731 0.50685664 -0.24097454 16712100 17478600
-1.0327712 0.51091547 -0.14630569 16711000 17478600
-1.0518437 0.51289221 -0.06024312 16710000 17478600
-1.0690969 0.51326347 0.017212531 16709100 17478600
-1.0824982 0.51251301 0.094668922 16708300 17478700
-1.0939196 0.51113017 0.14630652 16707700 17478700
-1.0977034 0.51050588 0.18073158 16707400 17478800
-1.0939308 0.51119522 0.18073148 16707500 17478900
-1.0844923 0.51287795 0.17212523 16707800 17479100
-1.0712586 0.51511993 0.16351905 16708200 17479400
-1.0542436 0.51800254 0.17212548 16708600 17479900
-1.0353812 0.5214492 0.18933817 16709000 17480500
-1.016614 0.52538165 0.22376324 16709300 17481200
-1.0017175 0.52904249 0.25818822 16709500 17481800
-0.98878535 0.53263685 0.28400701 16709700 17482300
-0.97595046 0.53656382 0.30982556 16709900 17482800
-0.96868708 0.53902769 0.34425063 16709900 17483200
-0.96148969 0.54167827 0.36146332 16710000 17483500
-0.95791439 0.54306529 0.37867569 16710000 17483700
-0.95969907 0.54236408 0.37006934 16710000 17483600
-0.96148969 0.54167827 0.36146316 16710000 17483500
-0.9650884 0.54035298 0.34425063 16710000 17483300
-0.96869832 0.53905873 0.34425063 16709900 17483200
-0.96869832 0.53905873 0.34425063 16709900 17483200
-0.97050606 0.53841937 0.33564436 16709900 17483100
-0.97050606 0.53841937 0.33564436 16709900 17483100
-0.97050606 0.53841937 0.33564436 16709900 17483100
-0.97050606 0.53841937 0.33564436 16709900 17483100
-0.97050606 0.53841937 0.33564436 16709900 17483100
-0.97050606 0.53841937 0.33564436 16709900 17483100
-0.97050606 0.53841937 0.33564436 16709900 17483100
-0.97050606 0.53841937 0.33564436 16709900 17483100
-0.97050606 0.53841937 0.33564436 16709900 17483100
-0.97050606 0.53841937 0.33564436 16709900 17483100
-0.97050606 0.53841937 0.33564436 16709900 17483100
-0.97050606 0.53841937 0.33564436 16709900 17483100
-0.97050606 0.53841937 0.33564436 16709900 17483100
-0.97050606 0.53841937 0.33564436 16709900 17483100
-0.97050606 0.53841937 0.33564436 16709900 17483100
-0.97050606 0.53841937 0.33564436 16709900 17483100
-0.97050606 0.53841937 0.33564436 16709900 17483100
-0.97050606 0.53841937 0.33564436 16709900 17483100
-0.97050606 0.53841937 0.33564436 16709900 17483100
-0.97050606 0.53841937 0.33564436 16709900 17483100
-0.97050606 0.53841937 0.33564436 16709900 17483100
-0.97050606 0.53841937 0.33564436 16709900 17483100
-0.97050606 0.53841937 0.33564436 16709900 17483100
-0.97050606 0.53841937 0.33564436 16709900 17483100
-0.97050606 0.53841937 0.33564436 16709900 17483100
-0.97050606 0.53841937 0.33564436 16709900 17483100
-0.97050606 0.53841937 0.33564436 16709900 17483100
-0.97050606 0.53841937 0.33564436 16709900 17483100
-0.97050606 0.53841937 0.33564436 16709900 17483100
-0.97050606 0.53841937 0.33564436 16709900 17483100
-0.97050606 0.53841937 0.33564436 16709900 17483100
-0.97050606 0.53841937 0.33564436 16709900 17483100
-0.97050606 0.53841937 0.33564436 16709900 17483100
-0.97050606 0.53841937 0.33564436 16709900 17483100
-0.97050606 0.53841937 0.33564436 16709900 17483100
-0.97050606 0.53841937 0.33564436 16709900 17483100
-0.97050606 0.53841937 0.33564436 16709900 17483100
-0.97050606 0.53841937 0.33564436 16709900 17483100
-0.97050606 0.53841937 0.33564436 16709900 17483100
-0.97050606 0.53841937 0.33564436 16709900 17483100
-0.97050606 0.53841937 0.33564436 16709900 17483100
-0.97050606 0.53841937 0.33564436 16709900 17483100
-0.97050606 0.53841937 0.33564436 16709900 17483100
-0.97050606 0.53841937 0.33564436 16709900 17483100
-0.97050606 0.53841937 0.33564436 16709900 17483100
-0.97050606 0.53841937 0.33564436 16709900 17483100
-0.97050606 0.53841937 0.33564436 16709900 17483100
-0.97050606 0.53841937 0.33564436 16709900 17483100
-0.97050606 0.53841937 0.33564436 16709900 17483100
-0.97050606 0.53841937 0.33564436 16709900 17483100
-0.97050606 0.53841937 0.33564436 16709900 17483100
-0.97050606 0.53841937 0.33564436 16709900 17483100
-0.97050606 0.53841937 0.33564436 16709900 17483100
-0.97050606 0.53841937 0.33564436 16709900 17483100
-0.97050606 0.53841937 0.33564436 16709900 17483100
-0.97050606 0.53841937 0.33564436 16709900 17483100
-0.97050606 0.53841937 0.33564436 16709900 17483100
-0.97050606 0.53841937 0.33564436 16709900 17483100
-0.97050606 0.53841937 0.33564436 16709900 17483100
-0.97050606 0.53841937 0.33564436 16709900 17483100
-0.97050606 0.53841937 0.33564436 16709900 17483100
-0.97050606 0.53841937 0.33564436 16709900 17483100
-0.97050606 0.53841937 0.33564436 16709900 17483100
-0.97050606 0.53841937 0.33564436 16709900 17483100
-0.97050606 0.53841937 0.33564436 16709900 17483100
-0.97050606 0.53841937 0.33564436 16709900 17483100
-0.97050606 0.53841937 0.33564436 16709900 17483100
-0.97050606 0.53841937 0.33564436 16709900 17483100
-0.97050606 0.53841937 0.33564436 16709900 17483100
-0.97050606 0.53841937 0.33564436 16709900 17483100
-0.97050606 0.53841937 0.33564436 16709900 17483100
-0.97050606 0.53841937 0.33564436 16709900 17483100
-0.97050606 0.53841937 0.33564436 16709900 17483100
-0.97050606 0.53841937 0.33564436 16709900 17483100
-0.97050606 0.53841937 0.33564436 16709900 17483100
-0.97050606 0.53841937 0.33564436 16709900 17483100
-0.97050606 0.53841937 0.33564436 16709900 17483100
-0.97050606 0.53841937 0.33564436 16709900 17483100
-0.97050606 0.53841937 0.33564436 16709900 17483100
-0.97050606 0.53841937 0.33564436 16709900 17483100
-0.97050606 0.53841937 0.33564436 16709900 17483100
-0.97050606 0.53841937 0.33564436 16709900 17483100
-0.97050606 0.53841937 0.33564436 16709900 17483100
-0.97050606 0.53841937 0.33564436 16709900 17483100
-0.97050606 0.53841937 0.33564436 16709900 17483100
-0.97050606 0.53841937 0.33564436 16709900 17483100
-0.97050606 0.53841937 0.33564436 16709900 17483100
-0.97050606 0.53841937 0.33564436 16709900 17483100
-0.97050606 0.53841937 0.33564436 16709900 17483100
-0.97050606 0.53841937 0.33564436 16709900 17483100
-0.97050606 0.53841937 0.33564436 16709900 17483100
-0.97050606 0.53841937 0.33564436 16709900 17483100
-0.97050606 0.53841937 0.33564436 16709900 17483100
-0.97050606 0.53841937 0.33564436 16709900 17483100
-0.97050606 0.53841937 0.33564436 16709900 17483100
-0.97050606 0.53841937 0.33564436 16709900 17483100
-0.97050606 0.53841937 0.33564436 16709900 17483100
-0.97050606 0.53841937 0.33564436 16709900 17483100
-0.97050606 0.53841937 0.33564436 16709900 17483100
-0.97050606 0.53841937 0.33564436 16709900 17483100
-0.97050606 0.53841937 0.33564436 16709900 17483100
-0.97050606 0.53841937 0.33564436 16709900 17483100
-0.97050606 0.53841937 0.33564436 16709900 17483100
-0.97050606 0.53841937 0.33564436 16709900 17483100
-0.97050606 0.53841937 0.33564436 16709900 17483100
-0.97050606 0.53841937 0.33564436 16709900 17483100
-0.97050606 0.53841937 0.33564436 16709900 17483100
-0.97050606 0.53841937 0.33564436 16709900 17483100
-0.97050606 0.53841937 0.33564436 16709900 17483100
-0.97050606 0.53841937 0.33564436 16709900 17483100
-0.97050606 0.53841937 0.33564436 16709900 17483100
-0.97050606 0.53841937 0.33564436 16709900 17483100
-0.97050606 0.53841937 0.33564436 16709900 17483100
-0.97050606 0.53841937 0.33564436 16709900 17483100
-0.97050606 0.53841937 0.33564436 16709900 17483100
-0.97050606 0.53841937 0.33564436 16709900 17483100
-0.97050606 0.53841937 0.33564436 16709900 17483100
-0.97050606 0.53841937 0.33564436 16709900 17483100
-0.97050606 0.53841937 0.33564436 16709900 17483100
-0.97050606 0.53841937 0.33564436 16709900 17483100
-0.97050606 0.53841937 0.33564436 16709900 17483100
-0.97050606 0.53841937 0.33564436 16709900 17483100
-0.97050606 0.53841937 0.33564436 16709900 17483100
-0.97050606 0.53841937 0.33564436 16709900 17483100
-0.97050606 0.53841937 0.33564436 16709900 17483100
-0.97050606 0.53841937 0.33564436 16709900 17483100
-0.97050606 0.53841937 0.33564436 16709900 17483100
-0.97050606 0.53841937 0.33564436 16709900 17483100
-0.97050606 0.53841937 0.33564436 16709900 17483100
-0.97050606 0.53841937 0.33564436 16709900 17483100
-0.97050606 0.53841937 0.33564436 16709900 17483100
-0.97050606 0.53841937 0.33564436 16709900 17483100
-0.97050606 0.53841937 0.33564436 16709900 17483100
-0.97050606 0.53841937 0.33564436 16709900 17483100
-0.97050606 0.53841937 0.33564436 16709900 17483100
-0.97050606 0.53841937 0.33564436 16709900 17483100
-0.97050606 0.53841937 0.33564436 16709900 17483100
-0.97050606 0.53841937 0.33564436 16709900 17483100
-0.97050606 0.53841937 0.33564436 16709900 17483100
-0.97050606 0.53841937 0.33564436 16709900 17483100
-0.97050606 0.53841937 0.33564436 16709900 17483100
-0.97050606 0.53841937 0.33564436 16709900 17483100
-0.97050606 0.53841937 0.33564436 16709900 17483100
-0.97050606 0.53841937 0.33564436 16709900 17483100
-0.97050606 0.53841937 0.33564436 16709900 17483100
-0.97050606 0.53841937 0.33564436 16709900 17483100
-0.97050606 0.53841937 0.33564436 16709900 17483100
-0.97050606 0.53841937 0.33564436 16709900 17483100
-0.97050606 0.53841937 0.33564436 16709900 17483100
-0.97050606 0.53841937 0.33564436 16709900 17483100
-0.97050606 0.53841937 0.33564436 16709900 17483100
-0.97050606 0.53841937 0.33564436 16709900 17483100
-0.97050606 0.53841937 0.33564436 16709900 17483100
-0.97050606 0.53841937 0.33564436 16709900 17483100
-0.97050606 0.53841937 0.33564436 16709900 17483100
-0.97050606 0.53841937 0.33564436 16709900 17483100
-0.97050606 0.53841937 0.33564436 16709900 17483100
-0.97050606 0.53841937 0.33564436 16709900 17483100
-0.97050606 0.53841937 0.33564436 16709900 17483100
-0.97050606 0.53841937 0.33564436 16709900 17483100
-0.97050606 0.53841937 0.33564436 16709900 17483100
-0.97050606 0.53841937 0.33564436 16709900 17483100
-0.97050606 0.53841937 0.33564436 16709900 17483100
-0.97050606 0.53841937 0.33564436 16709900 17483100
-0.97050606 0.53841937 0.33564436 16709900 17483100
-0.97050606 0.53841937 0.33564436 16709900 17483100
-0.97050606 0.53841937 0.33564436 16709900 17483100
-0.97050606 0.53841937 0.33564436 16709900 17483100
-0.97050606 0.53841937 0.33564436 16709900 17483100
-0.97050606 0.53841937 0.33564436 16709900 17483100
-0.97050606 0.53841937 0.33564436 16709900 17483100
-0.97050606 0.53841937 0.33564436 16709900 17483100
-0.97050606 0.53841937 0.33564436 16709900 17483100
-0.97050606 0.53841937 0.33564436 16709900 17483100
-0.97050606 0.53841937 0.33564436 16709900 17483100
-0.97050606 0.53841937 0.33564436 16709900 17483100
-0.97050606 0.53841937 0.33564436 16709900 17483100
-0.97050606 0.53841937 0.33564436 16709900 17483100
-0.97050606 0.53841937 0.33564436 16709900 17483100
-0.97050606 0.53841937 0.33564436 16709900 17483100
-0.97050606 0.53841937 0.33564436 16709900 17483100
-0.97050606 0.53841937 0.33564436 16709900 17483100
-0.97050606 0.53841937 0.33564436 16709900 17483100
-0.97050606 0.53841937 0.33564436 16709900 17483100
-0.97050606 0.53841937 0.33564436 16709900 17483100
-0.97050606 0.53841937 0.33564436 16709900 17483100
-0.97050606 0.53841937 0.33564436 16709900 17483100
-0.97050606 0.53841937 0.33564436 16709900 17483100
-0.97050606 0.53841937 0.33564436 16709900 17483100
-0.97050606 0.53841937 0.33564436 16709900 17483100
-0.97050606 0.53841937 0.33564436 16709900 17483100
-0.97050606 0.53841937 0.33564436 16709900 17483100
-0.97050606 0.53841937 0.33564436 16709900 17483100
-0.97050606 0.53841937 0.33564436 16709900 17483100
-0.97050606 0.53841937 0.33564436 16709900 17483100
-0.97050606 0.53841937 0.33564436 16709900 17483100
-0.97050606 0.53841937 0.33564436 16709900 17483100
-0.97050606 0.53841937 0.33564436 16709900 17483100
-0.97050606 0.53841937 0.33564436 16709900 17483100
-0.97050606 0.53841937 0.33564436 16709900 17483100
-0.97050606 0.53841937 0.33564436 16709900 17483100
-0.97050606 0.53841937 0.33564436 16709900 17483100
-0.97050606 0.53841937 0.33564436 16709900 17483100
-0.97050606 0.53841937 0.33564436 16709900 17483100
-0.97050606 0.53841937 0.33564436 16709900 17483100
-0.97050606 0.53841937 0.33564436 16709900 17483100
-0.97050606 0.53841937 0.33564436 16709900 17483100
-0.97050606 0.53841937 0.33564436 16709900 17483100
-0.97050606 0.53841937 0.33564436 16709900 17483100
-0.97050606 0.53841937 0.33564436 16709900 17483100
-0.97050606 0.53841937 0.33564436 16709900 17483100
-0.97050606 0.53841937 0.33564436 16709900 17483100
-0.97050606 0.53841937 0.33564436 16709900 17483100
-0.97050606 0.53841937 0.33564436 16709900 17483100
-0.97050606 0.53841937 0.33564436 16709900 17483100
-0.97050606 0.53841937 0.33564436 16709900 17483100
-0.97050606 0.53841937 0.33564436 16709900 17483100
-0.97050606 0.53841937 0.33564436 16709900 17483100
-0.97050606 0.53841937 0.33564436 16709900 17483100
-0.97050606 0.53841937 0.33564436 16709900 17483100
-0.97050606 0.53841937 0.33564436 16709900 17483100
-0.97050606 0.53841937 0.33564436 16709900 17483100
-0.97050606 0.53841937 0.33564436 16709900 17483100
-0.97050606 0.53841937 0.33564436 16709900 17483100
-0.97050606 0.53841937 0.33564436 16709900 17483100
-0.97050606 0.53841937 0.33564436 16709900 17483100
-0.97050606 0.53841937 0.33564436 16709900 17483100
-0.97050606 0.53841937 0.33564436 16709900 17483100
-0.97050606 0.53841937 0.33564436 16709900 17483100
-0.97050606 0.53841937 0.33564436 16709900 17483100
-0.97050606 0.53841937 0.33564436 16709900 17483100
-0.97050606 0.53841937 0.33564436 16709900 17483100
-0.97050606 0.53841937 0.33564436 16709900 17483100
-0.97050606 0.53841937 0.33564436 16709900 17483100
-0.97050606 0.53841937 0.33564436 16709900 17483100
-0.97050606 0.53841937 0.33564436 16709900 17483100
-0.97050606 0.53841937 0.33564436 16709900 17483100
-0.97050606 0.53841937 0.33564436 16709900 17483100
-0.97050606 0.53841937 0.33564436 16709900 17483100
-0.97050606 0.53841937 0.33564436 16709900 17483100
-0.97050606 0.53841937 0.33564436 16709900 17483100
-0.97050606 0.53841937 0.33564436 16709900 17483100
-0.97050606 0.53841937 0.33564436 16709900 17483100
-0.97050606 0.53841937 0.33564436 16709900 17483100
-0.97050606 0.53841937 0.33564436 16709900 17483100
-0.97050606 0.53841937 0.33564436 16709900 17483100
-0.97050606 0.53841937 0.33564436 16709900 17483100
-0.97050606 0.53841937 0.33564436 16709900 17483100
-0.97050606 0.53841937 0.33564436 16709900 17483100
-0.97050606 0.53841937 0.33564436 16709900 17483100
-0.97050606 0.53841937 0.33564436 16709900 17483100
-0.97050606 0.53841937 0.33564436 16709900 17483100
-0.97050606 0.53841937 0.33564436 16709900 17483100
-0.97050606 0.53841937 0.33564436 16709900 17483100
-0.97050606 0.53841937 0.33564436 16709900 17483100
-0.97050606 0.53841937 0.33564436 16709900 17483100
-0.97050606 0.53841937 0.33564436 16709900 17483100
-0.97050606 0.53841937 0.33564436 16709900 17483100
-0.97050606 0.53841937 0.33564436 16709900 17483100
-0.97050606 0.53841937 0.33564436 16709900 17483100
-0.97050606 0.53841937 0.33564436 16709900 17483100
-0.97050606 0.53841937 0.33564436 16709900 17483100
-0.97050606 0.53841937 0.33564436 16709900 17483100
-0.97050606 0.53841937 0.33564436 16709900 17483100
-0.97050606 0.53841937 0.33564436 16709900 17483100
-0.97050606 0.53841937 0.33564436 16709900 17483100
-0.97050606 0.53841937 0.33564436 16709900 17483100
-0.97050606 0.53841937 0.33564436 16709900 17483100
-0.97050606 0.53841937 0.33564436 16709900 17483100
-0.97050606 0.53841937 0.33564436 16709900 17483100
-0.97050606 0.53841937 0.33564436 16709900 17483100
-0.97050606 0.53841937 0.33564436 16709900 17483100
-0.97050606 0.53841937 0.33564436 16709900 17483100
-0.97050606 0.53841937 0.33564436 16709900 17483100
-0.97050606 0.53841937 0.33564436 16709900 17483100
-0.97050606 0.53841937 0.33564436 16709900 17483100
-0.97050606 0.53841937 0.33564436 16709900 17483100
-0.97050606 0.53841937 0.33564436 16709900 17483100
-0.97050606 0.53841937 0.33564436 16709900 17483100
-0.97050606 0.53841937 0.33564436 16709900 17483100
-0.97050606 0.53841937 0.33564436 16709900 17483100
-0.97050606 0.53841937 0.33564436 16709900 17483100
-0.97050606 0.53841937 0.33564436 16709900 17483100
-0.97050606 0.53841937 0.33564436 16709900 17483100
-0.97050606 0.53841937 0.33564436 16709900 17483100
-0.97050606 0.53841937 0.33564436 16709900 17483100
-0.97050606 0.53841937 0.33564436 16709900 17483100
-0.97050606 0.53841937 0.33564436 16709900 17483100
-0.97050606 0.53841937 0.33564436 16709900 17483100
-0.97050606 0.53841937 0.33564436 16709900 17483100
-0.97050606 0.53841937 0.33564436 16709900 17483100
-0.97050606 0.53841937 0.33564436 16709900 17483100
-0.97050606 0.53841937 0.33564436 16709900 17483100
-0.97050606 0.53841937 0.33564436 16709900 17483100
-0.97050606 0.53841937 0.33564436 16709900 17483100
-0.97050606 0.53841937 0.33564436 16709900 17483100
-0.97050606 0.53841937 0.33564436 16709900 17483100
-0.97050606 0.53841937 0.33564436 16709900 17483100
-0.97050606 0.53841937 0.33564436 16709900 17483100
-0.97050606 0.53841937 0.33564436 16709900 17483100
-0.97050606 0.53841937 0.33564436 16709900 17483100
-0.97050606 0.53841937 0.33564436 16709900 17483100
-0.97050606 0.53841937 0.33564436 16709900 17483100
-0.97050606 0.53841937 0.33564436 16709900 17483100
-0.97050606 0.53841937 0.33564436 16709900 17483100
-0.97050606 0.53841937 0.33564436 16709900 17483100
-0.97050606 0.53841937 0.33564436 16709900 17483100
-0.97050606 0.53841937 0.33564436 16709900 17483100
-0.97050606 0.53841937 0.33564436 16709900 17483100
-0.97050606 0.53841937 0.33564436 16709900 17483100
-0.97050606 0.53841937 0.33564436 16709900 17483100
-0.97050606 0.53841937 0.33564436 16709900 17483100
-0.97050606 0.53841937 0.33564436 16709900 17483100
-0.97050606 0.53841937 0.33564436 16709900 17483100
-0.97050606 0.53841937 0.33564436 16709900 17483100
-0.97050606 0.53841937 0.33564436 16709900 17483100
-0.97050606 0.53841937 0.33564436 16709900 17483100
-0.97050606 0.53841937 0.33564436 16709900 17483100
-0.97050606 0.53841937 0.33564436 16709900 17483100
-0.97050606 0.53841937 0.33564436 16709900 17483100
-0.97050606 0.53841937 0.33564436 16709900 17483100
-0.97050606 0.53841937 0.33564436 16709900 17483100
-0.97050606 0.53841937 0.33564436 16709900 17483100
-0.97050606 0.53841937 0.33564436 16709900 17483100
-0.97050606 0.53841937 0.33564436 16709900 17483100
-0.97050606 0.53841937 0.33564436 16709900 17483100
-0.97050606 0.53841937 0.33564436 16709900 17483100
-0.97050606 0.53841937 0.33564436 16709900 17483100
-0.97050606 0.53841937 0.33564436 16709900 17483100
-0.97050606 0.53841937 0.33564436 16709900 17483100
-0.97050606 0.53841937 0.33564436 16709900 17483100
-0.97050606 0.53841937 0.33564436 16709900 17483100
-0.97050606 0.53841937 0.33564436 16709900 17483100
-0.97050606 0.53841937 0.33564436 16709900 17483100
-0.97050606 0.53841937 0.33564436 16709900 17483100
-0.97050606 0.53841937 0.33564436 16709900 17483100
-0.97050606 0.53841937 0.33564436 16709900 17483100
-0.97050606 0.53841937 0.33564436 16709900 17483100
-0.97050606 0.53841937 0.33564436 16709900 17483100
-0.97050606 0.53841937 0.33564436 16709900 17483100
-0.97050606 0.53841937 0.33564436 16709900 17483100
-0.97050606 0.53841937 0.33564436 16709900 17483100
-0.97050606 0.53841937 0.33564436 16709900 17483100
-0.97050606 0.53841937 0.33564436 16709900 17483100
-0.97050606 0.53841937 0.33564436 16709900 17483100
-0.97050606 0.53841937 0.33564436 16709900 17483100
-0.97050606 0.53841937 0.33564436 16709900 17483100
-0.97050606 0.53841937 0.33564436 16709900 17483100
-0.97050606 0.53841937 0.33564436 16709900 17483100
-0.97050606 0.53841937 0.33564436 16709900 17483100
-0.97050606 0.53841937 0.33564436 16709900 17483100
-0.97050606 0.53841937 0.33564436 16709900 17483100
-0.97050606 0.53841937 0.33564436 16709900 17483100
-0.97050606 0.53841937 0.33564436 16709900 17483100
-0.97050606 0.53841937 0.33564436 16709900 17483100
-0.97050606 0.53841937 0.33564436 16709900 17483100
-0.97050606 0.53841937 0.33564436 16709900 17483100
-0.97050606 0.53841937 0.33564436 16709900 17483100
-0.97050606 0.53841937 0.33564436 16709900 17483100
-0.97050606 0.53841937 0.33564436 16709900 17483100
-0.97050606 0.53841937 0.33564436 16709900 17483100
-0.97050606 0.53841937 0.33564436 16709900 17483100
-0.97050606 0.53841937 0.33564436 16709900 17483100
-0.97050606 0.53841937 0.33564436 16709900 17483100
-0.97050606 0.53841937 0.33564436 16709900 17483100
-0.97050606 0.53841937 0.33564436 16709900 17483100
-0.97050606 0.53841937 0.33564436 16709900 17483100
-0.97050606 0.53841937 0.33564436 16709900 17483100
-0.97050606 0.53841937 0.33564436 16709900 17483100
-0.97050606 0.53841937 0.33564436 16709900 17483100
-0.97050606 0.53841937 0.33564436 16709900 17483100
-0.97050606 0.53841937 0.33564436 16709900 17483100
-0.97050606 0.53841937 0.33564436 16709900 17483100
-0.97050606 0.53841937 0.33564436 16709900 17483100
-0.97050606 0.53841937 0.33564436 16709900 17483100
-0.97050606 0.53841937 0.33564436 16709900 17483100
-0.97050606 0.53841937 0.33564436 16709900 17483100
-0.97050606 0.53841937 0.33564436 16709900 17483100
-0.97050606 0.53841937 0.33564436 16709900 17483100
-0.97050606 0.53841937 0.33564436 16709900 17483100
-0.97050606 0.53841937 0.33564436 16709900 17483100
-0.97050606 0.53841937 0.33564436 16709900 17483100
-0.97050606 0.53841937 0.33564436 16709900 17483100
-0.97050606 0.53841937 0.33564436 16709900 17483100
-0.97050606 0.53841937 0.33564436 16709900 17483100
-0.97050606 0.53841937 0.33564436 16709900 17483100
-0.97050606 0.53841937 0.33564436 16709900 17483100
-0.97050606 0.53841937 0.33564436 16709900 17483100
-0.97050606 0.53841937 0.33564436 16709900 17483100
-0.97050606 0.53841937 0.33564436 16709900 17483100
-0.97050606 0.53841937 0.33564436 16709900 17483100
-0.97050606 0.53841937 0.33564436 16709900 17483100
-0.97050606 0.53841937 0.33564436 16709900 17483100
-0.97050606 0.53841937 0.33564436 16709900 17483100
-0.97050606 0.53841937 0.33564436 16709900 17483100
-0.97050606 0.53841937 0.33564436 16709900 17483100
-0.97050606 0.53841937 0.33564436 16709900 17483100
-0.97050606 0.53841937 0.33564436 16709900 17483100
-0.97050606 0.53841937 0.33564436 16709900 17483100
-0.97050606 0.53841937 0.33564436 16709900 17483100
-0.97050606 0.53841937 0.33564436 16709900 17483100
-0.97050606 0.53841937 0.33564436 16709900 17483100
-0.97050606 0.53841937 0.33564436 16709900 17483100
-0.97050606 0.53841937 0.33564436 16709900 17483100
-0.97050606 0.53841937 0.33564436 16709900 17483100
-0.97050606 0.53841937 0.33564436 16709900 17483100
-0.97050606 0.53841937 0.33564436 16709900 17483100
-0.97050606 0.53841937 0.33564436 16709900 17483100
-0.97050606 0.53841937 0.33564436 16709900 17483100
-0.97050606 0.53841937 0.33564436 16709900 17483100
-0.97050606 0.53841937 0.33564436 16709900 17483100
-0.97050606 0.53841937 0.33564436 16709900 17483100
-0.97050606 0.53841937 0.33564436 16709900 17483100
-0.97050606 0.53841937 0.33564436 16709900 17483100
-0.97050606 0.53841937 0.33564436 16709900 17483100
-0.97050606 0.53841937 0.33564436 16709900 17483100
-0.97050606 0.53841937 0.33564436 16709900 17483100
-0.97050606 0.53841937 0.33564436 16709900 17483100
-0.97050606 0.53841937 0.33564436 16709900 17483100
-0.97050606 0.53841937 0.33564436 16709900 17483100
-0.97050606 0.53841937 0.33564436 16709900 17483100
-0.97050606 0.53841937 0.33564436 16709900 17483100
-0.97050606 0.53841937 0.33564436 16709900 17483100
-0.97050606 0.53841937 0.33564436 16709900 17483100
-0.97050606 0.53841937 0.33564436 16709900 17483100
-0.97050606 0.53841937 0.33564436 16709900 17483100
-0.97050606 0.53841937 0.33564436 16709900 17483100
-0.97050606 0.53841937 0.33564436 16709900 17483100
-0.97050606 0.53841937 0.33564436 16709900 17483100
-0.97050606 0.53841937 0.33564436 16709900 17483100
-0.97050606 0.53841937 0.33564436 16709900 17483100
-0.97050606 0.53841937 0.33564436 16709900 17483100
-0.97050606 0.53841937 0.33564436 16709900 17483100
-0.97050606 0.53841937 0.33564436 16709900 17483100
-0.97050606 0.53841937 0.33564436 16709900 17483100
-0.97050606 0.53841937 0.33564436 16709900 17483100
-0.97050606 0.53841937 0.33564436 16709900 17483100
-0.97050606 0.53841937 0.33564436 16709900 17483100
-0.97050606 0.53841937 0.33564436 16709900 17483100
-0.97050606 0.53841937 0.33564436 16709900 17483100
-0.97050606 0.53841937 0.33564436 16709900 17483100
-0.97050606 0.53841937 0.33564436 16709900 17483100
-0.97050606 0.53841937 0.33564436 16709900 17483100
-0.97050606 0.53841937 0.33564436 16709900 17483100
-0.97050606 0.53841937 0.33564436 16709900 17483100
-0.97050606 0.53841937 0.33564436 16709900 17483100
-0.97050606 0.53841937 0.33564436 16709900 17483100
-0.97050606 0.53841937 0.33564436 16709900 17483100
-0.97050606 0.53841937 0.33564436 16709900 17483100
-0.97050606 0.53841937 0.33564436 16709900 17483100
-0.97050606 0.53841937 0.33564436 16709900 17483100
-0.97050606 0.53841937 0.33564436 16709900 17483100
-0.97050606 0.53841937 0.33564436 16709900 17483100
-0.97050606 0.53841937 0.33564436 16709900 17483100
-0.97050606 0.53841937 0.33564436 16709900 17483100
-0.97050606 0.53841937 0.33564436 16709900 17483100
-0.97050606 0.53841937 0.33564436 16709900 17483100
-0.97050606 0.53841937 0.33564436 16709900 17483100
-0.97050606 0.53841937 0.33564436 16709900 17483100
-0.97050606 0.53841937 0.33564436 16709900 17483100
-0.97050606 0.53841937 0.33564436 16709900 17483100
-0.97050606 0.53841937 0.33564436 16709900 17483100
-0.97050606 0.53841937 0.33564436 16709900 17483100
-0.97050606 0.53841937 0.33564436 16709900 17483100
-0.97050606 0.53841937 0.33564436 16709900 17483100
-0.97050606 0.53841937 0.33564436 16709900 17483100
-0.97050606 0.53841937 0.33564436 16709900 17483100
-0.97050606 0.53841937 0.33564436 16709900 17483100
-0.97050606 0.53841937 0.33564436 16709900 17483100
-0.97050606 0.53841937 0.33564436 16709900 17483100
-0.97050606 0.53841937 0.33564436 16709900 17483100
-0.97050606 0.53841937 0.33564436 16709900 17483100
-0.97050606 0.53841937 0.33564436 16709900 17483100
-0.97050606 0.53841937 0.33564436 16709900 17483100
-0.97050606 0.53841937 0.33564436 16709900 17483100
-0.97050606 0.53841937 0.33564436 16709900 17483100
-0.97050606 0.53841937 0.33564436 16709900 17483100
-0.97050606 0.53841937 0.33564436 16709900 17483100
-0.97050606 0.53841937 0.33564436 16709900 17483100
-0.97050606 0.53841937 0.33564436 16709900 17483100
-0.97050606 0.53841937 0.33564436 16709900 17483100
-0.97050606 0.53841937 0.33564436 16709900 17483100
-0.97050606 0.53841937 0.33564436 16709900 17483100
-0.97050606 0.53841937 0.33564436 16709900 17483100
-0.97050606 0.53841937 0.33564436 16709900 17483100
-0.97050606 0.53841937 0.33564436 16709900 17483100
-0.97050606 0.53841937 0.33564436 16709900 17483100
-0.97050606 0.53841937 0.33564436 16709900 17483100
-0.97050606 0.53841937 0.33564436 16709900 17483100
-0.97050606 0.53841937 0.33564436 16709900 17483100
-0.97050606 0.53841937 0.33564436 16709900 17483100
-0.97050606 0.53841937 0.33564436 16709900 17483100
-0.97050606 0.53841937 0.33564436 16709900 17483100
-0.97050606 0.53841937 0.33564436 16709900 17483100
-0.97050606 0.53841937 0.33564436 16709900 17483100
-0.97050606 0.53841937 0.33564436 16709900 17483100
-0.97050606 0.53841937 0.33564436 16709900 17483100
-0.97050606 0.53841937 0.33564436 16709900 17483100
-0.97050606 0.53841937 0.33564436 16709900 17483100
-0.97050606 0.53841937 0.33564436 16709900 17483100
-0.97050606 0.53841937 0.33564436 16709900 17483100
-0.97050606 0.53841937 0.33564436 16709900 17483100
-0.97050606 0.53841937 0.33564436 16709900 17483100
-0.97050606 0.53841937 0.33564436 16709900 17483100
-0.97050606 0.53841937 0.33564436 16709900 17483100
-0.97050606 0.53841937 0.33564436 16709900 17483100
-0.97050606 0.53841937 0.33564436 16709900 17483100
-0.97050606 0.53841937 0.33564436 16709900 17483100
-0.97050606 0.53841937 0.33564436 16709900 17483100
-0.97050606 0.53841937 0.33564436 16709900 17483100
-0.97050606 0.53841937 0.33564436 16709900 17483100
-0.97050606 0.53841937 0.33564436 16709900 17483100
-0.97050606 0.53841937 0.33564436 16709900 17483100
-0.97050606 0.53841937 0.33564436 16709900 17483100
-0.97050606 0.53841937 0.33564436 16709900 17483100
-0.97050606 0.53841937 0.33564436 16709900 17483100
-0.97050606 0.53841937 0.33564436 16709900 17483100
-0.97050606 0.53841937 0.33564436 16709900 17483100
-0.97050606 0.53841937 0.33564436 16709900 17483100
-0.97050606 0.53841937 0.33564436 16709900 17483100
-0.97050606 0.53841937 0.33564436 16709900 17483100
-0.97050606 0.53841937 0.33564436 16709900 17483100
-0.97050606 0.53841937 0.33564436 16709900 17483100
-0.97050606 0.53841937 0.33564436 16709900 17483100
-0.97050606 0.53841937 0.33564436 16709900 17483100
-0.97050606 0.53841937 0.33564436 16709900 17483100
-0.97050606 0.53841937 0.33564436 16709900 17483100
-0.97050606 0.53841937 0.33564436 16709900 17483100
-0.97050606 0.53841937 0.33564436 16709900 17483100
-0.97050606 0.53841937 0.33564436 16709900 17483100
-0.97050606 0.53841937 0.33564436 16709900 17483100
-0.97050606 0.53841937 0.33564436 16709900 17483100
-0.97050606 0.53841937 0.33564436 16709900 17483100
-0.97050606 0.53841937 0.33564436 16709900 17483100
