-1.00639 -0.00433612 -0.509895
-1.03153 0.00178501 -0.531503
-1.05413 0.0053918 -0.552547
-1.07318 0.00903068 -0.574262
-1.09274 0.0168154 -0.599686
-1.11255 0.0246671 -0.625922
-1.1312 0.0304417 -0.65088
-1.14861 0.0364274 -0.675893
-1.16662 0.0421748 -0.698878
-1.18371 0.0478576 -0.723387
-1.20367 0.054486 -0.750098
-1.22227 0.060972 -0.780848
-1.2436 0.0680428 -0.818746
-1.26493 0.0744399 -0.857496
-1.28626 0.082061 -0.898569
-1.31003 0.0906992 -0.940803
-1.33384 0.102423 -0.98265
-1.35468 0.113446 -1.02516
-1.37566 0.12492 -1.06709
-1.39703 0.13522 -1.10947
-1.41709 0.149376 -1.15276
-1.43757 0.164023 -1.19452
-1.45737 0.17966 -1.23734
-1.47652 0.199241 -1.28281
-1.49827 0.221777 -1.33615
-1.51976 0.249385 -1.39762
-1.54201 0.279248 -1.46408
-1.56478 0.31265 -1.53509
-1.58942 0.348053 -1.61146
-1.61331 0.390028 -1.69594
-1.63267 0.432793 -1.77826
-1.64624 0.476265 -1.85907
-1.65502 0.525268 -1.93774
-1.65659 0.57095 -2.00887
-1.65829 0.621857 -2.08556
-1.65618 0.675835 -2.16781
-1.64717 0.725501 -2.24779
-1.63624 0.769201 -2.31985
-1.62225 0.811664 -2.38476
-1.60689 0.841456 -2.42388
-1.58779 0.862689 -2.44343
-1.5688 0.879718 -2.4454
-1.5532 0.890024 -2.44
-1.54351 0.897237 -2.43403
-1.53458 0.904051 -2.43335
-1.52835 0.921002 -2.43788
-1.52258 0.927118 -2.4408
-1.51873 0.93843 -2.44058
-1.51134 0.931935 -2.44181
-1.50928 0.931005 -2.44181
-1.50894 0.932109 -2.44171
-1.50989 0.931946 -2.44102
-1.50681 0.933011 -2.43479
-1.50309 0.935873 -2.42739
-1.4966 0.93731 -2.41691
-1.48818 0.940118 -2.40533
-1.47822 0.944858 -2.39483
-1.46601 0.952638 -2.3862
-1.45162 0.961688 -2.37543
-1.43375 0.973482 -2.36212
-1.41407 0.986167 -2.34614
-1.39296 1.00187 -2.3323
-1.37018 1.01997 -2.31873
-1.34648 1.03965 -2.3051
-1.32276 1.06135 -2.29462
-1.29913 1.08344 -2.28444
-1.27305 1.10748 -2.27081
-1.24762 1.13102 -2.25606
-1.22266 1.15535 -2.24264
-1.19807 1.16782 -2.22878
-1.17342 1.18942 -2.2172
-1.14968 1.21353 -2.20525
-1.12921 1.23467 -2.19554
-1.11048 1.2534 -2.18595
-1.08922 1.27685 -2.17712
-1.07366 1.29355 -2.16877
-1.05962 1.30974 -2.16164
-1.04784 1.32397 -2.15516
-1.03746 1.34148 -2.14962
-1.02959 1.35148 -2.14567
-1.02653 1.36617 -2.13984
-1.01982 1.37406 -2.13606
-1.01622 1.3776 -2.13324
-1.01552 1.38406 -2.1305
-1.01405 1.38473 -2.12961
-1.01413 1.38476 -2.13032
-1.01465 1.38412 -2.13093
-1.01568 1.38303 -2.13133
-1.01556 1.38236 -2.13088
-1.01525 1.3824 -2.13139
-1.01533 1.38231 -2.13149
-1.01537 1.38213 -2.13129
-1.01548 1.38199 -2.13135
-1.01565 1.38174 -2.13135
-1.01566 1.38164 -2.13122
-1.0158 1.38143 -2.13122
-1.01587 1.38137 -2.13133
-1.01589 1.38129 -2.13124
-1.01601 1.3811 -2.13125
-1.01613 1.38099 -2.13135
-1.01616 1.38089 -2.1313
-1.01621 1.38075 -2.13119
-1.01628 1.38069 -2.13129
-1.01628 1.38059 -2.13113
-1.01638 1.38056 -2.13133
-1.01637 1.38052 -2.13123
-1.01644 1.38043 -2.13127
-1.01651 1.38033 -2.13126
-1.0166 1.38017 -2.13126
-1.0166 1.38016 -2.13123
-1.01664 1.38011 -2.13125
-1.01676 1.37997 -2.13133
-1.01674 1.37995 -2.13124
-1.01677 1.37984 -2.13115
-1.01681 1.37985 -2.13127
-1.01689 1.37964 -2.13113
-1.01691 1.37966 -2.13122
-1.01692 1.37962 -2.13116
-1.01697 1.3796 -2.13128
-1.01693 1.37953 -2.13104
-1.01702 1.37943 -2.13109
-1.01703 1.37942 -2.13111
-1.01713 1.37926 -2.13112
-1.01726 1.37921 -2.13141
-1.0173 1.37906 -2.13123
-1.01735 1.37895 -2.13118
-1.01735 1.37894 -2.13116
-1.01742 1.37884 -2.13117
-1.01748 1.37883 -2.13133
-1.01753 1.37866 -2.13116
-1.01757 1.37859 -2.13116
-1.01762 1.3785 -2.13115
-1.01762 1.3785 -2.13115
-1.01767 1.37843 -2.13114
-1.01769 1.37838 -2.13114
-1.01773 1.37832 -2.13114
-1.01774 1.37828 -2.1311
-1.01778 1.37823 -2.13112
-1.0178 1.3782 -2.13113
-1.0179 1.37804 -2.13112
-1.01788 1.37808 -2.13112
-1.01791 1.37803 -2.13112
-1.01792 1.37801 -2.13112
-1.01797 1.37792 -2.13111
-1.01792 1.3779 -2.13095
-1.01793 1.37798 -2.13112
-1.01786 1.37808 -2.13107
-1.01796 1.37801 -2.13124
-1.01794 1.37804 -2.13122
-1.01786 1.37805 -2.13104
-1.0179 1.37802 -2.1311
-1.01799 1.37749 -2.13039
-1.01929 1.37526 -2.13014
-1.02685 1.36644 -2.13566
-1.0393 1.35061 -2.14226
-1.06174 1.31977 -2.14921
-1.09353 1.27719 -2.15934
-1.1286 1.23259 -2.17346
-1.16723 1.18329 -2.18534
-1.20793 1.12939 -2.19209
-1.25067 1.0721 -2.19644
-1.29256 1.01309 -2.19453
-1.33392 0.951714 -2.18712
-1.37569 0.886532 -2.17622
-1.42064 0.817761 -2.16978
-1.46811 0.746886 -2.16757
-1.51545 0.675711 -2.16505
-1.56235 0.617005 -2.16062
-1.6223 0.54893 -2.17424
-1.66905 0.479796 -2.17798
-1.72208 0.413585 -2.17808
-1.78584 0.338486 -2.18469
-1.84453 0.265509 -2.1907
-1.89246 0.195533 -2.17968
-1.9423 0.110768 -2.16382
-1.99176 0.0257038 -2.15414
-2.03921 -0.0607748 -2.13397
-2.09253 -0.147347 -2.12631
-2.14986 -0.228844 -2.13167
-2.20463 -0.311359 -2.13918
-2.26419 -0.397121 -2.14636
-2.32796 -0.481027 -2.16209
-2.38546 -0.563493 -2.16377
-2.44562 -0.644606 -2.17162
-2.51269 -0.733462 -2.19113
-2.57085 -0.816081 -2.19754
-2.63627 -0.899465 -2.20667
-2.70689 -0.985262 -2.2266
-2.77309 -1.06588 -2.23853
-2.84308 -1.14482 -2.25162
-2.9199 -1.22006 -2.28004
-2.98937 -1.29652 -2.28413
-3.06316 -1.37542 -2.29097
-3.13753 -1.45226 -2.29825
-3.21001 -1.52812 -2.30393
-3.2868 -1.59609 -2.3288
-3.3724 -1.65572 -2.37914
-3.45948 -1.71132 -2.43541
-3.55294 -1.76122 -2.50144
-3.64453 -1.80464 -2.55808
-3.73518 -1.84042 -2.61479
-3.83403 -1.86892 -2.67579
-3.93046 -1.89252 -2.73115
-4.0232 -1.90852 -2.78894
-4.12106 -1.91105 -2.8621
-4.21547 -1.91506 -2.92083
-4.31217 -1.91214 -2.99589
-4.41347 -1.89501 -3.08723
-4.50737 -1.86961 3.11026
-4.59635 -1.84007 3.03322
-4.68473 -1.80752 2.95857
-4.773 -1.76839 2.89893
-4.85485 -1.72399 2.82731
-4.93117 -1.67413 2.75894
-5.00639 -1.62156 2.70185
-5.07484 -1.5649 2.63575
-5.13542 -1.48515 2.53733
-5.19749 -1.40304 2.44366
-5.25531 -1.31394 2.35226
-5.30507 -1.21978 2.26104
-5.34854 -1.12788 2.18515
-5.38732 -1.03101 2.11275
-5.42658 -0.933827 2.05966
-5.45833 -0.839029 2.01604
-5.48457 -0.739442 1.95832
-5.50461 -0.641114 1.91945
-5.53159 -0.536098 1.87383
-5.54464 -0.425117 1.82801
-5.56306 -0.322154 1.80863
-5.58207 -0.21318 1.78791
-5.60453 -0.103567 1.7768
-5.6304 -0.00656558 1.78499
-5.66112 0.093353 1.79996
-5.69707 0.192492 1.82219
-5.72847 0.276604 1.86292
-5.77956 0.366844 1.92419
-5.83193 0.44631 1.9902
-5.88684 0.510471 2.07322
-5.94494 0.563927 2.16366
-6.00851 0.606686 2.2583
-6.06941 0.639095 2.35688
-6.13556 0.656763 2.46317
-6.19553 0.665222 2.56298
-6.25202 0.667925 2.66156
-6.30595 0.660135 2.75721
-6.359 0.646589 2.85959
-6.40569 0.628817 2.955
-6.44709 0.6081 3.05243
-6.487 0.586933 -3.13582
-6.52486 0.558563 -3.05192
-6.56147 0.530918 -2.96907
-6.5921 0.500403 -2.8948
-6.6153 0.469826 -2.82551
-6.63668 0.436258 -2.7545
-6.65341 0.400295 -2.67795
-6.66764 0.361312 -2.58997
-6.67335 0.312369 -2.47884
-6.67429 0.260197 -2.35594
-6.67674 0.210118 -2.23129
-6.66529 0.153372 -2.10266
-6.64977 0.0961788 -1.97119
-6.62969 0.0464629 -1.83896
-6.60262 -0.000329237 -1.71035
-6.55762 -0.0625596 -1.54311
-6.51736 -0.108061 -1.42828
-6.4662 -0.162806 -1.29013
-6.42459 -0.202343 -1.19365
-6.36518 -0.231526 -1.09311
-6.31162 -0.261897 -0.990116
-6.25703 -0.289344 -0.898427
-6.20012 -0.317431 -0.814629
-6.14303 -0.345878 -0.737542
-6.08296 -0.373564 -0.679075
-6.02447 -0.400193 -0.63849
-5.96767 -0.433816 -0.608287
-5.90434 -0.468545 -0.579447
-5.83817 -0.502224 -0.555292
-5.76868 -0.537947 -0.538868
-5.70046 -0.580474 -0.549216
-5.63708 -0.623308 -0.563648
-5.57996 -0.67341 -0.601435
-5.52438 -0.736344 -0.661215
-5.47254 -0.811379 -0.74367
-5.42861 -0.888952 -0.823263
-5.38806 -0.966338 -0.886284
-5.34614 -1.04753 -0.937231
-5.29971 -1.12958 -0.961384
-5.24372 -1.20813 -0.96226
-5.18641 -1.28754 -0.959932
-5.13613 -1.36787 -0.963423
-5.08891 -1.44288 -0.964368
-5.01836 -1.54868 -0.972672
-4.97197 -1.63774 -0.993826
-4.92753 -1.71758 -1.01533
-4.88465 -1.80489 -1.04516
-4.84537 -1.90188 -1.0844
-4.81094 -1.99384 -1.12544
-4.78731 -2.08329 -1.17523
-4.77047 -2.18538 -1.23657
-4.76082 -2.28429 -1.29905
-4.76571 -2.38531 -1.38386
-4.7776 -2.48652 -1.46725
-4.7916 -2.57973 -1.53505
-4.81332 -2.67226 -1.60069
-4.83808 -2.76713 -1.65662
-4.86068 -2.85788 -1.69578
-4.88551 -2.94743 -1.73515
-4.91159 -3.03779 -1.76863
-4.9375 -3.1285 -1.79235
-4.96735 -3.21857 -1.81194
-4.99831 -3.30923 -1.83057
-5.02765 -3.39362 -1.84422
-5.06053 -3.47929 -1.86532
-5.0962 -3.57063 -1.88865
-5.13743 -3.66145 -1.9209
-5.18156 -3.74494 -1.96481
-5.23732 -3.83017 -2.02633
-5.2969 -3.91156 -2.08636
-5.36456 -3.98678 -2.16003
-5.44133 -4.05862 -2.24496
-5.51644 -4.12037 -2.31057
-5.59389 -4.17996 -2.36086
-5.67767 -4.23827 -2.4095
-5.75256 -4.29876 -2.41758
-5.83509 -4.35867 -2.44217
-5.91661 -4.41639 -2.46116
-5.99537 -4.47435 -2.47766
-6.10588 -4.55418 -2.49897
-6.1885 -4.61573 -2.51044
-6.26667 -4.67538 -2.5099
-6.34768 -4.73351 -2.51348
-6.43303 -4.79405 -2.51656
-6.51305 -4.85589 -2.51611
-6.59185 -4.91692 -2.51547
-6.67401 -4.97725 -2.51313
-6.75068 -5.0367 -2.5038
-6.83267 -5.09632 -2.498
-6.91635 -5.15621 -2.49318
-6.99556 -5.21273 -2.4841
-7.06505 -5.27405 -2.46325
-7.13987 -5.34675 -2.42861
-7.20908 -5.42372 -2.38362
-7.27159 -5.49919 -2.33653
-7.33085 -5.57953 -2.2969
-7.39113 -5.65826 -2.27563
-7.44832 -5.73728 -2.2473
-7.50379 -5.8211 -2.22171
-7.55691 -5.90474 -2.19742
-7.59972 -5.98899 -2.1562
-7.64159 -6.08023 -2.10887
-7.6868 -6.1741 -2.07827
-7.72851 -6.2638 -2.0497
-7.76182 -6.35368 -2.01653
-7.7981 -6.44308 -1.99912
-7.8356 -6.53369 -1.98686
-7.8712 -6.61927 -1.97516
-7.91244 -6.70522 -1.97603
-7.9551 -6.79366 -1.97841
-7.99018 -6.88477 -1.96508
-8.02495 -6.97667 -1.95012
-8.05939 -7.06665 -1.9442
-8.09324 -7.15247 -1.93522
-8.12189 -7.23402 -1.91123
-8.14738 -7.31931 -1.88241
-8.16752 -7.40782 -1.84237
-8.17189 -7.49316 -1.78075
-8.17481 -7.57698 -1.73209
-8.17131 -7.69398 -1.66246
-8.16971 -7.77979 -1.61767
-8.16411 -7.8642 -1.58992
-8.15542 -7.95213 -1.56203
-8.15257 -8.03265 -1.55361
-8.15342 -8.11115 -1.56136
-8.15709 -8.18774 -1.57371
-8.1683 -8.26371 -1.60634
-8.19138 -8.34271 -1.66535
-8.22619 -8.41139 -1.74263
-8.26548 -8.47276 -1.82258
-8.3171 -8.52676 -1.91724
-8.37283 -8.57771 -2.01467
-8.43701 -8.62199 -2.12694
-8.50571 -8.66377 -2.24563
-8.57969 -8.69263 -2.36416
-8.65291 -8.71052 -2.48382
-8.72609 -8.71925 -2.6031
-8.80456 -8.71737 -2.73297
-8.88564 -8.69358 -2.88058
-8.95591 -8.66094 -3.03091
-9.01649 -8.62045 3.10318
-9.07213 -8.56822 2.94375
-9.11869 -8.50413 2.78211
-9.1492 -8.43589 2.62265
-9.17261 -8.36888 2.46441
-9.18258 -8.29878 2.30223
-9.17778 -8.231 2.14441
-9.15836 -8.16335 1.99645
-9.1438 -8.1062 1.84508
-9.11449 -8.0529 1.69959
-9.08411 -8.00603 1.56362
-9.04149 -7.96688 1.4428
-9.00383 -7.93343 1.33082
-8.94739 -7.90958 1.22335
-8.90472 -7.88921 1.1226
-8.86992 -7.87327 1.03578
-8.83355 -7.86431 0.955006
-8.79624 -7.84997 0.888423
-8.75879 -7.83228 0.830543
-8.71857 -7.81193 0.78699
-8.67996 -7.78855 0.752761
-8.63799 -7.76214 0.727242
-8.59895 -7.73489 0.715162
-8.56133 -7.69883 0.710451
-8.52293 -7.66649 0.713176
-8.48643 -7.6281 0.728044
-8.45068 -7.58824 0.748959
-8.41765 -7.54629 0.774706
-8.3867 -7.50099 0.807874
-8.35856 -7.45004 0.851559
-8.33392 -7.39334 0.908999
-8.31672 -7.32469 0.993458
-8.30579 -7.25785 1.0767
-8.3011 -7.19487 1.15782
-8.2962 -7.12999 1.22257
-8.28935 -7.0614 1.27456
-8.2748 -6.98423 1.30315
-8.25176 -6.90477 1.30666
-8.22149 -6.827 1.28992
-8.18171 -6.74951 1.24888
-8.15348 -6.67467 1.23995
-8.12074 -6.59645 1.22419
-8.08411 -6.51367 1.20324
-8.04739 -6.43334 1.19367
-8.0109 -6.35335 1.18851
-7.9653 -6.27436 1.16838
-7.9144 -6.19257 1.13648
-7.86279 -6.11001 1.10488
-7.80595 -6.0261 1.07131
-7.74837 -5.94403 1.03733
-7.6921 -5.85931 1.02232
-7.6358 -5.7787 0.997606
-7.56382 -5.6938 0.962523
-7.50065 -5.61919 0.93788
-7.4355 -5.54921 0.908125
-7.36336 -5.47056 0.877732
-7.28999 -5.40112 0.851195
-7.21123 -5.32946 0.818882
-7.13222 -5.26147 0.791558
-7.05645 -5.19559 0.773159
-6.97493 -5.12454 0.758574
-6.89856 -5.04891 0.761844
-6.82144 -4.97353 0.764731
-6.74708 -4.90655 0.75832
-6.66799 -4.83352 0.75693
-6.59272 -4.76525 0.754205
-6.51632 -4.69655 0.74609
-6.43916 -4.62663 0.740462
-6.36707 -4.5591 0.737084
-6.28875 -4.49284 0.721465
-6.20701 -4.42463 0.706663
-6.13025 -4.36221 0.690197
-6.0529 -4.30388 0.667875
-5.97346 -4.24319 0.65746
-5.89592 -4.18054 0.650361
-5.81449 -4.12284 0.636529
-5.73135 -4.06055 0.631641
-5.65513 -4.00028 0.636733
-5.57213 -3.94292 0.640253
-5.46323 -3.84926 0.664665
-5.39064 -3.77747 0.697389
-5.31262 -3.70976 0.714974
-5.23392 -3.64115 0.736055
-5.16356 -3.57022 0.756494
-5.08616 -3.49838 0.766441
-5.01331 -3.42338 0.789857
-4.94564 -3.34772 0.819163
-4.87796 -3.26476 0.844901
-4.8075 -3.17344 0.87143
-4.74239 -3.08652 0.887004
-4.67692 -3.00091 0.896522
-4.61188 -2.91278 0.905837
-4.54664 -2.82729 0.913418
-4.48049 -2.74212 0.91464
-4.40789 -2.65744 0.909452
-4.34382 -2.57622 0.910097
-4.27672 -2.49106 0.909883
-4.19909 -2.38817 0.917824
-4.12466 -2.29008 0.923978
-4.05014 -2.19708 0.923342
-3.97393 -2.10327 0.920703
-3.90238 -2.01146 0.922432
-3.83092 -1.91846 0.926427
-3.76697 -1.82474 0.935024
-3.69729 -1.73286 0.938282
-3.62785 -1.64679 0.933931
-3.56367 -1.55995 0.9366
-3.49636 -1.46917 0.939614
-3.43515 -1.38288 0.947738
-3.37431 -1.29719 0.95629
-3.31504 -1.21269 0.95963
-3.25496 -1.13125 0.957706
-3.19911 -1.0504 0.962772
-3.14454 -0.970842 0.967048
-3.09119 -0.893416 0.972003
-3.0432 -0.819401 0.983957
-2.99262 -0.742187 0.991825
-2.93957 -0.666899 0.99217
-2.89086 -0.597148 0.994619
-2.84391 -0.527501 1
-2.79723 -0.453779 1.00648
-2.75153 -0.382935 1.01169
-2.71148 -0.315219 1.01979
-2.67276 -0.248485 1.02906
-2.63424 -0.184946 1.03279
-2.59491 -0.122855 1.03419
-2.55785 -0.0628299 1.03799
-2.52134 -0.00336771 1.04274
-2.48592 0.0578622 1.04776
-2.45301 0.113644 1.05202
-2.42102 0.169296 1.05636
-2.39147 0.226414 1.06296
-2.36388 0.28072 1.06965
-2.33624 0.332861 1.07463
-2.30853 0.382089 1.07685
-2.28058 0.430219 1.07817
-2.25481 0.475996 1.08178
-2.2314 0.521339 1.08554
-2.20813 0.569225 1.08945
-2.18565 0.612913 1.08974
-2.14742 0.673812 1.07629
-2.11762 0.722487 1.0623
-2.06493 0.803253 1.03772
-2.023 0.870783 1.01837
-1.98746 0.918736 1.0016
-1.95234 0.960732 0.986896
-1.9206 1.00097 0.973572
-1.88922 1.04062 0.962447
-1.85653 1.07856 0.951118
-1.82582 1.11514 0.941039
-1.7942 1.14993 0.931495
-1.76497 1.18145 0.923621
-1.73975 1.21198 0.916477
-1.70998 1.24318 0.910252
-1.68571 1.27186 0.905333
-1.65809 1.30397 0.901215
-1.63105 1.3341 0.895459
-1.59874 1.36994 0.890063
-1.56531 1.40576 0.881351
-1.53131 1.44406 0.879305
-1.49674 1.48597 0.881188
-1.46072 1.53682 0.893791
-1.42398 1.5904 0.909436
-1.38815 1.64449 0.926076
-1.3548 1.69663 0.938579
-1.32178 1.75098 0.953049
-1.2895 1.804 0.965141
-1.25452 1.85579 0.973538
-1.21605 1.90932 0.973799
-1.1805 1.95851 0.969904
-1.14265 2.00901 0.965835
-1.10307 2.06236 0.961146
-1.06298 2.11535 0.957573
-1.01054 2.18967 0.956957
-0.971439 2.24645 0.964312
-0.930961 2.30635 0.968047
-0.87287 2.38662 0.966909
-0.810365 2.4678 0.953428
-0.763056 2.52748 0.944642
-0.713021 2.58732 0.939312
-0.662561 2.65043 0.932052
-0.614426 2.71228 0.926316
-0.568681 2.77669 0.931392
-0.522023 2.84334 0.93544
-0.469438 2.9082 0.938181
-0.420674 2.97154 0.935659
-0.371237 3.03466 0.933229
-0.315318 3.10116 0.915543
-0.258014 3.16391 0.888206
-0.201886 3.21836 0.860594
-0.141936 3.271 0.830613
-0.0551997 3.34092 0.787951
0.00771137 3.3909 0.759896
0.0706067 3.44267 0.735798
0.137183 3.49438 0.70918
0.20463 3.54292 0.686181
0.271661 3.59195 0.670233
0.342535 3.64047 0.649483
0.416146 3.68115 0.616498
0.486936 3.71407 0.585643
0.555855 3.74901 0.571272
0.628216 3.78795 0.557003
0.700852 3.83406 0.560981
0.770142 3.88168 0.574325
0.835342 3.93069 0.587253
0.907042 3.97624 0.588704
1.0024 4.03602 0.583703
1.07114 4.08073 0.585241
1.14158 4.12691 0.579001
1.20823 4.16622 0.565305
1.27564 4.21245 0.568968
1.34231 4.26749 0.603462
1.40576 4.32627 0.644385
1.47005 4.38639 0.678013
1.52994 4.44739 0.713189
1.58351 4.51077 0.747349
1.639 4.57168 0.775414
1.69308 4.63318 0.794881
1.7465 4.69224 0.813711
1.79585 4.74991 0.832256
1.84873 4.81278 0.851592
1.90319 4.8854 0.877753
1.95715 4.95392 0.888848
2.0048 5.0152 0.89437
2.05858 5.07618 0.893161
2.1502 5.17809 0.878426
2.20228 5.23226 0.869571
2.2582 5.2856 0.854204
2.31715 5.3423 0.839928
2.37121 5.39671 0.83667
2.41918 5.45424 0.849712
2.4656 5.51635 0.870943
2.5098 5.58109 0.900031
2.54552 5.64524 0.941752
2.57341 5.70663 0.989606
2.59584 5.76946 1.04507
2.61154 5.83339 1.10584
2.62118 5.89541 1.16759
2.62715 5.95556 1.23212
2.625 6.01211 1.30344
2.61526 6.0697 1.38408
2.5992 6.12471 1.46439
2.58007 6.17565 1.54413
2.55794 6.22069 1.62243
2.53022 6.26525 1.70315
2.49177 6.31984 1.80765
2.45849 6.35246 1.88239
2.42412 6.38568 1.95337
2.38926 6.41642 2.02403
2.35376 6.44059 2.09142
2.31801 6.46224 2.15871
2.28074 6.48022 2.22608
2.24145 6.49451 2.29374
2.20364 6.50738 2.36163
2.16522 6.51547 2.43144
2.12691 6.51909 2.49973
2.09123 6.51998 2.56536
2.05648 6.52394 2.62728
2.02489 6.52383 2.68216
1.99381 6.52217 2.73506
1.96609 6.51786 2.78471
1.94109 6.51166 2.83294
1.92144 6.50199 2.8857
1.90679 6.48782 2.9467
1.8969 6.46967 3.01221
1.8958 6.451 3.07356
1.90259 6.43145 3.13165
1.91806 6.41316 -3.09336
1.93911 6.39591 -3.03407
1.96646 6.37725 -2.95845
1.99378 6.3552 -2.87366
2.02527 6.33401 -2.77254
2.05983 6.31275 -2.66057
2.0959 6.29522 -2.54755
2.13337 6.28128 -2.43512
2.17839 6.26999 -2.30169
2.20611 6.26116 -2.21241
2.22547 6.25121 -2.14154
2.2355 6.23759 -2.08832
2.23241 6.21464 -2.05927
2.23134 6.18811 -2.02542
2.23212 6.15652 -1.98724
2.2299 6.11899 -1.94846
2.22096 6.07142 -1.91528
2.20944 6.02171 -1.8966
2.19668 5.97418 -1.88629
2.18362 5.92305 -1.87675
2.17154 5.87425 -1.86634
2.15861 5.81943 -1.85249
2.14524 5.76392 -1.83888
2.13346 5.70893 -1.82594
2.12129 5.65275 -1.81552
2.1084 5.59637 -1.80857
2.09165 5.53695 -1.80639
2.07454 5.4773 -1.80739
2.05583 5.41948 -1.81837
2.0344 5.36352 -1.83615
2.01235 5.30777 -1.85442
1.9887 5.24836 -1.87285
1.96132 5.18668 -1.8921
1.93367 5.12683 -1.9082
1.90515 5.06794 -1.92433
1.87367 5.00754 -1.94242
1.83876 4.94407 -1.96308
1.8021 4.88099 -1.98387
1.76713 4.81975 -2.00123
1.73183 4.75927 -2.01715
1.6968 4.69811 -2.03121
1.65981 4.63203 -2.04259
1.6227 4.56338 -2.04833
1.58755 4.4972 -2.0523
1.54991 4.43323 -2.06348
1.50632 4.36856 -2.08414
1.45755 4.29972 -2.11046
1.39178 4.21178 -2.14547
1.33694 4.15112 -2.1812
1.27799 4.09025 -2.2186
1.22214 4.02999 -2.24793
1.16364 3.96694 -2.26656
1.10197 3.90608 -2.29461
1.03949 3.84941 -2.32241
0.978869 3.79179 -2.34327
0.911256 3.73335 -2.36865
0.83886 3.67711 -2.39825
0.769898 3.62591 -2.42164
0.699827 3.57145 -2.43778
0.629332 3.51409 -2.44754
0.558884 3.45359 -2.45302
0.494346 3.39172 -2.44192
0.427726 3.32924 -2.43167
0.358258 3.27056 -2.43203
0.289942 3.21721 -2.43966
0.219092 3.15869 -2.44226
0.143524 3.09712 -2.44684
0.073164 3.04079 -2.44954
0.0100676 2.98477 -2.43522
-0.0578846 2.92258 -2.41795
-0.130188 2.85575 -2.40359
-0.19562 2.79218 -2.38857
-0.257798 2.72542 -2.36751
-0.321859 2.65591 -2.35536
-0.385499 2.58793 -2.34699
-0.446537 2.52092 -2.33451
-0.512814 2.44969 -2.32317
-0.577621 2.38433 -2.32219
-0.639287 2.31418 -2.31477
-0.697593 2.23997 -2.29273
-0.759084 2.1606 -2.27845
-0.823316 2.0821 -2.26659
-0.882172 2.00545 -2.24958
-0.944558 1.92643 -2.24208
-1.01368 1.84947 -2.25587
-1.0763 1.77066 -2.25149
-1.14127 1.69101 -2.24952
-1.20732 1.61127 -2.24878
-1.26645 1.52721 -2.22727
-1.32714 1.44186 -2.20885
-1.39169 1.35174 -2.19699
-1.44831 1.26396 -2.17706
-1.49991 1.17719 -2.1503
-1.5539 1.08584 -2.13119
-1.60151 0.994581 -2.10091
-1.64817 0.904071 -2.0745
-1.69352 0.811969 -2.05709
-1.73441 0.71573 -2.02409
-1.77007 0.618375 -1.99185
-1.80589 0.521737 -1.97175
-1.84119 0.425901 -1.95225
-1.87946 0.330661 -1.94566
-1.9224 0.233427 -1.9547
-1.9711 0.138193 -1.97412
-2.01749 0.049298 -1.98832
-2.07011 -0.0389375 -2.01259
-2.12316 -0.132633 -2.03214
-2.17556 -0.222168 -2.05118
-2.23463 -0.306287 -2.08879
-2.29364 -0.391694 -2.12378
-2.35508 -0.476393 -2.15496
-2.42403 -0.557739 -2.19303
-2.49011 -0.641815 -2.21813
-2.55284 -0.72677 -2.2213
-2.62151 -0.802685 -2.24393
-2.68432 -0.88343 -2.25499
-2.75141 -0.961968 -2.2546
-2.81578 -1.04101 -2.26236
-2.88038 -1.11253 -2.2698
-2.94117 -1.18369 -2.27059
-3.01003 -1.25277 -2.28819
-3.07846 -1.31706 -2.3165
-3.14513 -1.37567 -2.3466
-3.21863 -1.42521 -2.39676
-3.29465 -1.46633 -2.46034
-3.37225 -1.49811 -2.53216
-3.48257 -1.52486 -2.65038
-3.57617 -1.52838 -2.76494
-3.65903 -1.52168 -2.86206
-3.73628 -1.50496 -2.95532
-3.81765 -1.48977 -3.04631
-3.89767 -1.47147 -3.12663
-3.97444 -1.44842 3.09365
-4.05085 -1.42116 3.02466
-4.12098 -1.38222 2.96147
-4.18939 -1.35027 2.90009
-4.25783 -1.30903 2.83479
-4.33291 -1.26473 2.7715
-4.39918 -1.22249 2.72315
-4.46236 -1.17816 2.68515
-4.53125 -1.1316 2.65466
-4.60202 -1.08595 2.63375
-4.6768 -1.04475 2.62838
-4.75264 -1.00184 2.63
-4.82453 -0.953456 2.61591
-4.89507 -0.907606 2.60709
-4.96905 -0.860137 2.60192
-5.04618 -0.80962 2.59155
-5.11961 -0.76049 2.57538
-5.22015 -0.697492 2.57213
-5.29722 -0.648961 2.58019
-5.37343 -0.598228 2.57964
-5.44689 -0.543875 2.56673
-5.51738 -0.48553 2.53995
-5.58405 -0.414176 2.48399
-5.64625 -0.341163 2.42508
-5.70401 -0.271196 2.37554
-5.7617 -0.196821 2.3384
-5.81943 -0.122962 2.30384
-5.87485 -0.0495609 2.28617
-5.93017 0.0275155 2.26775
-5.98095 0.102914 2.24913
-6.03132 0.174889 2.23471
-6.0845 0.249231 2.22426
-6.13732 0.323701 2.2196
-6.18931 0.390091 2.23014
-6.24612 0.455829 2.25515
-6.31215 0.523397 2.29193
-6.38624 0.583253 2.34843
-6.45583 0.63607 2.39305
-6.52719 0.684139 2.43914
-6.60448 0.733525 2.48115
-6.67776 0.780774 2.51247
-6.75324 0.827131 2.54098
-6.82862 0.869043 2.57353
-6.90182 0.903992 2.60944
-6.97839 0.931526 2.67232
-7.06365 0.935938 2.7729
-7.14576 0.929567 2.89338
-7.21668 0.89983 3.03459
-7.28083 0.864351 -3.10916
-7.3392 0.819807 -2.97232
-7.38875 0.770262 -2.83692
-7.43283 0.709654 -2.69279
-7.46618 0.640902 -2.54267
-7.48315 0.569448 -2.38696
-7.49155 0.501507 -2.23713
-7.49058 0.432034 -2.08989
-7.4828 0.365993 -1.94813
-7.45621 0.306163 -1.81596
-7.43231 0.249733 -1.67999
-7.39488 0.196086 -1.54713
-7.34902 0.1471 -1.41478
-7.30013 0.105361 -1.27871
-7.23875 0.0626095 -1.14068
-7.18224 0.0313971 -1.02829
-7.13329 0.00208832 -0.932179
-7.07959 -0.03582 -0.851849
-7.02275 -0.0726932 -0.793041
-6.9712 -0.113669 -0.756448
-6.91979 -0.155424 -0.731289
-6.86666 -0.20013 -0.708591
-6.80945 -0.244729 -0.683568
-6.74881 -0.288988 -0.665111
-6.68654 -0.334302 -0.652417
-6.62748 -0.37517 -0.640296
-6.56421 -0.416566 -0.628424
-6.50081 -0.458385 -0.616234
-6.43623 -0.498414 -0.607766
-6.37292 -0.539571 -0.601901
-6.30622 -0.579871 -0.591611
-6.23977 -0.621969 -0.58022
-6.16979 -0.663429 -0.568232
-6.09531 -0.705602 -0.554322
-6.02021 -0.746088 -0.538609
-5.9465 -0.787074 -0.527472
-5.87103 -0.831898 -0.524207
-5.79059 -0.881806 -0.53187
-5.71756 -0.928715 -0.538399
-5.64625 -0.978909 -0.552531
-5.57176 -1.03496 -0.571004
-5.49868 -1.08989 -0.585838
-5.42573 -1.1463 -0.601582
-5.35469 -1.20628 -0.633195
-5.28671 -1.27033 -0.670153
-5.22169 -1.3355 -0.707589
-5.16478 -1.40511 -0.757904
-5.11605 -1.48714 -0.823824
-5.0724 -1.56147 -0.872057
-5.03273 -1.63726 -0.922841
-4.99221 -1.72241 -0.978194
-4.95568 -1.80358 -1.02489
-4.92441 -1.88657 -1.07233
-4.89758 -1.97259 -1.1261
-4.87726 -2.0546 -1.177
-4.86118 -2.13722 -1.22122
-4.84582 -2.22406 -1.26517
-4.83288 -2.30939 -1.30202
-4.82196 -2.38977 -1.32979
-4.81069 -2.47074 -1.35187
-4.80169 -2.56066 -1.37717
-4.79214 -2.64782 -1.40164
-4.78892 -2.7642 -1.44004
-4.79972 -2.85191 -1.49154
-4.81143 -2.93758 -1.53837
-4.82078 -3.02775 -1.5828
-4.83871 -3.11867 -1.6363
-4.86414 -3.20674 -1.69043
-4.89254 -3.29114 -1.73362
-4.92146 -3.37625 -1.77426
-4.95666 -3.46433 -1.82085
-4.99274 -3.54436 -1.86572
-5.03278 -3.62347 -1.91491
-5.08394 -3.69966 -1.97421
-5.13434 -3.77386 -2.03111
-5.18872 -3.84377 -2.08479
-5.24973 -3.91464 -2.14075
-5.30838 -3.98024 -2.18397
-5.36968 -4.04536 -2.21228
-5.43855 -4.11045 -2.25725
-5.50537 -4.16982 -2.29526
-5.57399 -4.22922 -2.32489
-5.64965 -4.28901 -2.36448
-5.72831 -4.34861 -2.40663
-5.80965 -4.40241 -2.44117
-5.89273 -4.45207 -2.4796
-5.97714 -4.50138 -2.51798
-6.055 -4.55013 -2.54365
-6.13755 -4.60465 -2.55247
-6.22099 -4.66051 -2.55983
-6.29749 -4.71092 -2.55751
-6.37948 -4.76409 -2.56297
-6.46475 -4.81612 -2.57466
-6.54706 -4.86392 -2.58624
-6.6232 -4.91035 -2.58941
-6.70429 -4.96341 -2.58774
-6.78308 -5.02129 -2.56968
-6.85702 -5.07478 -2.54799
-6.93553 -5.13222 -2.53056
-7.0135 -5.18737 -2.52151
-7.08899 -5.24112 -2.51419
-7.16832 -5.29866 -2.51132
-7.24988 -5.35586 -2.50797
-7.32228 -5.40996 -2.49818
-7.39628 -5.46642 -2.48385
-7.46856 -5.52774 -2.4607
-7.53596 -5.59176 -2.43735
-7.60155 -5.65902 -2.40514
-7.66173 -5.72807 -2.37133
-7.72223 -5.79835 -2.34244
-7.77877 -5.86664 -2.31984
-7.83317 -5.9387 -2.29044
-7.88927 -6.00941 -2.272
-7.9445 -6.07794 -2.25724
-7.99646 -6.15242 -2.23386
-8.04486 -6.22917 -2.20642
-8.09795 -6.30803 -2.18724
-8.14519 -6.38247 -2.16875
-8.19019 -6.45909 -2.14518
-8.23951 -6.53659 -2.13817
-8.28999 -6.61385 -2.14253
-8.35328 -6.71635 -2.14094
-8.39998 -6.79164 -2.13531
-8.44898 -6.8697 -2.13104
-8.49665 -6.95203 -2.11715
-8.54005 -7.03209 -2.09581
-8.58927 -7.10819 -2.09714
-8.63706 -7.18235 -2.09913
-8.68307 -7.25769 -2.09708
-8.73274 -7.3308 -2.10487
-8.78347 -7.40342 -2.11479
-8.83057 -7.47529 -2.11497
-8.87215 -7.5553 -2.09602
-8.91097 -7.63336 -2.07326
-8.94586 -7.71305 -2.04091
-8.97317 -7.79484 -1.99954
-8.99574 -7.8746 -1.95715
-9.01159 -7.95441 -1.90826
-9.02419 -8.0354 -1.84874
-9.02791 -8.11035 -1.78396
-9.0258 -8.18189 -1.71427
-9.00829 -8.24687 -1.6295
-8.98266 -8.31022 -1.53184
-8.95029 -8.36259 -1.43014
-8.90998 -8.40731 -1.32227
-8.86303 -8.44602 -1.20425
-8.80541 -8.46705 -1.06743
-8.75519 -8.48069 -0.934704
-8.69962 -8.4796 -0.792909
-8.64535 -8.4726 -0.646306
-8.59632 -8.45167 -0.496645
-8.55278 -8.42192 -0.346947
-8.51503 -8.38787 -0.1988
-8.48466 -8.3497 -0.0538602
-8.4595 -8.3086 0.0861505
-8.44173 -8.26743 0.217283
-8.4321 -8.22534 0.343774
-8.42848 -8.18331 0.460402
-8.42549 -8.14268 0.57802
-8.4306 -8.10521 0.687325
-8.43806 -8.06633 0.796854
-8.44941 -8.03276 0.897794
-8.46131 -8.00257 0.99352
-8.4772 -7.97428 1.08271
-8.49426 -7.94837 1.16146
-8.50922 -7.92498 1.23344
-8.52425 -7.89973 1.29627
-8.53416 -7.87458 1.34639
-8.54221 -7.84878 1.38258
-8.5383 -7.81195 1.38947
-8.52876 -7.77117 1.3819
-8.51226 -7.72961 1.36956
-8.4904 -7.66469 1.34912
-8.4732 -7.60656 1.33665
-8.45343 -7.54841 1.33179
-8.43523 -7.48445 1.32413
-8.41651 -7.41987 1.31161
-8.39002 -7.35255 1.29448
-8.36143 -7.28763 1.27929
-8.33701 -7.22337 1.27785
-8.31284 -7.15276 1.28315
-8.29227 -7.07655 1.29094
-8.27283 -6.99747 1.305
-8.25628 -6.91659 1.32217
-8.24049 -6.83782 1.33462
-8.21641 -6.75709 1.33036
-8.19025 -6.67608 1.31835
-8.16301 -6.59135 1.31023
-8.13493 -6.51167 1.29861
-8.10497 -6.4311 1.2856
-8.0767 -6.34844 1.28096
-8.05 -6.26086 1.28274
-8.02199 -6.17379 1.27798
-7.97455 -6.06178 1.24734
-7.93892 -5.9781 1.22674
-7.89365 -5.89368 1.18884
-7.84285 -5.80925 1.14558
-7.78867 -5.73433 1.10473
-7.73468 -5.65473 1.06863
-7.67332 -5.57761 1.02884
-7.61443 -5.50425 0.996196
-7.55252 -5.42897 0.96455
-7.48626 -5.35542 0.929901
-7.41937 -5.28759 0.893927
-7.34816 -5.22658 0.847977
-7.26743 -5.16291 0.796784
-7.19209 -5.10104 0.762206
-7.1154 -5.04762 0.73227
-7.03758 -4.98954 0.709679
-6.96117 -4.92986 0.699581
-6.88488 -4.87043 0.693615
-6.80141 -4.81511 0.672148
-6.72308 -4.75927 0.65663
-6.64689 -4.70535 0.641993
-6.55737 -4.65821 0.611804
-6.46963 -4.60717 0.591961
-6.38924 -4.55461 0.585301
-6.30054 -4.50283 0.567891
-6.2096 -4.45064 0.558535
-6.12691 -4.39517 0.563595
-6.04218 -4.33705 0.56892
-5.95707 -4.28041 0.578322
-5.87768 -4.2189 0.599238
-5.79219 -4.1629 0.608059
-5.70816 -4.10809 0.606506
-5.62461 -4.04477 0.627314
-5.54672 -3.97909 0.65059
-5.47129 -3.91097 0.67913
-5.39911 -3.83543 0.722194
-5.33616 -3.75859 0.763867
-5.26721 -3.68564 0.792738
-5.20398 -3.60741 0.827347
-5.14665 -3.53293 0.861318
-5.09134 -3.45909 0.888006
-5.03495 -3.37914 0.917791
-4.97833 -3.2978 0.943975
-4.92679 -3.21763 0.96205
-4.87179 -3.13051 0.980738
-4.82307 -3.0484 0.997185
-4.77888 -2.96949 1.01135
-4.72896 -2.88672 1.01846
-4.67614 -2.80387 1.01843
-4.62598 -2.72696 1.01665
-4.57333 -2.6475 1.01341
-4.52002 -2.56873 1.00968
-4.46895 -2.48899 1.01097
-4.41824 -2.40669 1.01504
-4.36411 -2.3218 1.01388
-4.31159 -2.24208 1.00848
-4.25625 -2.16403 0.998894
-4.19402 -2.08106 0.979568
-4.13328 -2.00344 0.960866
-4.07361 -1.92749 0.949232
-4.01337 -1.85058 0.935315
-3.95269 -1.7701 0.929761
-3.89133 -1.69128 0.925877
-3.8286 -1.61657 0.915618
-3.76497 -1.54067 0.905439
-3.69923 -1.46552 0.891531
-3.63313 -1.39611 0.873178
-3.56496 -1.32638 0.855856
-3.50129 -1.25582 0.848431
-3.43534 -1.18616 0.837493
-3.36465 -1.11458 0.82808
-3.29888 -1.04261 0.825496
-3.2331 -0.976566 0.815752
-3.16244 -0.90999 0.800641
-3.0913 -0.843847 0.784126
-3.01526 -0.783048 0.754487
-2.93663 -0.72779 0.715606
-2.85757 -0.671443 0.689142
-2.78489 -0.61549 0.675608
-2.70646 -0.560712 0.660833
-2.62682 -0.503689 0.656303
-2.55331 -0.449489 0.656437
-2.47717 -0.399348 0.641867
-2.39512 -0.350916 0.614215
-2.31636 -0.304182 0.590698
-2.23529 -0.260333 0.56968
-2.14914 -0.221965 0.535439
-2.06941 -0.188278 0.507321
-1.98942 -0.154849 0.474858
-1.89803 -0.129805 0.423676
-1.80979 -0.111548 0.366023
-1.72412 -0.105072 0.304248
-1.63573 -0.10352 0.233912
-1.54886 -0.107241 0.165698
-1.4645 -0.113855 0.106961
-1.37842 -0.124596 0.0438912
-1.29377 -0.140193 -0.0184052
-1.2154 -0.159008 -0.0734911
-1.13967 -0.180335 -0.121219
-1.06436 -0.207747 -0.176749
-0.989335 -0.239918 -0.230108
-0.915918 -0.272045 -0.279398
-0.84505 -0.305956 -0.323791
-0.778919 -0.34478 -0.371443
-0.715567 -0.384583 -0.413169
-0.652717 -0.426193 -0.444151
-0.58405 -0.467986 -0.465739
-0.514876 -0.509299 -0.480394
-0.446263 -0.54793 -0.486474
-0.378482 -0.588437 -0.497621
-0.309324 -0.632497 -0.516006
-0.239671 -0.678187 -0.53273
-0.172961 -0.719435 -0.542733
-0.105912 -0.760541 -0.546399
-0.0357644 -0.801226 -0.53839
0.0366737 -0.83986 -0.521421
0.108743 -0.877003 -0.501539
0.177711 -0.914853 -0.49157
0.250501 -0.952855 -0.484522
0.322177 -0.992226 -0.486714
0.388926 -1.0328 -0.493678
0.455915 -1.0738 -0.503422
0.522549 -1.11776 -0.518595
0.590336 -1.16248 -0.530482
0.659734 -1.20632 -0.53935
0.727322 -1.25258 -0.551007
0.793366 -1.30209 -0.569546
0.859676 -1.35192 -0.586489
0.926399 -1.40149 -0.600974
0.992197 -1.45404 -0.617802
1.05622 -1.50697 -0.635845
1.11735 -1.55688 -0.645463
1.17771 -1.6091 -0.657949
1.23775 -1.66458 -0.675006
1.29853 -1.72193 -0.689196
1.35746 -1.77735 -0.698921
1.4126 -1.82941 -0.707446
1.46445 -1.8797 -0.71622
1.51353 -1.92611 -0.719856
1.5621 -1.96422 -0.71101
1.60497 -1.99481 -0.69288
1.6409 -2.01452 -0.671001
1.6686 -2.03043 -0.657284
1.6904 -2.04077 -0.642337
1.7029 -2.0433 -0.631129
1.70802 -2.04378 -0.625826
1.69859 -2.03943 -0.634758
1.68916 -2.03402 -0.641312
1.67719 -2.02798 -0.64908
1.66455 -2.02217 -0.657947
1.65201 -2.01752 -0.669868
1.6409 -2.01314 -0.679118
1.63313 -2.01046 -0.689473
1.62648 -2.00789 -0.696436
1.62201 -2.00613 -0.700447
1.61775 -2.00375 -0.703387
1.6134 -2.00074 -0.705065
1.6056 -1.99572 -0.709028
1.59516 -1.98856 -0.713461
1.58168 -1.97956 -0.720032
1.56646 -1.9687 -0.726087
1.54834 -1.95514 -0.732327
1.52899 -1.93966 -0.737115
1.5106 -1.92231 -0.735669
1.49183 -1.90162 -0.726913
1.47317 -1.87923 -0.712988
1.4536 -1.85465 -0.69416
1.4333 -1.82917 -0.673023
1.41135 -1.80363 -0.652303
1.3881 -1.77939 -0.635284
1.36369 -1.7565 -0.622243
1.3379 -1.73454 -0.612939
1.31147 -1.71416 -0.608181
1.28416 -1.69473 -0.607169
1.25851 -1.67845 -0.607619
1.22666 -1.65603 -0.609081
1.19775 -1.635 -0.612273
1.16934 -1.61768 -0.617464
1.13912 -1.59735 -0.623353
1.1088 -1.57811 -0.630431
1.07897 -1.55857 -0.634984
1.04945 -1.53782 -0.640614
1.01898 -1.51559 -0.645046
0.98884 -1.49291 -0.648679
0.958201 -1.47051 -0.65368
0.925982 -1.44545 -0.656836
0.894602 -1.42191 -0.660038
0.864991 -1.398 -0.660196
0.833377 -1.37305 -0.657799
0.803662 -1.34782 -0.654108
0.773503 -1.32223 -0.647722
0.741453 -1.29454 -0.643393
0.711408 -1.27026 -0.642522
0.681129 -1.24439 -0.642136
0.649703 -1.22131 -0.642697
0.618773 -1.19704 -0.643483
0.586169 -1.17309 -0.644771
0.556316 -1.15155 -0.645484
0.525426 -1.12736 -0.646627
0.493961 -1.10185 -0.649912
0.46296 -1.07843 -0.655029
0.430592 -1.0552 -0.663318
0.399577 -1.03408 -0.675052
0.368067 -1.01314 -0.68889
0.334481 -0.991102 -0.705048
0.304132 -0.972785 -0.728982
0.273138 -0.955548 -0.753882
0.243888 -0.939221 -0.784074
0.214686 -0.922707 -0.815271
0.184933 -0.905899 -0.846072
0.157122 -0.888448 -0.875089
0.129379 -0.871125 -0.902997
0.106749 -0.854461 -0.929434
0.0817382 -0.837534 -0.956585
0.0582318 -0.819081 -0.98227
0.0356048 -0.800797 -1.00784
0.0155404 -0.781806 -1.02969
-0.00452483 -0.763371 -1.05422
-0.0214759 -0.743974 -1.07856
-0.0385542 -0.725263 -1.10281
-0.0538811 -0.706596 -1.12619
-0.0685319 -0.686608 -1.14681
-0.0831438 -0.666191 -1.16658
-0.0955657 -0.646372 -1.18442
-0.106888 -0.626266 -1.19902
-0.116563 -0.605555 -1.21061
-0.125299 -0.58488 -1.21709
-0.133624 -0.564087 -1.21944
-0.139099 -0.540398 -1.21168
-0.143569 -0.520099 -1.20274
-0.148009 -0.502207 -1.19641
-0.153641 -0.481801 -1.19262
-0.15682 -0.465611 -1.18773
-0.160006 -0.45023 -1.18015
-0.162266 -0.43399 -1.16849
-0.162885 -0.415882 -1.14778
-0.164209 -0.395668 -1.11733
-0.162631 -0.37431 -1.08054
-0.159258 -0.34817 -1.02791
-0.157172 -0.32043 -0.972225
-0.156119 -0.287121 -0.901748
-0.156335 -0.252187 -0.82279
-0.158003 -0.21499 -0.732838
-0.162072 -0.174512 -0.635171
-0.169014 -0.133824 -0.529443
-0.178796 -0.0949997 -0.429502
-0.190289 -0.059404 -0.336134
-0.204662 -0.0242614 -0.243546
-0.219317 0.00877237 -0.157603
-0.232466 0.0359657 -0.0774911
-0.247142 0.0603948 -0.00645652
-0.259402 0.0778821 0.0469413
-0.263703 0.0873061 0.0788444
-0.263693 0.0909472 0.0923891
-0.250064 0.0862895 0.0747303
-0.241408 0.0852944 0.0729514
-0.226558 0.0890784 0.0813408
-0.211238 0.0957881 0.0993232
-0.196108 0.104468 0.124334
-0.184219 0.115241 0.160528
-0.173549 0.126515 0.192344
-0.164887 0.136371 0.223171
-0.157945 0.145484 0.25087
-0.153257 0.152541 0.273323
-0.1503 0.157268 0.285451
-0.150518 0.155159 0.281015
-0.15309 0.151339 0.269836
-0.15509 0.148198 0.260624
-0.157294 0.145046 0.252884
-0.158124 0.143778 0.248562
-0.15875 0.142894 0.246008
-0.159225 0.142363 0.244851
-0.159327 0.14206 0.243881
-0.159287 0.142172 0.244293
-0.159157 0.142307 0.244623
-0.15904 0.142387 0.244782
-0.159009 0.142399 0.244804
-0.158982 0.142483 0.245048
-0.158825 0.14247 0.244886
-0.158835 0.142495 0.244966
-0.158787 0.142463 0.244835
-0.158825 0.142495 0.244966
-0.158737 0.142492 0.244885
-0.158837 0.142466 0.24488
-0.158893 0.142404 0.244728
-0.158897 0.14237 0.244622
-0.158843 0.142421 0.244746
-0.158765 0.142404 0.244627
-0.158756 0.142408 0.244631
-0.158746 0.142409 0.244631
-0.158811 0.142347 0.244482
-0.158764 0.14234 0.244418
-0.158753 0.142356 0.244461
-0.158753 0.142356 0.244461
-0.158712 0.14226 0.244126
-0.158674 0.142349 0.244376
-0.158625 0.14236 0.24438
-0.158515 0.142381 0.244351
-0.158564 0.142377 0.244384
-0.158703 0.142369 0.244463
-0.158713 0.142368 0.244463
-0.158625 0.14236 0.24438
-0.158643 0.142383 0.244467
-0.158565 0.14237 0.244357
-0.158561 0.142406 0.244468
-0.158593 0.142397 0.244468
-0.158593 0.142392 0.244448
-0.158553 0.142409 0.244472
-0.158515 0.142382 0.244351
-0.158474 0.142401 0.244389
-0.158424 0.142415 0.244389
-0.158421 0.142465 0.244552
-0.158356 0.142524 0.244683
-0.158361 0.142458 0.244481
-0.158389 0.142487 0.24459
-0.158424 0.142413 0.244383
-0.158424 0.142416 0.244391
-0.158374 0.142427 0.244394
-0.158374 0.142429 0.244395
-0.158412 0.142454 0.244511
-0.158415 0.142423 0.244411
-0.158455 0.142405 0.244391
-0.158408 0.142371 0.244234
-0.158398 0.14239 0.244284
-0.158513 0.142418 0.244466
-0.158454 0.142413 0.244415
-0.158506 0.142398 0.244399
-0.158425 0.142414 0.244386
-0.158373 0.142337 0.2441
-0.158463 0.142433 0.244482
-0.158444 0.142417 0.244419
-0.158504 0.142403 0.244418
-0.15844 0.142356 0.244219
-0.158547 0.14236 0.244317
-0.158506 0.142365 0.244299
-0.158619 0.142326 0.244259
-0.158541 0.142317 0.244171
-0.158515 0.142393 0.244399
-0.158505 0.142396 0.244389
-0.158509 0.142349 0.244244
-0.158473 0.142431 0.24448
-0.158326 0.142414 0.244311
-0.158368 0.142401 0.2443
-0.158448 0.142382 0.244307
-0.158297 0.14242 0.244315
-0.158378 0.142402 0.244312
-0.158419 0.142391 0.244312
-0.158427 0.142411 0.244382
-0.158412 0.142357 0.244198
-0.158439 0.142369 0.244261
-0.158333 0.14236 0.244142
-0.158403 0.142338 0.244129
-0.158379 0.142397 0.244296
-0.158504 0.142312 0.244132
-0.158435 0.142416 0.2444
-0.158522 0.142525 0.244824
-0.158346 0.142706 0.245267
-0.158394 0.142904 0.245929
-0.158403 0.142823 0.245679
-0.158322 0.142844 0.245682
-0.158443 0.142812 0.245674
-0.158443 0.14281 0.245674
-0.15846 0.142832 0.24576
-0.15854 0.142812 0.245755
-0.158691 0.142772 0.245748
-0.158626 0.142829 0.245881
-0.158641 0.142774 0.245719
-0.158678 0.142799 0.245833
-0.158717 0.14279 0.245828
-0.158707 0.142794 0.245829
-0.158764 0.142822 0.245967
-0.158684 0.142837 0.245954
-0.158685 0.142834 0.245937
-0.158745 0.14281 0.245919
-0.158653 0.142833 0.245918
-0.158682 0.142844 0.245974
-0.158684 0.142824 0.245918
-0.158604 0.142839 0.245896
-0.158654 0.142833 0.245917
-0.158664 0.14283 0.245916
-0.158633 0.142846 0.245939
-0.158634 0.142838 0.245917
-0.158625 0.142831 0.245885
-0.15856 0.142896 0.246043
-0.158631 0.142868 0.246006
-0.158631 0.142868 0.246006
-0.158622 0.142861 0.245972
-0.158617 0.14291 0.246129
-0.158547 0.142923 0.246117
-0.158626 0.142929 0.246195
-0.158686 0.142905 0.246165
-0.158731 0.142849 0.246023
-0.158699 0.142875 0.246086
-0.158809 0.142846 0.24608
-0.158849 0.142841 0.246093
-0.158879 0.14283 0.246076
-0.158896 0.142849 0.24616
-0.158904 0.14276 0.24588
-0.158985 0.142839 0.246195
-0.158906 0.142854 0.246182
-0.158986 0.142827 0.246163
-0.15896 0.14278 0.245992
-0.159129 0.142761 0.24606
-0.159137 0.142785 0.246147
-0.159043 0.142848 0.246267
-0.158997 0.142817 0.246142
-0.158895 0.142848 0.246156
-0.158934 0.142859 0.246226
-0.158974 0.142855 0.246241
-0.158995 0.142822 0.246153
-0.158926 0.142835 0.246137
-0.158915 0.142846 0.246158
-0.158865 0.142858 0.24616
-0.158881 0.142898 0.246304
-0.158865 0.142858 0.24616
-0.159014 0.142846 0.24624
-0.158833 0.142889 0.246235
-0.158935 0.14284 0.246157
-0.158993 0.142848 0.246238
-0.159103 0.142819 0.246234
-0.159124 0.142799 0.246178
-0.159281 0.142809 0.24633
-0.159273 0.142774 0.246222
-0.159263 0.142782 0.246236
-0.159213 0.142792 0.246226
-0.159242 0.142798 0.246266
-0.159214 0.142782 0.246201
-0.159252 0.142778 0.246213
-0.159352 0.14278 0.246307
-0.159324 0.14275 0.246177
-0.159393 0.142759 0.246267
-0.15937 0.142789 0.246335
-0.159371 0.142778 0.246303
-0.159371 0.142778 0.246303
-0.159471 0.142749 0.246298
-0.159471 0.142749 0.246298
-0.159541 0.142733 0.246293
-0.159688 0.142735 0.24642
-0.159589 0.142747 0.246385
-0.159441 0.142757 0.246298
-0.159523 0.142829 0.246591
-0.159485 0.142814 0.246515
-0.159579 0.14276 0.24641
-0.159373 0.142744 0.246201
-0.159471 0.14275 0.246298
-0.159421 0.142763 0.246299
-0.159421 0.142763 0.246299
-0.159478 0.142776 0.246382
-0.159472 0.142742 0.246275
-0.159471 0.142749 0.246298
-0.159398 0.142796 0.246388
-0.159308 0.142818 0.246391
-0.159308 0.142818 0.246391
-0.159307 0.142829 0.246422
-0.159331 0.142783 0.246292
-0.15935 0.142785 0.246307
-0.159387 0.142821 0.246456
-0.159298 0.142823 0.246392
-0.159244 0.142873 0.246516
-0.159148 0.142863 0.246401
-0.159268 0.142828 0.246389
-0.159198 0.14285 0.246399
-0.159218 0.142842 0.246397
-0.159146 0.142878 0.246443
-0.159056 0.142885 0.246404
-0.159107 0.142874 0.246404
-0.159137 0.142866 0.2464
-0.159095 0.142903 0.246489
-0.159085 0.142905 0.246489
-0.159167 0.142843 0.246362
-0.159085 0.142905 0.246489
-0.159056 0.142884 0.246405
-0.159097 0.142881 0.246417
-0.159263 0.142876 0.246538
-0.159265 0.142859 0.246482
-0.159255 0.142862 0.246482
-0.159292 0.142879 0.246575
-0.159247 0.142838 0.246402
-0.159268 0.142807 0.246326
-0.15937 0.142888 0.246658
-0.159392 0.142859 0.246592
-0.159465 0.142813 0.246487
-0.159393 0.142849 0.246559
-0.159383 0.142852 0.24656
-0.159414 0.142829 0.246503
-0.159298 0.14281 0.24635
-0.159355 0.142824 0.24645
-0.159377 0.142801 0.246386
-0.159267 0.142834 0.2464
-0.159274 0.142862 0.246502
-0.159214 0.14287 0.246482
-0.159155 0.142877 0.246453
-0.159262 0.142891 0.24658
-0.159252 0.142887 0.246564
-0.159145 0.142885 0.246469
-0.15907 0.142953 0.246631
-0.15911 0.142937 0.24661
-0.159105 0.142885 0.246443
-0.159142 0.142919 0.246578
-0.159192 0.142904 0.24657
-0.159192 0.142904 0.24657
-0.159233 0.142878 0.246522
-0.159324 0.142841 0.246474
-0.159413 0.142846 0.246559
-0.15932 0.142869 0.246559
-0.159324 0.142848 0.246495
-0.159364 0.14283 0.246473
-0.159412 0.142858 0.246596
-0.159351 0.142862 0.246559
-0.159311 0.142873 0.246561
-0.159393 0.142847 0.246549
-0.159295 0.14283 0.246414
-0.159281 0.142879 0.246561
-0.15934 0.142892 0.246648
-0.159315 0.142839 0.246462
-0.159241 0.142889 0.246565
-0.159311 0.142873 0.246561
-0.159204 0.142857 0.246428
-0.159352 0.142851 0.246523
-0.159463 0.142833 0.246555
-0.159462 0.142831 0.246554
-0.159412 0.142846 0.246556
-0.159462 0.142832 0.246552
-0.159559 0.142846 0.246677
-0.159502 0.142812 0.246524
-0.159527 0.142874 0.246744
-0.15948 0.142851 0.246633
-0.15945 0.142853 0.246618
-0.159513 0.142802 0.246502
-0.159512 0.142818 0.24655
-0.15954 0.142838 0.246637
-0.15954 0.142838 0.246637
-0.15959 0.142829 0.246645
-0.159603 0.142779 0.246488
-0.159659 0.142808 0.246628
-0.159613 0.142785 0.246519
-0.15959 0.142826 0.246633
-0.159562 0.142808 0.246555
-0.159497 0.14287 0.246699
-0.159561 0.142832 0.246637
-0.159477 0.142881 0.246725
-0.159412 0.14284 0.246539
-0.159459 0.142861 0.246638
-0.159349 0.14289 0.246644
-0.159299 0.142902 0.246648
-0.159363 0.142846 0.246521
-0.15945 0.142854 0.246616
-0.159509 0.142847 0.246637
-0.159449 0.142861 0.246639
-0.159349 0.142889 0.246644
-0.159399 0.142874 0.246642
-0.15944 0.142853 0.24661
-0.159427 0.142893 0.246729
-0.159449 0.14286 0.246639
-0.159346 0.142914 0.246731
-0.159411 0.142856 0.246588
-0.159349 0.142888 0.246644
-0.159349 0.142881 0.246624
-0.159349 0.142888 0.246644
-0.159406 0.142924 0.246807
-0.159249 0.142914 0.246652
-0.159318 0.142911 0.24669
-0.159336 0.142927 0.246761
-0.159346 0.142935 0.246799
-0.159346 0.142932 0.246783
-0.159199 0.142916 0.24662
-0.159235 0.142949 0.246752
-0.15919 0.142905 0.246566
-0.159217 0.142944 0.246724
-0.159279 0.142906 0.246648
-0.159349 0.142888 0.246644
-0.159329 0.142892 0.246647
-0.159296 0.142934 0.246741
-0.159316 0.142925 0.246732
-0.159296 0.142931 0.246732
-0.159335 0.142932 0.246777
-0.159256 0.142939 0.246736
-0.159354 0.142944 0.246832
-0.159256 0.142939 0.246736
-0.159321 0.142873 0.246579
-0.159296 0.142931 0.246732
-0.159384 0.142945 0.246854
-0.159389 0.142873 0.246623
-0.159426 0.142894 0.24672
-0.159426 0.142895 0.246726
-0.159476 0.142881 0.246724
-0.159416 0.142898 0.246728
-0.159597 0.142849 0.246716
-0.159597 0.142849 0.246716
-0.159466 0.142885 0.246727
-0.159454 0.142907 0.246791
-0.159495 0.142903 0.24681
-0.159446 0.14289 0.246725
-0.159477 0.142874 0.246704
-0.159496 0.142878 0.246726
-0.159496 0.142876 0.246722
-0.159476 0.142882 0.246724
-0.159564 0.142896 0.24685
-0.159613 0.142879 0.246828
-0.159647 0.142836 0.246712
-0.159627 0.142842 0.246713
-0.159677 0.142828 0.246713
-0.159698 0.142805 0.24666
-0.159648 0.142825 0.246678
-0.159657 0.142832 0.246712
-0.159761 0.14286 0.246883
-0.159727 0.142818 0.246722
-0.159702 0.142865 0.246855
-0.159665 0.142846 0.246756
-0.159553 0.142895 0.246832
-0.15961 0.142817 0.246621
-0.159466 0.142884 0.246725
-0.159546 0.14287 0.246742
-0.159488 0.142961 0.246991
-0.159323 0.142947 0.246818
-0.159512 0.142924 0.246895
-0.159453 0.142913 0.246811
-0.159476 0.142887 0.246739
-0.159465 0.142895 0.246753
-0.159426 0.142896 0.246726
-0.159534 0.142892 0.246807
-0.159534 0.142894 0.246805
-0.159564 0.142884 0.246798
-0.159464 0.142905 0.246787
-0.159514 0.142897 0.246805
-0.159433 0.142929 0.246844
-0.159552 0.142921 0.24691
-0.159581 0.142907 0.246887
-0.159596 0.142855 0.246732
-0.159664 0.142858 0.246798
-0.159623 0.142881 0.24684
-0.159571 0.142917 0.246913
-0.159584 0.142877 0.246803
-0.159543 0.142905 0.246849
-0.159654 0.142862 0.246799
-0.159694 0.142851 0.246797
-0.159744 0.142839 0.246794
-0.159773 0.142829 0.246789
-0.159755 0.142836 0.246794
-0.159679 0.142902 0.246951
-0.159754 0.142838 0.246811
-0.159823 0.142844 0.246877
-0.159774 0.142828 0.24679
-0.159733 0.142839 0.24679
-0.159784 0.142828 0.246794
-0.159734 0.142849 0.24682
-0.159706 0.142816 0.246699
-0.159674 0.142852 0.246792
-0.159654 0.142853 0.246775
-0.159654 0.14286 0.246801
-0.159644 0.142865 0.246801
-0.159634 0.142867 0.246799
-0.159644 0.142865 0.246801
-0.159644 0.142865 0.246801
-0.159684 0.142854 0.246798
-0.159584 0.14288 0.246803
-0.159653 0.142868 0.246823
-0.159622 0.142867 0.246795
-0.159697 0.142825 0.246719
-0.159733 0.142851 0.246832
-0.159756 0.142821 0.246747
-0.15964 0.142908 0.246943
-0.159704 0.142843 0.24678
-0.159744 0.142836 0.246795
-0.159782 0.142844 0.246842
-0.159731 0.142867 0.24688
-0.159681 0.14288 0.246882
-0.159741 0.142872 0.2469
-0.159731 0.142868 0.246886
-0.159703 0.142848 0.246804
-0.15975 0.14288 0.246939
-0.15975 0.142877 0.246925
-0.159791 0.14286 0.246907
-0.159792 0.142852 0.246876
-0.159743 0.142833 0.246788
-0.15975 0.142884 0.246947
-0.159684 0.142834 0.246743
-0.159593 0.142875 0.246801
-0.159593 0.142875 0.246801
-0.159719 0.1429 0.246973
-0.159679 0.142906 0.246968
-0.15968 0.142877 0.24688
-0.159651 0.142885 0.246875
-0.159631 0.142896 0.246894
-0.159692 0.142857 0.246818
-0.159589 0.142918 0.246934
-0.159554 0.142876 0.24677
-0.159668 0.142913 0.246985
-0.159581 0.142907 0.246887
-0.15959 0.14291 0.246902
-0.15964 0.142889 0.246882
-0.159702 0.142876 0.246882
-0.159731 0.142876 0.246903
-0.159523 0.142892 0.246798
-0.159629 0.142913 0.246952
-0.159586 0.142839 0.246678
-0.159579 0.142922 0.246933
-0.15962 0.142896 0.246882
-0.159654 0.142853 0.246771
-0.159563 0.142884 0.246806
-0.159588 0.142925 0.246954
-0.159562 0.142895 0.246835
-0.159643 0.142864 0.246798
-0.159618 0.142928 0.246993
-0.15959 0.1429 0.246882
-0.15968 0.142879 0.246881
-0.159661 0.142887 0.246883
-0.15956 0.142911 0.246886
-0.159531 0.142921 0.246891
-0.159481 0.142931 0.246883
-0.15944 0.142943 0.246895
-0.15946 0.14294 0.246894
-0.159438 0.142972 0.246983
-0.159408 0.14298 0.246984
-0.159403 0.142922 0.246792
-0.159403 0.143036 0.247164
-0.159352 0.142948 0.24684
-0.15941 0.142962 0.246927
-0.159417 0.142989 0.247026
-0.159387 0.142991 0.247013
-0.159237 0.142909 0.246627
-0.159368 0.142988 0.246981
-0.159352 0.142947 0.246836
-0.159399 0.142965 0.246935
-0.159376 0.142885 0.246658
-0.15942 0.142943 0.246877
-0.159347 0.142995 0.246987
-0.159308 0.142999 0.246973
-0.159271 0.142972 0.246848
-0.159368 0.142989 0.246987
-0.159337 0.143003 0.247012
-0.159348 0.142994 0.246988
-0.159318 0.143003 0.246991
-0.159398 0.14298 0.246984
-0.15942 0.14296 0.246937
-0.15939 0.142957 0.246899
-0.15942 0.142947 0.246896
-0.159368 0.142989 0.246985
-0.15931 0.142973 0.246885
-0.159318 0.143003 0.246991
-0.159318 0.143003 0.246991
-0.159287 0.143016 0.247012
-0.159368 0.14299 0.246993
-0.159288 0.143012 0.24699
-0.159298 0.143008 0.246992
-0.159334 0.143038 0.247119
-0.15934 0.142971 0.246898
-0.15942 0.142943 0.246882
-0.159476 0.142984 0.24706
-0.159459 0.142943 0.246909
-0.159427 0.142972 0.246979
-0.159376 0.142998 0.24702
-0.159408 0.142984 0.247004
-0.159407 0.142977 0.246982
-0.159499 0.142954 0.24698
-0.159355 0.143018 0.247072
-0.159319 0.142988 0.246946
-0.159311 0.142952 0.246818
-0.159366 0.142996 0.247004
-0.159427 0.142972 0.24698
-0.159441 0.142931 0.246861
-0.159488 0.14295 0.246957
-0.159497 0.142955 0.246975
-0.159447 0.142971 0.246993
-0.159488 0.142949 0.246948
-0.159428 0.142975 0.246983
-0.159355 0.143027 0.247099
-0.159377 0.142985 0.246983
-0.159434 0.143023 0.247151
-0.159384 0.143033 0.247134
-0.159257 0.143021 0.24699
-0.159448 0.142969 0.246983
-0.159377 0.142985 0.246983
-0.159377 0.142985 0.246983
-0.15935 0.142966 0.246898
-0.159384 0.14302 0.247095
-0.159339 0.142974 0.246908
-0.159276 0.14302 0.247013
-0.159397 0.142982 0.246983
-0.159427 0.142972 0.24698
-0.159377 0.142985 0.246983
-0.159465 0.142992 0.247068
-0.159455 0.142992 0.247064
-0.159408 0.142958 0.246913
-0.159474 0.143002 0.247117
-0.159505 0.142979 0.247065
-0.159527 0.142946 0.246974
-0.159437 0.142971 0.246979
-0.159437 0.142975 0.246992
-0.159427 0.142972 0.24698
-0.159485 0.142984 0.247065
-0.159425 0.143002 0.247068
-0.159315 0.143031 0.247075
-0.159277 0.143012 0.246991
-0.159277 0.143012 0.246991
-0.159287 0.143011 0.246989
-0.159274 0.143051 0.247111
-0.159216 0.143033 0.247009
-0.159205 0.14306 0.247084
-0.159257 0.143019 0.246992
-0.159246 0.143027 0.247012
-0.159207 0.143031 0.246987
-0.159146 0.143046 0.246995
-0.159146 0.143046 0.246995
