0.0526334 -0.00875853 -0.0201514
0.0973966 -0.0193319 -0.0431909
0.154789 -0.0348051 -0.0759215
0.204931 -0.0479763 -0.106004
0.250113 -0.0623459 -0.136024
0.310146 -0.078572 -0.159211
0.371913 -0.0987998 -0.186337
0.427643 -0.121022 -0.218567
0.48098 -0.152013 -0.253367
0.539367 -0.184649 -0.289957
0.597801 -0.210021 -0.314566
0.655112 -0.240902 -0.338523
0.726926 -0.275844 -0.364427
0.78494 -0.304275 -0.379505
0.872526 -0.341243 -0.380872
0.940562 -0.36213 -0.363771
1.00798 -0.377605 -0.338557
1.08777 -0.389434 -0.302526
1.15238 -0.396053 -0.261455
1.22663 -0.400868 -0.205589
1.30278 -0.401725 -0.161821
1.40187 -0.399335 -0.114828
1.47631 -0.388553 -0.0728387
1.54058 -0.370569 -0.0244754
1.61419 -0.351745 0.0149303
1.67801 -0.3343 0.0452547
1.73429 -0.3177 0.0717692
1.80481 -0.294989 0.110975
1.85504 -0.278028 0.144147
1.90366 -0.26677 0.174443
1.9694 -0.244227 0.207161
2.01864 -0.226508 0.233926
2.05964 -0.206876 0.264901
2.10634 -0.18473 0.292448
2.15043 -0.166667 0.317711
2.1949 -0.146949 0.34403
2.23394 -0.127528 0.36913
2.27277 -0.104512 0.392615
2.30537 -0.08394 0.413462
2.339 -0.0630724 0.433768
2.37308 -0.0410532 0.450171
2.40254 -0.0212575 0.468701
2.42834 -0.00463018 0.481682
2.45439 0.0124753 0.494703
2.48596 0.0322671 0.501226
2.5244 0.0511553 0.496372
2.56781 0.0650355 0.474443
2.60459 0.0709365 0.443446
2.65321 0.0751639 0.400637
2.70726 0.079883 0.355746
2.7564 0.0820961 0.314769
2.81095 0.0848621 0.274707
2.87041 0.083052 0.227649
2.92393 0.0768067 0.177239
2.98038 0.0630007 0.117209
3.04417 0.0508009 0.0610693
3.10566 0.0325323 0.00185522
3.17237 0.00606822 -0.0727878
3.22966 -0.0264949 -0.145328
3.28639 -0.0628944 -0.217739
3.34278 -0.103692 -0.287545
3.39676 -0.150527 -0.366941
3.44831 -0.204088 -0.452862
3.49665 -0.26114 -0.540285
3.53558 -0.318072 -0.615206
3.57299 -0.383633 -0.700361
3.60653 -0.452269 -0.780777
3.63336 -0.515254 -0.848671
3.66122 -0.586752 -0.921124
3.68399 -0.655194 -0.979851
3.70083 -0.730763 -1.04947
3.71691 -0.800326 -1.09685
3.73264 -0.869727 -1.13197
3.74889 -0.938329 -1.1602
3.77399 -1.02439 -1.18602
3.79488 -1.09155 -1.20069
3.81266 -1.16006 -1.22121
3.83932 -1.24856 -1.24402
3.86132 -1.33127 -1.26273
3.88576 -1.41158 -1.27993
3.90006 -1.49283 -1.30095
3.91626 -1.58375 -1.32746
3.93817 -1.67657 -1.33414
3.95596 -1.75754 -1.33688
3.97468 -1.85562 -1.34478
3.99833 -1.94823 -1.33822
4.02487 -2.03297 -1.32031
4.04896 -2.12774 -1.31384
4.07769 -2.22603 -1.29878
4.10824 -2.31584 -1.27757
4.13805 -2.41308 -1.2702
4.16742 -2.52351 -1.27575
4.19632 -2.61613 -1.27055
4.2223 -2.7127 -1.27826
4.25572 -2.82761 -1.27746
4.29104 -2.92923 -1.26269
4.32317 -3.03472 -1.25747
4.35586 -3.14168 -1.25266
4.39253 -3.23916 -1.23596
4.431 -3.34419 -1.22953
4.47451 -3.45044 -1.20856
4.52392 -3.5607 -1.18305
4.56582 -3.65737 -1.16589
4.61515 -3.76103 -1.1492
4.6676 -3.86747 -1.13859
4.71553 -3.96791 -1.13068
4.76731 -4.07298 -1.12752
4.81283 -4.17515 -1.12695
4.85097 -4.27672 -1.13575
4.88808 -4.37381 -1.14538
4.92585 -4.47626 -1.15932
4.96183 -4.5786 -1.17736
4.99026 -4.67175 -1.19925
5.01992 -4.76343 -1.21671
5.05539 -4.88903 -1.24236
5.08136 -4.97996 -1.2498
5.10181 -5.06072 -1.25887
5.12748 -5.15179 -1.26931
5.15279 -5.22307 -1.26492
5.17712 -5.29192 -1.2648
5.19907 -5.36907 -1.27102
5.216 -5.43597 -1.28169
5.23366 -5.50931 -1.28625
5.24847 -5.56223 -1.28472
5.25533 -5.60419 -1.28122
5.27599 -5.64356 -1.27649
5.30033 -5.682 -1.26778
5.30784 -5.71526 -1.26308
5.3197 -5.74898 -1.25825
5.33143 -5.78653 -1.24879
5.34469 -5.83177 -1.24233
5.36074 -5.88116 -1.23501
5.37964 -5.92046 -1.22592
5.39809 -5.97114 -1.21165
5.42409 -6.0339 -1.19211
5.45094 -6.07759 -1.16556
5.48237 -6.12916 -1.13293
5.51527 -6.18312 -1.11422
5.54888 -6.22931 -1.0855
5.58909 -6.2844 -1.057
5.63029 -6.34526 -1.02732
5.67155 -6.40036 -1.00087
5.72753 -6.46594 -0.967258
5.78103 -6.52192 -0.932352
5.83293 -6.57829 -0.907008
5.88956 -6.6415 -0.892365
5.94149 -6.69448 -0.872615
5.99738 -6.74312 -0.83996
6.07498 -6.81741 -0.81544
6.12123 -6.87785 -0.827735
6.16953 -6.93898 -0.837344
6.22009 -6.99623 -0.840316
6.27208 -7.06068 -0.856492
6.31905 -7.12625 -0.877148
6.36248 -7.1813 -0.887401
6.44062 -7.27829 -0.88932
6.47853 -7.33252 -0.896574
6.51871 -7.38586 -0.899484
6.57924 -7.45028 -0.880356
6.63336 -7.50496 -0.846743
6.68874 -7.55639 -0.822569
6.74304 -7.60256 -0.793303
6.81347 -7.64833 -0.741
6.88256 -7.68516 -0.684577
6.95402 -7.72201 -0.63376
7.03195 -7.75951 -0.581716
7.10795 -7.78053 -0.512655
7.18023 -7.80348 -0.460168
7.25174 -7.82751 -0.417634
7.33412 -7.8557 -0.387795
7.41297 -7.87657 -0.355512
7.48385 -7.89019 -0.323992
7.56202 -7.90129 -0.279298
7.6398 -7.90315 -0.228336
7.7135 -7.89058 -0.162818
7.7781 -7.87796 -0.097322
7.85115 -7.84478 0.00602738
7.90728 -7.8018 0.125234
7.9502 -7.75854 0.236439
7.99655 -7.70769 0.355887
8.04143 -7.64925 0.47372
8.07421 -7.5888 0.574592
8.1192 -7.5228 0.660902
8.15891 -7.45811 0.73175
8.20427 -7.38267 0.813457
8.25205 -7.32216 0.844729
8.30482 -7.26312 0.855147
8.34974 -7.20484 0.856977
8.40526 -7.15188 0.854644
8.4587 -7.09516 0.839765
8.52066 -7.03965 0.816544
8.58232 -6.98048 0.801511
8.64242 -6.92207 0.792192
8.70253 -6.8684 0.781291
8.76638 -6.81798 0.758008
8.83294 -6.7525 0.75078
8.89194 -6.69661 0.746712
8.95558 -6.6477 0.723275
9.02381 -6.59486 0.701396
9.11875 -6.52112 0.680315
9.18271 -6.47719 0.65881
9.26216 -6.42607 0.636134
9.3357 -6.37063 0.631175
9.39595 -6.32022 0.649958
9.47161 -6.25828 0.654157
9.53615 -6.20569 0.662152
9.59202 -6.1478 0.68747
9.66246 -6.08013 0.701136
9.73509 -6.02069 0.697339
9.80691 -5.96373 0.686383
9.88307 -5.90282 0.678357
9.96932 -5.85331 0.640155
10.0507 -5.80532 0.609954
10.1319 -5.75308 0.595341
10.2233 -5.70189 0.56675
10.3141 -5.65963 0.534715
10.3962 -5.61437 0.52402
10.4915 -5.56959 0.495843
10.5939 -5.53293 0.451942
10.6795 -5.49527 0.440088
10.7716 -5.45475 0.419625
10.8769 -5.41679 0.393505
10.959 -5.38884 0.387828
11.0544 -5.35794 0.376083
11.1562 -5.32836 0.363156
11.2439 -5.29949 0.36076
11.345 -5.26596 0.35828
11.4408 -5.23853 0.342866
11.5334 -5.21299 0.327281
11.6321 -5.18626 0.303974
11.7396 -5.16511 0.270541
11.8353 -5.15286 0.236021
11.927 -5.1452 0.198499
12.032 -5.1338 0.163626
12.1342 -5.1287 0.132614
12.2349 -5.12869 0.0857927
12.3428 -5.13341 0.0430844
12.441 -5.14682 0.00148383
12.5631 -5.18279 -0.0857677
12.6673 -5.20936 -0.137707
12.7671 -5.24401 -0.197715
12.8637 -5.28944 -0.278976
12.959 -5.3352 -0.340991
13.0413 -5.38657 -0.402652
13.1244 -5.44431 -0.461056
13.2081 -5.50882 -0.509205
13.2864 -5.58 -0.559172
13.356 -5.65181 -0.594025
13.4284 -5.72037 -0.631153
13.4998 -5.79553 -0.683247
13.5706 -5.86545 -0.711574
13.6397 -5.93981 -0.748978
13.7007 -6.0252 -0.799447
13.7691 -6.1079 -0.825167
13.8353 -6.18617 -0.850655
13.8955 -6.26807 -0.880615
13.9616 -6.35601 -0.891956
14.0205 -6.4407 -0.908423
14.0739 -6.53632 -0.946853
14.1341 -6.63236 -0.967961
14.1877 -6.73344 -0.99971
14.2314 -6.82822 -1.02933
14.2873 -6.92885 -1.03817
14.3405 -7.032 -1.05403
14.4073 -7.16649 -1.07187
14.4622 -7.26767 -1.07127
14.5108 -7.3656 -1.08043
14.5684 -7.47534 -1.08293
14.6196 -7.58187 -1.09253
14.6696 -7.68862 -1.10381
14.7184 -7.79966 -1.11302
14.765 -7.90241 -1.12073
14.8139 -8.00882 -1.12453
14.8633 -8.11886 -1.13294
14.9143 -8.23449 -1.13872
14.9604 -8.34196 -1.14492
15.0071 -8.44397 -1.14637
15.0567 -8.55204 -1.14365
15.1076 -8.67002 -1.14553
15.1494 -8.78011 -1.15325
15.1959 -8.89162 -1.15776
15.2402 -9.00563 -1.16279
15.2857 -9.1162 -1.16135
15.3278 -9.23244 -1.17047
15.3765 -9.35402 -1.17339
15.4197 -9.46379 -1.17666
15.4667 -9.57821 -1.18359
15.5067 -9.68344 -1.18189
15.5391 -9.78956 -1.19428
15.5807 -9.9159 -1.2048
15.621 -10.0228 -1.21036
15.651 -10.1334 -1.24065
15.6908 -10.253 -1.25254
15.7161 -10.3476 -1.26584
15.7441 -10.4597 -1.29088
15.7783 -10.5788 -1.30316
15.8057 -10.6815 -1.31155
15.825 -10.7833 -1.32784
15.8551 -10.8901 -1.31611
15.8802 -10.9985 -1.32182
15.9052 -11.1066 -1.32612
15.9374 -11.2157 -1.31415
15.9585 -11.3171 -1.31998
15.9831 -11.4301 -1.31829
16.0139 -11.5288 -1.29739
16.0373 -11.6292 -1.30492
16.0668 -11.7396 -1.30442
16.0993 -11.8328 -1.29052
16.1222 -11.9365 -1.30105
16.1488 -12.0378 -1.29958
16.1765 -12.1291 -1.29136
16.2026 -12.2251 -1.29643
16.226 -12.3227 -1.30274
16.2595 -12.4231 -1.28906
16.2856 -12.5009 -1.27604
16.3161 -12.592 -1.26358
16.3556 -12.6811 -1.23413
16.3908 -12.7605 -1.20985
16.4257 -12.8475 -1.19963
16.4695 -12.9438 -1.18512
16.5075 -13.0253 -1.1786
16.5437 -13.108 -1.17477
16.5852 -13.2057 -1.16609
16.6289 -13.2919 -1.15351
16.6727 -13.3725 -1.14667
16.7123 -13.4651 -1.14881
16.7508 -13.5635 -1.15442
16.782 -13.6517 -1.16975
16.812 -13.7484 -1.18874
16.8496 -13.8498 -1.1988
16.8809 -13.9487 -1.20812
16.9077 -14.046 -1.23091
16.936 -14.1382 -1.24173
16.9616 -14.2333 -1.25755
16.9792 -14.3229 -1.27775
17.0048 -14.4268 -1.29137
17.0262 -14.5068 -1.29689
17.0369 -14.5864 -1.3211
17.0536 -14.6835 -1.34001
17.0689 -14.7626 -1.34783
17.0834 -14.8456 -1.35756
17.0899 -14.9282 -1.38284
17.0995 -15.005 -1.39361
17.1109 -15.0745 -1.39666
17.1192 -15.1511 -1.40764
17.1257 -15.2319 -1.42531
17.1286 -15.2986 -1.44317
17.1369 -15.3689 -1.4476
17.1456 -15.4401 -1.44827
17.1523 -15.5175 -1.45243
17.159 -15.5906 -1.45324
17.1721 -15.6579 -1.43769
17.1911 -15.7352 -1.40967
17.2025 -15.8066 -1.39807
17.212 -15.8738 -1.39305
17.2275 -15.9588 -1.38917
17.2487 -16.0315 -1.36764
17.2607 -16.1046 -1.37058
17.2746 -16.1872 -1.37433
17.2837 -16.2725 -1.38949
17.2978 -16.3567 -1.39404
17.2989 -16.4365 -1.41945
17.2958 -16.5269 -1.46038
17.2974 -16.6147 -1.48201
17.2961 -16.698 -1.50163
17.2863 -16.7868 -1.53978
17.2765 -16.8729 -1.57127
17.2672 -16.9592 -1.59498
17.2497 -17.0472 -1.62917
17.2239 -17.1367 -1.68083
17.1956 -17.2187 -1.72963
17.1548 -17.3091 -1.79583
17.1095 -17.3911 -1.86977
17.0557 -17.4634 -1.94541
16.9714 -17.5577 -2.05807
16.8796 -17.6474 -2.16771
16.8143 -17.7049 -2.22809
16.7396 -17.7526 -2.30267
16.6643 -17.8023 -2.36576
16.5867 -17.849 -2.42077
16.5041 -17.8908 -2.47653
16.4218 -17.9327 -2.52981
16.3166 -17.9817 -2.57809
16.2371 -18.0214 -2.60586
16.1519 -18.0658 -2.62155
16.0696 -18.1073 -2.63687
15.9848 -18.1399 -2.6638
15.8949 -18.1763 -2.68793
15.81 -18.2089 -2.70726
15.7181 -18.2385 -2.73874
15.6204 -18.2723 -2.7605
15.5254 -18.3049 -2.76571
15.4332 -18.3283 -2.78573
15.3356 -18.3545 -2.80655
15.2368 -18.3883 -2.80031
15.1365 -18.4211 -2.80074
15.0439 -18.4535 -2.8073
14.951 -18.4956 -2.78727
14.8575 -18.5381 -2.76665
14.7612 -18.5736 -2.76673
14.6662 -18.6207 -2.74294
14.5796 -18.6636 -2.72961
14.491 -18.7042 -2.72522
14.3874 -18.7589 -2.70057
14.3029 -18.8059 -2.68089
14.2092 -18.8468 -2.68676
14.1083 -18.9007 -2.6762
14.0255 -18.9412 -2.67855
13.9335 -18.9802 -2.69253
13.8343 -19.0252 -2.69772
13.7132 -19.0764 -2.71527
13.613 -19.1091 -2.74898
13.5179 -19.1427 -2.76088
13.4273 -19.1704 -2.78692
13.3252 -19.1907 -2.8276
13.2323 -19.2135 -2.84178
13.1303 -19.2295 -2.87809
13.0315 -19.231 -2.93205
12.9367 -19.2341 -2.9721
12.842 -19.233 -3.01016
12.7406 -19.2178 -3.07488
12.6384 -19.2054 -3.13045
12.5426 -19.187 3.10052
12.4429 -19.1542 3.02178
12.3484 -19.1221 2.9617
12.2603 -19.0811 2.89125
12.1623 -19.0345 2.82843
12.0778 -18.988 2.77771
11.9982 -18.9293 2.70939
11.9218 -18.8666 2.64787
11.8492 -18.8064 2.59895
11.7856 -18.7345 2.53558
11.7239 -18.6595 2.46909
11.6654 -18.5809 2.41221
11.617 -18.503 2.34842
11.5647 -18.4202 2.29116
11.5165 -18.3358 2.24577
11.471 -18.256 2.20352
11.4241 -18.1715 2.17438
11.3783 -18.0958 2.15404
11.3349 -18.0133 2.12442
11.2916 -17.9255 2.09651
11.2468 -17.8482 2.08695
11.204 -17.76 2.06031
11.1676 -17.6736 2.02769
11.1241 -17.5871 2.01889
11.0803 -17.4978 2.00985
11.0507 -17.4054 1.97378
11.0113 -17.3085 1.96167
10.9755 -17.2215 1.95195
10.9474 -17.1285 1.92743
10.9101 -17.0366 1.91919
10.8706 -16.9482 1.93178
10.841 -16.8491 1.91333
10.8053 -16.7513 1.89968
10.7704 -16.6622 1.90963
10.7366 -16.5638 1.89468
10.7056 -16.4591 1.88809
10.6595 -16.3647 1.90676
10.6297 -16.2632 1.89679
10.5966 -16.1649 1.89452
10.5601 -16.0635 1.90964
10.5246 -15.963 1.9075
10.4914 -15.8579 1.91208
10.445 -15.7616 1.94134
10.4106 -15.6548 1.93743
10.3612 -15.5507 1.95016
10.3137 -15.4519 1.97647
10.2721 -15.3508 1.97498
10.2189 -15.252 2.00223
10.1599 -15.1557 2.02892
10.1064 -15.0545 2.03352
10.044 -14.9535 2.05895
9.98063 -14.8546 2.07585
9.92546 -14.7571 2.07662
9.85699 -14.6607 2.10614
9.79368 -14.5503 2.10468
9.73025 -14.4502 2.10726
9.66291 -14.358 2.11971
9.5965 -14.2558 2.11801
9.52082 -14.1581 2.1438
9.45443 -14.0658 2.15197
9.37888 -13.9608 2.16223
9.30468 -13.8703 2.18193
9.23974 -13.782 2.18981
9.15204 -13.6837 2.21613
9.04933 -13.5676 2.24429
8.96328 -13.4763 2.26194
8.87474 -13.3899 2.28596
8.79876 -13.3147 2.30358
8.70854 -13.2306 2.32541
8.62896 -13.1499 2.33899
8.53668 -13.0585 2.34991
8.46501 -12.9858 2.34842
8.38006 -12.9094 2.35857
8.29117 -12.8301 2.36651
8.21816 -12.7592 2.374
8.13197 -12.6741 2.38515
8.0506 -12.598 2.38925
7.97674 -12.5262 2.39106
7.89908 -12.4564 2.40194
7.82196 -12.3801 2.39817
7.74781 -12.3009 2.38169
7.68301 -12.2186 2.35031
7.61649 -12.1339 2.31001
7.56063 -12.0403 2.26116
7.5143 -11.959 2.21074
7.46001 -11.8691 2.16368
7.41205 -11.7846 2.12745
7.37466 -11.6932 2.07861
7.33362 -11.5956 2.03823
7.29913 -11.5144 2.02732
7.27766 -11.4193 1.97961
7.24964 -11.3243 1.90715
7.22266 -11.2226 1.88645
7.21044 -11.1301 1.84496
7.20241 -11.0354 1.79727
7.18743 -10.94 1.76695
7.16945 -10.8396 1.76156
7.1564 -10.7367 1.73846
7.13482 -10.6148 1.74183
7.11138 -10.5131 1.75827
7.09111 -10.4061 1.7692
7.06372 -10.3119 1.7956
7.03016 -10.2098 1.83191
7.00081 -10.1128 1.85515
6.95912 -10.0174 1.89727
6.91585 -9.922 1.92903
6.87836 -9.81932 1.93796
6.83817 -9.72235 1.95588
6.79539 -9.62756 1.95599
6.76916 -9.51764 1.91746
6.74403 -9.4128 1.8813
6.73645 -9.29865 1.81538
6.73968 -9.18271 1.72254
6.75802 -9.07494 1.63415
6.7893 -8.9632 1.53215
6.82889 -8.85388 1.43423
6.88005 -8.75896 1.33015
6.93844 -8.66404 1.22563
6.99986 -8.57847 1.14445
7.07554 -8.49856 1.03705
7.15005 -8.42713 0.947282
7.23523 -8.36195 0.868943
7.31202 -8.30962 0.793316
7.39368 -8.25932 0.725252
7.47579 -8.20992 0.67054
7.54166 -8.16328 0.666777
7.59673 -8.10416 0.703832
7.64209 -8.04616 0.739429
7.68819 -7.98616 0.766276
7.73537 -7.92517 0.794879
7.77298 -7.86961 0.828239
7.81408 -7.80843 0.858834
7.84935 -7.7531 0.885836
7.88253 -7.69396 0.913952
7.91569 -7.63623 0.93875
7.95242 -7.57989 0.951084
7.99519 -7.52241 0.95499
8.03618 -7.46632 0.954483
8.08937 -7.40302 0.94108
8.14153 -7.35035 0.915134
8.19358 -7.30009 0.887265
8.25481 -7.24578 0.855803
8.31456 -7.19355 0.821367
8.37533 -7.14036 0.791222
8.43955 -7.08935 0.765798
8.50627 -7.04099 0.735669
8.60771 -6.97025 0.693753
8.67594 -6.91819 0.678124
8.74935 -6.87028 0.660199
8.82303 -6.82578 0.631113
8.89848 -6.77516 0.616875
8.97366 -6.71984 0.610219
9.05351 -6.67081 0.585565
9.13258 -6.62344 0.562395
9.21014 -6.56982 0.5614
9.2923 -6.52002 0.549354
9.379 -6.47073 0.534324
9.46041 -6.41383 0.543811
9.54275 -6.35876 0.551087
9.62602 -6.31029 0.542062
9.71064 -6.25821 0.540268
9.79204 -6.20285 0.548822
9.88004 -6.15545 0.531902
9.96721 -6.1012 0.52856
10.0553 -6.04406 0.537652
10.1407 -5.99918 0.524807
10.2285 -5.95173 0.513699
10.3112 -5.89461 0.521643
10.4001 -5.84587 0.511869
10.491 -5.80777 0.481363
10.5795 -5.759 0.482628
10.6707 -5.71898 0.466172
10.7726 -5.68375 0.432489
10.8611 -5.64666 0.420563
10.9557 -5.61045 0.402163
11.053 -5.58239 0.368648
11.1447 -5.55031 0.35613
11.2394 -5.51683 0.342642
11.3418 -5.49087 0.308784
11.4364 -5.46893 0.283034
11.5302 -5.44698 0.261227
11.6389 -5.42845 0.235371
11.7393 -5.40964 0.212464
11.8386 -5.39493 0.19248
11.9447 -5.3832 0.165753
12.0435 -5.3743 0.141195
12.1407 -5.37309 0.109479
12.2531 -5.37007 0.0806904
12.3556 -5.37013 0.0524546
12.4519 -5.38212 0.0092766
12.5614 -5.40114 -0.0467799
12.6616 -5.41406 -0.0822103
12.7593 -5.44348 -0.13967
12.8639 -5.47733 -0.191883
12.9598 -5.50707 -0.224746
13.0551 -5.55658 -0.28477
13.1786 -5.61883 -0.354872
13.2714 -5.66842 -0.39803
13.3537 -5.72459 -0.453934
13.4333 -5.78392 -0.495238
13.5169 -5.85051 -0.534965
13.5955 -5.91427 -0.582015
13.6659 -5.97729 -0.621633
13.7416 -6.05373 -0.670903
13.8122 -6.12421 -0.70411
13.8758 -6.19376 -0.7346
13.9394 -6.27608 -0.777991
14.0032 -6.36055 -0.813417
14.0647 -6.4385 -0.83578
14.1156 -6.51882 -0.878081
14.1723 -6.60642 -0.913304
14.2288 -6.68886 -0.93149
14.2723 -6.78078 -0.969005
14.3199 -6.8779 -1.00605
14.3679 -6.96784 -1.0181
14.4082 -7.06194 -1.04434
14.4494 -7.15492 -1.06875
14.4961 -7.24632 -1.06717
14.5383 -7.34518 -1.08679
14.578 -7.45046 -1.11163
14.6166 -7.54201 -1.12084
14.6573 -7.63849 -1.13825
14.696 -7.74158 -1.15453
14.7358 -7.83284 -1.15833
14.7838 -7.95347 -1.17136
14.8199 -8.0404 -1.1836
14.8566 -8.1321 -1.18758
14.9035 -8.24528 -1.19185
14.9397 -8.34399 -1.19828
14.9825 -8.44938 -1.20021
15.0222 -8.56477 -1.21136
15.0605 -8.66594 -1.21737
15.1013 -8.77239 -1.22307
15.1412 -8.88191 -1.23098
15.1799 -8.98908 -1.23393
15.2225 -9.10844 -1.24032
15.2537 -9.21374 -1.24956
15.2835 -9.31757 -1.25902
15.3158 -9.43407 -1.2711
15.3476 -9.54245 -1.2826
15.3817 -9.6695 -1.29782
15.4079 -9.77566 -1.30691
15.4321 -9.8842 -1.31799
15.4584 -9.99431 -1.32583
15.4887 -10.1021 -1.32565
15.5168 -10.2203 -1.3274
15.5417 -10.325 -1.33024
15.5664 -10.4307 -1.33215
15.5837 -10.5284 -1.34554
15.6037 -10.6447 -1.36418
15.6225 -10.7474 -1.3735
15.6276 -10.8461 -1.40111
15.6389 -10.9725 -1.42273
15.6499 -11.0723 -1.43344
15.6537 -11.1768 -1.45573
15.6631 -11.2918 -1.46588
15.6751 -11.3999 -1.46718
15.6766 -11.5039 -1.4942
15.6837 -11.6259 -1.50274
15.6906 -11.7336 -1.50634
15.6942 -11.8344 -1.5171
15.7133 -11.9507 -1.49169
15.737 -12.0618 -1.45726
15.7606 -12.1699 -1.42274
15.7957 -12.2744 -1.35941
15.8461 -12.3714 -1.28239
15.9022 -12.4626 -1.20715
15.976 -12.5564 -1.11012
16.0524 -12.6335 -1.00789
16.1403 -12.695 -0.887699
16.2332 -12.7516 -0.78314
16.335 -12.78 -0.653466
16.4388 -12.8032 -0.522047
16.5432 -12.8149 -0.377127
16.6508 -12.8022 -0.224419
16.7443 -12.7711 -0.0640273
16.8396 -12.7169 0.124604
16.9132 -12.6518 0.28465
16.9697 -12.5593 0.473098
17.0282 -12.4721 0.656633
17.0538 -12.382 0.824862
17.0573 -12.2782 0.992841
17.0525 -12.1743 1.13681
17.0405 -12.0832 1.29009
17.0233 -11.9945 1.40273
16.9998 -11.9035 1.52757
16.9733 -11.8161 1.63405
16.9369 -11.733 1.73081
16.8932 -11.6493 1.82552
16.8574 -11.5656 1.89404
16.8139 -11.4824 1.95675
16.7616 -11.4048 2.01377
16.6941 -11.2967 2.04766
16.6374 -11.2046 2.06943
16.5836 -11.1225 2.08757
16.531 -11.0273 2.08014
16.4854 -10.9372 2.07391
16.4319 -10.8467 2.08113
16.385 -10.7523 2.06167
16.3355 -10.6574 2.05522
16.2829 -10.5672 2.05973
16.2349 -10.4554 2.03866
16.1933 -10.3643 2.02413
16.1444 -10.2806 2.02906
16.0984 -10.1755 2.00467
16.0569 -10.0796 1.99723
16.0108 -9.98313 1.99722
15.9754 -9.89237 1.98032
15.9439 -9.80583 1.96834
15.8939 -9.71043 1.98214
15.8546 -9.61738 1.98025
15.8116 -9.52214 1.98013
15.7633 -9.43516 2.00512
15.7223 -9.3385 2.00831
15.6814 -9.23781 1.99662
15.6283 -9.13548 2.0031
15.5861 -9.04118 1.99085
15.5428 -8.94181 1.97517
15.4766 -8.80558 1.98166
15.4409 -8.70401 1.95896
15.3934 -8.59452 1.95823
15.3417 -8.48696 1.96461
15.3064 -8.38125 1.94395
15.254 -8.27043 1.96034
15.2015 -8.13037 1.9451
15.1724 -8.02877 1.92053
15.1289 -7.91538 1.92047
15.099 -7.80671 1.89411
15.0609 -7.70098 1.89656
15.0247 -7.60221 1.90371
14.9873 -7.48495 1.89874
14.95 -7.38789 1.91797
14.911 -7.30431 1.93956
14.8652 -7.18591 1.94811
14.8178 -7.09473 1.979
14.7692 -7.00017 1.9995
14.7212 -6.89585 1.99457
14.6697 -6.80694 2.01968
14.6154 -6.69707 2.02736
14.5647 -6.60376 2.02802
14.482 -6.4879 2.07263
14.4286 -6.39002 2.07211
14.3661 -6.29558 2.09297
14.3053 -6.20964 2.11493
14.2384 -6.10947 2.1115
14.1704 -6.02113 2.13467
14.1057 -5.93721 2.15134
14.0389 -5.83826 2.15192
13.965 -5.74641 2.17262
13.8938 -5.65952 2.18804
13.8186 -5.56626 2.20619
13.7373 -5.48389 2.24804
13.6608 -5.40253 2.27431
13.57 -5.31812 2.31685
13.4809 -5.23894 2.35611
13.3859 -5.16759 2.40379
13.2815 -5.09855 2.4495
13.1456 -5.0283 2.52455
13.0333 -4.96545 2.57381
12.9222 -4.91957 2.63409
12.7894 -4.88297 2.71187
12.6739 -4.85385 2.76769
12.554 -4.84605 2.85579
12.4148 -4.82381 2.91807
12.2834 -4.82659 3.00204
12.1563 -4.82978 3.07078
12.0225 -4.84694 -3.1366
11.8969 -4.86911 -3.06884
11.7705 -4.90503 -2.99567
11.6317 -4.93415 -2.94721
11.515 -4.98418 -2.87704
11.3849 -5.02848 -2.83475
11.268 -5.07841 -2.7805
11.1673 -5.14592 -2.71363
11.0404 -5.20602 -2.68263
10.9401 -5.27372 -2.63586
10.8168 -5.33294 -2.63745
10.7064 -5.39166 -2.63002
10.5947 -5.4454 -2.64077
10.4746 -5.49764 -2.66364
10.3619 -5.55827 -2.66538
10.2516 -5.60936 -2.69037
10.1364 -5.6662 -2.68591
10.0331 -5.71809 -2.68828
9.92288 -5.76191 -2.69516
9.81538 -5.82615 -2.66761
9.70776 -5.87877 -2.67107
9.60658 -5.93331 -2.6584
9.50336 -5.98947 -2.6478
9.40161 -6.03036 -2.66604
9.29811 -6.07494 -2.67228
9.1918 -6.11358 -2.68993
9.08612 -6.14326 -2.73233
8.97894 -6.17913 -2.75439
8.87567 -6.20401 -2.79661
8.77585 -6.21668 -2.85285
8.66462 -6.2328 -2.8939
8.55902 -6.23899 -2.94901
8.45497 -6.23542 -3.01052
8.35553 -6.23683 -3.05201
8.25512 -6.22962 -3.0973
8.1606 -6.21506 -3.14045
8.07117 -6.20487 3.11722
7.97488 -6.20076 3.10747
7.87973 -6.19899 3.10766
7.79694 -6.20225 3.12128
7.71474 -6.21832 -3.11799
7.59453 -6.24121 -3.06057
7.51542 -6.25958 -3.01534
7.42958 -6.28412 -2.97045
7.34046 -6.30372 -2.94679
7.2599 -6.31615 -2.93764
7.17525 -6.34474 -2.91278
7.0973 -6.39345 -2.83365
7.02822 -6.43933 -2.7151
6.96956 -6.49741 -2.66241
6.91921 -6.56116 -2.58072
6.86546 -6.62388 -2.51699
6.80413 -6.68641 -2.47289
6.74133 -6.75426 -2.42465
6.67518 -6.82913 -2.37736
6.62768 -6.8967 -2.33079
6.58449 -6.97702 -2.26516
6.53435 -7.06581 -2.20938
6.49872 -7.15489 -2.13901
6.47499 -7.25008 -2.04489
6.45282 -7.34693 -1.9623
6.4439 -7.44748 -1.88177
6.44768 -7.55404 -1.78661
6.44794 -7.65576 -1.71498
6.45162 -7.76112 -1.65233
6.45962 -7.87142 -1.60746
6.47113 -7.97756 -1.56423
6.48545 -8.07817 -1.52879
6.49286 -8.18769 -1.51471
6.51083 -8.30012 -1.48329
6.52418 -8.40917 -1.47606
6.53225 -8.52288 -1.48634
6.54797 -8.62845 -1.4803
6.5576 -8.73888 -1.4851
6.56491 -8.85181 -1.49161
6.58234 -8.95733 -1.47266
6.59534 -9.07587 -1.47188
6.61012 -9.18169 -1.46341
6.63398 -9.28464 -1.43608
6.65054 -9.39743 -1.42773
6.67417 -9.50521 -1.40252
6.71346 -9.60401 -1.34433
6.73797 -9.71123 -1.32817
6.77463 -9.81646 -1.28815
6.81046 -9.90392 -1.25554
6.84334 -10.0114 -1.24796
6.88276 -10.1194 -1.22633
6.92016 -10.2221 -1.21597
6.94426 -10.3227 -1.2353
6.97963 -10.4243 -1.22902
7.00975 -10.5295 -1.23931
7.03977 -10.6352 -1.24958
7.07711 -10.7349 -1.23841
7.11313 -10.8356 -1.22561
7.14297 -10.9321 -1.2225
7.18596 -11.0231 -1.19295
7.22654 -11.1185 -1.17881
7.27006 -11.2163 -1.16458
7.31739 -11.3065 -1.13884
7.36445 -11.3958 -1.12225
7.40912 -11.4885 -1.11642
7.45922 -11.5826 -1.0982
7.5069 -11.6688 -1.08326
7.56013 -11.7622 -1.06882
7.62303 -11.8567 -1.04036
7.67587 -11.9317 -1.01644
7.73636 -12.0168 -0.992051
7.80296 -12.1117 -0.971598
7.86424 -12.1911 -0.952724
7.93829 -12.2839 -0.927374
8.0004 -12.3663 -0.91977
8.06792 -12.4446 -0.902831
8.1404 -12.5396 -0.902369
8.20321 -12.6276 -0.910824
8.26583 -12.7087 -0.911412
8.33136 -12.808 -0.930203
8.38621 -12.8983 -0.955491
8.43323 -12.9821 -0.979691
8.49091 -13.0974 -1.01906
8.54113 -13.1971 -1.05197
8.57924 -13.2914 -1.0815
8.62779 -13.4051 -1.10715
8.66694 -13.5065 -1.13147
8.70051 -13.6122 -1.16582
8.74047 -13.7247 -1.18393
8.77563 -13.8193 -1.20445
8.81226 -13.9354 -1.232
8.86881 -14.0737 -1.22469
8.89555 -14.1719 -1.24747
8.93999 -14.2828 -1.24548
8.98173 -14.3823 -1.2386
9.01595 -14.5036 -1.24935
9.0579 -14.6044 -1.23276
9.09359 -14.7112 -1.23453
9.13282 -14.8268 -1.23665
9.17777 -14.9302 -1.22254
9.21307 -15.0353 -1.22535
9.25617 -15.138 -1.2145
9.30133 -15.2481 -1.2022
9.34041 -15.3648 -1.20653
9.38652 -15.4717 -1.20082
9.42191 -15.5592 -1.19556
9.4627 -15.6752 -1.20878
9.49967 -15.774 -1.19695
9.5354 -15.8763 -1.19966
9.57639 -15.9855 -1.20356
9.61793 -16.0867 -1.18488
9.65674 -16.1846 -1.18795
9.70016 -16.2906 -1.18097
9.74921 -16.3927 -1.16664
9.79347 -16.4911 -1.17289
9.84182 -16.6008 -1.17509
9.88689 -16.6993 -1.1672
9.92859 -16.8005 -1.17313
9.98131 -16.9086 -1.16236
10.023 -17.0046 -1.16419
10.0676 -17.1141 -1.17607
10.1123 -17.2152 -1.17983
10.1519 -17.3267 -1.19822
10.1884 -17.4325 -1.21263
10.2299 -17.5384 -1.21065
10.2679 -17.6513 -1.22396
10.3051 -17.7605 -1.23489
10.3441 -17.8682 -1.23181
10.3746 -17.9793 -1.25054
10.4145 -18.0837 -1.24107
10.4519 -18.1874 -1.23579
10.4927 -18.299 -1.2419
10.5435 -18.4096 -1.20805
10.5887 -18.5087 -1.18921
10.6482 -18.6138 -1.15316
10.7092 -18.7051 -1.1006
10.7734 -18.7906 -1.04948
10.8862 -18.9141 -0.957927
10.9697 -18.993 -0.884235
11.0593 -19.059 -0.802504
11.1954 -19.1526 -0.714176
11.2993 -19.2047 -0.633877
11.4047 -19.2635 -0.590753
11.513 -19.3052 -0.530204
11.6367 -19.3513 -0.467436
11.746 -19.3874 -0.426043
11.8574 -19.4127 -0.361989
11.9797 -19.4373 -0.311939
12.0995 -19.4512 -0.257662
12.221 -19.4589 -0.203793
12.3427 -19.4563 -0.141751
12.4562 -19.4609 -0.0982834
12.5699 -19.4553 -0.0430276
12.6961 -19.4322 0.0159585
12.8212 -19.4323 0.0404499
12.9386 -19.4052 0.0931891
13.0517 -19.3935 0.103331
13.1713 -19.3709 0.131511
13.2973 -19.3469 0.15719
13.4174 -19.3307 0.157547
13.5378 -19.3018 0.181396
13.6478 -19.2794 0.182836
13.7673 -19.2592 0.191476
13.894 -19.223 0.203707
14.0163 -19.2068 0.193523
14.1389 -19.1801 0.198177
14.253 -19.1617 0.190759
14.374 -19.1426 0.175263
14.4944 -19.1134 0.1897
14.6167 -19.0964 0.177573
14.7335 -19.0741 0.18224
14.8489 -19.0457 0.200978
14.9599 -19.032 0.189338
15.0822 -18.9982 0.211316
15.1948 -18.9762 0.212017
15.2981 -18.9531 0.216677
15.422 -18.9149 0.240279
15.5294 -18.8881 0.239347
15.6269 -18.8533 0.267928
15.7397 -18.8127 0.303338
15.844 -18.7698 0.331442
15.9508 -18.7224 0.365134
16.0488 -18.6773 0.389277
16.1638 -18.6189 0.41497
16.258 -18.564 0.438945
16.3463 -18.5068 0.463395
16.4649 -18.4361 0.486613
16.5547 -18.3756 0.501208
16.6486 -18.2991 0.540045
16.743 -18.2257 0.568568
16.8272 -18.1624 0.597194
16.9231 -18.0802 0.633443
17.0148 -18.0038 0.647189
17.1043 -17.9152 0.68314
17.1808 -17.8237 0.732848
17.2565 -17.7338 0.772374
17.3423 -17.59 0.873516
17.4026 -17.4845 0.92421
17.4531 -17.3688 1.00403
17.4992 -17.2498 1.07567
17.5359 -17.1373 1.12849
17.5723 -17.0182 1.18163
17.6131 -16.8968 1.2259
17.6462 -16.7751 1.25314
17.673 -16.6479 1.29027
17.6923 -16.5278 1.33242
17.7128 -16.4038 1.36162
17.7146 -16.2782 1.43206
17.7179 -16.1568 1.47466
17.7155 -16.0348 1.52352
17.6968 -15.917 1.58655
17.682 -15.798 1.62716
17.6499 -15.6802 1.69295
17.6177 -15.569 1.74378
17.5862 -15.4559 1.78707
17.5472 -15.3404 1.83411
17.5079 -15.238 1.87048
17.4626 -15.1344 1.90652
17.4173 -15.0288 1.92992
17.3717 -14.9331 1.95909
17.3222 -14.825 1.97256
17.2792 -14.7265 1.9769
17.2333 -14.6324 1.99125
17.1878 -14.5303 1.9945
17.1445 -14.4309 1.99575
17.1009 -14.3389 2.00796
17.0392 -14.2046 2.00503
16.9907 -14.1042 2.00389
16.9449 -14.0154 2.0094
16.9052 -13.9123 1.99674
16.8601 -13.8096 1.99482
16.8137 -13.7098 1.99923
16.7759 -13.6055 1.97779
16.7327 -13.5151 1.97867
16.6862 -13.4145 1.97505
16.6464 -13.3156 1.96265
16.6136 -13.2283 1.9598
16.5693 -13.1244 1.95538
16.5385 -13.0284 1.93863
16.5066 -12.9444 1.93471
16.4725 -12.85 1.9311
16.441 -12.7598 1.92285
16.4039 -12.6453 1.91707
16.3781 -12.5671 1.91192
16.3494 -12.481 1.90234
16.3226 -12.3987 1.89351
16.2992 -12.3264 1.89077
16.2727 -12.247 1.88582
16.2488 -12.1698 1.87886
16.227 -12.1001 1.87307
16.2087 -12.0353 1.86988
16.1887 -11.9605 1.86356
16.168 -11.8885 1.85709
16.1412 -11.7798 1.84508
16.1238 -11.7168 1.83935
16.1058 -11.6537 1.83553
16.0884 -11.5836 1.83172
16.074 -11.5237 1.8279
16.0543 -11.4438 1.82164
16.0414 -11.3851 1.81585
16.0292 -11.3291 1.81047
16.0175 -11.2727 1.80414
16.002 -11.2011 1.7976
15.9902 -11.1366 1.79436
15.9788 -11.072 1.78807
15.9637 -11.0015 1.78391
15.9466 -10.928 1.78151
15.9301 -10.8543 1.78168
15.9124 -10.7765 1.77824
15.8973 -10.694 1.77384
15.8804 -10.6116 1.7729
15.8629 -10.5242 1.7682
15.8451 -10.4305 1.75933
15.8261 -10.3338 1.75307
15.8071 -10.2352 1.74956
15.793 -10.1371 1.7317
15.7762 -10.0321 1.71869
15.7574 -9.9267 1.71765
15.7463 -9.81721 1.69837
15.7283 -9.70757 1.69894
15.7078 -9.59664 1.70438
15.6967 -9.48841 1.69617
15.6781 -9.37193 1.70267
15.6565 -9.25493 1.71313
15.6413 -9.13809 1.70699
15.6128 -9.0137 1.72939
15.5933 -8.8966 1.73053
15.5698 -8.77558 1.73988
15.5349 -8.61736 1.7618
15.5085 -8.49601 1.77795
15.4749 -8.37285 1.80098
15.4471 -8.26059 1.81631
15.4121 -8.14074 1.83946
15.3752 -8.03041 1.8584
15.3395 -7.91814 1.88012
15.302 -7.80944 1.90134
15.264 -7.70733 1.92006
15.222 -7.59615 1.93212
15.1849 -7.49687 1.93601
15.1397 -7.39233 1.94826
15.0973 -7.28828 1.95136
15.0538 -7.18587 1.95525
15.0049 -7.08489 1.96739
14.9443 -6.9456 1.97265
14.895 -6.84568 1.98494
14.8438 -6.74283 1.99328
14.7914 -6.63308 1.99198
14.7382 -6.53563 2.00305
14.6867 -6.43146 2.0012
14.632 -6.32267 2.00557
14.5765 -6.22442 2.02169
14.5242 -6.12274 2.0267
14.4619 -6.01557 2.0471
14.401 -5.91358 2.06506
14.3425 -5.81286 2.07241
14.2686 -5.70919 2.10998
14.1769 -5.58121 2.13493
14.0978 -5.49336 2.18135
14.0189 -5.39687 2.21686
13.9396 -5.30043 2.24142
13.8513 -5.22479 2.30431
13.7632 -5.14534 2.33982
13.6633 -5.07265 2.39916
13.5668 -5.0094 2.44877
13.4666 -4.94352 2.48643
13.3515 -4.882 2.53811
13.2506 -4.8242 2.57221
13.1444 -4.77222 2.61136
13.0271 -4.72281 2.65228
12.916 -4.68508 2.69559
12.8053 -4.64896 2.73113
12.6817 -4.61411 2.77319
12.5665 -4.58779 2.82264
12.4544 -4.55996 2.85908
12.328 -4.54707 2.92363
12.2055 -4.52964 2.96075
12.0908 -4.52738 3.00542
11.9508 -4.53464 3.07575
11.8438 -4.53741 3.11072
11.7354 -4.56253 -3.09733
11.5941 -4.58452 -3.03901
11.4849 -4.61335 -2.98465
11.3783 -4.64445 -2.92729
11.2588 -4.68713 -2.86963
11.1488 -4.7329 -2.8202
11.0478 -4.78488 -2.76668
10.9351 -4.84556 -2.72125
10.8213 -4.90087 -2.69163
10.739 -4.96411 -2.63555
10.6322 -5.03171 -2.60419
10.5318 -5.09986 -2.56885
10.455 -5.17108 -2.52639
10.3636 -5.24255 -2.51209
10.2753 -5.31896 -2.48348
10.1905 -5.39112 -2.46617
10.0953 -5.45999 -2.48272
10.0009 -5.5269 -2.49057
9.9008 -5.58209 -2.5313
9.79675 -5.6306 -2.5826
9.69453 -5.68011 -2.61721
9.59841 -5.71587 -2.6645
9.49259 -5.7491 -2.70562
9.39327 -5.7881 -2.72127
9.29289 -5.8198 -2.74396
9.19187 -5.85203 -2.76855
9.1003 -5.88232 -2.77444
9.00068 -5.90366 -2.8107
8.90183 -5.92153 -2.84611
8.80457 -5.94161 -2.87362
8.70248 -5.95731 -2.90177
8.61435 -5.96578 -2.93002
8.5222 -5.97905 -2.9494
8.42204 -5.99195 -2.96498
8.32525 -6.0041 -2.97745
8.23775 -6.01099 -2.99358
8.14668 -6.01613 -3.0093
8.04985 -6.0235 -3.02
7.96402 -6.03046 -3.02624
7.87272 -6.03775 -3.03499
7.76967 -6.04537 -3.03905
7.69278 -6.052 -3.03999
7.61094 -6.05682 -3.05024
7.50824 -6.06682 -3.05396
7.4215 -6.07941 -3.04313
7.34246 -6.09596 -3.02602
7.26236 -6.10928 -3.01476
7.17017 -6.12526 -3.00065
7.08516 -6.1401 -2.9905
7.00224 -6.15226 -2.99275
6.90712 -6.16095 -3.00397
6.79053 -6.16609 -3.03351
6.70309 -6.16981 -3.05584
6.61596 -6.16782 -3.08822
6.52854 -6.16426 -3.11786
6.44176 -6.15669 3.13644
6.36357 -6.14084 3.10092
6.27991 -6.12226 3.05647
6.19928 -6.1039 3.02537
6.12504 -6.08469 2.99594
6.04761 -6.05361 2.94381
5.97675 -6.00917 2.85651
5.89473 -5.93164 2.72606
5.83757 -5.87057 2.62627
5.78484 -5.80371 2.52646
5.74127 -5.73259 2.43001
5.71102 -5.65821 2.32754
5.6899 -5.57602 2.22138
5.67328 -5.49869 2.12633
5.66354 -5.42601 2.04395
5.66141 -5.34895 1.94763
5.66573 -5.27231 1.84889
5.67733 -5.20697 1.76471
5.69347 -5.14239 1.67899
5.71353 -5.06811 1.59161
5.73614 -5.00385 1.51003
5.76262 -4.94937 1.43948
5.79199 -4.89624 1.36548
5.82723 -4.83946 1.29137
5.86529 -4.80154 1.22632
5.90487 -4.74456 1.16938
5.93054 -4.69391 1.15594
5.94696 -4.64689 1.16642
5.95797 -4.58262 1.20694
5.95871 -4.52032 1.27045
5.94573 -4.45608 1.35513
5.92514 -4.40363 1.444
5.9032 -4.33867 1.5311
5.87661 -4.27641 1.61957
5.84269 -4.21214 1.68609
5.81507 -4.15442 1.75235
5.7851 -4.09247 1.809
5.7491 -4.01926 1.86525
5.71829 -3.95686 1.89714
5.68594 -3.88536 1.92355
5.65037 -3.80891 1.94149
5.61693 -3.73496 1.9483
5.58611 -3.65805 1.94987
5.55465 -3.57492 1.94444
5.52915 -3.48979 1.92954
5.50985 -3.41975 1.90757
5.48597 -3.32667 1.87866
5.46306 -3.23006 1.8479
5.44727 -3.14855 1.82396
5.43083 -3.04774 1.79635
5.41697 -2.94852 1.76928
5.40104 -2.85581 1.7541
5.3845 -2.76706 1.74498
5.37032 -2.6701 1.73117
5.35103 -2.56976 1.73242
5.33088 -2.479 1.74112
5.31456 -2.38482 1.73703
5.29574 -2.2908 1.73043
5.27086 -2.19784 1.73784
5.25808 -2.10886 1.72436
5.24851 -2.01027 1.70795
5.23226 -1.91056 1.70822
5.22295 -1.82396 1.70573
5.21505 -1.72525 1.69825
5.20229 -1.62907 1.70622
5.18446 -1.54063 1.72232
5.16827 -1.44965 1.72432
5.147 -1.35668 1.73896
5.12548 -1.27105 1.76069
5.10499 -1.19573 1.77934
5.08041 -1.10676 1.78937
5.04824 -0.999094 1.80516
5.02286 -0.937479 1.81692
4.99301 -0.853689 1.8329
4.95973 -0.774678 1.85871
4.92914 -0.713692 1.8884
4.88685 -0.648731 1.93334
4.84495 -0.584918 1.9812
4.79396 -0.527577 2.04766
4.74147 -0.476779 2.11147
4.68464 -0.427809 2.17914
4.61815 -0.390308 2.25506
4.5476 -0.355777 2.34143
4.48097 -0.312662 2.3932
4.41488 -0.274197 2.43987
4.34048 -0.235412 2.48423
4.27521 -0.200328 2.51456
4.2039 -0.161685 2.53416
4.12135 -0.119959 2.55961
4.04506 -0.0903118 2.59112
3.97298 -0.0642213 2.62373
3.89144 -0.0360646 2.65747
3.80551 -0.00217053 2.69232
3.72595 0.0241162 2.72075
3.64682 0.0467029 2.75417
3.55298 0.0715525 2.79774
3.46378 0.0945795 2.82385
3.37826 0.112268 2.85104
3.28154 0.121633 2.90026
3.18324 0.133134 2.93434
3.08946 0.142777 2.96327
2.9957 0.140184 3.01496
2.88482 0.129347 3.07033
2.78828 0.129227 3.09952
2.69753 0.110072 -3.12985
2.58941 0.0914682 -3.08279
2.48731 0.0711363 -3.0391
2.38745 0.0416963 -2.98449
2.28639 0.0120149 -2.94079
2.1833 -0.0194577 -2.9007
2.08278 -0.0582157 -2.86412
1.98802 -0.0975787 -2.82967
1.87961 -0.147679 -2.78873
1.78243 -0.189621 -2.76851
1.69432 -0.23292 -2.73921
1.58208 -0.2875 -2.71798
1.47835 -0.326229 -2.73096
1.38393 -0.371395 -2.72017
1.27654 -0.418497 -2.72886
1.16964 -0.451205 -2.75812
1.065 -0.498331 -2.75078
0.95476 -0.53884 -2.76188
0.85606 -0.580811 -2.76344
0.766072 -0.630346 -2.74144
0.662778 -0.680628 -2.7314
0.563228 -0.737617 -2.70452
0.47635 -0.791907 -2.67386
0.378352 -0.846084 -2.6659
0.284105 -0.90323 -2.64322
0.203217 -0.953442 -2.62892
0.106729 -1.00314 -2.63448
0.00848843 -1.0593 -2.63135
-0.0814211 -1.11106 -2.62577
-0.179172 -1.15429 -2.65065
-0.267947 -1.20383 -2.64542
-0.364348 -1.2517 -2.64509
-0.458737 -1.28975 -2.66662
-0.550472 -1.33583 -2.66673
-0.640237 -1.37871 -2.67426
-0.729408 -1.40641 -2.70856
-0.851542 -1.44889 -2.73973
-0.946214 -1.47803 -2.76222
-1.0382 -1.49709 -2.79981
-1.12923 -1.51913 -2.82696
-1.21876 -1.54073 -2.84274
-1.31425 -1.5572 -2.87558
-1.43194 -1.57761 -2.90667
-1.52362 -1.59649 -2.92181
-1.61202 -1.61212 -2.93694
-1.70299 -1.62619 -2.94974
-1.78595 -1.6377 -2.96223
-1.87588 -1.65238 -2.97157
-1.9712 -1.66885 -2.97283
-2.04902 -1.6907 -2.95747
-2.12722 -1.71545 -2.93614
-2.2181 -1.75824 -2.87905
-2.27997 -1.80049 -2.81451
-2.3352 -1.85184 -2.72401
-2.39055 -1.92075 -2.60716
-2.42801 -1.98781 -2.48701
-2.44951 -2.06556 -2.34127
-2.45022 -2.18036 -2.11472
-2.43809 -2.25364 -1.95162
-2.40368 -2.32388 -1.76992
-2.35586 -2.39417 -1.57501
-2.30682 -2.44467 -1.40844
-2.23647 -2.47852 -1.22489
-2.15999 -2.50307 -1.03778
-2.08942 -2.51887 -0.873553
-2.01091 -2.52381 -0.702193
-1.92801 -2.52462 -0.541667
-1.85603 -2.51287 -0.400683
-1.78417 -2.49001 -0.267223
-1.70732 -2.46192 -0.145127
-1.63533 -2.43331 -0.0416866
-1.56651 -2.40573 0.0385817
-1.48923 -2.37378 0.108512
-1.41362 -2.34151 0.160325
-1.34203 -2.32237 0.173319
-1.25087 -2.28419 0.206825
-1.16052 -2.24983 0.231343
-1.08728 -2.21979 0.240806
-1.00343 -2.17993 0.265944
-0.914455 -2.13372 0.301628
-0.826068 -2.09442 0.32584
-0.737458 -2.05451 0.355334
-0.650978 -2.00435 0.415843
-0.569879 -1.95688 0.446461
-0.484287 -1.91128 0.482221
-0.397436 -1.85246 0.524645
-0.315815 -1.79987 0.550078
-0.2256 -1.73788 0.566485
-0.143009 -1.67767 0.584277
-0.0634637 -1.62459 0.588514
0.0302499 -1.56155 0.588489
0.147127 -1.48072 0.590278
0.266688 -1.40723 0.5806
0.359017 -1.34999 0.57974
0.438629 -1.29874 0.573648
0.527528 -1.24658 0.561912
0.643335 -1.1741 0.557601
0.733189 -1.12547 0.543243
0.829555 -1.08275 0.516789
0.914088 -1.04016 0.508377
0.999977 -1.00001 0.494643
1.09667 -0.961794 0.46977
1.18857 -0.916219 0.46541
1.28178 -0.867417 0.463131
1.3636 -0.83392 0.446329
1.45036 -0.788269 0.449284
1.54086 -0.740834 0.453039
1.63516 -0.699099 0.443134
1.72818 -0.654342 0.437536
1.8053 -0.614091 0.441343
1.90474 -0.576374 0.422752
2.00523 -0.535519 0.416188
2.09124 -0.495628 0.421314
2.19764 -0.451677 0.408956
2.2803 -0.413479 0.407402
2.36532 -0.373447 0.41431
2.47828 -0.327648 0.399267
2.57094 -0.288488 0.391335
2.66034 -0.247551 0.399266
2.7611 -0.212774 0.383477
2.85956 -0.176935 0.37517
2.95101 -0.13345 0.385764
3.0523 -0.096079 0.37234
3.15718 -0.0599676 0.358427
3.24721 -0.0208073 0.366799
3.34753 0.00935154 0.348002
3.44712 0.0379611 0.331521
3.54243 0.0679089 0.319861
3.65952 0.0898065 0.281006
3.76331 0.0970108 0.22479
3.85827 0.110324 0.201695
3.96252 0.115768 0.155409
4.0733 0.119276 0.119568
4.18068 0.129314 0.101323
4.27441 0.131524 0.0838978
4.38622 0.134911 0.066154
4.48595 0.148656 0.0787373
4.58079 0.158888 0.0822058
4.68525 0.169849 0.085203
4.79057 0.190498 0.105313
4.89571 0.205063 0.109963
4.99207 0.214698 0.108314
5.09546 0.23496 0.129616
5.2067 0.252659 0.138093
5.30327 0.269791 0.147177
5.39956 0.294794 0.172448
5.5098 0.319998 0.191663
5.60136 0.33837 0.197879
5.68903 0.370703 0.232725
5.80249 0.404202 0.248572
5.89715 0.431985 0.257125
5.99729 0.472888 0.290201
6.09219 0.51083 0.311829
6.18471 0.542608 0.320767
6.27727 0.587607 0.356494
6.36996 0.639322 0.398996
6.46607 0.679329 0.408577
6.55549 0.730492 0.443238
6.64368 0.776566 0.457235
6.74142 0.816025 0.443258
6.84528 0.857637 0.428604
6.94911 0.888047 0.395697
7.05461 0.904899 0.332267
7.15854 0.932253 0.298943
7.26327 0.951637 0.256885
7.37078 0.964034 0.206434
7.47136 0.980264 0.185011
7.56367 0.995485 0.173137
7.67711 1.00612 0.146311
7.77652 1.02542 0.15421
7.86592 1.04253 0.159859
7.96746 1.05585 0.151954
8.06781 1.07825 0.172322
8.16839 1.10485 0.196844
8.26293 1.12518 0.204084
8.36049 1.15953 0.23458
8.45519 1.19456 0.264386
8.55064 1.21993 0.266332
8.64911 1.25274 0.283711
8.75167 1.29496 0.31362
8.84311 1.31931 0.302535
8.93924 1.34991 0.304383
9.03735 1.38319 0.312233
9.14065 1.40815 0.296446
9.23538 1.43754 0.297407
9.33876 1.47859 0.319629
9.43325 1.50828 0.318158
9.52842 1.54576 0.333015
9.62401 1.5917 0.361251
9.71902 1.62749 0.367731
9.8172 1.67128 0.382721
9.90871 1.71746 0.404575
9.99622 1.75367 0.398905
10.0959 1.80205 0.406273
10.1872 1.849 0.418868
10.2843 1.88979 0.409368
10.3775 1.93333 0.412176
10.4711 1.98552 0.429952
10.5542 2.02504 0.431064
10.6457 2.07048 0.432881
10.7302 2.12618 0.463529
10.8207 2.17574 0.46978
10.9054 2.22553 0.477441
10.9858 2.27828 0.495564
11.0699 2.3308 0.506468
11.1602 2.38032 0.500898
11.2504 2.43968 0.51635
11.3289 2.48802 0.517606
11.4129 2.53265 0.51111
11.4989 2.58472 0.515769
11.5794 2.62983 0.516774
11.6641 2.66997 0.502059
11.7583 2.71759 0.490198
11.8392 2.7577 0.482034
11.9173 2.7874 0.458242
12.0191 2.82817 0.435091
12.1075 2.868 0.4268
12.1917 2.8988 0.408704
12.2815 2.92612 0.385204
12.3674 2.96134 0.383972
12.452 2.99112 0.374333
12.5385 3.01513 0.350547
12.6284 3.04383 0.336897
12.7158 3.06958 0.330781
12.7954 3.08471 0.302518
12.8841 3.10606 0.279729
12.9727 3.13121 0.274437
13.0539 3.15303 0.271063
13.136 3.17084 0.258409
13.226 3.19453 0.258797
13.3041 3.22397 0.277904
13.3944 3.2526 0.288657
13.4807 3.28056 0.29085
13.5594 3.31397 0.315895
13.6422 3.35288 0.339678
13.7267 3.38329 0.341123
13.8077 3.41718 0.353681
13.8919 3.4601 0.38155
13.9745 3.5013 0.402115
14.0541 3.54745 0.431507
14.1237 3.60469 0.49146
14.1939 3.66572 0.551424
14.2579 3.73487 0.623083
14.3107 3.80769 0.710499
14.3483 3.8804 0.799966
14.3778 3.96733 0.914121
14.3932 4.05201 1.03452
14.3943 4.13085 1.15065
14.3841 4.21182 1.28317
14.3507 4.28829 1.43586
14.306 4.35327 1.58735
14.2529 4.40422 1.74474
14.1853 4.44669 1.92001
14.117 4.47447 2.08723
14.051 4.48338 2.2599
13.9862 4.48346 2.43839
13.9218 4.46422 2.61471
13.8678 4.44125 2.78081
13.8163 4.39675 2.95567
13.7748 4.35214 3.12324
13.74 4.30855 -3.00448
13.7058 4.25684 -2.84885
13.6777 4.19955 -2.69529
13.6568 4.14266 -2.5604
13.6389 4.09437 -2.44175
13.6222 4.03958 -2.35366
13.6011 3.98757 -2.2806
13.5685 3.93302 -2.22004
13.5367 3.88964 -2.19886
13.5055 3.84386 -2.19269
13.464 3.79097 -2.21495
13.4254 3.74212 -2.23757
13.3904 3.69863 -2.26246
13.3501 3.66218 -2.29253
13.2984 3.62541 -2.33026
13.2425 3.59018 -2.36851
13.1854 3.56497 -2.41599
13.1297 3.53577 -2.4528
13.0687 3.51258 -2.51142
13.0007 3.49284 -2.57313
12.9375 3.47856 -2.63218
12.8684 3.46215 -2.68549
12.7944 3.44807 -2.73691
12.7288 3.43972 -2.78608
12.6568 3.42885 -2.83147
12.5942 3.41679 -2.86024
12.5242 3.4038 -2.8809
12.4579 3.38798 -2.89769
12.3885 3.3672 -2.89642
12.3174 3.34177 -2.8805
12.2563 3.31836 -2.87007
12.1827 3.2918 -2.85479
12.1066 3.26118 -2.8317
12.0384 3.23021 -2.80771
11.9658 3.19787 -2.78547
11.891 3.16462 -2.76869
11.8121 3.12533 -2.74779
11.7366 3.08673 -2.72861
11.6649 3.0475 -2.71162
11.584 3.00453 -2.69375
11.5019 2.96187 -2.68203
11.4263 2.92126 -2.67398
11.351 2.88076 -2.6637
11.2619 2.83837 -2.66245
11.1704 2.80196 -2.672
11.0832 2.76449 -2.68032
10.9872 2.72268 -2.69447
10.8976 2.68962 -2.7174
10.8065 2.65469 -2.73146
10.7045 2.61049 -2.74141
10.6104 2.56849 -2.74153
10.5232 2.52746 -2.73613
10.434 2.48604 -2.72467
10.3416 2.43751 -2.71343
10.2509 2.38994 -2.70429
10.1555 2.33859 -2.69218
10.0605 2.28982 -2.68008
9.96912 2.23768 -2.66231
9.88952 2.18316 -2.6377
9.79368 2.12607 -2.62561
9.6991 2.07006 -2.60787
9.61775 2.01594 -2.58878
9.52193 1.9583 -2.58856
9.44107 1.9069 -2.58427
9.34937 1.84925 -2.58423
9.24967 1.80015 -2.61311
9.15573 1.75758 -2.64027
9.05362 1.71227 -2.66471
8.95507 1.67653 -2.70041
8.85869 1.64089 -2.73068
8.75851 1.61432 -2.77083
8.6511 1.58535 -2.81074
8.55485 1.56495 -2.84545
8.45116 1.55242 -2.88975
8.3537 1.53207 -2.91421
8.25077 1.51507 -2.93716
8.14476 1.50369 -2.97548
8.04305 1.48751 -2.98851
7.94252 1.46966 -2.99151
7.8427 1.46162 -3.00965
7.73368 1.44408 -3.00424
7.63005 1.42538 -2.99499
7.53054 1.41394 -2.99994
7.4208 1.39135 -2.9802
7.31949 1.36318 -2.95684
7.21762 1.34408 -2.94967
7.11038 1.31471 -2.92632
7.00407 1.28047 -2.90142
6.90035 1.25953 -2.89853
6.79549 1.22843 -2.87873
6.67529 1.18883 -2.85708
6.58024 1.16414 -2.85491
6.47928 1.12698 -2.82892
6.36164 1.08506 -2.80839
6.26547 1.04035 -2.78508
6.16314 0.986371 -2.74923
6.07813 0.939474 -2.71974
5.97678 0.890823 -2.70451
5.869 0.843191 -2.69886
5.7777 0.800379 -2.69041
5.67168 0.749591 -2.68616
5.58314 0.705967 -2.6831
5.48815 0.659017 -2.67205
5.39355 0.604159 -2.66029
5.30398 0.550144 -2.64996
5.22244 0.497522 -2.62957
5.1393 0.440894 -2.60633
5.05584 0.381351 -2.58318
4.99147 0.318141 -2.53025
4.92062 0.241458 -2.46919
4.85258 0.164027 -2.41393
4.80253 0.0740442 -2.32614
4.76121 -0.0139111 -2.24425
4.71937 -0.102081 -2.17233
4.6822 -0.202622 -2.08852
4.65482 -0.302451 -2.01762
4.62671 -0.402921 -1.95699
4.60464 -0.514223 -1.89567
4.58048 -0.619181 -1.85487
4.55878 -0.728854 -1.8187
4.52526 -0.839012 -1.82354
4.49599 -0.944737 -1.82067
4.47192 -1.06695 -1.79611
4.4463 -1.17964 -1.7919
4.43199 -1.32936 -1.74542
4.41828 -1.45171 -1.72325
4.41395 -1.57072 -1.68447
4.41755 -1.68159 -1.63157
4.41864 -1.80523 -1.60132
4.4306 -1.92251 -1.55112
4.441 -2.02652 -1.52125
4.4517 -2.14983 -1.49949
4.47442 -2.2736 -1.45907
4.49403 -2.38049 -1.4361
4.52022 -2.49122 -1.40558
4.5522 -2.60556 -1.37093
4.58399 -2.71822 -1.34893
4.6214 -2.83489 -1.3226
4.65752 -2.94096 -1.30073
4.69312 -3.05165 -1.2788
4.72711 -3.16094 -1.26615
4.75945 -3.26995 -1.2577
4.79705 -3.39123 -1.2568
4.83024 -3.50204 -1.26382
4.86013 -3.60692 -1.27607
4.88973 -3.71429 -1.28663
4.91412 -3.8233 -1.29912
4.93762 -3.93726 -1.3117
4.96041 -4.04727 -1.32386
4.98299 -4.14799 -1.32928
5.0074 -4.26368 -1.33424
5.03598 -4.3639 -1.32401
5.061 -4.46261 -1.31339
5.09492 -4.57702 -1.30071
5.12946 -4.6804 -1.28198
5.15939 -4.77847 -1.27004
5.19372 -4.87744 -1.25624
5.22513 -4.97749 -1.24813
5.26146 -5.08627 -1.23829
5.29686 -5.1922 -1.23427
5.34416 -5.33426 -1.23725
5.37813 -5.42832 -1.2326
5.41244 -5.53163 -1.23209
5.4459 -5.62957 -1.23105
5.4777 -5.72227 -1.22339
5.50445 -5.8058 -1.23315
5.54175 -5.91109 -1.23894
5.56954 -5.99995 -1.24067
5.58769 -6.0765 -1.24861
5.61345 -6.16846 -1.25664
5.6361 -6.25017 -1.2624
5.65857 -6.32971 -1.26959
5.68192 -6.41784 -1.27854
5.6985 -6.48716 -1.28734
5.71214 -6.55448 -1.29552
5.72946 -6.6354 -1.30443
5.74712 -6.71525 -1.31114
5.76089 -6.78187 -1.31819
5.77477 -6.84699 -1.32478
5.78598 -6.91481 -1.33441
5.80002 -6.98922 -1.3423
5.81202 -7.05226 -1.34895
5.8256 -7.12039 -1.35359
5.8352 -7.18059 -1.36195
5.84389 -7.24017 -1.37171
5.85333 -7.30343 -1.37945
5.86083 -7.35896 -1.38371
5.87325 -7.42288 -1.38115
5.8864 -7.48491 -1.37823
5.90233 -7.55247 -1.37193
5.92608 -7.63351 -1.35595
5.94785 -7.70143 -1.34257
5.96977 -7.77981 -1.3301
5.99163 -7.85018 -1.32363
6.01582 -7.92401 -1.31491
6.0406 -8.0049 -1.3072
6.06544 -8.08551 -1.30272
6.09156 -8.17274 -1.30055
6.12116 -8.26852 -1.29765
6.14683 -8.35158 -1.29654
6.1694 -8.4295 -1.29577
6.19833 -8.53255 -1.29428
6.22475 -8.6292 -1.29239
6.2489 -8.72104 -1.29162
6.27354 -8.82076 -1.29383
6.2943 -8.91895 -1.30451
6.31731 -9.0062 -1.30918
6.34665 -9.12044 -1.31507
6.37538 -9.22118 -1.31351
6.39864 -9.30145 -1.31202
6.42759 -9.41245 -1.31053
6.45752 -9.51875 -1.30835
6.48039 -9.61126 -1.30896
6.50542 -9.71758 -1.31511
6.53305 -9.82797 -1.31709
6.55434 -9.92957 -1.32148
6.57754 -10.0364 -1.32548
6.60583 -10.1463 -1.32402
6.63095 -10.2487 -1.32255
6.65883 -10.3531 -1.31917
6.68705 -10.4596 -1.3111
6.71548 -10.5658 -1.30491
6.74824 -10.6747 -1.29525
6.77569 -10.7664 -1.28493
6.80912 -10.8716 -1.27355
6.84505 -10.9747 -1.25921
6.8817 -11.0828 -1.24768
6.91777 -11.1794 -1.23778
6.95847 -11.2899 -1.23125
6.99597 -11.3957 -1.22526
7.03912 -11.4983 -1.20839
7.08332 -11.6084 -1.19575
7.1266 -11.7024 -1.17811
7.17976 -11.8047 -1.14678
7.2274 -11.9063 -1.13521
7.28072 -12.0033 -1.10634
7.33991 -12.1074 -1.07854
7.39245 -12.2085 -1.07037
7.45699 -12.2976 -1.02587
7.52597 -12.4154 -1.0126
7.57821 -12.5034 -0.999471
7.64266 -12.5926 -0.978562
7.70829 -12.6999 -0.986327
7.77586 -12.7976 -0.977352
7.83578 -12.9013 -0.989011
7.88194 -13.0072 -1.02495
7.93892 -13.1115 -1.03618
7.98444 -13.2201 -1.0737
8.02719 -13.3258 -1.10325
8.07901 -13.4419 -1.12033
8.10952 -13.5483 -1.15662
8.14541 -13.6521 -1.17136
8.19185 -13.8023 -1.19797
8.21732 -13.9101 -1.21678
8.25082 -14.0182 -1.22769
8.28136 -14.1346 -1.237
8.31254 -14.2437 -1.23663
8.34745 -14.3483 -1.2322
8.37931 -14.4496 -1.22798
8.41687 -14.5637 -1.21822
8.45732 -14.6759 -1.21352
8.49735 -14.7804 -1.2116
8.53467 -14.8934 -1.20322
8.5704 -15.0031 -1.20318
8.6076 -15.1113 -1.20201
8.66019 -15.2589 -1.19841
8.69505 -15.3723 -1.21286
8.73471 -15.4805 -1.20867
8.77412 -15.593 -1.2104
8.81138 -15.6939 -1.21164
8.87103 -15.8468 -1.20872
8.9104 -15.9578 -1.21887
8.94701 -16.0582 -1.22395
8.98565 -16.1741 -1.23295
9.01622 -16.2771 -1.24676
9.05203 -16.3909 -1.2575
9.08648 -16.5027 -1.26904
9.12013 -16.6016 -1.27402
9.15634 -16.7079 -1.27747
9.19514 -16.8195 -1.27504
9.22933 -16.927 -1.27121
9.26143 -17.0237 -1.26299
9.30009 -17.1329 -1.25769
9.34738 -17.2682 -1.24952
9.38822 -17.3698 -1.24041
9.42491 -17.4717 -1.23539
9.46168 -17.5717 -1.22725
9.49575 -17.6724 -1.22364
9.52733 -17.7632 -1.22004
9.56806 -17.8653 -1.21232
9.60374 -17.9578 -1.20521
9.64321 -18.0534 -1.19473
9.6859 -18.1478 -1.17518
9.72731 -18.2377 -1.15818
9.76969 -18.3326 -1.14814
9.81416 -18.4163 -1.12731
9.86724 -18.5226 -1.11605
9.91269 -18.6175 -1.11269
9.96086 -18.6978 -1.09706
10.0188 -18.796 -1.079
10.0678 -18.8876 -1.07785
10.1283 -18.973 -1.04421
10.1895 -19.064 -1.02566
10.2546 -19.154 -1.00356
10.3202 -19.2244 -0.959193
10.3978 -19.3062 -0.92065
10.4766 -19.3957 -0.888182
10.5584 -19.4547 -0.823385
10.6457 -19.5255 -0.782417
10.7437 -19.589 -0.717149
10.8444 -19.6361 -0.638592
10.9408 -19.6812 -0.572534
11.0488 -19.7186 -0.498155
11.155 -19.7529 -0.435577
11.2642 -19.7696 -0.356457
11.376 -19.7918 -0.290512
11.482 -19.8034 -0.235303
11.5971 -19.8007 -0.158378
11.7039 -19.8123 -0.137775
11.8161 -19.8118 -0.101233
11.9327 -19.8049 -0.065155
12.0423 -19.7982 -0.0398603
12.1619 -19.7828 0.0131532
12.2595 -19.7591 0.063441
12.3719 -19.7351 0.103595
12.4863 -19.7047 0.154797
12.6129 -19.6641 0.214735
12.7237 -19.6201 0.261426
12.8209 -19.5847 0.29122
12.9196 -19.5412 0.322319
13.0636 -19.4895 0.332488
13.1862 -19.4489 0.339291
13.2736 -19.4163 0.349361
13.3575 -19.3938 0.345101
13.4757 -19.3538 0.352633
13.5832 -19.3178 0.350212
13.6814 -19.2946 0.32635
13.7907 -19.2607 0.318457
13.9247 -19.2255 0.300159
14.0288 -19.1989 0.28886
14.1393 -19.1635 0.291951
14.2552 -19.1308 0.281044
14.348 -19.1064 0.275801
14.4519 -19.0755 0.277546
14.5547 -19.0467 0.274531
14.6547 -19.02 0.275403
14.7598 -18.9889 0.283111
14.8691 -18.9574 0.279124
14.9965 -18.9198 0.282243
15.1038 -18.8837 0.290898
15.2122 -18.8501 0.293615
15.3018 -18.8123 0.313487
15.4126 -18.7722 0.324927
15.5209 -18.7326 0.330086
15.6135 -18.6874 0.35574
15.7124 -18.6428 0.368349
15.8146 -18.5957 0.383022
15.9141 -18.5378 0.424706
16.0181 -18.4897 0.436833
16.1193 -18.4341 0.463513
16.2076 -18.369 0.50773
16.3017 -18.3031 0.532732
16.397 -18.2248 0.589692
16.48 -18.137 0.654242
16.5608 -18.0545 0.699998
16.6291 -17.9577 0.781519
16.6935 -17.8601 0.848836
16.7563 -17.7416 0.937687
16.796 -17.6413 1.00738
16.8357 -17.5089 1.10397
16.8815 -17.3923 1.15514
16.8928 -17.2825 1.23314
16.9214 -17.143 1.30113
16.9447 -17.0201 1.34404
16.9447 -16.8998 1.42265
16.9537 -16.7745 1.45987
16.9466 -16.6503 1.51776
16.9415 -16.5278 1.56193
16.9227 -16.4089 1.60905
16.9031 -16.2795 1.65686
16.8757 -16.1741 1.704
16.8478 -16.0507 1.74442
16.8201 -15.935 1.78017
16.7807 -15.8232 1.82139
16.7359 -15.6729 1.84515
16.6914 -15.5644 1.88084
16.6551 -15.4506 1.88613
16.6172 -15.3411 1.8906
16.5703 -15.2381 1.9152
16.5351 -15.127 1.90457
16.4878 -15.0171 1.92329
16.4413 -14.908 1.93788
16.4033 -14.8007 1.93335
16.3531 -14.6926 1.95542
16.306 -14.5883 1.96179
16.267 -14.4845 1.95834
16.2177 -14.3729 1.97487
16.1805 -14.2604 1.95559
16.1428 -14.1512 1.93664
16.0925 -14.0425 1.94201
16.0452 -13.8923 1.90373
15.9969 -13.7921 1.91869
15.9628 -13.6807 1.89181
15.9276 -13.569 1.87506
15.8901 -13.47 1.87387
15.864 -13.362 1.85064
15.8351 -13.2643 1.84643
15.8048 -13.1671 1.84341
15.7819 -13.0636 1.82138
15.7603 -12.9717 1.81106
15.7366 -12.8758 1.8072
15.7174 -12.7805 1.79287
15.7009 -12.6893 1.77607
15.6799 -12.6045 1.77712
15.6632 -12.5086 1.76635
15.6522 -12.4209 1.74858
15.6406 -12.3419 1.74088
15.6304 -12.2565 1.73519
15.6198 -12.1719 1.72445
15.6156 -12.0946 1.7118
15.6066 -12.0152 1.70924
15.5979 -11.929 1.70368
15.5867 -11.8478 1.69745
15.5758 -11.7687 1.69413
15.5609 -11.6766 1.69685
15.5463 -11.5893 1.69942
15.5359 -11.5068 1.69965
15.5237 -11.4247 1.70078
15.5086 -11.3346 1.70764
15.4923 -11.2322 1.7145
15.4821 -11.1432 1.71041
15.4665 -11.0548 1.71964
15.445 -10.9492 1.72755
15.4308 -10.853 1.72589
15.4157 -10.7587 1.73103
15.3936 -10.6449 1.73329
15.3811 -10.5438 1.71877
15.3654 -10.4477 1.71612
15.3482 -10.3318 1.71094
15.3357 -10.2204 1.69889
15.3224 -10.1224 1.69486
15.307 -10.0099 1.6934
15.2975 -9.89855 1.68133
15.2869 -9.79687 1.67941
15.2747 -9.68533 1.67574
15.2644 -9.56654 1.66814
15.2491 -9.45902 1.67103
15.2351 -9.33847 1.66815
15.2225 -9.22667 1.66681
15.2078 -9.1158 1.67352
15.1939 -8.99699 1.67905
15.1777 -8.88345 1.69047
15.1559 -8.76537 1.71092
15.1359 -8.64394 1.7224
15.1137 -8.54351 1.74566
15.0872 -8.42517 1.7657
15.0583 -8.30438 1.77786
15.0224 -8.20478 1.80745
14.991 -8.0953 1.81717
14.9565 -7.98137 1.82771
14.9161 -7.88021 1.85167
14.8759 -7.76555 1.85993
14.8361 -7.66476 1.8796
14.7913 -7.56038 1.91206
14.753 -7.46223 1.9161
14.7065 -7.36046 1.94193
14.6594 -7.2557 1.95457
14.6222 -7.15532 1.9502
14.5727 -7.05442 1.96966
14.5282 -6.94981 1.97044
14.4894 -6.8466 1.96041
14.4278 -6.71415 1.97502
14.3918 -6.61389 1.95979
14.346 -6.51568 1.9678
14.2939 -6.42596 1.98808
14.2507 -6.32894 1.99144
14.198 -6.22608 2.00557
14.1405 -6.14559 2.04571
14.085 -6.05613 2.06441
14.0156 -5.96504 2.10522
13.9524 -5.89288 2.14705
13.8842 -5.80152 2.16277
13.8058 -5.71137 2.20038
13.7334 -5.6357 2.23561
13.6574 -5.55182 2.26688
13.5749 -5.47674 2.31286
13.4908 -5.41286 2.35809
13.4001 -5.34656 2.40192
13.2969 -5.27632 2.44036
13.2138 -5.23001 2.48208
13.1114 -5.17796 2.53042
13.0033 -5.11453 2.56863
12.9086 -5.07801 2.63129
12.7978 -5.03289 2.68589
12.6881 -4.99413 2.73129
12.5826 -4.97859 2.8059
12.4687 -4.95791 2.84939
12.3487 -4.94184 2.90466
12.2307 -4.93356 2.96118
12.1226 -4.92611 3.00162
12.0019 -4.92468 3.05446
11.8902 -4.9349 3.10056
11.7702 -4.94718 -3.1347
11.6497 -4.96413 -3.0954
11.5457 -4.98624 -3.04187
11.4319 -5.01787 -2.99307
11.3221 -5.04665 -2.95886
11.2163 -5.08799 -2.90615
11.108 -5.12513 -2.87337
11.0003 -5.16295 -2.84961
10.8998 -5.20464 -2.8144
10.7892 -5.23467 -2.82333
10.6744 -5.2722 -2.81939
10.5723 -5.30964 -2.80239
10.4592 -5.34093 -2.81572
10.3556 -5.38507 -2.7955
10.2226 -5.435 -2.78818
10.1118 -5.46716 -2.80041
10.0109 -5.51125 -2.78316
9.91104 -5.54086 -2.80336
9.79819 -5.57834 -2.8141
9.70794 -5.6143 -2.80059
9.60514 -5.64017 -2.82593
9.48719 -5.67267 -2.83844
9.3978 -5.7033 -2.83361
9.28963 -5.729 -2.85554
9.20112 -5.74423 -2.87465
9.1098 -5.77477 -2.86219
8.99555 -5.79448 -2.89305
8.90192 -5.81442 -2.90365
8.80319 -5.84294 -2.89624
8.71203 -5.86189 -2.90777
8.61604 -5.88314 -2.90981
8.51904 -5.91066 -2.89782
8.42556 -5.93096 -2.903
8.32504 -5.94917 -2.91899
8.24864 -5.96852 -2.91213
8.15245 -5.98638 -2.91653
8.05773 -6.00133 -2.92958
7.96954 -6.02026 -2.92713
7.87933 -6.04281 -2.91966
7.79334 -6.05872 -2.92667
7.69921 -6.0794 -2.92532
7.61089 -6.10441 -2.91322
7.52323 -6.12245 -2.91842
7.42917 -6.14042 -2.93127
7.34823 -6.16018 -2.92664
7.25779 -6.18075 -2.92532
7.16921 -6.2004 -2.93597
7.08075 -6.22023 -2.93209
6.99897 -6.24667 -2.90325
6.91964 -6.27605 -2.87647
6.82158 -6.31219 -2.84462
6.75042 -6.35661 -2.78607
6.68054 -6.40795 -2.72029
6.60111 -6.46783 -2.66124
6.5342 -6.53674 -2.58421
6.47082 -6.61347 -2.49621
6.41434 -6.69495 -2.40854
6.36397 -6.7856 -2.31094
6.32274 -6.8738 -2.22189
6.28858 -6.97109 -2.12106
6.25355 -7.07989 -2.0224
6.22583 -7.18033 -1.95228
6.20305 -7.29044 -1.89126
6.18989 -7.39303 -1.82864
6.16994 -7.50275 -1.78627
6.16348 -7.61854 -1.73722
6.16219 -7.7261 -1.69755
6.16314 -7.85322 -1.65008
6.16355 -7.96559 -1.62246
6.1757 -8.07456 -1.57905
6.18613 -8.19707 -1.54634
6.19876 -8.30795 -1.52223
6.22519 -8.42205 -1.47382
6.24364 -8.53285 -1.45381
6.2674 -8.64225 -1.42491
6.29985 -8.74972 -1.37877
6.32282 -8.85403 -1.37594
6.35311 -8.96282 -1.35058
6.38365 -9.06542 -1.33043
6.40068 -9.17323 -1.35043
6.42253 -9.28052 -1.34873
6.44641 -9.38146 -1.34511
6.46132 -9.48736 -1.36443
6.494 -9.62661 -1.35376
6.51099 -9.73526 -1.37111
6.52117 -9.84392 -1.39583
6.53796 -9.94083 -1.39327
6.54635 -10.0468 -1.41159
6.55724 -10.151 -1.42261
6.57891 -10.2505 -1.40585
6.596 -10.3568 -1.40266
6.61395 -10.4513 -1.39392
6.642 -10.546 -1.36183
6.66456 -10.6457 -1.35263
6.69326 -10.7512 -1.33731
6.72963 -10.8472 -1.30595
6.75284 -10.9383 -1.30379
6.78417 -11.0474 -1.30139
6.81766 -11.1397 -1.28275
6.84589 -11.2395 -1.27797
6.87805 -11.3398 -1.27023
6.91651 -11.4394 -1.23648
6.95009 -11.538 -1.23141
6.98534 -11.6344 -1.21426
7.02881 -11.7302 -1.18403
7.07651 -11.835 -1.16316
7.12593 -11.9309 -1.13465
7.17832 -12.017 -1.09866
7.23514 -12.1126 -1.07283
7.2979 -12.2078 -1.04329
7.36454 -12.3027 -1.01338
7.42313 -12.3765 -0.989148
7.49013 -12.4636 -0.965935
7.5579 -12.5588 -0.948991
7.62348 -12.6452 -0.934641
7.68801 -12.7442 -0.934724
7.74315 -12.8323 -0.942289
7.80504 -12.9325 -0.955776
7.85842 -13.0325 -0.980388
7.9113 -13.1295 -1.00101
7.96631 -13.2396 -1.02972
8.00539 -13.335 -1.06189
8.0487 -13.4451 -1.09127
8.0877 -13.5487 -1.11364
8.12244 -13.6467 -1.13565
8.15189 -13.7493 -1.17079
8.18205 -13.8571 -1.20272
8.20697 -13.9642 -1.23933
8.22661 -14.0689 -1.2779
8.25036 -14.1668 -1.28428
8.27573 -14.2732 -1.29175
8.29609 -14.3772 -1.30501
8.32909 -14.477 -1.2843
8.36128 -14.5749 -1.26588
8.39632 -14.7059 -1.26401
8.4321 -14.8159 -1.23913
8.45656 -14.9115 -1.24735
8.48121 -15.0144 -1.2554
8.51555 -15.128 -1.24682
8.53725 -15.2337 -1.26112
8.56488 -15.3374 -1.26302
8.60248 -15.4423 -1.24264
8.62613 -15.5444 -1.25756
8.66112 -15.6573 -1.25559
8.69178 -15.7484 -1.24816
8.71846 -15.8628 -1.26769
8.7492 -15.969 -1.26257
8.77708 -16.0663 -1.25585
8.79816 -16.177 -1.27368
8.83294 -16.2879 -1.26983
8.87198 -16.3841 -1.25614
8.90399 -16.4836 -1.26775
8.9483 -16.5828 -1.24468
8.9901 -16.6824 -1.23869
9.02862 -16.7895 -1.24567
9.07137 -16.8914 -1.2333
9.09884 -16.98 -1.24416
9.13334 -17.0879 -1.26118
9.17185 -17.1898 -1.2542
9.201 -17.2915 -1.26796
9.22887 -17.3937 -1.27688
9.26027 -17.4891 -1.26645
9.29152 -17.5946 -1.26638
9.31888 -17.6884 -1.26682
9.35882 -17.7914 -1.24437
9.38908 -17.8917 -1.2479
9.41787 -17.9837 -1.25181
9.45488 -18.0822 -1.24219
9.48687 -18.1834 -1.24895
9.52506 -18.2871 -1.24214
9.57037 -18.3826 -1.21178
9.61289 -18.4854 -1.19721
9.65753 -18.5823 -1.17297
9.72282 -18.6782 -1.11752
9.7785 -18.7695 -1.08254
9.84524 -18.8462 -1.02426
9.93225 -18.9424 -0.960264
10.0112 -19.0152 -0.901479
10.0914 -19.0883 -0.854295
10.1782 -19.1654 -0.806606
10.2791 -19.2312 -0.738209
10.3752 -19.3029 -0.698277
10.4733 -19.3522 -0.630212
10.5791 -19.4086 -0.571864
10.6813 -19.4521 -0.528756
10.7938 -19.4872 -0.45221
10.8962 -19.5115 -0.398055
11.0185 -19.5255 -0.322503
11.1286 -19.5319 -0.25382
11.2328 -19.5272 -0.183446
11.3579 -19.5276 -0.118825
11.4639 -19.5262 -0.0649551
11.5747 -19.5075 0.00534044
11.6878 -19.4952 0.0453043
11.7957 -19.4676 0.0991013
11.9054 -19.4334 0.161666
12.0075 -19.401 0.200872
12.111 -19.3579 0.25559
12.2098 -19.3122 0.311123
12.3085 -19.2727 0.345668
12.4054 -19.229 0.381677
12.5064 -19.1899 0.396369
12.6073 -19.1491 0.393895
12.7105 -19.1128 0.390162
12.8203 -19.0743 0.378308
12.9211 -19.0421 0.360574
13.0157 -19.0122 0.341576
13.1171 -18.9815 0.321825
13.2241 -18.9595 0.287864
13.333 -18.9351 0.260852
13.4255 -18.9258 0.230036
13.5279 -18.9212 0.19114
13.634 -18.908 0.168869
13.7352 -18.8999 0.147128
13.8427 -18.8962 0.115643
13.9524 -18.8867 0.106278
14.0448 -18.8699 0.123019
14.1395 -18.862 0.111243
14.2474 -18.8376 0.1362
14.3475 -18.814 0.163708
14.4387 -18.8003 0.159384
14.5473 -18.7811 0.16853
14.6453 -18.7626 0.171843
14.7415 -18.7499 0.16113
14.8491 -18.7284 0.168038
14.9563 -18.7014 0.184293
15.0553 -18.6837 0.181211
15.1596 -18.6582 0.195148
15.2661 -18.6273 0.21798
15.3712 -18.6071 0.209906
15.4731 -18.5722 0.23442
15.5822 -18.534 0.258418
15.6858 -18.5029 0.265396
15.7824 -18.458 0.305783
15.9197 -18.4002 0.349808
16.0225 -18.3416 0.398747
16.1179 -18.2789 0.451498
16.2129 -18.2101 0.507247
16.304 -18.1337 0.56398
16.3887 -18.0559 0.624466
16.4671 -17.9629 0.703758
16.5419 -17.872 0.76131
16.606 -17.7669 0.846357
16.659 -17.6673 0.91716
16.7157 -17.5582 0.982247
16.7598 -17.4407 1.06161
16.7946 -17.3328 1.12099
16.8373 -17.1687 1.20765
16.8553 -17.0577 1.26343
16.8718 -16.944 1.31749
16.894 -16.8217 1.35226
16.8985 -16.7075 1.40306
16.9037 -16.5923 1.43617
16.907 -16.4848 1.46626
16.9005 -16.3633 1.51797
16.9019 -16.2487 1.53915
16.8956 -16.1417 1.5737
16.8791 -16.0301 1.61965
16.8688 -15.9112 1.64071
16.8431 -15.8099 1.68702
16.822 -15.711 1.72387
16.7993 -15.5959 1.7554
16.7721 -15.498 1.79537
16.7431 -15.4067 1.82968
16.7044 -15.3012 1.86487
16.6647 -15.2057 1.89931
16.6226 -15.1202 1.93099
16.5583 -14.9957 1.97584
16.5135 -14.9051 1.99597
16.4601 -14.8199 2.02969
16.4069 -14.7445 2.0666
16.3566 -14.6638 2.08578
16.3028 -14.5864 2.11504
16.2444 -14.5146 2.15335
16.1896 -14.4344 2.1653
16.1406 -14.3657 2.17067
16.0869 -14.2915 2.18279
16.033 -14.2042 2.17374
15.9883 -14.1125 2.14246
15.9406 -14.0216 2.12242
15.9001 -13.9235 2.08504
15.8704 -13.8262 2.03364
15.8367 -13.7286 1.9966
15.8079 -13.6319 1.96125
15.7852 -13.5337 1.91825
15.7621 -13.4335 1.88051
15.7467 -13.3401 1.842
15.7365 -13.2481 1.8013
15.7261 -13.1582 1.76509
15.7212 -13.0705 1.72545
15.7157 -12.9781 1.69005
15.7134 -12.899 1.66214
15.7155 -12.8075 1.62754
15.7256 -12.7327 1.58595
15.7348 -12.6599 1.55247
15.7403 -12.5785 1.52571
15.751 -12.5016 1.49258
15.7686 -12.434 1.45302
15.7904 -12.367 1.41541
15.8064 -12.2987 1.39035
15.827 -12.2335 1.36382
15.8521 -12.1702 1.33007
15.8805 -12.0997 1.29303
15.9057 -12.0469 1.26369
15.9322 -11.9928 1.24039
15.9599 -11.9324 1.21247
15.9885 -11.8759 1.18448
16.0191 -11.8266 1.15641
16.0503 -11.7741 1.13111
16.0822 -11.7151 1.11284
16.1121 -11.6541 1.10986
16.1365 -11.5914 1.12035
16.1557 -11.5251 1.14458
16.1682 -11.4648 1.17612
16.179 -11.3984 1.21418
16.1848 -11.3218 1.26812
16.1853 -11.2468 1.3199
16.1831 -11.1769 1.36646
16.1717 -11.1012 1.42632
16.1567 -11.0221 1.49102
16.1382 -10.9432 1.54848
16.1219 -10.8607 1.59487
16.0952 -10.7777 1.65375
16.069 -10.6977 1.70144
16.0484 -10.6216 1.72983
16.0224 -10.5349 1.76083
15.9922 -10.4518 1.79847
15.9634 -10.3767 1.82553
15.9316 -10.2911 1.84626
15.8991 -10.2009 1.86415
15.8714 -10.1246 1.87549
15.8431 -10.0476 1.89245
15.8105 -9.95762 1.90812
15.7662 -9.84809 1.92516
15.7404 -9.78036 1.94049
15.7032 -9.69668 1.95618
15.6677 -9.6155 1.96547
15.6365 -9.54659 1.97337
15.5984 -9.46881 1.99062
15.5605 -9.38735 2.00654
15.5229 -9.30211 2.01274
15.4901 -9.23234 2.01301
15.4457 -9.15191 2.0217
15.402 -9.06459 2.01967
15.365 -8.98121 2.01156
15.3219 -8.89694 2.01548
15.2794 -8.81439 2.01585
15.2378 -8.72351 2.00784
15.1998 -8.63786 2.00452
15.1554 -8.54442 2.00667
15.1184 -8.44403 1.98571
15.0858 -8.35916 1.96984
15.0527 -8.26754 1.95951
15.0209 -8.17177 1.94298
14.989 -8.07837 1.9327
14.9578 -7.98449 1.92638
14.923 -7.88458 1.92199
14.8948 -7.79709 1.91937
14.8595 -7.70634 1.92569
14.8171 -7.60264 1.93267
14.7822 -7.5134 1.93661
14.7463 -7.43137 1.94776
14.6983 -7.32375 1.95788
14.6625 -7.23537 1.96192
14.6243 -7.15637 1.97609
14.5598 -7.01958 1.98935
14.5165 -6.92982 1.99564
14.4627 -6.83785 2.01602
14.4079 -6.7383 2.02515
14.3585 -6.65114 2.03811
14.3006 -6.56271 2.06613
14.2377 -6.46765 2.08231
14.1765 -6.37434 2.09714
14.115 -6.29835 2.13125
14.0503 -6.20259 2.14303
13.9847 -6.10802 2.15301
13.9135 -6.02959 2.18969
13.8475 -5.93726 2.19142
13.7714 -5.85082 2.22466
13.6978 -5.76881 2.24999
13.6249 -5.68224 2.26223
13.5354 -5.60156 2.30533
13.4025 -5.48134 2.34786
13.3026 -5.40726 2.4024
13.213 -5.34428 2.44038
13.1185 -5.28976 2.48281
13.0104 -5.23382 2.53819
12.9112 -5.18684 2.58738
12.8066 -5.14275 2.64038
12.6937 -5.10426 2.69705
12.5874 -5.07719 2.75043
12.4777 -5.0496 2.79004
12.3638 -5.01959 2.81301
12.2504 -5.00194 2.86637
12.1369 -4.97668 2.89106
12.0227 -4.96939 2.94996
11.9105 -4.96663 2.9931
11.792 -4.96257 3.02909
11.6757 -4.97386 3.09293
11.5705 -4.98115 3.12572
11.4559 -5.00125 -3.10026
11.3456 -5.02462 -3.04747
11.1927 -5.05411 -3.00051
11.0815 -5.07836 -2.96833
10.9763 -5.10605 -2.94072
10.8663 -5.13792 -2.90865
10.7569 -5.17069 -2.87902
10.6513 -5.21205 -2.84282
10.544 -5.25584 -2.81036
10.4493 -5.29841 -2.78196
10.3454 -5.35668 -2.73324
10.2508 -5.40729 -2.70714
10.1604 -5.4569 -2.67943
10.055 -5.52384 -2.64298
9.9631 -5.56959 -2.65297
9.87541 -5.61824 -2.64309
9.76837 -5.67474 -2.64368
9.66285 -5.71891 -2.66743
9.56731 -5.75941 -2.68079
9.46257 -5.8031 -2.70047
9.35714 -5.83445 -2.7456
9.26036 -5.86729 -2.77251
9.16211 -5.89336 -2.79932
9.05248 -5.91287 -2.84682
8.95301 -5.93209 -2.87439
8.85402 -5.94751 -2.90375
8.75269 -5.95768 -2.93726
8.65804 -5.96871 -2.96242
8.56237 -5.97497 -2.98573
8.45899 -5.98414 -3.00488
8.3707 -5.99152 -3.01537
8.27652 -5.99632 -3.03278
8.14265 -6.00389 -3.04772
8.05413 -6.00843 -3.05752
7.96408 -6.01175 -3.06956
7.86262 -6.01977 -3.06693
7.77362 -6.02927 -3.06316
7.68212 -6.03292 -3.06938
7.58665 -6.03683 -3.07179
7.50061 -6.04576 -3.06526
7.41338 -6.05487 -3.06145
7.32745 -6.06709 -3.0534
7.23911 -6.08009 -3.03817
7.1538 -6.09854 -3.02281
7.07063 -6.11235 -3.01027
6.98505 -6.12504 -3.0007
6.90485 -6.13742 -2.99453
6.82557 -6.14854 -2.9907
6.73614 -6.1574 -2.99199
6.64318 -6.16874 -2.9985
6.56715 -6.17617 -3.00844
6.48046 -6.17946 -3.02941
6.38877 -6.1788 -3.05699
6.30618 -6.17598 -3.0866
6.2168 -6.16943 -3.12057
6.13565 -6.15259 3.11308
6.05687 -6.13138 3.06051
5.97518 -6.10461 3.01249
5.89719 -6.07659 2.95514
5.81726 -6.03624 2.8825
5.75075 -5.99352 2.80969
5.6827 -5.94992 2.74937
5.61732 -5.89756 2.67824
5.5564 -5.84171 2.60702
5.50583 -5.78866 2.54243
5.45647 -5.7231 2.46831
5.41446 -5.65858 2.39446
5.37904 -5.58779 2.31723
5.34735 -5.51732 2.24584
5.32281 -5.44153 2.16107
5.30523 -5.3611 2.06929
5.29793 -5.29122 1.999
5.28871 -5.21659 1.92257
5.28753 -5.13977 1.84251
5.29355 -5.06734 1.76473
5.30143 -4.99809 1.69977
5.31766 -4.92639 1.61883
5.34063 -4.86417 1.54429
5.36714 -4.80087 1.48511
5.38902 -4.74585 1.42633
5.41719 -4.69357 1.37252
5.44763 -4.6402 1.31076
5.48013 -4.59174 1.25229
5.51316 -4.55267 1.19997
5.55066 -4.49806 1.16053
5.58222 -4.44842 1.13921
5.59517 -4.40156 1.15306
5.60596 -4.34672 1.18103
5.61006 -4.29328 1.2252
5.6076 -4.24131 1.27999
5.60344 -4.18221 1.34218
5.59144 -4.10897 1.41585
5.57642 -4.03561 1.47675
5.5602 -3.97476 1.53464
5.5427 -3.90998 1.58459
5.51911 -3.84126 1.64486
5.49062 -3.76594 1.70673
5.46418 -3.69659 1.74642
5.43663 -3.61411 1.78111
5.41109 -3.54234 1.81111
5.38325 -3.46018 1.83152
5.3614 -3.37159 1.83579
5.33917 -3.28473 1.83288
5.31796 -3.18583 1.82281
5.3063 -3.10116 1.80206
5.29049 -2.99819 1.78306
5.27122 -2.89532 1.77836
5.25633 -2.80814 1.76878
5.23983 -2.71231 1.75676
5.21612 -2.5986 1.75959
5.19779 -2.50926 1.76597
5.18217 -2.41979 1.76908
5.15499 -2.30782 1.78223
5.13222 -2.21407 1.78333
5.11881 -2.11446 1.76207
5.09841 -2.00734 1.75345
5.08026 -1.90806 1.75039
5.0625 -1.80532 1.74478
5.03357 -1.70103 1.76447
4.99989 -1.59974 1.79472
4.96384 -1.50763 1.83022
4.92042 -1.40664 1.8759
4.87159 -1.31456 1.91999
4.82065 -1.21462 1.95746
4.77263 -1.11602 1.98523
4.72655 -1.02344 2.00554
4.66938 -0.92679 2.026
4.61333 -0.823094 2.03315
4.55394 -0.72744 2.05639
4.48903 -0.636112 2.09256
4.42976 -0.551942 2.11876
4.31474 -0.431583 2.19991
4.24288 -0.35499 2.23836
4.16084 -0.284647 2.29334
4.06551 -0.213128 2.36403
3.98436 -0.153068 2.40106
3.87542 -0.0912108 2.47061
3.77259 -0.0400922 2.53559
3.63668 0.0130225 2.62072
3.52585 0.0451221 2.69134
3.42093 0.0649485 2.76098
3.30213 0.0841891 2.83422
3.20014 0.0934933 2.88067
3.08974 0.0930451 2.95819
2.97601 0.0988043 2.99953
2.86803 0.106382 3.02608
2.75907 0.105372 3.06495
2.64066 0.110582 3.0688
2.53365 0.117364 3.08179
2.42952 0.113591 3.11104
2.31074 0.119799 3.10962
2.20129 0.115533 3.13009
2.09821 0.110279 -3.13532
1.99025 0.113991 3.13998
1.88058 0.108983 -3.12756
1.77657 0.108866 -3.12437
1.67343 0.11567 -3.13986
1.56401 0.118932 3.13744
1.46704 0.125938 3.12609
1.36276 0.144366 3.08293
1.2616 0.156613 3.05856
1.17696 0.176783 3.02667
1.07347 0.208872 2.96942
0.981593 0.238161 2.92989
0.899723 0.267703 2.89691
0.820048 0.30506 2.85237
0.740293 0.342053 2.81926
0.663252 0.371478 2.8055
0.587086 0.403898 2.79078
0.511186 0.440586 2.76979
0.450787 0.473018 2.75171
0.388259 0.499649 2.74642
0.317729 0.529815 2.74029
0.256988 0.555091 2.73757
0.198404 0.57937 2.74194
0.146202 0.596377 2.75596
0.086734 0.614946 2.77456
0.0291292 0.631032 2.79438
-0.0265549 0.648809 2.80844
-0.0804046 0.664252 2.81995
-0.13068 0.677908 2.83142
-0.178843 0.687686 2.84662
-0.236432 0.698819 2.86357
-0.285716 0.70635 2.87639
-0.345615 0.719199 2.8888
-0.39155 0.730633 2.89265
-0.435545 0.740319 2.90004
-0.47988 0.74757 2.90743
-0.517661 0.753051 2.91413
-0.550375 0.762977 2.91043
-0.580325 0.777634 2.89044
-0.598806 0.793364 2.8601
-0.615269 0.8139 2.81719
-0.622871 0.831657 2.7718
-0.62786 0.847647 2.73264
-0.633205 0.853837 2.7173
-0.633701 0.856779 2.71279
-0.633772 0.856626 2.71664
-0.6319 0.854308 2.72288
-0.629695 0.849163 2.73319
-0.627738 0.84557 2.7394
-0.627581 0.845029 2.74013
-0.627344 0.845298 2.7396
-0.628131 0.846228 2.73757
-0.628651 0.84708 2.73584
-0.628557 0.846818 2.73688
-0.627922 0.846273 2.73757
-0.627314 0.84593 2.73785
-0.626965 0.845906 2.73762
-0.626657 0.845785 2.73745
-0.62639 0.845666 2.73759
-0.625753 0.845321 2.7377
-0.62529 0.845189 2.73769
-0.624723 0.844949 2.73763
-0.624483 0.844833 2.73779
-0.624133 0.844708 2.73761
-0.623619 0.844372 2.73793
-0.623384 0.844356 2.73778
-0.623127 0.844238 2.73779
-0.622767 0.844013 2.73781
-0.622689 0.844007 2.73796
-0.622512 0.843895 2.73786
-0.622291 0.843879 2.73781
-0.621869 0.84365 2.73787
-0.621484 0.843523 2.73787
-0.621126 0.843298 2.73791
-0.621046 0.843292 2.73803
-0.621364 0.843414 2.73788
-0.620997 0.843289 2.73789
-0.620741 0.843171 2.73791
-0.621007 0.84329 2.7379
-0.620632 0.843063 2.73804
-0.620602 0.843061 2.73791
-0.620403 0.842947 2.73809
-0.620299 0.84304 2.73787
-0.620124 0.842828 2.73798
-0.620097 0.842826 2.73794
-0.619639 0.842694 2.73796
-0.619317 0.842571 2.73797
-0.619116 0.842457 2.7379
-0.618978 0.842448 2.73796
-0.618883 0.842341 2.73812
-0.618452 0.842111 2.73802
-0.618176 0.841991 2.73803
-0.618214 0.842094 2.73802
-0.618223 0.841995 2.73809
-0.617775 0.841964 2.73787
-0.617782 0.841764 2.7382
-0.61757 0.841749 2.73806
-0.617627 0.841753 2.73814
-0.617627 0.841853 2.73799
-0.617772 0.841863 2.7381
-0.617876 0.841971 2.73792
-0.617763 0.841863 2.73805
-0.61757 0.841749 2.73806
-0.617221 0.841625 2.73807
-0.6171 0.841516 2.73808
-0.617027 0.841511 2.73808
-0.616935 0.841505 2.73809
-0.616778 0.841394 2.7381
-0.615677 0.840916 2.73823
-0.612731 0.840408 2.73625
-0.603976 0.83799 2.73239
-0.598291 0.838882 2.7229
-0.583802 0.843554 2.69073
-0.569337 0.852734 2.64526
-0.539155 0.875413 2.53856
-0.517237 0.889573 2.46516
-0.495089 0.902414 2.39224
-0.474258 0.912042 2.32761
-0.454976 0.918675 2.27133
-0.438403 0.921696 2.22693
-0.422762 0.922478 2.18798
-0.415393 0.922751 2.1693
-0.411813 0.924596 2.15716
-0.408854 0.927992 2.14414
-0.408308 0.929058 2.14105
-0.410223 0.92719 2.1489
-0.411315 0.926667 2.15255
-0.41126 0.927565 2.15098
-0.411543 0.927084 2.15239
-0.411466 0.927579 2.15138
-0.411449 0.927278 2.15193
-0.411286 0.926966 2.15192
-0.411254 0.927164 2.15151
-0.411297 0.926967 2.15211
-0.411206 0.926861 2.1519
-0.411128 0.926755 2.152
-0.411219 0.926862 2.15207
-0.411246 0.926863 2.15202
-0.411245 0.926863 2.15206
-0.4113 0.926967 2.15205
-0.411157 0.926857 2.15195
-0.411085 0.926652 2.15207
-0.411186 0.926759 2.1521
-0.411204 0.926761 2.15217
-0.411115 0.926554 2.15219
-0.41115 0.926757 2.15208
-0.411386 0.926973 2.15222
-0.411287 0.926866 2.15223
-0.411295 0.926867 2.15217
-0.411511 0.927182 2.1522
-0.411484 0.92708 2.1522
-0.411448 0.927078 2.15221
-0.41145 0.927178 2.15213
-0.411421 0.927076 2.15215
-0.41132 0.926769 2.15243
-0.411412 0.926975 2.15225
-0.411547 0.927285 2.15218
-0.411505 0.927082 2.15229
-0.41139 0.926974 2.15232
-0.411408 0.927075 2.1522
-0.411371 0.926872 2.15232
-0.411407 0.926875 2.15239
-0.411425 0.926976 2.15234
-0.411193 0.92656 2.15236
-0.411049 0.926349 2.15239
-0.410998 0.926346 2.15241
-0.411078 0.926452 2.15239
-0.411009 0.926247 2.1525
-0.411107 0.926454 2.15247
-0.411089 0.926352 2.15248
-0.411027 0.926348 2.15249
-0.411027 0.926348 2.15249
