0.0142115 -7.21819e-05 -0.0101582
0.028251 -0.000285237 -0.0201903
0.0560198 -0.00112339 -0.0401577
0.0696666 -0.00173767 -0.0498077
0.083257 -0.00247995 -0.0593199
0.0960054 -0.00329297 -0.0680549
0.134592 -0.00642461 -0.0939066
0.14783 -0.00772496 -0.101924
0.160963 -0.00911828 -0.109468
0.173782 -0.0105747 -0.116801
0.198259 -0.0136173 -0.130538
0.210353 -0.015246 -0.137199
0.233895 -0.0186625 -0.15103
0.245394 -0.0204534 -0.157976
0.268324 -0.0242702 -0.171904
0.279539 -0.0262587 -0.179089
0.301739 -0.0304423 -0.193427
0.312667 -0.0326237 -0.200639
0.334007 -0.0371224 -0.214893
0.344643 -0.0394843 -0.222153
0.365552 -0.0443682 -0.23679
0.375562 -0.0468214 -0.243893
0.395307 -0.0518829 -0.25798
0.404869 -0.0544414 -0.264871
0.414209 -0.0570081 -0.271532
0.423518 -0.0596331 -0.278136
0.432868 -0.0623357 -0.284667
0.451306 -0.0678112 -0.292678
0.460532 -0.0705839 -0.291165
0.478991 -0.0760773 -0.287362
0.488143 -0.0787548 -0.281859
0.506422 -0.0838592 -0.26276
0.515573 -0.0862574 -0.249881
0.534132 -0.0906731 -0.217281
0.543562 -0.0926635 -0.198774
0.562296 -0.0960266 -0.156479
0.571086 -0.097319 -0.135472
0.580808 -0.0985262 -0.111602
0.591043 -0.0995413 -0.0861183
0.600824 -0.100263 -0.0612848
0.620737 -0.100978 -0.0104195
0.630418 -0.100957 0.014733
0.640039 -0.100694 0.0398338
0.650764 -0.100116 0.0679153
0.661629 -0.0992223 0.0962059
0.683748 -0.0964516 0.153022
0.694859 -0.0945772 0.181222
0.706144 -0.0923456 0.209226
0.7176 -0.0897465 0.236978
0.72922 -0.0867705 0.264473
0.752416 -0.0797955 0.31973
0.764964 -0.0754413 0.348258
0.789136 -0.0659338 0.401244
0.801181 -0.0606454 0.426164
0.813161 -0.0550273 0.450823
0.824979 -0.0491313 0.47473
0.83687 -0.042839 0.498683
0.860604 -0.0291607 0.546945
0.872446 -0.0217481 0.571644
0.896332 -0.00550564 0.622725
0.908258 0.00329353 0.648535
0.931614 0.0219639 0.700205
0.943307 0.0320784 0.726081
0.955315 0.0430273 0.752528
0.967261 0.0545144 0.779071
0.978792 0.0661904 0.80422
0.990036 0.0781525 0.828519
1.00098 0.0903631 0.851747
1.01133 0.102447 0.872734
1.03319 0.129675 0.916201
1.04445 0.144692 0.938354
1.05501 0.159419 0.959149
1.06544 0.174603 0.979007
1.07563 0.190092 0.998474
1.0957 0.222527 1.03469
1.10547 0.239277 1.05147
1.12378 0.272395 1.07976
1.13327 0.290414 1.09247
1.15077 0.325051 1.11366
1.15936 0.342739 1.12352
1.17555 0.377252 1.14054
1.18363 0.395031 1.14822
1.20023 0.43266 1.16265
1.20846 0.451862 1.16914
1.2166 0.471191 1.17517
1.22464 0.490589 1.1806
1.23259 0.510066 1.1857
1.24748 0.54719 1.19312
1.25539 0.567212 1.19619
1.27103 0.607365 1.20231
1.27886 0.627759 1.2065
1.30168 0.688898 1.22038
1.32342 0.750084 1.23845
1.33785 0.792762 1.25109
1.34487 0.814146 1.25662
1.35173 0.835407 1.26087
1.35845 0.856555 1.26483
1.37151 0.898431 1.27225
1.38411 0.939941 1.27977
1.39034 0.960926 1.28452
1.40257 1.00337 1.296
1.4084 1.02427 1.30165
1.41945 1.06514 1.3121
1.42577 1.08925 1.3169
1.43701 1.13304 1.32204
1.44252 1.15476 1.32286
1.45345 1.19811 1.3245
1.45889 1.21978 1.32493
1.46973 1.26319 1.3275
1.47513 1.28506 1.32973
1.48582 1.32904 1.33493
1.49112 1.35121 1.33723
1.50157 1.39527 1.33871
1.50666 1.41678 1.33802
1.51786 1.46335 1.3318
1.52356 1.48653 1.32771
1.53507 1.53213 1.31909
1.54104 1.55517 1.31567
1.55315 1.60117 1.3111
1.55921 1.62391 1.30954
1.57167 1.67025 1.30652
1.57807 1.6938 1.30442
1.59104 1.74072 1.29806
1.5976 1.76402 1.29411
1.61083 1.80982 1.28523
1.61726 1.83157 1.28117
1.63125 1.87818 1.27752
1.64533 1.92466 1.27544
1.65932 1.97063 1.27531
1.66636 1.99372 1.27493
1.6734 2.01682 1.27455
1.68042 2.03972 1.27284
1.68745 2.06252 1.27037
1.70192 2.10868 1.2637
1.70914 2.1313 1.26006
1.7227 2.17319 1.25517
1.73073 2.19771 1.25389
1.73871 2.22203 1.253
1.74617 2.24469 1.25248
1.75369 2.26745 1.25115
1.7689 2.31314 1.2478
1.78416 2.35829 1.2421
1.79963 2.40318 1.23546
1.80721 2.42485 1.2328
1.82257 2.46815 1.22746
1.83044 2.49014 1.2265
1.84489 2.53045 1.22673
1.85213 2.55068 1.2273
1.86929 2.59872 1.22815
1.8773 2.62118 1.22804
1.89312 2.66532 1.22559
1.90097 2.68711 1.22355
1.91656 2.72986 1.219
1.92404 2.75018 1.21722
1.93912 2.79082 1.21366
1.94687 2.81156 1.21273
1.96217 2.8524 1.21175
1.96944 2.87175 1.21154
1.97648 2.8905 1.2114
1.98448 2.91174 1.21012
1.99244 2.93279 1.20827
2.01518 2.99204 1.20033
2.03043 3.03098 1.19474
2.03804 3.0502 1.19284
2.05337 3.0886 1.18905
2.06085 3.10718 1.18752
2.07748 3.14824 1.1841
2.08571 3.16836 1.18166
2.11056 3.22827 1.17336
2.1292 3.27217 1.16549
2.13819 3.29303 1.16168
2.14722 3.31376 1.15827
2.15629 3.3344 1.15517
2.16538 3.35491 1.1524
2.1837 3.39586 1.14802
2.19332 3.4172 1.14612
2.21293 3.46037 1.14298
2.22286 3.48212 1.14161
2.24284 3.52561 1.1385
2.25243 3.54634 1.1369
2.27166 3.58769 1.13387
2.28169 3.60911 1.13244
2.30145 3.65115 1.13053
2.31096 3.67134 1.13059
2.32997 3.71171 1.13079
2.33937 3.73169 1.1311
2.35854 3.77243 1.13077
2.36803 3.79257 1.13004
2.3773 3.81219 1.12927
2.3862 3.83102 1.12843
2.39564 3.85091 1.1271
2.41362 3.88863 1.12493
2.42215 3.90645 1.12448
2.44044 3.94472 1.12504
2.44969 3.9641 1.12591
2.4675 4.00156 1.12847
2.47645 4.02051 1.12997
2.49423 4.05834 1.13287
2.50321 4.07754 1.13388
2.52934 4.13369 1.13659
2.54604 4.16981 1.13874
2.55413 4.18738 1.13994
2.5706 4.22336 1.14315
2.57933 4.24257 1.14535
2.59538 4.27823 1.1505
2.60335 4.29613 1.15313
2.61915 4.332 1.15892
2.62694 4.34991 1.16165
2.6422 4.38535 1.16676
2.64957 4.40261 1.16823
2.65686 4.41976 1.16948
2.66401 4.43663 1.17031
2.67098 4.45313 1.17132
2.67787 4.46947 1.17241
2.69059 4.4998 1.1752
2.70408 4.53226 1.1785
2.71097 4.54896 1.18051
2.72378 4.58039 1.18706
2.73005 4.59605 1.19244
2.74168 4.62612 1.21117
2.74779 4.64275 1.22642
2.75348 4.65904 1.24297
2.76341 4.69021 1.28162
2.76778 4.7055 1.30313
2.77175 4.7207 1.32766
2.77517 4.73524 1.35207
2.78077 4.76386 1.40292
2.78313 4.77903 1.43043
2.78514 4.79487 1.45913
2.78665 4.81025 1.48688
2.7877 4.8252 1.51377
2.7886 4.85387 1.56506
2.78849 4.86889 1.59184
2.788 4.88331 1.6173
2.78717 4.89735 1.64194
2.78611 4.91037 1.66209
2.783 4.93842 1.70044
2.78109 4.95221 1.71622
2.7769 4.97866 1.73944
2.77455 4.99214 1.74739
2.76912 5.02193 1.75487
2.76645 5.03627 1.75564
2.76374 5.05093 1.75105
2.76111 5.06572 1.74324
2.75859 5.08071 1.73025
2.75417 5.11079 1.70364
2.75229 5.12609 1.68259
2.75074 5.14148 1.65927
2.74957 5.15701 1.63297
2.7488 5.17288 1.60538
2.74847 5.1889 1.57738
2.74859 5.2051 1.54936
2.74917 5.22144 1.52156
2.7517 5.25436 1.46641
2.75366 5.27087 1.43901
2.75906 5.30487 1.38753
2.7624 5.32176 1.36348
2.76623 5.33904 1.34227
2.77038 5.35615 1.32286
2.77472 5.37274 1.30755
2.78448 5.40726 1.28257
2.78968 5.42454 1.27455
2.80042 5.45893 1.26204
2.80609 5.47656 1.25734
2.81759 5.51157 1.24942
2.82335 5.52877 1.24555
2.83638 5.56682 1.23598
2.84359 5.58735 1.23022
2.85042 5.60641 1.22383
2.86446 5.6444 1.2097
2.87874 5.68134 1.1942
2.88541 5.69805 1.18724
2.9005 5.73466 1.17249
2.90809 5.75252 1.16544
2.91562 5.76991 1.1586
2.92336 5.78746 1.15205
2.93113 5.80476 1.1456
2.94704 5.83929 1.13248
2.9554 5.85697 1.12553
2.97266 5.89253 1.11243
2.98144 5.9102 1.10691
2.99927 5.94537 1.09632
3.00822 5.96273 1.09343
3.01707 5.97981 1.09156
3.02576 5.9965 1.09065
3.03511 6.01447 1.09092
3.05361 6.0501 1.09285
3.06305 6.06836 1.09471
3.07274 6.08721 1.09711
3.08195 6.10525 1.10006
3.09126 6.12361 1.10316
3.11185 6.16476 1.11064
3.12197 6.18527 1.1144
3.1419 6.22626 1.12174
3.15159 6.24643 1.12495
3.1609 6.26599 1.12808
3.16999 6.28525 1.13116
3.18021 6.30706 1.13375
3.19026 6.32863 1.13648
3.19983 6.34934 1.13954
3.20957 6.37059 1.14226
3.22945 6.4144 1.14731
3.23914 6.43597 1.14956
3.25809 6.47846 1.15325
3.26824 6.5014 1.15498
3.28826 6.547 1.15906
3.29793 6.56924 1.16224
3.30675 6.58969 1.16547
3.31527 6.60964 1.16869
3.32525 6.63323 1.17286
3.34472 6.68005 1.18047
3.36381 6.72694 1.18754
3.38281 6.77429 1.1912
3.3921 6.79761 1.19168
3.40983 6.84207 1.19093
3.41947 6.86625 1.19218
3.44844 6.93953 1.19643
3.46753 6.98837 1.19997
3.4771 7.013 1.20061
3.4965 7.06297 1.20037
3.50619 7.08791 1.19991
3.52551 7.13748 1.19846
3.53507 7.16198 1.1988
3.55404 7.21085 1.20221
3.56298 7.23407 1.20442
3.57248 7.25891 1.20688
3.58233 7.28489 1.20953
3.5925 7.31188 1.2115
3.61184 7.36355 1.214
3.62123 7.38879 1.21472
3.63994 7.43919 1.21602
3.64924 7.46436 1.21758
3.66758 7.51455 1.22327
3.67666 7.53972 1.22656
3.70356 7.61587 1.23586
3.7213 7.66719 1.23998
3.73076 7.6948 1.24117
3.74853 7.74707 1.24504
3.75714 7.77272 1.24935
3.774 7.82433 1.26071
3.78197 7.84945 1.26652
3.7981 7.9018 1.27694
3.80653 7.92988 1.28141
3.82999 8.00959 1.28787
3.83767 8.03607 1.28909
3.8451 8.06185 1.29124
3.85207 8.08632 1.29523
3.86693 8.13995 1.30576
3.87422 8.16708 1.3109
3.88789 8.2193 1.3186
3.89453 8.24516 1.32059
3.90777 8.29729 1.32342
3.91429 8.32323 1.32568
3.93324 8.40081 1.33675
3.94497 8.4517 1.35179
3.95066 8.4777 1.35937
3.96061 8.52539 1.3708
3.97165 8.58104 1.37893
3.98137 8.63182 1.38436
3.98607 8.65693 1.38731
3.99937 8.73175 1.4025
4.00347 8.75634 1.40836
4.00746 8.78111 1.41403
4.0114 8.80645 1.419
4.01869 8.85537 1.42695
4.0221 8.8791 1.42881
4.02543 8.90253 1.43029
4.02864 8.92527 1.43105
4.03196 8.94901 1.43253
4.03863 8.99797 1.43829
4.04177 9.0219 1.44235
4.04752 9.06819 1.45226
4.05021 9.09137 1.45777
4.05514 9.13698 1.46869
4.05741 9.15969 1.47327
4.06147 9.20259 1.47946
4.06357 9.22576 1.48149
4.06938 9.29337 1.48874
4.07281 9.33723 1.49668
4.07448 9.36032 1.50111
4.07604 9.38345 1.50548
4.07879 9.42772 1.5118
4.08003 9.44915 1.51498
4.0812 9.47072 1.51755
4.08233 9.49226 1.51961
4.08449 9.53512 1.52124
4.08554 9.55649 1.52204
4.08759 9.59925 1.52366
4.08855 9.62011 1.5264
4.09104 9.68341 1.53638
4.09232 9.72677 1.54628
4.09279 9.74751 1.55029
4.09318 9.76806 1.55314
4.09353 9.78876 1.55495
4.09384 9.80951 1.5562
4.09444 9.85121 1.55671
4.09474 9.87212 1.556
4.09539 9.91401 1.55463
4.09574 9.93517 1.55447
4.09643 9.97752 1.55416
4.09676 9.99747 1.55473
4.0974 10.0383 1.55545
4.09774 10.0599 1.5548
4.09853 10.1031 1.55011
4.09901 10.1242 1.5467
4.10019 10.1665 1.53881
4.10094 10.1881 1.53322
4.1028 10.2311 1.52208
4.10392 10.2529 1.5166
4.10652 10.2963 1.50564
4.10795 10.3176 1.50115
4.11289 10.3819 1.48703
4.1193 10.4501 1.46731
4.12432 10.4949 1.45128
4.12711 10.5174 1.4434
4.13326 10.5627 1.42859
4.13654 10.5851 1.42172
4.14363 10.6306 1.41055
4.14729 10.6529 1.40516
4.15877 10.718 1.38781
4.16258 10.7383 1.38073
4.17197 10.7845 1.3605
4.17704 10.8077 1.35024
4.18213 10.8299 1.34013
4.18736 10.8516 1.33026
4.19272 10.8731 1.32199
4.19827 10.8946 1.31423
4.20396 10.916 1.30708
4.21599 10.9593 1.29232
4.22225 10.9808 1.28462
4.23489 11.0226 1.26918
4.24146 11.0434 1.26019
4.25515 11.0847 1.24164
4.26253 11.106 1.23255
4.27872 11.1508 1.21501
4.28698 11.1727 1.20708
4.31161 11.2361 1.19308
4.32877 11.2791 1.18824
4.33745 11.3005 1.18514
4.35501 11.3434 1.17895
4.36417 11.3654 1.17506
4.38206 11.4079 1.1684
4.39091 11.4286 1.16611
4.40919 11.4712 1.16401
4.41854 11.4929 1.16433
4.42764 11.514 1.1655
4.43684 11.5355 1.16681
4.44608 11.5572 1.16816
4.46495 11.6016 1.16999
4.47449 11.6241 1.17036
4.49311 11.6683 1.17354
4.50245 11.6907 1.17631
4.52023 11.7339 1.18479
4.5293 11.7564 1.19143
4.53826 11.7791 1.19882
4.54643 11.8003 1.2069
4.55487 11.8228 1.21574
4.57228 11.8713 1.23652
4.58058 11.8956 1.24745
4.59635 11.9442 1.26678
4.6036 11.9676 1.27496
4.61079 11.9916 1.28221
4.61783 12.0156 1.28924
4.62469 12.0396 1.29591
4.63787 12.0878 1.31142
4.64423 12.1122 1.32108
4.65622 12.1613 1.34106
4.66168 12.1851 1.35061
4.6668 12.2085 1.3598
4.67243 12.2354 1.3686
4.6778 12.2621 1.37644
4.68752 12.3131 1.38868
4.69213 12.3386 1.39494
4.70471 12.4154 1.4218
4.71483 12.4913 1.45483
4.71757 12.516 1.46554
4.72003 12.5405 1.476
4.72227 12.5654 1.48696
4.72579 12.6141 1.51036
4.72708 12.6385 1.52515
4.72831 12.7138 1.58378
4.72631 12.7602 1.64397
4.72428 12.7829 1.67643
4.72166 12.8043 1.70859
4.71842 12.8252 1.74078
4.71457 12.8456 1.77336
4.70487 12.8858 1.84155
4.69919 12.905 1.8772
4.68564 12.9428 1.95249
4.67833 12.96 1.99072
4.662 12.9929 2.07295
4.65281 13.0088 2.11807
4.63487 13.0355 2.2078
4.62573 13.0472 2.25435
4.61605 13.0586 2.30093
4.59666 13.0782 2.39883
4.58753 13.0862 2.4487
4.57843 13.0933 2.49847
4.5686 13.1003 2.55719
4.55909 13.1062 2.61492
4.55044 13.1109 2.67011
4.54182 13.115 2.72639
4.52547 13.1212 2.83492
4.5176 13.1234 2.88799
4.50156 13.1267 2.99662
4.49355 13.1276 3.05011
4.47739 13.1282 -3.12699
4.46929 13.1279 -3.07575
4.45314 13.126 -2.97344
4.44485 13.1244 -2.92292
4.42873 13.12 -2.82501
4.42106 13.1173 -2.77834
4.40663 13.111 -2.6875
4.39981 13.1075 -2.64274
4.38676 13.0996 -2.55352
4.38051 13.0952 -2.50906
4.3685 13.0856 -2.42083
4.36279 13.0803 -2.37691
4.35119 13.0682 -2.28866
4.34532 13.0612 -2.24521
4.33976 13.0539 -2.20174
4.32906 13.0379 -2.11625
4.31904 13.0197 -2.0338
4.31451 13.0102 -1.99554
4.30653 12.9906 -1.92117
4.30297 12.9803 -1.88403
4.29412 12.9468 -1.77458
4.29022 12.9244 -1.71187
4.2888 12.9132 -1.6828
4.28758 12.9007 -1.65225
4.28672 12.8877 -1.62179
4.28624 12.8751 -1.59554
4.28628 12.8499 -1.54302
4.28678 12.837 -1.52084
4.28864 12.811 -1.47816
4.28997 12.7979 -1.46024
4.29329 12.7716 -1.43082
4.29526 12.7583 -1.4169
4.29994 12.7298 -1.39881
4.30247 12.7155 -1.39213
4.30781 12.6866 -1.38403
4.31059 12.672 -1.38106
4.31633 12.6424 -1.37691
4.31933 12.6272 -1.37676
4.32531 12.5965 -1.3797
4.3283 12.5809 -1.38399
4.33398 12.5497 -1.39751
4.33669 12.5337 -1.40711
4.34185 12.4996 -1.43511
4.34397 12.4831 -1.45079
4.34741 12.4488 -1.49031
4.3486 12.4319 -1.51129
4.34943 12.4149 -1.53221
4.34991 12.398 -1.55307
4.35003 12.3811 -1.57368
4.34924 12.3472 -1.61448
4.34831 12.3299 -1.63421
4.34356 12.2783 -1.69116
4.33897 12.2449 -1.7236
4.33611 12.2272 -1.73935
4.32985 12.1931 -1.7651
4.32292 12.1599 -1.78829
4.3192 12.1435 -1.79833
4.31499 12.1257 -1.80806
4.31079 12.1086 -1.81654
4.29764 12.0586 -1.83931
4.29288 12.0415 -1.84601
4.28796 12.0243 -1.85255
4.28292 12.0072 -1.85895
4.26699 11.9553 -1.87875
4.26119 11.9373 -1.88546
4.2551 11.9188 -1.89225
4.24908 11.9009 -1.89959
4.23678 11.8656 -1.91238
4.23043 11.8479 -1.91917
4.21733 11.8126 -1.93342
4.21057 11.795 -1.94175
4.18929 11.7427 -1.97172
4.17419 11.7081 -1.99374
4.15898 11.6751 -2.01264
4.14993 11.6563 -2.02235
4.14163 11.6393 -2.03007
4.13295 11.6219 -2.03691
4.11504 11.5867 -2.04577
4.10615 11.5695 -2.04826
4.08788 11.5343 -2.0509
4.07869 11.5166 -2.05137
4.06003 11.4809 -2.05183
4.05076 11.4631 -2.05131
4.03203 11.427 -2.04718
4.02307 11.4095 -2.04407
4.01396 11.3917 -2.04043
4.00406 11.372 -2.03494
3.99438 11.3525 -2.02815
3.9664 11.294 -2.00561
3.94817 11.254 -1.99056
3.93893 11.2331 -1.98325
3.92085 11.1912 -1.97323
3.91218 11.1707 -1.97032
3.89356 11.1265 -1.96801
3.8839 11.1034 -1.96773
3.86568 11.0599 -1.9665
3.85597 11.0366 -1.96532
3.83637 10.9893 -1.96081
3.82683 10.966 -1.95799
3.80781 10.919 -1.95346
3.79832 10.8954 -1.95202
3.77913 10.8475 -1.95184
3.76951 10.8235 -1.95246
3.75319 10.7828 -1.95213
3.74123 10.7529 -1.94963
3.7204 10.6999 -1.94149
3.70255 10.6533 -1.93136
3.6749 10.5781 -1.91494
3.65752 10.529 -1.90723
3.64887 10.5041 -1.90268
3.63196 10.4543 -1.89362
3.62363 10.4291 -1.88693
3.60756 10.3787 -1.87223
3.59997 10.354 -1.8653
3.58511 10.3039 -1.85309
3.57793 10.279 -1.84789
3.56418 10.2297 -1.83832
3.55711 10.2036 -1.83293
3.54343 10.1515 -1.82196
3.53686 10.1256 -1.81612
3.52441 10.0745 -1.80307
3.51859 10.0495 -1.79652
3.50742 9.99933 -1.78343
3.50221 9.97491 -1.7784
3.49185 9.9247 -1.77009
3.4867 9.89897 -1.76636
3.47664 9.84723 -1.75962
3.47171 9.82125 -1.75672
3.46686 9.79527 -1.75382
3.45743 9.74368 -1.74962
3.44824 9.69235 -1.7463
3.44373 9.66694 -1.74618
3.4345 9.61498 -1.7472
3.42981 9.58881 -1.74867
3.42033 9.53651 -1.75168
3.41555 9.51046 -1.7527
3.41077 9.48451 -1.75347
3.40123 9.43284 -1.75299
3.39196 9.38264 -1.75381
3.38731 9.35753 -1.75429
3.37777 9.3067 -1.7585
3.37298 9.28166 -1.76065
3.36329 9.23168 -1.76401
3.35807 9.20507 -1.76486
3.35296 9.17908 -1.7654
3.348 9.15394 -1.76549
3.34318 9.12948 -1.76534
3.33398 9.08282 -1.76582
3.32937 9.05956 -1.76668
3.32456 9.03542 -1.76793
3.31988 9.01208 -1.76994
3.31519 8.98899 -1.7721
3.31045 8.96589 -1.77426
3.30563 8.94264 -1.77644
3.30072 8.91922 -1.77864
3.29078 8.87232 -1.78069
3.28583 8.84906 -1.78005
3.27601 8.80269 -1.77878
3.27114 8.7796 -1.77881
3.26627 8.75657 -1.77923
3.26137 8.73347 -1.78058
3.25633 8.70991 -1.78235
3.24589 8.66182 -1.78701
3.24063 8.63803 -1.78962
3.23554 8.61527 -1.79216
3.23004 8.59097 -1.79477
3.22411 8.56512 -1.79746
3.21272 8.51624 -1.80223
3.20697 8.49203 -1.8049
3.19531 8.44387 -1.81187
3.18925 8.41946 -1.8167
3.18303 8.39494 -1.82162
3.17665 8.37028 -1.82665
3.16338 8.32052 -1.83618
3.1566 8.29577 -1.84019
3.1499 8.27166 -1.84308
3.14335 8.24827 -1.8446
3.12237 8.17417 -1.84879
3.10794 8.12399 -1.85298
3.10111 8.10061 -1.85664
3.09412 8.07699 -1.86064
3.08631 8.05102 -1.86552
3.07863 8.02591 -1.86966
3.06329 7.97664 -1.87555
3.05552 7.95203 -1.87744
3.04796 7.9282 -1.87854
3.04003 7.9033 -1.88016
3.03177 7.87756 -1.88229
3.0081 7.8054 -1.8932
2.99975 7.7806 -1.89801
2.99087 7.75466 -1.90332
2.98216 7.72965 -1.90788
2.97333 7.70462 -1.91203
2.96432 7.67937 -1.91538
2.95551 7.65489 -1.91731
2.92807 7.5793 -1.92067
2.90933 7.5283 -1.92522
2.89998 7.50319 -1.92969
2.8714 7.42848 -1.94243
2.86172 7.40379 -1.94643
2.84187 7.35387 -1.9523
2.83168 7.32855 -1.95413
2.82142 7.30316 -1.95578
2.81135 7.27839 -1.95816
2.79115 7.22939 -1.96535
2.78086 7.20485 -1.9705
2.75968 7.15553 -1.98221
2.7489 7.131 -1.98773
2.72715 7.08247 -1.99645
2.71619 7.0584 -1.99969
2.69357 7.00927 -2.00498
2.68287 6.98628 -2.00785
2.63587 6.8887 -2.03144
2.62369 6.86437 -2.03865
2.59844 6.81505 -2.0493
2.57257 6.76574 -2.05836
2.55946 6.74109 -2.06133
2.51954 6.66744 -2.07366
2.49204 6.61823 -2.08712
2.47841 6.5944 -2.09359
2.46475 6.57088 -2.09983
2.43531 6.52093 -2.10711
2.40626 6.47222 -2.11009
2.39154 6.44766 -2.11141
2.34614 6.37308 -2.12385
2.31531 6.32378 -2.1353
2.30011 6.29993 -2.14088
2.26778 6.24996 -2.14932
2.25159 6.22525 -2.15206
2.22022 6.17769 -2.15579
2.20411 6.15341 -2.15772
2.17036 6.10299 -2.16343
2.1537 6.07832 -2.16661
2.12134 6.03081 -2.17089
2.10504 6.00701 -2.17134
2.05641 5.93541 -2.16347
2.02434 5.88746 -2.1571
2.0086 5.86373 -2.15571
1.97724 5.81623 -2.15296
1.94642 5.76909 -2.14679
1.93119 5.74554 -2.14337
1.91604 5.72192 -2.13826
1.90102 5.69815 -2.1305
1.8715 5.65003 -2.11178
1.85783 5.62706 -2.10293
1.82864 5.57651 -2.086
1.81471 5.55166 -2.0775
1.7749 5.47755 -2.04994
1.75002 5.4281 -2.02422
1.73824 5.4035 -2.01057
1.70405 5.32695 -1.97111
1.68287 5.2755 -1.9516
1.67265 5.24965 -1.94303
1.65288 5.19771 -1.9259
1.64329 5.17142 -1.91508
1.62492 5.11836 -1.89299
1.61617 5.09167 -1.88246
1.59158 5.01123 -1.85246
1.57672 4.95828 -1.83627
1.56985 4.93262 -1.82868
1.55601 4.87837 -1.81239
1.54899 4.84928 -1.80305
1.53666 4.79476 -1.78336
1.53111 4.7685 -1.77475
1.52068 4.71579 -1.75751
1.51581 4.68948 -1.75038
1.50652 4.6364 -1.73757
1.49771 4.58208 -1.72578
1.49351 4.55472 -1.72006
1.48947 4.52735 -1.71447
1.48563 4.50034 -1.70966
1.47833 4.44617 -1.70003
1.47487 4.41928 -1.69697
1.46817 4.36538 -1.69226
1.46487 4.33817 -1.69049
1.45831 4.2829 -1.68734
1.45506 4.25493 -1.68571
1.44871 4.19924 -1.68289
1.44566 4.17194 -1.68142
1.43967 4.11732 -1.67869
1.43676 4.09044 -1.67806
1.431 4.03664 -1.67679
1.42793 4.00768 -1.67646
1.42184 3.95014 -1.67603
1.41882 3.92156 -1.67623
1.41579 3.89298 -1.67663
1.41277 3.8647 -1.67772
1.40974 3.83667 -1.67909
1.40361 3.78157 -1.68405
1.40045 3.75419 -1.68775
1.39356 3.69841 -1.69943
1.38987 3.67054 -1.70527
1.38175 3.61395 -1.72139
1.37744 3.58644 -1.73078
1.36805 3.53149 -1.74957
1.36314 3.50506 -1.75948
1.35234 3.45179 -1.78208
1.34645 3.42518 -1.79482
1.33386 3.37309 -1.82103
1.32709 3.34727 -1.83396
1.31981 3.32093 -1.84658
1.31224 3.29476 -1.8583
1.30443 3.26887 -1.86919
1.2883 3.21824 -1.88919
1.28005 3.19368 -1.90037
1.2628 3.14502 -1.92264
1.25335 3.11978 -1.93573
1.2333 3.06934 -1.96249
1.21231 3.02022 -1.98672
1.20162 2.99629 -1.99537
1.19069 2.97239 -2.00369
1.17949 2.94839 -2.01163
1.15654 2.90073 -2.02754
1.1453 2.87812 -2.03671
1.13356 2.85506 -2.04665
1.12096 2.83096 -2.05822
1.10863 2.808 -2.06964
1.08431 2.76449 -2.09091
1.07175 2.7428 -2.10068
1.04475 2.69763 -2.11836
1.03147 2.67604 -2.12634
1.00444 2.63328 -2.14288
0.990718 2.61219 -2.15215
0.976964 2.59149 -2.16207
0.963075 2.57103 -2.17222
0.949132 2.55093 -2.18273
0.908275 2.49447 -2.21163
0.893525 2.47488 -2.22071
0.879631 2.45675 -2.22852
0.866047 2.43929 -2.23575
0.838167 2.40425 -2.24993
0.823322 2.386 -2.25739
0.794524 2.35134 -2.27092
0.780243 2.3345 -2.27733
0.767167 2.31927 -2.28312
0.753964 2.30407 -2.28875
0.740241 2.28844 -2.29388
0.715018 2.26003 -2.29975
0.703295 2.24691 -2.30049
0.680497 2.22139 -2.29938
0.669757 2.20933 -2.29691
0.659313 2.19753 -2.29381
0.64998 2.18691 -2.28957
0.640679 2.17623 -2.28503
0.622055 2.15451 -2.27441
0.613334 2.14418 -2.2694
0.605091 2.13432 -2.26464
0.597083 2.12465 -2.26038
0.589354 2.11524 -2.25678
0.573637 2.09592 -2.25055
0.566225 2.08673 -2.24776
0.551791 2.06867 -2.24253
0.544823 2.05988 -2.23984
0.537975 2.0512 -2.23714
0.531424 2.04284 -2.23449
0.525218 2.03488 -2.23191
0.513103 2.01922 -2.22652
0.506911 2.01115 -2.22358
0.495583 1.99624 -2.21771
0.490026 1.98886 -2.21477
0.479527 1.97479 -2.20893
0.474373 1.96782 -2.20603
0.464492 1.95433 -2.19981
0.459771 1.94782 -2.19654
0.455158 1.94142 -2.19333
0.450712 1.9352 -2.19025
0.446458 1.92922 -2.18783
0.438599 1.9181 -2.18426
0.434901 1.91284 -2.18293
0.431214 1.90758 -2.18214
0.42785 1.90278 -2.18167
0.424668 1.89824 -2.18135
0.419291 1.89055 -2.18143
0.416714 1.88687 -2.18175
0.41225 1.88051 -2.18255
0.410392 1.87786 -2.18311
0.406953 1.87297 -2.18388
0.405448 1.87083 -2.18367
0.404012 1.86878 -2.18326
0.402731 1.86696 -2.18257
0.401535 1.86525 -2.18193
0.400437 1.86368 -2.18134
0.399336 1.86211 -2.18107
0.398274 1.86059 -2.18101
0.396678 1.85831 -2.18134
0.395983 1.85732 -2.18139
0.395454 1.85656 -2.18139
0.394981 1.85588 -2.18137
0.394608 1.85535 -2.18126
0.394117 1.85465 -2.18146
0.394026 1.85452 -2.18147
0.394017 1.85451 -2.18147
0.394095 1.85462 -2.18144
0.394195 1.85476 -2.18139
0.394327 1.85495 -2.18134
0.394454 1.85513 -2.18129
0.394654 1.85542 -2.18125
0.394741 1.85554 -2.1813
0.39478 1.8556 -2.1813
0.394801 1.85563 -2.18131
0.394784 1.8556 -2.18134
0.39475 1.85556 -2.18139
0.394717 1.85551 -2.18134
0.394691 1.85547 -2.1813
0.394678 1.85545 -2.1813
0.394684 1.85546 -2.1813
0.394697 1.85548 -2.18131
0.394703 1.85549 -2.18136
0.39471 1.8555 -2.18137
0.394723 1.85552 -2.18134
0.394729 1.85552 -2.18139
0.394709 1.8555 -2.18123
0.394707 1.85549 -2.18122
0.394707 1.85549 -2.18122
0.394707 1.85549 -2.18122
0.394714 1.8555 -2.18122
0.394728 1.85552 -2.18122
0.394723 1.85552 -2.18126
0.394726 1.85552 -2.18124
0.394722 1.85551 -2.18128
0.394708 1.8555 -2.18138
0.394701 1.85549 -2.18134
0.394697 1.85548 -2.18129
0.394711 1.8555 -2.18125
0.394718 1.85551 -2.1813
0.394718 1.85551 -2.1813
0.394712 1.8555 -2.18125
0.394712 1.8555 -2.18122
0.39472 1.85551 -2.18129
0.394708 1.85549 -2.18139
0.394727 1.85552 -2.18137
0.39472 1.85551 -2.18132
0.394707 1.85549 -2.18138
0.394707 1.85549 -2.18128
0.394717 1.85551 -2.18129
0.394721 1.85551 -2.18133
0.394728 1.85552 -2.18138
0.394728 1.85552 -2.18138
0.394717 1.85551 -2.1813
0.394697 1.85548 -2.1813
0.394677 1.85545 -2.18146
0.394679 1.85545 -2.18135
0.394689 1.85547 -2.18121
0.394738 1.85554 -2.18116
0.394637 1.85539 -2.18194
0.394523 1.85523 -2.18296
0.394469 1.85515 -2.18299
0.394423 1.85509 -2.18263
0.394472 1.85516 -2.18201
0.394525 1.85523 -2.18149
0.39459 1.85533 -2.18179
0.394613 1.85536 -2.18213
0.394656 1.85542 -2.18262
0.394669 1.85544 -2.18241
0.394651 1.85541 -2.182
0.394638 1.85539 -2.18222
0.394592 1.85533 -2.18249
0.39459 1.85533 -2.18248
0.394596 1.85534 -2.18242
0.394596 1.85534 -2.18232
0.394601 1.85534 -2.18229
0.394621 1.85537 -2.18245
0.39463 1.85538 -2.1825
0.39463 1.85538 -2.18234
0.39463 1.85538 -2.18234
0.394608 1.85535 -2.18235
0.394608 1.85535 -2.18246
0.394608 1.85535 -2.18235
0.394613 1.85536 -2.1823
0.39462 1.85537 -2.18227
0.394627 1.85538 -2.18232
0.394626 1.85538 -2.18237
0.394619 1.85537 -2.18233
0.394615 1.85536 -2.18228
0.394605 1.85535 -2.18243
0.394618 1.85537 -2.18243
0.394612 1.85536 -2.18248
0.394592 1.85533 -2.18258
0.394531 1.85524 -2.18285
0.39441 1.85507 -2.18337
0.394154 1.85471 -2.18317
0.393494 1.85377 -2.18232
0.392954 1.853 -2.18186
0.390968 1.85016 -2.18075
0.388705 1.84692 -2.18051
0.387334 1.84495 -2.18029
0.384399 1.84075 -2.18006
0.382617 1.8382 -2.18026
0.378564 1.8324 -2.18211
0.375796 1.82846 -2.1838
0.370234 1.82058 -2.18718
0.366963 1.81597 -2.18885
0.363532 1.81115 -2.19053
0.35997 1.80617 -2.19224
0.356226 1.80095 -2.19407
0.344536 1.78479 -2.1999
0.33621 1.7734 -2.20433
0.331736 1.76733 -2.20672
0.323326 1.756 -2.21179
0.319207 1.75049 -2.21399
0.310932 1.7395 -2.21838
0.307025 1.73434 -2.22012
0.295426 1.71915 -2.22536
0.291734 1.71434 -2.22716
0.288128 1.70967 -2.22867
0.284541 1.70504 -2.23031
0.281018 1.7005 -2.23212
0.273584 1.69096 -2.23379
0.269834 1.68616 -2.23449
0.265935 1.68118 -2.23446
0.261896 1.67601 -2.23355
0.253784 1.66557 -2.22912
0.249011 1.65937 -2.22461
0.244281 1.65316 -2.21925
0.23958 1.64692 -2.21282
0.234421 1.63995 -2.20416
0.218715 1.61789 -2.1746
0.208095 1.60207 -2.14941
0.20277 1.59379 -2.1355
0.192091 1.57634 -2.10445
0.186756 1.56713 -2.08745
0.176591 1.54851 -2.05328
0.171739 1.53904 -2.03524
0.1615 1.5175 -1.994
0.156457 1.50597 -1.97225
0.147133 1.48261 -1.92879
0.142561 1.46996 -1.9063
0.130072 1.42974 -1.83753
0.11967 1.38568 -1.76768
0.111714 1.3376 -1.70195
0.107925 1.30358 -1.6615
0.106392 1.28498 -1.64448
0.104277 1.24768 -1.6104
0.103633 1.22792 -1.59632
0.103248 1.20771 -1.58338
0.103096 1.18671 -1.5727
0.103147 1.16522 -1.56417
0.104183 1.09902 -1.54613
0.104768 1.07651 -1.54346
0.105407 1.05397 -1.54145
0.106798 1.00832 -1.53923
0.108304 0.961694 -1.53777
0.109097 0.937584 -1.53809
0.11066 0.887911 -1.54061
0.111389 0.862896 -1.5427
0.112542 0.811932 -1.55363
0.112881 0.786708 -1.5611
0.112874 0.735098 -1.58078
0.112483 0.709566 -1.59145
0.110805 0.657973 -1.61516
0.109449 0.631562 -1.62901
0.105617 0.579278 -1.6589
0.10303 0.552544 -1.67562
0.0963792 0.498462 -1.7107
0.092252 0.47095 -1.72871
0.0873948 0.442179 -1.74738
0.0822625 0.41478 -1.76456
0.0767558 0.38791 -1.78131
0.0645186 0.33504 -1.81519
0.0573607 0.307384 -1.83292
0.0420573 0.253772 -1.86478
0.0339435 0.227593 -1.87791
0.0252396 0.200721 -1.89015
0.015841 0.172814 -1.90117
0.00652236 0.14601 -1.90959
-0.0121748 0.0942062 -1.92475
-0.0217883 0.068513 -1.93292
-0.0419385 0.0167507 -1.95114
-0.0523176 -0.00887224 -1.96019
-0.0735226 -0.0595095 -1.97455
-0.0843817 -0.0847785 -1.9788
-0.106386 -0.135162 -1.98633
-0.117332 -0.159949 -1.98699
-0.128168 -0.184426 -1.98815
-0.13897 -0.20874 -1.9896
-0.14956 -0.232489 -1.99086
-0.170098 -0.278367 -1.99257
-0.180041 -0.300557 -1.99149
-0.199891 -0.345351 -1.98437
-0.209704 -0.367914 -1.97773
-0.21913 -0.390068 -1.96842
-0.228061 -0.411687 -1.9567
-0.236614 -0.433131 -1.94393
-0.251822 -0.473707 -1.91484
-0.258346 -0.492326 -1.90082
-0.272144 -0.534884 -1.8678
-0.278042 -0.554751 -1.85102
-0.283543 -0.574511 -1.83355
-0.288623 -0.594113 -1.81524
-0.293242 -0.613468 -1.7949
-0.297426 -0.632753 -1.77399
-0.301098 -0.651587 -1.75267
-0.304432 -0.6709 -1.73083
-0.309921 -0.710367 -1.68713
-0.311998 -0.729886 -1.66648
-0.31366 -0.749141 -1.64736
-0.314955 -0.768301 -1.62919
-0.315906 -0.787433 -1.61174
-0.316862 -0.826005 -1.5794
-0.316884 -0.845121 -1.56451
-0.316025 -0.885512 -1.53457
-0.315128 -0.906375 -1.52103
-0.313955 -0.927239 -1.50828
-0.312526 -0.948186 -1.49702
-0.310838 -0.969587 -1.48722
-0.306799 -1.01375 -1.47196
-0.304513 -1.03619 -1.46657
-0.302175 -1.05816 -1.46299
-0.297245 -1.10252 -1.45725
-0.292068 -1.14674 -1.45127
-0.289453 -1.16815 -1.44717
-0.286712 -1.18977 -1.44222
-0.283856 -1.21141 -1.43694
-0.280935 -1.23268 -1.43172
-0.274755 -1.27536 -1.42224
-0.271691 -1.29561 -1.41906
-0.268615 -1.31554 -1.41632
-0.265316 -1.33665 -1.4152
-0.262007 -1.35771 -1.41474
-0.255553 -1.39902 -1.41686
-0.252404 -1.41946 -1.41901
-0.249246 -1.44034 -1.42237
-0.246199 -1.46102 -1.42672
-0.243273 -1.48157 -1.43198
-0.237662 -1.52424 -1.44809
-0.235165 -1.54544 -1.45903
-0.230684 -1.59126 -1.48758
-0.228963 -1.61446 -1.50598
-0.227686 -1.63762 -1.5254
-0.226883 -1.6608 -1.54699
-0.226594 -1.68377 -1.56941
-0.22763 -1.72965 -1.61736
-0.228991 -1.75265 -1.64243
-0.233471 -1.79855 -1.69375
-0.236607 -1.8214 -1.72064
-0.244751 -1.86702 -1.77423
-0.249839 -1.89015 -1.80054
-0.261824 -1.93594 -1.85298
-0.268743 -1.95893 -1.87333
-0.283992 -2.0045 -1.91407
-0.292316 -2.02718 -1.93111
-0.310146 -2.07234 -1.9626
-0.319753 -2.0951 -1.97758
-0.340182 -2.14109 -2.00007
-0.350682 -2.16381 -2.00741
-0.372188 -2.20931 -2.01725
-0.38324 -2.23249 -2.014
-0.394208 -2.2557 -2.01075
-0.405159 -2.27908 -2.00675
-0.416071 -2.30274 -1.99918
-0.437687 -2.35094 -1.98554
-0.448515 -2.37569 -1.9808
-0.469718 -2.42484 -1.97539
-0.480444 -2.44991 -1.97463
-0.502875 -2.50247 -1.97372
-0.514268 -2.52925 -1.97229
-0.52528 -2.55528 -1.96995
-0.547836 -2.60898 -1.96694
-0.57114 -2.66439 -1.97084
-0.583261 -2.69285 -1.97609
-0.607957 -2.74958 -1.9866
-0.620861 -2.77866 -1.99046
-0.633816 -2.8076 -1.99289
-0.646683 -2.83626 -1.99255
-0.659672 -2.86527 -1.99114
-0.685961 -2.9243 -1.98835
-0.699332 -2.95445 -1.98803
-0.726544 -3.01568 -1.99001
-0.740136 -3.04613 -1.9912
-0.767604 -3.1079 -1.98728
-0.781379 -3.13926 -1.98205
-0.806594 -3.19793 -1.97133
-0.820643 -3.23129 -1.96747
-0.834301 -3.26401 -1.96493
-0.847608 -3.29606 -1.96383
-0.860645 -3.32754 -1.9629
-0.88658 -3.39042 -1.96112
-0.899361 -3.42161 -1.95827
-0.924748 -3.4846 -1.94962
-0.93752 -3.51682 -1.9467
-0.963152 -3.58157 -1.94875
-0.976131 -3.61413 -1.95155
-0.98934 -3.64702 -1.95367
-1.00247 -3.67959 -1.95464
-1.01522 -3.71125 -1.95245
-1.04049 -3.77461 -1.94808
-1.05414 -3.80915 -1.94646
-1.0677 -3.84356 -1.94554
-1.08069 -3.87657 -1.94598
-1.0935 -3.90921 -1.9436
-1.11876 -3.97455 -1.93588
-1.13137 -4.00784 -1.93007
-1.15652 -4.07677 -1.91123
-1.16838 -4.11067 -1.90346
-1.19128 -4.17856 -1.8888
-1.20226 -4.21222 -1.88319
-1.21323 -4.24665 -1.87532
-1.22399 -4.28143 -1.86649
-1.23427 -4.31581 -1.85613
-1.25439 -4.38696 -1.83672
-1.26376 -4.42185 -1.82947
-1.27282 -4.45653 -1.82295
-1.28169 -4.49137 -1.81735
-1.2904 -4.5264 -1.81142
-1.30741 -4.59786 -1.79754
-1.31562 -4.63413 -1.78971
-1.32328 -4.66915 -1.78218
-1.3307 -4.70421 -1.77647
-1.33794 -4.73927 -1.77242
-1.3593 -4.84403 -1.77153
-1.37397 -4.91599 -1.77215
-1.38095 -4.9502 -1.77229
-1.4019 -5.05226 -1.77424
-1.40894 -5.08616 -1.77704
-1.423 -5.15249 -1.7821
-1.43031 -5.18649 -1.78319
-1.43743 -5.21954 -1.78246
-1.4444 -5.25214 -1.78075
-1.46403 -5.34534 -1.77608
-1.47672 -5.40626 -1.77606
-1.48313 -5.43699 -1.77692
-1.49614 -5.49909 -1.77756
-1.50248 -5.5294 -1.77663
-1.51496 -5.58956 -1.77412
-1.52103 -5.61901 -1.77419
-1.53296 -5.67634 -1.77755
-1.54509 -5.73365 -1.78132
-1.55742 -5.79077 -1.78538
-1.56361 -5.81919 -1.78537
-1.57595 -5.87595 -1.78443
-1.58202 -5.90397 -1.78333
-1.59381 -5.95895 -1.78098
-1.59964 -5.98627 -1.78089
-1.61147 -6.04131 -1.78405
-1.61746 -6.06886 -1.78623
-1.6353 -6.1501 -1.7877
-1.64722 -6.20441 -1.78576
-1.6529 -6.23047 -1.78541
-1.66981 -6.30822 -1.78451
-1.68649 -6.38532 -1.78298
-1.70812 -6.4891 -1.76975
-1.71796 -6.53917 -1.75977
-1.72278 -6.56462 -1.7559
-1.73692 -6.64229 -1.74593
-1.74602 -6.69452 -1.7406
-1.75047 -6.72071 -1.73793
-1.75916 -6.77315 -1.73216
-1.76338 -6.79928 -1.72931
-1.76748 -6.8251 -1.72713
-1.77555 -6.87663 -1.72539
-1.78348 -6.92697 -1.72871
-1.78785 -6.954 -1.73297
-1.79707 -7.00879 -1.74227
-1.80188 -7.03613 -1.74775
-1.8172 -7.11742 -1.76616
-1.82795 -7.1696 -1.78209
-1.83416 -7.19782 -1.7924
-1.84665 -7.24995 -1.81955
-1.85365 -7.27656 -1.83636
-1.8694 -7.33007 -1.87777
-1.87814 -7.35664 -1.89925
-1.9081 -7.43411 -1.98056
-1.92028 -7.46097 -2.01238
-1.94579 -7.51074 -2.0762
-1.97445 -7.55882 -2.14066
-1.98945 -7.58147 -2.17083
-2.02122 -7.6252 -2.2274
-2.03759 -7.64597 -2.24921
-2.07177 -7.68657 -2.29204
-2.08944 -7.70633 -2.30836
-2.12495 -7.74435 -2.33565
-2.14305 -7.76303 -2.34518
-2.17932 -7.7998 -2.35381
-2.19746 -7.818 -2.35489
-2.2326 -7.85339 -2.35046
-2.24938 -7.87049 -2.34339
-2.28227 -7.90505 -2.3194
-2.29809 -7.92236 -2.30317
-2.32668 -7.95516 -2.27229
-2.33404 -7.96396 -2.26161
-2.34846 -7.98178 -2.24027
-2.37456 -8.01635 -2.19518
-2.39569 -8.04691 -2.15592
-2.41847 -8.08318 -2.10758
-2.4395 -8.1206 -2.0579
-2.44919 -8.13945 -2.03296
-2.45843 -8.15861 -2.00792
-2.4672 -8.17799 -1.98323
-2.4755 -8.19762 -1.95887
-2.49771 -8.25724 -1.89561
-2.51 -8.29579 -1.86353
-2.51634 -8.31739 -1.84904
-2.52791 -8.35968 -1.82663
-2.53879 -8.40245 -1.81333
-2.5492 -8.44534 -1.80419
-2.55429 -8.46675 -1.80439
-2.56453 -8.50965 -1.80591
-2.56974 -8.53116 -1.81108
-2.58055 -8.57357 -1.82973
-2.58633 -8.59476 -1.84405
-2.59889 -8.63687 -1.87733
-2.61255 -8.67748 -1.91327
-2.62741 -8.71698 -1.94803
-2.63488 -8.73545 -1.96194
-2.65048 -8.77202 -1.98597
-2.65834 -8.78964 -1.99543
-2.66623 -8.80688 -2.0046
-2.67403 -8.82352 -2.01326
-2.68178 -8.8397 -2.02124
-2.70555 -8.88744 -2.04433
-2.71416 -8.90408 -2.05264
-2.72224 -8.91938 -2.06019
-2.73015 -8.9341 -2.06745
-2.74571 -8.96234 -2.08145
-2.75419 -8.97735 -2.08854
-2.77017 -9.00496 -2.10283
-2.77851 -9.019 -2.11012
-2.78702 -9.0331 -2.11774
-2.80442 -9.06115 -2.13404
-2.8222 -9.08882 -2.15013
-2.83132 -9.10263 -2.15881
-2.84989 -9.12996 -2.17619
-2.8593 -9.14345 -2.184
-2.87817 -9.16984 -2.19909
-2.88769 -9.18285 -2.20618
-2.90824 -9.21036 -2.21818
-2.91776 -9.22288 -2.22365
-2.9382 -9.24932 -2.23436
-2.94817 -9.26203 -2.23837
-2.96822 -9.28725 -2.24627
-2.97942 -9.30116 -2.25057
-3.00314 -9.33025 -2.2594
-3.01456 -9.34407 -2.26335
-3.04998 -9.38625 -2.27508
-3.07419 -9.41452 -2.28322
-3.09844 -9.44242 -2.28945
-3.13503 -9.48396 -2.29652
-3.14746 -9.49792 -2.29911
-3.15988 -9.51183 -2.30123
-3.17228 -9.52564 -2.30294
-3.19752 -9.55374 -2.30237
-3.21109 -9.56887 -2.30123
-3.23799 -9.59903 -2.29688
-3.25156 -9.61437 -2.2937
-3.27855 -9.64516 -2.28733
-3.29229 -9.66101 -2.28272
-3.30591 -9.67687 -2.27795
-3.31916 -9.69244 -2.27328
-3.3326 -9.70842 -2.26703
-3.35968 -9.74134 -2.25158
-3.37318 -9.75816 -2.24304
-3.40032 -9.79297 -2.22263
-3.41386 -9.81092 -2.21206
-3.43981 -9.84661 -2.1865
-3.45369 -9.86654 -2.17212
-3.47888 -9.90448 -2.14173
-3.49122 -9.92407 -2.12389
-3.51485 -9.96392 -2.08815
-3.52566 -9.98339 -2.06758
-3.54645 -10.0241 -2.01844
-3.55644 -10.0457 -1.99085
-3.5744 -10.0891 -1.93429
-3.58226 -10.1107 -1.90497
-3.59565 -10.1533 -1.84621
-3.60144 -10.1751 -1.81489
-3.61095 -10.2192 -1.75153
-3.61452 -10.2409 -1.71647
-3.61934 -10.2853 -1.64116
-3.62044 -10.3074 -1.60003
-3.61991 -10.3502 -1.51685
-3.61831 -10.3713 -1.47313
-3.61574 -10.3925 -1.42757
-3.61241 -10.4123 -1.38091
-3.60821 -10.4317 -1.33362
-3.59712 -10.4691 -1.23215
-3.58982 -10.4882 -1.17653
-3.58222 -10.5051 -1.12189
-3.57375 -10.5215 -1.0666
-3.56431 -10.5375 -1.00887
-3.54357 -10.5666 -0.894195
-3.53264 -10.5795 -0.837466
-3.50916 -10.6027 -0.721401
-3.49673 -10.613 -0.662248
-3.48376 -10.6225 -0.602582
-3.47071 -10.6309 -0.54128
-3.45735 -10.6383 -0.480129
-3.43046 -10.6503 -0.358298
-3.41709 -10.6549 -0.297623
-3.39232 -10.6609 -0.177669
-3.37997 -10.6627 -0.11587
-3.34259 -10.6635 0.0723766
-3.31836 -10.6602 0.200592
-3.30692 -10.6575 0.263611
-3.28571 -10.6504 0.383125
-3.27546 -10.6459 0.442137
-3.26505 -10.6406 0.503279
-3.25533 -10.6348 0.562404
-3.24602 -10.6286 0.620981
-3.21984 -10.6062 0.790977
-3.2042 -10.5886 0.901164
-3.19673 -10.5786 0.952335
-3.18333 -10.5576 1.05477
-3.17742 -10.5466 1.10174
-3.16707 -10.5237 1.19017
-3.16263 -10.5119 1.22982
-3.15488 -10.4873 1.30296
-3.15154 -10.4743 1.33698
-3.14596 -10.4472 1.39756
-3.14372 -10.4333 1.4251
-3.14018 -10.4049 1.46802
-3.13873 -10.3896 1.48511
-3.13572 -10.3429 1.52804
-3.13451 -10.311 1.53739
-3.134 -10.295 1.54023
-3.13353 -10.279 1.54277
-3.133 -10.2612 1.53953
-3.13241 -10.2437 1.53465
-3.13088 -10.2086 1.51982
-3.12989 -10.1907 1.51109
-3.12734 -10.1547 1.48916
-3.12571 -10.1362 1.47657
-3.12383 -10.1176 1.46309
-3.12167 -10.0989 1.44903
-3.1192 -10.0799 1.43335
-3.10969 -10.0219 1.3835
-3.10171 -9.98345 1.3487
-3.09724 -9.96441 1.33189
-3.08741 -9.92669 1.29951
-3.08211 -9.90821 1.28413
-3.06472 -9.85334 1.24349
-3.05828 -9.83478 1.23003
-3.04495 -9.79855 1.20633
-3.03756 -9.77953 1.19471
-3.02968 -9.75992 1.18278
-3.02198 -9.74136 1.17168
-2.99649 -9.68334 1.14211
-2.9783 -9.64437 1.12599
-2.96892 -9.62485 1.11978
-2.93992 -9.56618 1.10369
-2.91948 -9.52597 1.09724
-2.9092 -9.50597 1.09524
-2.88744 -9.46381 1.09323
-2.87716 -9.44395 1.09329
-2.84222 -9.37611 1.09708
-2.81964 -9.3318 1.102
-2.80826 -9.30926 1.10468
-2.79676 -9.28632 1.10737
-2.77367 -9.24003 1.10858
-2.74988 -9.19229 1.1084
-2.73804 -9.16856 1.10794
-2.71469 -9.12165 1.11009
-2.70296 -9.09797 1.11122
-2.68035 -9.05221 1.11258
-2.65858 -9.00803 1.11321
-2.63653 -8.96343 1.11046
-2.62549 -8.94121 1.10851
-2.5927 -8.87558 1.10634
-2.57137 -8.83296 1.10727
-2.56056 -8.81129 1.10893
-2.5398 -8.76937 1.11292
-2.52953 -8.74852 1.11364
-2.50899 -8.70671 1.11429
-2.4885 -8.6651 1.11259
-2.46796 -8.62358 1.11014
-2.45768 -8.60289 1.10915
-2.43717 -8.56168 1.10877
-2.42723 -8.54172 1.10883
-2.40745 -8.50198 1.10894
-2.39781 -8.48262 1.10838
-2.38835 -8.46367 1.10739
-2.37886 -8.44472 1.10591
-2.36938 -8.42586 1.10439
-2.34102 -8.36984 1.09982
-2.33163 -8.35144 1.0978
-2.32219 -8.33303 1.09627
-2.31268 -8.31454 1.09579
-2.29452 -8.27926 1.09487
-2.28535 -8.26145 1.09543
-2.26748 -8.22672 1.09587
-2.25879 -8.20981 1.09628
-2.25017 -8.19302 1.09683
-2.24175 -8.1766 1.09688
-2.23337 -8.16027 1.09672
-2.2167 -8.12785 1.09537
-2.20838 -8.1117 1.09436
-2.19188 -8.07979 1.09259
-2.18363 -8.0639 1.09211
-2.17557 -8.04836 1.09164
-2.16756 -8.03296 1.09119
-2.15974 -8.01792 1.09098
-2.14407 -7.98783 1.09055
-2.13617 -7.97266 1.09096
-2.12834 -7.95761 1.09144
-2.12089 -7.94327 1.09148
-2.11359 -7.92924 1.09096
-2.0921 -7.88808 1.08793
-2.08544 -7.87539 1.08696
-2.07845 -7.86212 1.08565
-2.0712 -7.84838 1.08405
-2.05088 -7.81018 1.08015
-2.04415 -7.7976 1.07881
-2.03744 -7.7851 1.07727
-2.03085 -7.77286 1.07675
-2.01786 -7.74875 1.07646
-2.01161 -7.73716 1.07615
-1.99919 -7.71413 1.07622
-1.99298 -7.7026 1.07717
-1.98688 -7.69124 1.07877
-1.98073 -7.67974 1.08072
-1.97457 -7.66816 1.08284
-1.96172 -7.64378 1.08843
-1.95524 -7.63137 1.09156
-1.9486 -7.61855 1.09434
-1.94189 -7.6055 1.09696
-1.9348 -7.59164 1.09915
-1.92777 -7.57781 1.10153
-1.9134 -7.54931 1.10637
-1.89791 -7.51823 1.11008
-1.88985 -7.50197 1.11225
-1.88176 -7.4855 1.11495
-1.87367 -7.46895 1.11801
-1.86554 -7.45217 1.12124
-1.84871 -7.41698 1.12815
-1.84027 -7.3991 1.13083
-1.82334 -7.36282 1.13778
-1.81472 -7.34412 1.13993
-1.80611 -7.32534 1.14209
-1.79758 -7.30662 1.14424
-1.78904 -7.28779 1.14585
-1.77068 -7.24704 1.14914
-1.76132 -7.22611 1.15146
-1.74255 -7.18367 1.15734
-1.73319 -7.16223 1.16053
-1.72415 -7.14135 1.16365
-1.71484 -7.11967 1.16759
-1.70552 -7.09768 1.1719
-1.68765 -7.05488 1.17851
-1.67883 -7.03345 1.18221
-1.6614 -6.99043 1.18958
-1.64344 -6.9452 1.19604
-1.62575 -6.89983 1.20198
-1.61668 -6.87626 1.20465
-1.59887 -6.82952 1.20897
-1.59002 -6.80607 1.21114
-1.57286 -6.76012 1.21537
-1.56435 -6.73715 1.21701
-1.54709 -6.69016 1.22029
-1.53836 -6.6662 1.22237
-1.52088 -6.61777 1.22668
-1.5121 -6.59316 1.22914
-1.50329 -6.5683 1.23183
-1.49472 -6.54386 1.23496
-1.48625 -6.51946 1.23827
-1.46961 -6.47063 1.24646
-1.46157 -6.44655 1.25125
-1.45416 -6.42399 1.25524
-1.44663 -6.40077 1.2593
-1.4382 -6.37438 1.26381
-1.42221 -6.3232 1.27236
-1.41417 -6.29686 1.27666
-1.40618 -6.27029 1.28063
-1.39822 -6.24346 1.28387
-1.3903 -6.21648 1.28674
-1.37462 -6.16233 1.29105
-1.36688 -6.13531 1.29308
-1.35159 -6.08106 1.29895
-1.3438 -6.05291 1.30248
-1.3286 -5.99683 1.30964
-1.32133 -5.96945 1.31338
-1.30714 -5.9147 1.32089
-1.3005 -5.88848 1.32489
-1.28753 -5.83592 1.3329
-1.28137 -5.81025 1.33748
-1.27534 -5.78462 1.34227
-1.26939 -5.7587 1.34757
-1.26346 -5.73226 1.35267
-1.252 -5.67948 1.36139
-1.24659 -5.65383 1.36476
-1.23613 -5.60322 1.36908
-1.23114 -5.57869 1.37124
-1.22136 -5.52971 1.37622
-1.21673 -5.50592 1.38096
-1.20771 -5.4577 1.39057
-1.20341 -5.43382 1.3951
-1.19119 -5.36239 1.40748
-1.18736 -5.33895 1.41017
-1.18375 -5.31653 1.41266
-1.18021 -5.29411 1.41515
-1.17327 -5.2492 1.42014
-1.1699 -5.22676 1.42267
-1.16066 -5.16188 1.4361
-1.1578 -5.14042 1.44083
-1.15232 -5.09708 1.44903
-1.14716 -5.05365 1.45602
-1.14467 -5.03213 1.45541
-1.13962 -4.98918 1.45186
-1.13709 -4.96834 1.44843
-1.13167 -4.92634 1.43665
-1.12853 -4.90369 1.42946
-1.11758 -4.8345 1.39797
-1.1089 -4.78813 1.37366
-1.10405 -4.7647 1.35973
-1.08756 -4.69491 1.31797
-1.07513 -4.64941 1.29014
-1.06854 -4.6271 1.27713
-1.05437 -4.58231 1.2515
-1.04686 -4.56008 1.23872
-1.03107 -4.51608 1.21366
-1.02202 -4.49235 1.19913
-0.993011 -4.42227 1.15755
-0.972429 -4.37684 1.13322
-0.961775 -4.35443 1.12096
-0.939643 -4.30999 1.09644
-0.928215 -4.2881 1.08324
-0.904208 -4.24427 1.05614
-0.891641 -4.22238 1.04277
-0.865905 -4.17944 1.01896
-0.852749 -4.15831 1.00893
-0.825248 -4.11544 0.99194
-0.811595 -4.0947 0.985137
-0.77112 -4.03494 0.965869
-0.742382 -3.99398 0.952147
-0.728154 -3.9741 0.94709
-0.685018 -3.91494 0.934427
-0.657028 -3.87704 0.935086
-0.643528 -3.85869 0.937961
-0.598273 -3.79584 0.955496
-0.570273 -3.75572 0.967351
-0.556696 -3.73589 0.973635
-0.542966 -3.71556 0.980009
-0.529237 -3.69494 0.986467
-0.515512 -3.67401 0.994367
-0.476655 -3.61245 1.02122
-0.436024 -3.54366 1.05333
-0.386629 -3.45329 1.08785
-0.360916 -3.40332 1.10328
-0.348345 -3.37817 1.11116
-0.323718 -3.32741 1.12706
-0.311866 -3.30222 1.13484
-0.277767 -3.22682 1.15739
-0.266402 -3.2007 1.16335
-0.255089 -3.17427 1.16923
-0.243833 -3.14755 1.17505
-0.221489 -3.09314 1.18715
-0.210477 -3.06555 1.19501
-0.199603 -3.0377 1.2021
-0.188855 -3.00961 1.2086
-0.178648 -2.98248 1.21323
-0.148518 -2.90033 1.2253
-0.138411 -2.87216 1.22747
-0.128208 -2.84364 1.22702
-0.117888 -2.81487 1.22574
-0.0860627 -2.72749 1.21721
-0.0648096 -2.67083 1.20671
-0.0541131 -2.643 1.20112
-0.0204504 -2.5584 1.18302
0.0035053 -2.50075 1.17096
0.0156225 -2.47228 1.16588
0.0402149 -2.41567 1.15609
0.0525736 -2.38776 1.15178
0.0773159 -2.33286 1.14286
0.089887 -2.30551 1.13726
0.116086 -2.24969 1.12663
0.129565 -2.22157 1.12095
0.157049 -2.16525 1.11265
0.170508 -2.13808 1.10916
0.213082 -2.05343 1.10036
0.241728 -1.99767 1.09212
0.256444 -1.96942 1.08897
0.286206 -1.91265 1.08693
0.315865 -1.85578 1.09319
0.345107 -1.79865 1.10228
0.358916 -1.77117 1.1079
0.386041 -1.71605 1.11916
0.400516 -1.68594 1.12615
0.429518 -1.62371 1.14323
0.443093 -1.59355 1.15244
0.48148 -1.50381 1.18075
0.505205 -1.44496 1.19432
0.517565 -1.41337 1.20145
0.540001 -1.35419 1.21541
0.552508 -1.32011 1.22283
0.575289 -1.25606 1.23531
0.585867 -1.22545 1.24086
0.616664 -1.13312 1.25679
0.637431 -1.06827 1.26498
0.647729 -1.03545 1.26855
0.667369 -0.971927 1.27333
0.677576 -0.938529 1.27506
0.696543 -0.875693 1.28022
0.705595 -0.845308 1.28231
0.725085 -0.778883 1.28847
0.734658 -0.745742 1.29073
0.744052 -0.712946 1.29292
0.753238 -0.680612 1.2951
0.76209 -0.649169 1.29759
0.779483 -0.586319 1.30405
0.787965 -0.555036 1.30799
0.804463 -0.492625 1.31675
0.812962 -0.459562 1.32161
0.829287 -0.394441 1.32873
0.83715 -0.362412 1.33141
0.852493 -0.299044 1.33506
0.860109 -0.267185 1.33725
0.867736 -0.234934 1.33989
0.875314 -0.202464 1.34312
0.882479 -0.171353 1.3458
0.897467 -0.1053 1.34952
0.905094 -0.0713605 1.34996
0.912328 -0.0391712 1.34951
0.926492 0.0237834 1.34949
0.933587 0.0552868 1.34905
0.940738 0.0869931 1.34888
0.947924 0.118846 1.34897
0.962443 0.182993 1.34743
0.969772 0.214988 1.34384
0.977057 0.24624 1.33969
0.984344 0.276893 1.33514
0.9919 0.308104 1.3314
0.999368 0.338466 1.32785
1.00637 0.366507 1.32454
1.014 0.396662 1.32127
1.03047 0.460344 1.31399
1.03874 0.491546 1.30983
1.04713 0.522718 1.30565
1.05543 0.552996 1.30083
1.06374 0.582718 1.29566
1.0804 0.640797 1.28722
1.08889 0.669675 1.28258
1.10627 0.727311 1.27322
1.11509 0.75575 1.26659
1.12426 0.784588 1.25966
1.13383 0.813974 1.25227
1.1432 0.841979 1.24332
1.17254 0.924307 1.21352
1.19364 0.978631 1.18733
1.2044 1.00479 1.17382
1.22801 1.05874 1.14267
1.24006 1.08461 1.1268
1.26564 1.13619 1.09433
1.27867 1.16093 1.07745
1.31995 1.23296 1.02344
1.33398 1.25546 1.00251
1.34797 1.27683 0.980039
1.36319 1.29892 0.955143
1.39705 1.34409 0.89982
1.41461 1.3656 0.872423
1.44982 1.40531 0.818258
1.46827 1.42446 0.790247
1.50664 1.46106 0.733148
1.52616 1.47809 0.70197
1.5667 1.51026 0.639737
1.58621 1.52437 0.612192
1.62642 1.55099 0.557037
1.64602 1.56285 0.531774
1.66548 1.57398 0.507541
1.68778 1.586 0.481208
1.70987 1.59718 0.456106
1.75241 1.61691 0.412053
1.77368 1.62595 0.392025
1.81616 1.64273 0.36033
1.83687 1.65041 0.349601
1.87849 1.66509 0.328848
1.89878 1.67195 0.323123
1.91898 1.67867 0.318966
1.939 1.68525 0.316406
1.95879 1.69172 0.315165
1.99657 1.70407 0.316754
2.01543 1.71029 0.320207
2.05515 1.72378 0.334685
2.07506 1.73082 0.345175
2.09412 1.7378 0.357337
2.11195 1.74459 0.370445
2.12887 1.7513 0.384187
2.16776 1.76786 0.420963
2.18444 1.7755 0.437669
2.21977 1.79287 0.476529
2.23731 1.80216 0.497561
2.25445 1.81171 0.518681
2.27107 1.82143 0.539945
2.287 1.83121 0.56172
2.32022 1.85326 0.609935
2.33753 1.86569 0.635871
2.3698 1.89078 0.68598
2.38552 1.904 0.711718
2.40083 1.91752 0.73534
2.41595 1.93153 0.75938
2.43082 1.946 0.783882
2.4597 1.97629 0.834713
2.47369 1.99217 0.862571
2.50015 2.025 0.922123
2.51273 2.04215 0.953788
2.5247 2.0596 0.985655
2.53573 2.07683 1.01733
2.54639 2.09472 1.04877
2.56648 2.1323 1.11121
2.57565 2.1516 1.14259
2.59237 2.19153 1.20618
2.59977 2.21185 1.2372
2.61276 2.25361 1.30113
2.61824 2.27474 1.33261
2.62719 2.31742 1.39551
2.6306 2.33842 1.42471
2.63547 2.37983 1.48248
2.63695 2.39952 1.50985
2.63786 2.41871 1.53636
2.63828 2.43974 1.5654
2.63808 2.46135 1.59492
2.63578 2.50504 1.65176
2.63383 2.52572 1.67793
2.62854 2.56624 1.72318
2.62519 2.58675 1.74273
2.61777 2.62592 1.77309
2.61319 2.64765 1.78393
2.60331 2.69107 1.80528
2.59826 2.71187 1.81286
2.58812 2.75201 1.82329
2.58279 2.77256 1.82652
2.57693 2.79489 1.82828
2.57141 2.81587 1.8274
2.56603 2.83645 1.8255
2.55569 2.87695 1.8159
2.55047 2.89816 1.80842
2.54085 2.9397 1.78858
2.53634 2.96061 1.77715
2.52802 3.00296 1.75247
2.52424 3.02426 1.7404
2.5175 3.06669 1.71637
2.51465 3.08683 1.70611
2.5095 3.12771 1.68643
2.50707 3.14968 1.67561
2.50302 3.19235 1.65486
2.50136 3.21346 1.64389
2.49991 3.23506 1.63222
2.49782 3.27677 1.6095
2.49712 3.2978 1.59839
2.49665 3.31909 1.58736
2.49641 3.34009 1.57694
2.49648 3.38135 1.5613
2.49675 3.40268 1.55484
2.49717 3.42434 1.54846
2.49768 3.44436 1.54212
2.49834 3.46499 1.53548
2.50144 3.53167 1.51311
2.50437 3.57558 1.49532
2.50604 3.59664 1.48752
2.50977 3.63798 1.47431
2.51169 3.65744 1.47035
2.51577 3.69633 1.46242
2.51803 3.71691 1.46054
2.52497 3.77887 1.45775
2.52942 3.81785 1.45685
2.53177 3.83835 1.45637
2.53664 3.88059 1.45537
2.53896 3.9005 1.4549
2.54356 3.93993 1.4544
2.5458 3.95924 1.4555
2.5501 3.99694 1.45937
2.55223 4.01631 1.46258
2.55622 4.05422 1.46966
2.55814 4.07355 1.47305
2.56168 4.11065 1.47821
2.56337 4.12904 1.48027
2.56697 4.16937 1.48363
2.56868 4.18903 1.48426
2.57195 4.22721 1.48623
2.57355 4.24613 1.4868
2.5766 4.2826 1.48795
2.57818 4.30179 1.48907
2.58121 4.33956 1.49279
2.58268 4.35871 1.49494
2.58555 4.39758 1.49925
2.58689 4.4165 1.50131
2.58814 4.43473 1.50329
2.5909 4.47626 1.50567
2.59358 4.51748 1.50578
2.59489 4.53748 1.50583
2.5973 4.57418 1.50419
2.5988 4.59668 1.50425
2.60286 4.65884 1.50714
2.6054 4.69949 1.5093
2.6067 4.72067 1.51008
2.60922 4.76206 1.50975
2.61048 4.78229 1.50783
2.61718 4.87055 1.48218
2.62143 4.91358 1.46271
2.62389 4.93524 1.45202
2.62659 4.95686 1.44101
2.62945 4.9778 1.4294
2.63267 4.99943 1.41626
2.64049 5.04484 1.3844
2.64489 5.06716 1.36789
2.65479 5.1111 1.33049
2.6601 5.13194 1.31202
2.67312 5.17741 1.27179
2.68001 5.19902 1.25256
2.69444 5.24022 1.21554
2.70248 5.2613 1.19677
2.71971 5.30288 1.15942
2.72895 5.32354 1.14108
2.74888 5.36506 1.10521
2.7595 5.38574 1.08758
2.78132 5.42571 1.05489
2.79215 5.44452 1.04145
2.81532 5.48301 1.01654
2.82804 5.5033 1.00466
2.85413 5.5433 0.980976
2.88039 5.58165 0.959905
2.90768 5.61997 0.944093
2.92149 5.63893 0.938175
2.94919 5.67662 0.935838
2.96321 5.69568 0.938001
2.97727 5.71495 0.942584
2.99125 5.7343 0.948037
3.00482 5.75333 0.954389
3.03054 5.79016 0.96796
3.04375 5.80951 0.975564
3.08329 5.86947 1.00005
3.09598 5.88945 1.00958
3.12074 5.92982 1.0317
3.14444 5.97065 1.05792
3.15578 5.99108 1.07057
3.16677 6.01146 1.08227
3.17754 6.032 1.09334
3.18815 6.05275 1.10281
3.20907 6.09492 1.11767
3.21963 6.11676 1.12329
3.25092 6.18339 1.14014
3.27189 6.22974 1.15185
3.28207 6.25279 1.15783
3.30183 6.29862 1.1697
3.31149 6.32158 1.17493
3.33096 6.36872 1.18358
3.34076 6.39293 1.18811
3.36006 6.44149 1.1972
3.36956 6.46591 1.20236
3.38814 6.51478 1.21265
3.39748 6.53992 1.21751
3.43412 6.64225 1.23638
3.46068 6.71946 1.24263
3.47852 6.77203 1.24445
3.49636 6.82483 1.24541
3.51388 6.87666 1.2445
3.52268 6.90265 1.24404
3.54883 6.97928 1.23965
3.56689 7.03167 1.23832
3.58552 7.08573 1.2393
3.60364 7.13847 1.24046
3.61267 7.16488 1.2421
3.63025 7.21662 1.24452
3.63896 7.24242 1.24616
3.65645 7.29452 1.24767
3.66522 7.32073 1.24826
3.68216 7.37157 1.25007
3.6912 7.39888 1.25191
3.70902 7.45315 1.25525
3.71747 7.47911 1.25657
3.73446 7.5316 1.25907
3.74293 7.55793 1.25967
3.76804 7.63623 1.26146
3.78457 7.68792 1.26081
3.79295 7.71409 1.26088
3.80954 7.76576 1.25944
3.81721 7.78956 1.25852
3.83331 7.8391 1.2548
3.84179 7.8649 1.25139
3.85036 7.89063 1.24719
3.85923 7.91684 1.24203
3.86821 7.94293 1.23636
3.87719 7.96849 1.22965
3.88634 7.99398 1.2226
3.89567 8.01939 1.21534
3.91334 8.06605 1.20237
3.92346 8.09196 1.1945
3.94237 8.13871 1.17818
3.95217 8.16208 1.16917
3.97109 8.20559 1.15219
3.98142 8.22853 1.14316
3.99247 8.25247 1.13377
4.00267 8.2741 1.12661
4.02365 8.31737 1.1119
4.03392 8.33802 1.10626
4.04411 8.35822 1.10105
4.05439 8.37831 1.09428
4.07507 8.41768 1.08005
4.08555 8.4371 1.07237
4.10694 8.4756 1.05497
4.11784 8.49462 1.04583
4.13995 8.53208 1.02914
4.15108 8.55042 1.02159
4.17357 8.58659 1.00746
4.18476 8.60419 1.00177
4.19605 8.62173 0.996064
4.20734 8.63906 0.990173
4.21843 8.65583 0.983594
4.24172 8.69035 0.97073
4.25349 8.70745 0.964941
4.27706 8.7411 0.954826
4.28889 8.75778 0.952416
4.30077 8.77445 0.951435
4.31272 8.79125 0.95389
4.32442 8.80783 0.958031
4.34693 8.84049 0.976744
4.35847 8.85784 0.990767
4.38033 8.8926 1.02843
4.39027 8.90954 1.05156
4.39981 8.92668 1.07467
4.40893 8.94402 1.09805
4.4173 8.96097 1.12568
4.4327 8.99599 1.18752
4.43943 9.01358 1.22321
4.45071 9.04894 1.30076
4.45529 9.06697 1.34324
4.46186 9.10249 1.4324
4.46384 9.11936 1.47626
4.4655 9.15609 1.57511
4.465 9.17345 1.62359
4.46362 9.191 1.6745
4.46137 9.20835 1.72587
4.45833 9.22497 1.77694
4.44956 9.25803 1.88359
4.44384 9.27417 1.93837
4.42998 9.305 2.04862
4.422 9.31943 2.10326
4.40425 9.34613 2.21137
4.39469 9.35827 2.26477
4.3852 9.3691 2.31581
4.37422 9.38036 2.37223
4.3616 9.39184 2.43406
4.33699 9.41052 2.55033
4.32402 9.41868 2.60961
4.31082 9.42594 2.66842
4.29743 9.43231 2.72665
4.28426 9.43766 2.78414
4.24304 9.44912 2.95689
4.2145 9.45276 3.07239
4.20018 9.45334 3.12978
4.17197 9.45209 -3.04084
4.15818 9.45031 -2.98542
4.12884 9.44391 -2.86869
4.11538 9.43975 -2.8149
4.08922 9.4293 -2.70762
4.07662 9.42305 -2.65584
4.05161 9.40814 -2.55156
4.03959 9.39964 -2.50139
4.01706 9.38107 -2.4027
4.00637 9.37087 -2.35687
3.98606 9.34884 -2.27447
3.97671 9.33739 -2.23701
3.95951 9.31404 -2.17413
3.95055 9.3006 -2.14357
3.93387 9.27299 -2.08487
3.92625 9.25915 -2.06308
3.91194 9.231 -2.01952
3.90466 9.21554 -2.00185
3.89075 9.18408 -1.97242
3.88408 9.16813 -1.96131
3.8711 9.13583 -1.94448
3.86476 9.11951 -1.93799
3.85849 9.10305 -1.93219
3.85247 9.087 -1.92692
3.84662 9.07115 -1.92189
3.83406 9.03611 -1.90799
3.82821 9.01921 -1.90008
3.81696 8.98539 -1.88349
3.81136 8.96781 -1.87495
3.80593 8.95024 -1.86622
3.80068 8.93271 -1.85728
3.79553 8.91496 -1.84958
3.78574 8.87982 -1.83508
3.78094 8.86185 -1.82889
3.77129 8.82454 -1.81874
3.76665 8.80602 -1.81394
3.7577 8.76935 -1.80647
3.75293 8.74929 -1.80206
3.74831 8.72943 -1.79684
3.74379 8.70952 -1.79149
3.73934 8.68944 -1.78619
3.73055 8.64841 -1.77723
3.72624 8.62763 -1.77374
3.71782 8.58602 -1.76689
3.71389 8.56614 -1.7652
3.71011 8.54691 -1.76468
3.70539 8.52289 -1.76495
3.70053 8.49822 -1.76583
3.69175 8.45407 -1.76847
3.68742 8.4325 -1.76941
3.68253 8.4082 -1.7694
3.67769 8.38414 -1.76872
3.67305 8.3609 -1.76709
3.66395 8.31497 -1.76576
3.65931 8.29155 -1.76674
3.64975 8.24406 -1.77241
3.64491 8.22074 -1.77825
3.63995 8.19754 -1.78483
3.63442 8.17257 -1.79235
3.62876 8.14789 -1.80027
3.61709 8.09961 -1.81567
3.61105 8.07579 -1.82242
3.59867 8.02903 -1.83703
3.59152 8.00326 -1.84586
3.58454 7.97904 -1.85636
3.57733 7.95497 -1.86768
3.56956 7.93019 -1.88151
3.55304 7.88126 -1.91119
3.54433 7.8572 -1.92537
3.53532 7.83336 -1.93891
3.52605 7.80976 -1.95091
3.51661 7.78648 -1.96154
3.49661 7.73922 -1.98087
3.48615 7.71546 -1.99006
3.46512 7.6694 -2.00805
3.45361 7.64512 -2.01881
3.42971 7.59671 -2.04002
3.41706 7.57206 -2.04968
3.40455 7.5482 -2.05772
3.39197 7.52464 -2.06496
3.37899 7.50071 -2.07041
3.35266 7.45309 -2.0813
3.33898 7.42876 -2.08464
3.31112 7.37975 -2.09088
3.29722 7.35557 -2.09423
3.26938 7.30765 -2.09996
3.25542 7.28385 -2.10247
3.22897 7.23906 -2.10617
3.21471 7.21507 -2.10772
3.20043 7.19112 -2.10926
3.18629 7.16749 -2.11085
3.17325 7.14578 -2.11266
3.14182 7.09383 -2.11696
3.12685 7.06926 -2.11897
3.09695 7.02041 -2.12111
3.08185 6.9958 -2.12127
3.06675 6.9712 -2.1212
3.05154 6.94634 -2.11924
3.03627 6.92129 -2.11694
3.00578 6.87079 -2.11104
2.99096 6.84598 -2.10749
2.97471 6.81857 -2.10454
2.95855 6.79115 -2.10188
2.94317 6.76491 -2.09971
2.92787 6.73863 -2.09686
2.89747 6.6859 -2.0904
2.88232 6.65931 -2.08717
2.86718 6.63254 -2.08396
2.85193 6.60541 -2.08183
2.82141 6.55078 -2.07858
2.80607 6.52317 -2.07765
2.77504 6.46739 -2.0793
2.7597 6.43992 -2.08073
2.745 6.41365 -2.08115
2.72973 6.3864 -2.08168
2.71361 6.35765 -2.0824
2.68123 6.30009 -2.08395
2.66536 6.27198 -2.08565
2.61691 6.18676 -2.08986
2.58339 6.12816 -2.09077
2.56649 6.09862 -2.09069
2.53218 6.03859 -2.089
2.51497 6.00837 -2.0882
2.48095 5.9486 -2.08848
2.46417 5.91913 -2.08787
2.43066 5.86007 -2.08611
2.41384 5.83029 -2.08339
2.3973 5.80077 -2.07979
2.38093 5.77128 -2.07564
2.36362 5.73978 -2.07074
2.33006 5.67763 -2.06098
2.29924 5.61908 -2.04984
2.26926 5.56006 -2.03152
2.25405 5.52897 -2.02057
2.23949 5.49838 -2.00927
2.22538 5.46785 -1.99787
2.21132 5.43653 -1.98783
2.18408 5.37333 -1.96769
2.17116 5.34205 -1.9573
2.14609 5.2781 -1.93155
2.13413 5.24563 -1.91605
2.1228 5.21333 -1.89982
2.11172 5.18008 -1.88518
2.10103 5.14641 -1.87127
2.08127 5.07998 -1.84869
2.07257 5.0489 -1.83882
2.06338 5.01455 -1.82567
2.05438 4.97896 -1.81098
2.04614 4.94411 -1.79481
2.03196 4.87752 -1.76646
2.02539 4.84338 -1.75563
2.01297 4.77362 -1.73828
2.00723 4.7388 -1.72989
2.00184 4.70416 -1.72085
1.99684 4.67 -1.71089
1.9922 4.63583 -1.70111
1.98382 4.56766 -1.68502
1.98005 4.53389 -1.67917
1.97274 4.46677 -1.67934
1.969 4.43277 -1.6811
1.96137 4.36494 -1.68459
1.95779 4.33373 -1.68548
1.95404 4.3014 -1.68695
1.94985 4.26599 -1.69022
1.94564 4.23187 -1.69671
1.93675 4.16663 -1.71585
1.93177 4.13383 -1.72737
1.9203 4.06615 -1.74978
1.91425 4.03356 -1.75891
1.90124 3.96828 -1.77615
1.89432 3.93581 -1.78575
1.87952 3.87109 -1.80529
1.87163 3.83889 -1.81721
1.86358 3.80762 -1.82788
1.85545 3.77725 -1.8372
1.84637 3.74453 -1.84537
1.8276 3.6796 -1.85907
1.81811 3.64801 -1.86667
1.79817 3.58493 -1.88712
1.78772 3.55367 -1.89959
1.77698 3.52288 -1.91367
1.76591 3.49251 -1.92681
1.75451 3.46242 -1.93928
1.73159 3.40468 -1.95782
1.71898 3.37416 -1.96765
1.68045 3.28588 -1.99702
1.66738 3.25748 -2.00682
1.65258 3.22611 -2.01696
1.63851 3.19694 -2.02323
1.61077 3.14054 -2.03244
1.5966 3.11218 -2.03607
1.56729 3.05406 -2.03971
1.5371 2.99476 -2.04384
1.50671 2.93592 -2.05118
1.49162 2.90708 -2.05447
1.47648 2.87837 -2.05747
1.46105 2.84929 -2.06001
1.44589 2.82091 -2.06295
1.41487 2.76362 -2.07112
1.39811 2.73316 -2.07645
1.36463 2.6734 -2.08647
1.34837 2.64486 -2.0906
1.317 2.59047 -2.09738
1.29999 2.56128 -2.09946
1.26625 2.50373 -2.1027
1.24932 2.47502 -2.10467
1.21529 2.41772 -2.10871
1.19869 2.38991 -2.1094
1.18234 2.36255 -2.10932
1.16618 2.33551 -2.10924
1.1497 2.30789 -2.10859
1.09681 2.21836 -2.10025
1.06349 2.16081 -2.09066
1.04661 2.13111 -2.08496
1.01337 2.07146 -2.07342
0.997565 2.04244 -2.06548
0.966257 1.98317 -2.04813
0.951205 1.95375 -2.03937
0.92077 1.89238 -2.02297
0.906157 1.86203 -2.01602
0.878744 1.80349 -2.00139
0.864746 1.77262 -1.99167
0.837615 1.71039 -1.97225
0.824504 1.67909 -1.96264
0.799263 1.61634 -1.94388
0.787496 1.58595 -1.93659
0.753441 1.49429 -1.91648
0.732014 1.43304 -1.89805
0.721589 1.40186 -1.88891
0.701749 1.34017 -1.87506
0.692253 1.30969 -1.8706
0.672129 1.24419 -1.86715
0.662657 1.21308 -1.8655
0.643728 1.14962 -1.85582
0.634536 1.11794 -1.85052
0.625432 1.08596 -1.84588
0.616427 1.0538 -1.84164
0.607682 1.02223 -1.84051
0.573104 0.897089 -1.84024
0.55674 0.837049 -1.83354
0.548835 0.807412 -1.82938
0.540815 0.776913 -1.82649
0.532738 0.745891 -1.82449
0.516793 0.684704 -1.82697
0.509112 0.6555 -1.82898
0.50152 0.626864 -1.83097
0.493929 0.598442 -1.8326
0.479007 0.542561 -1.83089
0.471479 0.51418 -1.82924
0.456854 0.459073 -1.83117
0.449669 0.43227 -1.83424
0.442473 0.405809 -1.83843
0.428289 0.355312 -1.8508
0.413581 0.305567 -1.86577
0.405933 0.28073 -1.87324
0.390631 0.232966 -1.88843
0.382878 0.209742 -1.89755
0.374953 0.186831 -1.91005
0.366651 0.163878 -1.92568
0.357979 0.141087 -1.94307
0.348914 0.118688 -1.96761
0.339451 0.0969138 -1.99398
0.329832 0.0763704 -2.02345
0.319489 0.0559748 -2.05674
0.308431 0.0359052 -2.09206
0.297842 0.0182081 -2.12793
0.27463 -0.0160519 -2.20462
0.261912 -0.0325881 -2.24826
0.248432 -0.0485765 -2.29426
0.235009 -0.0630777 -2.34093
0.221241 -0.0766154 -2.38838
0.177859 -0.111727 -2.53395
0.149736 -0.129378 -2.62827
0.135797 -0.13681 -2.67517
0.109752 -0.148487 -2.76507
0.0949771 -0.153876 -2.8187
0.0807785 -0.158223 -2.87026
0.0672193 -0.161636 -2.91974
0.0539138 -0.164273 -2.97215
0.0271298 -0.167402 -3.07844
0.0141419 -0.16787 -3.13271
-0.0103581 -0.166741 3.04062
-0.0218501 -0.165263 2.9868
-0.04344 -0.160691 2.87902
-0.0545631 -0.157355 2.8214
-0.0646682 -0.153696 2.76695
-0.0743412 -0.14959 2.71333
-0.0833838 -0.145173 2.6612
-0.101406 -0.134497 2.55232
-0.109591 -0.128702 2.49882
-0.117205 -0.122685 2.44683
-0.123996 -0.11674 2.39821
-0.130436 -0.110525 2.34964
-0.142327 -0.0972429 2.25241
-0.147685 -0.0903126 2.20539
-0.157111 -0.0762432 2.1168
-0.161312 -0.0689765 2.0731
-0.165334 -0.0612735 2.03093
-0.169 -0.0534699 1.98907
-0.172312 -0.0455836 1.94752
-0.178165 -0.0288616 1.86749
-0.18059 -0.0203425 1.82878
-0.182628 -0.0119933 1.79172
-0.18431 -0.00383211 1.75631
-0.185777 0.00483636 1.72045
-0.186961 0.0137877 1.68424
-0.187873 0.0233504 1.6476
-0.188438 0.0329745 1.61129
-0.18854 0.0528639 1.54052
-0.188046 0.0632188 1.50575
-0.18587 0.0848138 1.43503
-0.184103 0.0962176 1.3991
-0.181789 0.108258 1.36277
-0.178964 0.120539 1.32656
-0.175518 0.133388 1.29096
-0.166892 0.159815 1.21961
-0.161776 0.173076 1.18559
-0.150123 0.199302 1.11975
-0.143295 0.21283 1.08703
-0.135754 0.226625 1.05398
-0.128009 0.23978 1.02344
-0.119952 0.252564 0.993471
-0.102682 0.277473 0.935623
-0.0930859 0.290105 0.906663
-0.0723251 0.315161 0.851083
-0.0611813 0.327538 0.824461
-0.049401 0.33996 0.799401
-0.0371781 0.352229 0.775168
-0.024198 0.364679 0.753967
0.0024025 0.388753 0.717189
0.0160626 0.4005 0.703253
0.0298703 0.412059 0.690683
0.0458371 0.425113 0.680075
0.0615692 0.437723 0.671327
0.0927783 0.46224 0.660433
0.108789 0.47464 0.657515
0.125737 0.487734 0.658094
0.142684 0.500843 0.658674
0.159655 0.513986 0.659255
0.211565 0.554949 0.676898
0.229039 0.569108 0.685006
0.263978 0.598267 0.705925
0.281716 0.613591 0.719145
0.29882 0.628777 0.732992
0.316214 0.644692 0.74902
0.351113 0.678328 0.784952
0.368029 0.695531 0.802675
0.384501 0.712878 0.819851
0.40111 0.730963 0.835948
0.41771 0.74962 0.851415
0.44958 0.78701 0.878448
0.465251 0.806152 0.891079
0.496257 0.84556 0.917251
0.511376 0.865565 0.929935
0.526159 0.885649 0.942638
0.540586 0.905781 0.95539
0.554935 0.9263 0.965719
0.584407 0.969646 0.981611
0.599314 0.992059 0.986133
0.628606 1.03645 0.988902
0.643207 1.05867 0.99014
0.672451 1.10328 0.990756
0.687348 1.12604 0.991887
0.716514 1.17085 0.995757
0.731203 1.19353 0.996355
0.74588 1.2162 0.996129
0.760613 1.23893 0.995149
0.77534 1.26152 0.990981
0.804612 1.30569 0.980023
0.819637 1.32792 0.973068
0.850866 1.37311 0.959137
0.866708 1.39556 0.953334
0.898539 1.43977 0.940195
0.914579 1.46155 0.931854
0.930736 1.48311 0.923546
0.946995 1.5044 0.913836
0.963317 1.52529 0.901136
0.997865 1.56751 0.868865
1.01549 1.58796 0.850143
1.05174 1.62774 0.81359
1.06965 1.64636 0.795209
1.08755 1.66428 0.77665
1.10906 1.68492 0.753255
1.13082 1.70482 0.72843
1.17355 1.74093 0.674718
1.19545 1.75795 0.646707
1.21775 1.77429 0.617985
1.26341 1.80482 0.560786
1.28663 1.81893 0.531133
1.31012 1.83226 0.501312
1.33433 1.84506 0.471318
1.38199 1.86761 0.412602
1.40728 1.87824 0.383044
1.45727 1.89685 0.329921
1.48245 1.90515 0.306785
1.5337 1.9202 0.264489
1.55893 1.92676 0.24399
1.58435 1.93281 0.223112
1.60986 1.93831 0.201898
1.63549 1.94327 0.180418
1.66048 1.94755 0.158806
1.68555 1.95129 0.137529
1.7109 1.95454 0.11717
1.76187 1.95954 0.0784628
1.78684 1.96128 0.0603917
1.81195 1.96256 0.0421698
1.86296 1.96374 0.00387993
1.91467 1.96288 -0.0369533
1.94094 1.96164 -0.0576315
1.9913 1.95775 -0.0966741
2.01586 1.95513 -0.115387
2.06441 1.94864 -0.15068
2.08847 1.94477 -0.167893
2.13587 1.93594 -0.200528
2.16139 1.93054 -0.216258
2.18647 1.92484 -0.230735
2.21119 1.91886 -0.243821
2.23563 1.91265 -0.254262
2.28243 1.90009 -0.27003
2.30546 1.89363 -0.276816
2.32901 1.88685 -0.284088
2.35325 1.87967 -0.291978
2.37761 1.87224 -0.300145
2.44722 1.84974 -0.325097
2.47076 1.8417 -0.332984
2.49431 1.83346 -0.339978
2.51773 1.82512 -0.344106
2.56452 1.80814 -0.352372
2.58784 1.79954 -0.354081
2.6111 1.79092 -0.355444
2.65733 1.77372 -0.357076
2.70546 1.75574 -0.357999
2.73038 1.74641 -0.358141
2.78 1.72791 -0.355904
2.80503 1.71863 -0.353694
2.85566 1.70022 -0.343975
2.88095 1.69126 -0.336577
2.90628 1.68252 -0.328436
2.93168 1.67398 -0.320153
2.95729 1.66557 -0.314049
3.00867 1.64923 -0.301839
3.03442 1.64131 -0.295236
3.0602 1.63356 -0.288328
3.08613 1.626 -0.279636
3.11289 1.61845 -0.269871
3.16755 1.60404 -0.245662
3.19407 1.59758 -0.232488
3.24792 1.58562 -0.204381
3.27444 1.58033 -0.189897
3.30104 1.57541 -0.175403
3.32774 1.57089 -0.160394
3.3547 1.56677 -0.143134
3.40976 1.55987 -0.105947
3.4375 1.55721 -0.0854961
3.49247 1.55369 -0.0423942
3.5187 1.55286 -0.0205232
3.54419 1.55262 0.00121543
3.59889 1.55415 0.0548263
3.6257 1.55601 0.0838615
3.65247 1.55868 0.114534
3.67921 1.56218 0.146177
3.70494 1.5664 0.179074
3.7306 1.57149 0.212252
3.75641 1.57751 0.246235
3.80465 1.59142 0.315134
3.85167 1.60879 0.392687
3.87464 1.61883 0.431458
3.89727 1.62984 0.474249
3.9193 1.64178 0.51866
3.97977 1.68205 0.656323
4.0154 1.71226 0.750479
4.03178 1.72834 0.80149
4.06152 1.76249 0.907112
4.07507 1.78084 0.962734
4.09788 1.81768 1.07007
4.10771 1.83688 1.12538
4.12408 1.87704 1.24157
4.13018 1.89667 1.29789
4.13895 1.93703 1.41571
4.14151 1.95727 1.47493
4.1429 2.00067 1.60229
4.14169 2.02058 1.66099
4.13576 2.06013 1.77809
4.13104 2.07964 1.83854
4.11817 2.11733 1.96126
4.11004 2.13545 2.02384
4.09046 2.16999 2.14937
4.0793 2.18598 2.21036
4.05495 2.21501 2.32695
4.04158 2.22839 2.38511
4.01318 2.2523 2.49834
3.99688 2.26377 2.5584
3.98035 2.27401 2.61632
3.96341 2.28319 2.67334
3.94609 2.29135 2.72874
3.91154 2.30439 2.83277
3.89388 2.30955 2.88162
3.85772 2.31732 2.97832
3.83944 2.31989 3.02564
3.82107 2.3216 3.07179
3.80207 2.3225 3.11648
3.78323 2.32257 -3.12354
3.74779 2.32059 -3.04795
3.72955 2.31854 -3.0117
3.69248 2.3125 -2.94829
3.67467 2.30875 -2.92032
3.63943 2.29993 -2.87208
3.62155 2.29479 -2.85126
3.60376 2.28928 -2.83141
3.58603 2.28342 -2.81356
3.56832 2.27724 -2.79763
3.55063 2.27076 -2.78298
3.53289 2.26399 -2.7716
3.51531 2.25707 -2.7616
3.48098 2.24312 -2.74945
3.46416 2.23613 -2.74605
3.43049 2.22195 -2.74025
3.41309 2.21457 -2.7402
3.39584 2.20727 -2.74229
3.37863 2.20004 -2.74546
3.36123 2.19282 -2.75119
3.326 2.17864 -2.76683
3.30782 2.17161 -2.77839
3.27161 2.15844 -2.8073
3.25371 2.15239 -2.8232
3.21612 2.14075 -2.85948
3.19602 2.13517 -2.88198
3.1775 2.13047 -2.90429
3.15897 2.12622 -2.92775
3.14042 2.12243 -2.95258
3.10298 2.11623 -3.00262
3.08324 2.11376 -3.03088
3.06358 2.11185 -3.05933
3.04424 2.11053 -3.0876
3.02504 2.10976 -3.115
2.98526 2.10981 3.11243
2.96536 2.11066 3.0856
2.92703 2.11376 3.03616
2.90793 2.11601 3.01234
2.88749 2.11893 2.98731
2.86733 2.12232 2.96247
2.84739 2.12618 2.93775
2.80811 2.13531 2.88911
2.78785 2.14081 2.86346
2.74823 2.15323 2.8121
2.72885 2.16013 2.78697
2.70979 2.16745 2.76282
2.69121 2.17509 2.74045
2.67289 2.1831 2.71828
2.65478 2.1915 2.69635
2.61945 2.20921 2.65786
2.60197 2.2186 2.63905
2.58446 2.22842 2.62178
2.56705 2.23858 2.60524
2.53277 2.25959 2.57813
2.51622 2.27016 2.56805
2.48153 2.29296 2.55213
2.46453 2.30437 2.54897
2.43052 2.32731 2.54751
2.41352 2.33876 2.54982
2.39679 2.34997 2.55274
2.38109 2.36041 2.55659
2.36399 2.37168 2.56185
2.32643 2.39583 2.57813
2.30812 2.40728 2.58772
2.25061 2.44118 2.63032
2.21081 2.46262 2.66439
2.19019 2.47301 2.68518
2.14696 2.49301 2.73148
2.12621 2.50173 2.75571
2.0839 2.5177 2.80603
2.06307 2.52465 2.83226
2.04243 2.53095 2.85873
2.0187 2.53744 2.89036
1.99479 2.54318 2.92211
1.94793 2.55214 2.98316
1.92475 2.55549 3.01254
1.87955 2.56012 3.06666
1.85735 2.5615 3.09255
1.80992 2.5625 -3.13477
1.78626 2.56201 -3.10736
1.74093 2.55923 -3.05321
1.71652 2.5567 -3.02359
1.66785 2.5495 -2.96586
1.64433 2.545 -2.93892
1.59722 2.53399 -2.88514
1.57384 2.52752 -2.85786
1.55056 2.52038 -2.83048
1.52768 2.51268 -2.80298
1.50508 2.50436 -2.77527
1.45801 2.48476 -2.71859
1.43447 2.47377 -2.69113
1.38889 2.45021 -2.63816
1.36686 2.43772 -2.61281
1.34512 2.42464 -2.58719
1.32365 2.41095 -2.56091
1.30258 2.39672 -2.53458
1.26089 2.36612 -2.48199
1.2402 2.34965 -2.45648
1.20016 2.31539 -2.41119
1.18072 2.29761 -2.39071
1.16159 2.27943 -2.37282
1.12499 2.24277 -2.33793
1.0871 2.20204 -2.30221
1.06926 2.18184 -2.28591
1.05178 2.16139 -2.27002
1.03475 2.14082 -2.25478
1.01799 2.11999 -2.24231
0.98494 2.07758 -2.22321
0.968769 2.05628 -2.21684
0.935904 2.01235 -2.20941
0.918832 1.98931 -2.20757
0.90221 1.96683 -2.2075
0.885628 1.94443 -2.20832
0.869088 1.92214 -2.21005
0.835766 1.87749 -2.21381
0.818561 1.85461 -2.21753
0.801363 1.83196 -2.22295
0.767013 1.78762 -2.23689
0.749511 1.76552 -2.24399
0.732068 1.74379 -2.25056
0.71391 1.72146 -2.25643
0.67702 1.67678 -2.26543
0.658918 1.65512 -2.26857
0.622872 1.61231 -2.27262
0.605118 1.59135 -2.27463
0.587088 1.57017 -2.27771
0.56919 1.5493 -2.28128
0.551573 1.52891 -2.28577
0.513756 1.48573 -2.29438
0.495127 1.46472 -2.29797
0.476507 1.44387 -2.30157
0.457906 1.42319 -2.30518
0.439465 1.40285 -2.30915
0.402454 1.36266 -2.32097
0.3838 1.34279 -2.32843
0.364987 1.32305 -2.3359
0.345447 1.30289 -2.34523
0.325561 1.28277 -2.3552
0.284775 1.2427 -2.37502
0.264083 1.22294 -2.38337
0.222802 1.18438 -2.39715
0.201896 1.16527 -2.40499
0.159487 1.12751 -2.42312
0.138481 1.10934 -2.43384
0.117222 1.09135 -2.44468
0.095248 1.07315 -2.4551
0.0729485 1.05504 -2.46408
0.00532348 1.00143 -2.47851
-0.0172988 0.98382 -2.48159
-0.0397075 0.966472 -2.48402
-0.0620111 0.949285 -2.48604
-0.106216 0.915459 -2.49082
-0.127594 0.899256 -2.49532
-0.149818 0.882568 -2.49966
-0.172526 0.865667 -2.50386
-0.19496 0.849107 -2.50756
-0.238558 0.817218 -2.51263
-0.260244 0.801487 -2.51536
-0.282033 0.785777 -2.5185
-0.303513 0.770432 -2.52403
-0.325466 0.75495 -2.53073
-0.370403 0.724155 -2.55088
-0.392366 0.709614 -2.56264
-0.415062 0.694958 -2.57379
-0.437452 0.680839 -2.58419
-0.459305 0.667359 -2.59356
-0.501595 0.641967 -2.60815
-0.52433 0.628639 -2.6146
-0.546769 0.615674 -2.6207
-0.568886 0.603069 -2.62643
-0.590721 0.590782 -2.6317
-0.63305 0.56739 -2.64177
-0.654634 0.555666 -2.64621
-0.698195 0.532273 -2.65133
-0.718569 0.521404 -2.65171
-0.758179 0.500137 -2.64601
-0.77899 0.488812 -2.64038
-0.820469 0.465772 -2.62876
-0.84131 0.453933 -2.62125
-0.882799 0.429767 -2.60708
-0.903087 0.417668 -2.60063
-0.942471 0.393647 -2.5872
-0.96147 0.381781 -2.57937
-0.998734 0.357866 -2.5627
-1.01743 0.345521 -2.55329
-1.05507 0.319726 -2.52826
-1.07325 0.306742 -2.5146
-1.09132 0.293449 -2.50031
-1.1091 0.27998 -2.48605
-1.12655 0.26636 -2.4718
-1.14328 0.25292 -2.45787
-1.15965 0.239394 -2.44408
-1.1766 0.224981 -2.42991
-1.22369 0.182608 -2.38781
-1.25509 0.152162 -2.35548
-1.27004 0.136932 -2.33825
-1.31274 0.0902743 -2.28547
-1.33894 0.0590505 -2.25247
-1.3513 0.0435684 -2.23694
-1.37517 0.0122316 -2.20631
-1.38624 -0.00300265 -2.1926
-1.40868 -0.0352898 -2.1637
-1.41931 -0.0513076 -2.14938
-1.42958 -0.0672845 -2.13512
-1.43939 -0.083018 -2.12094
-1.44875 -0.0985179 -2.10752
-1.45778 -0.113929 -2.09454
-1.46637 -0.129004 -2.08229
-1.47462 -0.143907 -2.07028
-1.48943 -0.171796 -2.04814
-1.49613 -0.184901 -2.03807
-1.50882 -0.210703 -2.0178
-1.51436 -0.222405 -2.00739
-1.51929 -0.233101 -1.99829
-1.52393 -0.243402 -1.98973
-1.52836 -0.25347 -1.9805
-1.53606 -0.271631 -1.96342
-1.53944 -0.279894 -1.9553
-1.54533 -0.294767 -1.94048
-1.54783 -0.301279 -1.93408
-1.55205 -0.31256 -1.92291
-1.55386 -0.317535 -1.91778
-1.55544 -0.321923 -1.91358
-1.5569 -0.326048 -1.90964
-1.55825 -0.329892 -1.90598
-1.56053 -0.336525 -1.89966
-1.56144 -0.339189 -1.89713
-1.56229 -0.341709 -1.89483
-1.56308 -0.344069 -1.8928
-1.56387 -0.346456 -1.89058
-1.56461 -0.348687 -1.88836
-1.56518 -0.350428 -1.8863
-1.56568 -0.351973 -1.88466
-1.56658 -0.354759 -1.88203
-1.567 -0.356049 -1.88092
-1.56764 -0.358052 -1.87987
-1.56796 -0.35905 -1.87934
-1.56817 -0.359728 -1.87831
-1.56837 -0.36036 -1.87743
-1.56855 -0.360911 -1.8769
-1.56872 -0.361474 -1.87672
-1.56876 -0.361588 -1.87619
-1.56878 -0.36166 -1.87585
-1.56878 -0.36166 -1.87585
-1.56876 -0.361581 -1.87623
-1.56872 -0.361476 -1.87672
-1.5687 -0.361385 -1.87672
-1.56862 -0.361161 -1.87672
-1.56858 -0.361024 -1.87711
-1.56855 -0.360925 -1.87758
-1.56853 -0.360875 -1.87735
-1.5685 -0.360762 -1.87682
-1.56852 -0.360831 -1.87715
-1.56855 -0.360925 -1.87758
-1.56855 -0.360925 -1.87758
-1.56855 -0.360925 -1.87758
-1.56855 -0.360925 -1.87758
-1.56855 -0.360925 -1.87758
-1.56855 -0.360925 -1.87758
-1.56855 -0.360925 -1.87758
-1.56855 -0.360925 -1.87758
-1.56855 -0.360925 -1.87758
-1.56855 -0.360925 -1.87758
-1.56855 -0.360925 -1.87758
-1.56855 -0.360925 -1.87758
-1.56855 -0.360925 -1.87758
-1.56855 -0.360925 -1.87758
-1.56855 -0.360925 -1.87758
-1.56855 -0.360925 -1.87758
-1.56855 -0.360925 -1.87758
-1.56855 -0.360925 -1.87758
-1.56855 -0.360925 -1.87758
-1.56855 -0.360925 -1.87758
-1.56855 -0.360925 -1.87758
-1.56855 -0.360925 -1.87758
-1.56855 -0.360925 -1.87758
-1.56855 -0.360925 -1.87758
-1.56855 -0.360925 -1.87758
-1.56855 -0.360925 -1.87758
-1.56855 -0.360925 -1.87758
-1.56855 -0.360925 -1.87758
-1.56855 -0.360925 -1.87758
-1.56855 -0.360925 -1.87758
-1.56855 -0.360925 -1.87758
-1.56855 -0.360925 -1.87758
-1.56855 -0.360925 -1.87758
-1.56855 -0.360925 -1.87758
-1.56855 -0.360925 -1.87758
-1.56855 -0.360925 -1.87758
-1.56855 -0.360925 -1.87758
-1.56855 -0.360925 -1.87758
-1.56855 -0.360925 -1.87758
-1.56855 -0.360925 -1.87758
-1.56855 -0.360925 -1.87758
-1.56855 -0.360925 -1.87758
-1.56855 -0.360925 -1.87758
-1.56855 -0.360925 -1.87758
-1.56855 -0.360925 -1.87758
-1.56857 -0.361 -1.87723
-1.56861 -0.361106 -1.87673
-1.56857 -0.360994 -1.87726
-1.56855 -0.360925 -1.87758
-1.56855 -0.360925 -1.87758
-1.56855 -0.360925 -1.87758
-1.56855 -0.360925 -1.87758
-1.56855 -0.360925 -1.87758
-1.56855 -0.360925 -1.87758
-1.56855 -0.360925 -1.87758
-1.56855 -0.360925 -1.87758
-1.56855 -0.360925 -1.87758
-1.56855 -0.360925 -1.87758
-1.56855 -0.360925 -1.87758
-1.56855 -0.360925 -1.87758
-1.56855 -0.360925 -1.87758
-1.56855 -0.360925 -1.87758
-1.56855 -0.360925 -1.87758
-1.56855 -0.360925 -1.87758
-1.56855 -0.360925 -1.87758
-1.56855 -0.360925 -1.87758
-1.56855 -0.360925 -1.87758
-1.56855 -0.360925 -1.87758
-1.56855 -0.360925 -1.87758
-1.56855 -0.360925 -1.87758
-1.56855 -0.360925 -1.87758
-1.56855 -0.360925 -1.87758
-1.56855 -0.360925 -1.87758
-1.56857 -0.361002 -1.87722
-1.56857 -0.360998 -1.87724
-1.56855 -0.360925 -1.87758
-1.56855 -0.360925 -1.87758
-1.56855 -0.360925 -1.87758
-1.56855 -0.360925 -1.87758
-1.56855 -0.360925 -1.87758
-1.56855 -0.360925 -1.87758
-1.56855 -0.360925 -1.87758
-1.56855 -0.360925 -1.87758
-1.56855 -0.360925 -1.87758
-1.56855 -0.360925 -1.87758
-1.56855 -0.360925 -1.87758
-1.56855 -0.360925 -1.87758
-1.56855 -0.360925 -1.87758
-1.56855 -0.360925 -1.87758
-1.56855 -0.360925 -1.87758
-1.56855 -0.360925 -1.87758
-1.56855 -0.360925 -1.87758
-1.56855 -0.360925 -1.87758
-1.56855 -0.360925 -1.87758
-1.56855 -0.360925 -1.87758
-1.56855 -0.360925 -1.87758
-1.56855 -0.360925 -1.87758
-1.56855 -0.360925 -1.87758
-1.56855 -0.360925 -1.87758
-1.56855 -0.360925 -1.87758
-1.56855 -0.360925 -1.87758
-1.56855 -0.360925 -1.87758
-1.56854 -0.36088 -1.8778
-1.5685 -0.360768 -1.87832
-1.56847 -0.360685 -1.87923
-1.56834 -0.360273 -1.88327
-1.5682 -0.359842 -1.88615
-1.56743 -0.357529 -1.89709
-1.56618 -0.353931 -1.91548
-1.5645 -0.349445 -1.94111
-1.56301 -0.345717 -1.9633
-1.56214 -0.343656 -1.97607
-1.55814 -0.335011 -2.03282
-1.55586 -0.330613 -2.0636
-1.55473 -0.328554 -2.08044
-1.55238 -0.324506 -2.11405
-1.55124 -0.322664 -2.13317
-1.54666 -0.316025 -2.21645
-1.54437 -0.313122 -2.26138
-1.54323 -0.311775 -2.28617
-1.54074 -0.309047 -2.33643
-1.5378 -0.306146 -2.3883
-1.53477 -0.303443 -2.43925
-1.53309 -0.302063 -2.46421
-1.52963 -0.299419 -2.5139
-1.52782 -0.298133 -2.53754
-1.52441 -0.295898 -2.58468
-1.52241 -0.294686 -2.60829
-1.51608 -0.291248 -2.67946
-1.51156 -0.289129 -2.72687
-1.50915 -0.288102 -2.75045
-1.498 -0.284105 -2.84451
-1.4924 -0.282523 -2.8884
-1.48977 -0.281869 -2.90799
-1.47995 -0.279887 -2.97647
-1.47548 -0.279208 -3.00497
-1.47362 -0.278961 -3.01553
-1.47182 -0.278742 -3.02529
-1.46862 -0.278395 -3.04182
-1.46619 -0.278168 -3.05488
-1.46534 -0.278096 -3.05953
-1.46349 -0.277953 -3.06931
-1.46333 -0.277941 -3.07006
-1.46382 -0.277977 -3.06784
-1.46422 -0.278007 -3.06606
-1.46501 -0.278068 -3.06251
-1.46551 -0.278109 -3.05927
-1.46605 -0.278154 -3.05606
-1.46641 -0.278185 -3.05447
-1.46684 -0.278223 -3.05251
-1.46696 -0.278234 -3.05198
-1.46723 -0.278258 -3.05076
-1.4673 -0.278265 -3.05045
-1.46719 -0.278255 -3.05094
-1.46719 -0.278255 -3.05094
-1.46719 -0.278255 -3.05094
-1.46719 -0.278255 -3.05094
-1.46719 -0.278255 -3.05094
-1.46719 -0.278255 -3.05094
-1.46719 -0.278255 -3.05094
-1.46719 -0.278255 -3.05094
-1.46719 -0.278255 -3.05094
-1.46719 -0.278255 -3.05094
-1.46719 -0.278255 -3.05094
-1.46719 -0.278255 -3.05094
-1.46729 -0.278264 -3.05049
-1.46738 -0.278272 -3.05007
-1.46738 -0.278272 -3.05007
-1.46738 -0.278272 -3.05007
-1.46738 -0.278272 -3.05007
-1.46738 -0.278272 -3.05007
-1.46738 -0.278272 -3.05007
-1.46738 -0.278272 -3.05007
-1.46738 -0.278272 -3.05007
-1.46738 -0.278272 -3.05007
-1.46738 -0.278272 -3.05007
-1.46738 -0.278272 -3.05007
-1.46738 -0.278272 -3.05007
-1.46738 -0.278272 -3.05007
-1.46738 -0.278272 -3.05007
-1.46738 -0.278272 -3.05007
-1.46738 -0.278272 -3.05007
-1.46738 -0.278272 -3.05007
-1.46738 -0.278272 -3.05007
-1.46738 -0.278272 -3.05007
