0.0729898 -0.0006268 -0.0171746
0.121 -0.0016574 -0.025751
0.195881 -0.00390649 -0.0343022
0.274602 -0.00626525 -0.025607
0.353322 -0.00861815 -0.0341545
0.407075 -0.0104534 -0.0341041
0.489636 -0.0129107 -0.025405
0.574128 -0.0150544 -0.0253256
0.658635 -0.0164627 -0.0080034
0.71626 -0.0169224 -0.00794933
0.798858 -0.0172197 0.000749789
0.889138 -0.016759 0.00945591
0.948679 -0.0159376 0.0181333
1.04087 -0.0142618 0.0182198
1.13304 -0.0117833 0.0355494
1.22902 -0.00836534 0.0356395
1.29045 -0.00617338 0.0356971
1.38836 -0.00309464 0.0271675
1.48437 -0.000481364 0.0272576
1.55158 0.00106334 0.0186992
1.65146 0.00207461 0.00154983
1.75327 0.00179839 -0.00697618
1.8205 0.00104169 -0.0155347
1.92228 -0.000973705 -0.0240607
2.02405 -0.00385681 -0.0325867
2.09316 -0.00610759 -0.0325218
2.19683 -0.00947535 -0.0324245
2.29857 -0.0132095 -0.0409504
2.40031 -0.016934 -0.0322332
2.46944 -0.0185644 -0.0149255
2.57316 -0.0201075 -0.0148282
2.67689 -0.0207462 0.00251241
2.74603 -0.0199741 0.0198201
2.85165 -0.0174197 0.0285407
2.92269 -0.0150829 0.0372291
3.03014 -0.010147 0.054573
3.13561 -0.00392442 0.0632936
3.24485 0.00347758 0.0720179
3.35019 0.0115389 0.0807384
3.42294 0.0174284 0.080807
3.52821 0.0264153 0.0895276
3.63526 0.0369616 0.106872
3.70777 0.0453757 0.124183
3.81647 0.0584748 0.115664
3.92714 0.0713379 0.115769
4.03595 0.0835219 0.10725
4.11046 0.0912224 0.0986986
4.22142 0.10125 0.0815601
4.33441 0.110002 0.0730449
4.40915 0.11515 0.0644938
4.52039 0.121377 0.0473551
4.62787 0.125548 0.0302131
4.73926 0.127959 0.0130745
4.81417 0.128618 0.00452326
4.92366 0.128647 -0.00399546
5.03506 0.127247 -0.021134
5.10995 0.125344 -0.0296854
5.21744 0.12123 -0.0468274
5.32678 0.115639 -0.0553462
5.43803 0.109482 -0.0552416
5.51091 0.105454 -0.0551732
5.62215 0.0993161 -0.0550686
5.73339 0.0931897 -0.0549641
5.80627 0.0891823 -0.0548956
5.91752 0.0830751 -0.054791
6.02687 0.077556 -0.0460669
6.1401 0.0728311 -0.0373389
6.21498 0.0703599 -0.0286471
6.32828 0.0676081 -0.0199194
6.40125 0.0661567 -0.0198508
6.51457 0.0644016 -0.011123
6.6279 0.0636356 -0.00239517
6.74123 0.0638587 0.00633268
6.81807 0.0643481 0.00640476
6.92948 0.0650674 0.00650912
7.04473 0.0648302 -0.0106258
7.15996 0.0626183 -0.0277606
7.23674 0.0598263 -0.0449315
7.35183 0.0536633 -0.0620667
7.46867 0.0448902 -0.0878212
7.54709 0.0376475 -0.0963689
7.66553 0.0251735 -0.1135
7.78558 0.00992095 -0.139251
7.90535 -0.00738591 -0.147759
7.9832 -0.0193133 -0.156307
8.10084 -0.0378462 -0.156195
8.22228 -0.0569632 -0.15608
8.30013 -0.0688673 -0.147384
8.42174 -0.0869134 -0.147269
8.54167 -0.103115 -0.121291
8.66382 -0.11693 -0.103932
8.74601 -0.125141 -0.0952332
8.86849 -0.135769 -0.0778749
8.98918 -0.144656 -0.0691399
9.0716 -0.150004 -0.0604409
9.19437 -0.156365 -0.0430825
9.3172 -0.161652 -0.0429672
9.4439 -0.165998 -0.0256052
9.52455 -0.168061 -0.0255294
9.64938 -0.170703 -0.0167908
9.77039 -0.172206 -0.00805549
9.85106 -0.172157 0.00926294
9.97207 -0.170508 0.017998
10.0931 -0.167801 0.0267331
10.2102 -0.164158 0.0354645
10.2908 -0.161294 0.0355402
10.4098 -0.157056 0.035652
10.5307 -0.152214 0.044387
10.6132 -0.14819 0.053086
10.736 -0.14166 0.0532013
10.8549 -0.134295 0.0705561
10.9755 -0.125237 0.0792912
11.0579 -0.118336 0.0879904
11.1802 -0.106471 0.105349
11.3005 -0.0932199 0.114084
11.3807 -0.0840329 0.114159
11.5028 -0.070022 0.114275
11.6249 -0.0559971 0.11439
11.7051 -0.0467857 0.114466
11.8254 -0.0334754 0.105958
11.9496 -0.0207987 0.0974533
12.0719 -0.00882996 0.0975687
12.1522 -0.000967874 0.0976443
12.2765 0.0106758 0.08914
12.397 0.0219751 0.097875
12.5194 0.0339953 0.0979904
12.5996 0.0418914 0.098066
12.7182 0.0535583 0.0981778
12.8367 0.0652386 0.0982894
12.9151 0.0726319 0.0897419
13.0337 0.0833119 0.0898536
13.1523 0.0940053 0.0899653
13.2709 0.104712 0.0900771
13.3494 0.111461 0.0815294
13.4661 0.121513 0.0902609
13.5829 0.131578 0.0817493
13.6997 0.140649 0.0732377
13.7763 0.146274 0.0733096
13.8913 0.153731 0.0561749
13.9681 0.158047 0.0562469
14.0832 0.16354 0.039112
14.1983 0.168053 0.0392201
14.3116 0.172015 0.030705
14.4249 0.175988 0.0394328
14.5016 0.17902 0.0395049
14.611 0.183822 0.0482291
14.7223 0.190158 0.0655766
14.7932 0.194512 0.0570219
14.9025 0.200286 0.0485029
15.01 0.20458 0.0313609
15.0811 0.206505 0.0228058
15.1867 0.207553 -0.00295938
15.2962 0.205819 -0.0287214
15.4075 0.201666 -0.0458599
15.4785 0.198104 -0.0544146
15.584 0.191908 -0.062937
15.6913 0.185148 -0.0628362
15.7584 0.180639 -0.0713946
15.858 0.173519 -0.0713008
15.9577 0.166407 -0.0712072
16.0553 0.159021 -0.0797367
16.1166 0.154127 -0.079679
16.2105 0.147044 -0.0709693
16.3063 0.140238 -0.0708791
16.3676 0.135886 -0.0708215
16.4577 0.12989 -0.0621152
16.5516 0.124456 -0.0534054
16.613 0.121177 -0.0533478
16.7051 0.117058 -0.0360181
16.7954 0.1142 -0.027312
16.8914 0.112409 -0.00997882
16.9567 0.111759 -0.00991755
17.0508 0.110424 -0.0184508
17.1468 0.108657 -0.0183607
17.2467 0.106828 -0.0182669
17.3139 0.105312 -0.0268254
17.4157 0.103025 -0.0181084
17.5194 0.101152 -0.018011
17.5905 0.10018 -0.00932284
17.698 0.099183 -0.00922184
17.8037 0.0986694 -0.000501282
17.8786 0.0989574 0.00819053
17.9842 0.100283 0.0169113
18.0918 0.103035 0.0342553
18.1992 0.107651 0.0515992
18.2702 0.111625 0.0602873
18.3776 0.118112 0.0603883
18.4868 0.125196 0.0691125
18.5597 0.13024 0.069181
18.6689 0.138285 0.0779054
18.7799 0.147919 0.0952529
18.8544 0.155368 0.103945
18.9671 0.167619 0.112673
19.0796 0.180852 0.1214
19.1922 0.194098 0.112885
19.2666 0.20286 0.121577
19.3791 0.216125 0.113062
19.4918 0.228432 0.104546
19.5663 0.235931 0.0959953
19.6772 0.246615 0.0960999
19.79 0.257982 0.104828
19.9008 0.269645 0.104932
19.9752 0.277815 0.113624
20.0859 0.290453 0.113728
20.1948 0.302415 0.10521
20.2674 0.310083 0.105278
20.3783 0.32084 0.0881395
20.4893 0.329696 0.071001
20.5602 0.334435 0.062446
20.6696 0.339859 0.0366844
20.779 0.342465 0.0109224
20.8828 0.342709 -0.00622318
20.9538 0.34135 -0.0320212
21.0575 0.33714 -0.0491668
21.1591 0.330827 -0.0749359
21.2605 0.321898 -0.100705
21.3292 0.314355 -0.117883
21.4283 0.301758 -0.135032
21.5251 0.286485 -0.178048
21.5911 0.273726 -0.20385
21.6903 0.250977 -0.246862
21.7848 0.225002 -0.289878
21.878 0.194988 -0.332894
21.9413 0.172201 -0.358695
22.0361 0.135236 -0.384464
22.1265 0.0973269 -0.410237
22.1845 0.0717976 -0.418799
22.2722 0.0327438 -0.418708
22.3622 -0.00592199 -0.392752
22.4516 -0.0411422 -0.358176
22.5112 -0.0625933 -0.332252
22.5996 -0.0888806 -0.245949
22.6863 -0.105931 -0.142409
22.7437 -0.111643 -0.0561394
22.8282 -0.110555 0.0818858
22.9079 -0.0977393 0.237147
22.9556 -0.0830969 0.357896
23.0247 -0.0494806 0.547643
23.0818 -0.0071345 0.72876
23.1303 0.0448029 0.909879
23.1551 0.081365 1.03924
23.1838 0.142171 1.22036
23.2011 0.207152 1.40147
23.2057 0.249167 1.52222
23.2029 0.310578 1.71195
23.1885 0.370351 1.90168
23.1631 0.42634 2.09141
23.142 0.458458 2.21215
23.0996 0.50562 2.39326
23.0495 0.544379 2.57437
23.0143 0.564114 2.68649
22.9553 0.587227 2.85035
22.8935 0.601466 2.97974
22.8516 0.606834 3.04875
22.7844 0.609885 -3.13954
22.7172 0.607716 -3.07912
22.6502 0.602071 -3.03595
22.6025 0.596801 -3.02729
22.5338 0.588319 -3.00998
22.4633 0.579293 -3.01853
22.3946 0.571395 -3.03571
22.3468 0.566937 -3.06153
22.274 0.562352 -3.09595
22.1991 0.559899 -3.12174
22.1492 0.559337 -3.13894
22.0723 0.560455 3.10983
21.9918 0.564404 3.07542
21.9381 0.568422 3.05823
21.8578 0.575829 3.04106
21.7737 0.584308 3.04114
21.6916 0.592942 3.0326
21.6362 0.598762 3.04127
21.55 0.606302 3.06722
21.4619 0.612105 3.08454
21.4024 0.615242 3.09322
21.3122 0.618437 3.11917
21.2219 0.61929 -3.13807
21.1297 0.618166 -3.12074
21.0663 0.616569 -3.11206
20.9723 0.613379 -3.10335
20.8744 0.608363 -3.07739
20.8093 0.604171 -3.07733
20.7077 0.59719 -3.06861
20.6062 0.589324 -3.05989
20.5047 0.581449 -3.06842
20.4357 0.576986 -3.0856
20.3321 0.572069 -3.10274
20.2284 0.568929 -3.11989
20.1573 0.567691 -3.12844
20.0517 0.567663 3.12898
19.9422 0.56951 3.12046
19.8347 0.572706 3.10331
19.7618 0.575496 3.10338
19.6524 0.580145 3.09486
19.5391 0.584945 3.10359
19.4643 0.588111 3.09504
19.353 0.59233 3.11239
19.2397 0.595145 3.12112
19.1283 0.59742 3.12122
19.0534 0.598621 3.12991
18.9381 0.598967 -3.13592
18.8248 0.59783 -3.12719
18.7499 0.596426 -3.1185
18.6385 0.592887 -3.10115
18.5291 0.587984 -3.09243
18.4524 0.584205 -3.09236
18.3431 0.57834 -3.08363
18.2318 0.57188 -3.08353
18.1225 0.565992 -3.09205
18.0496 0.563003 -3.10922
17.9401 0.56087 -3.13498
17.8652 0.561341 3.12241
17.7155 0.566787 3.08806
17.6426 0.571318 3.07089
17.5335 0.58046 3.04512
17.4227 0.59214 3.02799
17.3502 0.600413 3.02805
17.2396 0.613983 3.01092
17.133 0.627994 3.01102
17.0225 0.642495 3.01112
16.9501 0.651989 3.01119
16.8415 0.665752 3.01991
16.7328 0.678568 3.02864
16.6602 0.686793 3.02871
16.5514 0.698652 3.03743
16.4405 0.709274 3.05478
16.3658 0.715445 3.06347
16.2566 0.723514 3.07219
16.1454 0.730275 3.08954
16.0361 0.735495 3.09827
15.9631 0.738654 3.09833
15.8557 0.7433 3.09844
15.7444 0.748101 3.09854
15.6714 0.75124 3.09861
15.564 0.755857 3.09871
15.4565 0.760463 3.09881
15.3471 0.765611 3.09029
15.2761 0.768947 3.09898
15.1687 0.773524 3.09908
15.0631 0.778464 3.09056
14.9921 0.781781 3.09925
14.8866 0.785793 3.10797
14.7829 0.789276 3.10806
14.6792 0.792748 3.10816
14.6082 0.794815 3.11685
14.5026 0.797878 3.10833
14.3951 0.80145 3.10843
14.2914 0.804885 3.10853
14.2204 0.807538 3.09997
14.1168 0.812743 3.08283
14.0132 0.81883 3.08292
13.9442 0.822882 3.08299
13.8426 0.829278 3.07446
13.7429 0.835115 3.0918
13.6757 0.838169 3.10048
13.574 0.842787 3.09196
13.4723 0.847395 3.10067
13.4051 0.849853 3.10936
13.2995 0.852798 3.11808
13.1958 0.855232 3.11818
13.0921 0.856761 3.13552
13.023 0.857179 3.13558
12.9154 0.85782 3.13568
12.8117 0.858428 3.13578
12.7041 0.859048 3.13588
12.6311 0.859462 3.13595
12.5216 0.859603 -3.13851
12.4102 0.859253 -3.13841
12.3372 0.859018 -3.13834
12.2239 0.859132 3.13633
12.1106 0.859234 -3.13813
11.9972 0.859323 3.13654
11.9204 0.859709 3.13662
11.8051 0.859282 -3.12922
11.6918 0.858362 -3.13773
11.615 0.858063 -3.13766
11.4997 0.857604 -3.13755
11.3864 0.857628 3.13712
11.2711 0.858138 3.13723
11.1943 0.858471 3.1373
11.0791 0.858959 3.13741
10.9638 0.859436 3.13751
10.887 0.859746 3.13759
10.7698 0.859704 -3.13687
10.6545 0.859153 -3.13676
10.5393 0.85859 -3.13665
10.4625 0.858208 -3.13658
10.3491 0.858122 3.13809
10.2377 0.858507 3.1382
10.1609 0.858765 3.13827
10.0476 0.859624 3.12975
9.97072 0.860531 3.12982
9.85739 0.86137 3.13855
9.74406 0.862198 3.13004
9.63074 0.863013 3.13876
9.51356 0.862833 -3.13569
9.43673 0.862376 -3.13562
9.32148 0.861681 -3.13551
9.20623 0.860974 -3.1354
9.12939 0.860495 -3.13533
9.01414 0.859767 -3.13522
8.89697 0.858509 -3.12649
8.81822 0.857656 -3.13504
8.74331 0.857485 3.1396
8.59349 0.856482 -3.1262
8.48016 0.855221 -3.13472
8.40333 0.85469 -3.13465
8.29 0.853408 -3.12592
8.17668 0.852115 -3.13443
8.10177 0.851253 -3.12574
7.98845 0.849939 -3.13426
7.87704 0.850077 3.13179
7.76563 0.851163 3.13189
7.69072 0.85221 3.12334
7.61583 0.853898 3.11479
7.46994 0.859058 3.09768
7.39511 0.862666 3.08913
7.28579 0.868873 3.08061
7.17849 0.876348 3.06347
7.07125 0.884738 3.06357
6.99853 0.891051 3.0464
6.88762 0.901635 3.0465
6.78053 0.911843 3.0466
6.70405 0.919128 3.04668
6.59314 0.929681 3.04678
6.48223 0.940222 3.04688
6.36936 0.950447 3.05561
6.29663 0.956713 3.05568
6.18368 0.965945 3.06441
6.07253 0.973572 3.08176
5.99583 0.978164 3.08183
5.88651 0.984226 3.09055
5.7733 0.989514 3.09928
5.69653 0.992762 3.09935
5.58138 0.997622 3.09946
5.47003 1.00135 3.11681
5.35672 1.00366 3.12554
5.27989 1.00423 -3.14033
5.1685 1.00216 -3.10574
5.0553 0.996632 -3.07977
4.94041 0.987523 -3.04518
4.86594 0.979345 -3.01924
4.75364 0.964054 -2.99327
4.64178 0.945851 -2.9673
4.56623 0.931873 -2.94999
4.4513 0.909057 -2.94125
4.33657 0.885238 -2.93252
4.26141 0.869288 -2.93245
4.14867 0.845353 -2.93234
4.03573 0.822379 -2.94948
3.9226 0.800367 -2.94937
3.849 0.78637 -2.95792
3.73551 0.766292 -2.97506
3.62746 0.748602 -2.98357
3.52109 0.732586 -3.00072
3.44688 0.722385 -3.00927
3.33632 0.708633 -3.02641
3.2274 0.697451 -3.05217
3.1547 0.69093 -3.0521
3.04561 0.681609 -3.06062
2.97668 0.676013 -3.06055
2.83491 0.665719 -3.07766
2.7659 0.661299 -3.0776
2.66239 0.654661 -3.0775
2.55693 0.648343 -3.08602
2.48785 0.645096 -3.1032
2.3842 0.64111 -3.1031
2.2805 0.638901 -3.13749
2.21135 0.639212 3.12851
2.10765 0.641457 3.11137
2.0021 0.64601 3.0856
1.9331 0.650473 3.06842
1.8277 0.657737 3.07714
1.72418 0.664412 3.07724
1.61872 0.670746 3.08596
1.51322 0.67616 3.09468
1.44411 0.678805 3.11199
1.33657 0.681056 3.12934
1.229 0.681442 -3.13651
1.15793 0.680771 -3.12782
1.04848 0.677842 -3.10185
0.940992 0.673563 -3.10175
0.868058 0.670653 -3.10168
0.762512 0.665977 -3.09296
0.655031 0.661669 -3.1101
0.547516 0.658277 -3.11
0.478399 0.65609 -3.10994
0.37277 0.654107 -3.1357
0.267125 0.654846 3.12172
0.16535 0.657303 3.11319
0.0943156 0.659625 3.10464
-0.00930442 0.664346 3.08749
-0.110985 0.669408 3.09621
-0.178132 0.672745 3.08765
-0.279765 0.678668 3.07912
-0.3814 0.68458 3.08784
-0.44855 0.687901 3.09653
-0.552172 0.692569 3.09662
-0.653896 0.696702 3.10534
-0.751834 0.698982 3.1313
-0.817144 0.69909 -3.13458
-0.915091 0.697132 -3.10863
-1.01291 0.691789 -3.06543
-1.07794 0.685695 -3.03088
-1.17297 0.671794 -2.96182
-1.26665 0.650559 -2.87551
-1.35593 0.620756 -2.76334
-1.41224 0.596098 -2.69431
-1.49095 0.551866 -2.56491
-1.53927 0.517064 -2.47001
-1.60232 0.457916 -2.30612
-1.65573 0.387518 -2.13361
-1.68164 0.340376 -2.01286
-1.70875 0.266428 -1.83173
-1.72146 0.190641 -1.64199
-1.72008 0.119573 -1.46087
-1.70543 0.0519813 -1.25389
-1.68898 0.0109727 -1.12452
-1.65609 -0.0432259 -0.926168
-1.61614 -0.0873984 -0.745062
-1.58478 -0.112779 -0.615699
-1.53504 -0.141888 -0.443215
-1.48104 -0.162028 -0.270732
-1.42824 -0.172351 -0.115493
-1.39183 -0.174833 -0.0206229
-1.33617 -0.172379 0.108752
-1.28307 -0.163782 0.212262
-1.24757 -0.155325 0.255404
-1.19602 -0.139949 0.324426
-1.1455 -0.12149 0.376205
-1.11002 -0.10676 0.410727
-1.06109 -0.0844365 0.445264
-1.01275 -0.0608523 0.462558
-0.961399 -0.0346919 0.479855
-0.929098 -0.0177033 0.48851
-0.879797 0.00822868 0.479941
-0.828681 0.0348379 0.479995
-0.792665 0.0530008 0.454168
-0.736973 0.0790125 0.41974
-0.676886 0.104596 0.385315
-0.635874 0.121026 0.376735
-0.571145 0.145355 0.342314
-0.502179 0.169265 0.325139
-0.432622 0.191387 0.290722
-0.384654 0.205291 0.273525
-0.31244 0.225219 0.264974
-0.236174 0.244861 0.239183
-0.157633 0.263301 0.222016
-0.103143 0.274864 0.196204
-0.02193 0.289921 0.170417
0.0614842 0.303539 0.153253
0.150876 0.316169 0.127473
0.210031 0.322976 0.101664
0.301834 0.331547 0.0845076
0.395714 0.338282 0.0587313
0.460941 0.341555 0.0415497
0.554998 0.345064 0.0330163
0.649101 0.346958 0.00724003
0.714409 0.34687 -0.0099415
0.812347 0.344634 -0.0357142
0.906394 0.340872 -0.0442474
1.00424 0.336121 -0.052777
1.0733 0.332475 -0.0527121
1.17309 0.328077 -0.0353752
1.27294 0.32541 -0.0180386
1.37474 0.324017 -0.00932157
1.44389 0.323971 0.00798644
1.54569 0.325228 0.0167034
1.6494 0.326965 0.0168007
1.71854 0.328129 0.0168656
1.82227 0.32899 -0.000280314
1.92215 0.328105 -0.0174295
2.02584 0.325408 -0.0345752
2.09495 0.32302 -0.0345104
2.19668 0.319074 -0.0430364
2.30031 0.314616 -0.042939
2.3694 0.31165 -0.0428742
2.47303 0.307209 -0.0427769
2.57476 0.303299 -0.0340597
2.68036 0.300162 -0.0253391
2.75142 0.298669 -0.0166508
2.85515 0.297842 0.00068956
2.96271 0.298849 0.0180335
3.03376 0.300439 0.0267216
3.14127 0.304245 0.0440655
3.24679 0.30936 0.0527862
3.35615 0.314671 0.0442674
3.42714 0.318124 0.0529556
3.53456 0.323823 0.0530565
3.64198 0.329533 0.0531574
3.71296 0.333006 0.0446026
3.82043 0.337808 0.0447035
3.92983 0.342235 0.0361847
4.00277 0.344878 0.0362531
4.1122 0.34838 0.0277344
4.22166 0.35095 0.0192156
4.29657 0.352069 0.0106643
4.40606 0.352771 0.00214551
4.51939 0.352531 -0.00636977
4.62887 0.351368 -0.0148886
4.69993 0.350005 -0.0234433
4.81128 0.34644 -0.040582
4.92066 0.341532 -0.0491007
5.03 0.335692 -0.0576195
5.10477 0.331058 -0.0661707
5.21782 0.323083 -0.0746859
5.32892 0.314776 -0.0745814
5.40171 0.309339 -0.0745129
5.51859 0.301127 -0.0657815
5.63165 0.293196 -0.0742967
5.70827 0.287495 -0.0742246
5.82313 0.277964 -0.0913595
5.93603 0.268117 -0.0826316
6.04893 0.258282 -0.0911468
6.12733 0.250779 -0.0996945
6.24015 0.239991 -0.0909666
6.3511 0.229876 -0.0908621
6.46205 0.219773 -0.0907573
6.5348 0.213786 -0.073446
6.64403 0.206228 -0.0647217
6.75716 0.199392 -0.0559936
6.82623 0.19612 -0.038686
6.92988 0.192113 -0.0385887
7.03547 0.188497 -0.0298681
7.14105 0.184893 -0.0383905
7.21015 0.182241 -0.0383256
7.31377 0.177378 -0.0554713
7.41733 0.171632 -0.055374
7.48828 0.167395 -0.0639289
7.5918 0.160773 -0.0638316
7.6972 0.153585 -0.072354
7.80449 0.145814 -0.0722532
7.87535 0.14038 -0.0808079
7.98452 0.132018 -0.0720836
8.09181 0.124277 -0.0719827
8.16461 0.119029 -0.0719142
8.27574 0.11103 -0.0718097
8.39076 0.103758 -0.0544585
8.50395 0.0980834 -0.0457307
8.58074 0.0952355 -0.0284154
8.69597 0.0929606 -0.0110644
8.81122 0.0926853 0.00628705
8.88805 0.0938335 0.0236019
9.00708 0.0976772 0.0409569
9.12219 0.103395 0.0583079
9.20079 0.108326 0.0670033
9.31962 0.116307 0.0671151
9.43649 0.124675 0.0758466
9.55712 0.134372 0.0845816
9.63557 0.141367 0.0932772
9.75208 0.153795 0.119251
9.87007 0.170007 0.153849
9.98561 0.189465 0.179824
10.061 0.204512 0.214382
10.1766 0.232857 0.266223
10.289 0.26612 0.309441
10.3654 0.292013 0.344002
10.4764 0.335072 0.395844
10.5851 0.383826 0.447684
10.6557 0.418836 0.473623
10.7616 0.477264 0.534087
10.8644 0.541105 0.577308
10.9625 0.60867 0.629149
11.0269 0.657265 0.663711
11.1188 0.733041 0.715552
11.2084 0.814387 0.758773
11.266 0.870899 0.793334
11.3507 0.959995 0.827936
11.4331 1.05376 0.871161
11.4855 1.11764 0.897103
11.562 1.21874 0.948951
11.6325 1.32178 0.992176
11.6991 1.42968 1.04402
11.7384 1.50011 1.07859
11.795 1.6114 1.12181
11.8455 1.7235 1.17365
11.8765 1.80008 1.1996
11.9191 1.91539 1.2342
11.9566 2.03046 1.27742
11.9901 2.14675 1.3034
12.0115 2.2265 1.3121
12.041 2.3419 1.32945
12.0684 2.45977 1.35543
12.085 2.53873 1.37275
12.1074 2.6557 1.3901
12.1276 2.77502 1.41608
12.1393 2.85483 1.4334
12.1543 2.97491 1.45938
12.1669 3.0972 1.47674
12.1767 3.21782 1.50271
12.1818 3.29642 1.51141
12.1874 3.4173 1.53739
12.1903 3.53636 1.55474
12.1909 3.61704 1.57206
12.1892 3.73804 1.59804
12.1849 3.85706 1.61539
12.1786 3.97599 1.63275
12.1733 4.05457 1.64144
12.1639 4.17329 1.6588
12.1528 4.28801 1.67615
12.1442 4.36629 1.68485
12.1313 4.48276 1.67633
12.1202 4.59747 1.6592
12.1113 4.71431 1.63344
12.1074 4.79296 1.60765
12.1046 4.9101 1.5819
12.1043 5.02535 1.56476
12.1054 5.10218 1.54759
12.1085 5.21547 1.53908
12.1136 5.32868 1.51332
12.1182 5.40346 1.50477
12.1259 5.51268 1.49625
12.1352 5.6237 1.47911
12.147 5.73641 1.45335
12.1561 5.81077 1.4448
12.1708 5.92314 1.43629
12.1865 6.03539 1.42777
12.1963 6.10383 1.42784
12.2124 6.21214 1.41932
12.2284 6.32044 1.42804
12.2437 6.42692 1.42814
12.2535 6.49731 1.43683
12.2684 6.60773 1.43694
12.2826 6.7163 1.44566
12.2917 6.78872 1.44573
12.3058 6.90504 1.45446
12.3184 7.01767 1.46319
12.3267 7.09406 1.46326
12.3384 7.21257 1.48061
12.3485 7.32931 1.48935
12.3578 7.44997 1.49808
12.3639 7.53426 1.49816
12.3726 7.65305 1.49827
12.3822 7.77175 1.48114
12.3894 7.8521 1.48122
12.4008 7.97258 1.47271
12.4128 8.09493 1.47282
12.4241 8.21542 1.48156
12.4308 8.29389 1.49025
12.4404 8.4126 1.49037
12.4492 8.53522 1.50772
12.4557 8.65414 1.52508
12.4587 8.73476 1.5424
12.4621 8.85765 1.54251
12.465 8.97863 1.55125
12.4659 9.0593 1.56857
12.4662 9.18224 1.56868
12.4664 9.30517 1.5688
12.4661 9.43003 1.57754
12.4656 9.5107 1.57761
12.4642 9.63171 1.58635
12.4623 9.75463 1.58646
12.4599 9.87562 1.5952
12.4579 9.95628 1.59527
12.4549 10.0792 1.59539
12.452 10.1982 1.5955
12.4497 10.277 1.6042
12.4462 10.3979 1.59569
12.4432 10.517 1.5958
12.4402 10.636 1.59591
12.4379 10.7148 1.60461
12.4344 10.8319 1.59609
12.4309 10.949 1.60483
12.4286 11.0277 1.59628
12.4251 11.1448 1.60501
12.4211 11.26 1.60512
12.4176 11.3771 1.59661
12.4156 11.454 1.59668
12.4127 11.5692 1.59679
12.4106 11.6844 1.57965
12.4103 11.7632 1.5711
12.4102 11.8784 1.57121
12.4107 11.9956 1.5627
12.4113 12.0724 1.56277
12.4122 12.1877 1.56288
12.4131 12.3029 1.56299
12.414 12.4182 1.5631
12.4146 12.495 1.56317
12.4155 12.6102 1.56328
12.4158 12.7236 1.57201
12.4162 12.8407 1.56349
12.4164 12.9195 1.57219
12.4158 13.0328 1.58092
12.4146 13.1481 1.58103
12.4138 13.2288 1.5811
12.4121 13.3421 1.58983
12.4099 13.4573 1.58994
12.4072 13.5744 1.59867
12.405 13.6513 1.59874
12.4012 13.7684 1.60747
12.3969 13.8874 1.60758
12.3936 13.9661 1.61628
12.3882 14.085 1.61639
12.3828 14.204 1.6165
12.3788 14.2827 1.6252
12.3723 14.4016 1.62531
12.3663 14.5224 1.6168
12.3614 14.6395 1.60829
12.3581 14.7182 1.61699
12.3536 14.8372 1.59985
12.3497 14.9543 1.60859
12.3471 15.033 1.60004
12.3441 15.1502 1.59153
12.3412 15.2673 1.60026
12.3378 15.3825 1.60037
12.3358 15.4612 1.59182
12.3328 15.5784 1.60055
12.3293 15.6974 1.60066
12.3273 15.7761 1.59211
12.3253 15.8895 1.5836
12.3238 16.0047 1.58371
12.3232 16.0835 1.57516
12.3226 16.1987 1.57527
12.3221 16.314 1.57538
12.3221 16.4311 1.56686
12.3224 16.508 1.56694
12.3233 16.6251 1.55842
12.3253 16.7423 1.54991
12.3269 16.8191 1.54998
12.3293 16.9343 1.55009
12.3322 17.0515 1.54158
12.336 17.1647 1.53307
12.339 17.2454 1.53314
12.3439 17.3624 1.52463
12.3499 17.4795 1.51612
12.3543 17.56 1.51619
12.3614 17.6808 1.50769
12.3693 17.7977 1.49917
12.3788 17.9164 1.48204
12.386 17.9968 1.48212
12.3968 18.1135 1.47361
12.4084 18.232 1.47372
12.4163 18.3104 1.46517
12.4292 18.4268 1.45666
12.4442 18.5488 1.43953
12.4601 18.6649 1.43102
12.4719 18.7467 1.42248
12.4903 18.8663 1.41397
12.5081 18.9821 1.4227
12.52 19.0619 1.42278
12.5373 19.1817 1.43151
12.5485 19.2635 1.44021
12.5672 19.4218 1.46622
12.5747 19.5041 1.49217
12.5826 19.6248 1.51814
12.5876 19.7496 1.54413
12.5887 19.8322 1.57007
12.5872 19.957 1.59605
12.5807 20.0837 1.6479
12.5727 20.1678 1.68246
12.5559 20.2896 1.73431
12.5317 20.4101 1.8034
12.4982 20.5324 1.87249
12.472 20.6107 1.91567
12.4252 20.7265 1.99338
12.3696 20.8383 2.07109
12.3055 20.9454 2.1488
12.2583 21.0132 2.20923
12.1785 21.1117 2.29557
12.0904 21.2029 2.3819
12.0288 21.2579 2.44233
11.9272 21.3369 2.52004
11.8229 21.4056 2.59775
11.7495 21.4474 2.64956
11.6372 21.5021 2.72727
11.5179 21.5503 2.78775
11.4398 21.5773 2.83093
11.3181 21.6129 2.88278
11.1911 21.643 2.93463
11.0683 21.666 2.97785
10.9847 21.6784 3.01242
10.8568 21.6922 3.05565
10.7303 21.7009 3.09025
10.6055 21.7057 3.11623
10.521 21.7071 3.13356
10.4 21.7065 -3.12365
10.3193 21.7043 -3.10633
10.1965 21.7 -3.10622
10.0736 21.6957 -3.1061
9.95073 21.6923 -3.12323
9.87007 21.6909 -3.12315
9.74905 21.6902 3.13428
9.62998 21.6921 3.11715
9.51289 21.6964 3.0914
9.43425 21.7007 3.08285
9.31731 21.7081 3.07434
9.20238 21.7168 3.0572
9.12582 21.7233 3.05727
9.00911 21.7337 3.04876
8.89631 21.7447 3.04025
8.81987 21.7524 3.04032
8.70335 21.7648 3.03181
8.5889 21.7784 3.01467
8.47839 21.7925 3.01478
8.40031 21.8028 3.00623
8.29005 21.8188 2.98909
8.17993 21.8357 2.9892
8.10399 21.8473 2.98927
7.99584 21.8644 2.98075
7.88586 21.8822 2.98085
7.77589 21.9001 2.98096
7.70189 21.9117 2.98965
7.58979 21.9284 2.99838
7.47741 21.9431 3.02435
7.40298 21.9516 3.03304
7.29016 21.9624 3.05901
7.17509 21.9689 3.11085
7.05792 21.97 -3.12912
6.97728 21.9676 -3.09456
6.85857 21.9579 -3.02547
6.7387 21.9412 -2.98225
6.61608 21.9177 -2.92178
6.5341 21.8972 -2.86998
6.41122 21.8589 -2.8095
6.29087 21.8133 -2.74903
6.21174 21.7785 -2.70584
6.09479 21.7203 -2.65399
5.97963 21.6547 -2.59352
5.90501 21.6074 -2.55895
5.79594 21.5321 -2.51572
5.6921 21.4528 -2.46386
5.62423 21.3962 -2.4293
5.52477 21.3057 -2.37744
5.43096 21.2094 -2.30834
5.34315 21.1076 -2.25649
5.28751 21.0365 -2.2133
5.20912 20.9249 -2.15282
5.13964 20.812 -2.09234
5.07387 20.6903 -2.04048
5.03475 20.609 -1.99729
4.98232 20.4851 -1.94543
4.93638 20.3588 -1.89358
4.90885 20.2728 -1.86763
4.87175 20.1435 -1.83302
4.83906 20.0151 -1.80703
4.80972 19.8858 -1.78104
4.79203 19.7993 -1.76371
4.7681 19.6709 -1.74635
4.7464 19.5421 -1.72898
4.73316 19.4566 -1.72028
4.71565 19.3291 -1.6943
4.70035 19.2013 -1.68555
4.68617 19.0734 -1.67681
4.67796 18.9893 -1.65949
4.66744 18.8649 -1.65075
4.65801 18.7404 -1.64201
4.65249 18.658 -1.63331
4.64482 18.5353 -1.6332
4.63865 18.4106 -1.60721
4.63465 18.2858 -1.59848
4.63273 18.2032 -1.58978
4.63096 18.0822 -1.58104
4.63022 17.9574 -1.5723
4.63046 17.8748 -1.5636
4.63186 17.7538 -1.55487
4.63431 17.6328 -1.54613
4.63678 17.5118 -1.55464
4.63772 17.433 -1.56319
4.6376 17.3139 -1.58032
4.63599 17.1968 -1.58883
4.63423 17.118 -1.59738
4.63074 17.0048 -1.6059
4.62764 16.9261 -1.61444
4.62262 16.8109 -1.61434
4.61803 16.6938 -1.6056
4.61389 16.5748 -1.60549
4.61034 16.4577 -1.59676
4.60795 16.379 -1.60531
4.60341 16.2619 -1.61382
4.59846 16.1467 -1.61371
4.59517 16.07 -1.61364
4.58965 15.9529 -1.62215
4.58355 15.834 -1.62204
4.57705 15.717 -1.63055
4.57246 15.6403 -1.63048
4.56473 15.5195 -1.63899
4.55636 15.3969 -1.63887
4.55067 15.3183 -1.64742
4.54126 15.1958 -1.6473
4.5315 15.0751 -1.65581
4.52175 14.9545 -1.64708
4.51581 14.8721 -1.63838
4.50752 14.7495 -1.63826
4.50072 14.6248 -1.61228
4.49765 14.5423 -1.60358
4.49469 14.4194 -1.58622
4.49331 14.2945 -1.57748
4.49302 14.1697 -1.56875
4.49284 14.0871 -1.57729
4.49257 13.9622 -1.56855
4.49286 13.8354 -1.56843
4.49307 13.7509 -1.56835
4.49394 13.6222 -1.55961
4.49541 13.4916 -1.55949
4.49694 13.3571 -1.55936
4.49831 13.2707 -1.55066
4.49924 13.142 -1.5764
4.49852 13.0114 -1.57628
4.49767 12.925 -1.58482
4.49481 12.7982 -1.60195
4.48978 12.6715 -1.61907
4.48497 12.5872 -1.63623
4.47521 12.4627 -1.66198
4.46297 12.3404 -1.67911
4.45369 12.2583 -1.68765
4.43936 12.1362 -1.68754
4.42429 12.0123 -1.69604
4.40817 11.8884 -1.70455
4.3968 11.8066 -1.71309
4.37964 11.683 -1.70435
4.36301 11.5631 -1.71286
4.34666 11.4412 -1.6955
4.33604 11.3593 -1.70404
4.31971 11.2375 -1.70393
4.30417 11.1175 -1.69519
4.29428 11.0355 -1.6865
4.28041 10.9114 -1.67776
4.26835 10.789 -1.6604
4.25735 10.6666 -1.66028
4.25033 10.5843 -1.65158
4.24175 10.4655 -1.63423
4.23687 10.3831 -1.62553
4.23121 10.2603 -1.60817
4.22817 10.1354 -1.58219
4.22729 10.0106 -1.57345
4.22909 9.88765 -1.53885
4.23263 9.80898 -1.51291
4.24186 9.68639 -1.47831
4.25715 9.56247 -1.41784
4.27079 9.481 -1.3919
4.29764 9.3571 -1.32281
4.33194 9.23704 -1.26234
4.35967 9.1572 -1.21053
4.40844 9.04017 -1.14144
4.46516 8.92679 -1.07235
4.53104 8.81622 -0.994635
4.58108 8.7434 -0.942824
4.66306 8.63924 -0.865105
4.75199 8.54357 -0.778768
4.81647 8.48315 -0.726956
4.91885 8.39898 -0.649238
5.02747 8.32301 -0.571519
5.103 8.27715 -0.519707
5.22195 8.21444 -0.450609
5.33944 8.16192 -0.390138
5.46509 8.11402 -0.338282
5.54893 8.08614 -0.303714
5.68194 8.04822 -0.251855
5.81298 8.0181 -0.199999
5.89792 8.00202 -0.174054
6.02892 7.9819 -0.130822
6.16252 7.96667 -0.0962098
6.29274 7.95637 -0.0616008
6.37907 7.95217 -0.0356555
6.50771 7.94814 -0.0269129
6.63256 7.9464 -0.000931414
6.71515 7.94669 0.00776764
6.84191 7.94877 0.0251295
6.96481 7.95187 0.0252448
7.08961 7.95556 0.0339835
7.17408 7.95844 0.0340628
7.29501 7.96309 0.0427978
7.41783 7.96836 0.042913
7.50037 7.97155 0.0343691
7.62133 7.97519 0.025861
7.73656 7.97718 0.00872621
7.85374 7.97771 0.000214616
7.93057 7.97773 0.0002867
8.04966 7.97674 -0.0168446
8.1649 7.97481 -0.0167365
8.28013 7.97288 -0.0166286
8.35694 7.97095 -0.0337992
8.47023 7.96761 -0.0250716
8.58351 7.96429 -0.0335867
8.6603 7.96171 -0.0335146
8.77165 7.95798 -0.0334101
8.883 7.95427 -0.0333055
8.95402 7.9516 -0.0418604
9.06533 7.94694 -0.0417559
9.17281 7.94245 -0.0416549
9.28412 7.93782 -0.0415505
9.35896 7.93439 -0.0501017
9.46833 7.92938 -0.0413774
9.57965 7.92478 -0.0412729
9.65258 7.92177 -0.0412044
9.76006 7.91735 -0.0411035
9.86754 7.91293 -0.0410026
9.94047 7.90994 -0.040934
10.0499 7.90594 -0.0322099
10.1574 7.90248 -0.0321089
10.2649 7.89996 -0.0147647
10.3379 7.89951 0.00254657
10.4455 7.90165 0.0371336
10.5548 7.90807 0.0803439
10.6294 7.91505 0.106279
10.738 7.92902 0.149489
10.8457 7.94859 0.209943
10.9523 7.97372 0.253153
11.0245 7.99342 0.279088
11.0961 8.01561 0.322266
11.2381 8.06923 0.400002
11.3048 8.09881 0.434556
11.4076 8.15091 0.503637
11.5047 8.20942 0.581337
11.5987 8.27601 0.650417
11.66 8.32557 0.710842
11.744 8.40447 0.797165
11.8225 8.49141 0.874869
11.8726 8.55465 0.926674
11.9393 8.65101 1.00438
12.0017 8.75696 1.07346
12.0565 8.86697 1.14255
12.0888 8.94093 1.17711
12.132 9.05603 1.2462
12.1682 9.17751 1.31529
12.1882 9.25965 1.34986
12.2119 9.38224 1.41033
12.2299 9.50772 1.44493
12.2426 9.63387 1.49678
12.2479 9.72015 1.52272
12.2524 9.84877 1.54871
12.2541 9.97554 1.56607
12.2541 10.062 1.57477
12.2525 10.1926 1.59214
12.2486 10.3193 1.6095
12.2449 10.4057 1.6182
12.2381 10.538 1.62695
12.2309 10.6646 1.62707
12.2262 10.749 1.62715
12.2188 10.8794 1.62727
12.2112 11.004 1.63601
12.2041 11.1306 1.61889
12.1997 11.2131 1.62759
12.1954 11.2956 1.61904
12.1888 11.4606 1.60195
12.1856 11.5816 1.59344
12.1841 11.6642 1.5849
12.1828 11.789 1.5764
12.1827 11.9101 1.56789
12.1829 11.9907 1.56796
12.1838 12.1117 1.55946
12.1856 12.2327 1.55095
12.188 12.3518 1.55106
12.1899 12.4306 1.54251
12.1931 12.5458 1.54262
12.1969 12.6629 1.53411
12.2002 12.7416 1.52556
12.2054 12.8567 1.52567
12.2112 12.9737 1.51716
12.2175 13.0926 1.51727
12.2219 13.1674 1.50872
12.2292 13.2863 1.50883
12.237 13.4032 1.50032
12.2424 13.4799 1.50039
12.2511 13.5967 1.49188
12.2602 13.7116 1.49199
12.2668 13.7901 1.48344
12.2775 13.9068 1.47493
12.2885 14.0273 1.48366
12.2956 14.1076 1.48374
12.3056 14.2283 1.49247
12.3145 14.3489 1.50121
12.3224 14.4697 1.50994
12.3292 14.5905 1.51868
12.3327 14.6711 1.536
12.3364 14.7921 1.54473
12.3391 14.9169 1.55347
12.3405 14.9976 1.55355
12.3426 15.1205 1.55366
12.3447 15.2434 1.55378
12.3458 15.326 1.56248
12.3468 15.4489 1.56259
12.3483 15.5738 1.55409
12.3509 15.6948 1.54558
12.3529 15.7754 1.54566
12.3565 15.8964 1.53715
12.3605 16.0154 1.53726
12.3632 16.096 1.53733
12.3676 16.2131 1.52882
12.373 16.3302 1.52031
12.38 16.4491 1.50318
12.3852 16.5257 1.50325
12.3936 16.6426 1.49474
12.403 16.7594 1.48623
12.41 16.8378 1.47768
12.4207 16.9526 1.47779
12.4321 17.0692 1.46928
12.4399 17.1456 1.46935
12.4515 17.2603 1.46946
12.4636 17.3788 1.46957
12.4759 17.4953 1.46106
12.4843 17.5717 1.46113
12.4974 17.6901 1.46124
12.51 17.8046 1.46135
12.5189 17.8829 1.4528
12.5322 17.9993 1.46153
12.5454 18.1157 1.45302
12.5597 18.232 1.44451
12.5694 18.3082 1.44458
12.5844 18.4264 1.44469
12.5996 18.5426 1.43618
12.6098 18.6207 1.44488
12.6248 18.7388 1.44499
12.6397 18.857 1.4451
12.6539 18.9733 1.45383
12.6628 19.0515 1.46253
12.6746 19.17 1.47988
12.684 19.2907 1.50586
12.6886 19.3712 1.52318
12.6932 19.4902 1.54054
12.6953 19.6112 1.56651
12.6946 19.6938 1.59246
12.6908 19.8167 1.60981
12.6841 19.9452 1.6358
12.6733 20.0696 1.67902
12.6634 20.1516 1.70497
12.6434 20.2788 1.7482
12.6167 20.4027 1.81729
12.594 20.4841 1.86909
12.5536 20.6043 1.92094
12.506 20.7218 1.99003
12.4696 20.7981 2.04184
12.4068 20.9104 2.11956
12.3345 21.0169 2.21451
12.2558 21.1138 2.29223
12.1967 21.1769 2.35266
12.1029 21.2622 2.45623
12.0026 21.3365 2.55119
11.9308 21.3811 2.62024
11.8221 21.4386 2.68933
11.7093 21.4875 2.77566
11.5914 21.5287 2.83613
11.5121 21.5518 2.87931
11.3929 21.5816 2.91391
11.2726 21.6073 2.94851
11.1915 21.6228 2.95721
11.0742 21.6436 2.97457
10.9565 21.6614 3.00916
10.8764 21.6713 3.02648
10.7617 21.6826 3.06108
10.6486 21.6902 3.08705
10.5297 21.6957 3.1044
10.4529 21.6979 3.12172
10.3376 21.6992 3.13907
10.2204 21.7 3.13056
10.1071 21.7017 3.12204
10.0303 21.7039 3.10487
9.91519 21.7091 3.08774
9.80017 21.7163 3.0706
9.72546 21.7219 3.06205
9.61066 21.7321 3.04492
9.4979 21.7435 3.0364
9.42149 21.7515 3.03647
9.30699 21.7646 3.01934
9.19456 21.7789 3.01082
9.08029 21.7939 3.01093
9.00225 21.8045 3.00238
8.89009 21.8207 2.99387
8.77426 21.8385 2.98536
8.69652 21.8511 2.97681
8.5848 21.8701 2.96829
8.47128 21.89 2.9684
8.35577 21.9097 2.97713
8.27997 21.9223 2.97721
8.16429 21.9409 2.98594
8.04846 21.9586 2.99467
7.97236 21.9692 3.01198
7.85413 21.9835 3.02934
7.73567 21.9959 3.04669
7.61702 22.0061 3.06405
7.53653 22.0117 3.08137
7.41565 22.0174 3.10734
7.29657 22.0194 -3.14124
7.21591 22.018 -3.10668
7.09314 22.0116 -3.07208
6.97066 22.0009 -3.03748
6.88677 21.9907 -3.00291
6.76152 21.971 -2.96831
6.63725 21.9459 -2.91646
6.51472 21.9133 -2.84737
6.43256 21.8865 -2.80418
6.31246 21.8402 -2.74371
6.19583 21.7858 -2.66599
6.11986 21.7446 -2.62281
6.00873 21.6759 -2.55371
5.90572 21.602 -2.48462
5.80623 21.5204 -2.42415
5.74234 21.4621 -2.38096
5.64995 21.3671 -2.30324
5.56601 21.267 -2.23415
5.51281 21.1965 -2.19958
5.44122 21.0895 -2.12186
5.37526 20.9745 -2.06139
5.33446 20.894 -2.0182
5.28259 20.7783 -1.96635
5.23524 20.6545 -1.90587
5.1955 20.5301 -1.85402
5.17314 20.4466 -1.81083
5.14428 20.3192 -1.77622
5.12076 20.1927 -1.733
5.10783 20.1091 -1.71567
5.09091 19.9816 -1.68969
5.07697 19.8555 -1.67233
5.06557 19.7331 -1.65497
5.05847 19.6489 -1.65489
5.04883 19.5283 -1.64615
5.04024 19.4076 -1.63742
5.03488 19.3271 -1.63734
5.02799 19.2082 -1.61999
5.02317 19.0892 -1.60263
5.02072 19.0124 -1.60256
5.01762 18.8991 -1.59383
5.01543 18.7819 -1.5851
5.01379 18.6667 -1.58499
5.0127 18.5899 -1.58492
5.01159 18.4766 -1.57619
5.01004 18.3652 -1.59333
5.007 18.2519 -1.60185
5.00462 18.1751 -1.60177
5.00021 18.0637 -1.61891
4.99448 17.9544 -1.62743
4.99035 17.8815 -1.62736
4.9831 17.7704 -1.6445
4.97426 17.6631 -1.66164
4.96764 17.5905 -1.66158
4.95697 17.4834 -1.67872
4.94514 17.3784 -1.68724
4.93333 17.2734 -1.67852
4.92538 17.2028 -1.68707
4.91268 17.0979 -1.6956
4.89977 16.995 -1.6955
4.89063 16.9245 -1.70405
4.87615 16.8199 -1.71258
4.86095 16.7134 -1.71248
4.84503 16.6051 -1.72099
4.83351 16.531 -1.72955
4.81559 16.425 -1.74669
4.79597 16.3173 -1.75521
4.78192 16.2437 -1.76376
4.76047 16.1363 -1.77228
4.73895 16.0309 -1.77218
4.72365 15.9576 -1.78073
4.6995 15.8488 -1.79787
4.6744 15.7423 -1.80638
4.64747 15.6322 -1.8149
4.62983 15.5613 -1.81483
4.60292 15.4532 -1.81473
4.57509 15.3414 -1.81462
4.54727 15.2295 -1.81451
4.52966 15.1587 -1.81444
4.5028 15.0486 -1.80571
4.47786 14.938 -1.77974
4.46263 14.8647 -1.77105
4.44082 14.7496 -1.74508
4.4228 14.6357 -1.71048
4.40774 14.5215 -1.69313
4.39859 14.4413 -1.67581
4.38682 14.3247 -1.66708
4.37606 14.208 -1.65835
4.36971 14.1276 -1.64103
4.36174 14.0069 -1.6323
4.35483 13.886 -1.62356
4.35083 13.8035 -1.61486
4.34588 13.6788 -1.60612
4.34154 13.5559 -1.60601
4.33722 13.4331 -1.60589
4.33397 13.3505 -1.61444
4.32818 13.2297 -1.62295
4.32072 13.1069 -1.64007
4.31514 13.0265 -1.64
4.30691 12.9077 -1.63989
4.29832 12.7908 -1.6484
4.29188 12.7123 -1.65694
4.28262 12.5994 -1.64822
4.27372 12.4844 -1.64811
4.26573 12.3752 -1.63938
4.26136 12.3024 -1.62207
4.25566 12.1911 -1.62197
4.24997 12.0799 -1.62186
4.24467 11.9666 -1.61314
4.24183 11.8918 -1.60444
4.23753 11.7785 -1.61296
4.23325 11.6653 -1.60423
4.23107 11.5904 -1.59554
4.22832 11.479 -1.59543
4.22602 11.3657 -1.58671
4.22487 11.2927 -1.58664
4.22356 11.1794 -1.57791
4.22374 11.068 -1.56056
4.22539 10.9547 -1.55184
4.22685 10.8779 -1.55176
4.23005 10.7626 -1.53441
4.23583 10.6456 -1.50844
4.24108 10.567 -1.49974
4.25159 10.4484 -1.46514
4.26591 10.3282 -1.43917
4.27719 10.2483 -1.42185
4.29754 10.1271 -1.38725
4.3213 10.0104 -1.35265
4.34902 9.89261 -1.32667
4.37002 9.81272 -1.30073
4.40487 9.69483 -1.26613
4.44387 9.57621 -1.24014
4.47268 9.49676 -1.20558
4.52 9.37914 -1.17097
4.57265 9.2617 -1.12775
4.62995 9.14861 -1.0759
4.67137 9.07494 -1.04133
4.74025 8.96395 -0.989481
4.81414 8.85857 -0.929009
4.86737 8.79046 -0.885821
4.95261 8.69403 -0.808105
5.04783 8.60183 -0.730388
5.11393 8.54613 -0.669956
5.22095 8.46793 -0.592237
5.33237 8.39976 -0.5059
5.45217 8.3387 -0.436801
5.53318 8.3034 -0.38499
5.65747 8.25736 -0.324514
5.78432 8.21892 -0.26404
5.86823 8.19817 -0.220851
5.99615 8.17176 -0.186243
6.12492 8.1498 -0.151634
6.21238 8.13721 -0.134308
6.34013 8.12164 -0.108323
6.46824 8.10939 -0.0823374
6.59664 8.10047 -0.0563519
6.68106 8.09644 -0.0390298
6.80972 8.09309 -0.0130442
6.93841 8.09308 0.0129409
7.02291 8.09491 0.0302632
7.1496 8.09984 0.0476254
7.27806 8.10764 0.0736105
7.40254 8.11737 0.0823493
7.48483 8.12452 0.0910482
7.60912 8.13641 0.0997869
7.72948 8.149 0.108522
7.84983 8.16159 0.100014
7.93198 8.1702 0.108713
8.05234 8.18281 0.100205
8.13261 8.19089 0.100281
8.24914 8.20313 0.109012
8.36371 8.21567 0.10912
8.48024 8.22794 0.100609
8.55668 8.23566 0.100681
8.67145 8.24626 0.0835457
8.78442 8.25523 0.0750306
8.89559 8.26263 0.0578921
8.97036 8.26729 0.0665839
9.08158 8.27375 0.0494453
9.19285 8.27927 0.0495499
9.26576 8.28288 0.0496183
9.37897 8.28802 0.0411031
9.49029 8.29261 0.0412076
9.5997 8.29665 0.0326889
9.67267 8.29841 0.0155141
9.78024 8.29916 -0.00162808
9.88588 8.29762 -0.0273935
9.95882 8.295 -0.0445681
10.0643 8.28893 -0.0703334
10.1696 8.28106 -0.0788561
10.2729 8.27111 -0.113245
10.3415 8.26271 -0.130423
10.4423 8.24817 -0.156192
10.5124 8.23621 -0.18199
10.6121 8.21563 -0.225002
10.7108 8.19079 -0.268014
10.8083 8.16173 -0.311026
10.9043 8.12766 -0.371282
10.9664 8.10193 -0.414326
11.0564 8.0586 -0.483205
11.1446 8.00784 -0.560702
11.2008 7.97087 -0.603747
11.2792 7.91217 -0.68125
11.3511 7.84854 -0.767375
11.4184 7.77727 -0.862119
11.4581 7.72792 -0.92241
11.5135 7.64713 -1.01715
11.5605 7.56333 -1.10328
11.5873 7.50591 -1.16357
11.6226 7.41453 -1.24107
11.6496 7.32437 -1.31858
11.6634 7.26447 -1.37025
11.6786 7.17354 -1.43914
11.6882 7.0799 -1.4994
11.6919 6.9897 -1.55966
11.6913 6.93016 -1.60272
11.6852 6.83816 -1.6716
11.6784 6.779 -1.69741
11.6644 6.68787 -1.74905
11.6457 6.59562 -1.79207
11.6248 6.50781 -1.81785
11.6005 6.41488 -1.83501
11.5837 6.35377 -1.84357
11.5569 6.25954 -1.8521
11.531 6.16704 -1.83476
11.5138 6.10206 -1.82608
11.4893 6.00323 -1.80012
11.4675 5.9038 -1.77416
11.4482 5.80383 -1.7482
11.436 5.73187 -1.73089
11.4197 5.62553 -1.71354
11.4054 5.51893 -1.6962
11.3963 5.44456 -1.68751
11.3847 5.33762 -1.67016
11.3753 5.22854 -1.6442
11.3683 5.12119 -1.62685
11.3642 5.04831 -1.62678
11.358 4.93707 -1.62668
11.3522 4.82389 -1.61795
11.3479 4.74718 -1.63512
11.3405 4.63216 -1.63501
11.3328 4.51332 -1.6349
11.3255 4.3983 -1.63479
11.3208 4.31968 -1.6261
11.3144 4.2046 -1.62599
11.3078 4.08569 -1.62588
11.304 4.01087 -1.61719
11.2994 3.90148 -1.60846
11.2947 3.78825 -1.61698
11.2901 3.67885 -1.60825
11.2874 3.60591 -1.60819
11.2827 3.49268 -1.6167
11.2777 3.38522 -1.6166
11.2744 3.31231 -1.61653
11.2695 3.20485 -1.61643
11.2642 3.09933 -1.62495
11.258 2.99387 -1.63348
11.2507 2.8904 -1.65062
11.2446 2.82152 -1.6678
11.2336 2.71837 -1.68494
11.2207 2.61739 -1.71071
11.2105 2.549 -1.72789
11.1939 2.45245 -1.75366
11.1741 2.35259 -1.77943
11.1526 2.25505 -1.79658
11.1374 2.19153 -1.81376
11.1125 2.09281 -1.82229
11.0868 1.99629 -1.83944
11.0687 1.93155 -1.848
11.0408 1.83964 -1.88239
11.0096 1.74678 -1.90817
10.9865 1.68364 -1.93397
10.9498 1.59283 -1.97698
10.9079 1.50213 -2.02862
10.8615 1.4137 -2.08026
10.8275 1.35573 -2.1233
10.7729 1.27209 -2.17494
10.7148 1.19318 -2.23519
10.6722 1.14116 -2.27824
10.607 1.06809 -2.32125
10.5364 0.997425 -2.39013
10.4657 0.935269 -2.4504
10.4147 0.894511 -2.48482
10.3389 0.83866 -2.52784
10.259 0.785392 -2.57948
10.2082 0.754308 -2.60529
10.1267 0.707262 -2.63106
10.044 0.662333 -2.65684
9.95863 0.618308 -2.67399
9.90193 0.589978 -2.68255
9.81737 0.548634 -2.69109
9.73091 0.506811 -2.691
9.67397 0.478958 -2.68232
9.59097 0.438795 -2.69947
9.50225 0.397258 -2.708
9.41283 0.35725 -2.73378
9.35453 0.332359 -2.74234
9.26023 0.293996 -2.76811
9.16334 0.256979 -2.78525
9.10023 0.233796 -2.79381
9.00437 0.199508 -2.80234
8.90626 0.165829 -2.81948
8.83875 0.143618 -2.82804
8.73812 0.11146 -2.83656
8.63524 0.080036 -2.8537
8.53184 0.050379 -2.87084
8.46328 0.0316637 -2.8794
8.3587 0.00647329 -2.93103
8.25691 -0.0134592 -2.96542
8.15253 -0.0297348 -3.00843
8.08197 -0.0382618 -3.03422
7.97859 -0.0467116 -3.08585
7.8711 -0.0508568 -3.12024
7.80195 -0.0511432 3.12852
7.69827 -0.0480047 3.09414
7.59477 -0.0413034 3.05975
7.52401 -0.0345797 3.03395
7.41913 -0.0218773 3.00818
7.31658 -0.00631478 2.97379
7.21265 0.0126699 2.94803
7.14297 0.0266393 2.93947
7.04332 0.0475013 2.93095
6.9401 0.0700312 2.92243
6.87066 0.0851821 2.93111
6.76904 0.105973 2.94845
6.6651 0.124904 2.97442
6.55888 0.141883 2.99176
6.48661 0.152153 3.00907
6.38183 0.165656 3.01779
6.27312 0.178702 3.02652
6.20054 0.186455 3.04383
6.09348 0.196949 3.04393
5.98251 0.206851 3.06128
5.87334 0.215159 3.07
5.80247 0.220545 3.06145
5.69518 0.228227 3.07879
5.58393 0.234255 3.09614
5.51291 0.237175 3.10483
5.40155 0.240305 3.12218
5.29016 0.242462 3.12228
5.18068 0.244099 3.131
5.10769 0.244869 3.13107
4.99628 0.246035 3.13118
4.8868 0.246698 3.1399
4.81572 0.247122 3.13135
4.70432 0.248258 3.13145
4.59677 0.250271 3.11431
4.52573 0.252514 3.10575
4.41633 0.256903 3.09724
4.30697 0.262224 3.08872
4.19766 0.268476 3.0802
4.12481 0.272952 3.08027
4.01744 0.279539 3.08037
3.90812 0.285762 3.08909
3.79876 0.291031 3.09782
3.72584 0.294223 3.09788
3.61449 0.298125 3.11523
3.50501 0.29959 3.1412
3.4301 0.299294 -3.13329
3.3187 0.297403 -3.11595
3.20733 0.29454 -3.11584
3.09212 0.291566 -3.11573
3.01724 0.289304 -3.10704
2.90399 0.284895 -3.09831
2.78884 0.279902 -3.09821
2.71018 0.276144 -3.08951
2.59698 0.270727 -3.09803
2.478 0.265533 -3.09791
2.40314 0.262582 -3.10647
2.28796 0.258528 -3.10636
2.17468 0.255018 -3.11487
2.06138 0.252473 -3.12339
1.98647 0.251429 -3.13194
1.87122 0.251304 3.13411
1.75983 0.253092 3.11697
1.68685 0.254887 3.11704
1.57357 0.258151 3.10853
1.4642 0.26318 3.08276
1.39133 0.267469 3.08283
1.28206 0.274365 3.07431
1.17285 0.282191 3.06579
1.06559 0.290331 3.0659
0.992804 0.295848 3.06596
0.881711 0.30426 3.06607
0.772497 0.312045 3.07479
0.699666 0.316915 3.07486
0.588443 0.32338 3.09221
0.477124 0.327914 3.10956
0.404149 0.329621 3.12687
0.290817 0.329818 -3.13035
0.179427 0.327598 -3.113
0.0700298 0.323047 -3.08703
-0.00475476 0.318637 -3.07834
-0.115941 0.311589 -3.07823
-0.225181 0.30418 -3.06951
-0.301817 0.298643 -3.06944
-0.409168 0.291808 -3.08658
-0.51662 0.286815 -3.10372
-0.624141 0.283664 -3.12087
-0.697119 0.282148 -3.1208
-0.800825 0.279986 -3.1207
-0.906457 0.278229 -3.12922
-0.977521 0.277041 -3.12053
-1.08315 0.275267 -3.12906
-1.1907 0.272985 -3.11171
-1.29241 0.268623 -3.08575
-1.36332 0.263737 -3.05982
-1.46067 0.252788 -2.99938
-1.55704 0.235146 -2.92169
-1.65175 0.21008 -2.84401
-1.70986 0.190038 -2.77498
-1.79762 0.151015 -2.67143
-1.87569 0.105664 -2.55926
-1.92553 0.0696745 -2.47299
-1.98975 0.0118142 -2.34359
-2.04445 -0.0526285 -2.20556
-2.07492 -0.0992673 -2.09343
-2.10852 -0.170505 -1.92955
-2.12756 -0.240981 -1.73981
-2.13255 -0.290681 -1.60181
-2.12739 -0.357723 -1.38621
-2.10883 -0.420351 -1.17923
-2.07962 -0.474448 -0.972262
-2.05346 -0.507641 -0.834278
-2.01087 -0.546479 -0.644548
-1.96199 -0.577011 -0.472064
-1.9286 -0.591762 -0.35995
-1.87503 -0.607052 -0.196089
-1.82355 -0.613405 -0.0494743
-1.77169 -0.612616 0.0798972
-1.73544 -0.608293 0.157525
-1.681 -0.596484 0.269656
-1.62632 -0.578278 0.373168
-1.59079 -0.563656 0.407691
-1.53686 -0.538405 0.468097
-1.48066 -0.509074 0.494021
-1.44346 -0.489035 0.494061
-1.38569 -0.45856 0.476879
-1.32717 -0.429586 0.442454
-1.26581 -0.402116 0.399409
-1.22489 -0.385463 0.373587
-1.15648 -0.359997 0.339169
-1.08724 -0.336901 0.304751
-1.04137 -0.322688 0.296175
-0.971374 -0.301984 0.279
-0.901034 -0.282486 0.261826
-0.824876 -0.262426 0.253278
-0.776421 -0.250328 0.236082
-0.701568 -0.232999 0.218911
-0.626426 -0.216957 0.20174
-0.546997 -0.202839 0.150086
-0.491883 -0.194746 0.141517
-0.409968 -0.184151 0.11573
-0.325862 -0.175837 0.0813233
-0.266492 -0.171254 0.0727577
-0.178366 -0.164827 0.0728406
-0.11706 -0.160352 0.0728982
-0.0251029 -0.153633 0.0729847
0.0706839 -0.146625 0.0730748
0.166471 -0.139609 0.073165
0.262258 -0.132584 0.0732551
0.329329 -0.12795 0.0646966
0.429005 -0.121487 0.0647904
0.526736 -0.114719 0.0735036
0.593805 -0.110069 0.0649451
0.689695 -0.104658 0.0477924
0.787567 -0.100395 0.0392625
0.885497 -0.0978113 0.0134897
0.952726 -0.0977717 -0.0123117
1.0545 -0.100337 -0.0380807
1.15617 -0.105523 -0.0638498
1.22514 -0.110528 -0.081028
1.3265 -0.120074 -0.106797
1.4315 -0.131783 -0.115319
1.50019 -0.139738 -0.115254
1.60508 -0.152334 -0.123777
1.70998 -0.16492 -0.115056
1.81498 -0.176592 -0.106335
1.88568 -0.183828 -0.097647
1.99095 -0.192762 -0.0716832
2.09836 -0.19861 -0.0370965
2.1694 -0.200937 -0.0284081
2.27888 -0.202626 -0.00244103
2.38836 -0.201472 0.0235263
2.49588 -0.198009 0.0408702
2.57071 -0.194622 0.049562
2.68199 -0.189097 0.0496668
2.79321 -0.182601 0.0670142
2.90625 -0.174519 0.075742
2.98093 -0.168525 0.0844339
3.08999 -0.158816 0.093158
3.20091 -0.148446 0.0932626
3.27359 -0.141646 0.0933309
3.3846 -0.132214 0.0761925
3.49576 -0.124686 0.0590538
3.57249 -0.12081 0.0418829
3.68384 -0.117099 0.0247445
3.79908 -0.115235 0.00760958
3.91241 -0.114855 -0.000905618
3.98732 -0.115243 -0.00945702
4.10255 -0.11732 -0.0265919
4.21583 -0.120816 -0.035107
4.29069 -0.123765 -0.0436583
4.40389 -0.129193 -0.0521734
4.51698 -0.136561 -0.0779317
4.62984 -0.146838 -0.10369
4.70619 -0.155447 -0.120861
4.82048 -0.170322 -0.137996
4.93267 -0.18639 -0.146511
5.01053 -0.19822 -0.155059
5.12424 -0.216994 -0.172194
5.23581 -0.236888 -0.180709
5.35278 -0.259295 -0.19784
5.42617 -0.274333 -0.206391
5.53898 -0.297946 -0.206283
5.65158 -0.322517 -0.223418
5.76397 -0.348047 -0.22331
5.8389 -0.36506 -0.223238
5.95327 -0.390502 -0.214506
6.06609 -0.414057 -0.197155
6.13962 -0.428413 -0.188463
6.2568 -0.449709 -0.171109
6.36856 -0.468519 -0.162381
6.44254 -0.480309 -0.153689
6.55643 -0.497946 -0.153581
6.66851 -0.514795 -0.144853
6.78058 -0.531631 -0.153368
6.85641 -0.54402 -0.17054
6.97142 -0.566383 -0.213537
7.08186 -0.591825 -0.239295
7.15813 -0.611476 -0.265086
7.26909 -0.642623 -0.282221
7.38347 -0.675783 -0.282109
7.49417 -0.707861 -0.282001
7.56972 -0.7301 -0.290549
7.68213 -0.763177 -0.281817
7.75788 -0.784751 -0.273122
7.86886 -0.815833 -0.273014
7.98382 -0.846948 -0.255659
8.09731 -0.876085 -0.246927
8.21279 -0.905188 -0.246816
8.28925 -0.924097 -0.23812
8.40498 -0.952182 -0.238008
8.51699 -0.979349 -0.2379
8.5936 -0.997576 -0.229205
8.7076 -1.02468 -0.237717
8.82136 -1.05276 -0.246228
8.89588 -1.07149 -0.246156
9.00741 -1.10053 -0.263291
9.11473 -1.13044 -0.28043
9.2235 -1.16227 -0.288945
9.29715 -1.18416 -0.288873
9.40197 -1.2158 -0.297391
9.51018 -1.24947 -0.305907
9.57979 -1.27145 -0.305838
9.68603 -1.30499 -0.305733
9.79058 -1.33749 -0.297009
9.8991 -1.37019 -0.288281
9.96926 -1.39033 -0.27097
10.0754 -1.41735 -0.227759
10.1827 -1.43884 -0.167306
10.2932 -1.45359 -0.0982295
10.366 -1.45886 -0.0464312
10.4735 -1.46014 0.0226419
10.5484 -1.45683 0.0658192
10.6555 -1.44698 0.11765
10.76 -1.43141 0.178099
10.8617 -1.41127 0.212683
10.931 -1.39537 0.238614
11.0277 -1.37009 0.273194
11.1253 -1.34135 0.299154
11.2225 -1.31092 0.307871
11.2847 -1.29113 0.307932
11.3799 -1.26085 0.308026
11.4714 -1.23173 0.308116
11.5337 -1.21192 0.308177
11.6252 -1.18278 0.308267
11.715 -1.15461 0.299734
11.805 -1.1272 0.291201
11.8658 -1.10926 0.282639
11.9526 -1.08445 0.274102
12.0398 -1.06114 0.248322
12.0977 -1.04725 0.222513
12.186 -1.02846 0.196733
12.273 -1.01269 0.16233
12.3299 -1.00386 0.145141
12.4195 -0.992728 0.102118
12.5094 -0.984684 0.0763384
12.6015 -0.979234 0.0419384
12.6629 -0.977185 0.0247534
12.757 -0.976068 -0.00102306
12.8492 -0.976953 -0.0181794
12.9088 -0.978291 -0.0267451
13.0028 -0.98202 -0.0525215
13.0948 -0.98765 -0.0696779
13.158 -0.992334 -0.0782403
13.2498 -1.00112 -0.11264
13.3392 -1.01397 -0.172906
13.4257 -1.03216 -0.241795
13.4814 -1.04691 -0.276227
13.5655 -1.07393 -0.345117
13.6476 -1.10666 -0.414006
13.7237 -1.14331 -0.482899
13.7758 -1.17208 -0.52595
13.8474 -1.21701 -0.594843
13.9144 -1.26533 -0.655116
13.9578 -1.30021 -0.698172
14.0207 -1.35674 -0.767065
14.0784 -1.41583 -0.827338
14.1141 -1.45604 -0.861774
14.1675 -1.52159 -0.913424
14.2151 -1.5867 -0.965077
14.2572 -1.65097 -1.01673
14.2819 -1.69213 -1.04255
14.3176 -1.7558 -1.07697
14.3482 -1.81566 -1.12002
14.3663 -1.85386 -1.13722
14.3906 -1.90821 -1.16303
14.4105 -1.95609 -1.18884
14.4284 -2.00274 -1.22328
14.4386 -2.03173 -1.2405
14.4524 -2.0737 -1.26632
14.4629 -2.10865 -1.29215
14.4692 -2.13082 -1.29213
14.4774 -2.16043 -1.30934
14.4841 -2.18647 -1.32656
14.4882 -2.20326 -1.33517
14.4934 -2.22572 -1.35239
14.4971 -2.24261 -1.36099
14.5002 -2.25767 -1.37822
14.5016 -2.26521 -1.37821
14.5027 -2.27087 -1.38683
14.5027 -2.27087 -1.36959
14.5015 -2.26523 -1.36097
14.4995 -2.25585 -1.35236
14.4959 -2.24091 -1.31789
14.4919 -2.22606 -1.30066
14.4848 -2.20215 -1.25757
14.4758 -2.17679 -1.20587
14.465 -2.1501 -1.16279
14.457 -2.13261 -1.12832
14.4437 -2.10707 -1.05075
14.4284 -2.08264 -0.973187
14.4078 -2.05493 -0.887005
14.3939 -2.03896 -0.826673
14.3692 -2.01477 -0.723248
14.3437 -1.99435 -0.628443
14.323 -1.98046 -0.550871
14.2926 -1.96391 -0.447445
14.2625 -1.95146 -0.335397
14.2441 -1.94576 -0.266443
14.2123 -1.93867 -0.171636
14.1856 -1.93545 -0.0682038
14.1568 -1.93485 0.026606
14.1395 -1.93584 0.0869404
14.1148 -1.93918 0.181755
14.0942 -1.94398 0.276572
14.0814 -1.94804 0.33691
14.0689 -1.95318 0.448977
14.0656 -1.95503 0.552431
14.0656 -1.95502 0.655889
14.07 -1.95137 0.716246
14.0784 -1.94343 0.802472
14.0926 -1.9278 0.862842
14.1036 -1.91443 0.905966
14.1221 -1.88991 0.940481
14.1433 -1.86015 0.966379
14.1627 -1.83153 0.983655
14.1764 -1.81068 0.9923
14.1941 -1.78327 1.00095
14.214 -1.75262 0.992364
14.2279 -1.73189 0.966523
14.2515 -1.6992 0.923453
14.2765 -1.66755 0.880384
14.3054 -1.63411 0.837318
14.3276 -1.61013 0.811483
14.3629 -1.57481 0.759801
14.4012 -1.53991 0.716742
14.444 -1.50423 0.673687
14.4744 -1.48078 0.639237
14.5227 -1.44588 0.613428
14.5753 -1.41051 0.57038
14.611 -1.388 0.553176
14.6672 -1.35465 0.518752
14.7226 -1.32394 0.492947
14.7618 -1.30353 0.467123
14.8206 -1.27513 0.432698
14.8806 -1.24929 0.381031
14.9201 -1.23425 0.346585
14.9765 -1.21523 0.303533
15.0356 -1.19838 0.251861
15.0955 -1.18461 0.20019
15.1541 -1.17403 0.157138
15.1922 -1.16867 0.122688
15.2476 -1.16304 0.0796326
15.2994 -1.16003 0.0365732
15.3339 -1.15936 0.00211952
15.3839 -1.16055 -0.0495623
15.4299 -1.16363 -0.0840054
15.47 -1.16753 -0.109832
15.4929 -1.17025 -0.127053
15.5233 -1.17441 -0.144268
15.55 -1.17827 -0.144242
15.5652 -1.18048 -0.144228
15.5861 -1.18343 -0.135586
15.5994 -1.18519 -0.126952
15.607 -1.18616 -0.126945
15.6109 -1.18665 -0.126942
15.6147 -1.18714 -0.126938
15.6166 -1.18739 -0.135558
15.6166 -1.18739 -0.135558
15.6147 -1.18714 -0.126938
15.6147 -1.18714 -0.126938
15.6147 -1.18714 -0.126938
15.6109 -1.18665 -0.126942
15.6109 -1.18665 -0.126942
15.6109 -1.18665 -0.126942
15.607 -1.18616 -0.126945
15.6051 -1.18593 -0.118325
15.6032 -1.18569 -0.126949
15.5994 -1.18521 -0.126952
15.5975 -1.18497 -0.118333
15.5956 -1.18474 -0.126956
15.5918 -1.18425 -0.12696
15.588 -1.18376 -0.126963
15.5861 -1.18351 -0.135586
15.5842 -1.18326 -0.126967
15.5804 -1.18277 -0.12697
15.5785 -1.18252 -0.135594
15.5766 -1.18227 -0.126974
15.5747 -1.18202 -0.135597
15.5727 -1.18177 -0.126978
15.5708 -1.18152 -0.135601
15.5727 -1.18177 -0.126978
15.5727 -1.18177 -0.126978
15.5747 -1.18202 -0.135597
15.5747 -1.18202 -0.135597
15.5747 -1.18202 -0.135597
15.5747 -1.18202 -0.135597
15.5747 -1.18202 -0.135597
15.5747 -1.18202 -0.135597
15.5747 -1.18202 -0.135597
15.5747 -1.18202 -0.135597
15.5747 -1.18202 -0.135597
15.5747 -1.18202 -0.135597
15.5747 -1.18202 -0.135597
15.5747 -1.18202 -0.135597
15.5747 -1.18202 -0.135597
15.5747 -1.18202 -0.135597
15.5747 -1.18202 -0.135597
15.5747 -1.18202 -0.135597
15.5747 -1.18202 -0.135597
15.5747 -1.18202 -0.135597
15.5747 -1.18202 -0.135597
15.5747 -1.18202 -0.135597
15.5747 -1.18202 -0.135597
15.5747 -1.18202 -0.135597
15.5747 -1.18202 -0.135597
15.5747 -1.18202 -0.135597
15.5747 -1.18202 -0.135597
15.5747 -1.18202 -0.135597
15.5747 -1.18202 -0.135597
15.5747 -1.18202 -0.135597
15.5747 -1.18202 -0.135597
15.5747 -1.18202 -0.135597
15.5747 -1.18202 -0.135597
15.5747 -1.18202 -0.135597
15.5747 -1.18202 -0.135597
15.5747 -1.18202 -0.135597
15.5747 -1.18202 -0.135597
15.5747 -1.18202 -0.135597
15.5747 -1.18202 -0.135597
15.5747 -1.18202 -0.135597
15.5747 -1.18202 -0.135597
15.5747 -1.18202 -0.135597
15.5747 -1.18202 -0.135597
15.5747 -1.18202 -0.135597
15.5747 -1.18202 -0.135597
15.5747 -1.18202 -0.135597
15.5747 -1.18202 -0.135597
15.5747 -1.18202 -0.135597
15.5747 -1.18202 -0.135597
15.5747 -1.18202 -0.135597
15.5747 -1.18202 -0.135597
15.5747 -1.18202 -0.135597
15.5747 -1.18202 -0.135597
15.5747 -1.18202 -0.135597
15.5747 -1.18202 -0.135597
15.5747 -1.18202 -0.135597
15.5747 -1.18202 -0.135597
15.5747 -1.18202 -0.135597
15.5747 -1.18202 -0.135597
15.5747 -1.18202 -0.135597
15.5747 -1.18202 -0.135597
15.5747 -1.18202 -0.135597
15.5747 -1.18202 -0.135597
15.5747 -1.18202 -0.135597
15.5747 -1.18202 -0.135597
15.5747 -1.18202 -0.135597
15.5747 -1.18202 -0.135597
15.5747 -1.18202 -0.135597
15.5747 -1.18202 -0.135597
15.5747 -1.18202 -0.135597
15.5747 -1.18202 -0.135597
15.5747 -1.18202 -0.135597
15.5747 -1.18202 -0.135597
15.5747 -1.18202 -0.135597
15.5747 -1.18202 -0.135597
15.5747 -1.18202 -0.135597
15.5747 -1.18202 -0.135597
15.5747 -1.18202 -0.135597
15.5747 -1.18202 -0.135597
15.5747 -1.18202 -0.135597
15.5747 -1.18202 -0.135597
15.5747 -1.18202 -0.135597
15.5747 -1.18202 -0.135597
15.5747 -1.18202 -0.135597
15.5747 -1.18202 -0.135597
15.5747 -1.18202 -0.135597
15.5747 -1.18202 -0.135597
15.5747 -1.18202 -0.135597
15.5747 -1.18202 -0.135597
15.5747 -1.18202 -0.135597
15.5747 -1.18202 -0.135597
15.5747 -1.18202 -0.135597
15.5747 -1.18202 -0.135597
15.5747 -1.18202 -0.135597
15.5747 -1.18202 -0.135597
15.5747 -1.18202 -0.135597
15.5747 -1.18202 -0.135597
15.5747 -1.18202 -0.135597
15.5747 -1.18202 -0.135597
15.5747 -1.18202 -0.135597
15.5747 -1.18202 -0.135597
15.5747 -1.18202 -0.135597
15.5747 -1.18202 -0.135597
15.5747 -1.18202 -0.135597
15.5747 -1.18202 -0.135597
15.5747 -1.18202 -0.135597
15.5747 -1.18202 -0.135597
15.5747 -1.18202 -0.135597
15.5747 -1.18202 -0.135597
15.5747 -1.18202 -0.135597
15.5747 -1.18202 -0.135597
15.5747 -1.18202 -0.135597
15.5747 -1.18202 -0.135597
15.5747 -1.18202 -0.135597
15.5747 -1.18202 -0.135597
15.5747 -1.18202 -0.135597
15.5747 -1.18202 -0.135597
15.5747 -1.18202 -0.135597
15.5747 -1.18202 -0.135597
15.5747 -1.18202 -0.135597
15.5747 -1.18202 -0.135597
15.5747 -1.18202 -0.135597
15.5747 -1.18202 -0.135597
15.5747 -1.18202 -0.135597
15.5747 -1.18202 -0.135597
15.5747 -1.18202 -0.135597
15.5747 -1.18202 -0.135597
15.5747 -1.18202 -0.135597
15.5747 -1.18202 -0.135597
15.5747 -1.18202 -0.135597
15.5747 -1.18202 -0.135597
15.5747 -1.18202 -0.135597
15.5747 -1.18202 -0.135597
15.5747 -1.18202 -0.135597
15.5747 -1.18202 -0.135597
15.5747 -1.18202 -0.135597
15.5747 -1.18202 -0.135597
15.5747 -1.18202 -0.135597
15.5747 -1.18202 -0.135597
15.5747 -1.18202 -0.135597
15.5747 -1.18202 -0.135597
15.5747 -1.18202 -0.135597
15.5747 -1.18202 -0.135597
15.5747 -1.18202 -0.135597
15.5747 -1.18202 -0.135597
15.5747 -1.18202 -0.135597
15.5747 -1.18202 -0.135597
15.5747 -1.18202 -0.135597
15.5747 -1.18202 -0.135597
15.5747 -1.18202 -0.135597
15.5747 -1.18202 -0.135597
15.5747 -1.18202 -0.135597
15.5747 -1.18202 -0.135597
15.5747 -1.18202 -0.135597
15.5747 -1.18202 -0.135597
15.5747 -1.18202 -0.135597
15.5747 -1.18202 -0.135597
15.5747 -1.18202 -0.135597
15.5747 -1.18202 -0.135597
15.5747 -1.18202 -0.135597
15.5747 -1.18202 -0.135597
15.5747 -1.18202 -0.135597
15.5747 -1.18202 -0.135597
15.5747 -1.18202 -0.135597
15.5747 -1.18202 -0.135597
15.5747 -1.18202 -0.135597
15.5747 -1.18202 -0.135597
15.5747 -1.18202 -0.135597
15.5747 -1.18202 -0.135597
15.5747 -1.18202 -0.135597
15.5747 -1.18202 -0.135597
15.5747 -1.18202 -0.135597
15.5747 -1.18202 -0.135597
15.5747 -1.18202 -0.135597
15.5747 -1.18202 -0.135597
15.5747 -1.18202 -0.135597
15.5747 -1.18202 -0.135597
15.5747 -1.18202 -0.135597
15.5747 -1.18202 -0.135597
15.5747 -1.18202 -0.135597
15.5747 -1.18202 -0.135597
15.5747 -1.18202 -0.135597
15.5747 -1.18202 -0.135597
15.5747 -1.18202 -0.135597
15.5747 -1.18202 -0.135597
15.5747 -1.18202 -0.135597
15.5747 -1.18202 -0.135597
15.5747 -1.18202 -0.135597
15.5747 -1.18202 -0.135597
15.5747 -1.18202 -0.135597
15.5747 -1.18202 -0.135597
15.5747 -1.18202 -0.135597
15.5747 -1.18202 -0.135597
15.5747 -1.18202 -0.135597
15.5747 -1.18202 -0.135597
15.5747 -1.18202 -0.135597
15.5747 -1.18202 -0.135597
15.5747 -1.18202 -0.135597
15.5747 -1.18202 -0.135597
15.5747 -1.18202 -0.135597
15.5747 -1.18202 -0.135597
15.5747 -1.18202 -0.135597
15.5747 -1.18202 -0.135597
15.5747 -1.18202 -0.135597
15.5747 -1.18202 -0.135597
15.5747 -1.18202 -0.135597
15.5747 -1.18202 -0.135597
15.5747 -1.18202 -0.135597
15.5747 -1.18202 -0.135597
15.5747 -1.18202 -0.135597
15.5747 -1.18202 -0.135597
15.5747 -1.18202 -0.135597
15.5747 -1.18202 -0.135597
15.5747 -1.18202 -0.135597
15.5747 -1.18202 -0.135597
15.5747 -1.18202 -0.135597
15.5747 -1.18202 -0.135597
15.5747 -1.18202 -0.135597
15.5747 -1.18202 -0.135597
15.5747 -1.18202 -0.135597
15.5747 -1.18202 -0.135597
15.5747 -1.18202 -0.135597
15.5747 -1.18202 -0.135597
15.5747 -1.18202 -0.135597
15.5747 -1.18202 -0.135597
15.5747 -1.18202 -0.135597
15.5747 -1.18202 -0.135597
15.5747 -1.18202 -0.135597
15.5747 -1.18202 -0.135597
15.5747 -1.18202 -0.135597
15.5747 -1.18202 -0.135597
15.5747 -1.18202 -0.135597
15.5747 -1.18202 -0.135597
15.5747 -1.18202 -0.135597
15.5747 -1.18202 -0.135597
15.5747 -1.18202 -0.135597
15.5747 -1.18202 -0.135597
15.5747 -1.18202 -0.135597
15.5747 -1.18202 -0.135597
15.5747 -1.18202 -0.135597
15.5747 -1.18202 -0.135597
15.5747 -1.18202 -0.135597
15.5747 -1.18202 -0.135597
15.5747 -1.18202 -0.135597
15.5747 -1.18202 -0.135597
15.5747 -1.18202 -0.135597
15.5747 -1.18202 -0.135597
15.5747 -1.18202 -0.135597
15.5747 -1.18202 -0.135597
15.5747 -1.18202 -0.135597
15.5747 -1.18202 -0.135597
15.5747 -1.18202 -0.135597
15.5747 -1.18202 -0.135597
15.5747 -1.18202 -0.135597
15.5747 -1.18202 -0.135597
15.5747 -1.18202 -0.135597
15.5747 -1.18202 -0.135597
15.5747 -1.18202 -0.135597
15.5747 -1.18202 -0.135597
15.5747 -1.18202 -0.135597
15.5747 -1.18202 -0.135597
15.5747 -1.18202 -0.135597
15.5747 -1.18202 -0.135597
15.5747 -1.18202 -0.135597
15.5727 -1.18177 -0.126978
15.567 -1.18101 -0.135605
15.5632 -1.18049 -0.135608
15.5499 -1.17862 -0.144242
15.529 -1.17549 -0.152884
15.5006 -1.17098 -0.161532
15.4778 -1.16727 -0.161554
15.4362 -1.16012 -0.178837
15.3927 -1.15207 -0.187499
15.3626 -1.14608 -0.204772
15.3138 -1.1355 -0.222061
15.2651 -1.12408 -0.239351
15.2335 -1.11593 -0.265247
15.1856 -1.10201 -0.299779
15.1382 -1.08603 -0.351555
15.0955 -1.06867 -0.420571
15.066 -1.05469 -0.46371
15.0255 -1.03266 -0.532725
14.9864 -1.00823 -0.584497
14.9627 -0.991811 -0.627632
14.9292 -0.966117 -0.6794
14.8986 -0.939834 -0.739789
14.8721 -0.914653 -0.782931
14.8561 -0.898114 -0.817439
14.8343 -0.873817 -0.860577
14.8184 -0.854535 -0.903708
14.8102 -0.843864 -0.929585
14.8012 -0.831391 -0.964086
14.7969 -0.825041 -0.981336
14.7959 -0.82343 -1.0072
14.7969 -0.825066 -1.03307
14.8007 -0.831698 -1.0503
14.8062 -0.841839 -1.10202
14.8112 -0.852208 -1.13649
14.8187 -0.869899 -1.20545
14.8262 -0.891696 -1.2744
14.8313 -0.910204 -1.32611
14.8372 -0.938405 -1.40368
14.8419 -0.974598 -1.48124
14.8443 -1.01486 -1.54155
14.8447 -1.04559 -1.57601
14.8436 -1.09168 -1.61045
14.8408 -1.14154 -1.64489
14.8379 -1.176 -1.6621
14.8334 -1.2238 -1.67068
14.8279 -1.27345 -1.68787
14.8217 -1.323 -1.70507
14.8168 -1.35722 -1.72228
14.8088 -1.40652 -1.73948
14.7993 -1.45946 -1.75667
14.7931 -1.49153 -1.76526
14.7829 -1.54237 -1.77383
14.7716 -1.59495 -1.79102
14.7641 -1.6287 -1.79099
14.7521 -1.68311 -1.78232
14.7402 -1.73752 -1.79089
14.7324 -1.77317 -1.78223
14.7209 -1.82769 -1.77356
14.7113 -1.87669 -1.75627
14.703 -1.924 -1.73036
14.696 -1.97344 -1.69582
14.6924 -2.00397 -1.67855
14.6879 -2.05178 -1.65264
14.6845 -2.09776 -1.63536
14.6828 -2.12844 -1.61809
14.6811 -2.17067 -1.6008
14.6806 -2.21293 -1.56628
14.6811 -2.24174 -1.54039
14.6833 -2.2801 -1.48862
14.6873 -2.31637 -1.42823
14.6936 -2.35232 -1.36785
14.6992 -2.37667 -1.32472
14.7088 -2.4099 -1.25571
14.7198 -2.44063 -1.19533
14.728 -2.46012 -1.15221
14.7412 -2.48787 -1.10045
14.7558 -2.51489 -1.04869
14.7687 -2.53627 -1.00556
14.7782 -2.55075 -0.979678
14.7914 -2.56966 -0.94517
14.8052 -2.58811 -0.910662
14.8123 -2.59716 -0.893409
14.8233 -2.61049 -0.867527
14.8347 -2.62353 -0.841647
14.8411 -2.63066 -0.833016
14.8516 -2.64194 -0.815759
14.8595 -2.65027 -0.798505
14.8663 -2.65712 -0.789875
14.869 -2.65985 -0.789871
14.8744 -2.66531 -0.789864
14.8757 -2.66666 -0.78124
14.8785 -2.66937 -0.781237
14.8757 -2.66666 -0.78124
14.8757 -2.66666 -0.78124
14.8757 -2.66666 -0.78124
14.8757 -2.66666 -0.78124
14.8757 -2.66666 -0.78124
14.8757 -2.66666 -0.78124
14.8757 -2.66666 -0.78124
14.8757 -2.66666 -0.78124
14.8757 -2.66666 -0.78124
14.8757 -2.66666 -0.78124
14.8757 -2.66666 -0.78124
14.8757 -2.66666 -0.78124
14.8757 -2.66666 -0.78124
14.8757 -2.66666 -0.78124
14.8757 -2.66666 -0.78124
14.8757 -2.66666 -0.78124
14.8757 -2.66666 -0.78124
14.8757 -2.66666 -0.78124
14.8757 -2.66666 -0.78124
14.8757 -2.66666 -0.78124
14.8757 -2.66666 -0.78124
14.8757 -2.66666 -0.78124
14.8757 -2.66666 -0.78124
14.8757 -2.66666 -0.78124
14.8757 -2.66666 -0.78124
14.8757 -2.66666 -0.78124
14.8757 -2.66666 -0.78124
14.8757 -2.66666 -0.78124
14.8757 -2.66666 -0.78124
14.8757 -2.66666 -0.78124
14.8757 -2.66666 -0.78124
14.8757 -2.66666 -0.78124
14.8757 -2.66666 -0.78124
14.8757 -2.66666 -0.78124
14.8757 -2.66666 -0.78124
