0.0516001 0.000811108 0.0314356
0.105267 0.0033344 0.0625306
0.160878 0.00776526 0.0964843
0.219679 0.0146282 0.135895
0.281242 0.0244467 0.180417
0.343338 0.037244 0.226066
0.408889 0.0539229 0.272243
0.474033 0.0739788 0.325082
0.541657 0.0991913 0.388655
0.609083 0.129404 0.453876
0.675757 0.164255 0.509412
0.742173 0.203568 0.559506
0.807318 0.246302 0.601644
0.871931 0.292236 0.634359
0.936599 0.34106 0.659035
1.00044 0.391401 0.676447
1.06341 0.443184 0.699914
1.12443 0.495997 0.726924
1.18462 0.551304 0.759299
1.24399 0.609585 0.793148
1.30239 0.670405 0.818091
1.35944 0.732324 0.834646
1.4162 0.795821 0.848002
1.47306 0.860259 0.847523
1.52862 0.922297 0.833372
1.58871 0.986956 0.810671
1.6502 1.05018 0.787971
1.71295 1.11163 0.761897
1.77615 1.17076 0.742219
1.83857 1.22757 0.734644
1.90498 1.28755 0.734519
1.9719 1.34806 0.735781
2.03644 1.40694 0.743262
2.10186 1.46794 0.75784
2.16667 1.53018 0.772332
2.22866 1.59122 0.783185
2.29225 1.65555 0.798976
2.35355 1.71952 0.814417
2.41482 1.78453 0.815676
2.4751 1.84837 0.81252
2.53407 1.9107 0.813684
2.59431 1.97451 0.814593
2.65642 2.03995 0.808416
2.71753 2.10402 0.809586
2.77929 2.16897 0.811624
2.84198 2.23477 0.807611
2.9026 2.29774 0.801082
2.96738 2.36443 0.798804
3.03359 2.43228 0.796616
3.09916 2.49871 0.786988
3.16478 2.56446 0.785921
3.23118 2.63119 0.789872
3.29939 2.70002 0.789853
3.36628 2.76758 0.791126
3.43354 2.83635 0.801742
3.50064 2.90616 0.808641
3.56628 2.97549 0.816747
3.62977 3.0442 0.832979
3.6956 3.11767 0.847493
3.75898 3.18962 0.849806
3.82061 3.26012 0.855054
3.88384 3.33292 0.856157
3.9477 3.40599 0.848959
4.01165 3.4781 0.841587
4.07681 3.55063 0.836293
4.14371 3.62384 0.824517
4.21025 3.69508 0.814466
4.27801 3.76649 0.808742
4.34408 3.83518 0.800848
4.41442 3.9067 0.78674
4.48356 3.97564 0.781014
4.55302 4.04364 0.768541
4.62517 4.11209 0.749674
4.69821 4.17895 0.732881
4.77121 4.24378 0.719544
4.8489 4.31077 0.703539
4.92234 4.37278 0.69876
4.99992 4.43797 0.698924
5.07598 4.50189 0.698824
5.15137 4.56526 0.699154
5.2271 4.629 0.700178
5.30265 4.69256 0.698692
5.37585 4.7542 0.701005
5.44838 4.81599 0.710321
5.52037 4.87866 0.722233
5.58945 4.9404 0.736473
5.65739 5.00314 0.754778
5.72333 5.06653 0.776712
5.78744 5.1308 0.796569
5.84888 5.19502 0.81841
5.90595 5.25751 0.842836
5.96803 5.32863 0.863566
6.02582 5.39685 0.872263
6.0831 5.46608 0.886929
6.13983 5.53688 0.903758
6.19547 5.60863 0.918686
6.24865 5.67986 0.940095
6.30054 5.75284 0.965484
6.3509 5.82718 0.985252
6.40201 5.90517 0.995947
6.45208 5.98349 1.00811
6.49927 6.05891 1.01516
6.55018 6.13995 1.00476
6.60044 6.21796 0.992193
6.6501 6.29282 0.977886
6.70379 6.36976 0.945166
6.76037 6.4442 0.896533
6.81957 6.51491 0.851097
6.8823 6.58299 0.801424
6.94808 6.64718 0.744916
7.01578 6.70636 0.691777
7.0886 6.763 0.630426
7.16516 6.81472 0.557747
7.2429 6.85893 0.476326
7.32434 6.89571 0.372245
7.40829 6.92321 0.260809
7.49269 6.94058 0.145219
7.5787 6.94756 0.0166544
7.66256 6.94316 -0.121429
7.74207 6.92773 -0.262029
7.81694 6.90174 -0.406265
7.88604 6.86604 -0.547304
7.94576 6.82378 -0.684463
7.99684 6.77576 -0.824656
8.03833 6.72333 -0.978002
8.06781 6.67113 -1.13526
8.08652 6.62026 -1.30152
8.09523 6.57318 -1.47421
8.09564 6.53279 -1.64734
8.08931 6.4956 -1.8312
8.07823 6.46521 -2.00928
8.06299 6.43888 -2.18183
8.0448 6.41679 -2.33726
8.02422 6.39812 -2.47289
8.00168 6.38232 -2.58742
7.97572 6.36798 -2.68628
7.94942 6.35629 -2.76042
7.92245 6.34635 -2.81639
7.8942 6.33742 -2.85506
7.8645 6.32906 -2.87929
7.83422 6.32105 -2.88682
7.80083 6.31223 -2.87981
7.76554 6.30241 -2.86061
7.72856 6.29122 -2.83448
7.69007 6.27845 -2.80809
7.65126 6.26447 -2.78386
7.60719 6.24736 -2.75823
7.56394 6.22926 -2.73225
7.51825 6.20856 -2.70022
7.47022 6.18479 -2.66402
7.42082 6.15805 -2.62695
7.37198 6.12937 -2.59438
7.3232 6.0986 -2.56319
7.27404 6.06526 -2.5281
7.2245 6.02891 -2.48894
7.17524 5.98976 -2.45117
7.12846 5.9498 -2.41823
7.07776 5.90364 -2.38797
7.02577 5.85319 -2.35432
6.97521 5.80071 -2.32075
6.9264 5.74676 -2.29178
6.87693 5.68905 -2.26711
6.8248 5.62521 -2.24416
6.77366 5.56009 -2.22865
6.7232 5.49437 -2.22274
6.67132 5.4267 -2.22694
6.6176 5.35776 -2.23848
6.56353 5.29017 -2.2528
6.50515 5.21938 -2.26796
6.42449 5.12503 -2.28824
6.36371 5.05629 -2.30133
6.30303 4.98948 -2.31512
6.24119 4.92347 -2.33202
6.17698 4.85677 -2.34226
6.11386 4.79253 -2.35259
6.0505 4.72967 -2.36759
5.96288 4.64551 -2.38519
5.89602 4.58329 -2.39915
5.82659 4.52102 -2.42175
5.75476 4.45942 -2.44374
5.68065 4.39825 -2.45933
5.60534 4.3386 -2.484
5.5283 4.28043 -2.5059
5.45015 4.22319 -2.51284
5.37117 4.1659 -2.51519
5.29256 4.10936 -2.52109
5.21382 4.05274 -2.51523
5.13519 3.99561 -2.51119
5.05795 3.93936 -2.51329
4.98243 3.88441 -2.51176
4.90848 3.83024 -2.50695
4.83517 3.77628 -2.50724
4.76072 3.72146 -2.50649
4.68648 3.66594 -2.49251
4.61356 3.60964 -2.47577
4.54311 3.55332 -2.4585
4.47196 3.49379 -2.43129
4.40397 3.43349 -2.40097
4.33726 3.3711 -2.37826
4.27284 3.30807 -2.35581
4.2083 3.24177 -2.3298
4.14806 3.177 -2.31021
4.08903 3.11129 -2.29512
4.03254 3.04619 -2.27597
3.97752 2.98019 -2.25543
3.9251 2.91473 -2.23654
3.87333 2.84759 -2.21869
3.82237 2.77913 -2.20265
3.77337 2.71112 -2.18774
3.72514 2.64212 -2.17395
3.67732 2.57171 -2.16086
3.62986 2.50004 -2.15052
3.5855 2.43174 -2.14306
3.5404 2.36107 -2.13463
3.49583 2.28992 -2.12621
3.45297 2.22009 -2.11632
3.41304 2.1531 -2.1003
3.37273 2.08164 -2.06844
3.33721 2.01256 -2.02302
3.30395 1.93851 -1.96297
3.27721 1.86586 -1.88382
3.25743 1.79293 -1.78772
3.24489 1.71791 -1.68504
3.24033 1.6424 -1.57701
3.24394 1.56777 -1.46811
3.25518 1.49542 -1.36527
3.27325 1.42618 -1.26572
3.29719 1.36124 -1.16946
3.32881 1.29562 -1.07415
3.36451 1.23515 -1.00064
3.40471 1.17667 -0.93646
3.44804 1.12112 -0.880416
3.49287 1.06932 -0.834322
3.54057 1.01857 -0.798344
3.59032 0.968743 -0.774127
3.64148 0.919582 -0.756827
3.69223 0.872321 -0.742732
3.7429 0.826617 -0.725179
3.79339 0.782955 -0.700797
3.84904 0.737858 -0.661269
3.90454 0.696719 -0.614483
3.96221 0.65799 -0.568214
4.0207 0.622426 -0.524455
4.08061 0.589245 -0.487097
4.14345 0.55701 -0.46089
4.20637 0.525808 -0.459765
4.26828 0.494865 -0.467204
4.32923 0.464006 -0.470235
4.38978 0.433324 -0.467732
4.44957 0.40321 -0.465491
4.512 0.371798 -0.466788
4.57371 0.340762 -0.465147
4.63649 0.309468 -0.459784
4.70032 0.277809 -0.460992
4.78304 0.235784 -0.479184
4.84806 0.201204 -0.498375
4.90981 0.167059 -0.511865
4.96948 0.133038 -0.524408
5.02766 0.0987778 -0.539982
5.08272 0.0650903 -0.558157
5.13578 0.0315335 -0.569764
5.18766 -0.0019979 -0.577741
5.23894 -0.0357563 -0.586756
5.28894 -0.0694136 -0.598196
5.33682 -0.102513 -0.611458
5.37855 -0.132146 -0.623612
5.41815 -0.160899 -0.632313
5.45268 -0.186374 -0.638866
5.48398 -0.209774 -0.645169
5.51272 -0.2316 -0.653815
5.53958 -0.252399 -0.664023
5.56468 -0.272232 -0.67363
5.58818 -0.291154 -0.682031
5.61032 -0.309282 -0.690176
5.63092 -0.326427 -0.69798
5.64993 -0.34247 -0.703886
5.66752 -0.357505 -0.710489
5.68471 -0.37239 -0.717005
5.70077 -0.38646 -0.722141
5.71572 -0.399689 -0.726589
5.72915 -0.41169 -0.731475
5.74193 -0.423213 -0.736016
5.75308 -0.43335 -0.739957
5.76321 -0.442633 -0.743815
5.77214 -0.45088 -0.746985
5.78003 -0.458211 -0.750331
5.78673 -0.464474 -0.753076
5.79217 -0.469577 -0.754355
5.79681 -0.47395 -0.756501
5.80043 -0.477365 -0.758045
5.80318 -0.479976 -0.758987
5.80496 -0.481661 -0.75976
5.80591 -0.482564 -0.760621
5.80618 -0.482829 -0.760274
5.80604 -0.482696 -0.760275
5.80581 -0.482471 -0.760189
5.80568 -0.482351 -0.760103
5.80572 -0.482391 -0.760189
5.80581 -0.482471 -0.760189
5.80584 -0.482497 -0.760189
5.80579 -0.482457 -0.760103
5.80579 -0.482457 -0.760103
5.80581 -0.482471 -0.760189
5.80582 -0.482484 -0.760103
5.80582 -0.482484 -0.760103
5.80582 -0.482484 -0.760103
5.80582 -0.482484 -0.760103
5.80582 -0.482484 -0.760103
5.80582 -0.482484 -0.760103
5.80582 -0.482484 -0.760103
5.80582 -0.482484 -0.760103
5.80584 -0.482497 -0.760189
5.80584 -0.482497 -0.760189
5.80584 -0.482497 -0.760189
5.80584 -0.482497 -0.760189
5.80584 -0.482497 -0.760189
5.80585 -0.482511 -0.760103
5.80584 -0.482497 -0.760189
5.80584 -0.482497 -0.760189
5.80584 -0.482497 -0.760189
5.80584 -0.482497 -0.760189
5.80584 -0.482497 -0.760189
5.80584 -0.482497 -0.760189
5.80585 -0.482511 -0.760103
5.80585 -0.482511 -0.760103
5.80585 -0.482511 -0.760103
5.80585 -0.482511 -0.760103
5.80586 -0.482524 -0.760189
5.80585 -0.48251 -0.760276
5.80585 -0.482511 -0.760103
5.80585 -0.482511 -0.760103
5.80585 -0.482511 -0.760103
5.80585 -0.482511 -0.760103
5.80585 -0.482511 -0.760103
5.80585 -0.482511 -0.760103
5.80586 -0.482524 -0.760189
5.80586 -0.482524 -0.760189
5.80588 -0.482537 -0.760102
5.80586 -0.482524 -0.760189
5.80586 -0.482524 -0.760189
5.80586 -0.482524 -0.760189
5.80586 -0.482524 -0.760189
5.80586 -0.482524 -0.760189
5.80584 -0.482497 -0.760189
5.80585 -0.482511 -0.760103
5.80586 -0.482524 -0.760189
5.80586 -0.482524 -0.760189
5.80586 -0.482524 -0.760189
5.80586 -0.482524 -0.760189
5.80586 -0.482524 -0.760189
5.80586 -0.482524 -0.760016
5.80586 -0.482524 -0.760016
5.80585 -0.482511 -0.760103
5.80586 -0.482524 -0.760189
5.80586 -0.482524 -0.760189
5.80586 -0.482524 -0.760189
5.80586 -0.482524 -0.760189
5.80586 -0.482524 -0.760189
5.80588 -0.482537 -0.760102
5.80586 -0.482524 -0.760189
5.80586 -0.482524 -0.760189
5.80586 -0.482524 -0.760189
5.80586 -0.482524 -0.760189
5.80586 -0.482524 -0.760189
5.80586 -0.482524 -0.760189
5.80588 -0.482537 -0.760102
5.80588 -0.482537 -0.760102
5.80588 -0.482537 -0.760102
5.80588 -0.482537 -0.760102
5.80586 -0.482524 -0.760189
5.80586 -0.482524 -0.760189
5.80586 -0.482524 -0.760189
5.80588 -0.482537 -0.760102
5.80588 -0.482537 -0.760102
5.80588 -0.482537 -0.760102
5.80588 -0.482537 -0.760102
5.80588 -0.482537 -0.760102
5.80588 -0.482537 -0.760102
5.80588 -0.482537 -0.760275
5.80588 -0.482537 -0.760275
5.80589 -0.48255 -0.760189
5.80589 -0.48255 -0.760189
5.80586 -0.482524 -0.760189
5.80588 -0.482537 -0.760275
5.80588 -0.482537 -0.760275
5.80588 -0.482537 -0.760275
5.80588 -0.482537 -0.760275
5.80588 -0.482537 -0.760102
5.80588 -0.482537 -0.760102
5.80588 -0.482537 -0.760102
5.80589 -0.48255 -0.760189
5.80589 -0.48255 -0.760189
5.80588 -0.482537 -0.760102
5.80588 -0.482537 -0.760102
5.80589 -0.48255 -0.760189
5.80589 -0.48255 -0.760189
5.80589 -0.48255 -0.760189
5.80589 -0.48255 -0.760189
5.80589 -0.48255 -0.760189
5.80589 -0.48255 -0.760189
5.80589 -0.48255 -0.760189
5.80589 -0.48255 -0.760189
5.80589 -0.48255 -0.760189
5.80591 -0.482564 -0.759929
5.80605 -0.482696 -0.75941
5.80621 -0.482856 -0.759582
5.80651 -0.483134 -0.759149
5.80769 -0.484261 -0.75854
5.81069 -0.487096 -0.757319
5.81583 -0.491953 -0.756696
5.82281 -0.498542 -0.757191
5.8327 -0.507911 -0.759492
5.84593 -0.520531 -0.763858
5.86208 -0.536092 -0.769683
5.88107 -0.554651 -0.778266
5.90277 -0.576305 -0.790385
5.92682 -0.600948 -0.804916
5.95334 -0.629013 -0.822464
5.98141 -0.659766 -0.839398
6.01039 -0.692602 -0.855982
6.04034 -0.727658 -0.871522
6.07059 -0.764175 -0.886367
6.1028 -0.804388 -0.904574
6.13654 -0.848281 -0.926491
6.17004 -0.89379 -0.94581
6.2064 -0.945155 -0.963817
6.24376 -0.999955 -0.981123
6.2808 -1.05657 -1.0018
6.31735 -1.11511 -1.02342
6.35468 -1.17763 -1.04166
6.39064 -1.23973 -1.05013
6.42692 -1.30362 -1.05852
6.46285 -1.36839 -1.07009
6.49786 -1.43311 -1.07986
6.53225 -1.49732 -1.07847
6.56654 -1.56099 -1.07492
6.60019 -1.62321 -1.07535
6.63355 -1.68502 -1.0763
6.66531 -1.74371 -1.07328
6.69859 -1.80431 -1.06394
6.73005 -1.8607 -1.05971
6.76003 -1.9142 -1.06034
6.79042 -1.96839 -1.05915
6.82041 -2.0214 -1.05286
6.85027 -2.07298 -1.03913
6.88051 -2.12334 -1.02082
6.91185 -2.17328 -0.999922
6.94413 -2.22203 -0.971755
6.97911 -2.27112 -0.931823
7.01669 -2.31884 -0.875629
7.05597 -2.36301 -0.812262
7.09846 -2.40516 -0.750363
7.14104 -2.44254 -0.690548
7.18407 -2.47616 -0.635839
7.22531 -2.50507 -0.58711
7.26375 -2.52953 -0.546349
7.30079 -2.55106 -0.506718
7.33831 -2.57079 -0.461468
7.37413 -2.5877 -0.420462
7.4085 -2.60226 -0.380846
7.4406 -2.61441 -0.343312
7.47105 -2.62476 -0.312011
7.50018 -2.63377 -0.287547
7.53112 -2.64283 -0.282019
7.56706 -2.65358 -0.29931
7.60703 -2.66673 -0.336741
7.6523 -2.68384 -0.385745
7.70178 -2.70509 -0.425655
7.75235 -2.72927 -0.466251
7.8011 -2.75521 -0.511779
7.8471 -2.7825 -0.559214
7.88848 -2.80969 -0.603199
7.92915 -2.83897 -0.644848
7.96686 -2.8685 -0.684167
8.00278 -2.899 -0.723488
8.03659 -2.93004 -0.761948
8.068 -2.96114 -0.7992
8.09664 -2.9916 -0.832999
8.12285 -3.02138 -0.865333
8.14721 -3.05096 -0.898362
8.1699 -3.08045 -0.931222
8.19086 -3.10959 -0.963392
8.21067 -3.1391 -0.99591
8.22962 -3.16943 -1.02851
8.24812 -3.20104 -1.05394
8.26673 -3.23445 -1.0714
8.28653 -3.27113 -1.08038
8.30738 -3.31024 -1.08148
8.3293 -3.35109 -1.07513
8.3533 -3.39463 -1.05893
8.37824 -3.43784 -1.03571
8.40502 -3.48152 -1.00592
8.43413 -3.52579 -0.97249
8.46592 -3.57083 -0.939922
8.50032 -3.61654 -0.911153
8.5379 -3.66369 -0.884626
8.57927 -3.7129 -0.858867
8.62388 -3.76344 -0.836387
8.67011 -3.81385 -0.820996
8.71931 -3.8662 -0.811651
8.77151 -3.92061 -0.800654
8.82495 -3.97508 -0.789395
8.87871 -4.02885 -0.781596
8.93444 -4.08408 -0.780018
8.99226 -4.14137 -0.781719
9.05077 -4.1996 -0.78411
9.10801 -4.25697 -0.789098
9.16494 -4.31485 -0.798152
9.22428 -4.37642 -0.809529
9.28298 -4.43869 -0.820301
9.34063 -4.50104 -0.828653
9.39918 -4.56531 -0.835357
9.45836 -4.6307 -0.835052
9.51656 -4.69459 -0.828871
9.57475 -4.75763 -0.821913
9.63688 -4.82383 -0.812347
9.69831 -4.88779 -0.798809
9.75805 -4.94835 -0.785539
9.81867 -5.00841 -0.775988
9.88177 -5.06991 -0.76911
9.94519 -5.13103 -0.764828
10.0063 -5.18967 -0.764013
10.0677 -5.24864 -0.767262
10.1286 -5.30749 -0.76982
10.1866 -5.36374 -0.76962
10.2454 -5.42046 -0.764661
10.3055 -5.47776 -0.758228
10.3685 -5.53682 -0.748069
10.4303 -5.59368 -0.739991
10.4916 -5.64932 -0.734856
10.5544 -5.70595 -0.73188
10.6179 -5.76297 -0.731322
10.6791 -5.81791 -0.731638
10.7415 -5.87396 -0.732641
10.8051 -5.93134 -0.734764
10.8679 -5.98822 -0.737236
10.9292 -6.044 -0.74049
10.992 -6.10162 -0.744344
11.0545 -6.1594 -0.747507
11.1144 -6.21507 -0.750072
11.1723 -6.26931 -0.754459
11.2305 -6.32409 -0.756424
11.2897 -6.37959 -0.749477
11.348 -6.43312 -0.736222
11.4087 -6.48742 -0.723307
11.4714 -6.54195 -0.708399
11.5341 -6.59478 -0.692542
11.5986 -6.64726 -0.673742
11.663 -6.69731 -0.646902
11.7346 -6.7496 -0.615288
11.8068 -6.79918 -0.588348
11.8797 -6.84646 -0.561927
11.9546 -6.89213 -0.53291
12.0322 -6.93639 -0.504581
12.1084 -6.97743 -0.482919
12.1873 -7.01738 -0.454159
12.2674 -7.05499 -0.423757
12.3477 -7.09013 -0.401313
12.43 -7.12439 -0.388293
12.5136 -7.15763 -0.367919
12.5963 -7.18879 -0.353171
12.6797 -7.21923 -0.346897
12.7632 -7.24899 -0.337597
12.8469 -7.2775 -0.31887
12.9313 -7.30483 -0.307667
13.0161 -7.3315 -0.301566
13.101 -7.35732 -0.288979
13.1852 -7.38189 -0.278643
13.269 -7.4058 -0.277822
13.3551 -7.43043 -0.278984
13.4386 -7.45419 -0.275396
13.5243 -7.47874 -0.282873
13.6098 -7.50433 -0.298652
13.695 -7.53125 -0.31322
13.7811 -7.55993 -0.329861
13.8658 -7.59023 -0.357227
13.9496 -7.62256 -0.379491
14.0315 -7.65597 -0.39484
14.1119 -7.69033 -0.413304
14.1918 -7.72677 -0.442319
14.2721 -7.7661 -0.468996
14.3517 -7.80775 -0.494806
14.4302 -7.85183 -0.528312
14.5056 -7.89728 -0.556808
14.5793 -7.94425 -0.577608
14.6574 -7.99621 -0.597095
14.7305 -8.0471 -0.61815
14.8027 -8.09924 -0.633324
14.8742 -8.1525 -0.64746
14.9453 -8.20724 -0.664103
15.0151 -8.26282 -0.681006
15.0835 -8.31917 -0.697046
15.1502 -8.37614 -0.716462
15.2155 -8.43426 -0.739251
15.2784 -8.49296 -0.761611
15.3402 -8.55296 -0.7793
15.4039 -8.61626 -0.786343
15.4658 -8.67804 -0.78137
15.5301 -8.74096 -0.768174
15.5977 -8.80486 -0.747274
15.6668 -8.86752 -0.724729
15.7349 -8.9267 -0.706258
15.8039 -8.98444 -0.687614
15.8729 -9.04013 -0.670962
15.9395 -9.09242 -0.659682
16.0094 -9.14595 -0.648135
16.0814 -9.20005 -0.640042
16.1557 -9.25511 -0.635575
16.2302 -9.30974 -0.629293
16.3071 -9.36506 -0.61894
16.385 -9.42012 -0.610574
16.4623 -9.4738 -0.603681
16.5394 -9.52642 -0.594629
16.6206 -9.5811 -0.589976
16.7001 -9.63468 -0.595966
16.7808 -9.68963 -0.600308
16.8631 -9.74622 -0.604558
16.9453 -9.80363 -0.61417
17.0254 -9.86047 -0.619981
17.1087 -9.92025 -0.625262
17.1906 -9.98015 -0.637379
17.2722 -10.0415 -0.652088
17.3533 -10.1046 -0.671466
17.4307 -10.1677 -0.694916
17.5062 -10.2322 -0.720184
17.5808 -10.2995 -0.74787
17.6546 -10.3694 -0.768635
17.7266 -10.4398 -0.778851
17.7974 -10.5097 -0.77947
17.8731 -10.5831 -0.761738
17.9475 -10.6521 -0.732168
18.0253 -10.7194 -0.694725
18.1069 -10.7847 -0.653991
18.1913 -10.8468 -0.615764
18.2782 -10.9058 -0.577537
18.3703 -10.9638 -0.546392
18.4627 -11.0185 -0.522343
18.5573 -11.0709 -0.48947
18.6549 -11.121 -0.457977
18.7539 -11.1677 -0.42389
18.8547 -11.21 -0.371123
18.9593 -11.2478 -0.321637
19.0645 -11.2792 -0.259528
19.1692 -11.3029 -0.185058
19.2781 -11.3188 -0.105304
19.3895 -11.3259 -0.0218282
19.499 -11.3238 0.0593071
19.6091 -11.3128 0.140186
19.7197 -11.2929 0.215879
19.8278 -11.2653 0.284912
19.933 -11.2304 0.355758
20.0353 -11.1885 0.420897
20.1355 -11.1397 0.485691
20.231 -11.0849 0.556017
20.3226 -11.0236 0.623576
20.4108 -10.9554 0.692781
20.4911 -10.884 0.761889
20.5658 -10.8071 0.836793
20.6334 -10.727 0.902435
20.6985 -10.6398 0.958142
20.7591 -10.5494 1.00079
20.8156 -10.4594 1.0206
20.8718 -10.369 1.00832
20.9477 -10.2517 0.985488
21.0075 -10.1644 0.953923
21.0698 -10.0799 0.916129
21.1346 -9.99806 0.886376
21.2 -9.92085 0.850129
21.2693 -9.84465 0.815271
21.3413 -9.77085 0.780759
21.4175 -9.69854 0.737862
21.4945 -9.63169 0.691152
21.5736 -9.56918 0.647121
21.6562 -9.50917 0.608887
21.7393 -9.45323 0.576789
21.8244 -9.39954 0.548065
21.9107 -9.348 0.528682
21.995 -9.29877 0.528318
22.085 -9.2462 0.529268
22.1736 -9.19359 0.542928
22.259 -9.14088 0.562549
22.3431 -9.08693 0.578796
22.4313 -9.02823 0.595145
22.5165 -8.96929 0.614774
22.6021 -8.90776 0.631986
22.6871 -8.84429 0.651103
22.7715 -8.77846 0.673854
22.8538 -8.71101 0.698679
22.9344 -8.64135 0.726964
23.0143 -8.56817 0.756291
23.0927 -8.49185 0.787438
23.1687 -8.41346 0.814865
23.2417 -8.33461 0.83286
23.3151 -8.2517 0.859166
23.3869 -8.16653 0.882101
23.4549 -8.0816 0.908316
23.5224 -7.99178 0.94414
23.587 -7.89882 0.984031
23.6463 -7.80468 1.03326
23.699 -7.70946 1.09683
23.7477 -7.60762 1.15203
23.792 -7.49938 1.21355
23.8293 -7.38978 1.27083
23.8604 -7.27957 1.3205
23.8863 -7.16387 1.38116
23.9044 -7.05094 1.44276
23.9156 -6.93321 1.50922
23.919 -6.81525 1.57541
23.914 -6.69865 1.65077
23.9 -6.58175 1.72976
23.8777 -6.46875 1.80227
23.8476 -6.36058 1.88047
23.8089 -6.25245 1.94951
23.7627 -6.14574 2.0093
23.7098 -6.04011 2.06044
23.6528 -5.93695 2.09031
23.5917 -5.83311 2.11543
23.5293 -5.73289 2.14003
23.4638 -5.63355 2.16756
23.3953 -5.53619 2.19977
23.3255 -5.44451 2.24391
23.2521 -5.35679 2.29055
23.1744 -5.27215 2.33675
23.0925 -5.19118 2.38685
23.007 -5.11405 2.42805
22.9198 -5.04054 2.45505
22.8297 -4.96934 2.49054
22.7404 -4.90292 2.51339
22.6477 -4.83762 2.54212
22.5545 -4.77617 2.57517
22.4622 -4.71868 2.59464
22.3716 -4.66473 2.61428
22.2813 -4.61299 2.62837
22.1859 -4.55948 2.63236
22.0934 -4.50814 2.63695
22.0032 -4.45834 2.63712
21.9123 -4.40751 2.62665
21.8224 -4.35528 2.60442
21.7365 -4.3024 2.57449
21.652 -4.24651 2.53988
21.5724 -4.19062 2.51928
21.4878 -4.13053 2.52879
21.4052 -4.07224 2.52532
21.3242 -4.0136 2.50507
21.2392 -3.94825 2.46668
21.1561 -3.87763 2.40779
21.0793 -3.80423 2.34942
21.0024 -3.72313 2.31069
20.9302 -3.64081 2.27066
20.8614 -3.55555 2.2289
20.7968 -3.46838 2.18782
20.739 -3.38345 2.14855
20.6689 -3.26933 2.09552
20.6216 -3.1837 2.05572
20.5789 -3.09891 2.01868
20.54 -3.01367 1.97922
20.5054 -2.92857 1.93482
20.4746 -2.84354 1.90045
20.4478 -2.76039 1.86598
20.4241 -2.67605 1.82226
20.4048 -2.59394 1.78131
20.3879 -2.50758 1.74719
20.3747 -2.42471 1.71012
20.3648 -2.34166 1.66925
20.3583 -2.26198 1.63494
20.3544 -2.18504 1.60693
20.3528 -2.10587 1.57513
20.3531 -2.0238 1.56002
20.353 -1.94335 1.5847
20.3495 -1.86225 1.64146
20.341 -1.78103 1.7086
20.3272 -1.69998 1.77237
20.3065 -1.61608 1.85302
20.2797 -1.53746 1.94507
20.2452 -1.46105 2.04396
20.2022 -1.38735 2.15418
20.1525 -1.32028 2.26241
20.0916 -1.25344 2.35811
20.0245 -1.1915 2.43393
19.9525 -1.13294 2.48294
19.8779 -1.07683 2.5105
19.8004 -1.02128 2.52924
19.721 -0.966072 2.53891
19.6414 -0.910796 2.53024
19.5607 -0.854246 2.52996
19.4802 -0.798293 2.53877
19.3996 -0.743277 2.54671
19.3203 -0.690277 2.55845
19.2358 -0.636668 2.59355
19.1535 -0.587941 2.62111
19.0711 -0.541816 2.64063
18.9874 -0.496768 2.656
18.9043 -0.45282 2.6539
18.8189 -0.406471 2.63485
18.7292 -0.355593 2.61643
18.6424 -0.304634 2.60509
18.5557 -0.252306 2.59193
18.4688 -0.198634 2.58406
18.3852 -0.146576 2.58525
18.2965 -0.0907341 2.57453
18.211 -0.0359911 2.5702
18.1272 0.0177319 2.57234
18.0439 0.0713495 2.56749
17.9607 0.125435 2.56237
17.8748 0.180798 2.57568
17.7878 0.235514 2.58476
17.7006 0.289148 2.59539
17.6113 0.342224 2.61528
17.5233 0.392815 2.62487
17.4389 0.440556 2.62848
17.3498 0.490242 2.63747
17.2652 0.536978 2.63633
17.1815 0.583601 2.6306
17.0972 0.630968 2.62824
17.0137 0.678359 2.62303
16.9283 0.727588 2.61393
16.836 0.781384 2.61359
16.7468 0.833291 2.61558
16.6587 0.884659 2.61194
16.569 0.937123 2.61306
16.4844 0.985969 2.62273
16.3946 1.03771 2.61511
16.3088 1.08801 2.60758
16.2245 1.1382 2.60151
16.1418 1.18848 2.58869
16.058 1.24077 2.5795
15.9694 1.29645 2.58132
15.8828 1.35075 2.582
15.7951 1.40549 2.58485
15.7071 1.45947 2.59843
15.6189 1.51178 2.61373
15.5312 1.56179 2.63266
15.4364 1.6123 2.67159
15.343 1.65802 2.70168
15.2472 1.70179 2.72356
15.1512 1.74339 2.74207
15.057 1.78261 2.75218
14.9569 1.82307 2.76309
14.8542 1.86262 2.78455
14.7527 1.89919 2.80739
14.6474 1.93415 2.83456
14.5414 1.96588 2.86675
14.4356 1.99364 2.90343
14.3264 2.01776 2.94479
14.2127 2.03758 2.99307
14.1002 2.05125 3.04836
13.9846 2.05906 3.09984
13.8677 2.06092 -3.13151
13.7468 2.05574 -3.06608
13.6277 2.04359 -3.01381
13.5078 2.02445 -2.9528
13.3894 1.99823 -2.8942
13.273 1.96538 -2.83925
13.1576 1.92539 -2.77641
13.0407 1.87693 -2.72127
12.9261 1.82209 -2.66872
12.8169 1.76282 -2.62024
12.7101 1.69814 -2.57418
12.6025 1.6268 -2.53745
12.503 1.55539 -2.50134
12.4013 1.47702 -2.46876
12.3035 1.3966 -2.43809
12.2107 1.31465 -2.39748
12.1231 1.23126 -2.36518
12.0386 1.14485 -2.32424
11.9548 1.05165 -2.28181
11.8775 0.958562 -2.24562
11.8045 0.863301 -2.20407
11.7354 0.766193 -2.17488
11.6673 0.665785 -2.15807
11.6014 0.565263 -2.14471
11.5363 0.465116 -2.14926
11.4713 0.365941 -2.15277
11.4081 0.270409 -2.1575
11.3447 0.175898 -2.16673
11.2837 0.0867981 -2.17503
11.2164 -0.00849992 -2.19602
11.1488 -0.0998263 -2.2196
11.083 -0.184894 -2.23949
11.0108 -0.273275 -2.27129
10.939 -0.355884 -2.30198
10.8661 -0.435617 -2.321
10.7931 -0.511893 -2.34773
10.7177 -0.5873 -2.36415
10.6433 -0.659714 -2.37488
10.5689 -0.729812 -2.39703
10.4962 -0.795223 -2.421
10.4184 -0.862479 -2.43614
10.3422 -0.92618 -2.45562
10.2657 -0.987871 -2.46956
10.1902 -1.04793 -2.47018
10.113 -1.10902 -2.47444
10.0388 -1.1668 -2.48458
9.96346 -1.22485 -2.48599
9.88903 -1.2821 -2.48584
9.81566 -1.33845 -2.48743
9.7423 -1.3949 -2.48409
9.67088 -1.45034 -2.47885
9.5988 -1.50641 -2.48217
9.52744 -1.5616 -2.48437
9.45519 -1.61801 -2.47298
9.38432 -1.67484 -2.4584
9.31467 -1.73233 -2.44477
9.24627 -1.79143 -2.41315
9.17728 -1.85585 -2.36778
9.11155 -1.92304 -2.32257
9.04853 -1.99408 -2.27027
8.98886 -2.06988 -2.20517
8.93528 -2.14759 -2.1437
8.88252 -2.23563 -2.07772
8.83536 -2.3283 -2.00533
8.79658 -2.42055 -1.93218
8.76273 -2.52311 -1.84698
8.73821 -2.62642 -1.76058
8.72345 -2.73087 -1.6619
8.71969 -2.83854 -1.54954
8.72756 -2.94383 -1.44282
8.74779 -3.05253 -1.33072
8.77931 -3.15693 -1.2245
8.82054 -3.25722 -1.13697
8.87264 -3.35876 -1.05643
8.93068 -3.45434 -0.993795
8.99553 -3.54749 -0.931418
9.06567 -3.6367 -0.877602
9.14053 -3.72176 -0.820586
9.21877 -3.80045 -0.755966
9.30396 -3.87626 -0.698431
9.39302 -3.94674 -0.64055
9.48449 -4.01117 -0.586652
9.57739 -4.06956 -0.5357
9.67333 -4.12347 -0.488119
9.77302 -4.17358 -0.44339
9.87452 -4.21941 -0.404974
9.97505 -4.2609 -0.377894
10.0778 -4.3001 -0.351244
10.183 -4.33697 -0.322601
10.286 -4.37041 -0.305295
10.3875 -4.40094 -0.279087
10.4883 -4.42849 -0.254526
10.5875 -4.45338 -0.237235
10.6844 -4.47577 -0.216924
10.7773 -4.49511 -0.193598
10.8722 -4.51302 -0.179521
10.9638 -4.5288 -0.161388
11.0531 -4.54229 -0.138679
11.14 -4.55379 -0.124451
11.2272 -4.56423 -0.113769
11.3139 -4.57386 -0.107499
11.3987 -4.58339 -0.116283
11.4833 -4.59475 -0.15084
11.5669 -4.60962 -0.20105
11.6467 -4.6285 -0.26355
11.7252 -4.6528 -0.337033
11.804 -4.68411 -0.419072
11.8779 -4.72022 -0.490651
11.9492 -4.76107 -0.548912
12.0193 -4.80582 -0.587452
12.0904 -4.85381 -0.599867
12.159 -4.9008 -0.601996
12.2291 -4.94908 -0.604034
12.2987 -4.99727 -0.606938
12.3665 -5.04448 -0.610194
12.4321 -5.09062 -0.614925
12.5016 -5.14 -0.621027
12.5699 -5.1891 -0.626268
12.6391 -5.23966 -0.635051
12.7074 -5.2912 -0.658276
12.7754 -5.3455 -0.688591
12.8422 -5.40264 -0.72686
12.9055 -5.46162 -0.773694
12.968 -5.52606 -0.828131
13.0272 -5.59354 -0.872103
13.0837 -5.66323 -0.907168
13.1387 -5.73615 -0.942055
13.1913 -5.81068 -0.969764
13.2449 -5.88958 -0.978696
13.2981 -5.96911 -0.984254
13.3515 -6.04988 -0.989549
13.4051 -6.13153 -0.988875
13.4601 -6.21498 -0.987763
13.5147 -6.29869 -0.998672
13.5684 -6.3828 -1.00604
13.6222 -6.46836 -1.01374
13.6747 -6.55378 -1.02526
13.7264 -6.63943 -1.03003
13.7776 -6.72454 -1.02753
13.8306 -6.81258 -1.03091
13.8829 -6.89964 -1.02867
13.9337 -6.98304 -1.01961
13.9895 -7.07332 -1.01364
14.0423 -7.15738 -1.00673
14.0964 -7.24138 -0.990483
14.1524 -7.32617 -0.983313
14.2091 -7.41116 -0.981244
14.265 -7.4937 -0.971224
14.3228 -7.57772 -0.964831
14.378 -7.65721 -0.961997
14.4363 -7.73934 -0.945921
14.4957 -7.82022 -0.92777
14.5559 -7.89951 -0.914811
14.6176 -7.9777 -0.891645
14.6811 -8.05463 -0.869691
14.7461 -8.1307 -0.857162
14.8128 -8.20639 -0.839615
14.8811 -8.28104 -0.820597
14.9504 -8.35465 -0.809969
15.019 -8.42608 -0.801075
15.09 -8.49843 -0.789841
15.1629 -8.57178 -0.786644
15.2357 -8.64414 -0.77731
15.3057 -8.71177 -0.76029
15.3807 -8.78226 -0.747582
15.4554 -8.8506 -0.734358
15.5304 -8.91693 -0.714305
15.605 -8.98063 -0.699533
15.6829 -9.04532 -0.686396
15.7614 -9.10809 -0.661931
15.839 -9.16742 -0.643787
15.9176 -9.22548 -0.628324
16.0028 -9.28621 -0.610595
16.0854 -9.34321 -0.597028
16.1693 -9.39975 -0.589685
16.2553 -9.45674 -0.580263
16.3398 -9.51163 -0.572489
16.4247 -9.5662 -0.57025
16.5111 -9.62173 -0.572245
16.5964 -9.67695 -0.57675
16.6806 -9.73236 -0.587485
16.7655 -9.78942 -0.595188
16.847 -9.84482 -0.599528
16.9282 -9.90066 -0.605339
17.0101 -9.95769 -0.610886
17.0907 -10.0144 -0.614188
17.1687 -10.0698 -0.621476
17.248 -10.1267 -0.624953
17.3249 -10.1821 -0.621951
17.4009 -10.2366 -0.622239
17.476 -10.2907 -0.627458
17.5514 -10.3456 -0.631379
17.6242 -10.3991 -0.634961
17.6956 -10.452 -0.641227
17.7689 -10.5068 -0.642558
17.8422 -10.5613 -0.635672
17.9133 -10.6134 -0.629746
17.9853 -10.6657 -0.626067
18.0575 -10.7174 -0.615728
18.1267 -10.7656 -0.602287
18.1987 -10.8143 -0.587369
18.2723 -10.8622 -0.565531
18.3459 -10.9072 -0.531933
18.4179 -10.9475 -0.490129
18.4917 -10.9844 -0.436563
18.5697 -11.0178 -0.373997
18.6482 -11.0457 -0.308667
18.727 -11.0679 -0.239535
18.8076 -11.0843 -0.162445
18.8874 -11.0947 -0.0956516
18.9671 -11.0998 -0.0332712
19.0479 -11.0999 0.032139
19.1263 -11.0947 0.0991872
19.2022 -11.0848 0.161734
19.2781 -11.0698 0.227221
19.3532 -11.0499 0.289944
19.4528 -11.0162 0.363716
19.5236 -10.9873 0.412078
19.5945 -10.9544 0.454477
19.6637 -10.9193 0.485977
19.7317 -10.8822 0.511855
19.8001 -10.8424 0.542667
19.8675 -10.8004 0.571576
19.9345 -10.7563 0.592445
20.0015 -10.7102 0.614873
20.068 -10.6616 0.645606
20.1321 -10.6119 0.675299
20.196 -10.5592 0.70292
20.2587 -10.5046 0.730888
20.3189 -10.4486 0.767329
20.3756 -10.3924 0.794769
20.4314 -10.3344 0.813303
20.4877 -10.274 0.829508
20.5429 -10.2131 0.838532
20.5974 -10.1521 0.842713
20.6534 -10.0895 0.841537
20.7118 -10.0244 0.837689
20.7705 -9.95928 0.835311
20.8297 -9.89407 0.833107
20.8912 -9.82662 0.82996
20.9528 -9.75924 0.830532
21.0145 -9.69164 0.831277
21.0757 -9.62464 0.829167
21.1389 -9.55559 0.830955
21.2013 -9.48677 0.837671
21.2636 -9.4172 0.84214
21.3284 -9.34447 0.844284
21.3939 -9.27063 0.846085
21.4598 -9.19625 0.845985
21.5269 -9.12043 0.846235
21.5948 -9.04331 0.851073
21.6613 -8.96723 0.854091
21.7296 -8.88905 0.852099
21.7988 -8.81036 0.846391
21.868 -8.73301 0.835577
21.9377 -8.65727 0.818621
22.0068 -8.58397 0.809962
22.0783 -8.50923 0.805894
22.1497 -8.43511 0.801824
22.2196 -8.36304 0.800516
22.2904 -8.29008 0.799816
22.3811 -8.19648 0.801868
22.4496 -8.1247 0.816989
22.5137 -8.05472 0.840057
22.5745 -7.98516 0.865453
22.6354 -7.91109 0.899506
22.6909 -7.83807 0.942111
22.7414 -7.76455 0.997336
22.7892 -7.68372 1.07601
22.8291 -7.60167 1.15909
22.8612 -7.51841 1.24666
22.8855 -7.43363 1.33752
22.9022 -7.34838 1.41626
22.9126 -7.26277 1.48437
22.9175 -7.17552 1.54573
22.9175 -7.09161 1.59385
22.914 -7.00616 1.62952
22.9078 -6.91975 1.65689
22.8994 -6.83486 1.68175
22.8889 -6.75089 1.70782
22.8758 -6.66635 1.74263
22.8596 -6.58228 1.77873
22.8402 -6.49776 1.81388
22.8183 -6.41593 1.85094
22.7937 -6.33556 1.88539
22.7664 -6.25542 1.91215
22.7386 -6.17929 1.9287
22.7093 -6.10368 1.95225
22.6776 -6.02747 1.97806
22.6446 -5.95276 1.99711
22.6103 -5.87877 2.01063
22.5746 -5.80499 2.03263
22.5379 -5.73315 2.05402
22.5001 -5.66258 2.07125
22.4611 -5.59271 2.08936
22.4205 -5.52333 2.11118
22.3799 -5.45736 2.13403
22.3362 -5.38942 2.14971
22.2907 -5.32101 2.16582
22.2438 -5.2533 2.18791
22.1957 -5.18713 2.20991
22.1466 -5.12229 2.22836
22.0953 -5.05734 2.25053
22.0432 -4.99458 2.27694
21.9905 -4.93443 2.30239
21.937 -4.87624 2.32611
21.8804 -4.81749 2.34931
21.8232 -4.76061 2.36915
21.7675 -4.70728 2.3856
21.7088 -4.65271 2.39998
21.6501 -4.59953 2.41159
21.5915 -4.54756 2.42043
21.5353 -4.49856 2.42831
21.4771 -4.44858 2.43611
21.419 -4.39919 2.43881
21.3613 -4.35034 2.43761
21.3055 -4.30282 2.43529
21.2502 -4.25557 2.43417
21.1952 -4.20857 2.43409
21.1429 -4.16375 2.4321
21.0904 -4.11855 2.43045
21.0408 -4.07586 2.4307
20.9914 -4.03338 2.43242
20.9424 -3.99135 2.43362
20.8955 -3.95115 2.43178
20.8507 -3.91255 2.42907
20.8078 -3.87549 2.42757
20.7661 -3.8393 2.4271
20.7256 -3.80421 2.42758
20.6875 -3.77116 2.42727
20.6524 -3.74071 2.42626
20.6189 -3.7116 2.42516
20.5881 -3.68471 2.42535
20.559 -3.6594 2.42553
20.5305 -3.63453 2.42355
20.5012 -3.60879 2.415
20.4707 -3.58123 2.40152
20.4389 -3.55173 2.38528
20.4058 -3.51986 2.36524
20.3707 -3.48447 2.33934
20.3325 -3.44379 2.30817
20.2932 -3.39909 2.27545
20.2532 -3.35059 2.24542
20.2138 -3.29986 2.21816
20.175 -3.24713 2.19298
20.1374 -3.19323 2.16677
20.099 -3.1349 2.13849
20.0617 -3.07496 2.11695
20.0219 -3.00863 2.10426
19.9826 -2.94113 2.09217
19.9428 -2.87092 2.08044
19.9025 -2.79851 2.07805
19.8616 -2.72579 2.08751
19.8189 -2.65111 2.09274
19.7754 -2.57551 2.09261
19.7316 -2.49944 2.09516
19.6873 -2.42363 2.10428
19.6273 -2.32244 2.10734
19.5792 -2.2422 2.11328
19.5303 -2.16242 2.12899
19.4809 -2.08372 2.13398
19.4265 -1.99774 2.13518
19.3726 -1.91276 2.13803
19.3196 -1.82925 2.13421
19.2664 -1.74421 2.1246
19.2125 -1.65739 2.12848
19.16 -1.57323 2.12855
19.1071 -1.48795 2.12318
19.0547 -1.40283 2.12282
19.0021 -1.31725 2.12091
18.9505 -1.23186 2.10784
18.8987 -1.14459 2.10541
18.847 -1.05735 2.10488
18.795 -0.968528 2.09649
18.7434 -0.879015 2.09025
18.6909 -0.787443 2.09259
18.638 -0.694524 2.08473
18.5841 -0.599238 2.0869
18.5296 -0.503806 2.09167
18.4749 -0.40835 2.09151
18.4191 -0.311563 2.09611
18.3629 -0.215519 2.10322
18.3077 -0.121897 2.10426
18.2492 -0.0242332 2.11726
18.1916 0.0689446 2.13059
18.1312 0.164163 2.1428
18.0689 0.258638 2.16479
18.0057 0.350779 2.17847
17.9416 0.441364 2.19432
17.877 0.52902 2.21811
17.8121 0.612896 2.24025
17.7443 0.696343 2.26612
17.6761 0.774939 2.30564
17.6063 0.848641 2.3513
17.5318 0.919503 2.41097
17.4548 0.983814 2.48084
17.3771 1.0389 2.5692
17.2932 1.08729 2.66717
17.2088 1.12524 2.77118
17.1221 1.15333 2.88583
17.0365 1.17008 3.01067
16.9517 1.17559 -3.14059
16.8667 1.16958 -3.0013
16.7865 1.15268 -2.86679
16.7094 1.12531 -2.73348
16.636 1.08717 -2.59222
16.5691 1.03952 -2.45217
16.5101 0.983648 -2.31506
16.4568 0.916724 -2.17154
16.4135 0.843433 -2.03737
16.3803 0.764524 -1.90085
16.3581 0.681277 -1.76304
16.3475 0.596939 -1.62705
16.3487 0.51047 -1.48647
16.3618 0.42471 -1.35315
16.3855 0.341456 -1.23289
16.4198 0.259072 -1.12024
16.4627 0.18048 -1.02212
16.5127 0.105622 -0.942499
16.5702 0.0322739 -0.869015
16.6325 -0.0379258 -0.819745
16.6964 -0.102981 -0.770309
16.763 -0.164251 -0.716031
16.8312 -0.220668 -0.666256
16.9001 -0.272528 -0.625221
16.9706 -0.320851 -0.575713
17.0431 -0.365548 -0.528885
17.1432 -0.420795 -0.480344
17.2216 -0.460689 -0.460407
17.3024 -0.500689 -0.459147
17.3844 -0.542153 -0.477774
17.4975 -0.603609 -0.517758
17.5815 -0.653076 -0.545797
17.6644 -0.705393 -0.580755
17.7462 -0.761045 -0.613461
17.8266 -0.819189 -0.639161
17.9071 -0.880997 -0.670218
17.9848 -0.944947 -0.70759
18.0594 -1.01044 -0.733291
18.1308 -1.07668 -0.762974
18.2004 -1.14567 -0.798191
18.2683 -1.21711 -0.824325
18.3357 -1.29139 -0.843277
18.4017 -1.36723 -0.866293
18.465 -1.4428 -0.880319
18.5276 -1.51938 -0.889674
18.5894 -1.59657 -0.902576
18.6497 -1.67387 -0.91349
18.7097 -1.75185 -0.9161
18.77 -1.83093 -0.923984
18.8294 -1.90999 -0.928928
18.8898 -1.99085 -0.928506
18.9517 -2.07358 -0.929461
19.0137 -2.15661 -0.928599
19.0774 -2.24091 -0.918046
19.1427 -2.32551 -0.909998
19.2076 -2.40827 -0.90083
19.274 -2.49077 -0.886211
19.3413 -2.57301 -0.882921
19.407 -2.65319 -0.885432
19.4741 -2.73515 -0.885257
19.5628 -2.84491 -0.89641
19.6289 -2.92796 -0.900126
19.6951 -3.01136 -0.900814
19.7609 -3.09504 -0.907037
19.8262 -3.17832 -0.905564
19.8931 -3.26284 -0.896995
19.9603 -3.34696 -0.895518
20.0257 -3.42757 -0.884191
20.0903 -3.50564 -0.873388
20.1571 -3.58499 -0.869413
20.224 -3.66365 -0.862066
20.2908 -3.74025 -0.845987
20.3596 -3.81731 -0.837602
20.4282 -3.8923 -0.822129
20.5 -3.96808 -0.802498
20.5993 -4.06919 -0.786147
20.6759 -4.14441 -0.766595
20.7541 -4.21856 -0.751713
20.8325 -4.29131 -0.743405
20.9119 -4.36337 -0.731118
20.9931 -4.43586 -0.726697
21.0731 -4.50773 -0.737242
21.1504 -4.5779 -0.73707
21.2261 -4.64699 -0.741487
21.2992 -4.71453 -0.751014
21.3694 -4.7801 -0.751035
21.4387 -4.84471 -0.750801
21.5056 -4.90781 -0.761125
21.5706 -4.97007 -0.766524
21.6355 -5.0327 -0.767771
21.6993 -5.09457 -0.772221
21.7599 -5.15407 -0.781611
21.8177 -5.2115 -0.781496
21.8749 -5.26817 -0.781124
21.9308 -5.32391 -0.786896
21.9849 -5.37875 -0.796219
22.0374 -5.43244 -0.797763
22.0888 -5.48513 -0.798186
22.139 -5.53687 -0.803111
22.1876 -5.58768 -0.811153
22.2353 -5.63808 -0.814873
22.2812 -5.68665 -0.813324
22.3256 -5.73369 -0.814288
22.3691 -5.78023 -0.823817
22.4115 -5.82666 -0.83871
22.4549 -5.87622 -0.864666
22.4996 -5.9311 -0.909204
22.5437 -5.99138 -0.96956
22.5848 -6.05574 -1.03398
22.6219 -6.12202 -1.08819
22.6568 -6.19329 -1.14127
22.6887 -6.26776 -1.19175
22.7167 -6.34303 -1.23739
22.7412 -6.41933 -1.28216
22.763 -6.49945 -1.32874
22.7818 -6.58194 -1.36607
22.7979 -6.66587 -1.39509
22.8113 -6.75044 -1.43189
22.8213 -6.83295 -1.47035
22.8284 -6.91961 -1.50654
22.8323 -7.00594 -1.54447
22.8326 -7.09116 -1.58966
22.8292 -7.17473 -1.63383
22.8223 -7.25747 -1.67453
22.8115 -7.34353 -1.71773
22.7968 -7.42947 -1.76076
22.7788 -7.51405 -1.80231
22.7569 -7.59874 -1.84517
22.7309 -7.68422 -1.88707
22.7021 -7.76731 -1.92179
22.6705 -7.84847 -1.96075
22.6353 -7.92945 -2.00161
22.5973 -8.00867 -2.03461
22.5569 -8.08617 -2.067
22.5135 -8.16284 -2.10604
22.4668 -8.23879 -2.13851
22.418 -8.31332 -2.16165
22.3658 -8.38896 -2.18762
22.3111 -8.46373 -2.21792
22.254 -8.53751 -2.24165
22.1937 -8.61189 -2.26208
22.1323 -8.68421 -2.28615
22.0711 -8.75361 -2.30123
22.0069 -8.82414 -2.31699
21.9413 -8.89348 -2.34123
21.8759 -8.95887 -2.37032
21.8091 -9.02258 -2.38999
21.7367 -9.08914 -2.40592
21.665 -9.15355 -2.41433
21.5916 -9.21891 -2.4133
21.5171 -9.28557 -2.40994
21.4434 -9.35219 -2.40278
21.3699 -9.41993 -2.39172
21.2963 -9.48932 -2.37997
21.2231 -9.55967 -2.37193
21.1532 -9.6279 -2.36495
21.0817 -9.69845 -2.3608
21.0106 -9.76827 -2.36921
20.9419 -9.83457 -2.37918
20.8683 -9.90402 -2.39112
20.7935 -9.97283 -2.40479
20.722 -10.0369 -2.4171
20.6473 -10.1022 -2.42887
20.5723 -10.1657 -2.44817
20.4997 -10.2249 -2.46766
20.4241 -10.2842 -2.48481
20.3472 -10.3428 -2.49685
20.2707 -10.3999 -2.50336
20.196 -10.4549 -2.51109
20.1178 -10.5113 -2.5227
20.0441 -10.563 -2.53527
19.9696 -10.6139 -2.5501
19.8926 -10.6647 -2.56665
19.8134 -10.7153 -2.58034
19.7373 -10.7627 -2.58868
19.6614 -10.8086 -2.60654
19.5826 -10.854 -2.63165
19.5028 -10.8971 -2.66187
19.4248 -10.9357 -2.69971
19.3424 -10.9719 -2.75761
19.2541 -11.0043 -2.82077
19.1675 -11.0302 -2.88273
19.0786 -11.0502 -2.9561
18.9891 -11.0633 -3.03743
18.899 -11.0693 -3.11271
18.8061 -11.0684 3.09338
18.717 -11.0609 3.02199
18.6275 -11.0469 2.95069
18.5375 -11.0261 2.8794
18.4478 -10.9995 2.82679
18.3593 -10.9686 2.7843
18.2724 -10.9343 2.74621
18.1824 -10.8954 2.72189
18.0929 -10.8552 2.71626
18.0025 -10.8137 2.70595
17.913 -10.7717 2.70014
17.8231 -10.729 2.69572
17.733 -10.6848 2.67668
17.6447 -10.6386 2.64147
17.5579 -10.5893 2.60798
17.4683 -10.534 2.57028
17.3823 -10.4768 2.5387
17.2988 -10.4182 2.52097
17.2101 -10.3541 2.51034
17.1243 -10.2913 2.50836
17.0366 -10.2277 2.52039
16.9462 -10.1633 2.52524
16.8565 -10.0999 2.52673
16.7686 -10.0379 2.52751
16.6723 -9.96951 2.52089
16.5776 -9.90144 2.51659
16.4811 -9.83153 2.51282
16.3854 -9.76107 2.50118
16.2926 -9.6914 2.49377
16.1953 -9.61734 2.48819
16.0999 -9.5441 2.48555
16.0074 -9.47279 2.48419
15.9129 -9.3991 2.47411
15.8215 -9.32623 2.46238
15.7294 -9.25076 2.44866
15.6389 -9.17454 2.43417
15.5515 -9.09887 2.42209
15.4632 -9.02052 2.40958
15.3809 -8.94572 2.39757
15.2977 -8.86846 2.38886
15.2136 -8.78948 2.38733
15.1312 -8.71225 2.38925
15.0462 -8.63273 2.3898
14.9637 -8.5556 2.39008
14.8813 -8.47842 2.38793
14.7995 -8.40162 2.38761
14.716 -8.32355 2.39144
14.6311 -8.24497 2.39821
14.5451 -8.16669 2.40766
14.461 -8.09161 2.41875
14.3771 -8.01867 2.43313
14.2882 -7.94383 2.44967
14.1989 -7.87117 2.46769
14.1092 -7.80109 2.48898
14.0181 -7.73253 2.50466
13.9266 -7.66607 2.52181
13.8339 -7.60132 2.54206
13.7388 -7.5376 2.56085
13.6441 -7.4771 2.58509
13.5477 -7.41849 2.60569
13.4529 -7.36293 2.61695
13.3596 -7.3099 2.63287
13.2644 -7.25793 2.65017
13.1689 -7.20731 2.65874
13.0766 -7.1602 2.68028
12.9845 -7.11531 2.69592
12.8939 -7.07248 2.70456
12.8045 -7.03155 2.71925
12.7179 -6.99355 2.73686
12.6279 -6.95537 2.74411
12.5418 -6.91999 2.75922
12.4576 -6.88698 2.77683
12.3727 -6.85489 2.78345
12.2897 -6.82365 2.77978
12.2071 -6.79232 2.77879
12.1258 -6.76127 2.77494
12.0465 -6.7302 2.76096
11.9681 -6.69834 2.75053
11.8915 -6.66644 2.74322
11.8145 -6.63332 2.7276
11.7372 -6.59808 2.69987
11.662 -6.56083 2.66358
11.5866 -6.51931 2.61242
11.5145 -6.47392 2.54733
11.4434 -6.42212 2.47733
11.3748 -6.36458 2.41
11.3084 -6.30073 2.34147
11.2457 -6.23203 2.27909
11.1867 -6.15884 2.21982
11.1325 -6.08364 2.17084
11.0757 -5.99882 2.15059
11.0207 -5.91336 2.13519
10.9668 -5.8275 2.12783
10.912 -5.74066 2.13855
10.8546 -5.65304 2.16302
10.796 -5.56798 2.18533
10.7335 -5.48226 2.21569
10.6688 -5.39905 2.24821
10.6013 -5.31707 2.27148
10.5313 -5.2362 2.29639
10.4632 -5.16103 2.31714
10.3889 -5.0819 2.3322
10.3152 -5.0061 2.35313
10.2433 -4.9352 2.37327
10.1689 -4.86451 2.38987
10.0945 -4.7959 2.4037
10.0179 -4.72688 2.41269
9.93962 -4.65721 2.41563
9.86077 -4.58698 2.41226
9.78381 -4.5177 2.40508
9.7078 -4.44789 2.39236
9.6349 -4.37908 2.37765
9.55866 -4.30463 2.35854
9.48731 -4.23219 2.33864
9.4149 -4.1562 2.32549
9.34458 -4.08098 2.31969
9.27471 -4.00534 2.31338
9.2061 -3.93021 2.30827
9.13435 -3.85117 2.30749
9.06639 -3.77564 2.29953
8.99867 -3.69956 2.29667
8.93363 -3.62645 2.29916
8.87088 -3.55598 2.2974
8.80451 -3.48086 2.29142
8.7416 -3.40955 2.29607
8.67965 -3.33978 2.29768
8.61755 -3.27024 2.3018
8.55546 -3.20178 2.3131
8.49541 -3.13745 2.33036
8.43157 -3.07111 2.34373
8.36783 -3.00668 2.35788
8.30551 -2.94548 2.37271
8.24361 -2.88636 2.38555
8.18254 -2.82946 2.39752
8.11705 -2.77007 2.41244
8.0573 -2.71747 2.42708
7.99581 -2.66482 2.44
7.93466 -2.61371 2.45057
7.87498 -2.56481 2.45993
7.81571 -2.51715 2.46868
7.75748 -2.47114 2.47708
7.70008 -2.42659 2.48599
7.6421 -2.38244 2.49552
7.58622 -2.34056 2.50157
7.53242 -2.30067 2.50554
7.47616 -2.2592 2.50736
7.42227 -2.21945 2.50467
7.36648 -2.17784 2.49671
7.31338 -2.13744 2.48572
7.26205 -2.09747 2.47446
7.21194 -2.05761 2.4645
7.16248 -2.01743 2.45437
7.11621 -1.97917 2.44708
7.07001 -1.9404 2.43962
7.02487 -1.90187 2.4306
6.98098 -1.86364 2.41941
6.93519 -1.82275 2.40573
6.89309 -1.78413 2.39281
6.85219 -1.7456 2.37928
6.81434 -1.70891 2.36436
6.77926 -1.67384 2.34823
6.74443 -1.63783 2.33088
6.71169 -1.60284 2.31517
6.67887 -1.56685 2.30492
6.64509 -1.52926 2.30098
6.60953 -1.48947 2.29929
6.57354 -1.44905 2.29726
6.53162 -1.40167 2.29301
6.48706 -1.35095 2.29024
6.43926 -1.29655 2.29301
6.38893 -1.23953 2.29501
6.33595 -1.17947 2.29227
6.27982 -1.11549 2.28963
6.22227 -1.05 2.29391
6.16371 -0.983762 2.29551
6.10422 -0.916374 2.29253
6.04359 -0.847273 2.28956
5.98377 -0.778912 2.28961
5.92018 -0.705517 2.27999
5.85638 -0.630589 2.27219
5.79305 -0.555343 2.26863
5.72989 -0.479062 2.25625
5.66774 -0.401744 2.23937
5.60645 -0.323362 2.22958
5.54423 -0.241721 2.21436
5.484 -0.159966 2.19714
5.42558 -0.0787519 2.19168
5.36749 0.00303434 2.18501
5.31121 0.083781 2.17401
5.24979 0.173344 2.16978
5.19083 0.260504 2.1613
5.13264 0.348981 2.14392
5.07579 0.438215 2.13216
5.02155 0.526109 2.11512
4.96881 0.615933 2.0884
4.91831 0.706621 2.06937
4.87089 0.795825 2.04946
4.8259 0.884967 2.02688
4.78306 0.973706 2.01432
4.7432 1.05874 2.00383
4.70023 1.1541 1.98454
4.66194 1.24282 1.9719
4.62176 1.3386 1.96402
4.5836 1.43214 1.95243
4.54697 1.52428 1.94592
4.5104 1.61566 1.95689
4.47086 1.7115 1.96735
4.43096 1.80429 1.98646
4.38916 1.89502 2.01853
4.34415 1.9847 2.05346
4.29746 2.07017 2.08795
4.2426 2.16047 2.14555
4.1848 2.24468 2.19908
4.12182 2.32652 2.25426
4.05336 2.40512 2.3205
3.97992 2.47901 2.3858
3.90024 2.54884 2.45819
3.81328 2.6138 2.54174
3.72253 2.67024 2.62875
3.62662 2.71861 2.72018
3.52765 2.75791 2.8071
3.42672 2.78778 2.90059
3.31873 2.80822 3.00836
3.21158 2.81699 3.11146
3.10372 2.81452 -3.0656
2.99819 2.8008 -2.95896
2.89377 2.77526 -2.84453
2.79511 2.73964 -2.74576
2.69651 2.69306 -2.65477
2.60298 2.63857 -2.57329
2.51454 2.57825 -2.51275
2.42771 2.51152 -2.45998
2.34744 2.44306 -2.41085
2.26928 2.36982 -2.36648
2.19456 2.29377 -2.32842
2.12519 2.2185 -2.30222
2.0581 2.14221 -2.28208
1.97244 2.04153 -2.26947
1.90865 1.96577 -2.27182
1.84579 1.89174 -2.27781
1.78279 1.81929 -2.29513
1.71822 1.74844 -2.32473
1.65361 1.68197 -2.35918
1.58708 1.61814 -2.39467
1.51745 1.55589 -2.42946
1.44878 1.49843 -2.46012
1.37792 1.44275 -2.49129
1.30483 1.38886 -2.52108
1.23413 1.33977 -2.54845
1.15886 1.29095 -2.58386
1.08089 1.2444 -2.62282
1.00393 1.20216 -2.6565
0.925357 1.16229 -2.6875
0.847056 1.1255 -2.71721
0.766625 1.08965 -2.72738
0.687575 1.05415 -2.71168
0.609435 1.01678 -2.67921
0.532791 0.976295 -2.63212
0.459158 0.931402 -2.55605
0.393296 0.883364 -2.46677
0.330216 0.827448 -2.36589
0.273032 0.764912 -2.25714
0.223746 0.697478 -2.14675
0.183603 0.62759 -2.03758
0.150894 0.551151 -1.91266
0.128691 0.473851 -1.78836
0.116448 0.394928 -1.66102
0.114643 0.314214 -1.5253
0.123474 0.235457 -1.39295
0.142738 0.158721 -1.25672
0.171598 0.0875459 -1.11443
0.211278 0.0198337 -0.967037
0.259694 -0.0403355 -0.819386
0.317867 -0.0936765 -0.664813
0.379764 -0.135263 -0.518381
0.447548 -0.167259 -0.363646
0.52 -0.188277 -0.201037
0.593167 -0.197012 -0.0366181
0.665843 -0.193501 0.133159
0.737886 -0.177303 0.309168
0.824244 -0.138069 0.543695
0.881225 -0.0962471 0.722637
0.929642 -0.0452031 0.900972
0.96757 0.0123272 1.07489
0.995129 0.0763044 1.25322
1.01087 0.142837 1.42386
1.0151 0.210437 1.59267
1.00766 0.279466 1.76357
0.989359 0.345197 1.92114
0.960482 0.40882 2.07258
0.921975 0.468866 2.20949
0.876236 0.523675 2.32296
0.825436 0.5733 2.41282
0.765916 0.622167 2.49552
0.703995 0.665507 2.56628
0.640593 0.70382 2.62977
0.57484 0.738189 2.69015
0.504883 0.769534 2.75054
0.437244 0.795359 2.80321
0.367176 0.817747 2.86143
0.296327 0.835648 2.92682
0.227791 0.848356 2.98969
0.158392 0.856838 3.05023
0.0910749 0.861061 3.10765
0.0227394 0.861259 -3.11344
-0.0411382 0.857634 -3.05637
-0.103473 0.85063 -3.00303
-0.164178 0.840572 -2.95176
-0.224071 0.827418 -2.89903
-0.28132 0.811674 -2.84742
-0.336737 0.79346 -2.80066
-0.388299 0.773883 -2.75676
-0.438674 0.752196 -2.71339
-0.487297 0.728891 -2.67589
-0.532324 0.705588 -2.65215
-0.575136 0.682468 -2.6407
-0.612118 0.662101 -2.63567
-0.64409 0.644263 -2.6297
-0.66956 0.629839 -2.62297
-0.691233 0.617352 -2.61477
-0.705385 0.609028 -2.60505
-0.712701 0.604628 -2.59525
-0.71441 0.603581 -2.58816
-0.712837 0.604554 -2.58747
-0.710408 0.606049 -2.59197
-0.709223 0.606772 -2.59561
-0.708993 0.606912 -2.59457
-0.709355 0.606691 -2.59405
-0.709816 0.60641 -2.59405
-0.710095 0.60624 -2.59345
-0.710177 0.60619 -2.59336
-0.710062 0.60626 -2.59345
-0.710013 0.60629 -2.59336
-0.710046 0.60627 -2.59353
-0.710079 0.60625 -2.59336
-0.710079 0.60625 -2.59353
-0.710079 0.60625 -2.59353
-0.710079 0.60625 -2.59353
-0.710095 0.60624 -2.59345
-0.710161 0.6062 -2.59327
-0.710161 0.6062 -2.59327
-0.710128 0.60622 -2.59327
-0.71026 0.606139 -2.59344
-0.710671 0.60589 -2.60131
-0.711001 0.605697 -2.62017
-0.711453 0.605447 -2.6545
-0.712103 0.605124 -2.70483
-0.713052 0.604716 -2.76658
-0.715226 0.603956 -2.84459
-0.718741 0.603044 -2.93046
-0.723386 0.602266 -3.021
-0.728813 0.60187 -3.11655
-0.734888 0.602023 3.06632
-0.740952 0.602804 2.96065
-0.746849 0.604191 2.86043
-0.752572 0.606122 2.77206
-0.757568 0.608282 2.69484
-0.761462 0.610301 2.63172
-0.764578 0.612137 2.58641
-0.766571 0.613413 2.55813
-0.767434 0.613991 2.5443
-0.767704 0.614176 2.53971
-0.767577 0.614089 2.54196
-0.76737 0.613948 2.54464
-0.767227 0.613851 2.54611
-0.767323 0.613916 2.54577
-0.767354 0.613937 2.54525
-0.767323 0.613916 2.54542
-0.767307 0.613905 2.54568
-0.767323 0.613916 2.54559
-0.767339 0.613926 2.54551
-0.767323 0.613916 2.54559
-0.767323 0.613916 2.54559
-0.767339 0.613926 2.54551
-0.767339 0.613926 2.54551
-0.767339 0.613926 2.54551
-0.767339 0.613926 2.54551
-0.767339 0.613926 2.54551
-0.767339 0.613926 2.54551
-0.767339 0.613926 2.54551
-0.767339 0.613926 2.54551
-0.767339 0.613926 2.54551
-0.767339 0.613926 2.54551
-0.767339 0.613926 2.54551
-0.767339 0.613926 2.54551
-0.767339 0.613926 2.54551
-0.767339 0.613926 2.54551
-0.767339 0.613926 2.54551
-0.767339 0.613926 2.54551
-0.767339 0.613926 2.54551
-0.767339 0.613926 2.54551
-0.767339 0.613926 2.54551
-0.767339 0.613926 2.54551
-0.767339 0.613926 2.54551
-0.767339 0.613926 2.54551
-0.767354 0.613937 2.54542
-0.767354 0.613937 2.54542
-0.767339 0.613926 2.54551
-0.767354 0.613937 2.54542
-0.767354 0.613937 2.54542
-0.767354 0.613937 2.54542
-0.767354 0.613937 2.54542
-0.767354 0.613937 2.54542
-0.767339 0.613926 2.54551
-0.767339 0.613926 2.54551
-0.767339 0.613926 2.54551
-0.767354 0.613937 2.54542
-0.767354 0.613937 2.54542
-0.767354 0.613937 2.54542
-0.767354 0.613937 2.54542
-0.767339 0.613926 2.54551
-0.767339 0.613926 2.54551
-0.767354 0.613937 2.54542
-0.767354 0.613937 2.54542
-0.767354 0.613937 2.54542
-0.767354 0.613937 2.54542
-0.767354 0.613937 2.54542
-0.767354 0.613937 2.54542
-0.767354 0.613937 2.54542
-0.767354 0.613937 2.54542
-0.767354 0.613937 2.54542
-0.767339 0.613926 2.54551
-0.767354 0.613937 2.54542
-0.767354 0.613937 2.54542
-0.767354 0.613937 2.54542
-0.767354 0.613937 2.54542
-0.767354 0.613937 2.54542
-0.767354 0.613937 2.54542
-0.767354 0.613937 2.54542
-0.767354 0.613937 2.54542
-0.767354 0.613937 2.54542
-0.767339 0.613926 2.54551
-0.767339 0.613926 2.54551
-0.767354 0.613937 2.54542
-0.76737 0.613948 2.54533
-0.767354 0.613937 2.54542
-0.767354 0.613937 2.54542
-0.767339 0.613926 2.54533
-0.767354 0.613937 2.54542
-0.767354 0.613937 2.54542
-0.767354 0.613937 2.54542
-0.767354 0.613937 2.54542
-0.767354 0.613937 2.54542
-0.767354 0.613937 2.54542
-0.767354 0.613937 2.54542
-0.767354 0.613937 2.54542
-0.767354 0.613937 2.54542
-0.767354 0.613937 2.54542
-0.767354 0.613937 2.54542
-0.767354 0.613937 2.54542
-0.767354 0.613937 2.54542
-0.767354 0.613937 2.54542
-0.767339 0.613926 2.54533
-0.767339 0.613926 2.54533
-0.767354 0.613937 2.54542
-0.767354 0.613937 2.54542
-0.767354 0.613937 2.54542
-0.767354 0.613937 2.54542
-0.767354 0.613937 2.54542
-0.767354 0.613937 2.54542
-0.767354 0.613937 2.54542
-0.767354 0.613937 2.54542
-0.767354 0.613937 2.54542
-0.767354 0.613937 2.54542
-0.767354 0.613937 2.54542
-0.767354 0.613937 2.54542
-0.767354 0.613937 2.54542
-0.767354 0.613937 2.54542
-0.767354 0.613937 2.54542
-0.767354 0.613937 2.54542
-0.767354 0.613937 2.54542
-0.767354 0.613937 2.54542
-0.767339 0.613926 2.54533
-0.76737 0.613948 2.54533
-0.76737 0.613948 2.54533
-0.767339 0.613926 2.54533
-0.767339 0.613926 2.54533
-0.767339 0.613926 2.54533
-0.767339 0.613926 2.54533
-0.767339 0.613926 2.54533
-0.767339 0.613926 2.54533
-0.767354 0.613937 2.54542
-0.767354 0.613937 2.54542
-0.767354 0.613937 2.54542
-0.767354 0.613937 2.54542
-0.767354 0.613937 2.54542
-0.767354 0.613937 2.54542
-0.767354 0.613937 2.54542
-0.767354 0.613937 2.54542
-0.767354 0.613937 2.54542
-0.767354 0.613937 2.54542
-0.767354 0.613937 2.54542
-0.767354 0.613937 2.54542
-0.767354 0.613937 2.54542
-0.767354 0.613937 2.54542
-0.767354 0.613937 2.54542
