0.05088 0.000789659 0.0310376 54492.012 25877.015
0.10379898 0.0032462965 0.061740979 55707.012 27450.016
0.15863844 0.0075602192 0.095264841 56959 29093
0.21662797 0.014242039 0.13417252 58268 30856
0.27735107 0.023801597 0.17812171 59629 32730
0.33861356 0.036261742 0.22318338 61011.014 34638.019
0.40330153 0.052502333 0.26876958 62500 36659
0.46761139 0.072033173 0.32092422 63964 38732
0.53440524 0.096588731 0.38366678 65470.015 40971.022
0.60105112 0.12601988 0.44803445 67011.016 43264.022
0.66700625 0.15997586 0.50285509 68643 45536
0.73276067 0.19828929 0.55231053 70357.017 47827.022
0.79730794 0.23994643 0.59392241 72136.018 50091.021
0.8613753 0.28473222 0.62624335 74005 52336
0.92553497 0.33234666 0.65063956 75966 54580
0.98889905 0.38144839 0.66787341 77976 56789
1.0514362 0.43196551 0.69107763 79957.019 59039.022
1.1120702 0.48349741 0.71777499 81896 61288
1.1719295 0.53747419 0.74976314 83831 63595
1.2310186 0.5943693 0.78320597 85795.024 65948.028
1.2892127 0.65375562 0.80786857 87840.02 68279.022
1.3460837 0.71422616 0.824259 89930.02 70558.022
1.4027052 0.77624717 0.83749729 92064 72844
1.4594353 0.83919376 0.83709394 94298 75070
1.5148435 0.89979733 0.82320803 96542.023 77148.021
1.5747236 0.9629577 0.80089615 98965.023 79306.021
1.6359438 1.0247119 0.77858422 101386 81462
1.6983668 1.0847306 0.75294511 103817 83589
1.7612011 1.1424828 0.73361234 106178 85720
1.8232179 1.1979729 0.72621131 108413.02 87865.022
1.8891917 1.2565625 0.72616058 110737.02 90185.022
1.9556682 1.3156736 0.7274767 113072.02 92532.022
2.0197927 1.3731985 0.7349235 115297.02 94841.023
2.0847968 1.4328094 0.74936966 117535.02 97245.023
2.1492251 1.4936238 0.76373173 119784 99659
2.2108644 1.553288 0.77450321 121980.02 101978.02
2.2741225 1.6161585 0.7901465 124237.02 104415.02
2.3351262 1.6786937 0.80544253 126448 106802
2.3961079 1.7422539 0.80675569 128760.02 109126.02
2.4561028 1.8046776 0.80371486 131058 111385
2.5147851 1.8656241 0.80493133 133279 113617
2.5747303 1.9280185 0.80589828 135552 115898
2.636522 1.9920105 0.79988056 137930.02 118202.02
2.6973154 2.0546676 0.8011059 140222 120505
2.7587455 2.1181906 0.80318751 142537 122841
2.8211047 2.1825583 0.79930389 144920 125175
2.8813878 2.2441481 0.7929359 147227.02 127404.02
2.9457901 2.3093869 0.79076458 149654 129802
3.0116029 2.3757717 0.78868437 152128.02 132248.02
3.0767724 2.4407559 0.77926579 154607.02 134613.02
3.1419687 2.5050945 0.77828812 157025.02 137016.02
3.2079334 2.5703867 0.78226041 159446.02 139480.02
3.2757066 2.6377398 0.78231903 161962.02 141993.02
3.3421536 2.7038669 0.78365094 164423.02 144466.02
3.4089837 2.7711699 0.79419617 166859 147022
3.475663 2.8395015 0.80107666 169333 149573
3.540908 2.907371 0.80914665 171765 152096
3.6040295 2.9746388 0.82522639 174100 154616
3.6694949 3.0465699 0.8396171 176577 157258
3.7325431 3.1170212 0.84197492 179053.02 159758.02
3.793859 3.1860636 0.8472248 181454.02 162217.02
3.856763 3.2573534 0.84839036 183951.02 164724.02
3.9202773 3.3289117 0.84137151 186512 167199
3.9838675 3.3995383 0.83417987 189057.02 169656.02
4.048634 3.4705853 0.82903848 191619.03 172154.02
4.1151129 3.5423008 0.81750695 194262 174658
4.1812058 3.6120896 0.8076753 196851.02 177128.02
4.2484917 3.6820515 0.8021107 199440 179648
4.3140799 3.7493485 0.79440381 201960.03 182074.02
4.3838733 3.8194344 0.78057347 204646.02 184594.02
4.4524626 3.8869878 0.77500614 207214.02 187093.02
4.5213487 3.9536371 0.76278585 209810.03 189542.02
4.5928578 4.020727 0.74426242 212501.03 192012.02
4.6652198 4.0862742 0.72778439 215169 194483
4.7375167 4.1498434 0.71471262 217781.03 196938.02
4.8144326 4.2155364 0.6990136 220537.02 199506.02
4.8871168 4.2763481 0.69437948 223060 201971
4.9638926 4.3402972 0.69462302 225690.02 204600.02
5.039157 4.4030016 0.6946043 228270.02 207176.02
5.1137518 4.4651726 0.69500914 230825 209732
5.1886802 4.5277165 0.69609782 233389 212305
5.2634279 4.5900908 0.69471267 235961 214857
5.3358426 4.6505779 0.6970699 238432.02 217352.02
5.4075993 4.7112268 0.70633304 240852 219877
5.4788293 4.7727295 0.71815521 243261.02 222421.02
5.5471931 4.8333226 0.73227052 245584 224906
5.614447 4.8948959 0.75039361 247879.02 227410.02
5.679746 4.9571143 0.77209483 250127.02 229909.02
5.7432591 5.0201873 0.79174721 252369.02 232378.02
5.8041508 5.0832046 0.81335476 254550.02 234809.02
5.8607497 5.1445266 0.83750661 256606 237145
5.9223393 5.2143208 0.85802357 258937.02 239713.02
5.9797004 5.2812662 0.86667072 261208 242082
6.0365635 5.3492083 0.88120347 263456 244497
6.092899 5.4186943 0.8978711 265714.02 246947.02
6.1481802 5.489116 0.91266261 267985 249388
6.201053 5.5590225 0.93384406 270169.02 251817.02
6.2526713 5.6306578 0.95895007 272347.02 254286.02
6.3028159 5.7036302 0.97851377 274564 256729
6.3537367 5.7801822 0.98913481 276923 259209
6.4036311 5.8570688 1.0012047 279266.02 261690.02
6.450679 5.9311075 1.00823 281535.02 264038.02
6.5014174 6.0106764 0.99805156 284080.02 266460.02
6.5514778 6.0872678 0.98573172 286562.02 268794.02
6.6009096 6.160764 0.97169687 288977 271041
6.6542956 6.2363092 0.93951044 291602.03 273285.02
6.7104744 6.3094128 0.89163302 294311 275429
6.7691565 6.3788672 0.84690573 296968.03 277558.02
6.8312687 6.445762 0.798002 299659 279672
6.8963143 6.5088575 0.74235826 302372.03 281729.02
6.9631927 6.5670658 0.69003487 305014 283754
7.0350611 6.6228231 0.62961658 307764.03 285792.02
7.1105585 6.6737918 0.55802809 310583.03 287768.02
7.1871756 6.7174489 0.47781793 313376 289617
7.2673853 6.7538994 0.37526428 316298 291333
7.3500501 6.7813268 0.26545771 319236.03 292980.01
7.4331758 6.7989146 0.15155303 322142 294547
7.5179237 6.8064092 0.024856145 325126 296042
7.6006437 6.8028346 -0.11122868 328105 297422
7.6791987 6.7884983 -0.24979757 331021.03 298710.01
7.7533516 6.7638528 -0.39195233 333913.03 299932.01
7.8220102 6.7297115 -0.53095665 336748.03 301134.01
7.8816078 6.6890656 -0.66613853 339441.03 302239.01
7.9328704 6.642705 -0.80431514 342072.03 303247.01
7.9748786 6.5919007 -0.95546273 344695 304095
8.0051547 6.5411429 -1.1104717 347161 304741
8.0248954 6.4914847 -1.274368 349530 305186
8.0347965 6.4453291 -1.4445969 351772.02 305430
8.0364229 6.405548 -1.6152751 353822.02 305477
8.0314134 6.3686963 -1.796536 355865.02 305393
8.0215781 6.3383605 -1.9720992 357735 305203
8.0075597 6.3118466 -2.1422126 359523 304995
7.9905323 6.2893567 -2.2954484 361165.01 304839
7.9710435 6.2701044 -2.429157 362671.01 304776
7.9495427 6.2535555 -2.5420591 364048.01 304828
7.9246242 6.2382503 -2.6395191 365390.01 305026
7.8992702 6.2255133 -2.7125928 366566.01 305344
7.8731844 6.2144409 -2.7677587 367636.01 305766.01
7.8457887 6.204292 -2.8058663 368629.01 306311.01
7.8169546 6.1946151 -2.8297288 369570.01 306971.01
7.787518 6.1852453 -2.8371314 370427 307740
7.7550707 6.1749256 -2.830197 371283.01 308676.01
7.720793 6.1635329 -2.811232 372123.01 309737.01
7.684917 6.1507106 -2.7854383 372975.01 310890.01
7.6476316 6.1362841 -2.7593829 373875 312094
7.6100688 6.1206601 -2.7354566 374806.01 313304.01
7.567487 6.101706 -2.7101469 375885 314678
7.5257446 6.0818362 -2.684497 376952 316044
7.4817119 6.0593077 -2.6528672 378069 317530
7.4355047 6.0336676 -2.6171326 379251.01 319129.02
7.3880754 6.005059 -2.5805376 380495 320800
7.3412751 5.9745881 -2.5483748 381777.01 322457.02
7.2946165 5.9420734 -2.5175736 383094 324133
7.2476902 5.9070368 -2.4829288 384433.01 325876.02
7.2004964 5.8690293 -2.44427 385802 327696
7.1536901 5.8283094 -2.4069705 387217 329546
7.1093342 5.7869144 -2.374451 388624 331332
7.061372 5.7392684 -2.3445522 390229 333285
7.0123142 5.6873564 -2.3113151 391915 335358
6.9647169 5.6335173 -2.2781619 393613 337442
6.9188907 5.5783366 -2.2495287 395334 339496
6.8725466 5.5194227 -2.2251488 397165 341610
6.8238198 5.4543864 -2.2024536 399172 343880
6.7761174 5.3881266 -2.1870909 401232.03 346117.03
6.7290912 5.3213196 -2.1811938 403349 348300
6.6807607 5.2525263 -2.1852664 405587.02 350487.02
6.6306779 5.1823923 -2.1965804 407923.02 352687.02
6.5802045 5.1135733 -2.210626 410253.02 354849.02
6.5256478 5.0413994 -2.2255075 412723.02 357141.02
6.4501575 4.945061 -2.2454006 416063.02 360243.02
6.393196 4.8747688 -2.2582355 418521.03 362547.03
6.3362621 4.8063733 -2.2717572 420944 364808
6.2781803 4.7386976 -2.2883486 423390.02 367056.02
6.217809 4.6702191 -2.2983666 425853 369398
6.1584157 4.6042014 -2.3084781 428251 371674
6.0987489 4.5395133 -2.3231972 430655 373902
6.0161337 4.4527703 -2.3404552 433911 376951
5.9530234 4.3885272 -2.3541442 436363 379239
5.8874156 4.324097 -2.3763546 438915 381527
5.819429 4.2601955 -2.3979637 441499 383854
5.7492033 4.1965887 -2.4132577 444084.03 386256.02
5.6777507 4.1343973 -2.4375054 446721 388605
5.6045413 4.0735641 -2.459023 449354.02 390982.02
5.5302273 4.013569 -2.4657866 451909 393454
5.4550936 3.9534689 -2.4680283 454456 395971
5.3803009 3.8941295 -2.4737687 457004.02 398448.02
5.3053918 3.8346907 -2.467911 459488.02 400997.02
5.2306165 3.7747508 -2.4638435 461988 403541
5.1571625 3.7157449 -2.4658359 464481 406007
5.0853546 3.6580854 -2.4642537 466897.02 408438.02
5.0150623 3.6012721 -2.4594366 469249 410843
4.9453869 3.544692 -2.4596529 471614.02 413202.02
4.8746384 3.4872054 -2.4588413 474010 415604
4.8041207 3.4290424 -2.4449815 476336 418089
4.7349303 3.3701816 -2.4283947 478631 420575
4.6681671 3.3114194 -2.4113025 480873 423014
4.6008511 3.2494902 -2.3843949 483124.02 425577.02
4.5366582 3.1869718 -2.354424 485308 428109
4.4738077 3.122465 -2.3319555 487548.02 430609.02
4.413231 3.0574475 -2.3097472 489758 433076
4.352651 2.9892197 -2.2840343 492010.02 435626.02
4.2962318 2.9227162 -2.2646454 494193.02 438033.02
4.2410361 2.8553432 -2.2496914 496399 440411
4.1882978 2.788696 -2.2307359 498526.02 442757.02
4.1370396 2.7212384 -2.2104171 500638.02 445104.02
4.0883057 2.6544371 -2.1917254 502706 447388
4.0402699 2.5860139 -2.1740539 504804 449690
3.9930795 2.5163379 -2.1581712 506927.02 451996.02
3.947786 2.4472038 -2.1434023 509017 454256
3.9032855 2.377127 -2.1297406 511123.02 456519.02
3.8592448 2.3056886 -2.1167583 513257 458802
3.8156065 2.2330265 -2.106502 515429 461091
3.7748771 2.1638288 -2.0990745 517500.02 463246.02
3.7335075 2.092256 -2.0907011 519628.02 465469.02
3.6926828 2.0202407 -2.0823275 521759 467695
3.6534822 1.9496006 -2.0725107 523829 469877
3.6170373 1.8818919 -2.056652 525761 471992
3.5803876 1.8097627 -2.0251741 527707.02 474304.02
3.5483216 1.7402031 -1.9803222 529461.02 476581.02
3.5186429 1.6658731 -1.9210472 531221.01 479033.02
3.4952697 1.593206 -1.8429392 532773 481498
3.4786645 1.520566 -1.7481213 534179.01 484013.02
3.4691882 1.4461588 -1.6468214 535560.02 486579.03
3.4674927 1.3715873 -1.5402362 536899.01 489165.02
3.4736948 1.2981704 -1.4328021 538209 491732
3.4872394 1.2272554 -1.3313402 539515.01 494225.02
3.5073195 1.1596113 -1.2331252 540797.01 496656.02
3.5329587 1.0963675 -1.1381583 542037.01 499007.02
3.566108 1.0326404 -1.0441186 543377 501447
3.6030636 0.97407972 -0.97157611 544775 503693
3.6443345 0.91758109 -0.90824117 546246 505904
3.6885672 0.86401079 -0.85292385 547751 508055
3.7341477 0.8141544 -0.80741933 549263.02 510098.02
3.7824975 0.76539129 -0.77188917 550863 512112
3.8328256 0.71756443 -0.7479538 552551 514078
3.8845169 0.67042283 -0.7308388 554293 516018
3.9357523 0.62513464 -0.71688423 556012 517898
3.986854 0.58137067 -0.69952222 557682 519769
4.0377225 0.53960253 -0.6754278 559274.02 521641.02
4.0936942 0.49652822 -0.63639489 560905 523727
4.1494005 0.45731971 -0.59020662 562428 525789
4.2071687 0.42050625 -0.54452876 563964 527858
4.2656432 0.38679828 -0.50132688 565488.01 529886.02
4.3254525 0.35544154 -0.46443581 567050.02 531878.02
4.388112 0.32505853 -0.43853863 568732 533861
4.4508303 0.29568847 -0.43737275 570549.02 535689.02
4.5125455 0.26655779 -0.44465244 572389 537441
4.5733073 0.23749678 -0.447586 574180.02 539195.02
4.6336857 0.20860388 -0.44506327 575928 540970
4.6932929 0.18025515 -0.44279942 577653 542719
4.7555408 0.15069028 -0.44402233 579475.02 544524.02
4.8170737 0.12148198 -0.44234849 581259 546325
4.879656 0.092044179 -0.43700431 583049.02 548175.02
4.9432961 0.062272271 -0.43813751 584906 550016
5.0257856 0.022723108 -0.45600037 587420 552317
5.0906756 -0.0098667692 -0.4748635 589443.02 554116.02
5.15234 -0.042086466 -0.48810823 591353.02 555868.02
5.2119648 -0.074217001 -0.50042088 593209 557577
5.2701284 -0.10660423 -0.51572232 595052.02 559238.01
5.3252131 -0.13848514 -0.53359134 596833 560807
5.378327 -0.17027182 -0.54498525 598530 562368
5.4302913 -0.2020523 -0.55280089 600180.02 563924.01
5.4816655 -0.23406277 -0.56164092 601826 565464
5.5317871 -0.26599548 -0.57287254 603457.02 566961.01
5.5798157 -0.29742026 -0.58590152 605045.01 568394.01
5.6216928 -0.32557304 -0.59784463 606444 569651
5.6614638 -0.35290552 -0.60638403 607765 570870
5.6961541 -0.37713044 -0.61281115 608917.01 571945.01
5.7276042 -0.39938898 -0.61899476 609968 572922
5.7564988 -0.42015887 -0.62749059 610955 573808
5.7835138 -0.43995996 -0.63752828 611896 574630
5.8087679 -0.4588513 -0.64697555 612782.01 575404.01
5.8324329 -0.47688284 -0.65523467 613614 576138
5.8547343 -0.49416382 -0.66324311 614404 576833
5.8754963 -0.5105142 -0.67091631 615145 577483
5.8946635 -0.5258189 -0.67671974 615825.01 578094.01
5.9124062 -0.54016577 -0.68321095 616464.01 578656.01
5.9297474 -0.55437389 -0.68961818 617092.01 579208
5.9459539 -0.5678081 -0.69466545 617676 579732
5.9610482 -0.5804408 -0.69903511 618220 580224
5.9746182 -0.59190399 -0.70383737 618716 580663
5.987528 -0.6029124 -0.70830124 619189 581083
5.9987927 -0.61259944 -0.71217508 619603 581451
6.0090294 -0.6214709 -0.7159679 619982 581785
6.0180618 -0.62935352 -0.71908371 620316 582082
6.0260411 -0.63636216 -0.72237455 620615 582342
6.0328176 -0.64235045 -0.72507361 620869 582564
6.0383177 -0.64723011 -0.72632856 621070 582750
6.0430147 -0.6514115 -0.7284398 621248 582903
6.0466699 -0.65467731 -0.72995863 621386 583023
6.0494579 -0.65717444 -0.73088437 621490 583116
6.0512538 -0.65878574 -0.73164391 621558 583175
6.0522147 -0.65964922 -0.73249242 621597 583204
6.0524973 -0.65990331 -0.73215007 621605 583216
6.052356 -0.65977631 -0.73215069 621600 583211
6.0521157 -0.65956041 -0.73206648 621591 583203
6.0519886 -0.65944613 -0.73198176 621586 583199
6.052031 -0.65948422 -0.73206685 621588 583200
6.0521157 -0.65956042 -0.73206648 621591 583203
6.052144 -0.65958582 -0.73206635 621592 583204
6.0521016 -0.65954773 -0.73198126 621590 583203
6.0521016 -0.65954773 -0.73198126 621590 583203
6.0521157 -0.65956042 -0.73206648 621591 583203
6.0521299 -0.65957313 -0.73198114 621591 583204
6.0521299 -0.65957313 -0.73198114 621591 583204
6.0521299 -0.65957313 -0.73198114 621591 583204
6.0521299 -0.65957313 -0.73198114 621591 583204
6.0521299 -0.65957313 -0.73198114 621591 583204
6.0521299 -0.65957313 -0.73198114 621591 583204
6.0521299 -0.65957313 -0.73198114 621591 583204
6.0521299 -0.65957313 -0.73198114 621591 583204
6.052144 -0.65958582 -0.73206635 621592 583204
6.052144 -0.65958582 -0.73206635 621592 583204
6.052144 -0.65958582 -0.73206635 621592 583204
6.052144 -0.65958582 -0.73206635 621592 583204
6.052144 -0.65958582 -0.73206635 621592 583204
6.0521582 -0.65959853 -0.73198101 621592 583205
6.052144 -0.65958582 -0.73206635 621592 583204
6.052144 -0.65958582 -0.73206635 621592 583204
6.052144 -0.65958582 -0.73206635 621592 583204
6.052144 -0.65958582 -0.73206635 621592 583204
6.052144 -0.65958582 -0.73206635 621592 583204
6.052144 -0.65958582 -0.73206635 621592 583204
6.0521582 -0.65959853 -0.73198101 621592 583205
6.0521582 -0.65959853 -0.73198101 621592 583205
6.0521582 -0.65959853 -0.73198101 621592 583205
6.0521582 -0.65959853 -0.73198101 621592 583205
6.0521723 -0.65961122 -0.73206623 621593 583205
6.0521581 -0.65959851 -0.73215157 621593 583204
6.0521582 -0.65959852 -0.73198101 621592 583205
6.0521582 -0.65959852 -0.73198101 621592 583205
6.0521582 -0.65959852 -0.73198101 621592 583205
6.0521582 -0.65959852 -0.73198101 621592 583205
6.0521582 -0.65959852 -0.73198101 621592 583205
6.0521582 -0.65959852 -0.73198101 621592 583205
6.0521723 -0.65961121 -0.73206623 621593 583205
6.0521723 -0.65961121 -0.73206623 621593 583205
6.0521864 -0.65962392 -0.73198089 621593 583206
6.0521723 -0.65961121 -0.73206623 621593 583205
6.0521723 -0.65961121 -0.73206623 621593 583205
6.0521723 -0.65961121 -0.73206623 621593 583205
6.0521723 -0.65961121 -0.73206623 621593 583205
6.0521723 -0.65961121 -0.73206623 621593 583205
6.052144 -0.65958581 -0.73206635 621592 583204
6.0521582 -0.65959852 -0.73198101 621592 583205
6.0521723 -0.65961121 -0.73206623 621593 583205
6.0521723 -0.65961121 -0.73206623 621593 583205
6.0521723 -0.65961121 -0.73206623 621593 583205
6.0521723 -0.65961121 -0.73206623 621593 583205
6.0521723 -0.65961121 -0.73206623 621593 583205
6.0521723 -0.65961123 -0.73189567 621592 583206
6.0521723 -0.65961123 -0.73189567 621592 583206
6.0521582 -0.65959852 -0.73198101 621592 583205
6.0521723 -0.65961121 -0.73206623 621593 583205
6.0521723 -0.65961121 -0.73206623 621593 583205
6.0521723 -0.65961121 -0.73206623 621593 583205
6.0521723 -0.65961121 -0.73206623 621593 583205
6.0521723 -0.65961121 -0.73206623 621593 583205
6.0521864 -0.65962392 -0.73198089 621593 583206
6.0521723 -0.65961121 -0.73206623 621593 583205
6.0521723 -0.65961121 -0.73206623 621593 583205
6.0521723 -0.65961121 -0.73206623 621593 583205
6.0521723 -0.65961121 -0.73206623 621593 583205
6.0521723 -0.65961121 -0.73206623 621593 583205
6.0521723 -0.65961121 -0.73206623 621593 583205
6.0521864 -0.65962392 -0.73198089 621593 583206
6.0521864 -0.65962392 -0.73198089 621593 583206
6.0521864 -0.65962392 -0.73198089 621593 583206
6.0521864 -0.65962392 -0.73198089 621593 583206
6.0521723 -0.65961121 -0.73206623 621593 583205
6.0521723 -0.65961121 -0.73206623 621593 583205
6.0521723 -0.65961121 -0.73206623 621593 583205
6.0521864 -0.65962392 -0.73198089 621593 583206
6.0521864 -0.65962392 -0.73198089 621593 583206
6.0521864 -0.65962392 -0.73198089 621593 583206
6.0521864 -0.65962392 -0.73198089 621593 583206
6.0521864 -0.65962392 -0.73198089 621593 583206
6.0521864 -0.65962392 -0.73198089 621593 583206
6.0521864 -0.6596239 -0.73215144 621594 583205
6.0521864 -0.6596239 -0.73215144 621594 583205
6.0522005 -0.65963661 -0.7320661 621594 583206
6.0522005 -0.65963661 -0.7320661 621594 583206
6.0521723 -0.65961121 -0.73206623 621593 583205
6.0521864 -0.6596239 -0.73215144 621594 583205
6.0521864 -0.6596239 -0.73215144 621594 583205
6.0521864 -0.6596239 -0.73215144 621594 583205
6.0521864 -0.6596239 -0.73215144 621594 583205
6.0521864 -0.65962392 -0.73198089 621593 583206
6.0521864 -0.65962392 -0.73198089 621593 583206
6.0521864 -0.65962392 -0.73198089 621593 583206
6.0522005 -0.65963661 -0.7320661 621594 583206
6.0522005 -0.65963661 -0.7320661 621594 583206
6.0521864 -0.65962392 -0.73198089 621593 583206
6.0521864 -0.65962392 -0.73198089 621593 583206
6.0522005 -0.65963661 -0.7320661 621594 583206
6.0522005 -0.65963661 -0.7320661 621594 583206
6.0522005 -0.65963661 -0.7320661 621594 583206
6.0522005 -0.65963661 -0.7320661 621594 583206
6.0522005 -0.65963661 -0.7320661 621594 583206
6.0522005 -0.65963661 -0.7320661 621594 583206
6.0522005 -0.65963661 -0.7320661 621594 583206
6.0522005 -0.65963661 -0.7320661 621594 583206
6.0522005 -0.65963661 -0.7320661 621594 583206
6.0522147 -0.65964934 -0.73181021 621593 583208
6.0523561 -0.65977632 -0.73129793 621595 583216
6.0525258 -0.65992858 -0.73146773 621602 583221
6.0528229 -0.66019508 -0.73104002 621610 583234
6.0540256 -0.661273 -0.73043778 621649 583280
6.057056 -0.66398407 -0.72923053 621749 583394
6.0622571 -0.66862857 -0.72861065 621929 583581
6.0693151 -0.67493024 -0.72909119 622181 583827
6.0793226 -0.68389011 -0.73134947 622548 584167
6.092716 -0.69596064 -0.73563926 623048.01 584616.01
6.1090693 -0.71084782 -0.74136532 623664.01 585164.01
6.1283036 -0.72860849 -0.74980685 624403.01 585803.01
6.1503005 -0.74933907 -0.76173127 625269 586528
6.1747002 -0.77294584 -0.77603146 626247.01 587337.01
6.2016412 -0.79984744 -0.79330259 627351.01 588237.01
6.2301967 -0.82934557 -0.80996697 628530.01 589219.01
6.2597162 -0.86086341 -0.82628309 629763 590259
6.2902666 -0.89453263 -0.84156854 631050 591365
6.3211646 -0.92962468 -0.8561677 632367.01 592509.01
6.3541118 -0.9682936 -0.87407898 633810 593740
6.3886844 -1.0105314 -0.89564508 635374.02 595049.01
6.4230968 -1.0543578 -0.91464876 636953 596403
6.4605152 -1.1038566 -0.93235281 638691.02 597931.02
6.4990381 -1.1566986 -0.94936332 640513 599551
6.5373201 -1.2113243 -0.96969547 642389 601186
6.5752091 -1.2678553 -0.99096139 644306.02 602851.02
6.6140051 -1.3282666 -1.0088889 646302 604634
6.6514539 -1.3882967 -1.0171837 648214 606446
6.6892894 -1.4500757 -1.0253877 650170 608303
6.7268212 -1.5127266 -1.0367449 652160 610157
6.7634558 -1.5753571 -1.046313 654127 612009
6.7994647 -1.6374965 -1.0448828 656010 613906
6.8353707 -1.6991035 -1.0413223 657867.02 615802.02
6.8705874 -1.7593066 -1.0416897 659706 617634
6.9055179 -1.8191062 -1.0425704 661535.02 619450.02
6.9387655 -1.8758844 -1.0395396 663250.02 621198.02
6.9735745 -1.9344997 -1.030276 664991.02 623045.02
7.0064521 -1.9890224 -1.0260586 666643.02 624744.02
7.0377757 -2.0407541 -1.026627 668239.02 626331.02
7.0695199 -2.0931418 -1.0254021 669845.01 627949.02
7.1008358 -2.1443893 -1.0191498 671390 629565
7.131975 -2.19423 -1.0055678 672858.01 631190.02
7.1634354 -2.2428536 -0.98746915 674277.01 632819.02
7.1959596 -2.2910473 -0.96681162 675687 634469
7.2293574 -2.3380378 -0.93899191 677042.01 636148.02
7.2653994 -2.3852998 -0.89956944 678376 637942
7.3039379 -2.4311514 -0.8441125 679628.01 639842.02
7.3440029 -2.4734787 -0.78158351 680796.01 641741.02
7.3871472 -2.5137559 -0.72050179 681992.01 643651.02
7.4302 -2.5493606 -0.66147764 683117 645466
7.4735577 -2.5812721 -0.60749048 684218.01 647198.02
7.5150128 -2.6086368 -0.55940202 685244 648786
7.5535589 -2.6317052 -0.51917418 686191 650203
7.5906383 -2.6519434 -0.48006333 687074.01 651543.01
7.6281407 -2.6704184 -0.43541179 687913 652904
7.6638742 -2.6861698 -0.39494707 688704.01 654168.01
7.6981195 -2.6996656 -0.35585455 689444.01 655365.01
7.7300564 -2.7108672 -0.31881846 690118.01 656472.01
7.7603235 -2.7203419 -0.28792929 690772.01 657487.01
7.7892483 -2.7285297 -0.26378254 691422.01 658419.01
7.8199587 -2.7367337 -0.25830572 692227.01 659287.01
7.8556394 -2.7464864 -0.27532478 693301.01 660160.01
7.8953513 -2.7584998 -0.3121984 694610.01 661035.01
7.9403968 -2.7742487 -0.36047839 696150.02 662007.01
7.989704 -2.7939502 -0.39978673 697779.02 663173.01
8.0401694 -2.8164733 -0.4397702 699469.02 664392.01
8.0889024 -2.8407512 -0.48461709 701166.02 665561.01
8.1349787 -2.8664025 -0.53134565 702829.01 666674.01
8.1765232 -2.892046 -0.57467564 704369 667704
8.2174379 -2.9197492 -0.61570163 705911 668763
8.2554573 -2.9477659 -0.65443272 707382.01 669778.01
8.2917687 -2.976759 -0.69316557 708833 670773
8.3260233 -3.0063276 -0.73105037 710247.01 671741.01
8.3579273 -3.0360134 -0.7677461 711610 672672
8.3871064 -3.0651339 -0.80103918 712891.01 673561.01
8.4138782 -3.0936515 -0.83288919 714108.01 674403.01
8.4388393 -3.1220173 -0.86542547 715294 675206
8.4621664 -3.150328 -0.89779514 716450 675981
8.4837857 -3.1783483 -0.92948685 717568 676726
8.5043013 -3.2067661 -0.96152109 718679.01 677460.01
8.5240116 -3.2360002 -0.99363956 719796.01 678199.01
8.5433365 -3.2665086 -1.0186771 720894 679002
8.5628394 -3.2987858 -1.0358642 721988.01 679893.01
8.5836326 -3.3342314 -1.0446829 723122 680922
8.6055575 -3.3720327 -1.0457329 724279.01 682065.01
8.6285966 -3.4115161 -1.0394426 725446 683304
8.653774 -3.4535788 -1.0234196 726643.01 684687.01
8.6798565 -3.4952883 -1.0004891 727804 686115
8.7077573 -3.5374116 -0.97107258 728962.01 687616.02
8.7379471 -3.580039 -0.93806927 730144.01 689183.02
8.7707953 -3.6233559 -0.90591167 731387.01 690801.02
8.8062281 -3.6672541 -0.87749974 732706 692451
8.8448201 -3.7124816 -0.85129447 734118.01 694168.02
8.8871956 -3.7596212 -0.82584424 735638 695984
8.9327947 -3.8079773 -0.803624 737258.02 697862.02
8.9799811 -3.8561759 -0.78839341 738945.02 699725.02
9.0301486 -3.906179 -0.77912107 740756 701642
9.0833331 -3.9581303 -0.76821683 742650 703661
9.1377332 -4.0101086 -0.75705382 744566 705705
9.1924286 -4.0613882 -0.74930273 746495.02 707722.02
9.2491164 -4.114039 -0.74768374 748523.02 709766.02
9.3079195 -4.1686541 -0.7492957 750646 711867
9.3674501 -4.2241617 -0.75158614 752803 713994
9.4257015 -4.2788668 -0.75643976 754936 716067
9.4836728 -4.3340618 -0.76530105 757096.02 718120.02
9.544154 -4.3928114 -0.77645053 759382 720272
9.6040358 -4.4522551 -0.78700307 761666.02 722429.02
9.6629035 -4.5117964 -0.79516983 763919 724583
9.7227248 -4.5731987 -0.80170985 766215 726799
9.7832168 -4.6356738 -0.80133833 768503.02 729088.02
9.8426921 -4.6966986 -0.79517388 770711 731365
9.9021264 -4.7568878 -0.78824384 772898.02 733630.02
9.9655527 -4.8200727 -0.77873931 775200.02 736040.02
10.028201 -4.8810684 -0.76531909 777424 738418
10.089078 -4.938783 -0.75216618 779556.02 740701.02
10.150784 -4.9959717 -0.74267946 781716.02 742969.02
10.214991 -5.0545103 -0.73582726 783964.02 745294.02
10.279493 -5.1126638 -0.73153349 786226 747603
10.341685 -5.1684434 -0.73066163 788421 749805
10.404082 -5.2245348 -0.73379661 790649.02 751993.02
10.466011 -5.280519 -0.7362507 792862 754174
10.525064 -5.3340205 -0.73598847 794959 756271
10.58492 -5.3879667 -0.73103302 797052.02 758419.02
10.646061 -5.4424436 -0.72462359 799171.02 760610.02
10.710092 -5.4985561 -0.71453661 801354.02 762908.02
10.772843 -5.5525493 -0.70650404 803487.02 765132.02
10.83505 -5.6053656 -0.70137475 805606.02 767308.02
10.898851 -5.6590905 -0.69837144 807785 769519
10.963331 -5.7131885 -0.69775335 809998 771736
11.025464 -5.7652965 -0.69799815 812135 773867
11.088788 -5.8184669 -0.69891991 814318 776036
11.153414 -5.8728936 -0.70094435 816555.02 778246.02
11.217195 -5.9268481 -0.70331301 818769.02 780429.02
11.279394 -5.9797587 -0.70645532 820938 782558
11.343214 -6.0344283 -0.71018677 823173 784746
11.406792 -6.0892644 -0.71323626 825402 786936
11.467707 -6.1420976 -0.7156998 827540.02 789042.02
11.526654 -6.1935725 -0.71996189 829626.02 791075.02
11.585842 -6.2455789 -0.7218345 831712 793136
11.646093 -6.2982501 -0.71491957 833779 795281
11.705355 -6.349018 -0.70178588 835757.02 797410.02
11.76702 -6.4004734 -0.6889859 837797.02 799597.02
11.830643 -6.4520912 -0.6742194 839868 801838
11.894164 -6.5020415 -0.6585184 841904 804055
11.95947 -6.5516074 -0.63991413 843954 806320
12.024634 -6.5987853 -0.61338418 845917 808591
12.096865 -6.6479648 -0.5821412 848035 811072
12.169625 -6.6944806 -0.55550654 850153 813499
12.243033 -6.7387281 -0.52938539 852257.02 815906.02
12.31832 -6.7813407 -0.50070359 854367.02 818349.02
12.396128 -6.8225133 -0.47269906 856521.02 820828.02
12.472565 -6.8605729 -0.4512694 858644.02 823199.02
12.55158 -6.8974878 -0.42284109 860774.02 825659.02
12.631693 -6.9320997 -0.39279244 862896.02 828130.02
12.711905 -6.9642949 -0.37059212 865042 830533
12.793965 -6.9955708 -0.35768219 867279 832918
12.877443 -7.0258161 -0.33752055 869499 835371
12.959835 -7.054057 -0.32290739 871707.02 837747.02
13.042912 -7.0815674 -0.31665001 873975.02 840085.02
13.126109 -7.1084039 -0.30740837 876223 842438
13.209474 -7.1340218 -0.28887207 878411.02 844840.02
13.293443 -7.1584692 -0.27775423 880649 847205
13.377822 -7.1822503 -0.27166681 882922.02 849546.02
13.462254 -7.205202 -0.25918434 885153.02 851920.02
13.545983 -7.2269436 -0.24892239 887371 854255
13.629206 -7.2480593 -0.24804291 889627 856518
13.714839 -7.2697955 -0.24911655 891960.02 858835.02
13.797865 -7.290758 -0.245509 894194 861108
13.882987 -7.3124171 -0.25280971 896550.02 863375.02
13.968039 -7.3350931 -0.2682962 898959.02 865599.02
14.052854 -7.359064 -0.28258848 901364.02 867833.02
14.138565 -7.3847119 -0.29892309 903816.02 870090.02
14.222976 -7.4119727 -0.32583416 906310 872265
14.306539 -7.4412288 -0.3477149 908770.03 874465.03
14.388335 -7.471574 -0.36277758 911156.02 876671.02
14.468624 -7.5028857 -0.38091355 913532 878831
14.548545 -7.5362231 -0.40945207 915980 880941
14.628928 -7.5723679 -0.43568329 918455.02 883105.02
14.708763 -7.610772 -0.46106008 920937.02 885286.02
14.787627 -7.6515838 -0.49402569 923469.02 887428.02
14.863452 -7.693802 -0.52205185 925919.02 889546.02
14.937724 -7.7375464 -0.5424902 928309 891693
15.016441 -7.786031 -0.56162923 930856.02 894012.02
15.090341 -7.8336046 -0.58231799 933292.02 896202.02
15.163288 -7.8824219 -0.59720823 935691 898423
15.235621 -7.9323489 -0.6110751 938087.03 900653.03
15.307701 -7.9837251 -0.62741255 940514 902885
15.378483 -8.0359546 -0.64400784 942928 905101
15.447957 -8.088976 -0.65975223 945322 907307
15.515799 -8.1426449 -0.67882557 947712.02 909470.02
15.582233 -8.1974783 -0.70122566 950112.02 911604.02
15.64647 -8.2529399 -0.72320336 952476 913707
15.709661 -8.3097063 -0.74057608 954815 915839
15.774775 -8.3696419 -0.74744807 957186 918126
15.838199 -8.4281336 -0.74247393 959429 920424
15.903939 -8.4876709 -0.72939056 961688 922833
15.97292 -8.548056 -0.70870755 963981.02 925365.02
16.043459 -8.6071761 -0.68640334 966274.02 927916.02
16.112769 -8.6629115 -0.66811728 968509.02 930362.02
16.182911 -8.7172241 -0.6496616 970737 932803
16.252942 -8.7695193 -0.63317131 972942.02 935198.02
16.320551 -8.8185634 -0.62198104 975076.02 937460.02
16.391362 -8.8687167 -0.61052427 977294.02 939809.02
16.464344 -8.9193456 -0.60247187 979586 942192
16.539587 -8.9708477 -0.59799319 981961.02 944616.02
16.615057 -9.0219119 -0.59172402 984324 947049
16.6928 -9.073581 -0.58143946 986722 949564
16.771673 -9.1249499 -0.57311364 989152.02 952088.02
16.849798 -9.1749898 -0.56624201 991555.02 954568.02
16.927658 -9.2239934 -0.55724108 993925.02 957040.02
17.009742 -9.2748758 -0.55257426 996441.02 959607.02
17.090069 -9.324733 -0.55840304 998965.02 962059.02
17.171575 -9.3758909 -0.56260597 1001524 964565
17.254748 -9.4285778 -0.56671644 1004141 967130.02
17.337945 -9.4820703 -0.57611238 1006801 969676
17.419021 -9.5350661 -0.58176305 1009385 972190.03
17.503327 -9.5908233 -0.58688806 1012077 974818
17.586322 -9.6467327 -0.59875344 1014782 977380.02
17.669042 -9.7040514 -0.61317497 1017517 979942
17.751348 -9.763145 -0.63219954 1020297 982495.02
17.830097 -9.8222336 -0.65524136 1023025 984949.02
17.907005 -9.8828719 -0.68007541 1025750 987379
17.983187 -9.9462208 -0.7072939 1028519 989825.02
18.058641 -10.012065 -0.72768646 1031276 992339.02
18.132465 -10.078489 -0.73767802 1033950 994892
18.205027 -10.144471 -0.73820803 1036536 997468
18.28257 -10.213786 -0.72063988 1039172 1000306
18.358723 -10.278717 -0.69140142 1041636 1003109
18.43804 -10.34193 -0.65439905 1044090 1005993
18.521056 -10.403004 -0.61415008 1046568 1008939
18.606563 -10.46091 -0.57637381 1049066 1011876
18.694485 -10.515725 -0.53859676 1051573 1014822
18.787461 -10.569355 -0.50779979 1054219 1017825
18.880528 -10.619703 -0.4840002 1056866 1020747
18.97579 -10.667824 -0.45150001 1059486 1023744
19.073775 -10.713467 -0.42035911 1062150 1026769
19.173014 -10.755836 -0.38666068 1064794 1029804
19.273944 -10.793896 -0.33454329 1067329 1032946
19.378369 -10.827357 -0.28566004 1069930 1036116
19.48312 -10.854663 -0.22433103 1072421 1039322
19.587103 -10.874399 -0.15081539 1074777 1042536
19.694913 -10.886465 -0.072088404 1077172 1045850
19.804996 -10.889866 0.010310112 1079589 1049229
19.912809 -10.884433 0.090398989 1081962 1052537
20.020955 -10.870259 0.17023568 1084366 1055873
20.129392 -10.847419 0.24496085 1086846 1059225
20.235175 -10.81711 0.31311854 1089344 1062518
20.337952 -10.779816 0.3830634 1091813 1065803
20.437615 -10.735879 0.44737989 1094304 1069044
20.535165 -10.685172 0.5113581 1096824 1072310
20.627982 -10.628765 0.58078956 1099277 1075573
20.716779 -10.566154 0.64749233 1101747 1078821
20.802108 -10.496918 0.71581875 1104240 1082111
20.879666 -10.424676 0.78404774 1106631 1085298
20.951703 -10.347314 0.85798994 1108981 1088511
21.016708 -10.266994 0.92279848 1111322 1091608
21.079118 -10.179665 0.97781402 1113826 1094753
21.137182 -10.089458 1.0199526 1116404 1097821
21.191179 -9.9995886 1.0395701 1119050 1100693
21.24488 -9.9094379 1.0275503 1121884 1103382
21.317398 -9.7923293 1.0051495 1125643 1106873
21.374681 -9.7051188 0.97411109 1128573 1109435
21.434422 -9.620596 0.93693 1131517 1111939
21.496605 -9.5385413 0.90767749 1134400 1114475
21.559396 -9.4610439 0.87201901 1137236 1116889
21.626054 -9.3844139 0.83773128 1140112 1119359
21.695341 -9.3100459 0.80378457 1142988 1121833
21.768768 -9.2370173 0.76157235 1145963 1124309
21.843151 -9.1692915 0.71559778 1148882 1126685
21.919533 -9.1057444 0.67226356 1151753 1129044
21.999496 -9.0445189 0.63464689 1154626 1131472
22.079905 -8.9872523 0.6030783 1157411 1133883
22.162449 -8.9321087 0.57483714 1160191 1136328
22.246146 -8.8790125 0.55580571 1162913 1138823
22.327933 -8.8282286 0.5555256 1165450 1141353
22.415204 -8.7739947 0.55654607 1168150 1144061
22.501067 -8.7197649 0.57009802 1170745 1146811
22.583881 -8.6655304 0.5895259 1173238 1149528
22.665291 -8.6101234 0.605626 1175737 1152212
22.750722 -8.5499389 0.62183153 1178394 1155055
22.833195 -8.4896109 0.64126958 1180971 1157856
22.915945 -8.4267301 0.65832581 1183608 1160689
22.998059 -8.3619697 0.67726048 1186251 1163550
23.079546 -8.2949179 0.69977969 1188898 1166457
23.159 -8.2263395 0.72434342 1191518 1169361
23.236683 -8.1556456 0.75231869 1194120 1172287
23.313606 -8.0815281 0.78132317 1196763 1175266
23.389038 -8.0043686 0.81212227 1199424 1178284
23.462009 -7.9252675 0.83925324 1202099 1181273
23.532089 -7.8457873 0.85708369 1204785 1184164
23.602492 -7.7623194 0.88311126 1207508 1187188
23.671234 -7.6766726 0.90581517 1210267 1190209
23.73635 -7.5913732 0.93175107 1212941 1193183
23.800846 -7.5012869 0.96716473 1215651 1196304
23.862355 -7.4082013 1.0065887 1218358 1199469
23.918752 -7.3140945 1.0552164 1220962 1202639
23.968709 -7.2191107 1.117992 1223420 1205829
24.014667 -7.1177128 1.1725085 1226032 1209076
24.056136 -7.0101279 1.2332643 1228712 1212464
24.090885 -6.9013661 1.2898373 1231387 1215798
24.119525 -6.7921366 1.3389013 1234073 1219055
24.142971 -6.6776166 1.3988091 1236800 1222480
24.158883 -6.5659709 1.459642 1239413 1225802
24.16801 -6.4497183 1.5252617 1242099 1229253
24.169505 -6.3333621 1.5906263 1244780 1232696
24.162946 -6.2184756 1.6650249 1247374 1236158
24.147525 -6.1034049 1.743008 1249974 1239668
24.124072 -5.9922794 1.8145884 1252545 1243074
24.093229 -5.885978 1.8917868 1255007 1246437
24.053851 -5.7797767 1.9599538 1257590 1249815
24.007237 -5.6750254 2.0190019 1260263 1253176
23.954127 -5.5713636 2.0695274 1263034 1256535
23.897042 -5.4701435 2.0990747 1265921 1259764
23.835886 -5.3682836 2.12394 1268904 1263034
23.773525 -5.2699809 2.1482859 1271827 1266238
23.70814 -5.1725626 2.1755339 1274757 1269483
23.639883 -5.0770855 2.2073876 1277661 1272756
23.57035 -4.9871969 2.2509964 1280398 1276000
23.497435 -4.9011957 2.2970757 1283097 1279235
23.420278 -4.8182247 2.3427304 1285813 1282482
23.339085 -4.7388438 2.3922235 1288513 1285758
23.254411 -4.6632172 2.4329332 1291264 1288982
23.168025 -4.5911473 2.4596539 1294070 1292097
23.078885 -4.5213347 2.494734 1296846 1295280
22.990584 -4.4561994 2.5173521 1299603 1298298
22.898965 -4.3921614 2.5457762 1302380 1301404
22.806864 -4.3318886 2.5784582 1305087 1304490
22.715606 -4.2754983 2.5977426 1307799 1307424
22.626118 -4.2225686 2.6171867 1310423 1310272
22.536915 -4.1718 2.6311686 1313044 1313053
22.442729 -4.1193124 2.6351903 1315860 1315912
22.351429 -4.0689478 2.6397973 1318579 1318681
22.262357 -4.020094 2.6400463 1321253 1321354
22.172549 -3.9702519 2.6298098 1324018 1323995
22.083687 -3.9190541 2.6079756 1326847 1326564
21.998843 -3.8672296 2.5785412 1329638 1329006
21.915304 -3.8124891 2.5445032 1332468 1331433
21.836525 -3.7577561 2.5242675 1335113 1333837
21.752816 -3.6989266 2.5337288 1337752 1336583
21.671079 -3.6418553 2.5303899 1340397 1339185
21.590876 -3.5844588 2.5105036 1343111 1341662
21.506738 -3.5205002 2.4727331 1346116 1344220
21.424347 -3.4514057 2.4147578 1349288 1346708
21.348125 -3.3796011 2.3572848 1352383 1349125
21.27158 -3.3002554 2.3191875 1355510 1351801
21.199697 -3.2197215 2.2798042 1358584 1354409
21.131063 -3.1363019 2.2387153 1361670 1357009
21.066526 -3.0510032 2.1983047 1364724 1359585
21.008656 -2.9678838 2.1596666 1367618 1362022
20.938178 -2.8561612 2.107486 1371403 1365190
20.890494 -2.7723176 2.0683204 1374173 1367497
20.847326 -2.6892593 2.0318738 1376852 1369745
20.807836 -2.6057365 1.9930363 1379513 1371947
20.772529 -2.5223176 1.9493316 1382155 1374073
20.740991 -2.4389423 1.9155143 1384701 1376219
20.713255 -2.3573711 1.8816019 1387169 1378286
20.688618 -2.2745945 1.8385656 1389696 1380305
20.668233 -2.1939575 1.7982477 1392123 1382256
20.650089 -2.1091091 1.7646781 1394605 1384341
20.635632 -2.0276454 1.7281965 1396998 1386303
20.624345 -1.9459498 1.6879612 1399406 1388236
20.616454 -1.8675226 1.6541955 1401680 1390111
20.61117 -1.7917499 1.626645 1403842 1391947
20.608032 -1.7137303 1.5953499 1406082 1393817
20.606645 -1.6328245 1.5805225 1408300 1395858
20.604906 -1.5535168 1.6049166 1410246 1398087
20.599936 -1.4736357 1.6609509 1412025 1400520
20.590032 -1.393715 1.7272206 1413757 1403026
20.574887 -1.3140611 1.7901651 1415523 1405527
20.55305 -1.2316986 1.8697536 1417300 1408234
20.525399 -1.1546041 1.960587 1418924 1410920
20.490304 -1.0797806 2.0581597 1420528 1413665
20.446915 -1.0076813 2.1669084 1422106 1416515
20.397138 -0.94213495 2.2736897 1423647 1419305
20.336328 -0.87687523 2.3681286 1425442 1422204
20.269603 -0.81643064 2.4429562 1427374 1425010
20.198158 -0.75931009 2.491353 1429499 1427699
20.124149 -0.70459579 2.518603 1431763 1430279
20.047261 -0.65043127 2.5371617 1434131 1432861
19.968536 -0.59661597 2.5467707 1436586 1435425
19.889626 -0.54274009 2.5383017 1439152 1437888
19.80965 -0.48762687 2.5381097 1441711 1440441
19.7298 -0.43310343 2.5468702 1444206 1443035
19.649876 -0.37950086 2.5547765 1446694 1445612
19.571242 -0.32787085 2.5664279 1449103 1448154
19.48756 -0.2756604 2.6011192 1451497 1450951
19.405999 -0.22821756 2.6283769 1453822 1453592
19.324504 -0.18331978 2.6476997 1456159 1456152
19.241573 -0.1394814 2.6629318 1458540 1458708
19.15937 -0.09672093 2.6609343 1460992 1461133
19.074831 -0.051628062 2.6422328 1463625 1463543
18.986008 -0.0021304385 2.6241477 1466409 1466111
18.900025 0.047443197 2.6130474 1469088 1468656
18.814133 0.098345836 2.600158 1471793 1471206
18.728072 0.15055251 2.5924733 1474489 1473808
18.645209 0.20118476 2.5937308 1477039 1476369
18.557247 0.25549121 2.5832409 1479823 1479026
18.472421 0.30872546 2.5790509 1482485 1481635
18.389369 0.36096184 2.5812499 1485056 1484228
18.306721 0.41308948 2.5765401 1487657 1486770
18.224244 0.46566789 2.571575 1490262 1489313
18.139061 0.5194793 2.5847832 1492838 1492040
18.052783 0.57264982 2.593815 1495454 1494758
17.966346 0.62475623 2.6043804 1498050 1497474
17.877832 0.67630504 2.6240752 1500632 1500283
17.79058 0.7254255 2.6336145 1503213 1502972
17.706978 0.7717684 2.6372549 1505709 1505507
17.618683 0.81998891 2.6461989 1508306 1508205
17.534861 0.86533786 2.645148 1510822 1510705
17.451908 0.91057237 2.6395749 1513343 1513157
17.368418 0.95652432 2.6373302 1515866 1515650
17.28561 1.0024954 2.6322695 1518390 1518111
17.20099 1.0502477 2.6233794 1521001 1520614
17.109509 1.1024246 2.623129 1523776 1523382
17.021069 1.1527623 2.6251694 1526444 1526070
16.933707 1.2025711 2.6216629 1529113 1528694
16.844735 1.2534348 2.6228531 1531805 1531396
16.760866 1.3007817 2.632465 1534285 1533985
16.671815 1.3509254 2.6250411 1537020 1536629
16.586716 1.3996758 2.6176891 1539646 1539165
16.503106 1.448312 2.6117821 1542228 1541674
16.421094 1.4970379 2.5992193 1544814 1544109
16.337858 1.547711 2.5902449 1547433 1546619
16.249927 1.6016719 2.5921194 1550139 1549343
16.163951 1.6542773 2.5928775 1552789 1551998
16.07692 1.7073097 2.5957713 1555456 1554695
15.989523 1.7595896 2.609239 1558059 1557452
15.902044 1.8102322 2.6244098 1560632 1560199
15.815079 1.8586268 2.6431573 1563143 1562926
15.721082 1.9074676 2.6816244 1565707 1565937
15.628492 1.9516339 2.7113824 1568234 1568809
15.533706 1.9938923 2.733043 1570840 1571665
15.438638 2.0340174 2.7513758 1573450 1574486
15.345386 2.0718258 2.7614286 1576041 1577191
15.246283 2.1108061 2.772268 1578782 1580055
15.144714 2.1488864 2.7935179 1581514 1583032
15.044271 2.1840522 2.8161254 1584184 1585963
14.940169 2.2176318 2.8430061 1586907 1588997
14.835415 2.2480577 2.8748325 1589593 1592052
14.730866 2.2746012 2.9110886 1592221 1595101
14.623065 2.297586 2.9519581 1594884 1598239
14.510828 2.3163653 2.9996612 1597601 1601511
14.399835 2.3291444 3.0542648 1600223 1604769
14.285782 2.3362131 3.1051246 1602934 1608072
14.170453 2.3374663 -3.1268568 1605671 1611405
14.051275 2.3318562 -3.0622504 1608434 1614921
13.933874 2.3194643 -3.0106106 1611240 1618328
13.815717 2.3002614 -2.9503525 1614039 1621829
13.699086 2.2741591 -2.8924833 1616847 1625311
13.584284 2.2416125 -2.8381958 1619671 1628767
13.47058 2.2021033 -2.7761446 1622477 1632296
13.355244 2.1543314 -2.721668 1625445 1635898
13.242272 2.1003318 -2.6697493 1628438 1639495
13.134489 2.0420369 -2.6218465 1631384 1642998
13.029026 1.9784598 -2.5763301 1634360 1646503
12.922829 1.9083625 -2.5400102 1637498 1650062
12.824468 1.838226 -2.5043081 1640470 1653448
12.723944 1.7612669 -2.472083 1643615 1656966
12.627233 1.6823083 -2.4417404 1646725 1660427
12.535489 1.6018551 -2.4015996 1649703 1663871
12.448668 1.5200006 -2.3696545 1652658 1667196
12.365 1.435191 -2.3291824 1655558 1670566
12.281921 1.3437309 -2.2872465 1658566 1674061
12.205194 1.2523711 -2.2514641 1661498 1677408
12.132616 1.158881 -2.2103977 1664374 1680761
12.063829 1.0635738 -2.1815283 1667300 1684021
11.99606 0.96502197 -2.164847 1670352 1687264
11.930363 0.86635155 -2.1515802 1673396 1690459
11.865535 0.76804318 -2.1559681 1676523 1693530
11.800789 0.67068289 -2.1593355 1679622 1696585
11.73788 0.5768933 -2.16391 1682623 1699528
11.67472 0.48410016 -2.172921 1685632 1702427
11.614072 0.39661364 -2.181013 1688483 1705179
11.547192 0.30303469 -2.2016128 1691633 1708083
11.48008 0.21334638 -2.2247804 1694719 1710893
11.414732 0.12979458 -2.2443009 1697627 1713568
11.343202 0.042974177 -2.2755683 1700773 1716343
11.272033 -0.03819325 -2.3057418 1703793 1719005
11.199866 -0.1165534 -2.3244082 1706708 1721697
11.127633 -0.19153262 -2.3506716 1709604 1724281
11.053111 -0.26567746 -2.3667842 1712467 1726951
10.979603 -0.33689418 -2.3772776 1715224 1729581
10.906093 -0.40584927 -2.3990326 1718006 1732104
10.83428 -0.47021645 -2.4225924 1720684 1734502
10.757501 -0.53642089 -2.4374382 1723441 1737081
10.682209 -0.59914616 -2.4565587 1726134 1739546
10.606786 -0.65991352 -2.4702252 1728765 1742013
10.532271 -0.7190822 -2.4707649 1731274 1744512
10.456097 -0.77927905 -2.4748798 1733855 1747041
10.382981 -0.83622925 -2.4848079 1736354 1749420
10.308657 -0.89345291 -2.4861195 1738832 1751879
10.235266 -0.94989484 -2.4859001 1741269 1754315
10.162923 -1.0054572 -2.4873907 1743680 1756705
10.090587 -1.0611217 -2.4840204 1746064 1759125
10.020172 -1.1157934 -2.478781 1748381 1761500
9.9491094 -1.1710833 -2.481981 1750771 1763849
9.8787566 -1.2255227 -2.484076 1753126 1766176
9.8075305 -1.2811638 -2.4727779 1755440 1768619
9.7376628 -1.337207 -2.4583271 1757714 1771059
9.6689825 -1.3938937 -2.4448163 1759980 1773480
9.601527 -1.4521559 -2.4135671 1762144 1776007
9.5334582 -1.515624 -2.3687465 1764332 1778717
9.4685624 -1.5818006 -2.324098 1766511 1781416
9.4062938 -1.6517349 -2.2724534 1768674 1784181
9.3472591 -1.726323 -2.2081823 1770802 1787059
9.2941684 -1.8027642 -2.1475008 1772897 1789862
9.2417782 -1.8893509 -2.0823575 1775180 1792905
9.1948097 -1.9804943 -2.0108994 1777461 1796020
9.1560199 -2.0712283 -1.9386857 1779636 1799038
9.1219323 -2.1721127 -1.8545936 1781947 1802331
9.0969267 -2.2737847 -1.7693134 1784204 1805584
9.0814005 -2.3766383 -1.6719272 1786372 1808890
9.076548 -2.4827545 -1.5610582 1788519 1812333
9.0830402 -2.586667 -1.455741 1790643 1815688
9.1015238 -2.6941087 -1.3451186 1792865 1819203
9.1310442 -2.7975134 -1.2403011 1795082 1822645
9.1700779 -2.8970591 -1.1539052 1797391 1825963
9.2196962 -2.9980579 -1.0743983 1799888 1829388
9.2751838 -3.0933442 -1.012551 1802429 1832650
9.337361 -3.1864 -0.95095469 1805015 1835954
9.404761 -3.2757225 -0.89779969 1807650 1839208
9.4768359 -3.3610931 -0.84149049 1810262 1842476
9.5523068 -3.4403065 -0.7776847 1812769 1845727
9.6346402 -3.5168963 -0.72086153 1815397 1849017
9.7208509 -3.5883802 -0.6636993 1818011 1852297
9.8095312 -3.6540052 -0.61046427 1820604 1855510
9.8997143 -3.7137759 -0.56013617 1823158 1858650
9.9929757 -3.7692537 -0.51313268 1825740 1861779
10.089992 -3.8211301 -0.46893862 1828378 1864931
10.188867 -3.868887 -0.43097039 1831047 1868041
10.286891 -3.912377 -0.40418174 1833714 1871018
10.387108 -3.9536885 -0.37781563 1836414 1874023
10.489889 -3.9928046 -0.34948326 1839144 1877081
10.590507 -4.0284997 -0.33233243 1841855 1879989
10.689725 -4.06131 -0.30640555 1844455 1882889
10.788335 -4.091194 -0.28210373 1847026 1885741
10.88542 -4.1184332 -0.26497241 1849581 1888493
10.980294 -4.1431562 -0.24486538 1852045 1891189
11.071335 -4.1647927 -0.22178866 1854374 1893785
11.164375 -4.1850917 -0.20783098 1856800 1896371
11.254282 -4.2032095 -0.18987686 1859110 1898888
11.341863 -4.219024 -0.16741214 1861322 1901360
11.427167 -4.2328221 -0.15331299 1863515 1903715
11.51284 -4.2455961 -0.14270957 1865734 1906055
11.598035 -4.2575657 -0.13645709 1867963 1908354
11.681333 -4.2693681 -0.14504932 1870229 1910516
11.764355 -4.2829411 -0.17905382 1872644 1912529
11.846383 -4.2998914 -0.22849397 1875140 1914442
11.924552 -4.3206253 -0.29005406 1877631 1916208
12.001282 -4.346586 -0.36244324 1880189 1917914
12.078228 -4.3793776 -0.44326595 1882866 1919640
12.150165 -4.4166939 -0.51377816 1885414 1921358
12.219607 -4.4585525 -0.57115868 1887886 1923154
12.287734 -4.5041802 -0.6090924 1890268 1925088
12.356813 -4.5529946 -0.62126445 1892567 1927241
12.423397 -4.6007596 -0.62329725 1894737 1929384
12.491505 -4.6498228 -0.62523821 1896959 1931580
12.559127 -4.6987792 -0.62803341 1899174 1933759
12.624946 -4.7467288 -0.63117654 1901337 1935882
12.688725 -4.7935715 -0.6357769 1903448 1937936
12.75619 -4.8436718 -0.64172549 1905696 1940111
12.822468 -4.8934598 -0.64682512 1907909 1942261
12.889717 -4.9447024 -0.65541588 1910186 1944434
12.955986 -4.9968634 -0.67824808 1912541 1946518
13.022028 -5.0517218 -0.70806819 1914977 1948601
13.086778 -5.1093069 -0.74573156 1917480 1950659
13.148088 -5.1686129 -0.79184088 1919997 1952632
13.208547 -5.2332319 -0.845445 1922642 1954645
13.265843 -5.3007459 -0.88872943 1925228 1956720
13.320413 -5.3703647 -0.92323151 1927760 1958844
13.373497 -5.4431083 -0.9575574 1930333 1961011
13.424263 -5.5173741 -0.98480552 1932862 1963217
13.47593 -5.5959568 -0.99353532 1935390 1965639
13.527197 -5.6751423 -0.99893841 1937906 1968088
13.578648 -5.7555405 -1.0040819 1940450 1970568
13.630404 -5.8368065 -1.0033385 1942983 1973106
13.683413 -5.9198654 -1.0021616 1945571 1975704
13.736016 -6.0031567 -1.012838 1948228 1978232
13.787823 -6.086834 -1.0200185 1950862 1980778
13.839646 -6.1719275 -1.027536 1953530 1983354
13.890279 -6.2568526 -1.0388083 1956200 1985888
13.94012 -6.3419796 -1.0434297 1958825 1988455
13.989528 -6.4265697 -1.0408901 1961390 1991046
14.040591 -6.5140647 -1.0441383 1964077 1993691
14.091029 -6.6005844 -1.0418473 1966701 1996338
14.139975 -6.6834632 -1.0328324 1969183 1998922
14.193885 -6.7732054 -1.0268596 1971905 2001710
14.24482 -6.8567733 -1.0199713 1974442 2004324
14.297057 -6.9403009 -1.0038708 1976942 2007009
14.351173 -7.0246366 -0.99671898 1979539 2009686
14.405979 -7.1091814 -0.99459662 1982180 2012348
14.459918 -7.1912992 -0.98463704 1984709 2014990
14.515816 -7.2749006 -0.97825143 1987320 2017672
14.569238 -7.3540049 -0.97537903 1989817 2020199
14.62557 -7.4357513 -0.95944653 1992338 2022903
14.683104 -7.516283 -0.94146862 1994839 2025611
14.741397 -7.5952746 -0.92861001 1997349 2028268
14.801096 -7.6732127 -0.90568863 1999800 2030984
14.862639 -7.7499477 -0.88396037 2002263 2033698
14.925688 -7.8258668 -0.87152629 2004789 2036366
14.990382 -7.9014444 -0.85414356 2007307 2039084
15.056598 -7.9760231 -0.83531041 2009823 2041817
15.123888 -8.0496048 -0.82474918 2012387 2044501
15.190491 -8.1210305 -0.81590003 2014907 2047121
15.259337 -8.1933965 -0.80474127 2017472 2049813
15.330165 -8.2667818 -0.80150615 2020139 2052514
15.400934 -8.3391919 -0.79221902 2022751 2055231
15.468864 -8.406904 -0.7753596 2025178 2057852
15.541825 -8.4775178 -0.76274562 2027778 2060596
15.614445 -8.5460137 -0.74962555 2030330 2063298
15.687355 -8.6125476 -0.72977257 2032813 2066010
15.759907 -8.6764956 -0.71512771 2035274 2068639
15.835716 -8.7414721 -0.70209304 2037827 2071341
15.912181 -8.8045803 -0.67788932 2040296 2074090
15.987738 -8.8643066 -0.65991997 2042727 2076728
16.064323 -8.9228 -0.64459429 2045175 2079352
16.147303 -8.9840435 -0.62702902 2047788 2082167
16.227852 -9.041585 -0.61357059 2050316 2084849
16.309586 -9.098699 -0.60624975 2052899 2087514
16.393484 -9.1562897 -0.59687563 2055524 2090245
16.47584 -9.2117907 -0.58912974 2058094 2092902
16.558632 -9.2669827 -0.58684094 2060701 2095532
16.642904 -9.3231374 -0.58872487 2063379 2098184
16.7261 -9.3789514 -0.59308539 2066043 2100793
16.80822 -9.4349321 -0.60358846 2068722 2103345
16.891096 -9.4925288 -0.61110177 2071424 2105955
16.970511 -9.548413 -0.61530192 2074006 2108484
17.049696 -9.60472 -0.62095153 2076598 2111006
17.129602 -9.6622066 -0.6263411 2079222 2113563
17.208247 -9.7192986 -0.62951769 2081800 2116100
17.284298 -9.7751071 -0.63662623 2084326 2118539
17.361583 -9.832446 -0.63997641 2086880 2121050
17.436617 -9.8881322 -0.63694008 2089323 2123525
17.510722 -9.9429666 -0.63714837 2091752 2125948
17.583964 -9.9974629 -0.64222037 2094186 2128319
17.657497 -10.052683 -0.64601106 2096630 2130715
17.728556 -10.10645 -0.64947003 2098997 2133038
17.798164 -10.159643 -0.65557741 2101340 2135306
17.869699 -10.214728 -0.65681519 2103725 2137673
17.941163 -10.269437 -0.64995277 2106055 2140080
18.010566 -10.32187 -0.64403824 2108311 2142402
18.080767 -10.374376 -0.64033862 2110598 2144729
18.151288 -10.426359 -0.63007292 2112845 2147093
18.218746 -10.474866 -0.61675215 2114955 2149356
18.289107 -10.523976 -0.60197269 2117128 2151699
18.360949 -10.5722 -0.58036899 2119280 2154101
18.432867 -10.617668 -0.54717222 2121326 2156533
18.503228 -10.658566 -0.50588585 2123227 2158915
18.575368 -10.696072 -0.45300252 2125058 2161363
18.65169 -10.73035 -0.39124273 2126899 2163925
18.728633 -10.759224 -0.3267596 2128685 2166464
18.805905 -10.782505 -0.25852856 2130410 2168986
18.885101 -10.800256 -0.18244994 2132101 2171566
18.963569 -10.812074 -0.11652585 2133804 2174039
19.042004 -10.818815 -0.054953486 2135516 2176470
19.121603 -10.820621 0.0096070925 2137234 2178942
19.199043 -10.817312 0.075780987 2138887 2181368
19.274072 -10.80928 0.13751436 2140512 2183714
19.349268 -10.796385 0.20214866 2142142 2186099
19.423832 -10.778683 0.26405636 2143797 2188477
19.52286 -10.747999 0.33688213 2146100 2191630
19.593423 -10.721378 0.38462939 2147806 2193893
19.664241 -10.690971 0.42649837 2149590 2196165
19.73335 -10.658261 0.45761975 2151421 2198358
19.801453 -10.623632 0.48319833 2153283 2200517
19.870012 -10.586319 0.51364312 2155160 2202748
19.937637 -10.546884 0.54221258 2157054 2204974
20.004998 -10.505349 0.56285412 2159017 2207176
20.072317 -10.461825 0.5850343 2160998 2209414
20.139316 -10.415967 0.61540384 2162958 2211727
20.203934 -10.368845 0.64474661 2164892 2214002
20.268513 -10.318891 0.67204772 2166882 2216309
20.331991 -10.26694 0.69969144 2168880 2218628
20.393068 -10.21362 0.73568916 2170804 2220971
20.45068 -10.16003 0.7628104 2172717 2223199
20.507561 -10.104655 0.78115026 2174700 2225394
20.564912 -10.046869 0.7971942 2176750 2227629
20.621259 -9.9886574 0.80615903 2178831 2229812
20.676985 -9.9303241 0.81034724 2180931 2231958
20.734088 -9.8703638 0.80925526 2183118 2234129
20.793712 -9.808058 0.8055311 2185411 2236375
20.853694 -9.745752 0.80325739 2187702 2238636
20.914024 -9.6833594 0.80115525 2190000 2240906
20.976751 -9.6188194 0.79812568 2192388 2243255
21.039569 -9.554341 0.79876303 2194755 2245626
21.102499 -9.4896532 0.79957168 2197127 2248004
21.164952 -9.4255336 0.79756378 2199496 2250346
21.229332 -9.3594461 0.79940243 2201915 2252783
21.292968 -9.2935622 0.8060996 2204288 2255231
21.356602 -9.2269398 0.81058129 2206688 2257680
21.422694 -9.1572789 0.8127734 2209204 2260218
21.489533 -9.086546 0.81462862 2211756 2262788
21.556748 -9.0152827 0.81460989 2214336 2265364
21.625257 -8.9426253 0.81493857 2216964 2267992
21.694579 -8.8687238 0.81979166 2219604 2270685
21.762456 -8.7957867 0.82284835 2222210 2273323
21.832125 -8.720835 0.82096794 2224916 2276003
21.902761 -8.6454071 0.81542392 2227670 2278688
21.973307 -8.5712811 0.80484527 2230427 2281317
22.044258 -8.4987331 0.78820908 2233197 2283888
22.114633 -8.4285572 0.77975274 2235864 2286452
22.18727 -8.3570174 0.77582442 2238572 2289110
22.259861 -8.2860822 0.77189459 2241268 2291756
22.33081 -8.2171074 0.77068524 2243881 2294351
22.402762 -8.1472848 0.77007716 2246525 2296984
22.494949 -8.0576901 0.77220587 2249898 2300377
22.564478 -7.9889487 0.78719507 2252385 2303036
22.629807 -7.9218703 0.81001647 2254717 2305632
22.691765 -7.8551256 0.83513174 2256968 2308174
22.754038 -7.7839581 0.86878578 2259261 2310858
22.810977 -7.7136856 0.91086896 2261396 2313483
22.862953 -7.6427973 0.96539415 2263391 2316114
22.912654 -7.5646684 1.0430448 2265374 2319004
22.954751 -7.4851253 1.1250359 2267263 2321851
22.989219 -7.4041759 1.2114548 2269073 2324671
23.01612 -7.3214844 1.3011109 2270837 2327483
23.035718 -7.2380934 1.3788239 2272637 2330191
23.049128 -7.1541223 1.4460465 2274482 2332821
23.057256 -7.0683341 1.5066201 2276396 2335442
23.060599 -6.9856695 1.5541356 2278296 2337896
23.060518 -6.9013435 1.5893765 2280310 2340320
23.057776 -6.81596 1.6164347 2282401 2342725
23.052906 -6.7319857 1.6410154 2284472 2345081
23.04598 -6.6488428 1.6667874 2286518 2347426
23.036452 -6.5650179 1.701176 2288538 2349846
23.023985 -6.4815231 1.7368433 2290552 2352275
23.00839 -6.3974525 1.7715767 2292600 2354727
22.990237 -6.3159207 1.8081794 2294585 2357138
22.969378 -6.2357064 1.8422217 2296568 2359517
22.945938 -6.1555956 1.8686762 2298611 2361867
22.921864 -6.0794134 1.8850562 2300619 2364064
22.896265 -6.0036671 1.9083443 2302588 2366303
22.868331 -5.9272118 1.933854 2304582 2368593
22.839012 -5.8521749 1.9527093 2306593 2370822
22.808559 -5.777797 1.9661065 2308631 2373014
22.776624 -5.7035464 1.987862 2310632 2375267
22.74363 -5.6311558 2.0090165 2312603 2377483
22.709522 -5.5599576 2.0260758 2314582 2379659
22.674192 -5.4893999 2.043988 2316555 2381839
22.637307 -5.4192342 2.065568 2318516 2384050
22.600281 -5.3524266 2.0881616 2320395 2386191
22.560361 -5.283526 2.1036882 2322401 2388376
22.518647 -5.2140733 2.1196457 2324441 2390600
22.475515 -5.1452426 2.1414883 2326452 2392864
22.431218 -5.0778614 2.1632433 2328448 2395112
22.385829 -5.0117407 2.1815006 2330453 2397328
22.338291 -4.9453863 2.2034295 2332474 2399603
22.289893 -4.8811481 2.229533 2334439 2401871
22.240869 -4.8194366 2.2546929 2336367 2404091
22.19092 -4.7596054 2.2781446 2338282 2406278
22.137945 -4.699061 2.3010931 2340266 2408528
22.084296 -4.6403181 2.3207127 2342246 2410735
22.032044 -4.5851286 2.3369946 2344152 2412829
21.976833 -4.5285669 2.3512402 2346150 2414991
21.921544 -4.4733667 2.3627537 2348140 2417113
21.866349 -4.419368 2.3715355 2350122 2419195
21.813378 -4.368398 2.3793671 2352012 2421174
21.758452 -4.3163663 2.3871204 2353959 2423209
21.703574 -4.2649225 2.3898409 2355924 2425203
21.649197 -4.2140293 2.3887216 2357892 2427155
21.596498 -4.1645409 2.3864865 2359809 2429043
21.544295 -4.1153573 2.3854434 2361704 2430923
21.492421 -4.0664317 2.3854222 2363582 2432798
21.443054 -4.0197796 2.3835138 2365382 2434573
21.393464 -3.9727542 2.3819479 2367191 2436361
21.346687 -3.9283402 2.3822454 2368888 2438059
21.300043 -3.8841428 2.3839919 2370570 2439759
21.253749 -3.8404073 2.3852248 2372240 2441441
21.209496 -3.7985781 2.3834638 2373854 2443032
21.167209 -3.7584312 2.3808416 2375405 2444550
21.126791 -3.7199026 2.3794051 2376884 2446010
21.087398 -3.6822812 2.3789874 2378321 2447440
21.049198 -3.6458029 2.3795023 2379709 2448832
21.013206 -3.6114425 2.3792397 2381021 2450139
20.980093 -3.5797905 2.3782818 2382233 2451338
20.948506 -3.5495375 2.3772319 2383391 2452482
20.91936 -3.521599 2.3774501 2384453 2453545
20.891909 -3.495296 2.3776604 2385453 2454546
20.864988 -3.4694572 2.3757366 2386447 2455516
20.837437 -3.4427391 2.3673351 2387507 2456476
20.8086 -3.4141604 2.3540803 2388654 2457466
20.778667 -3.3836169 2.3381039 2389874 2458497
20.747535 -3.3506941 2.3183833 2391183 2459573
20.714583 -3.3142295 2.292877 2392627 2460716
20.678882 -3.2724181 2.2621878 2394255 2461982
20.642209 -3.2266275 2.2299755 2395989 2463336
20.604969 -3.1770682 2.200418 2397795 2464793
20.568351 -3.1253622 2.1735938 2399621 2466302
20.532402 -3.0717183 2.1488203 2401467 2467855
20.497698 -3.0169902 2.1230241 2403325 2469408
20.462409 -2.9578943 2.0951949 2405301 2471055
20.428186 -2.8972541 2.0740195 2407259 2472762
20.391834 -2.8302355 2.0615643 2409340 2474694
20.355937 -2.7620898 2.0497085 2411438 2476650
20.319677 -2.6912625 2.0382022 2413601 2478675
20.282932 -2.6182513 2.035913 2415767 2480811
20.245696 -2.5449121 2.0453082 2417878 2483029
20.206746 -2.4695691 2.0505333 2420081 2485290
20.167059 -2.3932828 2.0504752 2422346 2487551
20.127003 -2.3165241 2.0530627 2424611 2489843
20.0865 -2.24 2.062131 2426838 2492173
20.031624 -2.1378303 2.0652415 2429874 2495241
19.987618 -2.0567802 2.0711734 2432268 2497701
19.942715 -1.9761573 2.0867415 2434607 2500219
19.897308 -1.8965637 2.0917333 2436991 2502658
19.847334 -1.8095997 2.0930014 2439625 2505303
19.797702 -1.7236452 2.0958863 2442222 2507930
19.74897 -1.6391693 2.0921992 2444812 2510473
19.700125 -1.5532052 2.0828031 2447471 2513018
19.650581 -1.4654504 2.0867163 2450102 2515691
19.602322 -1.3803749 2.0868677 2452677 2518264
19.553727 -1.2942011 2.0816503 2455313 2520835
19.505536 -1.2081926 2.0813777 2457911 2523426
19.457213 -1.1217371 2.0795718 2460530 2526020
19.409843 -1.0355135 2.0667629 2463196 2528532
19.362323 -0.94744542 2.0644487 2465845 2531150
19.314978 -0.85941189 2.06401 2468480 2533776
19.267292 -0.76981786 2.0558164 2471201 2536397
19.220077 -0.67956673 2.0497559 2473919 2539040
19.172001 -0.5872545 2.052145 2476646 2541791
19.123541 -0.49360397 2.0444761 2479468 2544519
19.074187 -0.39758824 2.0467075 2482298 2547371
19.024322 -0.30140959 2.0514984 2485123 2550248
18.974152 -0.20519893 2.0514291 2487981 2553101
18.922995 -0.10763732 2.0560554 2490855 2556025
18.871489 -0.010796281 2.0631532 2493702 2558951
18.820773 0.083622048 2.0642734 2496518 2561776
18.766954 0.18215373 2.0771787 2499399 2564804
18.71396 0.27623074 2.0904107 2502165 2567721
18.658147 0.37244 2.1025451 2505023 2570717
18.600524 0.46799792 2.1243165 2507834 2573779
18.541988 0.56129904 2.1378969 2510655 2576755
18.482495 0.65311136 2.1536067 2513444 2579724
18.422339 0.74207183 2.1771555 2516134 2582686
18.361816 0.82733155 2.1990744 2518759 2585564
18.298408 0.91230419 2.2246655 2521401 2588502
18.234396 0.99253984 2.2637185 2523875 2591430
18.168772 1.0680487 2.308818 2526245 2594325
18.098386 1.1410034 2.3677373 2528569 2597336
18.025279 1.2076723 2.4367099 2530770 2600342
17.951148 1.2653574 2.5239168 2532732 2603323
17.870739 1.3168223 2.6205926 2534679 2606400
17.789334 1.358141 2.7232249 2536481 2609402
17.705249 1.3899647 2.8363418 2538185 2612429
17.621832 1.4107028 2.9595095 2539726 2615411
17.538577 1.4204889 3.0896604 2541170 2618378
17.454625 1.419081 -3.0561226 2542575 2621391
17.374653 1.4068454 -2.9234218 2543927 2624296
17.297281 1.3842676 -2.7919158 2545278 2627186
17.222727 1.3510317 -2.6525607 2546610 2630149
17.154068 1.3081666 -2.5144037 2547931 2633087
17.092504 1.2568546 -2.3791457 2549248 2635987
17.035772 1.1944175 -2.2375661 2550639 2639035
16.988334 1.1251641 -2.1051964 2552073 2642018
16.950323 1.0497867 -1.9705213 2553506 2645027
16.922649 0.96945092 -1.8345679 2554946 2648058
16.90627 0.88725664 -1.7004078 2556366 2651048
16.901134 0.80213747 -1.5617233 2557798 2654103
16.907529 0.71683807 -1.4302011 2559279 2657123
16.924482 0.63317177 -1.3115552 2560831 2660063
16.951726 0.54951035 -1.2004071 2562496 2663028
16.98763 0.46885161 -1.1035827 2564253 2665917
17.03068 0.39125219 -1.0250068 2566129 2668711
17.081208 0.31447477 -0.9524757 2568124 2671553
17.136701 0.24035227 -0.90381868 2570277 2674273
17.193994 0.17113028 -0.85500105 2572357 2676922
17.254371 0.10535011 -0.80140933 2574394 2679584
17.316608 0.044169321 -0.75225863 2576404 2682167
17.379815 -0.012622682 -0.71172844 2578404 2684639
17.444998 -0.066124084 -0.66284326 2580338 2687143
17.512393 -0.11627324 -0.61660237 2582279 2689623
17.605855 -0.17920712 -0.56864738 2584965 2692867
17.679447 -0.22522113 -0.54891886 2587135 2695265
17.755301 -0.271546 -0.54760324 2589468 2697610
17.832175 -0.3193949 -0.56589566 2591960 2699884
17.937943 -0.38953398 -0.60521689 2595533 2702991
18.016286 -0.44534535 -0.63278553 2598228 2705359
18.093195 -0.50380996 -0.6671755 2600974 2707698
18.168882 -0.56542402 -0.6993444 2603733 2710076
18.242929 -0.62932424 -0.72460581 2606457 2712500
18.316846 -0.69680058 -0.75514628 2609272 2714953
18.387812 -0.76610196 -0.79191518 2612100 2717346
18.455688 -0.83662811 -0.81717633 2614826 2719772
18.520364 -0.90759847 -0.8463661 2617526 2722126
18.58316 -0.98108634 -0.88101107 2620275 2724465
18.64401 -1.0568077 -0.90670094 2622984 2726869
18.704245 -1.1352591 -0.92530667 2625698 2729361
18.762975 -1.2151044 -0.94792003 2628441 2731835
18.819145 -1.2944532 -0.9616706 2631082 2734311
18.874598 -1.3747226 -0.97081524 2633705 2736823
18.929121 -1.4555121 -0.98345654 2636346 2739312
18.982269 -1.5362814 -0.99413904 2638955 2741792
19.035071 -1.6176872 -0.99663385 2641525 2744329
19.08798 -1.7001758 -1.0043273 2644151 2746861
19.14011 -1.7825769 -1.0091231 2646747 2749397
19.193156 -1.8668254 -1.0086249 2649366 2752018
19.247401 -1.9530145 -1.0094836 2652053 2754691
19.301842 -2.0395066 -1.0085503 2654739 2757384
19.35786 -2.1273858 -0.99805941 2657422 2760186
19.415298 -2.2156813 -0.99003795 2660149 2763003
19.4726 -2.3021359 -0.98091313 2662827 2765784
19.531294 -2.3884583 -0.96641369 2665491 2768614
19.591003 -2.4746125 -0.96308408 2668232 2771390
19.649268 -2.5585976 -0.96547652 2670938 2774064
19.708687 -2.6444435 -0.9652183 2673686 2776811
19.787285 -2.7592952 -0.97610205 2677415 2780407
19.84578 -2.8461137 -0.97968023 2680193 2783139
19.904234 -2.9332613 -0.98027301 2682960 2785895
19.962439 -3.0206643 -0.98632311 2685761 2788621
20.020059 -3.1076134 -0.9847859 2688499 2791373
20.079216 -3.1959128 -0.97624966 2691248 2794218
20.138775 -3.28385 -0.97470627 2694036 2797020
20.19668 -3.3681792 -0.96345422 2696664 2799776
20.254176 -3.4499703 -0.95272146 2699234 2802468
20.313586 -3.5331756 -0.94871805 2701903 2805180
20.373234 -3.6157192 -0.94139014 2704542 2807901
20.432853 -3.6962354 -0.92545497 2707087 2810629
20.49447 -3.7773688 -0.91710356 2709721 2813357
20.556016 -3.8564475 -0.90176507 2712270 2816082
20.620645 -3.9365732 -0.88232452 2714867 2818903
20.710307 -4.0437632 -0.86608828 2718452 2822673
20.779655 -4.1237324 -0.84672327 2721126 2825570
20.850611 -4.2027885 -0.83196204 2723837 2828450
20.921984 -4.280489 -0.82368418 2726567 2831273
20.99428 -4.3575951 -0.81148286 2729279 2834124
21.068327 -4.4352633 -0.80703648 2732079 2836972
21.14127 -4.5122233 -0.81734711 2734932 2839700
21.211694 -4.5872788 -0.81709372 2737641 2842408
21.280734 -4.6611557 -0.82136595 2740329 2845042
21.347222 -4.7332781 -0.83067931 2742967 2847567
21.411121 -4.8032389 -0.83062332 2745462 2850059
21.474098 -4.8721649 -0.83031607 2747919 2852516
21.534951 -4.9394249 -0.84042133 2750367 2854842
21.593985 -5.0056901 -0.84567227 2752735 2857145
21.652957 -5.072314 -0.84682915 2755085 2859478
21.710855 -5.1380876 -0.85114584 2757418 2861757
21.765728 -5.2012789 -0.86033601 2759676 2863904
21.818161 -5.2622129 -0.86015674 2761792 2866019
21.869931 -5.3223395 -0.85972514 2763879 2868108
21.920567 -5.3814592 -0.8653531 2765962 2870122
21.969577 -5.4395419 -0.87448335 2768017 2872067
22.017012 -5.4963668 -0.87594527 2769975 2874005
22.06346 -5.5521122 -0.87630347 2771888 2875911
22.108818 -5.606835 -0.88110092 2773788 2877752
22.152744 -5.6605198 -0.88897385 2775661 2879530
22.195766 -5.7137184 -0.89258614 2777484 2881308
22.237123 -5.7649657 -0.89100501 2779209 2883049
22.277219 -5.814616 -0.89190358 2780895 2884722
22.316431 -5.8636837 -0.90124785 2782604 2886319
22.354538 -5.9125581 -0.91588203 2784322 2887863
22.39343 -5.9645607 -0.94142229 2786182 2889421
22.433279 -6.0218871 -0.98528012 2788278 2891000
22.472129 -6.0844376 -1.044732 2790566 2892588
22.507866 -6.1507433 -1.1081857 2792922 2894197
22.539478 -6.2186101 -1.1615778 2795207 2895853
22.568734 -6.2912075 -1.2138511 2797575 2897605
22.594772 -6.3667101 -1.2635603 2799970 2899414
22.617017 -6.4427045 -1.3084964 2802319 2901233
22.635823 -6.5194648 -1.3525796 2804659 2903053
22.651708 -6.5997715 -1.3984452 2807084 2904937
22.6645 -6.682187 -1.4351807 2809496 2906915
22.674701 -6.765845 -1.463727 2811883 2908964
22.682202 -6.8499388 -1.4999472 2814319 2910972
22.686455 -6.9317676 -1.5377962 2816699 2912905
22.687757 -7.017498 -1.5734158 2819166 2914951
22.685944 -7.1026859 -1.6107425 2821629 2916973
22.680721 -7.1865508 -1.6552357 2824103 2918922
22.671981 -7.2685574 -1.6987116 2826530 2920836
22.659914 -7.349526 -1.7387781 2828921 2922754
22.643824 -7.4335283 -1.7813055 2831423 2924754
22.624089 -7.5171785 -1.8236605 2833935 2926766
22.601069 -7.5992955 -1.8645685 2836421 2928769
22.574358 -7.6813066 -1.9067524 2838940 2930790
22.543607 -7.7638606 -1.9479925 2841502 2932865
22.510299 -7.8439157 -1.9821586 2843986 2934945
22.474467 -7.9219347 -2.0205067 2846472 2936978
22.435049 -7.9995688 -2.0607262 2849001 2939032
22.393047 -8.0753398 -2.0931876 2851473 2941120
22.348874 -8.1493125 -2.1250534 2853929 2943199
22.301728 -8.2223081 -2.1634827 2856443 2945259
22.251454 -8.2944439 -2.1954281 2858946 2947384
22.199295 -8.3650872 -2.2181638 2861392 2949560
22.143734 -8.4366562 -2.2437042 2863928 2951793
22.085732 -8.5072485 -2.2735064 2866509 2954021
22.025451 -8.5767637 -2.2968252 2869069 2956304
21.962069 -8.6467295 -2.3168957 2871673 2958669
21.897801 -8.7146295 -2.3405505 2874274 2960989
21.83381 -8.7796849 -2.3553442 2876764 2963302
21.766867 -8.8457126 -2.3708109 2879331 2965684
21.69853 -8.9105169 -2.3946346 2881951 2968021
21.63078 -8.9714724 -2.4232431 2884519 2970250
21.561658 -9.0307276 -2.4425573 2887030 2972531
21.48696 -9.0925322 -2.4581848 2889675 2974989
21.412992 -9.1522616 -2.4663996 2892227 2977441
21.337401 -9.2128576 -2.4653133 2894772 2979995
21.260631 -9.2746822 -2.461919 2897348 2982607
21.184686 -9.3365043 -2.4547745 2899885 2985224
21.108795 -9.399436 -2.4437905 2902417 2987881
21.032721 -9.4639866 -2.4321203 2904976 2990573
20.957042 -9.5294929 -2.4241161 2907565 2993252
20.884682 -9.5930805 -2.4171475 2910061 2995826
20.810648 -9.6588737 -2.4129842 2912645 2998455
20.737093 -9.723975 -2.4211886 2915280 3000990
20.666026 -9.7857458 -2.4309413 2917817 3003409
20.590031 -9.8503821 -2.442637 2920513 3005964
20.51288 -9.9143506 -2.4560368 2923231 3008521
20.439236 -9.9738465 -2.4680904 2925795 3010940
20.36242 -10.034421 -2.4796218 2928439 3013445
20.28546 -10.09323 -2.4985756 2931101 3015881
20.210977 -10.147931 -2.5177147 2933647 3018199
20.133676 -10.202589 -2.5345437 2936239 3020590
20.055084 -10.25649 -2.5463392 2938818 3023027
19.976951 -10.30904 -2.552681 2941335 3025466
19.900641 -10.359599 -2.5602253 2943790 3027829
19.820941 -10.411325 -2.5715954 2946359 3030261
19.745915 -10.458764 -2.5839244 2948769 3032523
19.670034 -10.505328 -2.5984693 2951199 3034779
19.59181 -10.551689 -2.6147139 2953689 3037075
19.511406 -10.597742 -2.6281384 2956208 3039433
19.434258 -10.640833 -2.6362901 2958583 3041709
19.357368 -10.682493 -2.653825 2960989 3043906
19.277654 -10.72353 -2.6785163 2963495 3046119
19.197011 -10.762308 -2.7082389 2966026 3048298
19.118488 -10.796879 -2.7454782 2968504 3050336
19.03566 -10.828777 -2.8024926 2971176 3052336
18.947333 -10.856876 -2.8646953 2973982 3054409
18.860907 -10.878612 -2.925716 2976687 3056395
18.772443 -10.894686 -2.9979899 2979479 3058336
18.68373 -10.903904 -3.0781122 2982298 3060212
18.594722 -10.906255 3.1309197 2985078 3062119
18.503265 -10.901803 3.0549837 2987935 3064082
18.415807 -10.8911 2.984664 2990668 3065987
18.328069 -10.874041 2.9144343 2993434 3067926
18.240092 -10.850423 2.8442104 2996245 3069910
18.152672 -10.821134 2.7924104 2998977 3072031
18.06645 -10.787683 2.7505881 3001658 3074218
17.981988 -10.750998 2.7131136 3004303 3076420
17.894547 -10.709787 2.6892132 3006989 3078822
17.807649 -10.667261 2.6837328 3009569 3081334
17.719861 -10.623449 2.6736518 3012212 3083855
17.632963 -10.579224 2.6680034 3014813 3086386
17.545778 -10.534306 2.663721 3017421 3088940
17.458328 -10.487974 2.6450302 3020137 3091433
17.372792 -10.439691 2.61039 3022927 3093813
17.288708 -10.388408 2.5774563 3025714 3096210
17.202013 -10.331275 2.5403612 3028666 3098723
17.119004 -10.27242 2.5093144 3031528 3101217
17.038357 -10.212252 2.4919082 3034280 3103761
16.952736 -10.1465 2.4815186 3037184 3106539
16.870008 -10.082161 2.4796464 3039955 3109284
16.78539 -10.017033 2.4915954 3042697 3112162
16.698092 -9.9510044 2.4964752 3045551 3115069
16.611507 -9.8859521 2.4980255 3048394 3117926
16.526609 -9.8223265 2.4988862 3051183 3120721
16.433636 -9.7522443 2.4924473 3054287 3123745
16.342137 -9.6825102 2.4883062 3057341 3126746
16.248951 -9.6109178 2.4846848 3060457 3129815
16.156561 -9.5388276 2.4733023 3063610 3132830
16.06703 -9.4676195 2.4660892 3066665 3135796
15.973142 -9.3919747 2.4606872 3069872 3138935
15.881087 -9.3172038 2.4581781 3073010 3142039
15.791837 -9.2444327 2.4569367 3076050 3145060
15.700692 -9.1692726 2.4470924 3079219 3148109
15.612575 -9.0950171 2.435618 3082321 3151072
15.52371 -9.0182185 2.4221899 3085493 3154082
15.436523 -8.940741 2.4079913 3088648 3157066
15.352289 -8.8639033 2.3961719 3091720 3159995
15.267251 -8.7844366 2.383934 3094857 3162984
15.188057 -8.7086327 2.3721855 3097813 3165798
15.107977 -8.6304108 2.3636852 3100811 3168692
15.026945 -8.5504711 2.362269 3103817 3171677
14.947677 -8.4723156 2.3642556 3106737 3174616
14.86584 -8.3918382 2.3648892 3109756 3177638
14.78639 -8.3137865 2.3652557 3112687 3180569
14.707031 -8.2356954 2.3632343 3115631 3183485
14.628261 -8.1580083 2.3630015 3118546 3186393
14.547885 -8.0790257 2.3668687 3121491 3189379
14.466109 -7.9995171 2.3736398 3124455 3192418
14.383267 -7.9202671 2.3830564 3127419 3195488
14.302127 -7.8442179 2.394082 3130283 3198477
14.221211 -7.7702776 2.4083429 3133086 3201443
14.135487 -7.6943232 2.4247518 3136006 3204551
14.049239 -7.6205032 2.4426071 3138891 3207641
13.962568 -7.5491977 2.4636985 3141723 3210716
13.874412 -7.4793385 2.4792479 3144594 3213765
13.785929 -7.4115347 2.4962439 3147430 3216796
13.696175 -7.3453598 2.5163097 3150249 3219846
13.604026 -7.2801328 2.5349303 3153113 3222924
13.512254 -7.2180634 2.5589167 3155890 3225978
13.418744 -7.1578 2.5793227 3158700 3229023
13.326781 -7.1005685 2.5905092 3161487 3231937
13.236166 -7.0458574 2.6062927 3164182 3234813
13.143777 -6.992131 2.6234438 3166896 3237724
13.050921 -6.9397168 2.6319814 3169654 3240578
12.961229 -6.8908399 2.6532954 3172219 3243389
12.87163 -6.8441321 2.6688072 3174789 3246137
12.783425 -6.7994943 2.6774045 3177342 3248787
12.696481 -6.7567526 2.6919645 3179808 3251420
12.612164 -6.7169642 2.7094118 3182161 3253974
12.52446 -6.6768933 2.7166366 3184658 3256552
12.440571 -6.6396849 2.7316062 3186987 3259053
12.358451 -6.6048421 2.7490403 3189234 3261501
12.275691 -6.5708958 2.755645 3191551 3263892
12.194728 -6.5378312 2.7520954 3193875 3266171
12.114102 -6.5046941 2.7511884 3196176 3268458
12.0348 -6.4718862 2.7474628 3198458 3270693
11.95752 -6.4391231 2.7337537 3200749 3272820
11.881071 -6.405628 2.7235393 3203007 3274955
11.806443 -6.3721551 2.7163895 3205203 3277064
11.731403 -6.337479 2.7010559 3207470 3279148
11.656163 -6.3007462 2.6737867 3209835 3281190
11.582977 -6.2621162 2.6380727 3212224 3283157
11.509716 -6.2193189 2.587697 3214754 3285093
11.439708 -6.1728539 2.5235896 3217343 3286927
11.370756 -6.1201656 2.4546312 3220033 3288805
11.304392 -6.0619465 2.3883201 3222747 3290738
11.240273 -5.9976192 2.3208247 3225535 3292731
11.179867 -5.9286503 2.2593862 3228310 3294782
11.123069 -5.8553768 2.2010205 3231094 3296878
11.071001 -5.7802593 2.1527993 3233784 3298999
11.016518 -5.6956437 2.1329198 3236551 3301529
10.963745 -5.6104443 2.1178147 3239279 3304076
10.91205 -5.5248718 2.1106394 3241954 3306663
10.859565 -5.4383301 2.1212912 3244557 3309387
10.804474 -5.3509645 2.1455083 3247135 3312245
10.748162 -5.2660836 2.1675893 3249688 3315053
10.688097 -5.1804739 2.1976097 3252266 3317979
10.625777 -5.0972739 2.2297599 3254815 3320901
10.560702 -5.0152156 2.2527882 3257438 3323790
10.49324 -4.9341921 2.2774387 3260070 3326707
10.427535 -4.8588095 2.2979784 3262583 3329457
10.355792 -4.7793881 2.3129129 3265314 3332359
10.284513 -4.7032544 2.3336374 3267939 3335223
10.215004 -4.6319734 2.3535786 3270444 3337958
10.143062 -4.5608338 2.3700288 3273012 3340715
10.071042 -4.4917347 2.3837457 3275560 3343420
9.9968874 -4.4221837 2.3926931 3278185 3346146
9.9211199 -4.3519649 2.3956766 3280888 3348880
9.8447637 -4.2811824 2.3924376 3283649 3351599
9.7702411 -4.2113871 2.3854397 3286379 3354243
9.696649 -4.141107 2.3729831 3289132 3356846
9.6260842 -4.0718808 2.3585557 3291820 3359361
9.5523145 -3.9970685 2.3397993 3294697 3362014
9.4833005 -3.9243451 2.3202599 3297452 3364536
9.4132883 -3.8481332 2.3073826 3300253 3367182
9.345295 -3.7727298 2.3017474 3302960 3369819
9.2777458 -3.6969257 2.2956005 3305670 3372453
9.2114236 -3.6216614 2.2906435 3308341 3375062
9.1420563 -3.542493 2.2899665 3311117 3377826
9.0763533 -3.4668645 2.282195 3313801 3380415
9.0108858 -3.3907022 2.2794556 3316462 3383040
8.9480025 -3.3175312 2.2819903 3318988 3385592
8.8873288 -3.246994 2.280335 3321448 3388029
8.8231577 -3.1718246 2.2745205 3324085 3390594
8.7623209 -3.1004777 2.2791781 3326527 3393087
8.7024087 -3.0306633 2.2808453 3328940 3395516
8.6423315 -2.9610668 2.2849854 3331337 3397958
8.5822597 -2.892547 2.2962007 3333671 3400420
8.5241385 -2.8281147 2.3132856 3335856 3402802
8.4623162 -2.7616358 2.3265464 3338169 3405267
8.4005766 -2.6970359 2.3405702 3340440 3407699
8.3401813 -2.6356325 2.3552653 3342622 3410050
8.2801791 -2.576279 2.3679934 3344770 3412344
8.2209555 -2.5191194 2.3798619 3346868 3414578
8.1574312 -2.4594235 2.3946457 3349077 3416957
8.0994529 -2.4065163 2.4091452 3351059 3419106
8.0397635 -2.3535225 2.4219435 3353086 3421280
7.9803939 -2.3020363 2.4324354 3355094 3423408
7.9224295 -2.2527647 2.4417251 3357043 3425463
7.8648565 -2.2047107 2.4504142 3358967 3427486
7.8082861 -2.158305 2.4587563 3360845 3429459
7.7525023 -2.1133411 2.467605 3362680 3431395
7.6961456 -2.0687596 2.4770513 3364517 3433340
7.6418142 -2.0264596 2.4830768 3366295 3435186
7.5895003 -1.9861485 2.4870463 3368011 3436946
7.5347921 -1.9442455 2.4888933 3369815 3438769
7.4823922 -1.9040793 2.4862964 3371569 3440490
7.4281447 -1.8620478 2.4785062 3373422 3442249
7.3765123 -1.8212695 2.4677221 3375218 3443916
7.3266132 -1.780968 2.4566766 3376972 3445538
7.2779132 -1.7407905 2.446907 3378692 3447141
7.2298442 -1.7003308 2.4369658 3380405 3448735
7.1848783 -1.6618221 2.4298269 3382006 3450250
7.1399915 -1.6228156 2.4225183 3383615 3451771
7.096133 -1.5840765 2.4136716 3385208 3453258
7.0534934 -1.5456547 2.4026891 3386784 3454703
7.0090238 -1.5045888 2.389244 3388457 3456216
6.9681422 -1.4658343 2.3765528 3390015 3457623
6.9284341 -1.4272006 2.3632612 3391552 3459002
6.8916881 -1.390435 2.3485942 3393007 3460283
6.8576502 -1.3553227 2.3327231 3394388 3461476
6.8238576 -1.3192949 2.3156599 3395789 3462675
6.7920975 -1.2843112 2.3002097 3397124 3463827
6.7602702 -1.2483417 2.2901347 3398448 3465031
6.7275065 -1.2107904 2.2862907 3399783 3466319
6.6930271 -1.1710543 2.284673 3401178 3467693
6.6581218 -1.1306818 2.2827167 3402595 3469085
6.6174704 -1.0833723 2.2785728 3404262 3470701
6.5742552 -1.0327305 2.2758926 3406031 3472436
6.5279042 -0.9784203 2.2786858 3407895 3474330
6.4790841 -0.921496 2.2807234 3409858 3476314
6.4276969 -0.86154198 2.2780838 3411953 3478375
6.3732482 -0.79768223 2.2755459 3414178 3480567
6.3174101 -0.73230911 2.2798368 3416417 3482853
6.2605988 -0.66619531 2.2814881 3418703 3485155
6.2028747 -0.59893684 2.2786246 3421054 3487469
6.1440354 -0.52998086 2.2757676 3423458 3489836
6.085993 -0.46177027 2.2758918 3425816 3492192
6.0242754 -0.38855491 2.2664853 3428393 3494655
5.9623722 -0.31383836 2.258874 3430993 3497162
5.9009175 -0.23882378 2.255441 3433567 3499692
5.8396199 -0.16280195 2.243312 3436210 3502189
5.779326 -0.08578948 2.2267491 3438883 3504664
5.7198584 -0.0077531067 2.2171798 3441523 3507188
5.659505 0.073491229 2.2022484 3444276 3509762
5.6010842 0.15480592 2.185352 3447012 3512296
5.5444192 0.2355533 2.1800483 3449641 3514859
5.4880807 0.31685129 2.1735517 3452284 3517422
5.4334937 0.39709255 2.1627851 3454903 3519911
5.3739231 0.48607297 2.1587032 3457747 3522703
5.3167351 0.57264646 2.1504315 3460528 3525383
5.2602897 0.66049453 2.1333788 3463378 3528029
5.2051544 0.74905983 2.1218686 3466193 3530705
5.152561 0.83626167 2.1051486 3468973 3533285
5.1014191 0.92533116 2.0788803 3471832 3535832
5.0524637 1.0152115 2.0602004 3474637 3538414
5.0064974 1.1035836 2.0406588 3477375 3540919
4.962898 1.1918567 2.0184696 3480098 3543378
4.921379 1.2797012 2.0061684 3482729 3545861
4.8827561 1.3638637 1.995899 3485228 3548236
4.841116 1.4582112 1.9769657 3488055 3550837
4.8040142 1.5459719 1.9645731 3490637 3553270
4.7650866 1.6406904 1.9568942 3493379 3555918
4.7280988 1.733183 1.945539 3496069 3558471
4.6925998 1.8242808 1.9392093 3498681 3561005
4.6571554 1.9146288 1.950103 3501173 3563621
4.6188123 2.0093857 1.9605022 3503804 3566370
4.5801035 2.1011541 1.9794201 3506316 3569100
4.5395368 2.1909128 2.0111263 3508724 3571876
4.4958282 2.27967 2.0456475 3511127 3574680
4.4504737 2.3643144 2.0797331 3513456 3577405
4.3971429 2.4538151 2.1366148 3515866 3580478
4.3409261 2.5373694 2.1894761 3518208 3583436
4.2796317 2.6186843 2.2439625 3520570 3586433
4.2129597 2.6969039 2.3093662 3522893 3589519
4.1413917 2.770592 2.3738322 3525220 3592598
4.0636836 2.8404187 2.4452967 3527552 3595764
3.9788009 2.9056272 2.5277703 3529887 3599062
3.8901417 2.9625654 2.6136504 3532158 3602336
3.796331 3.0117418 2.7038804 3534418 3605650
3.6994035 3.0521311 2.7896732 3536680 3608914
3.6004271 3.0833765 2.8819431 3538872 3612184
3.4943567 3.1055937 2.9882985 3541102 3615657
3.3888977 3.1164331 3.0900403 3543297 3619041
3.2825207 3.1163467 -3.0884163 3545484 3622452
3.1781733 3.1052659 -2.9831797 3547630 3625828
3.0746125 3.0826649 -2.8702659 3549759 3629277
2.9764351 3.0501233 -2.7727964 3551911 3632568
2.8779732 3.0068947 -2.6829874 3554216 3635922
2.7842448 2.9558344 -2.6025614 3556555 3639200
2.6953186 2.8989705 -2.5427762 3558984 3642326
2.6077402 2.8358006 -2.490658 3561522 3645471
2.5265354 2.770776 -2.4421343 3563977 3648491
2.4472346 2.7010303 -2.3982954 3566501 3651525
2.3711843 2.6284432 -2.3606836 3569049 3654510
2.3004235 2.5564736 -2.3347687 3571555 3657316
2.2318509 2.4834539 -2.3148254 3574076 3660067
2.1441803 2.3870057 -2.3022873 3577435 3663568
2.0788657 2.3144038 -2.3045242 3580020 3666123
2.0145357 2.2434736 -2.3103491 3582576 3668607
1.9501384 2.1740774 -2.3273489 3585169 3670997
1.8842664 2.1062952 -2.356458 3587829 3673312
1.8185322 2.0427857 -2.3903534 3590435 3675517
1.7510205 1.9819072 -2.4252732 3593034 3677703
1.6805416 1.9226397 -2.4595074 3595660 3679924
1.6111779 1.8680229 -2.4896604 3598162 3682069
1.539726 1.8152004 -2.5203236 3600682 3684226
1.4661614 1.7641539 -2.5496199 3603212 3686409
1.3951049 1.717751 -2.5765436 3605605 3688483
1.319584 1.6716949 -2.6113865 3608139 3690605
1.2414848 1.6279029 -2.6497221 3610722 3692735
1.1645215 1.5882937 -2.682866 3613196 3694817
1.0860453 1.5510148 -2.713365 3615663 3696923
1.007936 1.5167298 -2.7425896 3618081 3698995
0.92776293 1.483396 -2.7525371 3620426 3701220
0.84895878 1.4503724 -2.7369914 3622585 3703558
0.77099567 1.4154958 -2.7049022 3624646 3705992
0.69440969 1.377557 -2.658401 3626624 3708512
0.62064483 1.3352509 -2.5833336 3628423 3711188
0.55440636 1.2897098 -2.4952332 3630023 3713818
0.49062588 1.2364092 -2.3956986 3631628 3716587
0.43238243 1.1764944 -2.2884015 3633199 3719413
0.38168018 1.1115882 -2.179488 3634729 3722217
0.3398129 1.0440363 -2.071778 3636190 3724938
0.30493948 0.96983773 -1.9485381 3637626 3727816
0.28026189 0.89446947 -1.8259052 3638995 3730620
0.2652104 0.81716616 -1.7002893 3640332 3733427
0.26023414 0.73771054 -1.5663989 3641643 3736305
0.26567486 0.65975236 -1.4358391 3642935 3739125
0.28133892 0.58332566 -1.3014422 3644201 3741964
0.30656245 0.51191366 -1.1610848 3645372 3744778
0.34246493 0.44335521 -1.0156893 3646557 3747665
0.38720448 0.38172635 -0.87004063 3647708 3750521
0.44177293 0.3262328 -0.71756583 3648863 3753461
0.50051808 0.2820046 -0.57312103 3649952 3756241
0.5654964 0.24677584 -0.42048994 3651003 3759079
0.63562202 0.22194677 -0.26009411 3652021 3761975
0.70712305 0.20900929 -0.097914661 3652983 3764836
0.77886611 0.20799164 0.069547294 3653890 3767704
0.85079384 0.21933014 0.24315427 3654789 3770636
0.93837248 0.25217668 0.47447809 3655895 3774451
0.9973254 0.28936146 0.65097421 3656695 3777318
1.0486087 0.33608659 0.8268723 3657490 3780173
1.0901714 0.38984425 0.99841498 3658273 3782965
1.1221624 0.45063371 1.1743109 3659050 3785802
1.1428791 0.51479107 1.3426129 3659838 3788561
1.1525253 0.58088273 1.5091221 3660620 3791293
1.1509777 0.64932943 1.6776834 3661434 3794081
1.1386275 0.71547034 1.8331083 3662294 3796761
1.1158459 0.78049295 1.9824838 3663232 3799448
1.0834131 0.84290997 2.1175387 3664292 3802089
1.0435088 0.90089965 2.2294825 3665489 3804596
0.99823448 0.95432325 2.3181439 3666813 3806957
0.94439168 1.0078705 2.3997484 3668334 3809432
0.88772415 1.0562761 2.4695787 3669887 3811801
0.82916443 1.0999385 2.5322421 3671443 3814089
0.76795235 1.1400037 2.5918354 3673020 3816362
0.70235268 1.1775599 2.6514361 3674661 3818699
0.63851573 1.209519 2.7034339 3676236 3820881
0.57197893 1.2383928 2.7608938 3677809 3823125
0.5042524 1.2629946 2.8254289 3679328 3825398
0.43829516 1.2823283 2.8874812 3680774 3827569
0.37108138 1.2976579 2.9472306 3682239 3829732
0.30548731 1.3086494 3.0039031 3683658 3831813
0.23849038 1.3158489 3.0651829 3685073 3833944
0.17547585 1.3188918 3.1215025 3686404 3835933
0.11362467 1.3185062 -3.1090342 3687724 3837868
0.053052694 1.3149977 -3.0584365 3689025 3839760
-0.0070531583 1.3084092 -3.0063889 3690312 3841655
-0.064844728 1.2990431 -2.9554571 3691555 3843493
-0.12110992 1.2870969 -2.9093037 3692799 3845276
-0.17374967 1.2734339 -2.8659748 3693977 3846960
-0.2254615 1.2576059 -2.8231585 3695150 3848633
-0.27563894 1.2400288 -2.7861441 3696333 3850248
-0.32229867 1.2220829 -2.762699 3697512 3851700
-0.36677062 1.2040847 -2.7513699 3698709 3853028
-0.40523085 1.1881529 -2.7463721 3699776 3854152
-0.43850678 1.1741555 -2.7404545 3700692 3855136
-0.46503926 1.1627977 -2.7337933 3701413 3855934
-0.48763986 1.1529251 -2.7256961 3702015 3856630
-0.50241755 1.1463134 -2.7160917 3702385 3857112
-0.51006835 1.1428015 -2.7064279 3702550 3857390
-0.51185827 1.1419617 -2.6994287 3702561 3857483
-0.51021006 1.1427427 -2.6987525 3702509 3857439
-0.50766605 1.1439423 -2.7031961 3702461 3857339
-0.50642587 1.144521 -2.7067822 3702446 3857282
-0.50618484 1.1446331 -2.7057598 3702433 3857281
-0.50656379 1.1444565 -2.7052468 3702441 3857295
-0.50704593 1.1442317 -2.705245 3702455 3857309
-0.50733871 1.1440951 -2.704647 3702460 3857321
-0.50742479 1.1440548 -2.7045614 3702462 3857324
-0.50730428 1.1441111 -2.7046471 3702459 3857320
-0.50725265 1.1441353 -2.704562 3702457 3857319
-0.50728705 1.1441192 -2.7047325 3702459 3857319
-0.50732151 1.1441031 -2.7045618 3702459 3857321
-0.50732148 1.1441031 -2.7047323 3702460 3857320
-0.50732148 1.1441031 -2.7047323 3702460 3857320
-0.50732148 1.1441031 -2.7047323 3702460 3857320
-0.50733871 1.1440951 -2.704647 3702460 3857321
-0.50740759 1.1440629 -2.7044762 3702461 3857324
-0.50740759 1.1440629 -2.7044762 3702461 3857324
-0.50737317 1.144079 -2.7044763 3702460 3857323
-0.50751085 1.1440146 -2.7046465 3702465 3857326
-0.50794084 1.1438158 -2.7124052 3702523 3857293
-0.50828505 1.1436622 -2.7309941 3702642 3857194
-0.5087537 1.1434675 -2.7648477 3702854 3857009
-0.50942383 1.1432214 -2.8144764 3703164 3856737
-0.51039549 1.1429244 -2.8753607 3703548 3856407
-0.51260429 1.1424124 -2.952272 3704059 3856016
-0.51614286 1.1418885 -3.0369408 3704650 3855614
-0.52077479 1.1416102 -3.1262093 3705296 3855213
-0.5261336 1.1417802 3.062763 3705990 3854802
-0.53207218 1.1425462 2.9638609 3706728 3854380
-0.53793862 1.1439188 2.8596727 3707498 3853928
-0.54358273 1.1458604 2.7608569 3708235 3853506
-0.54900662 1.1483106 2.6737239 3708903 3853152
-0.55369898 1.1509103 2.5975903 3709491 3852847
-0.5573255 1.1532611 2.5353521 3709970 3852596
-0.5602088 1.1553571 2.4906791 3710326 3852428
-0.56204441 1.156796 2.4628014 3710551 3852326
-0.56283682 1.1574442 2.4491606 3710658 3852273
-0.56308439 1.1576505 2.4446421 3710693 3852255
-0.56296801 1.1575533 2.4468588 3710676 3852264
-0.56277838 1.1573957 2.4495015 3710654 3852273
-0.56264684 1.1572868 2.4509507 3710641 3852277
-0.56273465 1.1573594 2.45061 3710646 3852278
-0.56276387 1.1573836 2.4500984 3710650 3852276
-0.56273461 1.1573594 2.4502689 3710648 3852276
-0.56272001 1.1573473 2.4505246 3710646 3852277
-0.56273464 1.1573594 2.4504394 3710647 3852277
-0.56274926 1.1573715 2.4503542 3710648 3852277
-0.56273464 1.1573594 2.4504394 3710647 3852277
-0.56273464 1.1573594 2.4504394 3710647 3852277
-0.56274927 1.1573715 2.4503542 3710648 3852277
-0.56274927 1.1573715 2.4503542 3710648 3852277
-0.56274927 1.1573715 2.4503542 3710648 3852277
-0.56274927 1.1573715 2.4503542 3710648 3852277
-0.56274927 1.1573715 2.4503542 3710648 3852277
-0.56274927 1.1573715 2.4503542 3710648 3852277
-0.56274927 1.1573715 2.4503542 3710648 3852277
-0.56274927 1.1573715 2.4503542 3710648 3852277
-0.56274927 1.1573715 2.4503542 3710648 3852277
-0.56274927 1.1573715 2.4503542 3710648 3852277
-0.56274927 1.1573715 2.4503542 3710648 3852277
-0.56274927 1.1573715 2.4503542 3710648 3852277
-0.56274927 1.1573715 2.4503542 3710648 3852277
-0.56274927 1.1573715 2.4503542 3710648 3852277
-0.56274927 1.1573715 2.4503542 3710648 3852277
-0.56274927 1.1573715 2.4503542 3710648 3852277
-0.56274927 1.1573715 2.4503542 3710648 3852277
-0.56274927 1.1573715 2.4503542 3710648 3852277
-0.56274927 1.1573715 2.4503542 3710648 3852277
-0.56274927 1.1573715 2.4503542 3710648 3852277
-0.56274927 1.1573715 2.4503542 3710648 3852277
-0.56274927 1.1573715 2.4503542 3710648 3852277
-0.56276389 1.1573836 2.450269 3710649 3852277
-0.56276389 1.1573836 2.450269 3710649 3852277
-0.56274927 1.1573715 2.4503542 3710648 3852277
-0.56276389 1.1573836 2.450269 3710649 3852277
-0.56276389 1.1573836 2.450269 3710649 3852277
-0.56276389 1.1573836 2.450269 3710649 3852277
-0.56276389 1.1573836 2.450269 3710649 3852277
-0.56276389 1.1573836 2.450269 3710649 3852277
-0.56274927 1.1573715 2.4503542 3710648 3852277
-0.56274927 1.1573715 2.4503542 3710648 3852277
-0.56274927 1.1573715 2.4503542 3710648 3852277
-0.56276389 1.1573836 2.450269 3710649 3852277
-0.56276389 1.1573836 2.450269 3710649 3852277
-0.56276389 1.1573836 2.450269 3710649 3852277
-0.56276389 1.1573836 2.450269 3710649 3852277
-0.56274927 1.1573715 2.4503542 3710648 3852277
-0.56274927 1.1573715 2.4503542 3710648 3852277
-0.56276389 1.1573836 2.450269 3710649 3852277
-0.56276389 1.1573836 2.450269 3710649 3852277
-0.56276389 1.1573836 2.450269 3710649 3852277
-0.56276389 1.1573836 2.450269 3710649 3852277
-0.56276389 1.1573836 2.450269 3710649 3852277
-0.56276389 1.1573836 2.450269 3710649 3852277
-0.56276389 1.1573836 2.450269 3710649 3852277
-0.56276389 1.1573836 2.450269 3710649 3852277
-0.56276389 1.1573836 2.450269 3710649 3852277
-0.56274927 1.1573715 2.4503542 3710648 3852277
-0.56276389 1.1573836 2.450269 3710649 3852277
-0.56276389 1.1573836 2.450269 3710649 3852277
-0.56276389 1.1573836 2.450269 3710649 3852277
-0.56276389 1.1573836 2.450269 3710649 3852277
-0.56276389 1.1573836 2.450269 3710649 3852277
-0.56276389 1.1573836 2.450269 3710649 3852277
-0.56276389 1.1573836 2.450269 3710649 3852277
-0.56276389 1.1573836 2.450269 3710649 3852277
-0.56276389 1.1573836 2.450269 3710649 3852277
-0.56274927 1.1573715 2.4503542 3710648 3852277
-0.56274927 1.1573715 2.4503542 3710648 3852277
-0.56276389 1.1573836 2.450269 3710649 3852277
-0.56277852 1.1573957 2.4501838 3710650 3852277
-0.56276389 1.1573836 2.450269 3710649 3852277
-0.56276389 1.1573836 2.450269 3710649 3852277
-0.56274924 1.1573715 2.4501836 3710649 3852276
-0.56276389 1.1573836 2.450269 3710649 3852277
-0.56276389 1.1573836 2.450269 3710649 3852277
-0.56276389 1.1573836 2.450269 3710649 3852277
-0.56276389 1.1573836 2.450269 3710649 3852277
-0.56276389 1.1573836 2.450269 3710649 3852277
-0.56276389 1.1573836 2.450269 3710649 3852277
-0.56276389 1.1573836 2.450269 3710649 3852277
-0.56276389 1.1573836 2.450269 3710649 3852277
-0.56276389 1.1573836 2.450269 3710649 3852277
-0.56276389 1.1573836 2.450269 3710649 3852277
-0.56276389 1.1573836 2.450269 3710649 3852277
-0.56276389 1.1573836 2.450269 3710649 3852277
-0.56276389 1.1573836 2.450269 3710649 3852277
-0.56276389 1.1573836 2.450269 3710649 3852277
-0.56274924 1.1573715 2.4501836 3710649 3852276
-0.56274924 1.1573715 2.4501836 3710649 3852276
-0.56276389 1.1573836 2.450269 3710649 3852277
-0.56276389 1.1573836 2.450269 3710649 3852277
-0.56276389 1.1573836 2.450269 3710649 3852277
-0.56276389 1.1573836 2.450269 3710649 3852277
-0.56276389 1.1573836 2.450269 3710649 3852277
-0.56276389 1.1573836 2.450269 3710649 3852277
-0.56276389 1.1573836 2.450269 3710649 3852277
-0.56276389 1.1573836 2.450269 3710649 3852277
-0.56276389 1.1573836 2.450269 3710649 3852277
-0.56276389 1.1573836 2.450269 3710649 3852277
-0.56276389 1.1573836 2.450269 3710649 3852277
-0.56276389 1.1573836 2.450269 3710649 3852277
-0.56276389 1.1573836 2.450269 3710649 3852277
-0.56276389 1.1573836 2.450269 3710649 3852277
-0.56276389 1.1573836 2.450269 3710649 3852277
-0.56276389 1.1573836 2.450269 3710649 3852277
-0.56276389 1.1573836 2.450269 3710649 3852277
-0.56276389 1.1573836 2.450269 3710649 3852277
-0.56274924 1.1573715 2.4501836 3710649 3852276
-0.56277852 1.1573957 2.4501838 3710650 3852277
-0.56277852 1.1573957 2.4501838 3710650 3852277
-0.56274924 1.1573715 2.4501836 3710649 3852276
-0.56274924 1.1573715 2.4501836 3710649 3852276
-0.56274924 1.1573715 2.4501836 3710649 3852276
-0.56274924 1.1573715 2.4501836 3710649 3852276
-0.56274924 1.1573715 2.4501836 3710649 3852276
-0.56274924 1.1573715 2.4501836 3710649 3852276
-0.56276389 1.1573836 2.450269 3710649 3852277
-0.56276389 1.1573836 2.450269 3710649 3852277
-0.56276389 1.1573836 2.450269 3710649 3852277
-0.56276389 1.1573836 2.450269 3710649 3852277
-0.56276389 1.1573836 2.450269 3710649 3852277
-0.56276389 1.1573836 2.450269 3710649 3852277
-0.56276389 1.1573836 2.450269 3710649 3852277
-0.56276389 1.1573836 2.450269 3710649 3852277
-0.56276389 1.1573836 2.450269 3710649 3852277
-0.56276389 1.1573836 2.450269 3710649 3852277
-0.56276389 1.1573836 2.450269 3710649 3852277
-0.56276389 1.1573836 2.450269 3710649 3852277
-0.56276389 1.1573836 2.450269 3710649 3852277
-0.56276389 1.1573836 2.450269 3710649 3852277
-0.56276389 1.1573836 2.450269 3710649 3852277
