1539938683708074 6015301 6157764
1539938683818072 6015301 6157764
1539938683929273 6015301 6157764
1539938683983818 6015301 6157764
1539938684149260 6015301 6157764
1539938684203613 6015300 6157764
1539938684313787 6015300 6157763
1539938684424526 6015300 6157764
1539938684533289 6015303 6157764
1539938684643584 6015300 6157763
1539938684753632 6015298 6157763
1539938684862800 6015297 6157764
1539938684974838 6015292 6157760
1539938685084119 6015305 6157763
1539938685138727 6015304 6157764
1539938685248567 6015303 6157760
1539938685359792 6015302 6157765
1539938685415094 6015306 6157764
1539938685578362 6015304 6157763
1539938685633123 6015305 6157763
1539938685744060 6015304 6157764
1539938685858596 6015304 6157764
1539938685908982 6015304 6157763
1539938686073829 6015305 6157763
1539938686183603 6015304 6157763
1539938686239342 6015304 6157763
1539938686348435 6015304 6157763
1539938686458336 6015305 6157763
1539938686568193 6015305 6157764
1539938686625874 6015304 6157763
1539938686734918 6015304 6157763
1539938686789371 6015305 6157763
1539938686953607 6015305 6157763
1539938687063608 6015304 6157763
1539938687118533 6015304 6157763
1539938687231462 6015304 6157763
1539938687338059 6015305 6157764
1539938687448079 6015305 6157764
1539938687557948 6015305 6157763
1539938687668886 6015291 6157755
1539938687723766 6015284 6157754
1539938687834234 6015231 6157740
1539938687943859 6015044 6157665
1539938688054102 6014615 6157457
1539938688109773 6014301 6157299
1539938688218461 6013497 6156859
1539938688328474 6012554 6156221
1539938688438242 6011573 6155398
1539938688549245 6010588 6154408
1539938688603757 6010087 6153856
1539938688773720 6008532 6152037
1539938688823764 6008010 6151405
1539938688934006 6006986 6150154
1539938689043489 6005959 6148913
1539938689153365 6004913 6147685
1539938689264157 6003848 6146451
1539938689320734 6003307 6145822
1539938689428959 6002195 6144506
1539938689540148 6001103 6143174
1539938689648922 6000059 6141903
1539938689759383 5999072 6140711
1539938689814713 5998599 6140142
1539938689925252 5997726 6139073
1539938690033238 5996910 6138074
1539938690143942 5996143 6137137
1539938690253578 5995410 6136251
1539938690364231 5994730 6135421
1539938690477007 5994116 6134671
1539938690529158 5993842 6134322
1539938690638689 5993367 6133682
1539938690748598 5992989 6133103
1539938690858520 5992722 6132540
1539938690970680 5992578 6131979
1539938691024290 5992553 6131689
1539938691133460 5992589 6131072
1539938691244242 5992692 6130403
1539938691354061 5992827 6129681
1539938691464714 5992975 6128918
1539938691575135 5993113 6128117
1539938691684499 5993237 6127285
1539938691793410 5993362 6126438
1539938691848642 5993429 6126010
1539938691958605 5993577 6125150
1539938692069223 5993770 6124289
1539938692179020 5994025 6123449
1539938692288875 5994340 6122638
1539938692344412 5994528 6122253
1539938692456581 5994974 6121531
1539938692563879 5995525 6120889
1539938692674681 5996192 6120372
1539938692783330 5996983 6120032
1539938692894337 5997902 6119885
1539938692949262 5998391 6119877
1539938693059085 5999422 6119982
1539938693169175 6000507 6120199
1539938693224901 6001079 6120356
1539938693333785 6002293 6120764
1539938693443692 6003584 6121262
1539938693556902 6004928 6121832
1539938693664650 6006314 6122489
1539938693774627 6007749 6123215
1539938693884441 6009211 6123970
1539938693994440 6010637 6124667
1539938694049008 6011314 6125012
1539938694159975 6012629 6125769
1539938694270515 6013886 6126642
1539938694379097 6015149 6127713
1539938694490558 6016423 6129004
1539938694598518 6017698 6130535
1539938694654765 6018332 6131389
1539938694764375 6019621 6133275
1539938694874327 6020945 6135403
1539938694985862 6022316 6137693
1539938695093927 6023769 6140006
1539938695148857 6024523 6141192
1539938695258993 6026081 6143649
1539938695368817 6027706 6146146
1539938695480472 6029377 6148607
1539938695534695 6030227 6149878
1539938695699384 6032902 6153768
1539938695754505 6033852 6155027
1539938695864280 6035854 6157500
1539938695974740 6037885 6159970
1539938696083936 6040025 6162391
1539938696193858 6042361 6164719
1539938696303804 6044852 6167043
1539938696359610 6046089 6168216
1539938696476602 6048591 6170522
1539938696579427 6051163 6172754
1539938696689639 6053737 6175008
1539938696799496 6056239 6177348
1539938696856092 6057512 6178504
1539938696964170 6060112 6180780
1539938697074987 6062644 6183094
1539938697184174 6065185 6185484
1539938697293778 6067854 6187848
1539938697404716 6070524 6190199
1539938697458599 6071839 6191395
1539938697569438 6074546 6193854
1539938697679327 6077316 6196265
1539938697789802 6080032 6198688
1539938697899189 6082778 6201196
1539938697953984 6084160 6202475
1539938698064024 6086857 6204996
1539938698175592 6089463 6207566
1539938698229668 6090776 6208889
1539938698339132 6093416 6211558
1539938698506711 6097245 6215517
1539938698559593 6098543 6216903
1539938698669348 6101169 6219685
1539938698724543 6102471 6221041
1539938698834964 6104990 6223730
1539938699004012 6108915 6227825
1539938699110872 6111582 6230466
1539938699167405 6112914 6231812
1539938699278644 6115666 6234592
1539938699384810 6118478 6237353
1539938699439561 6119846 6238716
1539938699604664 6123972 6242920
1539938699659515 6125379 6244307
1539938699774217 6128144 6247028
1539938699879105 6130882 6249792
1539938699989118 6133681 6252561
1539938700047794 6135068 6253906
1539938700212003 6139174 6257941
1539938700264724 6140594 6259306
1539938700376721 6143474 6261936
1539938700485054 6146327 6264554
1539938700594934 6149267 6267265
1539938700649144 6150761 6268633
1539938700759315 6153565 6271243
1539938700874089 6156404 6273911
1539938700980499 6159277 6276586
1539938701089831 6162046 6279148
1539938701144828 6163432 6280426
1539938701254614 6166235 6283030
1539938701364697 6168980 6285639
1539938701475399 6171613 6288150
1539938701584468 6174300 6290747
1539938701694821 6176927 6293389
1539938701751168 6178199 6294695
1539938701859065 6180749 6297342
1539938701969195 6183298 6300090
1539938702079968 6185769 6302817
1539938702189598 6188222 6305507
1539938702245501 6189477 6306870
1539938702354564 6192006 6309584
1539938702464522 6194458 6312199
1539938702575684 6196910 6314857
1539938702684120 6199383 6317568
1539938702794953 6201760 6320214
1539938702850425 6202907 6321535
1539938702959955 6205222 6324242
1539938703017717 6206402 6325597
1539938703179792 6209915 6329561
1539938703235614 6211074 6330911
1539938703400978 6214623 6334944
1539938703455368 6215836 6336239
1539938703564256 6218246 6338836
1539938703677263 6220687 6341489
1539938703785107 6223262 6344085
1539938703840042 6224564 6345372
1539938703949820 6227103 6348020
1539938704060120 6229693 6350721
1539938704173787 6232357 6353375
1539938704279637 6234976 6356118
1539938704389671 6237589 6358889
1539938704445249 6238950 6360243
1539938704555503 6241704 6362954
1539938704666455 6244419 6365753
1539938704775274 6247226 6368514
1539938704884910 6250075 6371247
1539938704939993 6251451 6372636
1539938705049643 6254260 6375431
1539938705159502 6257186 6378146
1539938705273360 6260089 6380942
1539938705379277 6263065 6383759
1539938705490246 6266127 6386477
1539938705544117 6267631 6387847
1539938705656362 6270692 6390617
1539938705773973 6273867 6393282
1539938705879083 6276956 6395955
1539938705929792 6278512 6397344
1539938706040669 6281663 6400195
1539938706149522 6284604 6403017
1539938706266433 6287463 6405963
1539938706314350 6288895 6407448
1539938706480231 6293014 6411770
1539938706590050 6295705 6414717
1539938706701004 6298401 6417618
1539938706755089 6299687 6419018
1539938706866618 6302229 6421879
1539938706976572 6304818 6424726
1539938707084874 6307431 6427511
1539938707140391 6308715 6428947
1539938707253153 6311305 6431867
1539938707359249 6313957 6434714
1539938707475103 6316560 6437561
1539938707580288 6319157 6440419
1539938707634894 6320506 6441791
1539938707745498 6323253 6444441
1539938707855756 6325980 6447088
1539938707965425 6328825 6449671
1539938708021180 6330282 6450919
1539938708130472 6333137 6453433
1539938708239297 6335920 6455998
1539938708350420 6338762 6458536
1539938708460360 6341469 6461081
1539938708574108 6344146 6463801
1539938708627009 6345490 6465204
1539938708790604 6349274 6469354
1539938708844586 6350445 6470782
1539938708954948 6352795 6473673
1539938709065544 6355118 6476467
1539938709180454 6357340 6479306
1539938709286755 6359518 6482050
1539938709395848 6361743 6484604
1539938709452121 6362868 6485843
1539938709560543 6365085 6488263
1539938709725173 6368302 6491549
1539938709779798 6369392 6492554
1539938709892614 6371561 6494472
1539938710000589 6373650 6496268
1539938710055710 6374657 6497107
1539938710165402 6376645 6498614
1539938710330348 6379642 6500254
1539938710385207 6380621 6500606
1539938710495122 6382517 6501008
1539938710604931 6384376 6501066
1539938710715184 6386237 6500886
1539938710773883 6387167 6500747
1539938710879830 6388973 6500411
1539938710991498 6390556 6500112
1539938711100901 6392126 6499816
1539938711210429 6393705 6499556
1539938711266162 6394491 6499439
1539938711375104 6396060 6499223
1539938711486520 6397625 6499056
1539938711594890 6399187 6498959
1539938711706045 6400829 6498960
1539938711815591 6402555 6499035
1539938711926624 6404366 6499187
1539938712035428 6406209 6499434
1539938712145827 6408087 6499824
1539938712255276 6410032 6500410
1539938712310103 6411030 6500789
1539938712424291 6413032 6501699
1539938712529913 6414966 6502792
1539938712639852 6416889 6504058
1539938712750757 6418841 6505406
1539938712805685 6419835 6506094
1539938712917904 6421801 6507481
1539938713025622 6423727 6508889
1539938713135440 6425661 6510340
1539938713245177 6427626 6511894
1539938713300067 6428595 6512714
1539938713410259 6430466 6514461
1539938713524032 6432273 6516340
1539938713577165 6433188 6517334
1539938713685936 6435086 6519435
1539938713795617 6437113 6521644
1539938713905652 6439214 6523857
1539938714015424 6441402 6526115
1539938714125236 6443703 6528483
1539938714235141 6446095 6530902
1539938714344984 6448513 6533305
1539938714455746 6450999 6535713
1539938714510015 6452325 6536968
1539938714623717 6455011 6539476
1539938714675891 6456320 6540681
1539938714840734 6460444 6544414
1539938714895645 6461850 6545690
1539938715060358 6465975 6549449
1539938715115434 6467362 6550695
1539938715227328 6470176 6553268
1539938715280117 6471547 6554569
1539938715390206 6474218 6557143
1539938715501670 6476903 6559780
1539938715610689 6479514 6562593
1539938715725364 6481962 6565445
1539938715830715 6484401 6568363
1539938715940334 6486843 6571377
1539938716050228 6489223 6574282
1539938716106603 6490435 6575736
1539938716217117 6492958 6578750
1539938716326073 6495568 6581697
1539938716435872 6498212 6584623
1539938716545900 6501050 6587592
1539938716655783 6504057 6590448
1539938716774558 6507122 6593309
1539938716877080 6510383 6596201
1539938716985510 6513641 6598983
1539938717040286 6515263 6600375
1539938717150830 6518606 6603204
1539938717262099 6521898 6606001
1539938717316036 6523521 6607396
1539938717429501 6526804 6610294
1539938717590843 6531498 6614732
1539938717646154 6533042 6616215
1539938717756917 6536122 6619275
1539938717865848 6539031 6622331
1539938717975557 6541938 6625394
1539938718030724 6543393 6626969
1539938718143362 6546223 6630099
1539938718250587 6549061 6633140
1539938718360168 6552019 6636259
1539938718473975 6554942 6639287
1539938718580835 6557938 6642327
1539938718635910 6559474 6643861
1539938718745550 6562514 6646902
1539938718856537 6565563 6649885
1539938718966802 6568765 6652934
1539938719075383 6571932 6655873
1539938719187550 6575174 6658791
1539938719242461 6576812 6660273
1539938719352423 6579984 6663180
1539938719463000 6583245 6666082
1539938719573694 6586538 6669079
1539938719681000 6589800 6672022
1539938719735811 6591482 6673496
1539938719845448 6594835 6676563
1539938719956412 6598120 6679631
1539938720066331 6601538 6682715
1539938720177532 6604856 6685884
1539938720231454 6606521 6687428
1539938720340870 6609914 6690525
1539938720451269 6613144 6693716
1539938720560650 6616450 6696861
1539938720616045 6618110 6698423
1539938720725614 6621298 6701617
1539938720837462 6624445 6704699
1539938720946674 6627472 6707773
1539938721056294 6630374 6710945
1539938721111072 6631849 6712512
1539938721275973 6636207 6717235
1539938721385816 6639001 6720343
1539938721441113 6640428 6721850
1539938721551513 6643244 6724928
1539938721662825 6645905 6728026
1539938721774603 6648579 6731043
1539938721881379 6651190 6734115
1539938721936273 6652427 6735626
1539938722046250 6654854 6738573
1539938722156150 6657292 6741593
1539938722266241 6659657 6744575
1539938722323919 6660787 6746012
1539938722431105 6663031 6748917
1539938722541092 6665295 6751847
1539938722650718 6667544 6754677
1539938722763203 6669716 6757553
1539938722874253 6671882 6760459
1539938722925375 6672976 6761882
1539938723036247 6675189 6764776
1539938723146394 6677313 6767733
1539938723256462 6679360 6770565
1539938723365919 6681444 6773446
1539938723476141 6683515 6776380
1539938723530724 6684525 6777794
1539938723640563 6686536 6780598
1539938723752104 6688601 6783444
1539938723861937 6690705 6786199
1539938723974106 6692802 6788945
1539938724083610 6694901 6791843
1539938724136030 6695977 6793278
1539938724246024 6698200 6796064
1539938724355942 6700487 6798913
1539938724410744 6701598 6800314
1539938724576880 6705037 6804298
1539938724631453 6706228 6805612
1539938724741417 6708583 6808310
1539938724855565 6710833 6810972
1539938724961082 6713045 6813643
1539938725073998 6715268 6816411
1539938725181041 6717516 6819072
1539938725236733 6718645 6820371
1539938725346351 6720975 6823012
1539938725455585 6723407 6825646
1539938725565625 6725827 6828160
1539938725680403 6728240 6830694
1539938725731395 6729488 6831998
1539938725841210 6732058 6834571
1539938725951058 6734634 6837051
1539938726061652 6737283 6839556
1539938726116642 6738682 6840803
1539938726226386 6741555 6843201
1539938726336590 6744449 6845460
1539938726446626 6747544 6847665
1539938726556445 6750738 6849786
1539938726666497 6753987 6851744
1539938726777891 6757389 6853616
1539938726831136 6759023 6854506
1539938726941741 6762289 6856234
1539938727050902 6765628 6857781
1539938727106238 6767254 6858479
1539938727218860 6770536 6859713
1539938727329505 6773857 6860720
1539938727437103 6777053 6861552
1539938727546426 6780366 6862275
1539938727656280 6783717 6862892
1539938727769115 6787062 6863502
1539938727881871 6790389 6864172
1539938727931031 6791961 6864577
1539938728041758 6795065 6865572
1539938728151734 6798169 6866788
1539938728261725 6801111 6868229
1539938728374449 6804002 6869868
1539938728426425 6805435 6870786
1539938728536403 6808162 6872801
1539938728646427 6810810 6874933
1539938728701266 6812152 6876002
1539938728810976 6814876 6878170
1539938728924813 6817534 6880436
1539938729032586 6820200 6882759
1539938729142457 6822886 6885109
1539938729252050 6825502 6887545
1539938729362641 6828195 6890078
1539938729416976 6829590 6891342
1539938729526964 6832149 6893759
1539938729636529 6834812 6896343
1539938729747130 6837574 6898894
1539938729856959 6840394 6901407
1539938729910957 6841777 6902658
1539938730077461 6846116 6906543
1539938730131711 6847596 6907848
1539938730241764 6850497 6910439
1539938730296503 6851971 6911745
1539938730461254 6856507 6915759
1539938730516193 6857976 6917060
1539938730629327 6860963 6919626
1539938730736360 6864050 6922286
1539938730845994 6866999 6924860
1539938730956182 6869943 6927400
1539938731011795 6871402 6928705
1539938731123620 6874083 6931344
1539938731231476 6876569 6933965
1539938731341245 6878913 6936703
1539938731451317 6881016 6939683
1539938731561287 6882906 6942709
1539938731617079 6883818 6944244
1539938731726877 6885618 6947408
1539938731837677 6887407 6950531
1539938731946799 6889068 6953642
1539938732001680 6889834 6955218
1539938732111534 6891326 6958353
1539938732224550 6892778 6961420
1539938732331298 6894221 6964521
1539938732442206 6895633 6967453
1539938732552026 6896997 6970347
1539938732662343 6898288 6973211
1539938732717083 6898915 6974584
1539938732828749 6900147 6977268
1539938732936557 6901420 6980018
1539938733047155 6902656 6982658
1539938733159217 6903826 6985197
1539938733266285 6904927 6987802
1539938733324245 6905458 6989103
1539938733432100 6906495 6991603
1539938733542048 6907517 6994085
1539938733653907 6908508 6996582
1539938733709670 6908993 6997805
1539938733817098 6909962 7000203
1539938733928648 6910929 7002604
1539938734036470 6911898 7005007
1539938734146258 6912840 7007333
1539938734256238 6913750 7009620
1539938734312592 6914204 7010784
1539938734423920 6915117 7013126
1539938734532054 6916029 7015378
1539938734642507 6916938 7017558
1539938734696658 6917390 7018655
1539938734861871 6918767 7021944
1539938734916628 6919243 7023003
1539938735026551 6920235 7025056
1539938735136262 6921312 7027066
1539938735247382 6922514 7029034
1539938735302246 6923170 7029976
1539938735411969 6924643 7031765
1539938735525116 6926367 7033502
1539938735631850 6928337 7035244
1539938735741635 6930463 7036999
1539938735857546 6932694 7038789
1539938735962601 6935092 7040647
1539938736017250 6936356 7041617
1539938736127410 6938878 7043641
1539938736237296 6941430 7045792
1539938736346923 6944147 7048026
1539938736401914 6945540 7049178
1539938736567357 6949674 7052869
1539938736623681 6951092 7054157
1539938736731605 6954011 7056754
1539938736842435 6956889 7059372
1539938736952842 6959893 7062045
1539938737062191 6962992 7064656
1539938737117230 6964524 7065937
1539938737228995 6967622 7068545
1539938737337033 6970745 7071198
1539938737447852 6973723 7073793
1539938737556657 6976762 7076457
1539938737667040 6979780 7079226
1539938737723540 6981257 7080615
1539938737832369 6984254 7083420
1539938737998812 6988688 7087870
1539938738052363 6990123 7089344
1539938738162185 6993089 7092340
1539938738273926 6996064 7095426
1539938738381753 6998975 7098412
1539938738437629 7000461 7099895
1539938738546820 7003457 7102919
1539938738657569 7006320 7105861
1539938738768726 7009267 7108759
1539938738879560 7012240 7111721
1539938738932413 7013684 7113149
1539938739097127 7018053 7117300
1539938739151990 7019501 7118699
1539938739262350 7022283 7121420
1539938739316903 7023684 7122740
1539938739481995 7028015 7126761
1539938739592975 7030838 7129401
1539938739647550 7032251 7130658
1539938739756653 7035103 7133173
1539938739869291 7037809 7135711
1539938739977564 7040442 7138152
1539938740087239 7043119 7140529
1539938740196989 7045650 7142935
1539938740307410 7048035 7145334
1539938740416713 7050271 7147691
1539938740475910 7051314 7148906
1539938740582637 7053252 7151422
1539938740692594 7055066 7153923
1539938740802261 7056856 7156280
1539938740912174 7058654 7158618
1539938741023908 7060546 7160885
1539938741132163 7062602 7163115
1539938741188879 7063673 7164227
1539938741297992 7065916 7166501
1539938741409035 7068295 7168896
1539938741518827 7070422 7171068
1539938741630173 7072392 7173015
1539938741682266 7073378 7173989
1539938741792198 7075356 7175940
1539938741902279 7077205 7177776
1539938742014119 7078962 7179513
1539938742123925 7080649 7181161
1539938742178993 7081469 7181965
1539938742287932 7083099 7183573
1539938742397708 7084670 7185131
1539938742510004 7086127 7186587
1539938742617844 7087510 7187964
1539938742731592 7088869 7189280
1539938742782266 7089568 7189937
1539938742892900 7090987 7191248
1539938742947045 7091694 7191913
1539938743112045 7093751 7193995
1539938743170737 7094407 7194717
1539938743277945 7095713 7196200
1539938743387717 7097047 7197770
1539938743497626 7098414 7199446
1539938743608369 7099773 7201229
1539938743662443 7100426 7202147
1539938743774700 7101653 7203993
1539938743883198 7102858 7205866
1539938743992482 7104146 7207772
1539938744050947 7104843 7208730
1539938744156971 7106350 7210603
1539938744324822 7108799 7213321
1539938744377793 7109639 7214236
1539938744487713 7111277 7216061
1539938744543480 7112097 7216981
1539938744707899 7114626 7219652
1539938744818245 7116404 7221347
1539938744927188 7118222 7223038
1539938744982084 7119126 7223893
1539938745092266 7120956 7225633
1539938745202922 7122809 7227325
1539938745314837 7124633 7228927
1539938745367937 7125523 7229699
1539938745477543 7127230 7231267
1539938745587403 7128917 7232917
1539938745697521 7130620 7234634
1539938745752377 7131500 7235470
1539938745917146 7134268 7237792
1539938746028042 7136149 7239295
1539938746082009 7137101 7240061
1539938746192893 7139049 7241626
1539938746302614 7141048 7243185
1539938746412714 7143029 7244704
1539938746524374 7144921 7246169
1539938746577438 7145853 7246893
1539938746687335 7147699 7248327
1539938746797086 7149517 7249746
1539938746908031 7151258 7251284
1539938747018136 7152844 7252955
1539938747128941 7154373 7254849
1539938747241599 7155944 7257031
1539938747347694 7157609 7259353
1539938747402708 7158484 7260523
1539938747512578 7160292 7262888
1539938747624344 7162232 7265364
1539938747732063 7164370 7267908
1539938747843133 7166668 7270380
1539938747956537 7168984 7272868
1539938748008094 7170168 7274135
1539938748117774 7172654 7276638
1539938748227582 7175246 7279078
1539938748337618 7177796 7281580
1539938748448214 7180368 7284136
1539938748558339 7182952 7286645
1539938748612442 7184203 7287906
1539938748725144 7186649 7290501
1539938748833729 7189128 7293062
1539938748943004 7191622 7295506
1539938749057033 7194021 7297969
1539938749107995 7195216 7299215
1539938749217540 7197634 7301657
1539938749330638 7200022 7304023
1539938749439363 7202286 7306393
1539938749548977 7204584 7308767
1539938749657326 7206973 7311032
1539938749713804 7208166 7312131
1539938749824179 7210483 7314310
1539938749933453 7212808 7316406
1539938750043008 7215215 7318375
1539938750097851 7216408 7319320
1539938750207755 7218716 7321223
1539938750318664 7220991 7323200
1539938750427464 7223277 7325184
1539938750538405 7226648 7328064
1539938750592212 7226648 7328064
1539938750759479 7230074 7331042
1539938750812996 7231248 7332080
1539938750923973 7233528 7334177
1539938751032939 7235755 7336279
1539938751142712 7238083 7338431
1539938751252640 7240484 7340621
1539938751362745 7242885 7342797
1539938751474391 7245348 7344965
1539938751584411 7247887 7347222
1539938751638338 7249144 7348383
1539938751748102 7251599 7350720
1539938751858921 7254127 7353075
1539938751967912 7256770 7355565
1539938752078609 7259417 7358185
1539938752132723 7260761 7359493
1539938752242580 7263508 7362123
1539938752353428 7266260 7364862
1539938752463288 7268952 7367590
1539938752575435 7271705 7370313
1539938752628138 7273080 7371723
1539938752742715 7275744 7374649
1539938752847893 7278422 7377614
1539938752957807 7281095 7380724
1539938753068087 7283670 7383855
1539938753177838 7286242 7386903
1539938753287569 7288931 7390014
1539938753343919 7290293 7391534
1539938753453436 7293011 7394485
1539938753509121 7294434 7395981
1539938753675173 7299000 7400461
1539938753728176 7300515 7401891
1539938753838390 7303634 7404790
1539938753947866 7306794 7407681
1539938754058501 7309857 7410483
1539938754167707 7312952 7413320
1539938754279901 7315972 7416121
1539938754332663 7317437 7417465
1539938754445485 7320460 7420156
1539938754553260 7323556 7422881
1539938754663247 7326642 7425534
1539938754773954 7329825 7428200
1539938754883648 7332896 7430946
1539938754992881 7335931 7433620
1539938755102718 7339009 7436273
1539938755214074 7341931 7439005
1539938755270259 7343359 7440353
1539938755379207 7346190 7443010
1539938755488459 7348838 7445758
1539938755598670 7351427 7448568
1539938755653176 7352769 7449945
1539938755819364 7356820 7454125
1539938755874094 7358157 7455541
1539938755982967 7360903 7458292
1539938756093638 7363708 7461040
1539938756203535 7366399 7463867
1539938756313940 7369114 7466663
1539938756369765 7370504 7468049
1539938756483637 7373248 7470912
1539938756588149 7375941 7473769
1539938756644219 7377314 7475175
1539938756753666 7380094 7478073
1539938756862806 7382823 7481070
1539938757028908 7387155 7485489
1539938757083971 7388621 7487001
1539938757248460 7392996 7491476
1539938757303523 7394490 7492961
1539938757413288 7397394 7496004
1539938757468275 7398808 7497517
1539938757578526 7401671 7500489
1539938757688004 7404623 7503524
1539938757797912 7407505 7506521
1539938757907748 7410484 7509459
1539938758018937 7413490 7512512
1539938758128746 7416396 7515562
1539938758238765 7419353 7518632
1539938758348895 7422264 7521845
1539938758458426 7425069 7525026
1539938758513356 7426495 7526658
1539938758678149 7430726 7531706
1539938758734019 7432112 7533361
1539938758843483 7435013 7536772
1539938758955700 7438004 7540121
1539938759009653 7439491 7541780
1539938759120331 7442541 7545248
1539938759228734 7445578 7548686
1539938759339178 7448462 7552169
1539938759448468 7451348 7555738
1539938759558267 7454224 7559263
1539938759668914 7456993 7562921
1539938759724019 7458395 7564711
1539938759833069 7461260 7568309
1539938759888409 7462674 7570147
1539938760054636 7466880 7575492
1539938760163569 7469750 7579160
1539938760274442 7472532 7582748
1539938760329376 7473919 7584586
1539938760438637 7476708 7588280
1539938760548257 7479429 7591892
1539938760659530 7482075 7595607
1539938760768970 7484808 7599136
1539938760824132 7486209 7600888
1539938760934136 7489025 7604338
1539938761043823 7492004 7607592
1539938761153552 7495089 7610868
1539938761208576 7496628 7612495
1539938761374368 7501310 7617252
1539938761428451 7502891 7618879
1539938761538496 7505937 7622061
1539938761654733 7509020 7625261
1539938761759799 7511969 7628382
1539938761870873 7514865 7631442
1539938761924864 7516340 7632979
1539938762033904 7519291 7636089
1539938762143780 7522212 7639150
1539938762254082 7525178 7642238
1539938762363436 7528194 7645361
1539938762478578 7531136 7648377
1539938762583084 7534179 7651433
1539938762694294 7537186 7654414
1539938762748975 7538660 7655855
1539938762858863 7541662 7658792
1539938762968684 7544599 7661730
1539938763087868 7547449 7664596
1539938763191428 7550435 7667554
1539938763299097 7553470 7670516
1539938763354194 7554968 7671958
1539938763464053 7558038 7674926
1539938763575767 7561093 7677965
1539938763684224 7564042 7680981
1539938763794470 7567046 7684118
1539938763849069 7568558 7685701
1539938763958746 7571492 7688800
1539938764069056 7574473 7691992
1539938764178966 7577507 7695208
1539938764289443 7580550 7698416
1539938764399109 7583776 7701755
1539938764454828 7585388 7703397
1539938764564374 7588508 7706685
1539938764674863 7591656 7710147
1539938764785476 7594691 7713616
1539938764893869 7597663 7717223
1539938765004793 7600687 7720787
1539938765113491 7603621 7724356
1539938765224444 7606610 7727966
1539938765335614 7609651 7731535
1539938765389105 7611115 7733393
1539938765499117 7614027 7737052
1539938765609270 7616995 7740754
1539938765719029 7619858 7744536
1539938765828706 7622675 7748260
1539938765938689 7625524 7752001
1539938765993989 7626892 7753795
1539938766103636 7629596 7757423
1539938766214272 7632440 7761002
1539938766324145 7635335 7764459
1539938766379679 7636764 7766218
1539938766489081 7639675 7769624
1539938766598875 7642607 7773028
1539938766708924 7645423 7776509
1539938766818864 7648302 7779916
1539938766928684 7651144 7783436
1539938767039346 7653913 7786849
1539938767094270 7655321 7788558
1539938767204353 7658172 7792029
1539938767314222 7660960 7795382
1539938767424198 7663839 7798783
1539938767535161 7666799 7802092
1539938767590362 7668259 7803703
1539938767703353 7671208 7807001
1539938767808597 7674220 7810209
1539938767919507 7677155 7813325
1539938767974580 7678632 7814910
1539938768140057 7683260 7819481
1539938768196197 7684782 7820968
1539938768304333 7687863 7824009
1539938768414199 7691007 7827009
1539938768524834 7694011 7830005
1539938768633742 7697101 7833093
1539938768688680 7698682 7834608
1539938768799622 7701813 7837694
1539938768909941 7704983 7840945
1539938769023403 7708218 7844174
1539938769074396 7709801 7845814
1539938769184242 7713060 7849187
1539938769294141 7716453 7852469
1539938769404053 7719719 7855776
1539938769459009 7721367 7857430
1539938769569268 7724672 7860640
1539938769680342 7727817 7863837
1539938769788620 7730995 7866974
1539938769899633 7734102 7869996
1539938769954699 7735613 7871522
1539938770121044 7740168 7876015
1539938770230090 7743014 7878874
1539938770284262 7744401 7880296
1539938770394249 7747168 7883025
1539938770504415 7749837 7885607
1539938770613990 7752384 7888176
1539938770726776 7754916 7890695
1539938770779627 7756172 7891908
1539938770889552 7758594 7894310
1539938770999333 7760980 7896754
1539938771109195 7763430 7899176
1539938771219181 7765836 7901492
1539938771329122 7768153 7903801
1539938771384145 7769309 7904969
1539938771494827 7771594 7907238
1539938771604606 7773786 7909373
1539938771715567 7775851 7911449
1539938771824622 7777876 7913515
1539938771935211 7779897 7915497
1539938772044490 7781896 7917402
1539938772154161 7783872 7919363
1539938772215443 7784887 7920392
1539938772319720 7787028 7922547
1539938772429752 7789355 7924786
1539938772539563 7791768 7927132
1539938772649511 7794303 7929643
1539938772704675 7795640 7930937
1539938772814846 7798377 7933521
1539938772925203 7801108 7936191
1539938773034351 7803932 7939011
1539938773145044 7806766 7941765
1539938773200338 7808137 7943121
1539938773309961 7810926 7945896
1539938773423853 7813848 7948708
1539938773529681 7816760 7951523
1539938773584867 7818241 7952987
1539938773696258 7821290 7955980
1539938773804824 7824317 7958943
1539938773914150 7827391 7961988
1539938774027162 7830609 7965075
1539938774134880 7833767 7968077
1539938774244962 7836994 7971158
1539938774299891 7838614 7972700
1539938774409601 7841770 7975750
1539938774519674 7845097 7978951
1539938774632411 7848467 7982168
1539938774739275 7851804 7985366
1539938774794231 7853507 7987017
1539938774904800 7856837 7990303
1539938775014869 7860071 7993570
1539938775125051 7863369 7996902
1539938775234759 7866564 8000102
1539938775344797 7869826 8003365
1539938775454453 7873071 8006628
1539938775510288 7874659 8008227
1539938775619296 7877910 8011500
1539938775729465 7881147 8014765
1539938775840123 7884352 8018031
1539938775951440 7887589 8021473
1539938776059897 7890717 8024882
1539938776174337 7893917 8028388
1539938776281112 7897155 8031845
1539938776389601 7900351 8035283
1539938776444978 7902003 8037041
1539938776555481 7905319 8040495
1539938776664899 7908572 8043972
1539938776830137 7913598 8049113
1539938776886035 7915236 8050816
1539938776994949 7918577 8054286
1539938777105108 7921878 8057661
1539938777214775 7925048 8061096
1539938777326857 7928281 8064501
1539938777379628 7929869 8066200
1539938777489372 7933051 8069727
1539938777603294 7936338 8073211
1539938777709092 7939519 8076650
1539938777823953 7942737 8080076
1539938777878946 7944397 8081748
1539938777984998 7947650 8085223
1539938778094654 7950910 8088789
1539938778204584 7954187 8092382
1539938778314622 7957345 8096094
1539938778376454 7958966 8097912
1539938778484427 7962225 8101656
1539938778589405 7965410 8105452
1539938778701732 7968666 8109257
1539938778810109 7971833 8113140
1539938778924551 7974986 8117020
1539938778977013 7976611 8119053
1539938779085015 7979789 8123067
1539938779194591 7982919 8127184
1539938779306447 7986083 8131196
1539938779415564 7989137 8135297
1539938779474386 7990687 8137333
1539938779580443 7993915 8141356
1539938779690234 7997122 8145472
1539938779800665 8000387 8149504
1539938779909923 8003621 8153658
1539938780023755 8006688 8157713
1539938780075950 8008231 8159816
1539938780184571 8011290 8163922
1539938780296537 8014159 8168127
1539938780405322 8016969 8172298
1539938780515421 8019627 8176577
1539938780574160 8020850 8178691
1539938780680044 8023128 8182901
1539938780792196 8025233 8187184
1539938780900113 8027053 8191422
1539938781013414 8028518 8195672
1539938781124607 8029678 8199869
1539938781178622 8030172 8201983
1539938781285352 8031039 8205992
1539938781395317 8031806 8209899
1539938781505415 8032592 8213476
1539938781615111 8033443 8216934
1539938781674607 8033930 8218594
1539938781779834 8035056 8221678
1539938781889773 8036435 8224675
1539938782001644 8038092 8227480
1539938782110650 8040058 8230076
1539938782224762 8042286 8232622
1539938782276270 8043471 8233870
1539938782440245 8047174 8237406
1539938782495050 8048476 8238545
1539938782605382 8051146 8240810
1539938782714859 8053767 8242987
1539938782826082 8056417 8245040
1539938782935659 8059191 8247043
1539938783045662 8061957 8249061
1539938783100814 8063347 8250069
1539938783210450 8066166 8252021
1539938783324214 8068953 8253918
1539938783430193 8071623 8255816
1539938783540379 8074345 8257729
1539938783594923 8075715 8258661
1539938783704917 8078406 8260454
1539938783814827 8081134 8262160
1539938783925789 8083975 8263833
1539938784036499 8086745 8265505
1539938784145534 8089485 8267184
1539938784200675 8090872 8268016
1539938784313470 8093627 8269678
1539938784424236 8096314 8271387
1539938784479414 8097662 8272271
1539938784639889 8101604 8275119
1539938784749862 8103998 8277097
1539938784805684 8105190 8278114
1539938784916365 8107576 8280222
1539938785025580 8109932 8282428
1539938785135338 8112280 8284689
1539938785245296 8114781 8287009
1539938785355282 8117383 8289481
1539938785410176 8118650 8290751
1539938785523940 8121211 8293253
1539938785631704 8123901 8295751
1539938785740864 8126594 8298311
1539938785850915 8129228 8300826
1539938785905486 8130546 8302031
1539938786015952 8133196 8304413
1539938786129347 8135775 8306866
1539938786180493 8137058 8308089
1539938786290450 8139721 8310518
1539938786400171 8142471 8313059
1539938786512675 8145173 8315749
1539938786623724 8147948 8318483
1539938786731173 8150706 8321312
1539938786841079 8153406 8324300
1539938786951233 8156214 8327217
1539938787005557 8157651 8328683
1539938787115699 8160471 8331685
1539938787227435 8163356 8334636
1539938787335045 8166358 8337539
1539938787446009 8169319 8340477
1539938787500822 8170832 8341896
1539938787612179 8173953 8344664
1539938787724577 8176987 8347539
1539938787834027 8180062 8350459
1539938787940350 8183225 8353364
1539938788050115 8186306 8356379
1539938788105201 8187886 8357871
1539938788216998 8191112 8360806
1539938788381948 8195966 8365521
1539938788436460 8197632 8367108
1539938788546173 8200873 8370333
1539938788655776 8204060 8373717
1539938788767607 8207336 8377067
1539938788882657 8210470 8380540
1539938788930735 8212051 8382275
1539938789040378 8215205 8385625
1539938789150501 8218224 8388999
1539938789261014 8221279 8392254
1539938789374041 8224412 8395464
1539938789429017 8225952 8397092
1539938789535967 8229105 8400238
1539938789647920 8232293 8403289
1539938789755604 8235363 8406402
1539938789865348 8238493 8409426
1539938789975706 8241602 8412499
1539938790031151 8243131 8414060
1539938790141161 8246239 8417106
1539938790250969 8249331 8420178
1539938790361393 8252315 8423291
1539938790474748 8255432 8426312
1539938790582358 8258516 8429393
1539938790635898 8260034 8430929
1539938790745595 8263102 8433885
1539938790856604 8266082 8436837
1539938790965236 8268958 8439794
1539938791075197 8271890 8442666
1539938791131065 8273329 8444131
1539938791241167 8276073 8447145
1539938791350821 8278772 8450154
1539938791461491 8281366 8453277
1539938791574562 8283779 8456527
1539938791680671 8286124 8459768
1539938791736057 8287272 8461456
1539938791845385 8289455 8464866
1539938791956360 8291439 8468213
1539938792066109 8293300 8471645
1539938792124135 8294196 8473320
1539938792231040 8295933 8476643
1539938792340867 8297585 8480077
1539938792395820 8298368 8481758
1539938792562465 8300637 8486803
1539938792675172 8302155 8490143
1539938792728420 8302917 8491771
1539938792836322 8304416 8495107
1539938792946446 8305870 8498420
1539938793056221 8307247 8501677
1539938793111173 8307926 8503344
1539938793223918 8309279 8506587
1539938793330694 8310646 8509772
1539938793440581 8312024 8513020
1539938793550459 8313424 8516130
1539938793660796 8314884 8519256
1539938793774574 8316482 8522395
1539938793881167 8318228 8525470
1539938793990963 8320131 8528600
1539938794100913 8322186 8531627
1539938794156112 8323222 8533089
1539938794265838 8325363 8536004
1539938794378760 8327681 8538828
1539938794487071 8330110 8541540
1539938794595510 8332509 8544318
1539938794706191 8334973 8547091
1539938794761691 8336259 8548461
1539938794874148 8338859 8551259
1539938794981152 8341452 8554106
1539938795091240 8344187 8556869
1539938795200679 8347024 8559644
1539938795255903 8348418 8561045
1539938795365651 8351266 8563764
1539938795476644 8354263 8566429
1539938795586596 8357232 8569139
1539938795696224 8360247 8571732
1539938795752152 8361772 8572971
1539938795861495 8364723 8575456
1539938795974049 8367596 8577942
1539938796080929 8370491 8580328
1539938796192461 8373306 8582631
1539938796300724 8376096 8584967
1539938796411432 8378983 8587281
1539938796468932 8380395 8588418
1539938796576377 8383178 8590713
1539938796686536 8386059 8593123
1539938796796032 8388940 8595582
1539938796905955 8391775 8598027
1539938796961117 8393219 8599279
1539938797074819 8396120 8601916
1539938797180975 8398949 8604640
1539938797291641 8401908 8607452
1539938797346722 8403414 8608917
1539938797457481 8406363 8611862
1539938797566250 8409336 8614727
1539938797679136 8412354 8617654
1539938797786165 8415321 8620567
1539938797896107 8418354 8623404
1539938798005984 8421402 8626325
1539938798116105 8424407 8629255
1539938798226488 8427473 8632207
1539938798281551 8428982 8633744
1539938798391506 8431877 8636837
1539938798501337 8434789 8639890
1539938798611286 8437694 8643097
1539938798667591 8439120 8644715
1539938798777124 8442011 8647889
1539938798886539 8444963 8651176
1539938798995790 8447842 8654414
1539938799107447 8450872 8657663
1539938799219551 8454003 8660953
1539938799326177 8457137 8664141
1539938799436545 8460373 8667406
1539938799546647 8463496 8670623
1539938799601558 8465034 8672217
1539938799711591 8468168 8675530
1539938799824096 8471272 8678834
1539938799931011 8474339 8682139
1539938800041753 8477475 8685538
1539938800096650 8478991 8687192
1539938800261550 8483608 8692356
1539938800316549 8485217 8694125
1539938800426398 8488403 8697649
1539938800536369 8491633 8701306
1539938800646053 8494844 8704832
1539938800759367 8497939 8708471
1539938800865942 8501154 8712111
1539938800926985 8502763 8713935
1539938801032279 8505900 8717711
1539938801141743 8509122 8721405
1539938801251395 8512278 8725225
1539938801308796 8513826 8727140
1539938801416282 8517017 8730950
1539938801526176 8520200 8734906
1539938801636047 8523343 8738825
1539938801745941 8526532 8742892
1539938801802019 8528066 8744869
1539938801912042 8531099 8748882
1539938802023679 8534246 8752856
1539938802131957 8537351 8756809
1539938802241427 8540486 8760743
1539938802296773 8542097 8762646
1539938802408113 8545288 8766521
1539938802517031 8548551 8770266
1539938802629617 8551945 8774075
1539938802736964 8555236 8777780
1539938802846875 8558563 8781455
1539938802901729 8560186 8783297
1539938803011918 8563322 8786881
1539938803124670 8566530 8790530
1539938803231530 8569647 8794071
1539938803344179 8572698 8797552
1539938803451279 8575809 8801010
1539938803561282 8578837 8804382
1539938803617854 8580380 8806110
1539938803726806 8583583 8809517
1539938803782152 8585170 8811170
1539938803891895 8588330 8814558
1539938804056752 8593136 8819518
1539938804111747 8594665 8821158
1539938804224351 8597753 8824455
1539938804331446 8600857 8827594
1539938804441376 8603858 8830775
1539938804552005 8606958 8833969
1539938804606968 8608508 8835538
1539938804716907 8611508 8838777
1539938804827489 8614531 8842027
1539938804936808 8617565 8845182
1539938804991579 8619035 8846795
1539938805101433 8622000 8849996
1539938805211321 8625014 8853108
1539938805324808 8627884 8856309
1539938805432158 8630786 8859426
1539938805542257 8633697 8862494
1539938805651974 8636506 8865580
1539938805708187 8637920 8867057
1539938805816655 8640769 8869999
1539938805928736 8643497 8872993
1539938806036593 8646195 8875876
1539938806150601 8648928 8878706
1539938806256828 8651554 8881530
1539938806312416 8652828 8882878
1539938806424217 8655375 8885491
1539938806532555 8657885 8888112
1539938806642779 8660260 8890682
1539938806751842 8662594 8893120
1539938806861903 8664959 8895558
1539938806916528 8666129 8896757
1539938807027405 8668372 8899042
1539938807136392 8670558 8901192
1539938807247377 8672908 8903229
1539938807357209 8675254 8905032
1539938807412393 8676452 8905891
1539938807524365 8678973 8907477
1539938807631764 8681646 8908969
1539938807743827 8684330 8910532
1539938807796493 8685680 8911353
1539938807906387 8688448 8913051
1539938808017397 8691262 8914808
1539938808127908 8694022 8916616
1539938808237179 8696919 8918528
1539938808346975 8699874 8920564
1539938808456980 8702828 8922706
1539938808513611 8704351 8923788
1539938808625371 8707458 8925958
1539938808731672 8710506 8928183
1539938808842371 8713711 8930451
1539938808952210 8716964 8932653
1539938809007878 8718585 8933745
1539938809117083 8721913 8935953
1539938809229168 8725201 8938200
1539938809336780 8728425 8940420
1539938809446694 8731698 8942625
1539938809557673 8734814 8944920
1539938809612696 8736363 8946099
1539938809724653 8739445 8948421
1539938809832484 8742351 8950710
1539938809942139 8745226 8953067
1539938809997550 8746679 8954266
1539938810161930 8750861 8957824
1539938810217083 8752201 8959003
1539938810327009 8754864 8961461
1539938810437509 8757332 8963967
1539938810546686 8759590 8966358
1539938810657402 8761831 8968749
1539938810712507 8762943 8969931
1539938810824399 8765074 8972253
1539938810932400 8767075 8974463
1539938811042061 8769043 8976618
1539938811097332 8770004 8977676
1539938811207029 8771864 8979737
1539938811316908 8773611 8981673
1539938811426698 8775288 8983533
1539938811537632 8776938 8985384
1539938811647597 8778580 8987213
1539938811757462 8780193 8988968
1539938811869368 8781756 8990631
1539938811977153 8783378 8992238
1539938812032337 8784248 8993038
1539938812141947 8786096 8994593
1539938812251806 8788149 8996164
1539938812361996 8790221 8997768
1539938812474601 8792251 8999316
1539938812582376 8794406 9000966
1539938812637499 8795504 9001818
1539938812747337 8797721 9003597
1539938812857283 8799889 9005422
1539938812967032 8802096 9007301
1539938813077386 8804329 9009318
1539938813132294 8805425 9010382
1539938813242666 8807579 9012583
1539938813352633 8809791 9014828
1539938813462563 8812079 9017244
1539938813574931 8814457 9019807
1539938813627292 8815649 9021110
1539938813792385 8819240 9024853
1539938813847117 8820456 9026108
1539938813956888 8822890 9028689
1539938814066975 8825246 9031175
1539938814176991 8827598 9033615
1539938814232795 8828769 9034842
1539938814343121 8831020 9037259
1539938814453267 8833242 9039586
1539938814562354 8835562 9041917
1539938814674339 8837991 9044317
1539938814782060 8840417 9046669
1539938814837013 8841643 9047823
1539938814947004 8844163 9050182
1539938815057883 8846708 9052653
1539938815167822 8849135 9055145
1539938815224615 8850321 9056366
1539938815387487 8853807 9060136
1539938815442725 8854938 9061397
1539938815552275 8857193 9063839
1539938815663144 8859568 9066284
1539938815774021 8862040 9068799
1539938815828985 8863290 9070060
1539938815939678 8865795 9072539
1539938816047793 8868420 9074994
1539938816157741 8871129 9077458
1539938816267661 8873801 9079810
1539938816377392 8876582 9082053
1539938816432375 8878010 9083177
1539938816597269 8882208 9086538
1539938816707380 8885053 9088711
1539938816818647 8887883 9090886
1539938816875579 8889248 9092000
1539938816983850 8891957 9094237
1539938817037630 8893337 9095338
1539938817203179 8897358 9098654
1539938817261455 8898642 9099827
1539938817367474 8901236 9102272
1539938817480444 8903794 9104736
1539938817587137 8906254 9107228
1539938817698056 8908816 9109814
1539938817752976 8910170 9111128
1539938817862709 8912924 9113756
1539938817974847 8915644 9116477
1539938818030554 8917004 9117881
1539938818192379 8921119 9122172
1539938818247277 8922425 9123644
1539938818358012 8925031 9126658
1539938818468007 8927697 9129623
1539938818577973 8930288 9132652
1539938818633042 8931563 9134230
1539938818797785 8935424 9138961
1539938818857692 8936667 9140570
1539938818962764 8939075 9143931
1539938819074471 8941397 9147184
1539938819182920 8943655 9150503
1539938819292326 8945809 9153826
1539938819403412 8947833 9157103
1539938819457151 8948826 9158789
1539938819567958 8950779 9162068
1539938819677744 8952662 9165306
1539938819787934 8954388 9168604
1539938819897556 8956009 9171780
1539938820007700 8957582 9175023
1539938820064445 8958363 9176662
1539938820174263 8959865 9179871
1539938820282596 8961219 9183134
1539938820393436 8962474 9186407
1539938820448119 8963083 9188001
1539938820558962 8964311 9191276
1539938820667845 8965583 9194511
1539938820777935 8966907 9197724
1539938820887544 8968274 9201037
1539938820942476 8968973 9202649
1539938821052567 8970413 9205849
1539938821163186 8971938 9209101
1539938821274095 8973626 9212204
1539938821383227 8975514 9215302
1539938821493014 8977548 9218381
1539938821602751 8979675 9221309
1539938821713802 8982001 9224244
1539938821770143 8983249 9225671
1539938821878444 8985884 9228388
1539938821987558 8988596 9231075
1539938822098543 8991458 9233832
1539938822208368 8994378 9236578
1539938822263266 8995788 9237970
1539938822375184 8998601 9240864
1539938822483896 9001455 9243759
1539938822592822 9004172 9246663
1539938822702677 9006839 9249643
1539938822758102 9008211 9251107
1539938822867339 9010951 9253929
1539938822978187 9013656 9256809
1539938823090179 9016487 9259655
1539938823198001 9019382 9262457
1539938823308045 9022258 9265414
1539938823362904 9023746 9266912
1539938823474621 9026716 9269830
1539938823582546 9029599 9272803
1539938823693480 9032535 9275788
1539938823803846 9035481 9278721
1539938823913650 9038342 9281746
1539938824025237 9041283 9284761
1539938824136448 9044240 9287740
1539938824243711 9047256 9290804
1539938824297903 9048832 9292299
1539938824408048 9052041 9295258
1539938824517627 9055167 9298266
1539938824628637 9058391 9301219
1539938824738436 9061538 9304134
1539938824793345 9063068 9305608
1539938824904703 9066178 9308522
1539938825013474 9069217 9311323
1539938825124901 9072196 9314155
1539938825232833 9075225 9316938
1539938825287989 9076688 9318311
1539938825398622 9079556 9321145
1539938825509557 9082443 9324091
1539938825618982 9085244 9327014
1539938825675123 9086611 9328524
1539938825838051 9090860 9333142
1539938825894152 9092296 9334609
1539938826004329 9095122 9337547
1539938826112688 9098015 9340517
1539938826224697 9100934 9343381
1539938826278736 9102374 9344833
1539938826388556 9105280 9347773
1539938826498892 9108274 9350605
1539938826608405 9111219 9353319
1539938826718145 9114239 9355998
1539938826828032 9117286 9358568
1539938826938518 9120165 9361103
1539938826992853 9121610 9362398
1539938827104590 9124603 9365041
1539938827214325 9127456 9367601
1539938827324479 9130355 9370264
1539938827378543 9131718 9371581
1539938827488324 9134327 9374162
1539938827598102 9136838 9376667
1539938827708400 9139370 9379270
1539938827818356 9141840 9381835
1539938827874419 9143049 9383111
1539938827984230 9145448 9385680
1539938828093854 9147869 9388401
1539938828204138 9150290 9391175
1539938828313585 9152694 9394053
1539938828425036 9155219 9397135
1539938828482632 9156532 9398687
1539938828643040 9160482 9403352
1539938828697949 9161843 9404962
1539938828808525 9164644 9408082
1539938828917798 9167428 9411208
1539938828974836 9168814 9412813
1539938829138676 9173269 9417614
1539938829193478 9174777 9419244
1539938829304097 9177800 9422574
1539938829413250 9180947 9425771
1539938829524057 9184122 9429040
1539938829633192 9187314 9432272
1539938829743048 9190566 9435466
1539938829797977 9192147 9437111
1539938829909089 9195282 9440326
1539938830018635 9198504 9443528
1539938830128782 9201623 9446844
1539938830238356 9204783 9450070
1539938830293320 9206379 9451692
1539938830404676 9209477 9454981
1539938830514334 9212608 9458157
1539938830568545 9214192 9459751
1539938830733817 9218682 9464597
1539938830788818 9220177 9466155
1539938830898667 9223163 9469305
1539938831008675 9226056 9472442
1539938831118639 9229017 9475473
1539938831230398 9231975 9478565
1539938831284217 9233398 9480085
1539938831393529 9236275 9483016
1539938831504820 9239243 9485973
1539938831614385 9242140 9488876
1539938831723849 9245037 9491663
1539938831836388 9247915 9494500
1539938831944862 9250649 9497278
1539938832053555 9253447 9499961
1539938832163555 9256286 9502678
1539938832218483 9257645 9504020
1539938832328463 9260345 9506610
1539938832438594 9263078 9509179
1539938832549371 9265718 9511772
1539938832658051 9268309 9514277
1539938832771228 9270931 9516706
1539938832823684 9272220 9517915
1539938832933887 9274715 9520313
1539938833044723 9277173 9522590
1539938833153755 9279607 9524795
1539938833266931 9281914 9527000
1539938833318192 9283025 9528087
1539938833429377 9285232 9530173
1539938833539168 9287456 9532179
1539938833651209 9289694 9534166
1539938833758849 9291975 9536104
1539938833870801 9294378 9537918
1539938833924526 9295628 9538805
1539938834033679 9298106 9540615
1539938834143620 9300592 9542556
1539938834256443 9303228 9544587
1539938834309189 9304585 9545615
1539938834418080 9307272 9547662
1539938834529161 9310014 9549780
1539938834638995 9312861 9552046
1539938834748814 9315640 9554393
1539938834858647 9318414 9556810
1539938834969180 9321216 9559468
1539938835024505 9322573 9560885
1539938835135473 9325262 9563793
1539938835244258 9328045 9566797
1539938835354200 9330849 9569889
1539938835409104 9332236 9571395
1539938835519566 9335121 9574400
1539938835628872 9338135 9577481
1539938835738867 9341154 9580499
1539938835848874 9344282 9583543
1539938835903755 9345855 9585092
1539938836013388 9348909 9588128
1539938836124278 9352019 9591185
1539938836234712 9355161 9594412
1539938836344218 9358231 9597619
1539938836454095 9361359 9600893
1539938836563877 9364432 9604161
1539938836674883 9367518 9607374
1539938836783679 9370719 9610674
1539938836840431 9372285 9612292
1539938836948552 9375435 9615486
1539938837058375 9378647 9618749
1539938837114158 9380200 9620344
1539938837225145 9383252 9623527
1539938837389205 9387949 9628451
1539938837498968 9390988 9631647
1539938837553930 9392531 9633283
1539938837666736 9395610 9636508
1539938837776581 9398582 9639632
1539938837884472 9401627 9642849
1539938837938434 9403166 9644441
1539938838049416 9406155 9647550
1539938838158611 9409208 9650731
1539938838269161 9412281 9653861
1539938838379021 9415267 9657010
1539938838488964 9418352 9660209
1539938838543851 9419903 9661760
1539938838655061 9422925 9664845
1539938838766673 9426011 9667990
1539938838874630 9429080 9671021
1539938838930027 9430554 9672540
1539938839039709 9433564 9675661
1539938839149256 9436609 9678713
1539938839258978 9439576 9681787
1539938839369128 9442600 9684909
1539938839478755 9445592 9687962
1539938839589352 9448504 9691093
1539938839700623 9451516 9694193
1539938839754654 9453028 9695704
1539938839864509 9455997 9698779
1539938839919251 9457514 9700334
1539938840084880 9462066 9704844
1539938840194119 9465039 9707930
1539938840248936 9466579 9709472
1539938840358763 9469653 9712483
1539938840469793 9472648 9715586
1539938840579779 9475697 9718690
1539938840637653 9477213 9720207
1539938840744361 9480143 9723308
1539938840855418 9483151 9726427
1539938840964663 9486178 9729465
1539938841018954 9487657 9731022
1539938841129017 9490657 9734141
1539938841293950 9495139 9738739
1539938841351231 9496577 9740334
1539938841458992 9499522 9743510
1539938841570242 9502458 9746674
1539938841679601 9505289 9749959
1539938841789187 9508104 9753128
1539938841899254 9510841 9756388
1539938842009057 9513436 9759666
1539938842119839 9516042 9762893
1539938842229442 9518600 9766184
1539938842284132 9519826 9767790
1539938842394737 9522239 9770976
1539938842505702 9524648 9774253
1539938842615581 9526974 9777427
1539938842669232 9528078 9779019
1539938842779225 9530246 9782253
1539938842889158 9532452 9785374
1539938843002954 9534642 9788472
1539938843109003 9536735 9791533
1539938843165136 9537776 9792996
1539938843278787 9539894 9795852
1539938843384812 9542090 9798692
1539938843494416 9544282 9801375
1539938843549325 9545379 9802676
1539938843714195 9548858 9806596
1539938843769384 9550088 9807871
1539938843878969 9552548 9810361
1539938843989203 9555034 9812865
1539938844044916 9556306 9814152
1539938844209670 9560049 9817943
1539938844320837 9562453 9820565
1539938844376392 9563644 9821909
1539938844486636 9566085 9824666
1539938844594202 9568496 9827433
1539938844705030 9570889 9830303
1539938844815019 9573375 9833168
1539938844929492 9575919 9835995
1539938845034810 9578438 9838931
1539938845144654 9581060 9841862
1539938845256208 9583779 9844788
1539938845309403 9585137 9846303
1539938845419401 9587918 9849329
1539938845529178 9590845 9852286
1539938845639058 9593770 9855340
1539938845699841 9595231 9856851
1539938845803950 9598299 9859809
1539938845914911 9601436 9862829
1539938846024902 9604618 9865850
1539938846134583 9607900 9868820
1539938846244779 9611066 9871893
1539938846300737 9612656 9873433
1539938846409188 9615918 9876488
1539938846519732 9619119 9879686
1539938846629979 9622367 9882845
1539938846739916 9625587 9885945
1539938846850073 9628696 9889111
1539938846904821 9630293 9890660
1539938847015704 9633502 9893718
1539938847125870 9636621 9896863
1539938847234418 9639788 9899926
1539938847344654 9642830 9903002
1539938847401795 9644295 9904585
1539938847510059 9647220 9907736
1539938847623897 9650016 9910934
1539938847730083 9652664 9914240
1539938847839787 9655296 9917439
1539938847949568 9657861 9920708
1539938848004691 9659106 9922342
1539938848114500 9661600 9925488
1539938848226594 9664175 9928677
1539938848337247 9666688 9931797
1539938848445786 9669137 9934845
1539938848555067 9671610 9937960
1539938848609949 9672860 9939504
1539938848724395 9675276 9942545
1539938848830186 9677631 9945655
1539938848939896 9680024 9948686
1539938848996167 9681219 9950174
1539938849104975 9683561 9953214
1539938849214652 9685891 9956231
1539938849327602 9688237 9959146
1539938849435820 9690535 9962121
1539938849490226 9691633 9963580
1539938849655128 9694907 9967893
1539938849765947 9697145 9970826
1539938849819717 9698255 9972238
1539938849985798 9701484 9976351
1539938850039324 9702582 9977731
1539938850150381 9704855 9980394
1539938850205117 9706014 9981665
1539938850315613 9708304 9984169
1539938850484381 9711849 9987872
1539938850536808 9713074 9989071
1539938850644955 9715497 9991504
1539938850755546 9717842 9994024
1539938850869025 9720181 9996534
1539938850976482 9722471 9998986
1539938851085372 9724637 10001490
1539938851140350 9725696 10002750
1539938851250255 9727851 10005185
1539938851360788 9730032 10007508
1539938851470007 9732132 10009834
1539938851579796 9734169 10012131
1539938851635566 9735192 10013241
1539938851744694 9737241 10015393
1539938851859067 9739260 10017584
1539938851965451 9741184 10019795
1539938852075561 9743080 10021959
1539938852186557 9744996 10024093
1539938852240206 9745963 10025182
1539938852350289 9747936 10027429
1539938852463653 9749946 10029682
1539938852570098 9752064 10031910
1539938852680866 9754348 10034239
1539938852736110 9755524 10035421
1539938852900557 9759109 10038913
1539938853010778 9761503 10041266
1539938853067968 9762723 10042473
1539938853178318 9765200 10044895
1539938853285233 9767749 10047260
1539938853394814 9770423 10049648
1539938853504734 9773130 10052104
1539938853617054 9775823 10054531
1539938853674690 9777204 10055712
1539938853780593 9780028 10058108
1539938853891764 9782812 10060586
1539938854000607 9785675 10063062
1539938854110622 9788620 10065538
1539938854164933 9790074 10066832
1539938854276888 9793049 10069480
1539938854385810 9796237 10072141
1539938854498608 9799447 10074903
1539938854605458 9802751 10077780
1539938854715356 9806071 10080638
1539938854774592 9807669 10082082
1539938854880509 9810953 10085069
1539938854990441 9814272 10088057
1539938855101122 9817567 10091123
1539938855210582 9820938 10094313
1539938855267067 9822559 10095872
1539938855375957 9825786 10099046
1539938855488566 9829095 10102360
1539938855596456 9832302 10105607
1539938855650730 9833915 10107254
1539938855761517 9837155 10110596
1539938855874148 9840256 10113796
1539938855980130 9843316 10117060
1539938856090490 9846337 10120327
1539938856144893 9847769 10121932
1539938856254780 9850598 10125234
1539938856365713 9853425 10128512
1539938856479921 9856128 10131754
1539938856585593 9858838 10135048
1539938856695351 9861658 10138180
1539938856750434 9863069 10139736
1539938856861965 9865898 10142875
1539938856973997 9868866 10145885
1539938857080212 9871849 10148884
1539938857190783 9874852 10151945
1539938857300774 9878055 10154964
1539938857356729 9879655 10156514
1539938857465459 9882837 10159667
1539938857576693 9886059 10162713
1539938857685229 9889143 10165817
1539938857795282 9892209 10168918
1539938857905164 9895301 10171947
1539938857960205 9896790 10173486
1539938858069922 9899725 10176545
1539938858180819 9902654 10179506
1539938858237026 9904072 10181019
1539938858400518 9908227 10185599
1539938858455511 9909630 10187069
1539938858565666 9912374 10190040
1539938858677525 9915063 10192972
1539938858786193 9917861 10195804
1539938858895743 9920659 10198707
1539938859005890 9923438 10201626
1539938859060905 9924859 10203040
1539938859174956 9927767 10205941
1539938859280600 9930605 10208945
1539938859390643 9933494 10211883
1539938859500568 9936362 10214887
1539938859610338 9939122 10217930
1539938859665986 9940520 10219407
1539938859776913 9943389 10222404
1539938859886060 9946197 10225436
1539938859996120 9948993 10228379
1539938860050971 9950408 10229868
1539938860160724 9953181 10232924
1539938860277005 9955875 10235941
1539938860380483 9958675 10239024
1539938860436783 9960091 10240599
1539938860545554 9962833 10243647
1539938860656080 9965577 10246674
1539938860767143 9968365 10249772
1539938860878393 9971044 10252762
1539938860931032 9972360 10254260
1539938861040780 9975038 10257294
1539938861205793 9978929 10261681
1539938861260403 9980193 10263177
1539938861374462 9982756 10266201
1539938861480365 9985314 10269141
1539938861591050 9987752 10272114
1539938861700967 9990211 10275086
1539938861810805 9992729 10277955
1539938861865901 9993963 10279407
1539938861975596 9996365 10282346
1539938862086403 9998770 10285202
1539938862195359 10001143 10288076
1539938862305472 10003380 10290988
1539938862416115 10005570 10293816
1539938862527004 10007796 10296699
1539938862636348 10010007 10299609
1539938862692776 10011077 10301033
1539938862800961 10013236 10303917
1539938862910561 10015488 10306838
1539938862965542 10016648 10308263
1539938863130548 10020043 10312458
1539938863240251 10022307 10315314
1539938863295671 10023485 10316708
1539938863351162 10024688 10318085
1539938863516440 10028373 10322346
1539938863626083 10030890 10325126
1539938863736334 10033481 10327834
1539938863791505 10034758 10329207
1539938863900658 10037275 10331943
1539938864010515 10039880 10334594
1539938864065431 10041214 10335939
1539938864231766 10045149 10340073
1539938864341218 10047810 10342826
1539938864396157 10049153 10344225
1539938864506230 10051820 10347155
1539938864616021 10054464 10350081
1539938864728017 10057213 10353010
1539938864780674 10058604 10354513
1539938864890690 10061322 10357453
1539938865000534 10064067 10360278
1539938865110598 10066841 10363178
1539938865224260 10069544 10366060
1539938865276278 10070908 10367482
1539938865386540 10073693 10370388
1539938865496094 10076476 10373334
1539938865606295 10079239 10376173
1539938865715746 10082040 10379036
1539938865774789 10083430 10380478
1539938865881068 10086102 10383260
1539938865990660 10088800 10386047
1539938866100415 10091527 10388862
1539938866211263 10094148 10391563
1539938866266273 10095445 10392884
1539938866431290 10099350 10396934
1539938866541091 10101807 10399552
1539938866650969 10104241 10402179
1539938866766687 10106750 10404875
1539938866815747 10108013 10406198
1539938866925642 10110497 10408780
1539938867035482 10113024 10411388
1539938867146649 10115589 10413994
1539938867257418 10118050 10416494
1539938867311251 10119253 10417750
1539938867424045 10121687 10420282
1539938867531067 10124129 10422768
1539938867641015 10126496 10425174
1539938867752173 10128884 10427655
1539938867806127 10130057 10428893
1539938867915924 10132444 10431394
1539938868028784 10134750 10433858
1539938868136732 10137045 10436349
1539938868246780 10139410 10438804
1539938868301339 10140585 10439995
1539938868411128 10142859 10442368
1539938868523930 10145112 10444850
1539938868631028 10147382 10447356
1539938868740833 10149549 10449863
1539938868854542 10151547 10452502
1539938868963939 10153458 10455240
1539938869016400 10154385 10456614
1539938869126712 10156169 10459438
1539938869236193 10157847 10462378
1539938869291213 10158641 10463820
1539938869400949 10160204 10466670
1539938869565890 10162541 10471020
1539938869624829 10163324 10472417
1539938869730674 10164860 10475165
1539938869841623 10166346 10477963
1539938869951480 10167820 10480701
1539938870007859 10168572 10482036
1539938870116519 10170115 10484704
1539938870226525 10171714 10487312
1539938870336388 10173363 10489751
1539938870445989 10175093 10492101
1539938870501091 10176015 10493266
1539938870665810 10179092 10496574
1539938870724922 10180208 10497604
1539938870831911 10182495 10499655
1539938870885746 10183639 10500700
1539938871051632 10187193 10503963
1539938871106972 10188434 10505050
1539938871216391 10190914 10507237
1539938871328197 10193412 10509505
1539938871436082 10195995 10511822
1539938871546888 10198584 10514106
1539938871655996 10201105 10516419
1539938871766866 10203717 10518829
1539938871824735 10205057 10520034
1539938871931758 10207719 10522402
1539938872041674 10210391 10524818
1539938872151358 10213145 10527317
1539938872206463 10214515 10528570
1539938872316585 10217185 10531050
1539938872427266 10219912 10533577
1539938872536103 10222689 10536130
1539938872592493 10224050 10537381
1539938872701740 10226776 10539837
1539938872811721 10229588 10542370
1539938872924490 10232358 10544951
1539938873031914 10235119 10547489
1539938873196345 10239449 10551430
1539938873251272 10240871 10552761
1539938873361124 10243746 10555399
1539938873475043 10246700 10558144
1539938873583205 10249596 10561031
1539938873636636 10251052 10562455
1539938873746494 10254081 10565307
1539938873856494 10257105 10568228
1539938873966506 10260152 10571107
1539938874077006 10263279 10573977
1539938874131115 10264807 10575465
1539938874245148 10267825 10578414
1539938874352145 10270935 10581294
1539938874461821 10273974 10584243
1539938874516748 10275467 10585702
1539938874681717 10280000 10589994
1539938874793650 10282853 10592976
1539938874846511 10284271 10594465
1539938874956522 10287138 10597383
1539938875066157 10289937 10600390
1539938875177232 10292715 10603365
1539938875286891 10295556 10606281
1539938875343322 10296968 10607781
1539938875451661 10299734 10610790
1539938875562149 10302589 10613747
1539938875676417 10305478 10616827
1539938875726810 10306892 10618377
1539938875894175 10311274 10622929
1539938875946100 10312746 10624489
1539938876057450 10315605 10627571
1539938876167431 10318560 10630577
1539938876278952 10321582 10633664
1539938876386811 10324553 10636670
1539938876441738 10326071 10638152
1539938876551743 10329136 10641219
1539938876661401 10332102 10644317
1539938876716428 10333606 10645834
1539938876826223 10336689 10648939
1539938876936328 10339694 10652038
1539938877047553 10342727 10655030
1539938877157508 10345797 10658096
1539938877266897 10348771 10661120
1539938877376928 10351824 10664107
1539938877487620 10354868 10667166
1539938877541567 10356348 10668660
1539938877651531 10359374 10671647
1539938877765542 10362408 10674752
1539938877875090 10365343 10677805
1539938877982085 10368355 10680819
1539938878091900 10371372 10683892
1539938878146873 10372853 10685382
1539938878257043 10375870 10688337
1539938878367002 10378883 10691388
1539938878476828 10381781 10694380
1539938878531811 10383252 10695858
1539938878641869 10386237 10698883
1539938878752257 10389144 10701872
1539938878862234 10392091 10704823
1539938878974975 10395029 10707847
1539938879082074 10397849 10710790
1539938879192080 10400732 10713725
1539938879247686 10402194 10715219
1539938879356610 10405028 10718117
1539938879467019 10407860 10720971
1539938879578849 10410720 10723898
1539938879687403 10413455 10726785
1539938879742516 10414811 10728213
1539938879855904 10417557 10731161
1539938879962801 10420267 10734137
1539938880074973 10422924 10737090
1539938880181800 10425584 10740168
1539938880237386 10426915 10741733
1539938880346618 10429475 10744817
1539938880456725 10432060 10748045
1539938880567377 10434755 10751246
1539938880677298 10437510 10754393
1539938880732713 10438934 10755965
1539938880842040 10442031 10758979
1539938880951940 10445293 10761738
1539938881062717 10448716 10764372
1539938881116666 10450546 10765600
1539938881228789 10454243 10767913
1539938881337540 10458019 10770102
1539938881447406 10461835 10772261
1539938881556499 10465611 10774312
1539938881667140 10469459 10776217
1539938881777285 10473237 10777994
1539938881889221 10477066 10779622
1539938881941924 10478891 10780371
1539938882051751 10482579 10781697
1539938882161611 10486274 10782792
1539938882274509 10489893 10783712
1539938882381660 10493512 10784514
1539938882437414 10495228 10784897
1539938882547387 10498647 10785652
1539938882657130 10502009 10786420
1539938882713104 10503605 10786812
1539938882824344 10506760 10787637
1539938882932143 10509763 10788561
1539938883041793 10512451 10789686
1539938883151751 10514993 10791095
1539938883206763 10516193 10791901
1539938883317819 10518411 10793745
1539938883427692 10520394 10795857
1539938883537451 10522306 10798138
1539938883647090 10524211 10800354
1539938883757293 10526099 10802499
1539938883868844 10527925 10804665
1539938883925151 10528842 10805748
1539938884087393 10531704 10808850
1539938884142660 10532712 10809865
1539938884252790 10534744 10811928
1539938884362478 10536800 10814008
1539938884474255 10538703 10816012
1539938884582895 10539555 10818000
1539938884637035 10540708 10819115
1539938884748739 10542679 10821243
1539938884858379 10544707 10823433
1539938884967000 10546845 10825581
1539938885078168 10549123 10827748
1539938885132644 10550292 10828863
1539938885242430 10552625 10831114
1539938885352813 10555047 10833334
1539938885462362 10557565 10835606
1539938885517172 10558824 10836789
1539938885682124 10562580 10840478
1539938885736989 10563895 10841719
1539938885846883 10566607 10844295
1539938885958105 10569320 10847039
1539938886067819 10572122 10849769
1539938886124619 10573570 10851142
1539938886232851 10576419 10853996
1539938886342466 10579248 10856887
1539938886452261 10582176 10859714
1539938886617053 10586473 10864061
1539938886674214 10587919 10865480
1539938886782145 10590820 10868296
1539938886892854 10593614 10871226
1539938887002640 10596438 10874169
1539938887057747 10597891 10875629
1539938887167677 10600758 10878638
1539938887277333 10603581 10881612
1539938887387982 10606450 10884495
1539938887497128 10609223 10887440
1539938887607913 10611924 10890301
1539938887716919 10614664 10893055
1539938887775173 10616010 10894438
1539938887882819 10618593 10897159
1539938887992699 10621167 10899740
1539938888102443 10623711 10902300
1539938888157495 10624929 10903581
1539938888267511 10627293 10906078
1539938888377282 10629662 10908463
1539938888488477 10632012 10910837
1539938888597984 10634252 10913170
1539938888707733 10636446 10915383
1539938888764902 10637535 10916457
1539938888874796 10639690 10918616
1539938888982581 10641727 10920750
1539938889093039 10643677 10922790
1539938889202643 10645617 10924733
1539938889312554 10647536 10926649
1539938889367073 10648469 10927603
1539938889477335 10650256 10929456
1539938889588617 10651983 10931203
1539938889697896 10653679 10932870
1539938889755475 10654510 10933684
1539938889862644 10656142 10935310
1539938889975002 10657669 10936890
1539938890082446 10659116 10938401
1539938890192261 10660525 10939827
1539938890247324 10661212 10940511
1539938890412909 10663234 10942511
1539938890467868 10663888 10943162
1539938890578070 10665146 10944428
1539938890687808 10666331 10945634
1539938890797606 10667461 10946776
1539938890855525 10668008 10947320
1539938890962454 10669079 10948370
1539938891074722 10670112 10949372
1539938891185520 10671094 10950334
1539938891293047 10672022 10951249
1539938891348023 10672461 10951690
1539938891458431 10673292 10952536
1539938891624586 10674422 10953700
1539938891677887 10674773 10954062
1539938891787479 10675444 10954753
1539938891897618 10676073 10955411
1539938892007217 10676745 10956053
1539938892118076 10677509 10956778
1539938892227968 10678396 10957597
1539938892283484 10678882 10958045
1539938892392967 10679936 10959040
1539938892503137 10681111 10960159
1539938892559005 10681735 10960771
1539938892667738 10683059 10962081
1539938892781776 10684518 10963532
1539938892887600 10686157 10965135
1539938892998372 10687942 10966887
1539938893108264 10689817 10968795
1539938893163056 10690767 10969796
1539938893329482 10693710 10972861
1539938893385039 10694757 10973926
1539938893492724 10696905 10976172
1539938893603740 10699022 10978517
1539938893712470 10701144 10980866
1539938893824624 10703319 10983244
1539938893932213 10705530 10985723
1539938894043120 10707704 10988189
1539938894098199 10708786 10989396
1539938894208239 10711029 10991808
1539938894318689 10713412 10994239
1539938894428662 10715858 10996537
1539938894537591 10718450 10998723
1539938894592652 10719834 10999812
1539938894702781 10722658 11001981
1539938894813860 10725427 11004180
1539938894924336 10728265 11006408
1539938895033121 10731123 11008767
1539938895088207 10732514 11010015
1539938895197903 10735332 11012531
1539938895307915 10738198 11015084
1539938895417855 10740967 11017808
1539938895475044 10742344 11019206
1539938895638404 10746648 11023315
1539938895694051 10748089 11024707
1539938895803432 10750991 11027560
1539938895913622 10754010 11030340
1539938896025179 10757002 11033166
1539938896133114 10760001 11036070
1539938896188216 10761558 11037515
1539938896298076 10764639 11040420
1539938896407748 10767671 11043471
1539938896517558 10770741 11046494
1539938896628453 10773691 11049559
1539938896683683 10775151 11051140
1539938896793337 10778142 11054271
1539938896903052 10781115 11057386
1539938897016283 10784047 11060584
1539938897067888 10785543 11062140
1539938897177808 10788526 11065207
1539938897287879 10791421 11068376
1539938897398527 10794426 11071479
1539938897508546 10797456 11074584
1539938897618569 10800485 11077703
1539938897674240 10802057 11079211
1539938897783113 10805195 11082229
1539938897893288 10808283 11085287
1539938898002881 10811495 11088244
1539938898116250 10814647 11091238
1539938898168173 10816206 11092759
1539938898334434 10820919 11097191
1539938898498727 10825429 11101807
1539938898608467 10828463 11104799
1539938898718320 10831387 11107837
1539938898828492 10834287 11110852
1539938898884395 10835741 11112306
1539938898992964 10838558 11115239
1539938899102748 10841306 11118204
1539938899213209 10844095 11121028
1539938899324640 10846807 11123840
1539938899433385 10849499 11126657
1539938899543514 10852230 11129361
1539938899653268 10854877 11132096
1539938899764949 10857452 11134846
1539938899818113 10858756 11136172
1539938899928001 10861373 11138787
1539938900038124 10863888 11141423
1539938900148026 10866365 11143935
1539938900204774 10867610 11145145
1539938900314626 10870052 11147561
1539938900424421 10872359 11149967
1539938900534391 10874642 11152275
1539938900643451 10876921 11154482
1539938900755149 10879111 11156671
1539938900863621 10881208 11158811
1539938900917981 10882248 11159840
1539938901028686 10884282 11161791
1539938901138527 10886247 11163697
1539938901248743 10888108 11165583
1539938901360027 10889924 11167435
1539938901468497 10891746 11169191
1539938901524229 10892666 11170043
1539938901635419 10894558 11171732
1539938901743477 10896446 11173389
1539938901856881 10898327 11174979
1539938901908911 10899263 11175742
1539938902018940 10901080 11177215
1539938902129053 10902920 11178723
1539938902238399 10904866 11180403
1539938902349387 10906834 11182219
1539938902403818 10907886 11183177
1539938902571084 10911202 11186157
1539938902625093 10912288 11187160
1539938902733827 10914508 11189231
1539938902787812 10915631 11190276
1539938902898816 10917898 11192359
1539938903008747 10920132 11194453
1539938903118656 10922351 11196681
1539938903229058 10924723 11199077
1539938903338464 10927208 11201507
1539938903448245 10929694 11203958
1539938903503216 10930969 11205235
1539938903614109 10933532 11207824
1539938903724876 10936017 11210390
1539938903834499 10938366 11213032
1539938903943508 10940700 11215790
1539938903998531 10941894 11217176
1539938904108592 10944347 11219917
1539938904218236 10946866 11222689
1539938904328908 10949537 11225389
1539938904383108 10950931 11226685
1539938904549119 10955055 11230599
1539938904604652 10956440 11231946
1539938904713774 10959258 11234649
1539938904825024 10961965 11237326
1539938904934084 10964625 11240048
1539938904988495 10965966 11241393
1539938905153422 10969916 11245414
1539938905208427 10971229 11246832
1539938905318149 10973992 11249737
1539938905429043 10976855 11252611
1539938905538908 10979725 11255599
1539938905648847 10982689 11258579
1539938905705567 10984163 11260027
1539938905814487 10987019 11263016
1539938905924471 10989915 11266053
1539938906033390 10992895 11268989
1539938906090145 10994367 11270472
1539938906198185 10997365 11273500
1539938906364089 11001950 11278020
1539938906419054 11003427 11279599
1539938906530863 11006443 11282836
1539938906638708 11009487 11286052
1539938906748609 11012414 11289400
1539938906858572 11015407 11292724
1539938906968961 11018405 11296170
1539938907078388 11021299 11299663
1539938907189224 11024315 11303126
1539938907244148 11025850 11304939
1539938907354092 11028845 11308537
1539938907464643 11031949 11312187
1539938907575491 11034975 11315923
1539938907683841 11037840 11319586
1539938907738535 11039297 11321489
1539938907849431 11042206 11325240
1539938907959387 11045024 11329034
1539938908069561 11047868 11332885
1539938908178990 11050696 11336675
1539938908288984 11053472 11340466
1539938908398960 11056403 11344111
1539938908508673 11059418 11347823
1539938908619219 11062401 11351388
1539938908674525 11063926 11353207
1539938908783514 11066912 11356842
1539938908894348 11069745 11360395
1539938909004210 11072632 11364038
1539938909113989 11075525 11367532
1539938909225000 11078386 11371092
1539938909278906 11079860 11372835
1539938909388757 11082887 11376217
1539938909498934 11085899 11379637
1539938909609652 11089066 11382926
1539938909663423 11090692 11384559
1539938909774370 11093868 11387914
1539938909884210 11097021 11391182
1539938909994521 11100073 11394499
1539938910104498 11103003 11397873
1539938910159005 11104521 11399519
1539938910268882 11107529 11402840
1539938910378607 11110462 11406107
1539938910490656 11113477 11409224
1539938910600230 11116557 11412405
1539938910709274 11119587 11415485
1539938910819274 11122704 11418507
1539938910929771 11125701 11421527
1539938911039289 11128598 11424466
1539938911094408 11130017 11425960
1539938911259693 11133872 11430612
1539938911313882 11135030 11432172
1539938911426552 11137181 11435398
1539938911534488 11139105 11438684
1539938911644817 11140750 11441877
1539938911701105 11141481 11443516
1539938911809249 11142800 11446757
1539938911919736 11144001 11449870
1539938912033100 11145056 11453037
1539938912142611 11145927 11456108
1539938912248730 11146645 11459184
1539938912359080 11147235 11462351
1539938912414666 11147504 11463892
1539938912524417 11148013 11466963
1539938912635224 11148525 11470075
1539938912744160 11149092 11473031
1539938912857427 11149793 11475948
1539938912909112 11150204 11477427
1539938913019155 11151104 11480349
1539938913129185 11152036 11483262
1539938913240573 11152997 11486286
1539938913349629 11154004 11489243
1539938913405000 11154525 11490719
1539938913514661 11155623 11493768
1539938913624342 11156782 11496793
1539938913734393 11157999 11499807
1539938913843952 11159307 11502884
1539938913954855 11160745 11505858
1539938914008892 11161512 11507343
1539938914118616 11163175 11510395
1539938914229860 11164973 11513355
1539938914339776 11166843 11516254
1539938914449812 11168799 11519174
1539938914504476 11169823 11520599
1539938914614076 11171911 11523431
1539938914726399 11173958 11526364
1539938914835664 11175958 11529298
1539938914943920 11178004 11532177
1539938915054787 11180076 11535134
1539938915109626 11181098 11536583
1539938915220107 11183069 11539399
1539938915330595 11185015 11542224
1539938915440499 11186951 11544972
1539938915549101 11188879 11547580
1539938915604010 11189824 11548884
1539938915713953 11191674 11551433
1539938915824949 11193510 11553775
1539938915933713 11195334 11555868
1539938916044791 11197017 11557680
1539938916154624 11198476 11559159
1539938916210048 11199090 11559760
1539938916319958 11200068 11560711
1539938916429793 11200730 11561361
1539938916539637 11201106 11561744
1539938916649427 11201251 11561903
1539938916704052 11201269 11561912
1539938916869786 11201196 11561829
1539938916980580 11201121 11561780
1539938917035235 11201099 11561766
1539938917144508 11201085 11561749
1539938917254574 11201093 11561755
1539938917364617 11201105 11561768
1539938917475037 11201108 11561770
1539938917529497 11201106 11561770
1539938917639005 11201103 11561765
1539938917749882 11201103 11561765
1539938917859908 11201104 11561767
1539938917969694 11201103 11561766
1539938918026586 11201103 11561767
1539938918134606 11201103 11561766
1539938918244411 11201104 11561766
1539938918354298 11201103 11561767
1539938918410089 11201104 11561766
1539938918524619 11201104 11561766
1539938918685578 11201103 11561766
1539938918740025 11201103 11561766
1539938918849705 11201103 11561766
1539938918959930 11201103 11561766
1539938919014901 11201103 11561766
1539938919180436 11201104 11561767
1539938919235008 11201103 11561766
1539938919345224 11201103 11561766
1539938919455471 11201103 11561766
1539938919511940 11201103 11561766
1539938919624333 11201103 11561766
1539938919729759 11201103 11561766
1539938919839691 11201103 11561766
1539938919949627 11201103 11561766
1539938920059356 11201104 11561766
1539938920114249 11201104 11561766
1539938920225584 11201103 11561766
1539938920390202 11201103 11561766
1539938920500058 11201103 11561766
1539938920554903 11201103 11561766
1539938920664910 11201103 11561766
1539938920776005 11201103 11561766
1539938920884710 11201103 11561766
1539938920994416 11201103 11561766
1539938921104793 11201103 11561766
1539938921159522 11201103 11561766
1539938921274387 11201103 11561766
1539938921380251 11201103 11561766
1539938921490270 11201103 11561766
1539938921600357 11201103 11561766
1539938921654730 11201103 11561766
1539938921764804 11201103 11561766
1539938921875738 11201103 11561766
1539938921986498 11201103 11561766
1539938922095405 11201103 11561766
1539938922150435 11201103 11561766
1539938922260251 11201103 11561766
1539938922371015 11201103 11561766
1539938922480107 11201103 11561766
1539938922535705 11201103 11561766
1539938922699814 11201103 11561766
1539938922809748 11201103 11561766
1539938922868952 11201103 11561766
1539938922924497 11201103 11561766
1539938923085124 11201103 11561766
1539938923195126 11201103 11561766
1539938923250120 11201103 11561766
1539938923361137 11201104 11561766
1539938923470450 11201102 11561766
1539938923526064 11201101 11561767
1539938923690522 11201106 11561772
1539938923748386 11201122 11561762
1539938923855427 11201220 11561703
1539938923965264 11201425 11561613
1539938924075687 11201817 11561472
1539938924186519 11202438 11561271
1539938924240129 11202836 11561156
1539938924404847 11204358 11560826
1539938924460040 11204951 11560734
1539938924626841 11206720 11560475
1539938924680481 11207264 11560406
1539938924790486 11208193 11560296
1539938924900756 11208872 11560227
1539938925011899 11209278 11560202
1539938925124082 11209374 11560202
1539938925178993 11209352 11560206
1539938925285117 11209229 11560193
1539938925394653 11209095 11560199
1539938925505160 11208974 11560208
1539938925559492 11208911 11560199
1539938925725739 11208662 11560155
1539938925835446 11208448 11560124
1539938925890191 11208339 11560117
1539938926000160 11208133 11560123
1539938926110618 11208003 11560165
1539938926223879 11207959 11560186
1539938926276827 11207970 11560184
1539938926385630 11208006 11560165
1539938926495794 11208017 11560163
1539938926605689 11208003 11560161
1539938926715565 11207987 11560167
1539938926828230 11207971 11560171
1539938926935159 11207954 11560173
1539938927044952 11207950 11560176
1539938927155933 11207962 11560174
1539938927209877 11207967 11560175
1539938927320736 11207969 11560178
1539938927430587 11207966 11560176
1539938927540586 11207965 11560178
1539938927650432 11207975 11560179
1539938927763242 11207992 11560175
1539938927874129 11208005 11560176
1539938927926781 11208008 11560176
1539938928035954 11208008 11560174
1539938928148864 11208007 11560175
1539938928255757 11208008 11560174
1539938928365666 11208009 11560174
1539938928425005 11208009 11560175
1539938928585574 11208010 11560174
1539938928697451 11208010 11560174
1539938928750506 11208010 11560174
1539938928860137 11208004 11560165
1539938928977566 11208001 11560178
1539938929134819 11208009 11560169
1539938929190703 11208014 11560173
1539938929301254 11208022 11560175
1539938929465544 11208021 11560176
1539938929524497 11208019 11560175
1539938929630255 11208021 11560172
1539938929740140 11208022 11560174
1539938929905080 11208019 11560175
1539938929961033 11208019 11560174
1539938930070494 11208021 11560174
1539938930180799 11208020 11560174
1539938930290731 11208021 11560174
1539938930400519 11208021 11560174
1539938930510592 11208021 11560174
1539938930624342 11208022 11560174
1539938930730206 11208022 11560174
1539938930785155 11208021 11560175
1539938930950211 11208022 11560174
1539938931060810 11208021 11560174
1539938931174899 11208021 11560174
1539938931226667 11208023 11560174
1539938931335495 11208022 11560173
1539938931501275 11208022 11560174
1539938931666773 11208022 11560174
1539938931727425 11208022 11560174
1539938931885878 11208022 11560174
1539938931997035 11208022 11560174
1539938932050741 11208022 11560174
1539938932160648 11208022 11560174
1539938932275238 11208022 11560173
1539938932380989 11208022 11560174
1539938932491384 11208022 11560174
1539938932546063 11208023 11560174
1539938932656893 11208022 11560174
1539938932765572 11208022 11560174
1539938932875944 11208022 11560174
1539938932931184 11208022 11560174
1539938933043112 11208022 11560174
1539938933150610 11208023 11560174
1539938933260666 11208022 11560174
1539938933374393 11208022 11560174
1539938933481330 11208023 11560173
1539938933535476 11208023 11560175
1539938933701112 11208023 11560174
1539938933756231 11208022 11560174
1539938933866030 11208023 11560175
1539938933976200 11208023 11560174
1539938934085861 11208023 11560174
1539938934195556 11208023 11560174
1539938934250699 11208023 11560174
1539938934360541 11208023 11560174
1539938934474373 11208023 11560174
