-0.0308231 0.000219775 -0.0142602 5994000.8 6134524.3
-0.057866042 0.00083685294 -0.031368783 5993394.9 6133719.6
-0.084697003 0.0020784211 -0.061112668 5992867.3 6132846.4
-0.10215863 0.0034748314 -0.098488123 5992627.7 6132172.5
-0.11690789 0.0053519554 -0.15468887 5992566.5 6131458.2
-0.13000556 0.0078949743 -0.22885537 5992649.4 6130679.4
-0.14293511 0.011499332 -0.31487825 5992799.2 6129829.7
-0.15612758 0.01648997 -0.40843357 5992974.9 6128918.3
-0.17366631 0.025397432 -0.53141965 5993176.5 6127690.9
-0.18768037 0.034622511 -0.63291866 5993328.7 6126663.7
-0.20060196 0.045171419 -0.73637841 5993494.8 6125627.7
-0.21181263 0.056486197 -0.84366168 5993702.7 6124589
-0.22059934 0.067561177 -0.95654294 5993989.9 6123564.6
-0.2277488 0.079465905 -1.1033932 5994481 6122349.3
-0.23026685 0.085297846 -1.2230196 5995010.3 6121488.7
-0.23024233 0.085209002 -1.3799343 5995924.4 6120579.5
-0.2291723 0.077069496 -1.5002364 5996837.3 6120094.6
-0.22912957 0.054716509 -1.6375326 5998217.9 6119879.8
-0.23211935 0.028945235 -1.7350519 5999460.9 6119989.8
-0.2406866 -0.0094458392 -1.8456605 6001129.3 6120372.9
-0.2527848 -0.046316594 -1.930043 6002631.4 6120894.5
-0.27389579 -0.094946432 -2.0306826 6004598.5 6121692.2
-0.29651814 -0.13648252 -2.1083528 6006283 6122474.3
-0.32387934 -0.1787482 -2.1822768 6008025.4 6123357.7
-0.35456018 -0.21921434 -2.2567546 6009782.3 6124249.2
-0.3866201 -0.25563668 -2.3284033 6011463.8 6125098.2
-0.42954908 -0.29824799 -2.391413 6013407.1 6126309.4
-0.46886541 -0.33392843 -2.4178613 6014945.2 6127540.2
-0.51273568 -0.37268335 -2.4181907 6016473.5 6129064.7
-0.56199022 -0.41756203 -2.3871028 6018030.5 6130982.9
-0.61340108 -0.46881912 -2.3282817 6019581.8 6133217.6
-0.66625679 -0.52969171 -2.2433571 6021190.6 6135813.2
-0.71629234 -0.59891751 -2.1499485 6022875.2 6138583.2
-0.7619743 -0.676229 -2.0590202 6024688.5 6141453
-0.80209931 -0.76107241 -1.966089 6026595.9 6144440.2
-0.83495153 -0.85053364 -1.879374 6028577.2 6147429.1
-0.86072003 -0.94505999 -1.794498 6030638.9 6150477.1
-0.8826448 -1.0706041 -1.6928833 6033371.8 6154390.6
-0.89258674 -1.1739582 -1.6405054 6035775 6157402.4
-0.89838824 -1.304797 -1.5897108 6038895 6161112.6
-0.89976215 -1.4124132 -1.5774141 6041630 6163990.5
-0.90122748 -1.5234778 -1.590564 6044602.8 6166810.5
-0.90424675 -1.6311839 -1.6070792 6047508.3 6169524.2
-0.91012339 -1.7448189 -1.6378514 6050654.2 6172312.5
-0.92224213 -1.8853963 -1.6757299 6054553.6 6175771.7
-0.93501875 -1.9960101 -1.6958565 6057574 6178558.3
-0.95109768 -2.1092833 -1.7277484 6060742.6 6181356.3
-0.9699038 -2.2208616 -1.7477987 6063809.7 6184190.4
-0.99181901 -2.335189 -1.7725755 6066989.1 6187081.9
-1.0237757 -2.4769942 -1.8123243 6071010.5 6190641.4
-1.0537087 -2.592151 -1.8378777 6074261.5 6193595.6
-1.0875066 -2.7075164 -1.8736939 6077604.3 6196522.2
-1.1151044 -2.7924162 -1.8964762 6080064.5 6198717.7
-1.1558216 -2.9083238 -1.9207645 6083409.1 6201780.1
-1.198662 -3.0223135 -1.9398191 6086695.2 6204844.7
-1.2531154 -3.1624397 -1.9430585 6090634.1 6208746
-1.2976779 -3.2772048 -1.939282 6093822.5 6211978.3
-1.3507503 -3.4172308 -1.9268878 6097655.3 6215955.1
-1.3939613 -3.5365077 -1.9098402 6100864.3 6219362.2
-1.4241184 -3.6234679 -1.8993801 6103203.6 6221823
-1.4622205 -3.7380529 -1.8842537 6106264.4 6225059.6
-1.4992567 -3.8541859 -1.8747704 6109387.9 6228293.3
-1.5276805 -3.9445449 -1.8763533 6111867.1 6230754.1
-1.565099 -4.0637656 -1.8734845 6115108.8 6234029.1
-1.6144362 -4.2205961 -1.8776822 6119420.2 6238291.8
-1.6530465 -4.3434132 -1.8730903 6122750.7 6241675.6
-1.7003577 -4.4946429 -1.8748981 6126893.1 6245797
-1.7390546 -4.6179495 -1.8748795 6130262.9 6249167.1
-1.7965401 -4.7992354 -1.8808511 6135256.8 6254091.5
-1.8562038 -4.9823955 -1.8905549 6140336.3 6259058.3
-1.8869036 -5.0723522 -1.9087968 6142920.8 6261430.8
-1.9197012 -5.162933 -1.9275897 6145542 6263833.7
-1.992126 -5.3467684 -1.9645894 6150909.3 6268771
-2.0289605 -5.4335573 -1.9797528 6153455.8 6271141.4
-2.0930305 -5.5768618 -2.0027022 6157682.4 6275101.3
-2.1345068 -5.6649685 -2.0188414 6160315.5 6277546.9
-2.175619 -5.7487284 -2.0353286 6162844.3 6279884.1
-2.2329283 -5.8601488 -2.0563892 6166233.9 6283029
-2.3054479 -5.9947702 -2.0734453 6170320.3 6286917.2
-2.3646627 -6.1011238 -2.0842039 6173556.9 6290028.8
-2.4391707 -6.2333437 -2.0837102 6177511.6 6293989.2
-2.4983742 -6.3396476 -2.0741735 6180629 6297217.5
-2.5562778 -6.4474685 -2.0530891 6183697.9 6300531.3
-2.6104766 -6.55435 -2.0271151 6186671.8 6303807.1
-2.6620502 -6.6625923 -2.0037616 6189662.7 6307069.3
-2.7237839 -6.8003061 -1.9806685 6193463.8 6311138.8
-2.7695758 -6.9086284 -1.9608294 6196415.2 6314320.6
-2.8244811 -7.048411 -1.9293164 6200148.2 6318419.8
-2.8630924 -7.1566021 -1.8978579 6202960.9 6321598
-2.9061005 -7.2942468 -1.8494273 6206439.9 6325639.7
-2.9366912 -7.4080098 -1.8175344 6209326.4 6328896.9
-2.9630477 -7.5211024 -1.7819887 6212147.9 6332131.4
-2.9858059 -7.6360194 -1.7506265 6215020.5 6335368.4
-3.0057237 -7.7518305 -1.7316033 6217974.2 6338543.1
-3.023116 -7.8663579 -1.7114093 6220877.5 6341681.1
-3.0401553 -7.9871242 -1.7105197 6224052.7 6344866.5
-3.056418 -8.1066701 -1.7014867 6227146.2 6348065
-3.0680152 -8.197962 -1.6928214 6229495.5 6350515
-3.0825994 -8.317364 -1.6918553 6232626.5 6353657.3
-3.0938186 -8.4136797 -1.6816584 6235095.8 6356245
-3.1068712 -8.5380958 -1.6689916 6238284.3 6359580.7
-3.1194854 -8.6636634 -1.6728438 6241597.4 6362849.1
-3.1320537 -8.7904195 -1.66641 6244881.5 6366208
-3.1449824 -8.9203262 -1.6735758 6248327.3 6369570.5
-3.1585575 -9.0487175 -1.678698 6251723.7 6372907.3
-3.1730596 -9.1785181 -1.6854242 6255168.5 6376274
-3.1889869 -9.3071361 -1.7025816 6258647.6 6379553.8
-3.2076362 -9.4404201 -1.7170492 6262241 6382979.1
-3.2235402 -9.5405123 -1.7396952 6265015.3 6385490.2
-3.2548691 -9.7050775 -1.7781427 6269607 6389635.1
-3.2840594 -9.8301983 -1.8218451 6273211.1 6392731.5
-3.3322211 -9.998475 -1.8772551 6278097.2 6396973.7
-3.376171 -10.130349 -1.9077268 6281898.9 6400421.4
-3.4206498 -10.255857 -1.9150267 6285413.5 6403851.2
-3.4662814 -10.385189 -1.9049446 6288931.2 6407485.9
-3.5079975 -10.508125 -1.8909317 6292234.9 6410952.5
-3.5570842 -10.663797 -1.8615664 6296320.6 6415379.5
-3.5924148 -10.78682 -1.8393454 6299529.2 6418846.2
-3.6308881 -10.937922 -1.8008881 6303371.6 6423135.4
-3.658414 -11.061599 -1.7786909 6306546.5 6426568.3
-3.6825773 -11.184784 -1.750292 6309654.9 6430006.7
-3.6985425 -11.278796 -1.7277341 6312010.4 6432624.3
-3.7209072 -11.434388 -1.6993812 6315944.6 6436887.9
-3.7323536 -11.530657 -1.6789031 6318353.6 6439534.9
-3.7492481 -11.688487 -1.6759603 6322475.6 6443691
-3.7628753 -11.812403 -1.6846954 6325777 6446891
-3.7837428 -11.968042 -1.7234597 6330097 6450760.5
-3.8049348 -12.091555 -1.7579783 6333565.3 6453827.8
-3.8232761 -12.183905 -1.7757265 6336123.6 6456179.8
-3.8500686 -12.304293 -1.8038314 6339502.9 6459232.6
-3.8786148 -12.422356 -1.8122296 6342719 6462351.1
-3.9009333 -12.514132 -1.8064696 6345148.4 6464847.5
-3.9285384 -12.635569 -1.7821658 6348254.6 6468236
-3.9515551 -12.756107 -1.736784 6351190.9 6471699.6
-3.9682223 -12.874803 -1.6838241 6354008.7 6475132.8
-3.9779352 -12.989081 -1.6273485 6356671.2 6478451.5
-3.9809649 -13.134132 -1.5560126 6360039.9 6482649.1
-3.9776652 -13.244262 -1.5256738 6362736.7 6485698.4
-3.9717576 -13.352041 -1.5064039 6365439.4 6488625
-3.966747 -13.427623 -1.5027966 6367393.7 6490621.2
-3.9596351 -13.548178 -1.5209456 6370648.2 6493664.8
-3.9563858 -13.640164 -1.5500295 6373217.2 6495895.9
-3.9563505 -13.72502 -1.590731 6375666.4 6497872.2
-3.9607639 -13.800704 -1.6673576 6378088.5 6499403.9
-3.9709742 -13.868158 -1.7746915 6380491 6500559.3
-3.9814703 -13.907342 -1.8903391 6382220.7 6500945.2
-4.0049016 -13.957304 -2.128314 6385042.2 6501001.6
-4.027588 -13.986346 -2.3395708 6387230.5 6500735.2
-4.0600945 -14.011915 -2.6106011 6389883.6 6500239
-4.0869647 -14.024357 -2.8053116 6391786.9 6499879.9
-4.1243189 -14.032574 -3.0447916 6394175.6 6499486
-4.1558735 -14.032672 3.0510077 6396087 6499220.1
-4.179638 -14.028898 2.9172056 6397491.8 6499070.2
-4.221312 -14.01449 2.7002281 6399902.2 6498959.4
-4.2559087 -13.994359 2.528985 6401940.8 6499008.3
-4.2897801 -13.965918 2.3572684 6404091.8 6499164
-4.3288218 -13.917967 2.1509997 6406902.5 6499578
-4.3557604 -13.869338 2.0023579 6409215.7 6500164.1
-4.3830683 -13.795294 1.8458896 6412182.7 6501312.9
-4.3988127 -13.726865 1.7479977 6414582.4 6502575.2
-4.4070896 -13.671983 1.6929641 6416349.4 6503702.7
-4.4148957 -13.577379 1.6132842 6419287.5 6505715.1
-4.4158469 -13.500708 1.5531188 6421636.5 6507365
-4.4107815 -13.402282 1.485637 6424598.5 6509542.9
-4.4020874 -13.322326 1.4393322 6426964.8 6511371.1
-4.3931516 -13.260799 1.4138117 6428734.2 6512844
-4.3797459 -13.178293 1.4056328 6430961.4 6514976.1
-4.3660519 -13.093265 1.4165984 6433143.4 6517285.6
-4.3557836 -13.023534 1.4325821 6434888.5 6519216.3
-4.3431421 -12.926038 1.4511249 6437344.3 6521887.7
-4.3316119 -12.825703 1.4616378 6439916.8 6524582.3
-4.3204822 -12.720677 1.4688023 6442629.2 6527377.9
-4.3094675 -12.610655 1.473226 6445486.7 6530286.9
-4.2985183 -12.499164 1.4725801 6448411.7 6533204.3
-4.2834566 -12.355535 1.4600468 6452250.3 6536897.3
-4.2652801 -12.20832 1.4358514 6456258.8 6540624.7
-4.2472562 -12.087846 1.4087278 6459592.8 6543643.5
-4.2257779 -11.966626 1.3821375 6462957.5 6546699.2
-4.1946401 -11.817055 1.3489548 6467134.1 6550490.2
-4.1582112 -11.665449 1.321007 6471362.2 6554393.7
-4.1274074 -11.547119 1.311248 6474607.3 6557525.4
-4.0880994 -11.396703 1.3191187 6478615.6 6561625.1
-4.0601137 -11.279389 1.3541195 6481557.1 6564973.3
-4.0357874 -11.15371 1.4050868 6484599.1 6568607.5
-4.0186387 -11.028776 1.4636858 6487546.9 6572236.2
-4.0071826 -10.875403 1.5287955 6491179.2 6576625
-4.0047106 -10.713791 1.582208 6495083.5 6581150
-4.0081413 -10.583909 1.6122001 6498297.2 6584712.2
-4.0154648 -10.415059 1.6160837 6502681.8 6589141.8
-4.0192895 -10.316121 1.6027862 6505340.8 6591646.4
-4.0216608 -10.176474 1.5727635 6509157.2 6595113.9
-4.0165965 -9.9957582 1.5127972 6514219.8 6599479.7
-4.004676 -9.8541435 1.4608391 6518227.4 6602883.6
-3.9798797 -9.6800813 1.3977455 6523178.7 6607101.7
-3.960286 -9.5771259 1.3677195 6526085.9 6609660.2
-3.9297876 -9.4368596 1.345673 6529957.1 6613275.1
-3.8889977 -9.2640666 1.3322839 6534664.4 6617826.9
-3.8564213 -9.1275458 1.3408311 6538274.6 6621536.4
-3.8258218 -8.9919263 1.3569383 6541806.4 6625255.3
-3.7985305 -8.8573103 1.3846082 6545227.3 6628997.7
-3.774531 -8.7207935 1.4089427 6548700.3 6632753.5
-3.7481227 -8.5485041 1.4284602 6553132 6637411.9
-3.7289946 -8.4112053 1.4362796 6556701.3 6641072.1
-3.7052303 -8.2346487 1.4377234 6561338.3 6645725.9
-3.6863648 -8.0961501 1.4331068 6565010 6649343.9
-3.6655871 -7.9538947 1.4184189 6568844.1 6653007.4
-3.6420666 -7.8129356 1.3924993 6572721.1 6656583.3
-3.6145766 -7.6735742 1.3595798 6576616.4 6660096
-3.5829026 -7.5356593 1.3305167 6580475.1 6663617.1
-3.5463939 -7.3972597 1.2952423 6584412.4 6667144.5
-3.5043193 -7.2571221 1.2630006 6588415.1 6670772.5
-3.4569329 -7.1170692 1.2260811 6592485 6674413.4
-3.4049833 -6.978249 1.1993335 6596505.4 6678123.1
-3.3488656 -6.8402863 1.1696194 6600561.8 6681834.2
-3.3041376 -6.7371619 1.1534922 6603586.6 6684671.6
-3.2412945 -6.599864 1.1296002 6607662.8 6688470.2
-3.1758548 -6.4645905 1.1108524 6611690.1 6692279.7
-3.1085528 -6.3307694 1.0987701 6615666.3 6696115.5
-3.0230357 -6.165574 1.0874519 6620582.7 6700900.3
-2.9560095 -6.0386944 1.0821331 6624355.3 6704611.2
-2.8737084 -5.8809878 1.097491 6628904.8 6709339.1
-2.8106967 -5.7542133 1.1215526 6632456.6 6713170.4
-2.7373166 -5.5953559 1.1545883 6636827.6 6717925.3
-2.6838302 -5.4698065 1.1815373 6640229.5 6721640.4
-2.6459383 -5.3747591 1.2013485 6642782.6 6724423.6
-2.5801857 -5.1886029 1.2611778 6647583.1 6729919.3
-2.5422072 -5.0599769 1.3062048 6650818.7 6733678.1
-2.5122942 -4.936208 1.3611141 6653820 6737317.4
-2.4896685 -4.8122173 1.4194913 6656767.4 6740943.2
-2.4725925 -4.6602225 1.4983482 6660297.6 6745389.6
-2.4679942 -4.5391935 1.5672931 6663055.3 6748948.4
-2.4716463 -4.4190966 1.6351 6665794.4 6752475.4
-2.4829285 -4.3027124 1.6997675 6668467.8 6755900.2
-2.4964366 -4.2171254 1.7549 6670406.9 6758479.9
-2.5228438 -4.0999341 1.8299587 6673103.3 6762048.5
-2.557229 -3.9872495 1.9039756 6675745.4 6765550.6
-2.5997813 -3.8793238 1.9887371 6678278 6769068.1
-2.6506404 -3.7764926 2.0714738 6680788.8 6772540.3
-2.7269066 -3.6536453 2.1812957 6683921.3 6776948.8
-2.7950694 -3.5643777 2.2645657 6686366.2 6780361.3
-2.8702989 -3.4808861 2.3438099 6688836.4 6783752.2
-2.951316 -3.4032573 2.4112871 6691370.2 6787070.1
-3.0381267 -3.3310995 2.484933 6693885.9 6790441.5
-3.1591277 -3.2463223 2.5759522 6697209.7 6794822.9
-3.2608096 -3.1858805 2.6346189 6699953.4 6798248.2
-3.3639552 -3.1319981 2.685766 6702690.7 6801579.9
-3.4944126 -3.0714274 2.728064 6706195.6 6805576.2
-3.6272845 -3.0167994 2.7749878 6709669.1 6809595
-3.7350953 -2.9782307 2.8210827 6712387.1 6812848.5
-3.8722665 -2.9376698 2.8870968 6715733.5 6816962
-3.9570843 -2.9170558 2.9192556 6717822.8 6819424.9
-4.0690795 -2.893687 2.9525158 6720612.8 6822601.5
-4.2131712 -2.8679379 2.9770042 6724287.4 6826560.6
-4.2970988 -2.8543376 2.9848772 6726458.7 6828823.4
-4.412269 -2.8368626 2.9971408 6729425 6831932.2
-4.5594748 -2.8151813 2.9935767 6733325.6 6835791.4
-4.6764679 -2.7969666 2.9807073 6736487.9 6838804.1
-4.8262503 -2.7691167 2.9348049 6740727.2 6842510.1
-4.9143538 -2.7485208 2.8890898 6743352.1 6844603.8
-5.0309862 -2.713121 2.8047368 6747020.5 6847292
-5.1984277 -2.6372341 2.6274013 6752844.4 6851055.4
-5.3449676 -2.5305347 2.3970762 6758909.3 6854444.1
-5.4399704 -2.4224358 2.186531 6763885.2 6856973.5
-5.4942975 -2.3273868 1.9935659 6767861.1 6858707.2
-5.5297445 -2.2057901 1.7153308 6772780.2 6860393.5
-5.531695 -2.1089707 1.4665491 6776750.8 6861473.3
-5.4998273 -1.9962406 1.1240404 6781795.4 6862538.2
-5.4638328 -1.9379097 0.91178989 6784815.8 6863092.4
-5.3994891 -1.8749605 0.63709857 6788758.9 6863843.7
-5.2934204 -1.8197505 0.32274443 6793703.3 6865135.5
-5.197575 -1.7982759 0.11808584 6797453.6 6866507.7
-5.0704683 -1.7957478 -0.078312421 6801909.7 6868681.8
-4.9640308 -1.8106642 -0.20015842 6805420.1 6870776.5
-4.8301209 -1.8437611 -0.28444646 6809506.7 6873883.7
-4.7234632 -1.8782105 -0.34037935 6812754.4 6876481.4
-4.6181449 -1.9185894 -0.39184631 6815994.6 6879123.6
-4.5133541 -1.9642362 -0.42978229 6819195.5 6881883.7
-4.4074637 -2.0150653 -0.46528491 6822464.6 6884740.3
-4.2761333 -2.0830645 -0.49024222 6826465.9 6888451.7
-4.1690114 -2.1416877 -0.51122717 6829772.1 6891514
-4.0408482 -2.2148812 -0.52656329 6833709.8 6895273.5
-3.9354257 -2.2773861 -0.54380061 6837005.7 6898369.2
-3.8044643 -2.3599366 -0.58106316 6841259 6902189.4
-3.7003522 -2.4306202 -0.61181077 6844719 6905292.2
-3.571069 -2.5254269 -0.65367624 6849142.7 6909229.4
-3.4951414 -2.5851293 -0.6789952 6851808.5 6911601
-3.4184805 -2.6487407 -0.70627596 6854564.5 6914040.1
-3.3206806 -2.7352753 -0.74244556 6858179.9 6917235.1
-3.2523412 -2.800029 -0.77448149 6860820.9 6919503.9
-3.1574919 -2.8970725 -0.81918137 6864619 6922782.7
-3.072082 -2.9922074 -0.85924106 6868185.6 6925883.7
-2.9911097 -3.0894489 -0.89363195 6871685 6928983.6
-2.9150412 -3.1840304 -0.8932896 6874848 6932150.6
-2.8387699 -3.2763362 -0.86716947 6877818.6 6935424.7
-2.7592614 -3.363482 -0.79521764 6880476.7 6938918.8
-2.6520024 -3.4581379 -0.65090359 6883368.5 6943487.4
-2.5559837 -3.5211992 -0.5113232 6885553 6947293.8
-2.4274542 -3.5789495 -0.33324534 6888192.8 6952002.7
-2.3210471 -3.6063642 -0.17106799 6890115.8 6955810.2
-2.215699 -3.6155133 -0.0021892809 6891892.1 6959548.7
-2.1107174 -3.6067604 0.16855545 6893647.1 6963287.7
-2.0348853 -3.5889336 0.2932247 6894954.1 6966043.3
-1.9422435 -3.5527254 0.45194763 6896625.6 6969559.1
-1.8398742 -3.4895445 0.65397304 6898588.8 6973869.7
-1.7725031 -3.4293436 0.80453173 6900070 6977100.3
-1.7126332 -3.3566186 0.95955988 6901625.7 6980457.3
-1.6674749 -3.2811737 1.1033137 6903083.3 6983585.2
-1.6344538 -3.2014307 1.2530838 6904463.8 6986706
-1.6145044 -3.1198094 1.4090803 6905748.5 6989803.3
-1.6075063 -3.0373768 1.5631291 6907010.7 6992855.5
-1.610523 -2.9769203 1.6781784 6907920.7 6995102.3
-1.6202866 -2.9182833 1.7934044 6908801.4 6997321.8
-1.6437137 -2.8421912 1.9455254 6909993.7 7000281.7
-1.6877088 -2.7551278 2.1318606 6911454.8 7003907.9
-1.7336359 -2.6927671 2.2793085 6912617.7 7006784
-1.8001852 -2.6279249 2.4590653 6913996.2 7010251.2
-1.8612315 -2.5853315 2.6057267 6915085.2 7013044.3
-1.944117 -2.5453822 2.7792006 6916476.6 7016451.4
-1.9956789 -2.5287462 2.8797915 6917305 7018448.6
-2.0665654 -2.5147257 3.0128575 6918416.1 7021105.9
-2.1555683 -2.5099302 -3.1205136 6919869.9 7024300.5
-2.22683 -2.5150532 -3.0191394 6921144 7026752.5
-2.316998 -2.5305593 -2.9234399 6922973.7 7029694.2
-2.3907895 -2.5482632 -2.8888099 6924751.3 7031874.2
-2.4901786 -2.5734032 -2.8988785 6927483.1 7034488.9
-2.5776859 -2.5935068 -2.9326705 6930020.7 7036633.9
-2.6897915 -2.6139689 -2.9894389 6933322.1 7039275.6
-2.7670396 -2.6240512 -3.0341777 6935613.4 7041047.1
-2.871818 -2.6324859 -3.0883534 6938669.2 7043473.4
-3.0101775 -2.6359776 3.1388166 6942603.6 7046757
-3.1274425 -2.6328336 3.0907579 6945941.7 7049536.7
-3.278064 -2.6223153 3.0529892 6950098.3 7053254.4
-3.4055868 -2.608933 3.0210801 6953627.2 7056412.6
-3.5641441 -2.5867728 2.9843812 6958015.2 7060374.1
-3.6943143 -2.5632965 2.9419382 6961710.8 7063576.6
-3.8540366 -2.5256213 2.8779578 6966361.7 7067484.1
-3.9829654 -2.4873376 2.8279387 6970159.4 7070700.5
-4.0754745 -2.4557211 2.7966042 6972890.6 7073067.7
-4.1684287 -2.4207495 2.7668953 6975653 7075484.8
-4.3224218 -2.3570194 2.7315122 6980204.4 7079625.1
-4.4448144 -2.3023881 2.7120244 6983812.6 7083006.9
-4.5687827 -2.2454886 2.7105608 6987377.9 7086555.2
-4.7256688 -2.1738407 2.7158228 6991844.7 7091083.1
-4.852113 -2.1171459 2.7243543 6995408.6 7094746.1
-4.9798918 -2.0611589 2.7329099 6998996.6 7098433.6
-5.139442 -1.9922803 2.7352026 7003514.9 7102978.5
-5.2934078 -1.9264286 2.7396668 7007855.5 7107371
-5.3869529 -1.8865322 2.7372476 7010521.4 7110008.8
-5.5128429 -1.8323788 2.7334641 7014117 7113560.4
-5.6940426 -1.7517738 2.7126112 7019409.5 7118610.6
-5.8385985 -1.6845814 2.7003556 7023637.4 7122696.1
-5.954713 -1.6282108 2.6789099 7027127.7 7125937.2
-6.0950677 -1.5558602 2.6523595 7031399.5 7129900.5
-6.2048074 -1.4949629 2.6175933 7034874.1 7132971.2
-6.3330986 -1.4187881 2.5939474 7038902.1 7136724.4
-6.4336909 -1.3556208 2.5677973 7042151.3 7139669.8
-6.5302956 -1.2919069 2.5492945 7045276.4 7142579.9
-6.6447306 -1.2151879 2.5527035 7048849.2 7146192.2
-6.7308676 -1.1591026 2.5761601 7051393.2 7149008.8
-6.8435478 -1.0939358 2.6583528 7054309.9 7152880.5
-6.9315672 -1.0512563 2.7218633 7056491.7 7155800.3
-7.042631 -1.0060457 2.7881523 7059233.4 7159312.3
-7.1347974 -0.97361053 2.8182647 7061606.3 7162035
-7.2556942 -0.93391721 2.8304498 7064853.6 7165423.9
-7.3586231 -0.9009455 2.8327222 7067658.7 7168255.4
-7.4993033 -0.85630238 2.8358913 7071488.9 7172122.4
-7.6092537 -0.82140448 2.8326143 7074515.9 7175111.4
-7.6926317 -0.79470434 2.8307478 7076809.7 7177383.5
-7.7506691 -0.7760139 2.8293303 7078407.9 7178965.2
-7.8430601 -0.74596158 2.8248969 7080967 7181472.8
-7.9150296 -0.72227274 2.8223247 7082957.7 7183433.6
-7.9993376 -0.69434074 2.8210057 7085281.3 7185741.9
-8.0617522 -0.67360354 2.8206303 7086998.5 7187454.7
-8.1513382 -0.64346238 2.8134503 7089504.9 7189877.7
-8.2416292 -0.61207444 2.8006101 7092072.1 7192295.7
-8.2869859 -0.59601325 2.8019146 7093319.2 7193558
-8.3464632 -0.57538913 2.8137063 7094892.3 7195268
-8.4100907 -0.55451414 2.8354462 7096512.1 7197140.5
-8.4769098 -0.53448228 2.8652072 7098158.2 7199132.4
-8.5648286 -0.51219606 2.921463 7100196.4 7201824.3
-8.6341083 -0.49894495 2.9837486 7101673.9 7204025.4
-8.7250261 -0.48843941 3.0693572 7103563 7206909.3
-8.7998642 -0.48505361 3.1234065 7105202.5 7209176.8
-8.8802051 -0.4848469 -3.1285523 7107116.1 7211453.2
-8.9595553 -0.48659902 -3.1104786 7109080.7 7213627.8
-9.0410335 -0.48989502 -3.0918456 7111098.8 7215862.4
-9.1212643 -0.49450237 -3.0766134 7113105.8 7218046.5
-9.2018111 -0.49995052 -3.0714983 7115181.3 7220181.3
-9.2828341 -0.50520518 -3.0821606 7117360.4 7222236.6
-9.3647842 -0.50961858 -3.0934193 7119565.8 7224311.2
-9.4675112 -0.5137353 -3.1096601 7122341 7226897.7
-9.5664262 -0.51552281 -3.1373868 7125081.8 7229316.3
-9.6244581 -0.51538736 3.1327189 7126671.1 7230753.6
-9.6823596 -0.51470632 3.1269434 7128214.6 7232230
-9.7611705 -0.51353724 3.1265762 7130272 7234283.1
-9.8209522 -0.512375 3.117731 7131882.5 7235790.9
-9.9193884 -0.50803941 3.077422 7134686 7238126
-9.9981543 -0.50142614 3.0382341 7136974.8 7239959.5
-10.099285 -0.48827692 2.9863576 7139935.5 7242317.4
-10.179842 -0.47371991 2.9392781 7142343.6 7244178.5
-10.237414 -0.46088182 2.9051024 7144080.3 7245518
-10.330825 -0.43564541 2.8503486 7146921.5 7247723
-10.402834 -0.41239489 2.8082058 7149139.5 7249451.3
-10.473823 -0.38683169 2.783691 7151249.4 7251276.4
-10.545282 -0.36065825 2.7973036 7153154.7 7253339.9
-10.622057 -0.33510349 2.8432454 7154997.8 7255716.8
-10.709374 -0.31139961 2.9097777 7156970.5 7258462.6
-10.803275 -0.29235455 2.9731944 7159100.5 7261329.4
-10.926129 -0.27589249 3.043585 7161923.7 7264970.6
-11.062845 -0.26574327 3.0914004 7165220.7 7268823.2
-11.171677 -0.26124019 3.1090787 7167958.3 7271766.2
-11.315892 -0.25760047 3.1236411 7171635.5 7275612.5
-11.432465 -0.25493055 3.1137454 7174733.5 7278595.6
-11.52044 -0.25223674 3.1082191 7177060.8 7280858.6
-11.668157 -0.24700985 3.1042266 7180938.2 7284689.7
-11.786273 -0.24234122 3.0999485 7184045.5 7287747.2
-11.930806 -0.23747604 3.1159391 7187723.5 7291611.1
-12.047667 -0.23454611 3.117113 7190764.9 7294666.1
-12.18699 -0.23150452 3.1224166 7194367.9 7298330.8
-12.30272 -0.22957118 3.1273607 7197357.4 7301377.7
-12.437947 -0.22776649 3.1291351 7200873.6 7304914.5
-12.546724 -0.22693276 3.1387212 7203654.5 7307806.7
-12.62887 -0.22658005 3.1358768 7205813 7309932.2
-12.760921 -0.22454145 3.116435 7209369.7 7313263.1
-12.864348 -0.22089664 3.0962983 7212185.4 7315844.7
-12.991376 -0.21171146 3.0425222 7215818.8 7318853.3
-13.088877 -0.1998391 2.9983219 7218636.8 7321157.7
-13.210484 -0.17985558 2.9591191 7222078.1 7324143.5
-13.333225 -0.15448708 2.9164399 7225594.3 7327163.8
-13.401534 -0.13799461 2.892931 7227563.3 7328859.6
-13.496448 -0.1123447 2.8623769 7230304.6 7331245.8
-13.594425 -0.083073507 2.8401784 7233099.9 7333783.3
-13.715808 -0.044083389 2.8213983 7236533.5 7336998.7
-13.815341 -0.00996969 2.8014067 7239393.3 7339626.1
-13.890438 0.017333468 2.7843503 7241576 7341610.7
-13.989256 0.055756391 2.7571596 7244498.7 7344217.4
-14.116262 0.10980142 2.7213831 7248305.7 7347608.7
-14.218482 0.15636841 2.7068759 7251319 7350453.5
-14.347674 0.21803626 2.6856051 7255175.5 7354062.8
-14.456071 0.27183194 2.6762433 7258385.4 7357164
-14.594308 0.34214169 2.6659031 7262489.6 7361148
-14.678311 0.38564565 2.661571 7264981.5 7363589.6
-14.790146 0.4437453 2.6633502 7268257.5 7366886.2
-14.930464 0.51651005 2.6630483 7272380.9 7371006.1
-15.043567 0.57358026 2.6855183 7275553.8 7374440.1
-15.197274 0.64478896 2.7299886 7279712.7 7379115.7
-15.320546 0.69478861 2.782537 7282876.2 7382889.8
-15.47643 0.74773359 2.8458105 7286801.5 7387550.3
-15.573428 0.7756071 2.8777344 7289247.7 7390367.4
-15.701046 0.80824793 2.9046466 7292526.2 7393958.6
-15.867018 0.84781853 2.9104409 7296941.7 7398441.5
-16.003295 0.88072502 2.8988812 7300664.6 7402030
-16.172443 0.9253994 2.8678683 7305406.7 7406411.8
-16.304305 0.96438293 2.8404143 7309151.7 7409837.8
-16.467023 1.0178618 2.8076949 7313808.1 7414114
-16.592897 1.0632186 2.7837845 7317435.9 7417464
-16.746305 1.1245005 2.7393016 7322001.9 7421513.2
-16.869499 1.1800633 2.6964822 7325774.7 7424788.4
-16.959754 1.2252571 2.6582337 7328629 7427198.3
-17.078226 1.2905016 2.6181666 7332388.5 7430492.2
-17.220829 1.3774988 2.5694465 7337027.5 7434565.1
-17.330354 1.4505962 2.5367091 7340651.3 7437808.5
-17.461071 1.5431562 2.5142012 7344958.6 7441854.3
-17.563846 1.6176627 2.5144392 7348267.3 7445165.8
-17.692107 1.7084203 2.5371221 7352232.7 7449394.7
-17.796588 1.7799225 2.5457661 7355483.8 7452746.3
-17.929511 1.8690148 2.5564522 7359594.4 7456981
-18.036523 1.9401771 2.5530507 7362965.2 7460312.3
-18.170263 2.0282733 2.565181 7367070.8 7464558.8
-18.277017 2.0972949 2.5701195 7370356.9 7467902.4
-18.35671 2.1480678 2.5785478 7372772 7470415.3
-18.524952 2.2518619 2.5990814 7377807.4 7475689.4
-18.668582 2.3360663 2.623598 7382006.5 7480173.3
-18.815217 2.4183818 2.6365368 7386316.2 7484633.4
-18.965446 2.5005069 2.6460847 7390725.2 7489153.3
-19.086565 2.5656732 2.649881 7394289.6 7492761.8
-19.239138 2.6454826 2.6694048 7398666.1 7497365.1
-19.360417 2.7065555 2.6807777 7402140.8 7500972
-19.484884 2.7675982 2.6904804 7405699.4 7504643.3
-19.60838 2.8271081 2.6946143 7409250 7508242
-19.733386 2.8868949 2.6963408 7412853.2 7511865.3
-19.890678 2.9604004 2.7125195 7417286.5 7516486.6
-20.019322 3.0176994 2.7326107 7420842 7520275.5
-20.149298 3.0712639 2.7687688 7424297.8 7524151.4
-20.282875 3.1199087 2.8159302 7427730.7 7528132.3
-20.419763 3.161857 2.8725416 7431135.1 7532194.5
-20.560385 3.1965798 2.9264828 7434598.7 7536284.9
-20.739136 3.2311923 2.9741671 7439069.4 7541309.6
-20.887741 3.2530761 3.016596 7442739.7 7545472.9
-21.075069 3.2706697 3.0793019 7447281.6 7550743.5
-21.18712 3.2748154 3.1299211 7449911.4 7553961.4
-21.336776 3.2713725 -3.0839194 7453412 7558267.7
-21.557683 3.2444249 -2.9564922 7458474.7 7564811.1
-21.775921 3.1897938 -2.8361187 7463641.7 7571376.8
-21.949728 3.1252896 -2.7363294 7467896.2 7576790.8
-22.085332 3.060261 -2.6525479 7471331 7581199.1
-22.245268 2.9630448 -2.5383026 7475547.8 7586743.3
-22.363998 2.8727364 -2.4443588 7478891.8 7591178.9
-22.496439 2.7465139 -2.3161027 7482917.4 7596694.8
-22.591212 2.6353384 -2.2373381 7486269.2 7600961.8
-22.656626 2.5477979 -2.1877101 7488830.5 7604099.7
-22.759574 2.3971614 -2.1529101 7493386 7609059.5
-22.839472 2.2734511 -2.1355765 7497125.4 7613000.4
-22.936699 2.1187911 -2.1284611 7501847.7 7617805.4
-23.0133 1.9941813 -2.1154909 7505586.5 7621694.9
-23.103127 1.8430772 -2.0987876 7510073.3 7626375.7
-23.17373 1.719499 -2.0809292 7513680.8 7630190.7
-23.224541 1.6274841 -2.0697443 7516356.7 7632996.6
-23.307273 1.4719905 -2.0497751 7520833.5 7637705.5
-23.355107 1.3787129 -2.0395037 7523507.3 7640498.6
-23.418396 1.2518534 -2.027614 7527135.1 7644264.5
-23.492626 1.0989478 -2.0178744 7531510.6 7648753.2
-23.55546 0.96787047 -2.0177277 7535300.2 7652544.5
-23.61498 0.8444257 -2.0224201 7538901 7656090.8
-23.675375 0.72072369 -2.02754 7542520.3 7659650.6
-23.733009 0.60333257 -2.0268377 7545926.3 7663064.8
-23.792477 0.48223514 -2.0277164 7549449.4 7666577.6
-23.87171 0.3229305 -2.0369581 7554142.5 7671163.4
-23.935063 0.1987052 -2.0478316 7557841.9 7674736.4
-23.999185 0.074818766 -2.0490004 7561486.2 7678367.2
-24.063449 -0.050550531 -2.0399442 7565107.2 7682093.4
-24.127327 -0.17886382 -2.0254654 7568760.7 7685915.1
-24.203077 -0.33862158 -2.0016425 7573232.7 7690663.9
-24.262019 -0.47030515 -1.9816672 7576878.7 7694542
-24.333325 -0.63864275 -1.9612767 7581527.3 7699427.6
-24.390248 -0.77882255 -1.95178 7585417.4 7703427.9
-24.431285 -0.88326398 -1.9385756 7588266.7 7706430.7
-24.495633 -1.0619454 -1.8943602 7592962.1 7711639.8
-24.540024 -1.2078884 -1.8377758 7596611.1 7715946.3
-24.575942 -1.3563121 -1.7786788 7600249.7 7720271.7
-24.607653 -1.5442851 -1.6971746 7604747.1 7725716
-24.622304 -1.695413 -1.637702 7608360.8 7730020.8
-24.627032 -1.8120204 -1.5849235 7611097.3 7733370.6
-24.620483 -2.0033991 -1.4882568 7615529 7738925.5
-24.600982 -2.1567231 -1.4003278 7619048.5 7743466.6
-24.55753 -2.3426167 -1.2820108 7623339.1 7749132
-24.508156 -2.4847184 -1.1907696 7626731.7 7753584.8
-24.412593 -2.6846667 -1.0591387 7631745.7 7760128.3
-24.315975 -2.8418513 -0.9801642 7636098.1 7765398.3
-24.230581 -2.9619337 -0.92512459 7639620.6 7769560.3
-24.114841 -3.1048727 -0.85518804 7644010.2 7774762.6
-24.015668 -3.2121655 -0.7942303 7647465.9 7778926.6
-23.881715 -3.337525 -0.71030731 7651762.3 7784198.1
-23.769889 -3.4275164 -0.64495074 7655125.5 7788320.7
-23.620281 -3.531113 -0.56633457 7659413.9 7793522.6
-23.496472 -3.6050142 -0.50993835 7662846.1 7797610.1
-23.400538 -3.6566496 -0.47759921 7665499.1 7800638.9
-23.241023 -3.7349339 -0.43486018 7669884.3 7805520.6
-23.106717 -3.7951548 -0.40816511 7673567.3 7809513.8
-22.943767 -3.8632437 -0.38343406 7678028.7 7814262.6
-22.811992 -3.9163625 -0.38292175 7681730.5 7817970.4
-22.648467 -3.982841 -0.38933029 7686370.7 7822536.1
-22.516115 -4.0379759 -0.40009923 7690172 7826212.2
-22.354619 -4.1066574 -0.40412153 7694771.5 7830765
-22.221946 -4.163821 -0.40952894 7698570 7834500.6
-22.055874 -4.2360077 -0.41053922 7703297.7 7839216.7
-21.921104 -4.2943996 -0.40717239 7707108.1 7843066.2
-21.743492 -4.3697841 -0.39560656 7712072.2 7848164.7
-21.636226 -4.4147593 -0.39843733 7715121.6 7851181.2
-21.494738 -4.4743904 -0.39929322 7719130.3 7855179.9
-21.354782 -4.5337073 -0.40245874 7723112.4 7859125.3
-21.218638 -4.5917097 -0.40304019 7726974.6 7862980.7
-21.082369 -4.6499872 -0.40521124 7730851.9 7866832.8
-20.920419 -4.7200592 -0.41149976 7735489.8 7871397.6
-20.793258 -4.7758589 -0.41551934 7739134.2 7874995.3
-20.669755 -4.8303668 -0.41575241 7742655.7 7878514.1
-20.550619 -4.8828776 -0.41454084 7746043.6 7881916.1
-20.437579 -4.9331158 -0.42188413 7749311.9 7885099
-20.302389 -4.9937879 -0.42181354 7753175.4 7888963.4
-20.196498 -5.0415939 -0.42632542 7756231.2 7891966.7
-20.119883 -5.0764634 -0.42789181 7758435.3 7894152.6
-20.017412 -5.1229181 -0.42336983 7761342.8 7897112.7
-19.915352 -5.1692052 -0.42820134 7764293.1 7900006.8
-19.816659 -5.2145732 -0.43356078 7767156.7 7902808.1
-19.695604 -5.2706189 -0.43362351 7770635.5 7906286.3
-19.602827 -5.3138276 -0.43808667 7773330.2 7908929.1
-19.494181 -5.3646578 -0.43711214 7776452.3 7912062.5
-19.40866 -5.4045784 -0.43634689 7778908.9 7914528
-19.325719 -5.4436347 -0.44383983 7781343 7916875
-19.263645 -5.4732662 -0.44689987 7783154.4 7918650.8
-19.180689 -5.5129652 -0.44579292 7785546.1 7921055.4
-19.08552 -5.5586414 -0.44915825 7788318.3 7923788.5
-18.987568 -5.6063271 -0.45695165 7791204.3 7926584
-18.856499 -5.6712144 -0.46243117 7795049.8 7930365.8
-18.746656 -5.7269778 -0.47708887 7798347.2 7933492.8
-18.634817 -5.785177 -0.48255033 7801666.4 7936748.7
-18.518714 -5.8462299 -0.48567664 7805105.2 7940151.1
-18.43385 -5.8912889 -0.49053342 7807638.9 7942628.3
-18.320224 -5.9521155 -0.49248246 7811010.9 7945977.7
-18.235328 -5.9981249 -0.50079679 7813577.2 7948447.4
-18.085634 -6.0810876 -0.51134734 7818101.3 7952848.9
-17.96495 -6.1492669 -0.51714072 7821749.3 7956429.6
-17.842221 -6.2195281 -0.52274865 7825469.5 7960084.7
-17.718773 -6.2913232 -0.5307869 7829240.1 7963761.8
-17.594481 -6.365573 -0.54619386 7833104.9 7967447.6
-17.439155 -6.4620778 -0.56568646 7837986.5 7972102.7
-17.317237 -6.5405089 -0.57762451 7841836 7975813.5
-17.160358 -6.6447234 -0.59509746 7846848.6 7980623.1
-17.065949 -6.7094268 -0.60655692 7849899.7 7983541
-16.938666 -6.7988622 -0.61844812 7854025.2 7987528.4
-16.783939 -6.9091135 -0.61975749 7858987 7992474.9
-16.690555 -6.9755621 -0.6171292 7861960.3 7995478.8
-16.567757 -7.0625507 -0.61554183 7865875.2 7999412.1
-16.413239 -7.1717512 -0.6148955 7870805.3 8004349.7
-16.291233 -7.2577289 -0.61285179 7874685.4 8008253.6
-16.135428 -7.3669193 -0.60969469 7879628.2 8013233.1
-15.981453 -7.4736613 -0.60265585 7884472.8 8018159.4
-15.88609 -7.5381671 -0.58679525 7887382.8 8021253.7
-15.789153 -7.6011064 -0.5649464 7890269.6 8024394.5
-15.59192 -7.7203774 -0.52282298 7896035.2 8030649.5
-15.488795 -7.7785369 -0.50418914 7899014.2 8033845
-15.350973 -7.8526771 -0.48288706 7902971.3 8038049.6
-15.211289 -7.9243051 -0.46475747 7906959.3 8042248.3
-15.070439 -7.9936714 -0.45047747 7910970.4 8046425.3
-14.930055 -8.0607152 -0.4406183 7914969.8 8050539.2
-14.750861 -8.1435945 -0.42580002 7920031.9 8055773.5
-14.61001 -8.2059209 -0.40739362 7923941.3 8059896.8
-14.434082 -8.2791777 -0.38173784 7928761.6 8065015.2
-14.324007 -8.3218532 -0.35797219 7931702 8068231.7
-14.17974 -8.373736 -0.33248585 7935551.7 8072377.6
-13.99449 -8.4344606 -0.30103333 7940452.5 8077643.8
-13.850578 -8.4780639 -0.28735617 7944294.1 8081644.3
-13.656818 -8.5318801 -0.25447878 7949346.8 8087079.1
-13.501927 -8.5694876 -0.22190161 7953313.8 8091424.6
-13.274419 -8.6123282 -0.15034771 7958934.9 8097877.1
-13.067087 -8.6362654 -0.079541215 7963965.8 8103730.8
-12.903546 -8.6443902 -0.019737214 7967888.1 8108348
-12.699279 -8.6392303 0.070246882 7972693.5 8114198.9
-12.535307 -8.6211633 0.14923569 7976536.2 8118959.4
-12.368572 -8.5882617 0.24041543 7980438 8123920.7
-12.208397 -8.540605 0.33796152 7984229 8128845.1
-12.054873 -8.4779791 0.43667001 7987979.1 8133742.1
-11.872216 -8.3791284 0.55542942 7992704.8 8139847.8
-11.730731 -8.2820128 0.64764883 7996643.9 8144858.4
-11.568455 -8.1450886 0.75409035 8001562.1 8151013.4
-11.452836 -8.025315 0.85199671 8005334.2 8155923.1
-11.373296 -7.9263601 0.93549669 8008159.7 8159718.8
-11.262784 -7.7503414 1.0848098 8012711.7 8166005.8
-11.197088 -7.601538 1.2252707 8016137.2 8171063.4
-11.154887 -7.4455585 1.3878597 8019406.2 8176221.5
-11.141621 -7.294302 1.5787778 8022256.3 8181290
-11.159003 -7.146615 1.7971193 8024865.4 8186436.1
-11.225344 -6.9843248 2.1205767 8027558 8192887.1
-11.306339 -6.8876562 2.4158235 8029131.3 8197891
-11.437562 -6.8128127 2.8306977 8030660.2 8204240.5
-11.547691 -6.7966638 -3.1218979 8031642 8209063.6
-11.624514 -6.8068898 -2.8966191 8032354.1 8212393.3
-11.75748 -6.8697273 -2.503619 8033905.8 8218511.4
-11.865694 -6.9773589 -2.2141631 8036204 8224172.9
-11.92174 -7.0626145 -2.0905392 8038146.2 8227551.6
-11.97206 -7.1569282 -2.0312872 8040589.5 8230683.3
-12.020314 -7.257426 -2.0055922 8043347.2 8233739.6
-12.068512 -7.3597736 -2.0162347 8046358.9 8236627.7
-12.132387 -7.4867856 -2.0572993 8050304.7 8240096.3
-12.187232 -7.5850268 -2.1026297 8053502 8242766.9
-12.261104 -7.6995721 -2.1845444 8057532 8245845.1
-12.328716 -7.7878874 -2.2638389 8060893 8248284.7
-12.403083 -7.8703219 -2.3457469 8064263.9 8250703.9
-12.502662 -7.9611587 -2.4583996 8068433 8253564.1
-12.612613 -8.0413903 -2.5640147 8072595.9 8256499.7
-12.705127 -8.0960411 -2.6520231 8075909 8258790.3
-12.79896 -8.1403651 -2.748558 8079175.9 8260935.5
-12.896614 -8.1745603 -2.8609812 8082527.1 8262980.4
-12.997212 -8.1972943 -2.9776941 8085894.5 8264991.6
-13.125646 -8.2093469 -3.1183536 8090075.4 8267538.2
-13.226242 -8.2060461 3.0527529 8093351.1 8269511.6
-13.378069 -8.1812 2.9060146 8098215.3 8272670.8
-13.53061 -8.136327 2.8049703 8102948.5 8276229.9
-13.626062 -8.1009259 2.7679124 8105818.5 8278669.3
-13.723157 -8.0615201 2.7441923 8108688.7 8281263.9
-13.821598 -8.0195065 2.7322229 8111549.2 8283985.3
-13.922852 -7.9745864 2.7158616 8114532.7 8286778.7
-14.056127 -7.913142 2.7033408 8118432.3 8290532.8
-14.187392 -7.850689 2.6916759 8122290.6 8294255.5
-14.27027 -7.8099642 2.6780573 8124777.7 8296584.4
-14.378476 -7.7549767 2.6647937 8128019.7 8299672.3
-14.508525 -7.6855372 2.6375201 8132022.4 8303358.1
-14.608138 -7.6293982 2.6192574 8135110.1 8306233.6
-14.686263 -7.5838202 2.607684 8137535.9 8308524.9
-14.814762 -7.5053164 2.5786663 8141631 8312282.9
-14.918193 -7.4395834 2.5722577 8144863.9 8315441.3
-15.080878 -7.3355367 2.572926 8149895.6 8320480.7
-15.249941 -7.2312092 2.604474 8154892.6 8325844.3
-15.395277 -7.1461755 2.6199517 8159193.5 8330325
-15.511911 -7.0800176 2.6312868 8162624.2 8333887.4
-15.632742 -7.0118353 2.6244237 8166281.8 8337465.3
-15.75063 -6.9443851 2.6193738 8169852.8 8340977.6
-15.866958 -6.8749444 2.5874782 8173570.8 8344325
-16.010288 -6.7840245 2.5651302 8178126.6 8348621.2
-16.129123 -6.704908 2.543297 8181976.2 8352217
-16.304854 -6.5823939 2.5222423 8187684.5 8357680.8
-16.448776 -6.476555 2.4927767 8192514.2 8362168
-16.566816 -6.3860615 2.4822798 8196453.6 8365985.5
-16.685934 -6.2931712 2.476283 8200427.3 8369889.5
-16.836881 -6.1770481 2.495424 8205282.2 8374966.8
-16.956744 -6.0885134 2.5153904 8209051.9 8378968.5
-17.117948 -5.9763548 2.5520541 8213959.8 8384302.4
-17.243432 -5.8952624 2.5836793 8217671.9 8388382
-17.399017 -5.8008413 2.608581 8222272.9 8393272.4
-17.52414 -5.7280386 2.6206741 8225977.5 8397117.4
-17.6837 -5.635747 2.6137172 8230824.5 8401883.6
-17.808753 -5.5626119 2.6110878 8234617.3 8405645.9
-17.963188 -5.4710764 2.6020086 8239351.3 8410274.4
-18.085741 -5.3977175 2.6024161 8243073.4 8414001.2
-18.2388 -5.3055077 2.5963325 8247768.2 8418625.4
-18.360592 -5.2322066 2.6032888 8251434.5 8422372.4
-18.450298 -5.1785405 2.6016481 8254169.9 8425088.7
-18.542224 -5.1232271 2.5981724 8256987.6 8427866.1
-18.63619 -5.0665417 2.5993977 8259842 8430734.8
-18.785004 -4.9758221 2.5888662 8264447.9 8435218.3
-18.872436 -4.9219605 2.5900578 8267118.8 8437903
-18.988312 -4.8507887 2.591525 8270656.2 8441457.5
-19.073954 -4.7982721 2.5915073 8273276 8444077
-19.217706 -4.7136967 2.6280691 8277412.7 8448638.5
-19.334392 -4.651341 2.6735589 8280598.3 8452352.7
-19.51396 -4.574212 2.7982331 8284970 8458173.1
-19.640664 -4.5365678 2.9073583 8287782.7 8462253.8
-19.797259 -4.5128921 3.0757182 8290934.3 8467361.6
-19.977315 -4.522379 -2.9704385 8294258.9 8473440.4
-20.12119 -4.5639308 -2.7504368 8296885.8 8478623.5
-20.223049 -4.617598 -2.5629124 8298798.5 8482715.1
-20.330124 -4.7073122 -2.3254689 8301061.6 8487737.2
-20.398911 -4.795626 -2.1395896 8302900.7 8491736.1
-20.460008 -4.9229735 -1.8966616 8305172.4 8496830.6
-20.484652 -5.0290616 -1.7014368 8306878.2 8500804.8
-20.485612 -5.1620294 -1.4545974 8308911.5 8505706.2
-20.462796 -5.2673217 -1.2602006 8310591.4 8509644.9
-20.407296 -5.3885842 -1.0229505 8312690.6 8514500.7
-20.344602 -5.4735748 -0.84751835 8314425.3 8518273.9
-20.268053 -5.5474325 -0.68749834 8316269.3 8521977.3
-20.149349 -5.62864 -0.5124752 8319002.9 8526744.5
-20.043695 -5.6803611 -0.39800334 8321405.2 8530476.9
-19.905993 -5.7294944 -0.28745016 8324575.4 8534931.7
-19.793172 -5.7591825 -0.22717075 8327267.2 8538323.9
-19.645358 -5.7899758 -0.18360364 8330951.3 8542514.2
-19.55532 -5.8053807 -0.15530327 8333168.8 8545060.5
-19.435247 -5.8225683 -0.12905019 8336179.2 8548376
-19.280295 -5.8404884 -0.10122566 8340085 8552605.1
-19.152371 -5.8526292 -0.088021007 8343359 8556032.5
-18.990497 -5.8672691 -0.092368714 8347622.5 8560245.5
-18.861658 -5.8798499 -0.10230773 8351055.8 8563563.4
-18.69945 -5.899707 -0.14131535 8355543.8 8567598
-18.569941 -5.9205203 -0.17737931 8359173.7 8570808.9
-18.413951 -5.9536493 -0.24115914 8363702.5 8574596.7
-18.294925 -5.9855964 -0.28328936 8367160.9 8577565.5
-18.148386 -6.0335244 -0.34891125 8371562.4 8581204.6
-18.065458 -6.0655122 -0.38737414 8374103.6 8583298.8
-17.955123 -6.1139617 -0.44015544 8377552.5 8586134.4
-17.79773 -6.1961632 -0.52245125 8382660.8 8590286.5
-17.718988 -6.2434805 -0.55973092 8385272.9 8592465.4
-17.590228 -6.3292275 -0.61527305 8389629.5 8596176.6
-17.49088 -6.4024975 -0.65564159 8393083 8599161
-17.366453 -6.5010352 -0.68396367 8397386.2 8603135.3
-17.289068 -6.5647513 -0.69369117 8400056.6 8605692.6
-17.185591 -6.6518072 -0.70516278 8403649.4 8609152.1
-17.056146 -6.7626372 -0.71099415 8408126.9 8613561.8
-16.954028 -6.8514759 -0.72094561 8411714.2 8617033.4
-16.82447 -6.9666825 -0.73271699 8416303.4 8621485.9
-16.723073 -7.0595184 -0.74998301 8419988.5 8624970.4
-16.62253 -7.1541139 -0.7598711 8423645.7 8628512.7
-16.497051 -7.274571 -0.77009148 8428240.7 8632989
-16.395935 -7.37092 -0.75243729 8431780.2 8636733.5
-16.267014 -7.4885986 -0.72723876 8436185.4 8641431.6
-16.160665 -7.5800133 -0.69281751 8439642.3 8645288.4
-16.077885 -7.6471568 -0.67013821 8442289.9 8648199.5
-15.904708 -7.7768655 -0.61557208 8447614.8 8654158.5
-15.725582 -7.8994313 -0.58457363 8453094.4 8659998.3
-15.568599 -8.002272 -0.57534022 8457934.4 8664945.6
-15.443178 -8.0831164 -0.56978068 8461793.1 8668868.9
-15.319189 -8.1615262 -0.55801286 8465550.2 8672762.6
-15.161331 -8.2574157 -0.53373639 8470225.3 8677719.9
-15.030974 -8.3323483 -0.50967153 8474006.3 8681780.4
-14.931493 -8.3866333 -0.48937297 8476843.5 8684853.5
-14.764237 -8.4712626 -0.44747848 8481488 8689984.8
-14.624451 -8.5352808 -0.41144582 8485287.8 8694203.3
-14.479661 -8.5952921 -0.37439599 8489159.5 8698505.5
-14.330734 -8.6503774 -0.33415349 8493066.2 8702879.8
-14.184104 -8.6976199 -0.28921909 8496822.3 8707158
-14.068872 -8.7295878 -0.25201417 8499724.4 8710492.4
-13.917693 -8.7647008 -0.20441504 8503494.9 8714816
-13.755013 -8.7932296 -0.14279033 8507443.7 8719480.8
-13.594022 -8.8113949 -0.081927363 8511314.7 8724059
-13.434229 -8.8189026 -0.0119711 8515079.6 8728636.8
-13.268238 -8.8147946 0.061457497 8518982.7 8733393.1
-13.10404 -8.797993 0.1424844 8522815.9 8738167.8
-12.900619 -8.7570122 0.25510936 8527572.6 8744233.1
-12.745252 -8.7080976 0.35490695 8531240.2 8749060.3
-12.556972 -8.6264746 0.46322104 8535962 8755040.6
-12.412319 -8.5462934 0.54905875 8539776 8759852
-12.243752 -8.4328804 0.63542201 8544572 8765651.5
-12.1145 -8.3320195 0.68985661 8548530.9 8770242.9
-11.959562 -8.1970362 0.74350324 8553577.5 8775912.9
-11.840809 -8.0834259 0.78303925 8557633.3 8780428.1
-11.704036 -7.9395223 0.8385548 8562487.7 8785927.5
-11.60274 -7.8215814 0.88379504 8566278.9 8790244.4
-11.483693 -7.6678501 0.93994414 8571022.8 8795640.7
-11.396072 -7.5426788 0.98018408 8574773.2 8799858.7
-11.276132 -7.3527346 1.0349603 8580312.8 8806034.7
-11.217627 -7.2523385 1.0513714 8583247.4 8809160
-11.125666 -7.0866737 1.0767184 8588041 8814248.1
-11.054633 -6.9529294 1.0884186 8591921.9 8818265
-10.97126 -6.7889411 1.1124697 8596579.2 8823201.7
-10.906655 -6.6564338 1.1218454 8600368.8 8827100.3
-10.829748 -6.4928672 1.1407181 8604972.2 8831923
-10.769775 -6.3606981 1.1489153 8608709.2 8835755.3
-10.698165 -6.1944154 1.1793829 8613253.2 8840653.3
-10.644071 -6.0602171 1.1958759 8616930.3 8844522
-10.580932 -5.8922027 1.2267749 8621431.1 8849381.8
-10.545292 -5.7911418 1.2367375 8624167.5 8852234
-10.501879 -5.6601526 1.2648024 8627602.9 8855995.4
-10.460594 -5.5240089 1.2879173 8631178.3 8859839.4
-10.423283 -5.3906978 1.3078836 8634672.1 8863565.2
-10.389626 -5.2600956 1.3292759 8638064.6 8867206.4
-10.36549 -5.1605324 1.3366603 8640693.1 8869920.7
-10.329926 -5.0005738 1.3673821 8644787.6 8874372.1
-10.304971 -4.8751789 1.3813247 8648040.5 8877787
-10.276576 -4.7175834 1.4037351 8652085.9 8882092.8
-10.257407 -4.6007705 1.4125593 8655121.4 8885230.8
-10.231418 -4.4253222 1.4349125 8659616.4 8889985.6
-10.210066 -4.2586333 1.4518798 8663899.9 8894466.3
-10.194461 -4.1238172 1.459231 8667396.2 8898047.9
-10.182989 -4.0218081 1.4583859 8670077.8 8900719.7
-10.170289 -3.9215532 1.4311925 8672870.9 8903196.9
-10.154088 -3.8265536 1.3725789 8675724.4 8905369.3
-10.131448 -3.7351957 1.2831622 8678698.2 8907304.1
-10.097908 -3.6429144 1.1612113 8681967.1 8909156
-10.039989 -3.53198 1.0180357 8686062.1 8911587.4
-9.9640442 -3.4260059 0.87995447 8690264 8914184.9
-9.8928005 -3.3482556 0.77812652 8693605.5 8916343.1
-9.8092827 -3.2739734 0.67574854 8697114.8 8918662.9
-9.7149817 -3.2053509 0.58239745 8700698.3 8921161.7
-9.6393722 -3.1589662 0.51814374 8703384.6 8923101.5
-9.532794 -3.1046843 0.4239998 8707050.4 8925673.3
-9.3554693 -3.0390313 0.28518592 8712787.5 8929797.5
-9.2631972 -3.0159109 0.20583936 8715729 8931817
-9.1057544 -2.9944601 0.064983039 8720690.7 8935142.1
-8.9786518 -2.9931778 -0.044806756 8724643.1 8937818.7
-8.8190045 -3.0111905 -0.1798988 8729617.3 8941223.2
-8.6964908 -3.0397748 -0.27852974 8733470.7 8943930.7
-8.5489154 -3.0900361 -0.37798853 8738113.8 8947418.1
-8.4360304 -3.1395074 -0.44808213 8741734.9 8950224.7
-8.3008438 -3.2103523 -0.51732573 8746117 8953802.3
-8.1974635 -3.2722932 -0.56227251 8749520.7 8956683.7
-8.0736564 -3.3538532 -0.60275324 8753621.8 8960314.5
-7.9779094 -3.4201554 -0.60855985 8756692.4 8963317.6
-7.8428783 -3.5122988 -0.58905459 8760841.9 8967693.7
-7.733175 -3.5839518 -0.56812208 8764137 8971232
-7.6480632 -3.6370189 -0.54691443 8766629.2 8973970.6
-7.5448978 -3.6980768 -0.52188974 8769609.8 8977242
-7.4649741 -3.7429363 -0.50103137 8771878.5 8979753.1
-7.3717342 -3.7925299 -0.47663946 8774490.7 8982648.7
-7.2992015 -3.8290631 -0.45653301 8776491.6 8984883.2
-7.2264586 -3.8639007 -0.43674167 8778479.8 8987101.3
-7.1388662 -3.9038836 -0.41969235 8780891.5 8989711.2
-7.0701756 -3.9343728 -0.41578558 8782828.5 8991693.5
-6.9813939 -3.9748354 -0.43947066 8785510.2 8994100.1
-6.9072088 -4.011778 -0.4845892 8787933.4 8995999
-6.833233 -4.0530601 -0.5334136 8790426.1 8997924.4
-6.7626119 -4.0971877 -0.58357073 8792888.9 8999804.4
-6.6886152 -4.1488865 -0.63608348 8795547.8 9001853.2
-6.5970585 -4.2203062 -0.68884531 8798882.2 9004574.5
-6.5253906 -4.2814429 -0.72368374 8801541 9006828.5
-6.4345517 -4.3639288 -0.75080163 8804898.1 9009870.5
-6.360807 -4.4325611 -0.74821015 8807510 9012512.5
-6.3038313 -4.4853104 -0.74558917 8809519.4 9014552.4
-6.202444 -4.5773047 -0.72813896 8812987.9 9018223.6
-6.1150601 -4.653637 -0.70785161 8815895.6 9021367
-6.0501208 -4.7087678 -0.69992748 8818070.8 9023634.4
-5.9393088 -4.8007431 -0.68562291 8821742.9 9027472.6
-5.8504992 -4.8723398 -0.67137517 8824634.8 9030530.1
-5.7411764 -4.9580535 -0.658494 8828182.4 9034227.3
-5.6549743 -5.0236501 -0.6424668 8830913.9 9037145
-5.5479114 -5.1029296 -0.63231316 8834328.7 9040677.9
-5.4596209 -5.1676962 -0.63348351 8837190.8 9043526.4
-5.3469286 -5.2513058 -0.64314563 8840905.9 9047129.2
-5.2573112 -5.3196203 -0.65949719 8843939.3 9049972.6
-5.1438907 -5.4080344 -0.66476321 8847719.9 9053692
-5.0774827 -5.4598062 -0.65959518 8849885.6 9055917.7
-4.9876562 -5.5281799 -0.64163449 8852724.9 9058965.8
-4.8751419 -5.6098342 -0.61393063 8856189.1 9062751.8
-4.7844597 -5.6729514 -0.6021775 8859001.8 9065701.1
-4.6421715 -5.7701315 -0.59624614 8863460.4 9070228.7
-4.4973 -5.8700573 -0.61138783 8868137.5 9074729.8
-4.3999825 -5.9401497 -0.6369804 8871413.6 9077708.5
-4.3075304 -6.0114073 -0.67631979 8874685.9 9080523.7
-4.2180108 -6.0877214 -0.73555164 8878097.4 9083247
-4.1335046 -6.168792 -0.79375175 8881489.1 9085962.5
-4.0179724 -6.2988233 -0.89499553 8886613 9089910
-3.9324963 -6.4133515 -0.96429854 8890742.2 9093233.8
-3.868857 -6.5105361 -1.0177677 8894082 9095952.3
-3.798494 -6.6318143 -1.07239 8898055.5 9099291.2
-3.7427519 -6.7363707 -1.0896061 8901245.1 9102280.8
-3.676556 -6.8641896 -1.0962751 8905037.3 9105995.5
-3.6221987 -6.9696402 -1.0934133 8908114.3 9109105.7
-3.5800947 -7.0514672 -1.0977431 8910539 9111480.1
-3.5097092 -7.1905866 -1.1070791 8914658.8 9115491.4
-3.4523067 -7.3043376 -1.0998192 8917939.1 9118856.1
-3.3759881 -7.4501491 -1.0773807 8922100.2 9123277.9
-3.3122644 -7.563068 -1.0366529 8925244.6 9126895.5
-3.2258864 -7.7017111 -0.99058514 8929236.4 9131422.6
-3.1505126 -7.8099016 -0.93402261 8932346.1 9135189.6
-3.0892267 -7.8889487 -0.88856512 8934690.2 9138061.8
-2.978512 -8.0115594 -0.78411218 8938391.1 9142976.4
-2.8818831 -8.0989795 -0.68669855 8941223 9146940.2
-2.7490352 -8.1928578 -0.54366508 8944633.8 9152013
-2.6386201 -8.2504201 -0.41745984 8947147.5 9155993.1
-2.4930189 -8.3003931 -0.24378109 8950152.6 9161016.2
-2.3752885 -8.3210403 -0.10344211 8952454 9164948.4
-2.2310799 -8.3213891 0.098604165 8955040.6 9169882.6
-2.1213261 -8.3011142 0.26673863 8956974.1 9173769.7
-1.9935975 -8.2506363 0.48597897 8959281.7 9178624.8
-1.9025161 -8.1905446 0.68043028 8960997.4 9182599.8
-1.8123775 -8.0958073 0.9401039 8962898.6 9187518.4
-1.7715851 -8.029494 1.0985262 8964008.4 9190468.9
-1.7336318 -7.9311553 1.3064045 8965549.3 9194425.3
-1.7186676 -7.8535217 1.4543489 8966751.4 9197346.4
-1.7153777 -7.7720766 1.6064989 8967992.9 9200355.8
-1.7294194 -7.6651541 1.7962509 8969702.6 9204270.3
-1.7633696 -7.5612727 1.9770907 8971501.8 9208170.7
-1.8146045 -7.4636396 2.131035 8973482.5 9211940.2
-1.9015779 -7.3461175 2.2847755 8976401.7 9216645.8
-1.9623014 -7.2811059 2.3594327 8978287.7 9219399.3
-2.0498386 -7.2003441 2.4334288 8980963.5 9222934.9
-2.168621 -7.1029457 2.4761537 8984720.8 9227188.6
-2.2680737 -7.0250045 2.4775845 8988007.3 9230491.7
-2.3947377 -6.9244623 2.4637388 8992304.7 9234628.2
-2.4963505 -6.8416282 2.4515715 8995793.9 9237976
-2.6238461 -6.7373296 2.4603051 9000038.4 9242322.1
-2.7277908 -6.6542046 2.47376 9003430.8 9245870.8
-2.8584824 -6.5548031 2.5089487 9007508 9250356.9
-2.9639236 -6.4783711 2.5197793 9010840.9 9253815.6
-3.0957743 -6.3854614 2.5357158 9014954.3 9258114.2
-3.2044262 -6.3098103 2.5310322 9018433.9 9261539.3
-3.2876549 -6.2516622 2.532509 9021072.8 9264195.4
-3.4548189 -6.1350251 2.5322595 9026389.3 9269509.1
-3.5963016 -6.0372254 2.5412694 9030821.9 9274046.3
-3.7369467 -5.9410855 2.5426966 9035256 9278497
-3.8505156 -5.8648053 2.5575808 9038737 9282150.9
-3.9643279 -5.7900853 2.5637142 9042251.5 9285736.7
-4.0817537 -5.7138016 2.5672371 9045882.4 9289408.6
-4.2024495 -5.6347535 2.5562718 9049708.3 9293107.1
-4.3207716 -5.554567 2.5357136 9053554.9 9296714.7
-4.4370056 -5.47219 2.5143671 9057393.8 9300305.6
-4.5781634 -5.366698 2.4852331 9062158.2 9304731.5
-4.6872705 -5.2810681 2.4671145 9065880.1 9308242.9
-4.81855 -5.173117 2.4396887 9070471.5 9312515.6
-4.8953354 -5.1072447 2.4253995 9073192.5 9315070.6
-4.9959793 -5.0176751 2.4032988 9076834.1 9318455.4
-5.1434815 -4.8836632 2.4048585 9082021.7 9323661.1
-5.2934313 -4.7512938 2.4319126 9087080.2 9329033.9
-5.426 -4.6407514 2.4611869 9091411 9333704.9
-5.5039551 -4.5781341 2.4685597 9093975.5 9336355.1
-5.6111895 -4.4934608 2.4778811 9097484.2 9339972.1
-5.7426533 -4.3903443 2.4750259 9101857.6 9344312.3
-5.8498145 -4.3062826 2.4777962 9105393 9347879.9
-5.9801173 -4.2017799 2.4534725 9109889.8 9352094.1
-6.0810785 -4.1160814 2.4220872 9113525.4 9355364.9
-6.2000556 -4.0057763 2.3659112 9118082.4 9359269.2
-6.2889049 -3.9156173 2.3318445 9121581 9362372
-6.396648 -3.797547 2.2891416 9125997.1 9366291.9
-6.4793735 -3.7002819 2.2620378 9129484.1 9369464
-6.5776646 -3.5800531 2.2502373 9133602.1 9373444.9
-6.6332832 -3.5111255 2.2492408 9135917.4 9375748.6
-6.7077373 -3.4192289 2.254203 9138972.7 9378861.5
-6.8002419 -3.3071456 2.2673713 9142685.7 9382727.6
-6.8750295 -3.2193413 2.2852427 9145589.4 9385838.9
-6.975645 -3.1081072 2.3269834 9149258 9389992.5
-7.0615053 -3.021094 2.3720674 9152183.7 9393442
-7.1796157 -2.9142068 2.4400022 9155942.8 9397990.5
-7.2850442 -2.8295791 2.4904096 9159175.2 9401808.6
-7.4244572 -2.729412 2.5467176 9163324.4 9406612.1
-7.5396333 -2.6543628 2.5814644 9166707.2 9410398.6
-7.6274558 -2.6010549 2.6106244 9169216.7 9413247
-7.7526446 -2.5295635 2.6348121 9172835.4 9417146.7
-7.9141715 -2.4436887 2.6710901 9177394.8 9422127.7
-8.1130641 -2.3442003 2.6844613 9183116.1 9428004.3
-8.2812507 -2.2619941 2.6894621 9187968.5 9432914.9
-8.3824936 -2.2126498 2.6867133 9190921.4 9435835.8
-8.5150919 -2.1486078 2.6965982 9194703.7 9439733
-8.6835446 -2.0688051 2.7017478 9199534.4 9444623.4
-8.8188514 -2.0063197 2.7161819 9203336.8 9448593.6
-8.9880624 -1.9310659 2.7300718 9208085.1 9453503.3
-9.1227935 -1.8730895 2.7403921 9211849.9 9457388
-9.2252144 -1.8299662 2.745769 9214716.4 9460317
-9.3922827 -1.7629889 2.774856 9219241 9465179.5
-9.5256582 -1.7129847 2.7909412 9222861.8 9468987.2
-9.6906893 -1.6549419 2.8158522 9227278.8 9473693.7
-9.822301 -1.6112641 2.826469 9230833.1 9477371.3
-9.9539587 -1.5693875 2.8408107 9234352.3 9481057.2
-10.083715 -1.5293224 2.8434051 9237878.4 9484613.5
-10.213186 -1.4895258 2.8433562 9241410.7 9488145.1
-10.371147 -1.44008 2.8331007 9245786.3 9492401.6
-10.463945 -1.4104048 2.8310774 9248338.6 9494930.4
-10.587101 -1.3708461 2.8305072 9251714.9 9498300.1
-10.679095 -1.3407974 2.8212545 9254292.2 9500769.9
-10.799865 -1.3001316 2.8123407 9257666.9 9504041
-10.915906 -1.2596711 2.7998573 9260944 9507173
-11.059029 -1.2076354 2.7858975 9264996.2 9511063
-11.19815 -1.1549563 2.7733409 9268948.2 9514869.1
-11.306565 -1.111949 2.7545427 9272098.7 9517801.3
-11.436233 -1.0578635 2.7383121 9275856.6 9521370.5
-11.535946 -1.0140345 2.7166103 9278822.9 9524084.7
-11.654047 -0.95945441 2.7007511 9282307.6 9527385.1
-11.745502 -0.91570438 2.6900351 9285013.4 9529966.4
-11.854679 -0.86081541 2.6614596 9288365.9 9532986.8
-11.941039 -0.8141196 2.6303591 9291106.6 9535366.2
-12.045326 -0.75073113 2.5605147 9294694.7 9538142.7
-12.127387 -0.69249028 2.4882212 9297738.7 9540346.7
-12.226947 -0.61025071 2.4141418 9301536.4 9543283.6
-12.306536 -0.53455373 2.3483611 9304782.7 9545765.6
-12.363514 -0.47366904 2.2977627 9307251 9547646
-12.435738 -0.38706196 2.2340045 9310562 9550216.2
-12.5064 -0.29125354 2.1785424 9313988.5 9552998.3
-12.572857 -0.19139484 2.137452 9317355.1 9555887.4
-12.65521 -0.058643479 2.1146442 9321561.2 9559828.5
-12.722826 0.050758221 2.1341159 9324801.7 9563295.2
-12.815254 0.19220788 2.1650516 9329028 9567881
-12.873502 0.27644503 2.1865012 9331574 9570676.2
-12.93289 0.35935141 2.1982939 9334164.8 9573404
-13.016117 0.47307819 2.2068232 9337790 9577128.4
-13.078784 0.55789581 2.2074147 9340536.5 9579881.7
-13.184653 0.70238175 2.1988879 9345256.8 9584502.9
-13.2682 0.81772524 2.1964421 9348984.8 9588202.5
-13.351882 0.93389476 2.1936573 9352734.3 9591919.6
-13.438308 1.0528621 2.2044722 9356505.8 9595816.9
-13.504301 1.1416483 2.2154983 9359326.5 9598765.6
-13.617145 1.2882392 2.2381871 9364018.5 9603721.3
-13.732143 1.4317383 2.2545706 9368718.5 9608611.6
-13.826512 1.546353 2.2646666 9372531.2 9612541.7
-13.946966 1.6902495 2.2708272 9377388.8 9617470.8
-14.041531 1.8015142 2.2796527 9381145.2 9621329.8
-14.162416 1.9398703 2.2981521 9385828.6 9626228.1
-14.261368 2.0492475 2.3142288 9389581.2 9630167.6
-14.36086 2.1555996 2.3315367 9393278.2 9634065.7
-14.459798 2.2579712 2.3467406 9396902.3 9637866.4
-14.562355 2.3607098 2.363886 9400588 9641751.3
-14.666911 2.4622811 2.3774517 9404310.3 9645631.2
-14.770749 2.5605198 2.3903485 9407962.8 9649433.6
-14.87643 2.6583875 2.3987714 9411669.7 9653238.4
-15.009677 2.7785398 2.4168795 9416243.1 9658022.1
-15.118805 2.8744996 2.423747 9419992.5 9661851.3
-15.25196 2.9898527 2.4316663 9424540.3 9666491.2
-15.333674 3.0600065 2.432667 9427342.8 9669305.3
-15.441268 3.151962 2.4361462 9431013.3 9673016.2
-15.550151 3.2439124 2.4444626 9434681.1 9676780.7
-15.658761 3.3343341 2.4501947 9438333 9680499.2
-15.768543 3.4242282 2.4607344 9441971.7 9684260.3
-15.851141 3.4907675 2.4661817 9444705.8 9687057.7
-15.933582 3.5559316 2.4792452 9447370.1 9689873.8
-16.072652 3.6627332 2.4941385 9451855.9 9694532.7
-16.185431 3.7473533 2.5016335 9455489 9698252.8
-16.298959 3.8315618 2.5051623 9459154.3 9701959.2
-16.411682 3.9148547 2.5052786 9462808.4 9705614.6
-16.526374 3.9989336 2.5127356 9466473.3 9709366.1
-16.668931 4.1027327 2.5117458 9471077.3 9713958.7
-16.783831 4.1857706 2.5198477 9474726.9 9717702.4
-16.897534 4.2666283 2.5270172 9478323.4 9721382.2
-17.014649 4.3479825 2.5419121 9481955.3 9725187.2
-17.131593 4.4275425 2.5464807 9485617 9728902
-17.279557 4.5260547 2.5619223 9490162.5 9733626.9
-17.397652 4.6026432 2.5705724 9493782.6 9737347.5
-17.546602 4.6954634 2.5980572 9498199.3 9742083.6
-17.668912 4.7673883 2.6219464 9501760.5 9745922.3
-17.793927 4.8353986 2.6647665 9505222.8 9749882.1
-17.950911 4.911232 2.7184014 9509457.2 9754739.8
-18.078089 4.9636704 2.7826169 9512671.3 9758700
-18.205965 5.0068993 2.8485828 9515807.9 9762603.1
-18.337198 5.0411121 2.9245492 9518903 9766580.9
-18.465384 5.0640481 3.0045312 9521834 9770441.2
-18.659191 5.0778041 3.1369354 9526131.1 9776276.9
-18.817577 5.0682869 -3.0169029 9529517.2 9781165.9
-18.909733 5.0531607 -2.9409096 9531510.9 9784042.6
-19.026591 5.0236789 -2.8480153 9534113.9 9787724.9
-19.142487 4.9820822 -2.7459829 9536732 9791528.6
-19.24453 4.9346313 -2.666671 9539205.7 9794923.8
-19.348101 4.8766418 -2.5956903 9541888.5 9798431.4
-19.490368 4.7831723 -2.5249311 9545916.2 9803281.3
-19.629209 4.6809373 -2.4888447 9550202.6 9807987
-19.743731 4.5930772 -2.4855112 9553947 9811770.2
-19.836064 4.5217953 -2.4828068 9556973 9814827.6
-19.950996 4.43202 -2.4741323 9560725.5 9818680.8
-20.04102 4.3591449 -2.4480345 9563594.1 9821852.7
-20.155365 4.259843 -2.4049387 9567292.8 9826052.1
-20.243761 4.1759939 -2.3602421 9570210.2 9829488.9
-20.329569 4.0872449 -2.3184534 9573186.4 9832950.7
-20.431977 3.9720739 -2.2767515 9576962.9 9837211.7
-20.514798 3.8710667 -2.2384104 9580146.2 9840840.5
-20.613475 3.7417876 -2.2070877 9584205.1 9845263.3
-20.692632 3.6314657 -2.1792618 9587584 9848965.6
-20.790015 3.4902491 -2.1697568 9592001.8 9853493.9
-20.864411 3.3800266 -2.1592906 9595408.6 9857022.3
-20.946284 3.2589414 -2.1713916 9599290.4 9860763.4
-21.027874 3.1416209 -2.1855193 9603098.8 9864407.6
-21.112954 3.0244119 -2.2118557 9607028.4 9868031.3
-21.200339 2.9090803 -2.2265373 9610886.9 9871719.1
-21.290384 2.7940007 -2.2429617 9614792.5 9875434
-21.382929 2.678464 -2.2493319 9618689.6 9879257
-21.499817 2.5351905 -2.2609116 9623578.5 9884011.3
-21.593165 2.4225237 -2.2644702 9627414.4 9887805.9
-21.663431 2.3382017 -2.2665679 9630288.7 9890655.8
-21.756717 2.2279077 -2.279125 9634128.5 9894349.7
-21.851652 2.1173013 -2.2810663 9637940.6 9898139.3
-21.945789 2.0082117 -2.2844314 9641717.5 9901877
-22.013465 1.9291232 -2.2727479 9644363.9 9904659.2
-22.124013 1.7933152 -2.2352879 9648712.5 9909443.1
-22.20685 1.6809069 -2.1764751 9652011.9 9913425.8
-22.298519 1.5365918 -2.0969175 9656007.8 9918346.2
-22.361711 1.4175071 -2.0204007 9659078.7 9922306.1
-22.438421 1.2362027 -1.9217146 9663638.7 9928012.9
-22.479328 1.1125489 -1.858849 9666669.8 9931774.4
-22.512111 0.98734973 -1.7949382 9669673.2 9935520.4
-22.536937 0.85931384 -1.7297026 9672695.1 9939300.3
-22.555088 0.7043583 -1.6451 9676271.8 9943860
-22.55992 0.57558245 -1.5714939 9679204.5 9947648
-22.553472 0.41978067 -1.4873836 9682782 9952202.8
-22.543099 0.32637367 -1.4330007 9684916.7 9954969.4
-22.522754 0.20720384 -1.3704028 9687705.4 9958485.5
-22.485611 0.058284074 -1.2823396 9691196 9962999.3
-22.447989 -0.053421111 -1.209519 9693846.5 9966495.9
-22.402156 -0.16265449 -1.1375214 9696517.1 9970003.2
-22.349603 -0.26722393 -1.0726705 9699192.1 9973431.7
-22.29235 -0.36525418 -1.0117237 9701798.3 9976746
-22.229138 -0.46129402 -0.96565424 9704528.7 9980011.8
-22.14777 -0.57518068 -0.93521167 9708001.6 9983838.4
-22.082091 -0.66310598 -0.92322951 9710793.8 9986769.8
-22.030366 -0.73135487 -0.92131321 9713015.7 9989013.9
-21.978184 -0.80002305 -0.92064299 9715260.7 9991266.8
-21.892563 -0.91019271 -0.89961566 9718776.9 9995027.3
-21.822851 -0.99643159 -0.88233608 9721568.1 9998019.3
-21.733274 -1.1010386 -0.84295549 9724930.5 10001839
-21.660786 -1.1797367 -0.80995699 9727528.8 10004821
-21.569923 -1.2730179 -0.78709747 9730791.6 10008349
-21.514989 -1.3271237 -0.76850716 9732694.2 10010468
-21.442637 -1.3954517 -0.74510308 9735153.2 10013199
-21.353024 -1.4767787 -0.72881957 9738214.2 10016449
-21.279839 -1.5405006 -0.70394826 9740600.1 10019124
-21.187978 -1.6157976 -0.66931284 9743496.1 10022422
-21.112926 -1.6737383 -0.64556447 9745830.5 10025033
-21.053725 -1.7173502 -0.62427154 9747624.2 10027074
-20.953444 -1.7874938 -0.59646786 9750653.8 10030427
-20.866127 -1.8462393 -0.58798615 9753348.7 10033220
-20.775973 -1.9062894 -0.58721498 9756168.8 10036049
-20.684678 -1.9674771 -0.5936973 9759072.3 10038877
-20.593847 -2.0290477 -0.59772417 9761957.1 10041715
-20.501398 -2.0923175 -0.60259936 9764906.6 10044608
-20.381884 -2.1769207 -0.62941222 9768880.6 10048271
-20.286597 -2.2483708 -0.65738112 9772148.8 10051214
-20.217095 -2.3031439 -0.67747806 9774573 10053404
-20.103838 -2.398781 -0.72501983 9778714.6 10056994
-20.013474 -2.4818786 -0.76204321 9782130.9 10059980
-19.903393 -2.5924313 -0.81303487 9786495.3 10063752
-19.818033 -2.6865962 -0.85577163 9790057.7 10066817
-19.713782 -2.8129946 -0.90648581 9794624.7 10070795
-19.632668 -2.9220513 -0.95608851 9798457 10074051
-19.532816 -3.0725143 -1.0137053 9803500.6 10078425
-19.461806 -3.191968 -1.0552254 9807365.5 10081808
-19.390462 -3.3227331 -1.087458 9811437 10085505
-19.324346 -3.4536448 -1.1187968 9815443.4 10089147
-19.260335 -3.5891785 -1.1403246 9819477 10092930
-19.184031 -3.7586214 -1.1550256 9824408.1 10097691
-19.123473 -3.8960848 -1.1566418 9828334.4 10101598
-19.046216 -4.0705746 -1.151327 9833279.5 10106605
-18.983658 -4.2089934 -1.1413208 9837182.3 10110624
-18.906218 -4.374242 -1.1237921 9841839.2 10115485
-18.840608 -4.5069672 -1.0995974 9845559.3 10119486
-18.755328 -4.6642326 -1.048223 9849925.8 10124449
-18.682157 -4.784619 -1.0011012 9853325.6 10128397
-18.56316 -4.9538147 -0.9146066 9858216.9 10134293
-18.453826 -5.0892799 -0.86887299 9862490.6 10139098
-18.363889 -5.1922991 -0.83731173 9865873.2 10142848
-18.295157 -5.2683022 -0.83387852 9868525.4 10145540
-18.17549 -5.3996545 -0.82994746 9873136 10150196
-18.079758 -5.5050822 -0.83717745 9876891.3 10153867
-17.958371 -5.6413292 -0.84885136 9881717.4 10158558
-17.863105 -5.7510406 -0.86265514 9885586.5 10162266
-17.745274 -5.8885564 -0.86201374 9890304.9 10166992
-17.652554 -5.9968397 -0.8633361 9894029.9 10170702
-17.537826 -6.1298547 -0.85482298 9898560.9 10175332
-17.447546 -6.2329538 -0.84836008 9902096.8 10178943
-17.357201 -6.3332911 -0.82714048 9905494.2 10182587
-17.240888 -6.4559368 -0.79664376 9909724.6 10187171
-17.124524 -6.5714136 -0.76650159 9913824.3 10191621
-17.029765 -6.6615832 -0.75466816 9917166.4 10195101
-16.90822 -6.7743939 -0.74162824 9921414.8 10199501
-16.810642 -6.8630507 -0.73343598 9924805 10202986
-16.659829 -6.9975007 -0.72276257 9930011.5 10208317
-16.582696 -7.0651213 -0.7167875 9932651.6 10211026
-16.505399 -7.1319043 -0.70832576 9935266.1 10213739
-16.349951 -7.2604596 -0.67364868 9940324.6 10219201
-16.216599 -7.3646917 -0.65323464 9944619.5 10223733
-16.108933 -7.4454744 -0.63416232 9948018.6 10227353
-15.999645 -7.524215 -0.61452324 9951416.9 10230980
-15.891556 -7.5980337 -0.58385218 9954651.8 10234571
-15.775678 -7.6719925 -0.55228502 9958053.1 10238339
-15.628092 -7.758902 -0.51211145 9962285.8 10243039
-15.510489 -7.8227203 -0.48226619 9965601.4 10246701
-15.361138 -7.8971394 -0.44228013 9969720.3 10251285
-15.239815 -7.9519421 -0.40627021 9972982.5 10254965
-15.148101 -7.9899066 -0.37866753 9975410.4 10257714
-14.997803 -8.0458267 -0.33371746 9979330.9 10262157
-14.877532 -8.0843803 -0.28669251 9982351.1 10265723
-14.720625 -8.1258284 -0.2298235 9986252.6 10270286
-14.597606 -8.1510948 -0.17531558 9989210.7 10273877
-14.47353 -8.1703765 -0.13302336 9992239.2 10277397
-14.318797 -8.1861774 -0.070505335 9995931.8 10281816
-14.197216 -8.1918257 -0.022343128 9998825.7 10285270
-14.074908 -8.1911178 0.033919973 10001688 10288786
-13.95714 -8.183066 0.10260641 10004367 10292263
-13.841531 -8.1672327 0.16961181 10007021 10295695
-13.696947 -8.1357308 0.2594414 10010357 10300075
-13.612871 -8.1108614 0.31575245 10012317 10302689
-13.50026 -8.069512 0.38805408 10015025 10306237
-13.417908 -8.0337126 0.43208386 10017110 10308834
-13.312631 -7.9815698 0.48766227 10019851 10312221
-13.209231 -7.9227165 0.54724336 10022607 10315669
-13.108177 -7.8583532 0.58699943 10025500 10319024
-12.982383 -7.7703983 0.63338013 10029233 10323296
-12.883954 -7.6965591 0.65384645 10032323 10326624
-12.787157 -7.6210127 0.67157969 10035422 10329929
-12.668037 -7.5246715 0.68856115 10039318 10334022
-12.596338 -7.4654275 0.69256474 10041720 10336471
-12.477734 -7.3653656 0.70904076 10045671 10340613
-12.382058 -7.2824282 0.71936253 10048913 10343975
-12.261906 -7.1735372 0.75318068 10052944 10348399
-12.168409 -7.0837775 0.77683692 10056187 10351916
-12.050907 -6.9650004 0.80475198 10060381 10356435
-11.961352 -6.8707308 0.81732688 10063699 10359899
-11.894219 -6.7984959 0.82665116 10066216 10362525
-11.7868 -6.6793956 0.84718903 10070279 10366826
-11.699672 -6.5795145 0.85978843 10073662 10370355
-11.63462 -6.5030012 0.87257389 10076206 10373048
-11.572011 -6.4278944 0.87923905 10078717 10375637
-11.509133 -6.3515553 0.88433666 10081267 10378245
-11.408313 -6.2268911 0.89716861 10085373 10382501
-11.328618 -6.1260284 0.90703552 10088667 10385910
-11.269231 -6.0495578 0.913944 10091152 10388475
-11.212791 -5.9758798 0.92026138 10093536 10390932
-11.139008 -5.8781594 0.92789548 10096684 10394169
-11.066164 -5.7797769 0.93901772 10099812 10397426
-10.980567 -5.6599582 0.96194767 10103518 10401399
-10.897985 -5.5385683 0.98486902 10107213 10405360
-10.831295 -5.4368611 0.99597242 10110320 10408596
-10.750876 -5.3114698 1.0050949 10114152 10412534
-10.688693 -5.2130837 1.0092185 10117163 10415593
-10.628018 -5.1157046 1.0179381 10120104 10418635
-10.568065 -5.0177111 1.0255457 10123055 10421675
-10.509608 -4.9208723 1.0298354 10125980 10424649
-10.438134 -4.8002634 1.0418232 10129566 10428375
-10.381356 -4.7017518 1.0540687 10132460 10431411
-10.314904 -4.5817473 1.0760907 10135909 10435116
-10.262275 -4.4825362 1.0900466 10138756 10438125
-10.199448 -4.360616 1.0998986 10142275 10441759
-10.163348 -4.2883943 1.1146474 10144295 10443950
-10.127265 -4.213115 1.1330069 10146365 10446233
-10.081982 -4.1122238 1.1648178 10149064 10449302
-10.034834 -3.9892206 1.2447046 10152035 10453201
-10.004384 -3.8835662 1.335697 10154373 10456597
-9.9827223 -3.7514672 1.4808234 10157021 10460931
-9.9802855 -3.6464601 1.6143661 10158984 10464445
-9.9875627 -3.5695649 1.715941 10160408 10467050
-10.016983 -3.4446689 1.888329 10162752 10471397
-10.054369 -3.3514013 2.0157489 10164632 10474757
-10.11677 -3.2446327 2.18365 10166881 10478958
-10.177105 -3.169346 2.3091302 10168668 10482202
-10.247524 -3.1004061 2.4244973 10170568 10485442
-10.342685 -3.0267256 2.540978 10173029 10489257
-10.443623 -2.9633723 2.6212005 10175671 10492831
-10.529758 -2.9152267 2.6426063 10178120 10495528
-10.6373 -2.8558044 2.6309828 10181391 10498665
-10.727518 -2.8039242 2.6084534 10184236 10501248
-10.862624 -2.7209203 2.572907 10188577 10505176
-10.976126 -2.6455496 2.5378987 10192333 10508525
-11.068583 -2.5799653 2.511347 10195443 10511327
-11.136642 -2.5291013 2.4882263 10197793 10513408
-11.24779 -2.4413758 2.4586303 10201657 10516929
-11.335759 -2.3681178 2.435745 10204775 10519781
-11.447117 -2.2695667 2.3985162 10208869 10523442
-11.534684 -2.1869342 2.3718418 10212164 10526427
-11.641683 -2.0802186 2.3432005 10216271 10530201
-11.72492 -1.9930261 2.322783 10219533 10533225
-11.848081 -1.8566085 2.2875539 10224530 10537813
-11.92694 -1.7634529 2.258994 10227878 10540830
-12.003779 -1.6676729 2.2348073 10231221 10543891
-12.079296 -1.5689328 2.2126062 10234591 10547004
-12.154564 -1.4653776 2.1860134 10238084 10550188
-12.245061 -1.3332375 2.1565574 10242431 10554193
-12.314558 -1.22589 2.1341378 10245896 10557397
-12.404298 -1.0826891 2.1270538 10250344 10561763
-12.47554 -0.96601134 2.1108746 10254003 10565233
-12.562916 -0.81754206 2.0945719 10258590 10569631
-12.614075 -0.72729073 2.0784103 10261389 10572242
-12.68096 -0.60453478 2.0609516 10265136 10575786
-12.776291 -0.42072754 2.0375473 10270671 10581049
-12.868425 -0.23426532 2.0219085 10276185 10586382
-12.941382 -0.080790188 2.0071829 10280702 10590727
-12.999671 0.04193907 2.0212001 10284163 10594352
-13.043847 0.13279923 2.0254948 10286773 10597011
-13.119482 0.28273633 2.0504823 10291006 10601535
-13.181725 0.40033409 2.0647225 10294393 10605088
-13.262818 0.54691702 2.0874975 10298629 10609588
-13.330457 0.66383994 2.103007 10302061 10613200
-13.399246 0.77830251 2.1208507 10305440 10616786
-13.474344 0.89820108 2.1398719 10309019 10620586
-13.530657 0.98531756 2.1494293 10311668 10623346
-13.608511 1.1016918 2.1713913 10315191 10627125
-13.707025 1.244098 2.180581 10319653 10631694
-13.78781 1.359086 2.1858798 10323287 10635389
-13.889506 1.5032887 2.1841678 10327898 10639980
-13.971476 1.6185943 2.1934198 10331533 10643723
-14.075691 1.7630235 2.1982784 10336149 10648396
-14.159354 1.8773762 2.2065812 10339796 10652138
-14.262834 2.0181205 2.2029866 10344372 10656673
-14.346406 2.1318479 2.2060639 10348034 10660371
-14.450247 2.2733359 2.201794 10352635 10664922
-14.533387 2.3868741 2.2039007 10356293 10668604
-14.636124 2.5269227 2.2035098 10360824 10673131
-14.718611 2.6382418 2.213519 10364379 10676802
-14.782838 2.723709 2.2169581 10367147 10679610
-14.847405 2.8090947 2.2195322 10369923 10682416
-14.931733 2.9200992 2.2213932 10373547 10686062
-15.015914 3.0310035 2.218722 10377194 10689677
-15.079275 3.1143066 2.2233825 10379896 10692433
-15.162784 3.2228846 2.2294558 10383432 10696041
-15.269187 3.3593356 2.2367323 10387902 10700595
-15.353878 3.4667672 2.2400171 10391450 10704181
-15.459824 3.5992838 2.2504383 10395814 10708666
-15.546118 3.704998 2.2603537 10399314 10712282
-15.675581 3.8604888 2.2698584 10404535 10717613
-15.760654 3.9613707 2.2729082 10407958 10721072
-15.846483 4.0619538 2.2815196 10411356 10724570
-15.932721 4.160568 2.2971621 10414681 10728077
-16.042632 4.2808297 2.3253519 10418766 10732489
-16.134019 4.3752073 2.3548421 10422020 10736086
-16.255894 4.4911623 2.4073187 10426102 10740777
-16.356488 4.5772089 2.4606473 10429244 10744539
-16.491696 4.6783136 2.5383904 10433195 10749393
-16.577132 4.7349104 2.5746406 10435656 10752276
-16.664977 4.7890838 2.6033395 10438181 10755134
-16.756307 4.8434825 2.605447 10440941 10757918
-16.875906 4.9178113 2.5656011 10444844 10761358
-16.962265 4.9775318 2.5075453 10447919 10763759
-17.094297 5.0919052 2.3479293 10453402 10767387
-17.183662 5.1988635 2.1857054 10457978 10770078
-17.267155 5.349828 1.9662722 10463752 10773302
-17.306706 5.4782348 1.7728969 10468379 10775682
-17.318156 5.6389545 1.5109403 10474102 10778362
-17.296524 5.7618418 1.2821699 10478685 10780286
-17.234189 5.8918174 0.96505098 10484286 10782203
-17.162188 5.9703312 0.69223077 10488649 10783396
-17.025805 6.0406203 0.2595171 10495164 10784883
-16.905436 6.0511623 -0.084801931 10500315 10786033
-16.814467 6.0315239 -0.34043431 10504227 10786975
-16.731951 5.9909077 -0.57437689 10507984 10788014
-16.660722 5.9344841 -0.76548295 10511464 10789273
-16.599517 5.8673788 -0.89722092 10514598 10790876
-16.530461 5.7737286 -0.97361322 10518076 10793466
-16.4767 5.6953557 -0.96550338 10520507 10795992
-16.419941 5.6164987 -0.92833614 10522824 10798741
-16.361902 5.5413387 -0.8981446 10525125 10801393
-16.303286 5.4700812 -0.86671223 10527349 10803981
-16.227206 5.3834444 -0.8336545 10530163 10807180
-16.163716 5.3143219 -0.8220323 10532543 10809695
-16.082549 5.2272986 -0.81837849 10535625 10812819
-16.019066 5.1599347 -0.81171772 10538000 10815271
-15.949958 5.0940228 -0.71174292 10539909 10818343
-15.893719 5.0457726 -0.70644959 10541811 10820305
-15.819742 4.9836982 -0.68981884 10544232 10822920
-15.72266 4.9037133 -0.68845905 10547504 10826208
-15.642621 4.837092 -0.69987105 10550286 10828857
-15.541117 4.7502244 -0.71583501 10553863 10832248
-15.458977 4.6770483 -0.73966073 10556870 10834979
-15.375484 4.5997808 -0.75372747 10559918 10837863
-15.269967 4.4997639 -0.76355815 10563766 10841597
-15.159016 4.3923695 -0.77465858 10567857 10845559
-15.068269 4.3033118 -0.77735088 10571188 10848859
-14.976208 4.2119604 -0.78571265 10574618 10852192
-14.881257 4.1172753 -0.78227929 10578095 10855709
-14.786645 4.0227952 -0.78711632 10581610 10859167
-14.692037 3.9279793 -0.78587369 10585095 10862667
-14.575265 3.8105363 -0.79065732 10589442 10866958
-14.481334 3.7161022 -0.78548337 10592885 10870461
-14.36211 3.5984681 -0.77188224 10597173 10874908
-14.264005 3.5041265 -0.75981494 10600652 10878527
-14.141414 3.389277 -0.74579288 10604951 10882989
-14.043031 3.2993775 -0.73495022 10608363 10886527
-13.922044 3.1920481 -0.71634938 10612472 10890852
-13.82712 3.1096951 -0.71286574 10615729 10894149
-13.755725 3.0486159 -0.7025042 10618119 10896660
-13.640898 2.9517251 -0.69926173 10622018 10900596
-13.550825 2.8764971 -0.69239471 10625038 10903696
-13.442627 2.7878237 -0.6807068 10628618 10907412
-13.357718 2.7192146 -0.67852674 10631452 10910271
-13.254016 2.6363704 -0.66957677 10634861 10913784
-13.17546 2.5741851 -0.66961389 10637474 10916397
-13.077537 2.4970178 -0.66520628 10640699 10919673
-13.002624 2.4388365 -0.65547668 10643116 10922203
-12.912685 2.3698573 -0.65304954 10646058 10925173
-12.842128 2.3159579 -0.65164337 10648365 10927496
-12.75934 2.2532419 -0.6449854 10651034 10930243
-12.696076 2.205612 -0.64568827 10653103 10932304
-12.65096 2.1715382 -0.64802429 10654591 10933765
-12.562133 2.1045311 -0.64454157 10657472 10936686
-12.492868 2.0528308 -0.63785261 10659687 10938979
-12.453576 2.0237287 -0.63714537 10660958 10940258
-12.403566 1.986662 -0.63853049 10662589 10941873
-12.343046 1.941717 -0.63902575 10664558 10943836
-12.308612 1.9161615 -0.6379054 10665670 10944961
-12.26514 1.8839925 -0.63622121 10667070 10946381
-12.224792 1.8541714 -0.63675196 10668381 10947686
-12.185734 1.8252069 -0.63944251 10669665 10948938
-12.149369 1.798093 -0.64191197 10670862 10950107
-12.105989 1.7656176 -0.64333484 10672283 10951512
-12.074672 1.7421713 -0.64196508 10673296 10952540
-12.046399 1.7210858 -0.63961882 10674202 10953473
-12.019422 1.7010637 -0.63735373 10675064 10954362
-11.994694 1.6828037 -0.63476527 10675851 10955179
-11.970264 1.6647872 -0.63610237 10676650 10955963
-11.942857 1.6444607 -0.64018402 10677564 10956829
-11.910565 1.6202259 -0.64744298 10678659 10957839
-11.873254 1.5918211 -0.65394247 10679919 10959024
-11.819585 1.5504348 -0.65985187 10681721 10960757
-11.770323 1.5121595 -0.66122009 10683356 10962376
-11.700292 1.457516 -0.66397999 10685688 10964676
-11.636731 1.4075982 -0.6675061 10687816 10966763
-11.549608 1.3393892 -0.66095852 10690663 10969686
-11.476653 1.283152 -0.65245577 10693016 10972138
-11.378037 1.20855 -0.64282585 10696184 10975418
-11.294964 1.1476189 -0.62285324 10698754 10978221
-11.187736 1.072925 -0.59400575 10701994 10981796
-11.097948 1.0138773 -0.56944041 10704654 10984741
-11.028616 0.97056851 -0.54727648 10706657 10987001
-10.913374 0.90273336 -0.51675824 10709966 10990665
-10.817402 0.84882435 -0.50683421 10712779 10993593
-10.697166 0.78045864 -0.52718238 10716504 10997082
-10.624891 0.73669085 -0.56182716 10718909 10999084
-10.529368 0.67204764 -0.62804609 10722301 11001707
-10.416298 0.58320412 -0.70391958 10726491 11005016
-10.327357 0.50313096 -0.7620436 10729950 11007799
-10.218605 0.3944873 -0.80775002 10734224 11011541
-10.133438 0.30249661 -0.84004338 10737680 11014623
-10.02824 0.18422621 -0.84762165 10741852 11018706
-9.9424778 0.085988985 -0.8585629 10745316 11022043
-9.8353117 -0.039611797 -0.87030017 10749689 11026280
-9.7707104 -0.11712435 -0.8817004 10752387 11028845
-9.6867856 -0.22115412 -0.90222077 10755991 11032211
-9.5808138 -0.35762972 -0.91889217 10760594 11036620
-9.4975214 -0.46901225 -0.93851135 10764334 11040133
-9.3931477 -0.61171085 -0.94006377 10768953 11044734
-9.3103316 -0.72466631 -0.93623748 10772583 11048408
-9.2043798 -0.86536393 -0.91445956 10777050 11053128
-9.1169281 -0.97718205 -0.89968636 10780665 11056915
-9.0049874 -1.1141133 -0.87126884 10785112 11061692
-8.9132204 -1.2220126 -0.86077043 10788745 11065447
-8.7967801 -1.3538693 -0.83404427 10793177 11070189
-8.7009479 -1.4585992 -0.82542026 10796828 11073941
-8.5798506 -1.5890446 -0.81966945 10801436 11078615
-8.4823909 -1.694747 -0.83222545 10805258 11082291
-8.3866052 -1.8007599 -0.83984455 10809028 11085973
-8.2931363 -1.9074193 -0.86258117 10812858 11089539
-8.2236247 -1.989407 -0.87254704 10815719 11092284
-8.133472 -2.0988087 -0.89057481 10819520 11095876
-8.044732 -2.2087796 -0.89309884 10823220 11099546
-7.9560532 -2.3186508 -0.89036507 10826886 11103243
-7.8681066 -2.4267652 -0.88543963 10830491 11106906
-7.7378553 -2.5840012 -0.87253611 10835740 11112305
-7.6722113 -2.6614862 -0.86334355 10838335 11115007
-7.520694 -2.8346377 -0.84052552 10844202 11121139
-7.4136206 -2.9525326 -0.82640111 10848273 11125374
-7.3272484 -3.0460005 -0.82326576 10851573 11128711
-7.2630496 -3.1149425 -0.81875069 10854003 11131193
-7.1570256 -3.2262359 -0.80053138 10857906 11135307
-7.0714186 -3.3143786 -0.79945119 10861103 11138518
-6.9673337 -3.4201922 -0.78781712 10864906 11142456
-6.8875354 -3.5004958 -0.78929066 10867867 11145399
-6.789225 -3.5992504 -0.786014 10871481 11149052
-6.7318496 -3.6564454 -0.78163296 10873568 11151190
-6.6570186 -3.730984 -0.78524772 10876344 11153923
-6.5502082 -3.8377191 -0.78484309 10880279 11157863
-6.4654889 -3.9226364 -0.7882887 10883427 11160970
-6.4018181 -3.9871266 -0.79529411 10885830 11163293
-6.3258852 -4.0644234 -0.79330418 10888644 11166130
-6.281501 -4.1094676 -0.79225288 10890287 11167785
-6.22341 -4.1689171 -0.80165556 10892509 11169898
-6.1385091 -4.2595723 -0.83467323 10895940 11172945
-6.0728191 -4.3348516 -0.87196201 10898762 11175333
-6.0238375 -4.3953389 -0.90827439 10901002 11177152
-5.9765131 -4.4581542 -0.94198354 10903249 11179007
-5.9270606 -4.5278948 -0.96600503 10905618 11181097
-5.8761674 -4.602955 -0.98392898 10908087 11183357
-5.8109148 -4.7041647 -1.0123451 10911392 11186332
-5.7585931 -4.7894494 -1.028682 10914096 11188846
-5.6947369 -4.8981865 -1.0509234 10917513 11192005
-5.6454206 -4.9858332 -1.0656297 10920221 11194542
-5.5811588 -5.1017741 -1.0637405 10923667 11198010
-5.5263954 -5.2006738 -1.0664536 10926630 11200942
-5.4568868 -5.3272052 -1.0704685 10930418 11204683
-5.3998647 -5.4312201 -1.0681863 10933498 11207790
-5.3431464 -5.5329708 -1.0563569 10936467 11210896
-5.2836104 -5.6340945 -1.0210302 10939322 11214161
-5.2189648 -5.7348684 -0.97982127 10942204 11217522
-5.1140743 -5.8842887 -0.93766018 10946720 11222528
-5.0220747 -6.0101582 -0.94158772 10950808 11226570
-4.9500072 -6.1107122 -0.95630527 10954119 11229711
-4.8961137 -6.1877408 -0.96429848 10956617 11232116
-4.823667 -6.2932958 -0.9742943 10960014 11235396
-4.7535881 -6.3964208 -0.97355683 10963260 11238652
-4.6827083 -6.5002025 -0.96962647 10966515 11241952
-4.5760079 -6.653366 -0.95502566 10971297 11246904
-4.4799133 -6.7874064 -0.94260029 10975526 11251277
-4.4003825 -6.8959843 -0.93460967 10978989 11254833
-4.2987738 -7.0331357 -0.93174303 10983423 11259300
-4.217204 -7.1417839 -0.92186245 10986909 11262900
-4.112195 -7.2786866 -0.91110212 10991345 11267462
-4.028367 -7.3868273 -0.91165198 10994916 11271027
-3.9415257 -7.4988505 -0.91106057 10998609 11274726
-3.8336487 -7.6374691 -0.90788301 11003171 11279325
-3.6971 -7.8068185 -0.87655222 11008661 11285179
-3.6014153 -7.917386 -0.83831116 11012252 11289215
-3.4749014 -8.0514183 -0.7901814 11016778 11294300
-3.3945672 -8.1293586 -0.75036723 11019466 11297450
-3.2827509 -8.2280167 -0.6955581 11023036 11301657
-3.1932942 -8.2997453 -0.65614638 11025797 11304876
-3.1004958 -8.3677721 -0.60899739 11028523 11308150
-2.9367308 -8.4728742 -0.53216098 11033151 11313671
-2.80039 -8.5460761 -0.45330528 11036728 11318164
-2.6222524 -8.6209764 -0.34273777 11041124 11323845
-2.4753982 -8.6654664 -0.24559065 11044561 11328411
-2.3234193 -8.6952486 -0.14142963 11047995 11333055
-2.1318322 -8.7100838 -0.013129334 11052260 11338811
-1.9792395 -8.7055441 0.072613646 11055743 11343290
-1.7867955 -8.6829672 0.16095178 11060282 11348855
-1.6369719 -8.6539582 0.22155707 11063909 11353187
-1.5240119 -8.6254553 0.27277971 11066649 11356522
-1.3829727 -8.5802795 0.34718255 11070079 11360816
-1.2429764 -8.5236379 0.42173719 11073584 11365188
-1.1099876 -8.4585441 0.48863716 11077056 11369437
-0.94780607 -8.3651073 0.55672097 11081541 11374713
-0.82306424 -8.2839281 0.59712207 11085187 11378829
-0.66911301 -8.1770864 0.61624977 11089963 11383827
-0.54645582 -8.0887855 0.63166402 11093814 11387857
-0.45626548 -8.0221638 0.64076806 11096685 11390834
-0.28280284 -7.8858079 0.6916258 11102143 11396883
-0.14345209 -7.7654228 0.73339104 11106702 11401927
-0.037473802 -7.6665788 0.76777003 11110281 11405906
0.063449546 -7.5680034 0.77948922 11113892 11409653
0.14114861 -7.490621 0.7872226 11116707 11412557
0.26741919 -7.3639644 0.7866267 11121374 11417217
0.36663671 -7.2646959 0.78468329 11125045 11420866
0.48680042 -7.1437523 0.79258209 11129445 11425357
0.57715205 -7.0475211 0.84121657 11132604 11429082
0.67659018 -6.9238639 0.94585156 11136134 11433827
0.74176519 -6.8198792 1.0759918 11138578 11437784
0.79606009 -6.6891888 1.2780984 11141094 11442648
0.81670777 -6.5834725 1.4777263 11142743 11446617
0.81598868 -6.484098 1.6783385 11144169 11450373
0.79574433 -6.3921233 1.8965606 11145357 11454097
0.7679675 -6.3290517 2.0747189 11146119 11456929
0.71496133 -6.256954 2.3347958 11146941 11460774
0.66630669 -6.2153694 2.5339677 11147453 11463600
0.61160466 -6.1849646 2.7346094 11147919 11466397
0.51049978 -6.1600798 3.0659114 11148710 11471037
0.4284702 -6.1636824 -2.9781306 11149461 11474568
0.34411664 -6.1876329 -2.7517555 11150433 11478169
0.26586933 -6.2298031 -2.5428146 11151537 11481701
0.19691237 -6.2883133 -2.3331216 11152676 11485277
0.12855287 -6.3813142 -2.0761879 11154193 11489780
0.091039294 -6.4689943 -1.873962 11155505 11493442
0.068939912 -6.5889183 -1.6320982 11157280 11498026
0.072114344 -6.689053 -1.4461124 11158812 11501719
0.1009019 -6.8133545 -1.2403153 11160943 11506242
0.14366783 -6.9133534 -1.093028 11162924 11509934
0.23202269 -7.0524776 -0.9169361 11166198 11515254
0.30499404 -7.1382221 -0.81447035 11168539 11518786
0.3869193 -7.2181429 -0.73155652 11171042 11522252
0.47468321 -7.290361 -0.64550433 11173505 11525715
0.56969994 -7.3549797 -0.54895396 11175941 11529273
0.67133029 -7.4110999 -0.46010678 11178452 11532816
0.7504721 -7.4470009 -0.39162667 11180320 11535480
0.85585055 -7.4851721 -0.30343032 11182730 11538915
0.98912307 -7.5188624 -0.19177954 11185666 11543148
1.0957168 -7.5352301 -0.11294489 11188020 11546418
1.2257447 -7.543979 -0.021422115 11190887 11550348
1.324055 -7.5431588 0.038107186 11193105 11553258
1.4367046 -7.5368269 0.074192072 11195837 11556410
1.4948818 -7.5322648 0.082323268 11197311 11557979
1.5586983 -7.5269846 0.082781335 11198979 11559651
1.6028079 -7.5233837 0.080129797 11200148 11560790
1.6297063 -7.5212332 0.079423335 11200856 11561489
1.6443005 -7.5200612 0.080848469 11201229 11561879
1.6445718 -7.5200393 0.079932436 11201242 11561881
1.6420786 -7.5202391 0.079986662 11201176 11561816
1.6396847 -7.5204338 0.082283744 11201100 11561767
1.6391215 -7.5204802 0.082090497 11201087 11561751
1.6395157 -7.5204478 0.081924411 11201098 11561760
1.6398596 -7.5204195 0.081923348 11201107 11561769
1.6397622 -7.5204275 0.081953346 11201104 11561767
1.6397057 -7.5204322 0.081889799 11201103 11561765
1.6397484 -7.5204287 0.081953801 11201104 11561766
1.6397345 -7.5204298 0.082019117 11201103 11561767
1.6397254 -7.5204306 0.08197849 11201103 11561766
1.639744 -7.520429 0.081921235 11201104 11561766
1.639744 -7.520429 0.081927791 11201104 11561766
1.6397432 -7.5204291 0.081893178 11201104 11561766
1.6397248 -7.5204306 0.081975862 11201103 11561766
1.6397248 -7.5204306 0.081975862 11201103 11561766
1.6397284 -7.5204303 0.081975862 11201103 11561766
1.6397518 -7.5204284 0.081975862 11201104 11561767
1.6397248 -7.5204306 0.081975862 11201103 11561766
1.6397248 -7.5204306 0.081975862 11201103 11561766
1.6397248 -7.5204306 0.081975862 11201103 11561766
1.6397248 -7.5204306 0.081975862 11201103 11561766
1.6397248 -7.5204306 0.081975862 11201103 11561766
1.6397329 -7.5204299 0.081939636 11201103 11561766
1.6397414 -7.5204292 0.081901189 11201104 11561766
1.6397248 -7.5204306 0.081975862 11201103 11561766
1.6397248 -7.5204306 0.081975862 11201103 11561766
1.6397248 -7.5204306 0.081975862 11201103 11561766
1.6397248 -7.5204306 0.081975862 11201103 11561766
1.6397248 -7.5204306 0.081975862 11201103 11561766
1.6397248 -7.5204306 0.081975862 11201103 11561766
1.6397248 -7.5204306 0.081975862 11201103 11561766
1.6397248 -7.5204306 0.081975862 11201103 11561766
1.6397248 -7.5204306 0.081975862 11201103 11561766
1.6397248 -7.5204306 0.081975862 11201103 11561766
1.6397248 -7.5204306 0.081975862 11201103 11561766
1.6397248 -7.5204306 0.081975862 11201103 11561766
1.6397248 -7.5204306 0.081975862 11201103 11561766
1.6397248 -7.5204306 0.081975862 11201103 11561766
1.6397248 -7.5204306 0.081975862 11201103 11561766
1.6397248 -7.5204306 0.081975862 11201103 11561766
1.6397248 -7.5204306 0.081975862 11201103 11561766
1.6397248 -7.5204306 0.081975862 11201103 11561766
1.6397248 -7.5204306 0.081975862 11201103 11561766
1.6397248 -7.5204306 0.081975862 11201103 11561766
1.6397248 -7.5204306 0.081975862 11201103 11561766
1.6397263 -7.5204305 0.081969107 11201103 11561766
1.6397331 -7.5204299 0.081938584 11201103 11561766
1.6397436 -7.5204291 0.08223405 11201102 11561768
1.6399654 -7.5204109 0.080895625 11201116 11561766
1.6408161 -7.5203484 0.065806845 11201225 11561701
1.6455563 -7.5201536 0.016334399 11201637 11561537
1.6537487 -7.5203214 -0.057298728 11202278 11561323
1.6727821 -7.5227954 -0.20120917 11203615 11560987
1.6978543 -7.5301619 -0.37033217 11205279 11560686
1.7282699 -7.5456863 -0.57354957 11207350 11560396
1.7427154 -7.5560841 -0.6742198 11208399 11560275
1.7517282 -7.5637688 -0.73783329 11209077 11560214
1.7553138 -7.5671084 -0.76195525 11209345 11560202
1.7540791 -7.5659381 -0.75527189 11209262 11560196
1.7518472 -7.5638662 -0.74121188 11209101 11560199
1.7491996 -7.5614817 -0.72509694 11208914 11560199
1.7466716 -7.5592654 -0.71452357 11208765 11560173
1.7428058 -7.5559677 -0.69798206 11208536 11560137
1.7377851 -7.5518674 -0.67167539 11208215 11560121
1.7355063 -7.5500913 -0.65243118 11208027 11560157
1.735007 -7.5497125 -0.64572519 11207972 11560180
1.7352292 -7.5498804 -0.64862506 11207996 11560170
1.7354289 -7.5500321 -0.65095678 11208016 11560163
1.7351222 -7.549799 -0.64911665 11207996 11560164
1.7348652 -7.5496045 -0.64645779 11207972 11560171
1.7346188 -7.5494189 -0.6444407 11207952 11560174
1.7347177 -7.5494933 -0.64497339 11207958 11560175
1.7349106 -7.5496385 -0.64562274 11207968 11560177
1.7348623 -7.5496021 -0.64551865 11207966 11560176
1.7348689 -7.5496071 -0.64529763 11207965 11560178
1.7351067 -7.5497864 -0.64663482 11207981 11560178
1.7353512 -7.5499713 -0.64837766 11207999 11560176
1.7354815 -7.5500701 -0.64922295 11208008 11560175
1.7354681 -7.5500599 -0.64916845 11208007 11560175
1.7354725 -7.5500633 -0.6493235 11208008 11560174
1.7354975 -7.5500823 -0.64930466 11208009 11560175
1.7354986 -7.5500831 -0.64943676 11208010 11560174
1.7354921 -7.5500781 -0.64947803 11208010 11560174
1.7353909 -7.5500014 -0.64863421 11208002 11560175
1.7354116 -7.5500171 -0.64936822 11208007 11560172
1.735585 -7.5501488 -0.65003821 11208016 11560174
1.735697 -7.550234 -0.6502933 11208021 11560176
1.7356375 -7.5501887 -0.65054581 11208021 11560172
1.735661 -7.5502066 -0.65026886 11208020 11560175
1.7356521 -7.5501999 -0.65033628 11208020 11560174
1.7356552 -7.5502022 -0.65035366 11208020 11560174
1.7356665 -7.5502108 -0.65041734 11208021 11560174
1.7356765 -7.5502184 -0.65047381 11208022 11560174
1.7356818 -7.5502224 -0.65033179 11208021 11560175
1.7356818 -7.5502224 -0.65047003 11208022 11560174
1.7356665 -7.5502108 -0.65041734 11208021 11560174
1.7356715 -7.5502146 -0.65058947 11208022 11560173
1.7356771 -7.5502189 -0.6505296 11208022 11560174
1.7356818 -7.5502224 -0.65050341 11208022 11560174
1.7356818 -7.5502224 -0.65050341 11208022 11560174
1.7356818 -7.5502224 -0.65050341 11208022 11560174
1.7356699 -7.5502133 -0.65057051 11208022 11560173
1.7356818 -7.5502224 -0.65050341 11208022 11560174
1.7356965 -7.5502336 -0.65058664 11208023 11560174
1.7356818 -7.5502224 -0.65050341 11208022 11560174
1.7356818 -7.5502224 -0.65050341 11208022 11560174
1.7356818 -7.5502224 -0.65050341 11208022 11560174
1.7356921 -7.5502302 -0.65056155 11208023 11560174
1.735688 -7.5502271 -0.65053848 11208022 11560174
1.7356818 -7.5502224 -0.65050341 11208022 11560174
1.735701 -7.550237 -0.65056709 11208023 11560174
1.7357019 -7.5502377 -0.6505621 11208023 11560174
1.7356888 -7.5502278 -0.65050341 11208022 11560174
1.7357055 -7.5502405 -0.6505415 11208023 11560175
1.735697 -7.550234 -0.65058947 11208023 11560174
1.735697 -7.550234 -0.65058947 11208023 11560174
1.735697 -7.550234 -0.65058947 11208023 11560174
