-0.0295971 -1.20434e-05 -0.0161458
-0.0576759 -0.00166466 -0.0342519
-0.0868812 -0.0120508 -0.0642264
-0.101922 -0.024524 -0.101533
-0.123053 -0.042877 -0.1599
-0.132415 -0.0640601 -0.236802
-0.147639 -0.0866779 -0.324916
-0.168971 -0.113788 -0.424465
-0.199725 -0.143442 -0.547766
-0.229712 -0.163554 -0.649398
-0.258668 -0.180147 -0.750469
-0.287986 -0.19378 -0.856792
-0.323736 -0.210593 -0.971273
-0.365566 -0.233241 -1.12111
-0.400806 -0.251202 -1.24101
-0.451262 -0.274336 -1.40337
-0.491892 -0.290694 -1.52181
-0.542499 -0.313029 -1.65959
-0.581285 -0.334793 -1.75952
-0.637951 -0.361613 -1.87542
-0.681164 -0.385386 -1.96056
-0.741256 -0.417642 -2.06327
-0.788947 -0.442791 -2.13963
-0.844381 -0.465596 -2.2213
-0.89679 -0.490285 -2.30081
-0.951768 -0.513424 -2.37752
-1.01517 -0.546364 -2.43508
-1.06688 -0.575444 -2.46385
-1.11792 -0.614309 -2.46326
-1.16071 -0.655805 -2.43146
-1.19936 -0.715591 -2.3728
-1.22139 -0.792115 -2.27721
-1.24487 -0.878439 -2.17926
-1.2651 -0.960218 -2.09724
-1.27415 -1.05425 -2.00221
-1.28164 -1.14956 -1.91609
-1.27982 -1.24424 -1.82167
-1.27194 -1.3735 -1.71781
-1.26767 -1.47219 -1.67232
-1.25255 -1.60065 -1.61072
-1.25425 -1.70448 -1.59812
-1.27263 -1.81765 -1.62347
-1.2823 -1.92675 -1.63148
-1.30144 -2.03333 -1.6659
-1.33192 -2.17422 -1.70423
-1.35296 -2.28403 -1.7217
-1.39251 -2.40677 -1.76594
-1.42071 -2.51381 -1.77631
-1.45544 -2.62839 -1.79595
-1.51222 -2.76603 -1.84379
-1.5538 -2.87884 -1.86567
-1.61146 -3.00042 -1.91139
-1.64688 -3.07359 -1.92945
-1.69797 -3.18581 -1.94896
-1.75332 -3.29848 -1.97006
-1.81485 -3.43224 -1.9721
-1.86552 -3.54666 -1.97213
-1.9192 -3.68904 -1.95801
-1.95665 -3.81398 -1.93728
-1.98714 -3.89873 -1.93038
-2.0137 -4.01741 -1.9077
-2.05548 -4.13668 -1.90625
-2.08884 -4.22526 -1.91217
-2.12513 -4.34121 -1.90189
-2.18525 -4.50203 -1.91032
-2.2205 -4.6082 -1.89888
-2.28386 -4.7736 -1.90887
-2.32335 -4.89166 -1.90176
-2.38958 -5.07173 -1.911
-2.46361 -5.25382 -1.91572
-2.50691 -5.34105 -1.93851
-2.55641 -5.43384 -1.96483
-2.64364 -5.59924 -1.99263
-2.68927 -5.68332 -2.00942
-2.76622 -5.81128 -2.02997
-2.81977 -5.90364 -2.04721
-2.87525 -5.98837 -2.06813
-2.93955 -6.09033 -2.08675
-3.02444 -6.22747 -2.09717
-3.09901 -6.33245 -2.11621
-3.17724 -6.46025 -2.11233
-3.22829 -6.55058 -2.10346
-3.29209 -6.6723 -2.07351
-3.33884 -6.77341 -2.04691
-3.38594 -6.88179 -2.02569
-3.4451 -7.01677 -2.005
-3.48462 -7.12038 -1.98296
-3.53971 -7.27266 -1.94825
-3.56648 -7.37568 -1.91632
-3.59778 -7.52117 -1.86207
-3.62146 -7.63333 -1.83494
-3.63576 -7.74644 -1.7953
-3.64942 -7.85871 -1.76108
-3.66849 -7.97936 -1.74494
-3.67339 -8.0844 -1.71588
-3.69457 -8.2031 -1.72464
-3.70953 -8.3189 -1.71913
-3.71326 -8.41324 -1.69607
-3.73379 -8.52982 -1.70082
-3.74027 -8.62532 -1.6841
-3.74939 -8.74683 -1.66692
-3.77049 -8.86668 -1.6842
-3.77677 -8.99953 -1.66469
-3.79878 -9.12924 -1.68053
-3.81439 -9.25149 -1.67665
-3.83089 -9.3831 -1.68311
-3.86082 -9.51382 -1.71347
-3.88115 -9.64065 -1.71595
-3.90487 -9.74391 -1.73783
-3.94296 -9.90311 -1.7764
-3.98863 -10.0352 -1.82614
-4.05584 -10.1972 -1.88504
-4.10744 -10.325 -1.91482
-4.15304 -10.4496 -1.92282
-4.19711 -10.5719 -1.91189
-4.24385 -10.6987 -1.90445
-4.28117 -10.852 -1.86495
-4.31649 -10.9962 -1.84576
-4.33641 -11.1424 -1.8012
-4.35915 -11.2734 -1.78477
-4.37628 -11.401 -1.75054
-4.383 -11.4893 -1.72615
-4.4011 -11.6516 -1.70479
-4.40063 -11.7299 -1.67486
-4.42465 -11.8999 -1.67758
-4.44238 -12.0227 -1.68717
-4.47545 -12.1788 -1.72142
-4.51033 -12.2997 -1.75845
-4.53332 -12.3983 -1.7691
-4.57394 -12.5097 -1.80934
-4.60286 -12.6313 -1.81238
-4.61859 -12.7214 -1.79694
-4.64112 -12.8417 -1.78532
-4.64434 -12.9593 -1.73028
-4.64573 -13.0772 -1.68252
-4.63373 -13.192 -1.62576
-4.60618 -13.3396 -1.54165
-4.59751 -13.4427 -1.52618
-4.57924 -13.5551 -1.49612
-4.57158 -13.6273 -1.49086
-4.57122 -13.7538 -1.52037
-4.57758 -13.8479 -1.54725
-4.59084 -13.9275 -1.58266
-4.6187 -14.0019 -1.65579
-4.67203 -14.0695 -1.77877
-4.72065 -14.1071 -1.89223
-4.8217 -14.1228 -2.13192
-4.90954 -14.113 -2.35306
-5.00471 -14.0665 -2.63411
-5.06363 -14.0244 -2.82314
-5.12643 -13.9525 -3.07054
-5.16602 -13.8829 3.0222
-5.18748 -13.8313 2.88763
-5.2084 -13.7374 2.67028
-5.21765 -13.6562 2.49573
-5.21895 -13.5752 2.3208
-5.20026 -13.4766 2.11224
-5.18031 -13.3933 1.96632
-5.1542 -13.2969 1.80726
-5.1309 -13.2183 1.71412
-5.1229 -13.1623 1.65803
-5.10978 -13.0611 1.57467
-5.0921 -12.9777 1.50894
-5.07477 -12.8781 1.44282
-5.05059 -12.7988 1.39603
-4.988 -12.7459 1.37152
-4.96078 -12.6665 1.36567
-4.94206 -12.5813 1.37941
-4.93064 -12.5078 1.39409
-4.91479 -12.4084 1.41328
-4.89964 -12.3205 1.4232
-4.88355 -12.2194 1.43237
-4.8674 -12.1063 1.43889
-4.84583 -11.996 1.43792
-4.82173 -11.8643 1.42654
-4.78106 -11.714 1.3959
-4.74841 -11.5995 1.3696
-4.71649 -11.4728 1.34659
-4.66978 -11.3295 1.31339
-4.61425 -11.1839 1.27943
-4.57393 -11.0645 1.26944
-4.52905 -10.9204 1.27357
-4.509 -10.7951 1.31777
-4.4975 -10.6732 1.36681
-4.4938 -10.5558 1.42661
-4.49625 -10.4064 1.49106
-4.50475 -10.231 1.55189
-4.51042 -10.1017 1.57872
-4.51044 -9.93346 1.58513
-4.50055 -9.82917 1.56599
-4.49011 -9.68904 1.54539
-4.45699 -9.50945 1.47811
-4.42568 -9.37457 1.4301
-4.36872 -9.1929 1.36101
-4.33607 -9.10104 1.33139
-4.29027 -8.95735 1.30967
-4.23422 -8.7935 1.29144
-4.19807 -8.66404 1.30077
-4.16845 -8.53112 1.31956
-4.13767 -8.37624 1.35083
-4.11833 -8.24812 1.37654
-4.08677 -8.07249 1.39363
-4.06696 -7.94192 1.40026
-4.03578 -7.76605 1.40149
-4.00214 -7.62779 1.40005
-3.96286 -7.48323 1.38526
-3.92192 -7.33316 1.35942
-3.87803 -7.20273 1.32473
-3.83479 -7.06381 1.30129
-3.77483 -6.92894 1.25925
-3.71756 -6.79614 1.23177
-3.65033 -6.66081 1.19291
-3.58587 -6.52777 1.17234
-3.51733 -6.39921 1.1438
-3.45797 -6.30385 1.11231
-3.38521 -6.16316 1.0928
-3.31032 -6.03485 1.07209
-3.24882 -5.90907 1.07158
-3.1483 -5.74301 1.04686
-3.07764 -5.61139 1.04269
-2.99304 -5.45507 1.05812
-2.92935 -5.3111 1.09134
-2.86097 -5.15544 1.11916
-2.81588 -5.02884 1.15114
-2.77366 -4.93695 1.15839
-2.72907 -4.74005 1.23814
-2.697 -4.61573 1.27011
-2.6863 -4.49431 1.32974
-2.67426 -4.36044 1.38496
-2.67906 -4.20222 1.4703
-2.69175 -4.08292 1.54004
-2.70889 -3.96269 1.60464
-2.73858 -3.84817 1.66922
-2.76346 -3.77317 1.7233
-2.80775 -3.65417 1.80926
-2.85705 -3.55268 1.87806
-2.92691 -3.45539 1.97453
-2.99412 -3.3681 2.04727
-3.10285 -3.25452 2.16722
-3.18546 -3.18599 2.24903
-3.27146 -3.12827 2.32843
-3.36294 -3.04952 2.39459
-3.45925 -2.99465 2.47183
-3.59533 -2.93313 2.57081
-3.69201 -2.88664 2.62055
-3.80633 -2.84439 2.68474
-3.93779 -2.7932 2.71743
-4.08056 -2.75528 2.77389
-4.18609 -2.73171 2.81763
-4.32997 -2.70735 2.88343
-4.42165 -2.69525 2.91639
-4.53167 -2.68329 2.94982
-4.67407 -2.66735 2.97701
-4.75961 -2.65323 2.98242
-4.87699 -2.63883 2.9993
-5.02166 -2.60825 2.99019
-5.13552 -2.58603 2.98101
-5.28678 -2.54086 2.93877
-5.3779 -2.50159 2.88984
-5.48616 -2.43864 2.80611
-5.64077 -2.30503 2.62868
-5.74412 -2.12445 2.38216
-5.79051 -1.9778 2.17959
-5.79247 -1.83942 1.97919
-5.73379 -1.67591 1.69204
-5.64953 -1.56786 1.43633
-5.50034 -1.4767 1.09448
-5.40085 -1.44606 0.880026
-5.26184 -1.43947 0.60296
-5.09089 -1.47432 0.28636
-4.97514 -1.51979 0.0824286
-4.83351 -1.58941 -0.123425
-4.73541 -1.64077 -0.237877
-4.60948 -1.72253 -0.3183
-4.51667 -1.79789 -0.378076
-4.42823 -1.88467 -0.436158
-4.33098 -1.94341 -0.464922
-4.23083 -2.01451 -0.507772
-4.10933 -2.08672 -0.523143
-4.00225 -2.16606 -0.553687
-3.8836 -2.24555 -0.567663
-3.78326 -2.33211 -0.585077
-3.66611 -2.42993 -0.633147
-3.57485 -2.51101 -0.658718
-3.45917 -2.62537 -0.702611
-3.39132 -2.70748 -0.730302
-3.32875 -2.78363 -0.757536
-3.24594 -2.88813 -0.791681
-3.19461 -2.96192 -0.822552
-3.11127 -3.08715 -0.870573
-3.04174 -3.19417 -0.910056
-2.98691 -3.29414 -0.949698
-2.90686 -3.40063 -0.944973
-2.83158 -3.48893 -0.925015
-2.73385 -3.57072 -0.8514
-2.6023 -3.63252 -0.699241
-2.49496 -3.65974 -0.564349
-2.33482 -3.67172 -0.374235
-2.2312 -3.64608 -0.209448
-2.12153 -3.60144 -0.0376854
-2.02727 -3.54381 0.128536
-1.95798 -3.48651 0.264391
-1.8877 -3.4142 0.413276
-1.82246 -3.30057 0.634161
-1.79053 -3.21195 0.778299
-1.77234 -3.11563 0.936141
-1.77566 -3.02032 1.08018
-1.79122 -2.93242 1.23044
-1.82365 -2.84255 1.39434
-1.85816 -2.76558 1.55192
-1.89614 -2.71134 1.66759
-1.94115 -2.66449 1.7821
-2.00754 -2.61006 1.93262
-2.10334 -2.55817 2.12627
-2.18413 -2.53268 2.2776
-2.28133 -2.51468 2.45765
-2.36699 -2.51556 2.61014
-2.46759 -2.53663 2.78786
-2.52099 -2.55562 2.88247
-2.59737 -2.59481 3.02127
-2.67893 -2.64073 -3.11515
-2.74563 -2.68255 -3.01005
-2.83013 -2.73135 -2.90312
-2.9095 -2.75276 -2.87488
-3.01833 -2.76746 -2.88573
-3.11212 -2.7762 -2.91745
-3.22876 -2.77686 -2.97184
-3.31047 -2.76556 -3.02358
-3.42073 -2.75637 -3.07748
-3.55679 -2.74939 -3.1275
-3.67801 -2.72639 3.09662
-3.82352 -2.70702 3.06
-3.94936 -2.6865 3.03438
-4.11 -2.65167 2.99438
-4.23394 -2.61393 2.95321
-4.38016 -2.55623 2.88481
-4.51591 -2.50053 2.8317
-4.61502 -2.45901 2.80084
-4.69871 -2.41822 2.77208
-4.85989 -2.33914 2.73247
-4.97577 -2.28067 2.71443
-5.09723 -2.21996 2.70601
-5.25518 -2.15507 2.71944
-5.38291 -2.09523 2.71932
-5.50996 -2.04471 2.73467
-5.66285 -1.97455 2.7303
-5.82474 -1.9091 2.7452
-5.91541 -1.86224 2.73456
-6.04684 -1.80264 2.73462
-6.21066 -1.71563 2.70973
-6.36207 -1.64255 2.7032
-6.47519 -1.57176 2.67477
-6.61351 -1.49121 2.65513
-6.71521 -1.41987 2.61682
-6.84384 -1.34253 2.60056
-6.94318 -1.26826 2.56625
-7.03096 -1.19709 2.53724
-7.14231 -1.12587 2.55324
-7.23115 -1.07231 2.56971
-7.35902 -1.03452 2.65809
-7.45703 -1.01032 2.72644
-7.57656 -0.981586 2.79317
-7.67627 -0.952613 2.82132
-7.79688 -0.918526 2.83567
-7.8953 -0.886491 2.84204
-8.01097 -0.849586 2.84451
-8.14555 -0.801081 2.83608
-8.23802 -0.77114 2.83541
-8.29198 -0.753515 2.83404
-8.36919 -0.723841 2.83099
-8.44175 -0.700247 2.83031
-8.52983 -0.673101 2.83229
-8.58998 -0.654677 2.83034
-8.67943 -0.619755 2.82118
-8.77656 -0.581441 2.80463
-8.81829 -0.566819 2.8049
-8.87794 -0.550695 2.81911
-8.94933 -0.533658 2.83813
-9.00739 -0.528692 2.8669
-9.09534 -0.526935 2.92952
-9.16268 -0.536331 2.99244
-9.25613 -0.559702 3.0838
-9.32823 -0.574471 3.13909
-9.40788 -0.582814 -3.1196
-9.47994 -0.587436 -3.10427
-9.5562 -0.600547 -3.07884
-9.64159 -0.613805 -3.05542
-9.72166 -0.619903 -3.05788
-9.80332 -0.620852 -3.07137
-9.88694 -0.627214 -3.07509
-9.98619 -0.62643 -3.09155
-10.0852 -0.614401 -3.12649
-10.1461 -0.611348 -3.13789
-10.2077 -0.613443 -3.13761
-10.2871 -0.614254 -3.13321
-10.3465 -0.609022 3.13743
-10.4479 -0.586764 3.09192
-10.5261 -0.569129 3.05761
-10.6305 -0.54018 3.00572
-10.7136 -0.509114 2.94993
-10.7711 -0.488029 2.91405
-10.8641 -0.453097 2.86522
-10.9388 -0.418226 2.82252
-11.0091 -0.387872 2.79686
-11.0943 -0.365106 2.80689
-11.1795 -0.356366 2.85043
-11.2682 -0.35961 2.92317
-11.3572 -0.364334 2.98006
-11.482 -0.373404 3.05472
-11.6146 -0.379577 3.10512
-11.7183 -0.378361 3.11666
-11.8635 -0.39046 -3.13828
-11.9822 -0.38247 3.12526
-12.0671 -0.377339 3.11686
-12.2144 -0.381635 3.12252
-12.3306 -0.378979 3.11351
-12.4728 -0.397606 3.13874
-12.592 -0.397247 3.13387
-12.7275 -0.402658 3.14028
-12.8425 -0.410312 -3.13116
-12.9821 -0.407937 -3.13881
-13.091 -0.418445 -3.11884
-13.1703 -0.417231 -3.12322
-13.3076 -0.401747 3.13313
-13.4149 -0.404522 3.12231
-13.5408 -0.377917 3.06004
-13.6391 -0.353334 3.01416
-13.7627 -0.336799 2.98322
-13.8642 -0.308022 2.94205
-13.9532 -0.277032 2.9113
-14.0492 -0.242424 2.88216
-14.1492 -0.201377 2.85744
-14.2637 -0.154548 2.84361
-14.3638 -0.109898 2.8191
-14.4356 -0.0652027 2.80271
-14.5293 -0.018396 2.77594
-14.6509 0.0462803 2.73846
-14.754 0.0959341 2.72797
-14.8807 0.165362 2.69957
-14.9921 0.222131 2.69015
-15.1192 0.283512 2.68143
-15.2026 0.325758 2.67387
-15.3191 0.376314 2.68479
-15.4568 0.449054 2.67501
-15.5758 0.498998 2.70556
-15.7274 0.55844 2.74504
-15.8517 0.588571 2.80407
-16.0081 0.614765 2.86899
-16.1141 0.638612 2.90058
-16.2485 0.661535 2.92768
-16.4174 0.690878 2.94652
-16.5564 0.714372 2.92493
-16.7256 0.740826 2.89318
-16.8601 0.779005 2.86088
-17.0271 0.822081 2.83082
-17.1566 0.86699 2.80978
-17.3105 0.929771 2.75858
-17.4341 0.98929 2.719
-17.5177 1.03891 2.67791
-17.6393 1.11434 2.63115
-17.7801 1.21126 2.59137
-17.8783 1.30112 2.54768
-17.9933 1.41573 2.53013
-18.0953 1.49947 2.52053
-18.2286 1.5783 2.56622
-18.3307 1.65472 2.55514
-18.4646 1.73292 2.57927
-18.5688 1.8104 2.56652
-18.7081 1.87949 2.59123
-18.813 1.95052 2.59001
-18.8949 2.001 2.59118
-19.0678 2.09764 2.61818
-19.2107 2.16648 2.64567
-19.3536 2.24511 2.66238
-19.5013 2.33281 2.67026
-19.6188 2.39404 2.66955
-19.7672 2.468 2.6919
-19.888 2.52159 2.70278
-20.0173 2.57486 2.70966
-20.1359 2.62749 2.71404
-20.2638 2.6903 2.70873
-20.4262 2.75369 2.73334
-20.5599 2.80536 2.74559
-20.6856 2.84618 2.78851
-20.8186 2.88294 2.83283
-20.9655 2.90535 2.8984
-21.1035 2.92077 2.95139
-21.2779 2.93372 2.99473
-21.426 2.93353 3.04066
-21.6113 2.92347 3.10131
-21.7144 2.90377 -3.12017
-21.8622 2.87962 -3.06669
-22.0677 2.79892 -2.92122
-22.2716 2.70824 -2.80326
-22.4201 2.60856 -2.70032
-22.5433 2.51749 -2.62004
-22.673 2.38815 -2.50196
-22.7599 2.27408 -2.41237
-22.8442 2.1203 -2.26345
-22.9235 1.9943 -2.19938
-22.9723 1.8976 -2.14537
-23.0603 1.74093 -2.1202
-23.1271 1.60295 -2.09076
-23.2101 1.44627 -2.09063
-23.2735 1.31493 -2.07477
-23.3472 1.15769 -2.05844
-23.4067 1.01644 -2.03339
-23.4463 0.928804 -2.02609
-23.5269 0.763985 -2.00746
-23.5699 0.674113 -1.99684
-23.6318 0.541501 -1.98012
-23.6931 0.391218 -1.97034
-23.7527 0.25667 -1.9722
-23.8098 0.138351 -1.97816
-23.87 0.0110595 -1.97913
-23.9228 -0.107727 -1.97527
-23.9825 -0.23789 -1.97673
-24.0557 -0.391733 -1.98873
-24.1143 -0.51124 -2.00052
-24.1705 -0.643658 -1.99747
-24.2224 -0.770912 -1.98714
-24.2767 -0.900935 -1.97701
-24.3364 -1.0667 -1.95259
-24.3798 -1.20441 -1.92745
-24.4411 -1.38592 -1.90622
-24.4853 -1.51908 -1.90029
-24.5191 -1.62683 -1.88995
-24.5573 -1.81091 -1.84163
-24.5702 -1.9557 -1.78502
-24.5828 -2.11613 -1.72263
-24.5757 -2.30334 -1.6387
-24.5602 -2.45455 -1.58112
-24.5386 -2.57339 -1.52114
-24.4921 -2.75389 -1.43126
-24.4398 -2.89767 -1.34215
-24.3426 -3.05824 -1.21724
-24.2595 -3.18348 -1.12155
-24.1208 -3.33891 -0.986444
-23.993 -3.48676 -0.91207
-23.8849 -3.57978 -0.851585
-23.7414 -3.69898 -0.782662
-23.626 -3.77345 -0.718441
-23.4606 -3.87899 -0.635554
-23.3429 -3.9335 -0.568888
-23.1884 -3.99791 -0.492815
-23.0494 -4.05522 -0.43224
-22.9489 -4.09714 -0.399701
-22.7793 -4.15391 -0.356955
-22.6423 -4.19327 -0.322749
-22.4709 -4.24017 -0.299342
-22.3342 -4.27628 -0.292076
-22.1654 -4.33054 -0.308346
-22.0284 -4.37381 -0.313776
-21.8636 -4.42845 -0.320078
-21.7175 -4.47651 -0.322789
-21.5515 -4.53755 -0.329208
-21.4088 -4.58386 -0.322758
-21.2243 -4.64273 -0.312633
-21.1304 -4.67288 -0.3144
-20.9785 -4.7275 -0.322789
-20.8371 -4.76754 -0.319183
-20.702 -4.81383 -0.323789
-20.561 -4.85486 -0.317206
-20.3853 -4.91874 -0.331014
-20.2541 -4.95905 -0.327345
-20.128 -5.00573 -0.333035
-20.0102 -5.0438 -0.325279
-19.8918 -5.09173 -0.34409
-19.7422 -5.13789 -0.333841
-19.6277 -5.17955 -0.341988
-19.5476 -5.212 -0.349303
-19.4392 -5.2375 -0.334234
-19.3338 -5.28195 -0.348831
-19.2399 -5.31949 -0.35104
-19.116 -5.36422 -0.349315
-19.0234 -5.40629 -0.356872
-18.914 -5.44553 -0.351013
-18.8195 -5.48291 -0.357384
-18.7317 -5.51922 -0.365723
-18.6701 -5.54232 -0.364951
-18.5657 -5.57899 -0.359455
-18.4648 -5.62121 -0.364176
-18.3697 -5.66401 -0.377173
-18.2409 -5.71743 -0.376285
-18.1306 -5.77089 -0.399916
-18.0287 -5.81615 -0.399734
-17.9111 -5.86982 -0.400613
-17.8382 -5.90715 -0.406873
-17.7159 -5.95767 -0.406584
-17.6258 -6.00256 -0.415268
-17.4714 -6.07922 -0.428573
-17.3545 -6.13402 -0.428909
-17.2213 -6.20076 -0.435715
-17.0931 -6.26461 -0.442237
-16.9765 -6.332 -0.463854
-16.8162 -6.41915 -0.477441
-16.6889 -6.4912 -0.48981
-16.5204 -6.5889 -0.508836
-16.426 -6.64703 -0.522463
-16.2965 -6.72508 -0.528608
-16.1309 -6.82042 -0.529165
-16.0355 -6.87592 -0.526966
-15.8996 -6.95513 -0.527687
-15.7333 -7.04852 -0.525494
-15.6008 -7.11986 -0.521523
-15.4305 -7.21034 -0.521818
-15.2617 -7.30156 -0.515304
-15.151 -7.34133 -0.493574
-15.0463 -7.38792 -0.471735
-14.8361 -7.46386 -0.429209
-14.7261 -7.50408 -0.415076
-14.574 -7.55737 -0.389544
-14.4402 -7.59451 -0.372533
-14.286 -7.63675 -0.34887
-14.1294 -7.69031 -0.351108
-13.9403 -7.75049 -0.333676
-13.7934 -7.79285 -0.315618
-13.6115 -7.83892 -0.289781
-13.4879 -7.86735 -0.267241
-13.3504 -7.89044 -0.230923
-13.1569 -7.92946 -0.20092
-13.017 -7.95145 -0.186235
-12.8059 -7.985 -0.152961
-12.6613 -7.99764 -0.128729
-12.4323 -7.99371 -0.0440377
-12.21 -7.98073 0.0238932
-12.0589 -7.95205 0.0818299
-11.8729 -7.88671 0.177852
-11.7069 -7.82373 0.2538
-11.5647 -7.74831 0.342031
-11.4337 -7.6548 0.44386
-11.3106 -7.5625 0.537868
-11.1514 -7.41064 0.667607
-11.041 -7.27921 0.755838
-10.9338 -7.11295 0.862571
-10.8584 -6.96311 0.967764
-10.8148 -6.84355 1.05491
-10.7702 -6.65093 1.19207
-10.7691 -6.4849 1.34727
-10.8037 -6.32017 1.516
-10.865 -6.19255 1.70484
-10.9643 -6.06079 1.9301
-11.1228 -5.97767 2.25596
-11.2684 -5.9706 2.56013
-11.4296 -6.03073 2.98216
-11.5333 -6.12772 -2.96877
-11.5814 -6.19728 -2.74135
-11.6231 -6.37552 -2.3546
-11.6708 -6.53945 -2.05554
-11.7119 -6.64598 -1.94585
-11.7413 -6.7574 -1.88742
-11.7745 -6.86732 -1.85943
-11.7884 -6.96659 -1.868
-11.8399 -7.09129 -1.91331
-11.8896 -7.19321 -1.9561
-11.963 -7.29614 -2.03976
-12.0445 -7.38369 -2.12658
-12.1189 -7.45551 -2.1981
-12.2378 -7.53648 -2.32266
-12.3572 -7.61161 -2.41444
-12.4684 -7.65699 -2.50971
-12.5768 -7.68324 -2.60682
-12.6893 -7.69535 -2.7167
-12.811 -7.70218 -2.8396
-12.9522 -7.68163 -2.97712
-13.0621 -7.64424 -3.09832
-13.2181 -7.58117 3.03671
-13.3725 -7.52393 2.93407
-13.4556 -7.48758 2.89757
-13.5626 -7.44625 2.87289
-13.6762 -7.41379 2.86495
-13.7663 -7.37724 2.83982
-13.8948 -7.3311 2.82595
-14.0409 -7.29184 2.82335
-14.1275 -7.2569 2.79967
-14.2374 -7.21666 2.79272
-14.3639 -7.16056 2.76351
-14.4803 -7.10864 2.74579
-14.5731 -7.07028 2.74163
-14.7006 -7.00035 2.69658
-14.8128 -6.95141 2.69916
-14.9942 -6.8701 2.7044
-15.1622 -6.8006 2.74292
-15.3151 -6.73242 2.74413
-15.4449 -6.69069 2.77028
-15.5721 -6.6326 2.75079
-15.6972 -6.57993 2.74817
-15.8104 -6.52361 2.72032
-15.976 -6.44118 2.70043
-16.1019 -6.37544 2.67717
-16.2922 -6.27327 2.66325
-16.4381 -6.16888 2.61248
-16.5761 -6.09475 2.61653
-16.694 -6.01976 2.59815
-16.8618 -5.93473 2.63768
-16.9895 -5.85991 2.64051
-17.1746 -5.79241 2.69084
-17.303 -5.73778 2.7145
-17.4832 -5.66645 2.74366
-17.6201 -5.61155 2.75411
-17.7915 -5.54195 2.75344
-17.9242 -5.48426 2.74902
-18.0908 -5.41445 2.74368
-18.2277 -5.35211 2.73875
-18.3844 -5.27803 2.73128
-18.5138 -5.22798 2.74729
-18.6168 -5.18498 2.74853
-18.7113 -5.13241 2.73132
-18.8114 -5.0906 2.73819
-18.9616 -5.01302 2.72592
-19.0572 -4.97181 2.73674
-19.1777 -4.92278 2.74364
-19.2737 -4.87395 2.73119
-19.4344 -4.82952 2.7785
-19.5593 -4.80527 2.81502
-19.7593 -4.80846 2.95257
-19.8908 -4.82794 3.05532
-20.0348 -4.89052 -3.05335
-20.1781 -5.00152 -2.81131
-20.2821 -5.11398 -2.58834
-20.3213 -5.22394 -2.3944
-20.3487 -5.36573 -2.1498
-20.3507 -5.47798 -1.96668
-20.318 -5.62022 -1.71303
-20.2638 -5.71701 -1.52406
-20.168 -5.81956 -1.26352
-20.0689 -5.89043 -1.07421
-19.9219 -5.93621 -0.828922
-19.7961 -5.95375 -0.645782
-19.6762 -5.95374 -0.480122
-19.5405 -5.95843 -0.32048
-19.4271 -5.94459 -0.193687
-19.2859 -5.92038 -0.08568
-19.176 -5.90541 -0.0226502
-19.0154 -5.90038 0.0155539
-18.9238 -5.88938 0.0522276
-18.8027 -5.87653 0.0678013
-18.6474 -5.85236 0.101399
-18.5209 -5.83216 0.121179
-18.3654 -5.81905 0.107476
-18.2319 -5.80138 0.107852
-18.0632 -5.8063 0.0574885
-17.9245 -5.80815 0.0314044
-17.7802 -5.83796 -0.0459354
-17.6568 -5.85352 -0.0750583
-17.472 -5.90247 -0.15039
-17.3889 -5.93041 -0.186356
-17.2736 -5.97341 -0.23208
-17.1101 -6.06111 -0.318439
-17.0239 -6.11071 -0.351796
-16.8804 -6.191 -0.412519
-16.7786 -6.25327 -0.453296
-16.6267 -6.34333 -0.480254
-16.545 -6.3916 -0.488233
-16.4341 -6.46152 -0.505211
-16.2894 -6.54312 -0.504948
-16.1773 -6.61356 -0.523586
-16.0183 -6.70128 -0.525991
-15.9125 -6.77882 -0.553143
-15.7964 -6.8501 -0.555355
-15.6424 -6.94922 -0.571581
-15.5162 -7.01343 -0.546961
-15.368 -7.09257 -0.528909
-15.2343 -7.14813 -0.484965
-15.1343 -7.18683 -0.462912
-14.932 -7.25514 -0.405523
-14.728 -7.32804 -0.376886
-14.555 -7.3904 -0.368375
-14.4156 -7.44012 -0.363437
-14.2742 -7.48355 -0.348122
-14.0942 -7.53775 -0.322799
-13.9471 -7.57712 -0.299145
-13.8421 -7.60606 -0.276819
-13.6643 -7.63855 -0.23607
-13.5014 -7.65713 -0.194465
-13.3501 -7.67788 -0.159247
-13.2025 -7.68424 -0.117004
-13.0453 -7.68727 -0.075324
-12.9233 -7.67316 -0.0253233
-12.764 -7.66283 0.0113331
-12.6124 -7.62692 0.0856679
-12.456 -7.59735 0.135092
-12.2981 -7.5434 0.217006
-12.1497 -7.48407 0.279208
-12.0078 -7.40424 0.369258
-11.8407 -7.29266 0.482138
-11.7241 -7.18456 0.585866
-11.5748 -7.04362 0.688934
-11.4757 -6.92017 0.79177
-11.3572 -6.75249 0.870409
-11.2594 -6.61472 0.924098
-11.1571 -6.44038 0.984145
-11.0833 -6.29988 1.02186
-11.0007 -6.12082 1.08309
-10.9397 -5.97007 1.12689
-10.8796 -5.7854 1.18347
-10.841 -5.6421 1.22856
-10.7815 -5.42061 1.27885
-10.7526 -5.30373 1.30349
-10.7091 -5.12732 1.32239
-10.6793 -4.97643 1.33201
-10.6508 -4.79589 1.36745
-10.6222 -4.64826 1.3729
-10.5955 -4.46767 1.3943
-10.5693 -4.32755 1.39723
-10.5449 -4.14717 1.42688
-10.5302 -4.00298 1.44574
-10.518 -3.82463 1.47807
-10.5143 -3.72183 1.48902
-10.5062 -3.58046 1.51551
-10.5083 -3.43272 1.54119
-10.5076 -3.29546 1.55226
-10.5228 -3.16458 1.5875
-10.5215 -3.05178 1.59105
-10.5407 -2.88918 1.63201
-10.5474 -2.76313 1.638
-10.5657 -2.60875 1.66332
-10.5787 -2.49244 1.66987
-10.6063 -2.31029 1.69591
-10.6365 -2.13874 1.71198
-10.6577 -2.01409 1.71969
-10.6751 -1.90592 1.72319
-10.6762 -1.80397 1.69136
-10.6681 -1.69365 1.63744
-10.6414 -1.60212 1.54915
-10.5844 -1.49847 1.42079
-10.5088 -1.36698 1.27687
-10.4178 -1.25291 1.13981
-10.3287 -1.16945 1.03771
-10.2322 -1.09335 0.93385
-10.1257 -1.02082 0.838559
-10.0464 -0.971309 0.774417
-9.94065 -0.923713 0.679005
-9.77158 -0.852502 0.553946
-9.66491 -0.831755 0.457523
-9.50568 -0.805447 0.314561
-9.37918 -0.815736 0.200904
-9.19796 -0.8315 0.0667157
-9.0708 -0.862208 -0.0408275
-8.91361 -0.909035 -0.132376
-8.79778 -0.960455 -0.208335
-8.64682 -1.01739 -0.2722
-8.54276 -1.07184 -0.322034
-8.41692 -1.13968 -0.363704
-8.30247 -1.18605 -0.370372
-8.15037 -1.23334 -0.345542
-8.01224 -1.27677 -0.327634
-7.91948 -1.2967 -0.304632
-7.79871 -1.3302 -0.280296
-7.70901 -1.3495 -0.258168
-7.60525 -1.37344 -0.232522
-7.51994 -1.38912 -0.209982
-7.43421 -1.40029 -0.188603
-7.33914 -1.41466 -0.175205
-7.2686 -1.42397 -0.167147
-7.16237 -1.44806 -0.187973
-7.08145 -1.47868 -0.239721
-7.00199 -1.51797 -0.28851
-6.93451 -1.5615 -0.334269
-6.85233 -1.61269 -0.390723
-6.75772 -1.68188 -0.44454
-6.68442 -1.73232 -0.480479
-6.58435 -1.80097 -0.508875
-6.49431 -1.84905 -0.501168
-6.42802 -1.89118 -0.504578
-6.31069 -1.95377 -0.488052
-6.21187 -1.99316 -0.461095
-6.13624 -2.02553 -0.452585
-6.00551 -2.085 -0.44324
-5.90782 -2.12269 -0.422511
-5.77923 -2.18284 -0.415722
-5.67239 -2.22247 -0.396669
-5.5522 -2.26141 -0.386213
-5.44434 -2.30166 -0.389784
-5.31523 -2.35729 -0.395632
-5.21389 -2.41149 -0.416223
-5.08537 -2.47223 -0.419549
-5.01225 -2.50416 -0.414302
-4.91195 -2.54709 -0.400923
-4.77943 -2.59237 -0.362816
-4.68094 -2.6289 -0.353439
-4.51484 -2.69209 -0.348262
-4.35897 -2.75794 -0.363734
-4.24853 -2.811 -0.387004
-4.15156 -2.86588 -0.425373
-4.0484 -2.94014 -0.491408
-3.95125 -3.02165 -0.549763
-3.82967 -3.14397 -0.645566
-3.7297 -3.26142 -0.721579
-3.654 -3.35212 -0.77684
-3.57378 -3.46686 -0.83502
-3.49668 -3.55661 -0.842107
-3.40062 -3.67609 -0.856137
-3.32325 -3.75932 -0.847536
-3.26173 -3.83269 -0.854038
-3.16681 -3.95843 -0.871704
-3.08423 -4.05171 -0.857321
-2.97422 -4.17265 -0.836567
-2.87762 -4.2514 -0.790351
-2.75735 -4.36404 -0.758605
-2.6424 -4.43294 -0.689511
-2.5513 -4.48064 -0.642281
-2.40346 -4.54464 -0.538455
-2.27106 -4.57487 -0.429834
-2.12096 -4.59158 -0.294416
-1.99209 -4.57937 -0.16788
-1.84456 -4.52951 0.0167019
-1.74322 -4.47954 0.150021
-1.63035 -4.3827 0.359664
-1.5609 -4.29193 0.531481
-1.50129 -4.15524 0.754748
-1.49433 -4.04167 0.954823
-1.5155 -3.90046 1.21557
-1.54828 -3.81927 1.37119
-1.61424 -3.71368 1.58495
-1.66637 -3.64629 1.73011
-1.72711 -3.58965 1.88464
-1.82879 -3.52307 2.08157
-1.92927 -3.47901 2.26347
-2.0428 -3.43916 2.41977
-2.18379 -3.40453 2.57441
-2.27957 -3.39559 2.64939
-2.38951 -3.36399 2.72538
-2.53619 -3.32181 2.76887
-2.65687 -3.27579 2.76728
-2.80454 -3.22046 2.75633
-2.92614 -3.16556 2.74065
-3.0837 -3.10989 2.75231
-3.20605 -3.05784 2.75804
-3.36232 -3.01629 2.81095
-3.48634 -2.96922 2.81036
-3.64295 -2.92385 2.83493
-3.77362 -2.87532 2.82127
-3.86752 -2.84568 2.82452
-4.05827 -2.78562 2.82757
-4.22013 -2.73629 2.83953
-4.38575 -2.68414 2.83739
-4.52061 -2.64989 2.85347
-4.65013 -2.61409 2.85878
-4.78796 -2.57781 2.86979
-4.92329 -2.53226 2.8535
-5.05773 -2.48288 2.83183
-5.18974 -2.43907 2.8231
-5.3538 -2.36174 2.77703
-5.48332 -2.31111 2.77264
-5.63905 -2.23047 2.7343
-5.73543 -2.19036 2.72876
-5.85351 -2.12496 2.69841
-6.03265 -2.04469 2.70322
-6.2188 -1.96642 2.72907
-6.38147 -1.91194 2.76371
-6.46998 -1.87437 2.76224
-6.59861 -1.83299 2.78142
-6.75158 -1.77096 2.76803
-6.87604 -1.72765 2.78224
-7.03303 -1.64964 2.74899
-7.14996 -1.58976 2.72626
-7.29503 -1.4961 2.66408
-7.40352 -1.42527 2.63317
-7.54135 -1.328 2.58649
-7.6359 -1.25721 2.5585
-7.75759 -1.1684 2.55264
-7.82769 -1.11854 2.55041
-7.92812 -1.05202 2.54998
-8.06066 -0.965299 2.56855
-8.14589 -0.915062 2.58216
-8.28753 -0.846791 2.62599
-8.41083 -0.801248 2.67302
-8.56259 -0.762793 2.74609
-8.68939 -0.729867 2.78772
-8.84555 -0.702187 2.85448
-8.97424 -0.670859 2.8797
-9.0832 -0.655918 2.92042
-9.23065 -0.622334 2.94088
-9.40312 -0.599676 2.98051
-9.6281 -0.556447 2.98756
-9.8077 -0.530079 3.00245
-9.91823 -0.503231 2.99323
-10.0594 -0.488738 3.01486
-10.257 -0.462228 3.00647
-10.4031 -0.457391 3.03959
-10.5858 -0.436222 3.04168
-10.734 -0.43037 3.06329
-10.842 -0.41826 3.05736
-11.0169 -0.419303 3.10271
-11.1606 -0.411317 3.10433
-11.3366 -0.422298 3.14037
-11.473 -0.419055 3.14004
-11.6142 -0.429382 -3.1143
-11.7453 -0.431403 -3.11978
-11.8823 -0.43532 -3.119
-12.0438 -0.433616 -3.1333
-12.1454 -0.439653 -3.13039
-12.2744 -0.446407 -3.1242
-12.3695 -0.440448 3.13995
-12.4985 -0.439065 3.13285
-12.6267 -0.429569 3.11994
-12.7798 -0.4252 3.10582
-12.9241 -0.416996 3.10145
-13.0429 -0.402772 3.07318
-13.1872 -0.389346 3.06675
-13.2854 -0.36634 3.03556
-13.4278 -0.351523 3.02959
-13.5277 -0.333536 3.01196
-13.6543 -0.300074 2.98131
-13.7516 -0.273571 2.95688
-13.8649 -0.223309 2.88267
-13.9618 -0.164166 2.80609
-14.0756 -0.096824 2.74505
-14.167 -0.0234867 2.6733
-14.2328 0.0371112 2.6182
-14.32 0.117439 2.55375
-14.4047 0.19727 2.49805
-14.4916 0.280383 2.45864
-14.6079 0.388243 2.42889
-14.7109 0.465294 2.4549
-14.8346 0.554274 2.48226
-14.9245 0.615715 2.50718
-15.0014 0.67181 2.51895
-15.1203 0.759619 2.52248
-15.204 0.827303 2.52849
-15.3474 0.934403 2.51643
-15.4577 1.02444 2.51678
-15.5709 1.10786 2.51061
-15.7092 1.19281 2.52567
-15.7971 1.25327 2.53534
-15.9534 1.346 2.55752
-16.1162 1.42887 2.57611
-16.2489 1.50127 2.58763
-16.4175 1.58932 2.59223
-16.5455 1.65972 2.60176
-16.6992 1.75438 2.62532
-16.83 1.82771 2.63887
-16.9634 1.89061 2.65881
-17.0938 1.95183 2.67386
-17.2244 2.01394 2.69466
-17.3528 2.0746 2.70211
-17.4872 2.12493 2.71873
-17.6222 2.18251 2.72814
-17.7899 2.24634 2.75082
-17.9229 2.30533 2.74839
-18.0767 2.36411 2.76267
-18.1842 2.41082 2.76158
-18.3142 2.46259 2.76439
-18.4481 2.50708 2.77695
-18.5818 2.56088 2.77549
-18.7142 2.60419 2.79608
-18.8121 2.6393 2.7955
-18.91 2.67283 2.80711
-19.0795 2.72188 2.82818
-19.2121 2.76709 2.83689
-19.3455 2.80914 2.83913
-19.4774 2.85509 2.83622
-19.615 2.883 2.8571
-19.783 2.94444 2.83717
-19.9165 2.97846 2.86029
-20.0511 3.01877 2.85912
-20.1944 3.04921 2.88844
-20.3266 3.09204 2.8827
-20.4925 3.12583 2.90451
-20.6324 3.1647 2.90105
-20.8044 3.18776 2.94623
-20.949 3.2144 2.95945
-21.0875 3.22342 3.00116
-21.25 3.22782 3.05252
-21.3868 3.21248 3.12788
-21.5229 3.18675 -3.09387
-21.6516 3.14896 -3.01516
-21.7681 3.10243 -2.93464
-21.9348 3.00843 -2.79517
-22.0583 2.91574 -2.67035
-22.1168 2.84522 -2.58686
-22.1962 2.75468 -2.50143
-22.262 2.6559 -2.39452
-22.3189 2.56375 -2.31587
-22.3788 2.45831 -2.2409
-22.4611 2.30906 -2.163
-22.5442 2.1543 -2.12963
-22.6173 2.04022 -2.12542
-22.6764 1.94641 -2.11949
-22.7511 1.82334 -2.11407
-22.7991 1.71903 -2.08111
-22.8586 1.57928 -2.04324
-22.8971 1.47125 -1.99853
-22.9302 1.35716 -1.9479
-22.985 1.20631 -1.90802
-23.0082 1.07914 -1.85577
-23.053 0.93221 -1.84113
-23.0754 0.795129 -1.80313
-23.1105 0.638375 -1.79898
-23.1327 0.508322 -1.77924
-23.1758 0.362075 -1.80293
-23.2103 0.224502 -1.80699
-23.257 0.0938727 -1.83722
-23.3029 -0.0457167 -1.84616
-23.3504 -0.187245 -1.86489
-23.4023 -0.325705 -1.88378
-23.458 -0.495054 -1.88571
-23.5078 -0.636261 -1.89302
-23.5359 -0.739116 -1.88315
-23.5963 -0.880126 -1.90797
-23.6455 -1.01768 -1.90142
-23.6996 -1.14542 -1.91635
-23.7263 -1.24153 -1.8957
-23.7658 -1.41193 -1.85482
-23.7869 -1.55288 -1.80009
-23.7899 -1.72041 -1.71577
-23.7849 -1.85364 -1.64276
-23.7575 -2.04616 -1.53953
-23.7281 -2.17232 -1.47373
-23.69 -2.29226 -1.40827
-23.6433 -2.41672 -1.33864
-23.5782 -2.56009 -1.2562
-23.5114 -2.66687 -1.17296
-23.4386 -2.8007 -1.10336
-23.3754 -2.87113 -1.03365
-23.3006 -2.95894 -0.977285
-23.1917 -3.06759 -0.883837
-23.1021 -3.13476 -0.809829
-23.0071 -3.19771 -0.739176
-22.8997 -3.25989 -0.673609
-22.8033 -3.30884 -0.610554
-22.698 -3.35987 -0.560578
-22.5735 -3.42759 -0.53197
-22.4792 -3.47691 -0.50542
-22.4013 -3.52635 -0.509891
-22.3331 -3.57078 -0.515677
-22.2132 -3.62631 -0.483921
-22.1143 -3.67283 -0.47131
-21.9878 -3.71877 -0.426355
-21.8837 -3.7493 -0.389213
-21.7659 -3.79343 -0.378256
-21.6885 -3.81343 -0.353316
-21.5951 -3.83865 -0.327573
-21.4862 -3.88126 -0.316059
-21.3888 -3.90086 -0.283026
-21.2774 -3.91907 -0.24818
-21.1837 -3.9378 -0.228485
-21.1118 -3.94824 -0.206238
-20.9921 -3.96409 -0.17168
-20.8851 -3.9791 -0.164267
-20.7753 -3.99884 -0.157231
-20.6758 -4.01839 -0.164945
-20.5688 -4.04402 -0.175177
-20.4588 -4.0677 -0.1758
-20.3211 -4.10432 -0.203696
-20.21 -4.13906 -0.233698
-20.1272 -4.16283 -0.244894
-19.9813 -4.22764 -0.303406
-19.8634 -4.28033 -0.340749
-19.7341 -4.34724 -0.385922
-19.614 -4.41698 -0.432404
-19.4674 -4.50199 -0.474022
-19.3492 -4.59681 -0.539874
-19.225 -4.69751 -0.585718
-19.1225 -4.79515 -0.633691
-19.0104 -4.89671 -0.663651
-18.9018 -4.99812 -0.699817
-18.7978 -5.09536 -0.717105
-18.6572 -5.22777 -0.733583
-18.5414 -5.33642 -0.73291
-18.403 -5.45998 -0.72955
-18.2946 -5.54707 -0.718406
-18.1432 -5.66712 -0.702225
-18.0204 -5.75503 -0.675604
-17.8813 -5.84273 -0.628013
-17.7493 -5.91182 -0.57798
-17.5565 -5.98912 -0.481231
-17.3887 -6.05576 -0.434935
-17.271 -6.10309 -0.408743
-17.166 -6.14242 -0.393707
-17.0156 -6.2085 -0.397557
-16.882 -6.26351 -0.395994
-16.7158 -6.34796 -0.413566
-16.5988 -6.40302 -0.423972
-16.4316 -6.48277 -0.423045
-16.3101 -6.54258 -0.425564
-16.1438 -6.61786 -0.415701
-16.031 -6.66823 -0.411935
-15.8932 -6.72253 -0.380866
-15.7337 -6.77407 -0.35102
-15.5872 -6.81822 -0.322327
-15.4469 -6.86299 -0.308761
-15.2962 -6.91795 -0.295872
-15.1715 -6.95255 -0.276536
-14.9792 -7.02074 -0.28219
-14.8801 -7.04343 -0.263835
-14.7872 -7.06993 -0.264771
-14.59 -7.10054 -0.215084
-14.4201 -7.13656 -0.203368
-14.2879 -7.1494 -0.176539
-14.1657 -7.16544 -0.163099
-14.0218 -7.16947 -0.120898
-13.8893 -7.17462 -0.0930465
-13.7255 -7.17812 -0.0542473
-13.6006 -7.17446 -0.0242531
-13.4276 -7.16423 0.0197504
-13.2918 -7.14636 0.057548
-13.2024 -7.12738 0.0856782
-13.0509 -7.09952 0.124309
-12.9262 -7.06358 0.180066
-12.7687 -7.01787 0.234005
-12.6558 -6.96363 0.298372
-12.5502 -6.92081 0.331001
-12.4089 -6.84715 0.398336
-12.3055 -6.78269 0.450205
-12.2082 -6.71536 0.50539
-12.1225 -6.63463 0.581605
-12.0405 -6.56023 0.637744
-11.9334 -6.43358 0.736579
-11.8906 -6.3662 0.791664
-11.8354 -6.2683 0.866519
-11.781 -6.18826 0.910168
-11.7323 -6.09457 0.968644
-11.6852 -5.98363 1.03454
-11.6317 -5.87703 1.06544
-11.5752 -5.73783 1.12238
-11.5212 -5.62454 1.13976
-11.4733 -5.51325 1.15585
-11.4251 -5.37581 1.18553
-11.3795 -5.28619 1.17707
-11.3266 -5.14177 1.20341
-11.2817 -5.02381 1.20881
-11.2346 -4.86794 1.25391
-11.1997 -4.75121 1.27393
-11.1524 -4.58575 1.30187
-11.1224 -4.4673 1.31535
-11.0977 -4.37917 1.31995
-11.0635 -4.21522 1.35112
-11.0337 -4.08251 1.3575
-11.0157 -3.98443 1.36999
-10.9993 -3.8904 1.37849
-10.984 -3.79919 1.38249
-10.9588 -3.62728 1.40114
-10.94 -3.50681 1.40886
-10.9264 -3.41281 1.41299
-10.9101 -3.32205 1.42058
-10.8944 -3.20447 1.42602
-10.8822 -3.07197 1.4413
-10.8726 -2.92303 1.46487
-10.8653 -2.78378 1.48854
-10.8539 -2.65932 1.49538
-10.8463 -2.5095 1.50816
-10.8383 -2.39119 1.5119
-10.8387 -2.28479 1.52385
-10.8366 -2.16979 1.5321
-10.8303 -2.0491 1.52954
-10.8289 -1.91545 1.5476
-10.8286 -1.79645 1.56037
-10.8308 -1.66263 1.58477
-10.8395 -1.54714 1.60025
-10.8416 -1.42872 1.60258
-10.8505 -1.34994 1.62487
-10.8628 -1.2502 1.64615
-10.8798 -1.14039 1.67043
-10.9322 -1.02177 1.76298
-10.9859 -0.92339 1.85101
-11.0766 -0.822919 1.99271
-11.1642 -0.758758 2.13501
-11.2335 -0.72228 2.23635
-11.3569 -0.668351 2.40968
-11.4534 -0.645449 2.53443
-11.5884 -0.645616 2.72047
-11.6864 -0.646111 2.84358
-11.7815 -0.648116 2.95859
-11.9022 -0.663088 3.07507
-12.0172 -0.673157 -3.1197
-12.1174 -0.683589 -3.09027
-12.2423 -0.673794 -3.11607
-12.3515 -0.669307 -3.12805
-12.505 -0.65754 3.11456
-12.6411 -0.640621 3.07805
-12.7556 -0.632904 3.05587
-12.8427 -0.612269 3.02895
-12.9791 -0.581061 2.99924
-13.0936 -0.560381 2.98165
-13.2336 -0.511779 2.934
-13.3509 -0.47953 2.91506
-13.4948 -0.432502 2.88516
-13.5992 -0.391997 2.8655
-13.7811 -0.325259 2.82652
-13.892 -0.275231 2.7969
-13.9992 -0.222699 2.77514
-14.1167 -0.16768 2.75783
-14.2298 -0.0999595 2.72317
-14.3779 -0.0217892 2.69856
-14.4824 0.048821 2.66908
-14.6323 0.120009 2.67496
-14.7456 0.191678 2.65385
-14.8941 0.278909 2.63804
-14.9792 0.334666 2.61693
-15.0968 0.41431 2.59831
-15.2722 0.521532 2.57915
-15.4436 0.637063 2.56407
-15.5775 0.739033 2.54032
-15.7038 0.808981 2.5668
-15.7859 0.863567 2.569
-15.9327 0.953553 2.59165
-16.0515 1.01634 2.60949
-16.1944 1.09608 2.63482
-16.3148 1.15698 2.6523
-16.4343 1.22309 2.66286
-16.5601 1.27782 2.69234
-16.6486 1.32804 2.68937
-16.7797 1.38412 2.72062
-16.9364 1.45613 2.72489
-17.069 1.51171 2.7341
-17.2311 1.58066 2.72697
-17.3601 1.62601 2.74495
-17.524 1.69149 2.74474
-17.6608 1.74146 2.75781
-17.8209 1.8135 2.74864
-17.9555 1.86354 2.76111
-18.1162 1.93981 2.74776
-18.2487 1.99759 2.75416
-18.3969 2.06319 2.75183
-18.5337 2.11132 2.77485
-18.6343 2.14923 2.77638
-18.7334 2.19676 2.76927
-18.8549 2.24884 2.77721
-18.9819 2.30697 2.76745
-19.0785 2.33955 2.78222
-19.2057 2.39105 2.78774
-19.3714 2.45703 2.79279
-19.4963 2.50286 2.79634
-19.6549 2.55458 2.81013
-19.7862 2.59533 2.82138
-19.9828 2.66358 2.82662
-20.1036 2.70558 2.8304
-20.2327 2.74496 2.84275
-20.3615 2.77631 2.86106
-20.5168 2.81772 2.88537
-20.6488 2.84212 2.91585
-20.8119 2.85859 2.97241
-20.9465 2.86526 3.02537
-21.0959 2.84659 3.11144
-21.2082 2.84225 -3.14088
-21.3108 2.83423 -3.113
-21.4075 2.826 -3.09475
-21.5526 2.84378 3.13354
-21.6533 2.86325 3.08352
-21.8236 2.94676 2.91094
-21.9554 3.04399 2.74788
-22.0863 3.19325 2.53633
-22.1465 3.33303 2.34169
-22.1909 3.52416 2.06818
-22.1675 3.67626 1.83858
-22.0891 3.83966 1.51952
-21.984 3.94169 1.24037
-21.7704 4.01226 0.80075
-21.6035 4.00991 0.445991
-21.4759 3.97406 0.187066
-21.3635 3.90959 -0.0526719
-21.2624 3.82086 -0.249853
-21.1819 3.74799 -0.384752
-21.0751 3.67935 -0.461739
-20.9804 3.65975 -0.440246
-20.8849 3.63868 -0.406353
-20.7957 3.61511 -0.3801
-20.7035 3.59507 -0.344117
-20.5966 3.57941 -0.300813
-20.5013 3.5422 -0.302349
-20.3937 3.50722 -0.293376
-20.3048 3.47074 -0.300757
-20.2101 3.48147 -0.183188
-20.1147 3.40741 -0.275905
-20.0238 3.38107 -0.25879
-19.9049 3.34819 -0.264558
-19.8432 3.32545 -0.273624
-19.7147 3.28166 -0.286607
-19.6129 3.24064 -0.318774
-19.5025 3.19993 -0.322464
-19.3627 3.15179 -0.328925
-19.2198 3.08669 -0.354713
-19.1018 3.04692 -0.344671
-18.993 2.99126 -0.364725
-18.8699 2.95121 -0.347592
-18.7477 2.90222 -0.357863
-18.6242 2.84648 -0.364832
-18.4586 2.78435 -0.366242
-18.333 2.73231 -0.366151
-18.1742 2.68018 -0.339685
-18.053 2.63238 -0.338578
-17.8904 2.58264 -0.318828
-17.7667 2.54578 -0.30775
-17.6114 2.50649 -0.281687
-17.4883 2.46148 -0.288535
-17.3964 2.4399 -0.274248
-17.2575 2.39849 -0.277054
-17.1392 2.3675 -0.265903
-16.9986 2.33669 -0.248094
-16.9004 2.3087 -0.250751
-16.7709 2.2814 -0.236401
-16.6786 2.25506 -0.240514
-16.5533 2.22401 -0.232125
-16.4708 2.20559 -0.218815
-16.36 2.17444 -0.224225
-16.2729 2.15277 -0.221507
-16.1648 2.13555 -0.210551
-16.0897 2.11985 -0.214198
-16.0319 2.10395 -0.217718
-15.9236 2.0809 -0.20728
-15.8459 2.05951 -0.199755
-15.7965 2.04301 -0.203461
-15.7339 2.01704 -0.205099
-15.6641 1.9997 -0.202748
-15.6207 1.98813 -0.200549
-15.5734 1.97295 -0.200299
-15.5245 1.95994 -0.201812
-15.4751 1.94744 -0.204159
-15.432 1.9385 -0.204459
-15.3803 1.92392 -0.200461
-15.3428 1.9154 -0.197287
-15.3111 1.9043 -0.194169
-15.2758 1.9033 -0.195237
-15.2429 1.89919 -0.194734
-15.2074 1.8932 -0.196747
-15.1701 1.88394 -0.199596
-15.1328 1.87293 -0.204081
-15.0803 1.86341 -0.207875
-15.0259 1.84986 -0.211711
-14.9593 1.83362 -0.213716
-14.8753 1.81093 -0.216938
-14.7981 1.79078 -0.219738
-14.7057 1.77782 -0.206655
-14.6172 1.76173 -0.195638
-14.5013 1.73282 -0.19923
-14.4049 1.7198 -0.176383
-14.2831 1.71026 -0.144653
-14.1794 1.70335 -0.123424
-14.0985 1.70208 -0.0963263
-13.9738 1.70532 -0.0652406
-13.8594 1.7037 -0.0557479
-13.7205 1.69029 -0.0755725
-13.635 1.66643 -0.112939
-13.5171 1.62761 -0.179482
-13.3844 1.57201 -0.249557
-13.2686 1.51456 -0.316245
-13.122 1.44869 -0.357307
-13.0106 1.38552 -0.39059
-12.8702 1.31503 -0.388461
-12.7594 1.26205 -0.398342
-12.6134 1.1803 -0.417664
-12.5337 1.13977 -0.419707
-12.4195 1.06079 -0.453781
-12.2664 0.981112 -0.464748
-12.1452 0.90039 -0.48931
-11.9986 0.817016 -0.482215
-11.8798 0.749485 -0.488222
-11.7122 0.675079 -0.448541
-11.5838 0.613477 -0.446698
-11.4247 0.553109 -0.410839
-11.2916 0.496502 -0.405424
-11.1229 0.447545 -0.364352
-10.99 0.389671 -0.369806
-10.8231 0.329498 -0.357084
-10.6936 0.273728 -0.376728
-10.5591 0.225832 -0.369421
-10.4258 0.15489 -0.412604
-10.3267 0.11114 -0.416082
-10.2019 0.0510473 -0.427498
-10.0922 -0.00726999 -0.430914
-9.94799 -0.0726366 -0.418303
-9.8253 -0.133845 -0.43009
-9.64648 -0.20834 -0.409705
-9.54898 -0.255923 -0.410936
-9.33578 -0.328576 -0.369093
-9.18501 -0.38967 -0.365856
-9.05877 -0.436292 -0.358035
-8.98219 -0.469581 -0.363407
-8.82991 -0.505745 -0.327848
-8.71494 -0.547218 -0.338379
-8.57144 -0.585582 -0.319375
-8.46724 -0.622225 -0.32582
-8.32674 -0.667908 -0.318615
-8.25042 -0.690485 -0.312213
-8.15293 -0.727491 -0.321634
-8.00818 -0.776548 -0.318561
-7.89493 -0.815001 -0.325262
-7.80836 -0.849207 -0.33427
-7.69889 -0.883754 -0.319576
-7.64026 -0.906489 -0.322146
-7.56086 -0.940891 -0.336911
-7.44799 -0.997625 -0.370472
-7.36418 -1.04405 -0.405234
-7.29341 -1.09215 -0.447158
-7.22038 -1.13429 -0.474671
-7.14072 -1.17879 -0.497522
-7.06168 -1.23095 -0.517878
-6.98173 -1.29847 -0.552499
-6.90913 -1.34981 -0.565716
-6.79966 -1.432 -0.587409
-6.71192 -1.4985 -0.605459
-6.59148 -1.5765 -0.595852
-6.49704 -1.64342 -0.601111
-6.38569 -1.72723 -0.609119
-6.28674 -1.79287 -0.604064
-6.19334 -1.85515 -0.597998
-6.09326 -1.90671 -0.552618
-5.98165 -1.96131 -0.512916
-5.82535 -2.03874 -0.47329
-5.68398 -2.11304 -0.471083
-5.57965 -2.17665 -0.48858
-5.49612 -2.22334 -0.493635
-5.37976 -2.29169 -0.506674
-5.27564 -2.34999 -0.50716
-5.1627 -2.40891 -0.502021
-4.9974 -2.49826 -0.488299
-4.84724 -2.57765 -0.476033
-4.73172 -2.63035 -0.46515
-4.57792 -2.70364 -0.464611
-4.45935 -2.76044 -0.457396
-4.30174 -2.82698 -0.440624
-4.17697 -2.88657 -0.443355
-4.04642 -2.94518 -0.443716
-3.89155 -3.02183 -0.443027
-3.6897 -3.10065 -0.406175
-3.55187 -3.14935 -0.373777
-3.38091 -3.18878 -0.325988
-3.26982 -3.20705 -0.279755
-3.12363 -3.21932 -0.214652
-3.01121 -3.23711 -0.18738
-2.89373 -3.23835 -0.135759
-2.70992 -3.23101 -0.0611066
-2.56064 -3.19787 0.0284447
-2.37619 -3.14771 0.13836
-2.23315 -3.09088 0.231284
-2.10283 -3.01199 0.343162
-1.95239 -2.90086 0.47918
-1.84059 -2.80157 0.565952
-1.69919 -2.6684 0.654066
-1.6 -2.56378 0.713764
-1.53318 -2.47753 0.763931
-1.4458 -2.36218 0.843294
-1.368 -2.22949 0.921155
-1.29433 -2.10323 0.981033
-1.22646 -1.93792 1.0573
-1.16398 -1.80629 1.09394
-1.08476 -1.63488 1.11592
-1.02097 -1.49768 1.12829
-0.984917 -1.39727 1.14523
-0.91487 -1.1948 1.19682
-0.860396 -1.01301 1.23233
-0.838509 -0.884625 1.27284
-0.800995 -0.746988 1.28382
-0.768559 -0.637672 1.29082
-0.720769 -0.467286 1.29417
-0.681505 -0.342845 1.2873
-0.635705 -0.174501 1.29726
-0.616112 -0.0395155 1.34209
-0.626533 0.118372 1.45345
-0.660295 0.234088 1.58437
-0.740967 0.349552 1.79025
-0.82953 0.418863 1.99061
-0.931863 0.47102 2.20132
-1.03594 0.485043 2.412
-1.13539 0.46249 2.6052
-1.23112 0.416891 2.86096
-1.29585 0.365446 3.06292
-1.35067 0.3042 -3.01222
-1.40265 0.170996 -2.67613
-1.42614 0.0572635 -2.42909
-1.4271 -0.0472008 -2.20067
-1.39069 -0.156718 -1.99267
-1.35315 -0.24661 -1.78512
-1.25942 -0.365756 -1.52453
-1.18667 -0.436026 -1.3194
-1.07358 -0.510528 -1.06944
-0.982841 -0.549667 -0.88442
-0.86122 -0.594018 -0.676137
-0.747541 -0.613605 -0.528511
-0.58205 -0.625777 -0.343409
-0.468781 -0.623333 -0.237827
-0.358501 -0.62102 -0.162327
-0.252249 -0.604328 -0.0757833
-0.140339 -0.566961 0.0312335
-0.0362956 -0.526569 0.114318
0.0420548 -0.490035 0.18861
0.140765 -0.43452 0.27962
0.248609 -0.357116 0.398253
0.335213 -0.289174 0.473968
0.42633 -0.203635 0.562025
0.487255 -0.137061 0.631435
0.573078 -0.062822 0.665116
0.611018 -0.0277076 0.675499
0.654963 0.00843076 0.679891
0.694125 0.0402428 0.67115
0.723836 0.0631947 0.668323
0.741814 0.0776095 0.668957
0.74252 0.0766787 0.66712
0.738368 0.0739491 0.666385
0.735179 0.0728351 0.669046
0.737247 0.0760944 0.668508
0.73722 0.0755625 0.667795
0.736757 0.0753453 0.66796
0.736583 0.0750523 0.667752
0.73598 0.0745795 0.667727
0.736112 0.074685 0.667726
0.73593 0.0746006 0.667857
0.735745 0.0744321 0.667806
0.735542 0.0742313 0.667713
0.735159 0.0740669 0.668016
0.735084 0.0738633 0.667694
0.734686 0.0735899 0.667781
0.734576 0.0735014 0.667778
0.734572 0.0734982 0.667778
0.734124 0.0731419 0.667768
0.734125 0.073143 0.667768
0.733968 0.0730179 0.667766
0.733928 0.072986 0.667764
0.733524 0.0726648 0.667754
0.733513 0.0726489 0.667739
0.733496 0.0726424 0.667755
0.733381 0.0725129 0.667664
0.732926 0.0721899 0.66774
0.732739 0.0720396 0.667737
0.732567 0.0719032 0.667733
0.732421 0.0717437 0.66763
0.732496 0.0718468 0.667732
0.732164 0.0715821 0.667723
0.732114 0.0715433 0.667724
0.731839 0.0713243 0.667717
0.731672 0.0711356 0.667586
0.731566 0.0711075 0.66771
0.731334 0.0709224 0.667706
0.731032 0.0707164 0.667774
0.730695 0.0704138 0.66769
0.730506 0.0702645 0.667688
0.730105 0.0699449 0.667677
0.729876 0.0698274 0.667814
0.729635 0.0695716 0.667668
0.72949 0.0694375 0.667624
0.729334 0.0693325 0.667659
0.72909 0.0691376 0.667654
0.728777 0.0688884 0.667647
0.728562 0.068718 0.667642
0.728559 0.0686989 0.667605
0.728303 0.068671 0.667996
0.728963 0.0685595 0.666566
0.73478 0.0665825 0.651808
0.749287 0.057805 0.606911
0.772892 0.0421693 0.53241
0.817395 0.00867 0.389655
0.865749 -0.0388786 0.21615
0.915951 -0.103812 0.012437
0.938261 -0.139428 -0.0882119
0.95119 -0.163867 -0.154001
0.957134 -0.173333 -0.178091
0.942904 -0.180954 -0.179839
0.953128 -0.16374 -0.152743
0.948424 -0.157426 -0.136744
0.944812 -0.153746 -0.127618
0.938969 -0.147045 -0.110437
0.931777 -0.137052 -0.0837176
0.928345 -0.130011 -0.0641256
0.927065 -0.127475 -0.0570219
0.926897 -0.12884 -0.0610228
0.926871 -0.129539 -0.0630604
0.92609 -0.128905 -0.0613678
0.92549 -0.127876 -0.058485
0.924755 -0.127075 -0.0562834
0.924853 -0.127366 -0.0571159
0.924719 -0.127568 -0.0577349
0.924453 -0.127546 -0.0577187
0.924277 -0.127438 -0.057436
0.924585 -0.127945 -0.0588654
0.924479 -0.128572 -0.0607248
0.924201 -0.128875 -0.0616669
0.923783 -0.128754 -0.0613964
0.923844 -0.128833 -0.0616144
0.923783 -0.128816 -0.0615769
0.923895 -0.128805 -0.0615249
0.924002 -0.128882 -0.0617284
0.923323 -0.128632 -0.0611262
0.923204 -0.1288 -0.0616482
0.923787 -0.129021 -0.0621815
0.923312 -0.129214 -0.0628474
0.922917 -0.129197 -0.062878
0.921843 -0.129045 -0.0626485
0.921617 -0.129098 -0.0628504
0.92149 -0.12909 -0.0628541
0.92116 -0.129066 -0.0628515
0.921302 -0.129121 -0.0629843
0.921269 -0.129051 -0.0627846
0.921396 -0.129086 -0.0628603
0.921455 -0.129119 -0.0629469
0.921367 -0.129133 -0.0630069
0.921243 -0.129108 -0.0629577
0.921177 -0.129105 -0.062962
0.920584 -0.129077 -0.0630011
0.921038 -0.129098 -0.0629711
0.921092 -0.129101 -0.0629677
0.920812 -0.129087 -0.062986
0.920568 -0.129108 -0.0630954
0.920458 -0.129071 -0.0630095
0.920697 -0.129082 -0.0629936
0.92079 -0.129061 -0.0629115
0.92057 -0.129076 -0.063002
0.920591 -0.129072 -0.0629846
0.920414 -0.129069 -0.0630123
0.920138 -0.129132 -0.0632574
0.919786 -0.129037 -0.0630485
0.919599 -0.129044 -0.0631061
0.919262 -0.129014 -0.0630886
0.919495 -0.129092 -0.0632716
0.919358 -0.129059 -0.0631997
0.919099 -0.129036 -0.0631864
