1531728890539171 2.13774e+06 2.07545e+06
1531728890639611 2.13774e+06 2.07545e+06
1531728890773275 2.13774e+06 2.07545e+06
1531728890873749 2.13773e+06 2.07545e+06
1531728891007890 2.13773e+06 2.07545e+06
1531728891141991 2.13773e+06 2.07545e+06
1531728891242431 2.13773e+06 2.07544e+06
1531728891375946 2.13773e+06 2.07545e+06
1531728891476897 2.13773e+06 2.07545e+06
1531728891610152 2.13773e+06 2.07545e+06
1531728891743288 2.13773e+06 2.07545e+06
1531728891843122 2.13773e+06 2.07545e+06
1531728891976208 2.13773e+06 2.07545e+06
1531728892109328 2.13773e+06 2.07545e+06
1531728892209219 2.13773e+06 2.07545e+06
1531728892342491 2.13773e+06 2.07544e+06
1531728892442487 2.13773e+06 2.07544e+06
1531728892575594 2.13773e+06 2.07544e+06
1531728892708811 2.13773e+06 2.07544e+06
1531728892808727 2.13773e+06 2.07544e+06
1531728892941967 2.13773e+06 2.07544e+06
1531728893075156 2.13779e+06 2.07547e+06
1531728893175040 2.13796e+06 2.07559e+06
1531728893308147 2.13869e+06 2.07612e+06
1531728893441303 2.13997e+06 2.07716e+06
1531728893541131 2.14111e+06 2.0782e+06
1531728893674401 2.14271e+06 2.07976e+06
1531728893774297 2.14408e+06 2.08104e+06
1531728893907580 2.14615e+06 2.08295e+06
1531728894040714 2.14837e+06 2.08516e+06
1531728894140547 2.15011e+06 2.08703e+06
1531728894273772 2.15261e+06 2.08979e+06
1531728894373775 2.15458e+06 2.09197e+06
1531728894507097 2.15723e+06 2.09486e+06
1531728894640220 2.15997e+06 2.09776e+06
1531728894740094 2.16226e+06 2.10001e+06
1531728894873420 2.16557e+06 2.10311e+06
1531728895006695 2.16878e+06 2.10624e+06
1531728895106413 2.17125e+06 2.10864e+06
1531728895239595 2.17457e+06 2.11192e+06
1531728895339300 2.17709e+06 2.11448e+06
1531728895472545 2.18067e+06 2.11808e+06
1531728895605865 2.18418e+06 2.12169e+06
1531728895705822 2.1868e+06 2.12439e+06
1531728895838939 2.19052e+06 2.12803e+06
1531728895972107 2.19423e+06 2.1317e+06
1531728896072013 2.19711e+06 2.13453e+06
1531728896205245 2.20084e+06 2.13829e+06
1531728896338333 2.20449e+06 2.14209e+06
1531728896438191 2.20732e+06 2.14502e+06
1531728896571411 2.21103e+06 2.14903e+06
1531728896704459 2.21493e+06 2.15317e+06
1531728896804491 2.21782e+06 2.15624e+06
1531728896937645 2.22177e+06 2.1603e+06
1531728897037624 2.22486e+06 2.1633e+06
1531728897170934 2.22888e+06 2.16735e+06
1531728897304106 2.23302e+06 2.17145e+06
1531728897403962 2.23598e+06 2.17452e+06
1531728897537070 2.24003e+06 2.17856e+06
1531728897670295 2.24405e+06 2.18255e+06
1531728897770139 2.24716e+06 2.18563e+06
1531728897903453 2.25146e+06 2.18974e+06
1531728898003329 2.25456e+06 2.19277e+06
1531728898136410 2.25871e+06 2.19674e+06
1531728898269546 2.26277e+06 2.20077e+06
1531728898369518 2.26599e+06 2.20395e+06
1531728898502761 2.27014e+06 2.20814e+06
1531728898635836 2.27432e+06 2.21223e+06
1531728898735805 2.27744e+06 2.21526e+06
1531728898868893 2.28171e+06 2.2194e+06
1531728898968895 2.28495e+06 2.22254e+06
1531728899102032 2.28899e+06 2.22661e+06
1531728899235203 2.29313e+06 2.2307e+06
1531728899335078 2.29618e+06 2.23384e+06
1531728899468199 2.30047e+06 2.23817e+06
1531728899601438 2.30465e+06 2.2425e+06
1531728899701264 2.30786e+06 2.24576e+06
1531728899834576 2.31214e+06 2.25006e+06
1531728899967820 2.3164e+06 2.25434e+06
1531728900067965 2.31959e+06 2.25755e+06
1531728900200846 2.32383e+06 2.26188e+06
1531728900334077 2.32822e+06 2.26627e+06
1531728900434015 2.33152e+06 2.26964e+06
1531728900567154 2.3361e+06 2.27424e+06
1531728900700261 2.34053e+06 2.27879e+06
1531728900800031 2.34391e+06 2.28214e+06
1531728900933166 2.34835e+06 2.28657e+06
1531728901033044 2.35189e+06 2.28996e+06
1531728901166245 2.35641e+06 2.29444e+06
1531728901266146 2.35988e+06 2.29782e+06
1531728901432713 2.36542e+06 2.30335e+06
1531728901532599 2.36896e+06 2.30671e+06
1531728901665743 2.37361e+06 2.31112e+06
1531728901765630 2.37714e+06 2.3144e+06
1531728901898957 2.38158e+06 2.31874e+06
1531728901998725 2.38502e+06 2.32212e+06
1531728902132040 2.38952e+06 2.32672e+06
1531728902265271 2.3941e+06 2.3312e+06
1531728902365178 2.39744e+06 2.3345e+06
1531728902465075 2.40088e+06 2.33786e+06
1531728902598244 2.40538e+06 2.34236e+06
1531728902698082 2.40862e+06 2.34567e+06
1531728902831281 2.41298e+06 2.35008e+06
1531728902931195 2.41617e+06 2.35344e+06
1531728903064582 2.42056e+06 2.35805e+06
1531728903198071 2.42469e+06 2.36246e+06
1531728903298053 2.42788e+06 2.36567e+06
1531728903431159 2.43213e+06 2.36988e+06
1531728903564551 2.43654e+06 2.37413e+06
1531728903664484 2.43967e+06 2.37727e+06
1531728903797825 2.44391e+06 2.38148e+06
1531728903897670 2.44708e+06 2.38472e+06
1531728904030817 2.4513e+06 2.38922e+06
1531728904164031 2.45553e+06 2.39378e+06
1531728904263903 2.45863e+06 2.39718e+06
1531728904397075 2.46296e+06 2.40161e+06
1531728904530297 2.46726e+06 2.40609e+06
1531728904630163 2.47059e+06 2.40946e+06
1531728904763305 2.47482e+06 2.41384e+06
1531728904863324 2.4781e+06 2.41709e+06
1531728904996596 2.48242e+06 2.42134e+06
1531728905129683 2.48687e+06 2.42557e+06
1531728905229545 2.49023e+06 2.4287e+06
1531728905362720 2.49486e+06 2.43284e+06
1531728905462519 2.49837e+06 2.43588e+06
1531728905595854 2.50301e+06 2.44006e+06
1531728905729001 2.50753e+06 2.44443e+06
1531728905828997 2.51087e+06 2.4478e+06
1531728905962023 2.51526e+06 2.45224e+06
1531728906095291 2.51959e+06 2.45666e+06
1531728906195163 2.52291e+06 2.45997e+06
1531728906328356 2.52735e+06 2.46429e+06
1531728906461438 2.5318e+06 2.46848e+06
1531728906561488 2.53502e+06 2.47166e+06
1531728906694710 2.53947e+06 2.47611e+06
1531728906794515 2.54264e+06 2.47947e+06
1531728906927568 2.5469e+06 2.48383e+06
1531728907027499 2.55003e+06 2.48703e+06
1531728907160730 2.55447e+06 2.49134e+06
1531728907260656 2.5578e+06 2.49458e+06
1531728907393828 2.56205e+06 2.4988e+06
1531728907526866 2.56629e+06 2.50305e+06
1531728907660045 2.5706e+06 2.50745e+06
1531728907759871 2.57389e+06 2.5108e+06
1531728907893182 2.57815e+06 2.51511e+06
1531728907993001 2.58152e+06 2.51832e+06
1531728908126173 2.58606e+06 2.52252e+06
1531728908259536 2.59074e+06 2.52674e+06
1531728908359483 2.59398e+06 2.52987e+06
1531728908492739 2.59835e+06 2.53419e+06
1531728908626014 2.60252e+06 2.53864e+06
1531728908725879 2.60574e+06 2.54197e+06
1531728908858990 2.60985e+06 2.5463e+06
1531728908958791 2.61298e+06 2.54944e+06
1531728909091981 2.61699e+06 2.55351e+06
1531728909225111 2.62058e+06 2.55749e+06
1531728909324998 2.6231e+06 2.5605e+06
1531728909458268 2.6261e+06 2.56454e+06
1531728909558135 2.6281e+06 2.56752e+06
1531728909691433 2.63062e+06 2.57135e+06
1531728909824640 2.63297e+06 2.57511e+06
1531728909924517 2.63461e+06 2.57792e+06
1531728910057528 2.63671e+06 2.58156e+06
1531728910190821 2.63877e+06 2.58514e+06
1531728910290711 2.64024e+06 2.58785e+06
1531728910423956 2.64195e+06 2.59163e+06
1531728910523918 2.64311e+06 2.59457e+06
1531728910657014 2.64455e+06 2.59839e+06
1531728910790112 2.64599e+06 2.60211e+06
1531728910890048 2.64709e+06 2.60484e+06
1531728911023290 2.64851e+06 2.60842e+06
1531728911156466 2.64986e+06 2.61207e+06
1531728911256417 2.65085e+06 2.61486e+06
1531728911389479 2.65219e+06 2.61863e+06
1531728911489434 2.65326e+06 2.62143e+06
1531728911622726 2.65485e+06 2.62512e+06
1531728911755975 2.65671e+06 2.62882e+06
1531728911855825 2.65824e+06 2.63149e+06
1531728911989051 2.66039e+06 2.63496e+06
1531728912122203 2.66277e+06 2.6385e+06
1531728912222020 2.66478e+06 2.64125e+06
1531728912355218 2.6676e+06 2.64503e+06
1531728912488286 2.67058e+06 2.64874e+06
1531728912588151 2.67315e+06 2.65153e+06
1531728912721357 2.67674e+06 2.65528e+06
1531728912821300 2.67943e+06 2.65806e+06
1531728912954480 2.68328e+06 2.66188e+06
1531728913087690 2.68711e+06 2.66574e+06
1531728913187665 2.69014e+06 2.66872e+06
1531728913320928 2.69402e+06 2.67263e+06
1531728913454180 2.69792e+06 2.67651e+06
1531728913554008 2.70098e+06 2.67949e+06
1531728913686950 2.70504e+06 2.68341e+06
1531728913820117 2.70925e+06 2.68728e+06
1531728913920027 2.71222e+06 2.69014e+06
1531728914053254 2.71627e+06 2.694e+06
1531728914186501 2.7203e+06 2.69798e+06
1531728914286394 2.72335e+06 2.70084e+06
1531728914419621 2.72745e+06 2.70458e+06
1531728914519587 2.73047e+06 2.70742e+06
1531728914652724 2.73464e+06 2.71125e+06
1531728914785971 2.73879e+06 2.71524e+06
1531728914885941 2.74208e+06 2.71824e+06
1531728915019089 2.7464e+06 2.72234e+06
1531728915152268 2.75079e+06 2.72641e+06
1531728915252218 2.75398e+06 2.72945e+06
1531728915385449 2.75848e+06 2.7336e+06
1531728915518558 2.76283e+06 2.7377e+06
1531728915618393 2.76606e+06 2.74082e+06
1531728915751384 2.77022e+06 2.74501e+06
1531728915851199 2.7733e+06 2.74828e+06
1531728915984506 2.77761e+06 2.75271e+06
1531728916117712 2.78172e+06 2.7571e+06
1531728916217679 2.78491e+06 2.76031e+06
1531728916350883 2.78915e+06 2.7646e+06
1531728916484069 2.79369e+06 2.76877e+06
1531728916584053 2.79693e+06 2.77186e+06
1531728916717152 2.80123e+06 2.77602e+06
1531728916817049 2.80445e+06 2.77934e+06
1531728916950309 2.80885e+06 2.78392e+06
1531728917050216 2.81216e+06 2.78726e+06
1531728917183359 2.81641e+06 2.79163e+06
1531728917316486 2.82083e+06 2.79596e+06
1531728917449755 2.82529e+06 2.80039e+06
1531728917549600 2.82863e+06 2.80366e+06
1531728917682890 2.83285e+06 2.80801e+06
1531728917782711 2.83617e+06 2.81133e+06
1531728917915910 2.84048e+06 2.81578e+06
1531728918049127 2.84493e+06 2.82008e+06
1531728918149134 2.84814e+06 2.82325e+06
1531728918282593 2.85256e+06 2.82741e+06
1531728918416139 2.85689e+06 2.83166e+06
1531728918516085 2.86021e+06 2.83491e+06
1531728918649343 2.86455e+06 2.83937e+06
1531728918749256 2.8678e+06 2.84284e+06
1531728918882450 2.87223e+06 2.84746e+06
1531728919015702 2.87677e+06 2.85203e+06
1531728919115583 2.88034e+06 2.85534e+06
1531728919248713 2.88504e+06 2.85965e+06
1531728919381974 2.88961e+06 2.86397e+06
1531728919515034 2.89411e+06 2.86851e+06
1531728919615075 2.89746e+06 2.87197e+06
1531728919748280 2.90185e+06 2.87648e+06
1531728919848160 2.90529e+06 2.87975e+06
1531728919981212 2.90995e+06 2.88416e+06
1531728920114411 2.91477e+06 2.88849e+06
1531728920214359 2.91818e+06 2.89172e+06
1531728920347697 2.92279e+06 2.89603e+06
1531728920447676 2.92619e+06 2.89944e+06
1531728920580893 2.93078e+06 2.90396e+06
1531728920714078 2.9351e+06 2.90832e+06
1531728920813766 2.93844e+06 2.91156e+06
1531728920946944 2.9428e+06 2.91598e+06
1531728921080166 2.94724e+06 2.92048e+06
1531728921180199 2.95036e+06 2.92388e+06
1531728921313310 2.95453e+06 2.92852e+06
1531728921413323 2.95758e+06 2.93214e+06
1531728921546586 2.96154e+06 2.93702e+06
1531728921679857 2.96541e+06 2.94181e+06
1531728921779670 2.96811e+06 2.94525e+06
1531728921912868 2.97183e+06 2.94985e+06
1531728922046121 2.97531e+06 2.95448e+06
1531728922145870 2.97788e+06 2.95792e+06
1531728922279044 2.9813e+06 2.9624e+06
1531728922412241 2.98455e+06 2.96683e+06
1531728922512176 2.98712e+06 2.97019e+06
1531728922645196 2.99064e+06 2.9746e+06
1531728922745118 2.99322e+06 2.9778e+06
1531728922878311 2.99683e+06 2.98203e+06
1531728923011469 3.00048e+06 2.98654e+06
1531728923111291 3.00324e+06 2.98988e+06
1531728923244635 3.00711e+06 2.99428e+06
1531728923377964 3.01108e+06 2.99863e+06
1531728923477905 3.01425e+06 3.00194e+06
1531728923611021 3.01832e+06 3.00631e+06
1531728923710899 3.02147e+06 3.00961e+06
1531728923844007 3.02576e+06 3.01412e+06
1531728923977116 3.03016e+06 3.01886e+06
1531728924076917 3.0334e+06 3.02245e+06
1531728924210119 3.03772e+06 3.02716e+06
1531728924310006 3.04116e+06 3.03068e+06
1531728924443164 3.04568e+06 3.03542e+06
1531728924576238 3.05026e+06 3.04028e+06
1531728924676170 3.05355e+06 3.04404e+06
1531728924809552 3.05803e+06 3.04914e+06
1531728924942692 3.06242e+06 3.0543e+06
1531728925042574 3.06596e+06 3.0581e+06
1531728925175647 3.07063e+06 3.0631e+06
1531728925275503 3.07426e+06 3.06686e+06
1531728925408797 3.07904e+06 3.07208e+06
1531728925541864 3.08397e+06 3.07719e+06
1531728925641865 3.08752e+06 3.08092e+06
1531728925775140 3.09245e+06 3.08589e+06
1531728925908306 3.09743e+06 3.09094e+06
1531728926008288 3.10127e+06 3.09467e+06
1531728926141464 3.10618e+06 3.09955e+06
1531728926274670 3.11115e+06 3.10459e+06
1531728926374567 3.115e+06 3.10847e+06
1531728926507740 3.12007e+06 3.11365e+06
1531728926607614 3.12386e+06 3.1175e+06
1531728926740896 3.12885e+06 3.12269e+06
1531728926873958 3.13403e+06 3.12768e+06
1531728927007179 3.13895e+06 3.13251e+06
1531728927107091 3.14262e+06 3.1361e+06
1531728927240125 3.14739e+06 3.14101e+06
1531728927339937 3.15112e+06 3.14469e+06
1531728927473278 3.15554e+06 3.14934e+06
1531728927606555 3.15993e+06 3.15399e+06
1531728927706446 3.16303e+06 3.1575e+06
1531728927839478 3.16724e+06 3.16217e+06
1531728927972648 3.17112e+06 3.16684e+06
1531728928072654 3.17398e+06 3.17055e+06
1531728928205917 3.17775e+06 3.1758e+06
1531728928305773 3.18054e+06 3.1797e+06
1531728928439092 3.18444e+06 3.18474e+06
1531728928572362 3.18828e+06 3.18979e+06
1531728928672303 3.19126e+06 3.19353e+06
1531728928805438 3.19514e+06 3.19842e+06
1531728928938601 3.19894e+06 3.20335e+06
1531728929071533 3.20287e+06 3.20862e+06
1531728929171550 3.20574e+06 3.21259e+06
1531728929303819 3.20973e+06 3.21775e+06
1531728929436893 3.2139e+06 3.22303e+06
1531728929536238 3.2173e+06 3.22695e+06
1531728929667999 3.22173e+06 3.23195e+06
1531728929767401 3.22509e+06 3.23568e+06
1531728929900005 3.22967e+06 3.24084e+06
1531728930033047 3.23443e+06 3.2461e+06
1531728930132457 3.23797e+06 3.24995e+06
1531728930264690 3.24274e+06 3.25504e+06
1531728930397433 3.24761e+06 3.26017e+06
1531728930497428 3.2513e+06 3.2639e+06
1531728930630024 3.25599e+06 3.26882e+06
1531728930762275 3.26082e+06 3.27403e+06
1531728930862124 3.26443e+06 3.27802e+06
1531728930995302 3.26938e+06 3.28308e+06
1531728931095191 3.27311e+06 3.28677e+06
1531728931228420 3.27844e+06 3.29171e+06
1531728931361624 3.2837e+06 3.29648e+06
1531728931461552 3.28764e+06 3.3e+06
1531728931594878 3.29265e+06 3.3049e+06
1531728931694665 3.29653e+06 3.30877e+06
1531728931827786 3.30168e+06 3.31374e+06
1531728931961037 3.30678e+06 3.3186e+06
1531728932061015 3.31055e+06 3.3222e+06
1531728932194243 3.31549e+06 3.327e+06
1531728932327457 3.32059e+06 3.33155e+06
1531728932427845 3.32439e+06 3.33502e+06
1531728932528452 3.3283e+06 3.33852e+06
1531728932695648 3.33474e+06 3.34411e+06
1531728932796021 3.33872e+06 3.34724e+06
1531728932929641 3.34387e+06 3.35136e+06
1531728933030097 3.34774e+06 3.35435e+06
1531728933164505 3.35282e+06 3.35838e+06
1531728933298218 3.35786e+06 3.36248e+06
1531728933431689 3.3629e+06 3.3665e+06
1531728933531695 3.36658e+06 3.36942e+06
1531728933664934 3.37165e+06 3.37328e+06
1531728933764906 3.37533e+06 3.37625e+06
1531728933898058 3.38036e+06 3.38013e+06
1531728934031102 3.38524e+06 3.38397e+06
1531728934130925 3.38903e+06 3.38695e+06
1531728934264163 3.39384e+06 3.39102e+06
1531728934397406 3.39866e+06 3.39513e+06
1531728934497298 3.40222e+06 3.39821e+06
1531728934630581 3.40716e+06 3.4024e+06
1531728934763753 3.41194e+06 3.40664e+06
1531728934863631 3.41556e+06 3.40998e+06
1531728934996855 3.42041e+06 3.41453e+06
1531728935096701 3.4241e+06 3.41798e+06
1531728935230000 3.42885e+06 3.42255e+06
1531728935363160 3.43368e+06 3.4272e+06
1531728935463011 3.43744e+06 3.43077e+06
1531728935596058 3.44242e+06 3.4355e+06
1531728935729179 3.44726e+06 3.44018e+06
1531728935829085 3.45093e+06 3.44386e+06
1531728935962210 3.456e+06 3.4489e+06
1531728936062114 3.45973e+06 3.4527e+06
1531728936195283 3.46473e+06 3.45766e+06
1531728936295120 3.46846e+06 3.46145e+06
1531728936428304 3.47366e+06 3.46634e+06
1531728936561522 3.47858e+06 3.47109e+06
1531728936694849 3.48354e+06 3.47592e+06
1531728936794804 3.48719e+06 3.47975e+06
1531728936928094 3.49218e+06 3.48486e+06
1531728937027948 3.49577e+06 3.48858e+06
1531728937161134 3.50075e+06 3.49353e+06
1531728937294209 3.5058e+06 3.49854e+06
1531728937394191 3.50961e+06 3.50224e+06
1531728937527287 3.51445e+06 3.50705e+06
1531728937627248 3.51808e+06 3.51076e+06
1531728937760438 3.52299e+06 3.51584e+06
1531728937893600 3.52786e+06 3.52078e+06
1531728937993502 3.53155e+06 3.52444e+06
1531728938126770 3.53656e+06 3.52949e+06
1531728938259930 3.54168e+06 3.53444e+06
1531728938359781 3.54531e+06 3.53807e+06
1531728938493047 3.55026e+06 3.54298e+06
1531728938592841 3.55397e+06 3.54686e+06
1531728938725975 3.55907e+06 3.55196e+06
1531728938859165 3.56395e+06 3.55688e+06
1531728938959111 3.56774e+06 3.56055e+06
1531728939092381 3.5728e+06 3.5655e+06
1531728939192152 3.57665e+06 3.56909e+06
1531728939325448 3.58158e+06 3.57386e+06
1531728939458462 3.58661e+06 3.57882e+06
1531728939558269 3.59042e+06 3.58263e+06
1531728939691309 3.59541e+06 3.58755e+06
1531728939824439 3.60033e+06 3.5923e+06
1531728939924348 3.60394e+06 3.59585e+06
1531728940057543 3.60878e+06 3.60062e+06
1531728940190767 3.61344e+06 3.60545e+06
1531728940290626 3.61707e+06 3.60923e+06
1531728940423943 3.62189e+06 3.61445e+06
1531728940523807 3.62556e+06 3.61824e+06
1531728940656968 3.6319e+06 3.62479e+06
1531728940790254 3.63523e+06 3.62806e+06
1531728940890159 3.63886e+06 3.63176e+06
1531728941023449 3.64376e+06 3.63655e+06
1531728941156559 3.64844e+06 3.64134e+06
1531728941256461 3.65208e+06 3.64498e+06
1531728941389641 3.65681e+06 3.64988e+06
1531728941522783 3.66177e+06 3.65464e+06
1531728941622579 3.66542e+06 3.65814e+06
1531728941755887 3.67043e+06 3.66276e+06
1531728941855746 3.67407e+06 3.6663e+06
1531728941989017 3.67909e+06 3.67107e+06
1531728942122159 3.68393e+06 3.67596e+06
1531728942222033 3.68755e+06 3.6796e+06
1531728942355283 3.69236e+06 3.68439e+06
1531728942455230 3.69615e+06 3.68781e+06
1531728942588224 3.70122e+06 3.69218e+06
1531728942721426 3.70628e+06 3.69649e+06
1531728942821444 3.71011e+06 3.6998e+06
1531728942954650 3.71515e+06 3.7042e+06
1531728943087887 3.72024e+06 3.70845e+06
1531728943187880 3.72398e+06 3.71148e+06
1531728943321075 3.72924e+06 3.7155e+06
1531728943454324 3.73442e+06 3.71949e+06
1531728943554013 3.7384e+06 3.7224e+06
1531728943687198 3.74362e+06 3.72627e+06
1531728943786990 3.74763e+06 3.7292e+06
1531728943920161 3.7529e+06 3.7333e+06
1531728944053448 3.75808e+06 3.73734e+06
1531728944153425 3.76208e+06 3.74031e+06
1531728944286762 3.76724e+06 3.74426e+06
1531728944419867 3.77245e+06 3.74834e+06
1531728944519820 3.77626e+06 3.75157e+06
1531728944652999 3.78145e+06 3.75605e+06
1531728944786134 3.78653e+06 3.76057e+06
1531728944885946 3.79036e+06 3.7639e+06
1531728945019124 3.79549e+06 3.76842e+06
1531728945118973 3.79936e+06 3.77185e+06
1531728945252157 3.80447e+06 3.77642e+06
1531728945385435 3.80933e+06 3.78103e+06
1531728945485297 3.81307e+06 3.78475e+06
1531728945618553 3.81789e+06 3.78996e+06
1531728945751644 3.82276e+06 3.79517e+06
1531728945851542 3.82635e+06 3.79907e+06
1531728945984643 3.8314e+06 3.80434e+06
1531728946117880 3.83625e+06 3.80953e+06
1531728946217723 3.83992e+06 3.81341e+06
1531728946350857 3.84482e+06 3.81884e+06
1531728946450881 3.8487e+06 3.82301e+06
1531728946584026 3.85376e+06 3.82839e+06
1531728946683852 3.85753e+06 3.83222e+06
1531728946817050 3.8625e+06 3.83733e+06
1531728946950232 3.86755e+06 3.8423e+06
1531728947083546 3.87243e+06 3.84697e+06
1531728947183245 3.87613e+06 3.85049e+06
1531728947316434 3.88131e+06 3.85507e+06
1531728947449543 3.88636e+06 3.85933e+06
1531728947549608 3.89025e+06 3.86233e+06
1531728947682732 3.89542e+06 3.86614e+06
1531728947816020 3.90076e+06 3.86992e+06
1531728947915824 3.90462e+06 3.87268e+06
1531728948049028 3.90976e+06 3.87636e+06
1531728948149230 3.91367e+06 3.87922e+06
1531728948282807 3.91873e+06 3.88311e+06
1531728948415964 3.92364e+06 3.88699e+06
1531728948515882 3.92738e+06 3.8899e+06
1531728948649205 3.93256e+06 3.89375e+06
1531728948782550 3.93755e+06 3.8976e+06
1531728948882441 3.94139e+06 3.90062e+06
1531728949015810 3.94639e+06 3.90488e+06
1531728949149063 3.95153e+06 3.90926e+06
1531728949248980 3.95526e+06 3.91253e+06
1531728949382144 3.96035e+06 3.91694e+06
1531728949482100 3.96426e+06 3.92042e+06
1531728949615129 3.9694e+06 3.92504e+06
1531728949748281 3.97441e+06 3.92967e+06
1531728949848085 3.97814e+06 3.93327e+06
1531728949981293 3.98327e+06 3.93839e+06
1531728950081113 3.98696e+06 3.94223e+06
1531728950214268 3.99191e+06 3.94731e+06
1531728950347635 3.99672e+06 3.95231e+06
1531728950447608 4.0004e+06 3.95606e+06
1531728950580792 4.00506e+06 3.96094e+06
1531728950713861 4.00988e+06 3.96596e+06
1531728950813865 4.01344e+06 3.96986e+06
1531728950946947 4.01843e+06 3.975e+06
1531728951046772 4.02213e+06 3.97879e+06
1531728951179961 4.02741e+06 3.98381e+06
1531728951313268 4.03269e+06 3.98901e+06
1531728951413238 4.03657e+06 3.99294e+06
1531728951546473 4.04168e+06 3.9983e+06
1531728951679601 4.04678e+06 4.00365e+06
1531728951779490 4.05079e+06 4.00766e+06
1531728951912722 4.05608e+06 4.01281e+06
1531728952012718 4.06024e+06 4.01662e+06
1531728952145786 4.06564e+06 4.02178e+06
1531728952279085 4.07092e+06 4.02692e+06
1531728952379022 4.07472e+06 4.0308e+06
1531728952512081 4.07971e+06 4.03596e+06
1531728952645159 4.08467e+06 4.04115e+06
1531728952745061 4.08828e+06 4.04489e+06
1531728952878227 4.09319e+06 4.0498e+06
1531728952978121 4.09685e+06 4.05344e+06
1531728953111357 4.10177e+06 4.05832e+06
1531728953244529 4.10667e+06 4.06322e+06
1531728953344357 4.11038e+06 4.06691e+06
1531728953477689 4.11528e+06 4.07181e+06
1531728953577541 4.11905e+06 4.07547e+06
1531728953710744 4.12397e+06 4.08029e+06
1531728953843878 4.12894e+06 4.08505e+06
1531728953943819 4.13248e+06 4.08866e+06
1531728954077105 4.13739e+06 4.09363e+06
1531728954176944 4.14091e+06 4.09739e+06
1531728954310096 4.14572e+06 4.1023e+06
1531728954443171 4.15052e+06 4.10721e+06
1531728954576397 4.15554e+06 4.11208e+06
1531728954676296 4.1592e+06 4.11566e+06
1531728954809337 4.16404e+06 4.12037e+06
1531728954942498 4.16891e+06 4.12526e+06
1531728955042428 4.17252e+06 4.12892e+06
1531728955175571 4.17728e+06 4.13382e+06
1531728955275616 4.18087e+06 4.13743e+06
1531728955408905 4.18573e+06 4.14234e+06
1531728955508874 4.18944e+06 4.14597e+06
1531728955641887 4.1942e+06 4.15069e+06
1531728955775005 4.19898e+06 4.15543e+06
1531728955875032 4.20269e+06 4.15917e+06
1531728956008138 4.20761e+06 4.16409e+06
1531728956141386 4.21254e+06 4.16895e+06
1531728956241253 4.21622e+06 4.17264e+06
1531728956374404 4.2213e+06 4.17765e+06
1531728956507524 4.22613e+06 4.18253e+06
1531728956607545 4.22986e+06 4.18618e+06
1531728956740584 4.23479e+06 4.19119e+06
1531728956873941 4.23992e+06 4.19621e+06
1531728956973809 4.24357e+06 4.19988e+06
1531728957107035 4.24858e+06 4.20468e+06
1531728957207015 4.25228e+06 4.20835e+06
1531728957340164 4.2572e+06 4.2132e+06
1531728957473424 4.26188e+06 4.21802e+06
1531728957574239 4.26547e+06 4.2217e+06
1531728957707907 4.27019e+06 4.22665e+06
1531728957808193 4.27378e+06 4.23024e+06
1531728957941884 4.27855e+06 4.23499e+06
1531728958075042 4.28345e+06 4.23967e+06
1531728958175079 4.28713e+06 4.24329e+06
1531728958308337 4.29204e+06 4.24812e+06
1531728958441473 4.29689e+06 4.253e+06
1531728958541435 4.30049e+06 4.25666e+06
1531728958674516 4.30531e+06 4.26159e+06
1531728958807658 4.31e+06 4.2664e+06
1531728958907650 4.31356e+06 4.26995e+06
1531728959040716 4.3182e+06 4.27463e+06
1531728959140625 4.3217e+06 4.27818e+06
1531728959273924 4.32638e+06 4.28293e+06
1531728959407048 4.33107e+06 4.28766e+06
1531728959506928 4.33458e+06 4.2912e+06
1531728959640256 4.33939e+06 4.29604e+06
1531728959740118 4.34294e+06 4.29952e+06
1531728959873275 4.34767e+06 4.3041e+06
1531728960006359 4.35233e+06 4.30868e+06
1531728960106220 4.35592e+06 4.31225e+06
1531728960239488 4.36068e+06 4.31712e+06
1531728960339365 4.36421e+06 4.32074e+06
1531728960472561 4.36893e+06 4.32552e+06
1531728960605551 4.37387e+06 4.33036e+06
1531728960738792 4.3787e+06 4.33503e+06
1531728960838776 4.3823e+06 4.33842e+06
1531728960971993 4.38692e+06 4.34298e+06
1531728961071980 4.39053e+06 4.3466e+06
1531728961205189 4.39514e+06 4.35137e+06
1531728961338299 4.39978e+06 4.35597e+06
1531728961438344 4.40323e+06 4.35936e+06
1531728961571569 4.40809e+06 4.36398e+06
1531728961671358 4.4116e+06 4.36739e+06
1531728961804388 4.41617e+06 4.3719e+06
1531728961937732 4.42065e+06 4.37653e+06
1531728962037595 4.42408e+06 4.38011e+06
1531728962170672 4.42846e+06 4.38468e+06
1531728962270591 4.43174e+06 4.38805e+06
1531728962403671 4.43613e+06 4.39247e+06
1531728962536955 4.44039e+06 4.39699e+06
1531728962670199 4.4445e+06 4.40155e+06
1531728962770093 4.44742e+06 4.40508e+06
1531728962903412 4.45129e+06 4.40986e+06
1531728963003357 4.45402e+06 4.41353e+06
1531728963136514 4.45767e+06 4.41835e+06
1531728963270138 4.46126e+06 4.42313e+06
1531728963370124 4.46376e+06 4.42664e+06
1531728963503448 4.46713e+06 4.43136e+06
1531728963636649 4.4704e+06 4.43591e+06
1531728963736476 4.47285e+06 4.43918e+06
1531728963869560 4.47604e+06 4.44317e+06
1531728963969457 4.47822e+06 4.44602e+06
1531728964102867 4.48095e+06 4.44957e+06
1531728964236094 4.48368e+06 4.45289e+06
1531728964335994 4.48568e+06 4.45525e+06
1531728964469310 4.4883e+06 4.45836e+06
1531728964569238 4.49032e+06 4.46076e+06
1531728964702428 4.49302e+06 4.46412e+06
1531728964835614 4.49558e+06 4.46762e+06
1531728964935386 4.49756e+06 4.47032e+06
1531728965068644 4.50039e+06 4.47394e+06
1531728965201885 4.5033e+06 4.47755e+06
1531728965301841 4.50555e+06 4.48033e+06
1531728965435050 4.50887e+06 4.48404e+06
1531728965534896 4.51149e+06 4.48679e+06
1531728965668071 4.51498e+06 4.49034e+06
1531728965801079 4.51878e+06 4.49373e+06
1531728965900984 4.52163e+06 4.49639e+06
1531728966034291 4.52548e+06 4.50003e+06
1531728966167492 4.5293e+06 4.50374e+06
1531728966267444 4.53211e+06 4.50666e+06
1531728966400604 4.53609e+06 4.51066e+06
1531728966533766 4.54004e+06 4.51479e+06
1531728966633585 4.54317e+06 4.5179e+06
1531728966766590 4.54734e+06 4.52207e+06
1531728966866402 4.55051e+06 4.52519e+06
1531728966999640 4.55481e+06 4.5294e+06
1531728967099640 4.55801e+06 4.5327e+06
1531728967232807 4.56248e+06 4.53718e+06
1531728967366154 4.56681e+06 4.54173e+06
1531728967465924 4.5701e+06 4.54503e+06
1531728967599197 4.57436e+06 4.54941e+06
1531728967732334 4.57889e+06 4.55369e+06
1531728967832227 4.58215e+06 4.55685e+06
1531728967965576 4.5865e+06 4.56108e+06
1531728968098691 4.59073e+06 4.56546e+06
1531728968198500 4.594e+06 4.56881e+06
1531728968331674 4.59822e+06 4.57316e+06
1531728968431537 4.6013e+06 4.57629e+06
1531728968564695 4.60546e+06 4.58039e+06
1531728968697880 4.60964e+06 4.58458e+06
1531728968797889 4.61287e+06 4.58768e+06
1531728968931088 4.61692e+06 4.59177e+06
1531728969064302 4.62114e+06 4.59592e+06
1531728969164291 4.62426e+06 4.59918e+06
1531728969297526 4.62855e+06 4.60354e+06
1531728969430761 4.6327e+06 4.60775e+06
1531728969530570 4.63582e+06 4.61082e+06
1531728969663790 4.64009e+06 4.61494e+06
1531728969763736 4.64328e+06 4.61812e+06
1531728969896862 4.64753e+06 4.62226e+06
1531728970029938 4.65158e+06 4.62654e+06
1531728970129791 4.65478e+06 4.62984e+06
1531728970262897 4.65888e+06 4.6343e+06
1531728970395942 4.66318e+06 4.63868e+06
1531728970495990 4.66635e+06 4.64189e+06
1531728970629233 4.67063e+06 4.64608e+06
1531728970729117 4.67377e+06 4.64926e+06
1531728970862174 4.67795e+06 4.65368e+06
1531728970995486 4.68229e+06 4.65824e+06
1531728971095369 4.68544e+06 4.66155e+06
1531728971228448 4.68978e+06 4.66584e+06
1531728971328299 4.69303e+06 4.6691e+06
1531728971461663 4.69772e+06 4.67346e+06
1531728971594915 4.70217e+06 4.67765e+06
1531728971694828 4.7056e+06 4.6807e+06
1531728971828061 4.71008e+06 4.68488e+06
1531728971961096 4.71462e+06 4.68896e+06
1531728972061012 4.71781e+06 4.69191e+06
1531728972194134 4.72209e+06 4.69582e+06
1531728972294003 4.72528e+06 4.69882e+06
1531728972427289 4.72925e+06 4.7029e+06
1531728972560639 4.73272e+06 4.70684e+06
1531728972660491 4.73489e+06 4.70976e+06
1531728972793695 4.73749e+06 4.71358e+06
1531728972926874 4.7396e+06 4.71729e+06
1531728973026856 4.74087e+06 4.72003e+06
1531728973160004 4.7422e+06 4.72348e+06
1531728973259856 4.74298e+06 4.72598e+06
1531728973393127 4.74373e+06 4.7291e+06
1531728973492961 4.74409e+06 4.73126e+06
1531728973626157 4.74424e+06 4.73396e+06
1531728973759187 4.74395e+06 4.73634e+06
1531728973892452 4.7433e+06 4.73829e+06
1531728973992111 4.74263e+06 4.73944e+06
1531728974125458 4.74153e+06 4.7406e+06
1531728974258723 4.74012e+06 4.7414e+06
1531728974358700 4.73889e+06 4.74174e+06
1531728974491765 4.737e+06 4.74191e+06
1531728974624848 4.73491e+06 4.74185e+06
1531728974724856 4.73323e+06 4.74167e+06
1531728974858086 4.73098e+06 4.74131e+06
1531728974991386 4.72894e+06 4.74086e+06
1531728975091238 4.72782e+06 4.74053e+06
1531728975224290 4.72706e+06 4.74034e+06
1531728975324160 4.72694e+06 4.74039e+06
1531728975457321 4.72732e+06 4.74078e+06
1531728975590621 4.72836e+06 4.74165e+06
1531728975690582 4.72948e+06 4.74247e+06
1531728975823737 4.73134e+06 4.74391e+06
1531728975956908 4.73354e+06 4.74589e+06
1531728976056686 4.73531e+06 4.74768e+06
1531728976189759 4.73775e+06 4.75042e+06
1531728976322818 4.74041e+06 4.75342e+06
1531728976422782 4.74256e+06 4.7558e+06
1531728976556020 4.74586e+06 4.75917e+06
1531728976656028 4.74858e+06 4.7618e+06
1531728976789177 4.75207e+06 4.76526e+06
1531728976922428 4.75567e+06 4.76878e+06
1531728977022332 4.75841e+06 4.77157e+06
1531728977155571 4.76198e+06 4.77533e+06
1531728977255435 4.7647e+06 4.77811e+06
1531728977388427 4.76818e+06 4.78175e+06
1531728977521775 4.77171e+06 4.78559e+06
1531728977621740 4.77443e+06 4.78863e+06
1531728977754899 4.77797e+06 4.79258e+06
1531728977888130 4.78178e+06 4.7964e+06
1531728977987900 4.7848e+06 4.79922e+06
1531728978121140 4.78903e+06 4.80298e+06
1531728978221328 4.79234e+06 4.80581e+06
1531728978354727 4.79664e+06 4.80959e+06
1531728978488142 4.80097e+06 4.8136e+06
1531728978588176 4.80403e+06 4.81674e+06
1531728978721518 4.8082e+06 4.82106e+06
1531728978854650 4.81229e+06 4.8253e+06
1531728978954377 4.81563e+06 4.82843e+06
1531728979087659 4.8201e+06 4.83264e+06
1531728979220824 4.82476e+06 4.83695e+06
1531728979320788 4.8282e+06 4.84026e+06
1531728979454052 4.83289e+06 4.84464e+06
1531728979587079 4.83731e+06 4.84898e+06
1531728979687018 4.84061e+06 4.85219e+06
1531728979820206 4.84501e+06 4.85652e+06
1531728979953382 4.84977e+06 4.86076e+06
1531728980053329 4.85328e+06 4.86387e+06
1531728980186586 4.85792e+06 4.86811e+06
1531728980286478 4.8613e+06 4.87146e+06
1531728980419515 4.86586e+06 4.876e+06
1531728980552654 4.87035e+06 4.88063e+06
1531728980652493 4.87362e+06 4.88406e+06
1531728980785820 4.87802e+06 4.88877e+06
1531728980919116 4.88249e+06 4.89348e+06
1531728981019111 4.88587e+06 4.89695e+06
1531728981152338 4.89019e+06 4.90152e+06
1531728981285647 4.89471e+06 4.90634e+06
1531728981385376 4.89807e+06 4.90996e+06
1531728981518667 4.90263e+06 4.9146e+06
1531728981618494 4.90588e+06 4.91797e+06
1531728981751732 4.91038e+06 4.92251e+06
1531728981851598 4.91367e+06 4.9259e+06
1531728981984797 4.91814e+06 4.93034e+06
1531728982117938 4.92244e+06 4.93481e+06
1531728982217825 4.92575e+06 4.93828e+06
1531728982317795 4.92898e+06 4.94177e+06
1531728982450870 4.93325e+06 4.94621e+06
1531728982550657 4.93657e+06 4.94946e+06
1531728982683846 4.94092e+06 4.95376e+06
1531728982783830 4.94424e+06 4.95704e+06
1531728982917157 4.94852e+06 4.96142e+06
1531728983050207 4.95298e+06 4.96589e+06
1531728983150179 4.95615e+06 4.9693e+06
1531728983283334 4.96044e+06 4.97389e+06
1531728983416347 4.96477e+06 4.97835e+06
1531728983516322 4.9682e+06 4.9816e+06
1531728983649536 4.97259e+06 4.98579e+06
1531728983749306 4.9758e+06 4.98894e+06
1531728983882546 4.98013e+06 4.99328e+06
1531728984015753 4.98448e+06 4.99765e+06
1531728984115609 4.98772e+06 5.00089e+06
1531728984248739 4.99189e+06 5.00513e+06
1531728984348685 4.99521e+06 5.00838e+06
1531728984481817 4.9996e+06 5.01265e+06
1531728984615119 5.0041e+06 5.01684e+06
1531728984714908 5.00728e+06 5.01996e+06
1531728984848126 5.01166e+06 5.02432e+06
1531728984981230 5.01594e+06 5.02876e+06
1531728985081238 5.01932e+06 5.03209e+06
1531728985214457 5.02365e+06 5.03644e+06
1531728985347656 5.02806e+06 5.04086e+06
1531728985447665 5.03138e+06 5.04422e+06
1531728985580817 5.03578e+06 5.04856e+06
1531728985714004 5.04018e+06 5.05286e+06
1531728985813882 5.04346e+06 5.05614e+06
1531728985946946 5.04783e+06 5.06057e+06
1531728986046865 5.05111e+06 5.06384e+06
1531728986180217 5.05567e+06 5.06818e+06
1531728986313315 5.06e+06 5.07243e+06
1531728986413213 5.06327e+06 5.07569e+06
1531728986546528 5.06745e+06 5.08004e+06
1531728986679648 5.07186e+06 5.08447e+06
1531728986779572 5.075e+06 5.08776e+06
1531728986912501 5.07935e+06 5.09221e+06
1531728987012442 5.08265e+06 5.09562e+06
1531728987145603 5.08728e+06 5.10016e+06
1531728987278879 5.09177e+06 5.10463e+06
1531728987412225 5.09623e+06 5.10914e+06
1531728987512080 5.09956e+06 5.11262e+06
1531728987645395 5.10404e+06 5.11717e+06
1531728987745247 5.10737e+06 5.12048e+06
1531728987878410 5.11179e+06 5.12486e+06
1531728987978296 5.11526e+06 5.12824e+06
1531728988111412 5.11987e+06 5.13268e+06
1531728988244619 5.1245e+06 5.13705e+06
1531728988344511 5.12788e+06 5.1404e+06
1531728988477706 5.13246e+06 5.14515e+06
1531728988610951 5.13692e+06 5.14984e+06
1531728988710747 5.14035e+06 5.15325e+06
1531728988843747 5.14481e+06 5.15771e+06
1531728988976981 5.14943e+06 5.16223e+06
1531728989076894 5.15277e+06 5.16555e+06
1531728989210126 5.15738e+06 5.17001e+06
1531728989309985 5.16072e+06 5.17345e+06
1531728989443087 5.16525e+06 5.17815e+06
1531728989576226 5.16964e+06 5.18271e+06
1531728989676162 5.17311e+06 5.18607e+06
1531728989809254 5.17751e+06 5.19043e+06
1531728989942615 5.18194e+06 5.19486e+06
1531728990042377 5.18514e+06 5.19818e+06
1531728990175647 5.18962e+06 5.2028e+06
1531728990308719 5.19393e+06 5.20745e+06
1531728990408681 5.19716e+06 5.21094e+06
1531728990541985 5.20148e+06 5.21554e+06
1531728990641896 5.20471e+06 5.21891e+06
1531728990775197 5.20909e+06 5.22339e+06
1531728990908416 5.21327e+06 5.22788e+06
1531728991008373 5.21656e+06 5.23134e+06
1531728991141597 5.22088e+06 5.23584e+06
1531728991274716 5.22529e+06 5.24006e+06
1531728991374572 5.22852e+06 5.24318e+06
1531728991507692 5.23314e+06 5.2474e+06
1531728991640818 5.23778e+06 5.25162e+06
1531728991740716 5.24135e+06 5.25481e+06
1531728991873978 5.24582e+06 5.25914e+06
1531728991973958 5.24924e+06 5.26249e+06
1531728992107137 5.25369e+06 5.26687e+06
1531728992240417 5.25833e+06 5.27108e+06
1531728992340330 5.26178e+06 5.27418e+06
1531728992473531 5.26655e+06 5.27844e+06
1531728992606475 5.27103e+06 5.28281e+06
1531728992706457 5.27521e+06 5.28696e+06
1531728992839462 5.27879e+06 5.2908e+06
1531728992972633 5.28316e+06 5.29534e+06
1531728993072612 5.28649e+06 5.29877e+06
1531728993205889 5.29111e+06 5.3032e+06
1531728993339222 5.29578e+06 5.30754e+06
1531728993439322 5.29931e+06 5.3108e+06
1531728993572574 5.30395e+06 5.31531e+06
1531728993672502 5.30744e+06 5.3187e+06
1531728993805749 5.312e+06 5.32328e+06
1531728993939111 5.31647e+06 5.32776e+06
1531728994038993 5.31982e+06 5.33116e+06
1531728994172122 5.32441e+06 5.33563e+06
1531728994305393 5.329e+06 5.34002e+06
1531728994405320 5.33232e+06 5.34327e+06
1531728994538422 5.33682e+06 5.34776e+06
1531728994638206 5.34014e+06 5.35117e+06
1531728994771564 5.34461e+06 5.35567e+06
1531728994904758 5.34879e+06 5.36e+06
1531728995004685 5.35207e+06 5.36328e+06
1531728995137917 5.35641e+06 5.36764e+06
1531728995271064 5.36092e+06 5.3718e+06
1531728995370846 5.36411e+06 5.37488e+06
1531728995503926 5.36827e+06 5.37904e+06
1531728995603760 5.37114e+06 5.3823e+06
1531728995737144 5.37466e+06 5.38665e+06
1531728995870204 5.37793e+06 5.39089e+06
1531728995970018 5.3801e+06 5.39397e+06
1531728996103297 5.3828e+06 5.39806e+06
1531728996203276 5.38475e+06 5.40108e+06
1531728996336298 5.38715e+06 5.40494e+06
1531728996469400 5.38933e+06 5.40873e+06
1531728996569331 5.39084e+06 5.41152e+06
1531728996702662 5.39274e+06 5.41527e+06
1531728996835954 5.39442e+06 5.41894e+06
1531728996935887 5.39552e+06 5.42158e+06
1531728997069056 5.39687e+06 5.42497e+06
1531728997169011 5.39781e+06 5.4274e+06
1531728997301981 5.39901e+06 5.43056e+06
1531728997435258 5.40014e+06 5.43367e+06
1531728997535136 5.40095e+06 5.43589e+06
1531728997668206 5.40201e+06 5.43872e+06
1531728997801250 5.40304e+06 5.44146e+06
1531728997901120 5.40377e+06 5.44346e+06
1531728998034422 5.40473e+06 5.44604e+06
1531728998167592 5.4057e+06 5.44864e+06
1531728998267562 5.40643e+06 5.45061e+06
1531728998400727 5.40742e+06 5.45318e+06
1531728998533839 5.4085e+06 5.45574e+06
1531728998633852 5.40948e+06 5.45768e+06
1531728998767091 5.41104e+06 5.46027e+06
1531728998866952 5.4123e+06 5.46222e+06
1531728999000087 5.41411e+06 5.46496e+06
1531728999133221 5.4162e+06 5.46803e+06
1531728999233114 5.41801e+06 5.47039e+06
1531728999366335 5.42062e+06 5.47359e+06
1531728999499533 5.42337e+06 5.47683e+06
1531728999599383 5.4257e+06 5.4793e+06
1531728999732542 5.42913e+06 5.48264e+06
1531728999832554 5.43173e+06 5.48512e+06
1531728999965713 5.43543e+06 5.48839e+06
1531729000099018 5.43924e+06 5.49173e+06
1531729000198853 5.4421e+06 5.49431e+06
1531729000332028 5.44605e+06 5.49785e+06
1531729000465152 5.44978e+06 5.50154e+06
1531729000565145 5.45268e+06 5.50428e+06
1531729000698309 5.45641e+06 5.50779e+06
1531729000798189 5.4592e+06 5.51039e+06
1531729000931488 5.46301e+06 5.51396e+06
1531729001064632 5.46664e+06 5.51784e+06
1531729001164568 5.46942e+06 5.52079e+06
1531729001297691 5.47307e+06 5.52464e+06
1531729001430829 5.47682e+06 5.52842e+06
1531729001530709 5.47977e+06 5.53121e+06
1531729001663985 5.48354e+06 5.53493e+06
1531729001763804 5.48645e+06 5.53775e+06
1531729001896903 5.49032e+06 5.54161e+06
1531729002030203 5.49431e+06 5.54555e+06
1531729002130133 5.49736e+06 5.54847e+06
1531729002229954 5.5003e+06 5.55144e+06
1531729002396361 5.50541e+06 5.55621e+06
1531729002496245 5.50846e+06 5.55897e+06
1531729002629547 5.51266e+06 5.56262e+06
1531729002762598 5.51664e+06 5.56639e+06
1531729002862471 5.51964e+06 5.56938e+06
1531729002995781 5.52358e+06 5.57338e+06
1531729003095654 5.5264e+06 5.57626e+06
1531729003228629 5.53028e+06 5.58002e+06
1531729003361892 5.53407e+06 5.58386e+06
1531729003461798 5.53696e+06 5.5868e+06
1531729003594967 5.54072e+06 5.59066e+06
1531729003728289 5.54445e+06 5.59464e+06
1531729003861474 5.54827e+06 5.59877e+06
1531729003961236 5.55095e+06 5.60187e+06
1531729004094569 5.55459e+06 5.60591e+06
1531729004227869 5.55825e+06 5.60983e+06
1531729004327800 5.56104e+06 5.6127e+06
1531729004460963 5.56494e+06 5.61641e+06
1531729004560741 5.56778e+06 5.61921e+06
1531729004694033 5.57179e+06 5.62306e+06
1531729004793912 5.57484e+06 5.62605e+06
1531729004927110 5.57901e+06 5.63014e+06
1531729005060412 5.58331e+06 5.63433e+06
1531729005160312 5.58643e+06 5.63753e+06
1531729005293486 5.5908e+06 5.64172e+06
1531729005426487 5.59506e+06 5.6458e+06
1531729005526351 5.59836e+06 5.64883e+06
1531729005659479 5.60258e+06 5.653e+06
1531729005792752 5.60691e+06 5.65721e+06
1531729005892551 5.61007e+06 5.6603e+06
1531729006025837 5.61453e+06 5.66442e+06
1531729006159001 5.61897e+06 5.66858e+06
1531729006258901 5.62228e+06 5.67177e+06
1531729006392110 5.6266e+06 5.67609e+06
1531729006491978 5.62984e+06 5.67946e+06
1531729006625198 5.63415e+06 5.68404e+06
1531729006758368 5.63834e+06 5.68861e+06
1531729006858281 5.64165e+06 5.69192e+06
1531729006991592 5.64606e+06 5.69622e+06
1531729007124644 5.65058e+06 5.70039e+06
1531729007224416 5.65382e+06 5.7036e+06
1531729007357671 5.65831e+06 5.70809e+06
1531729007490837 5.66268e+06 5.71262e+06
1531729007590824 5.66606e+06 5.71595e+06
1531729007724030 5.67042e+06 5.72042e+06
1531729007823832 5.67383e+06 5.72377e+06
1531729007957084 5.67833e+06 5.72811e+06
1531729008090246 5.68287e+06 5.73242e+06
1531729008190246 5.68612e+06 5.73575e+06
1531729008323962 5.69046e+06 5.74042e+06
1531729008457290 5.69473e+06 5.74493e+06
1531729008557343 5.69804e+06 5.74823e+06
1531729008690691 5.70257e+06 5.75253e+06
1531729008790719 5.70578e+06 5.75576e+06
1531729008924010 5.71007e+06 5.7601e+06
1531729009057106 5.71421e+06 5.7646e+06
1531729009156972 5.7173e+06 5.76803e+06
1531729009290216 5.72098e+06 5.77258e+06
1531729009423418 5.72453e+06 5.77699e+06
1531729009523388 5.72712e+06 5.78018e+06
1531729009656471 5.7304e+06 5.78434e+06
1531729009756331 5.73288e+06 5.78746e+06
1531729009889617 5.73616e+06 5.79185e+06
1531729010022891 5.73947e+06 5.79632e+06
1531729010122833 5.74204e+06 5.79958e+06
1531729010255882 5.74539e+06 5.80384e+06
1531729010389160 5.74894e+06 5.8082e+06
1531729010489068 5.7517e+06 5.81138e+06
1531729010622304 5.7552e+06 5.81556e+06
1531729010755540 5.75887e+06 5.81986e+06
1531729010855461 5.76168e+06 5.8233e+06
1531729010988545 5.76545e+06 5.82782e+06
1531729011121698 5.76943e+06 5.83222e+06
1531729011221649 5.77239e+06 5.83551e+06
1531729011354832 5.77653e+06 5.83996e+06
1531729011487952 5.78056e+06 5.84442e+06
1531729011587898 5.7837e+06 5.84777e+06
1531729011721001 5.78784e+06 5.8523e+06
1531729011854264 5.79199e+06 5.85686e+06
1531729011954023 5.79514e+06 5.86025e+06
1531729012087208 5.79936e+06 5.86468e+06
1531729012220525 5.80371e+06 5.86907e+06
1531729012320472 5.80677e+06 5.87239e+06
1531729012453618 5.81097e+06 5.87708e+06
1531729012586764 5.81508e+06 5.88187e+06
1531729012686719 5.81831e+06 5.88539e+06
1531729012819903 5.82254e+06 5.89004e+06
1531729012919629 5.82578e+06 5.89349e+06
1531729013052779 5.83016e+06 5.89798e+06
1531729013185840 5.83443e+06 5.90236e+06
1531729013285717 5.83761e+06 5.90568e+06
1531729013419073 5.84182e+06 5.91036e+06
1531729013518867 5.84511e+06 5.91382e+06
1531729013652222 5.84939e+06 5.91825e+06
1531729013785372 5.85397e+06 5.92258e+06
1531729013885323 5.85738e+06 5.92587e+06
1531729014018527 5.86206e+06 5.9302e+06
1531729014151662 5.86656e+06 5.93462e+06
1531729014251448 5.87002e+06 5.93802e+06
1531729014384763 5.87438e+06 5.94268e+06
1531729014484632 5.87771e+06 5.94614e+06
1531729014617921 5.88207e+06 5.9505e+06
1531729014750979 5.88662e+06 5.9547e+06
1531729014850935 5.88992e+06 5.95787e+06
1531729014984097 5.89422e+06 5.96216e+06
1531729015117331 5.89857e+06 5.96657e+06
1531729015217234 5.90184e+06 5.96992e+06
1531729015350376 5.90601e+06 5.97417e+06
1531729015483611 5.90997e+06 5.97841e+06
1531729015583495 5.91301e+06 5.98147e+06
1531729015716610 5.91702e+06 5.9855e+06
1531729015816507 5.92014e+06 5.98847e+06
1531729015949718 5.9242e+06 5.9926e+06
1531729016049517 5.92726e+06 5.99587e+06
1531729016182787 5.93139e+06 6.00019e+06
1531729016316047 5.93551e+06 6.00438e+06
1531729016415904 5.93884e+06 6.00748e+06
1531729016548944 5.94319e+06 6.01167e+06
1531729016682201 5.94768e+06 6.01581e+06
1531729016815500 5.95206e+06 6.02001e+06
1531729016915380 5.95545e+06 6.0232e+06
1531729017048633 5.95976e+06 6.02762e+06
1531729017148524 5.96308e+06 6.03091e+06
1531729017281641 5.96746e+06 6.03526e+06
1531729017414831 5.97198e+06 6.03961e+06
1531729017514710 5.97516e+06 6.04293e+06
1531729017647827 5.97939e+06 6.04749e+06
1531729017747853 5.98261e+06 6.05097e+06
1531729017881063 5.98694e+06 6.05557e+06
1531729018014281 5.99138e+06 6.06003e+06
1531729018114222 5.99468e+06 6.06336e+06
1531729018247324 5.99922e+06 6.06768e+06
1531729018380462 6.00364e+06 6.07195e+06
1531729018480468 6.00702e+06 6.07519e+06
1531729018613687 6.01131e+06 6.07974e+06
1531729018746963 6.01572e+06 6.08433e+06
1531729018846817 6.01889e+06 6.08766e+06
1531729018979914 6.02334e+06 6.092e+06
1531729019113003 6.0277e+06 6.09642e+06
1531729019212896 6.031e+06 6.09968e+06
1531729019346125 6.03524e+06 6.104e+06
1531729019446010 6.03851e+06 6.10728e+06
1531729019579355 6.04279e+06 6.11181e+06
1531729019712540 6.04697e+06 6.11624e+06
1531729019812476 6.05008e+06 6.11941e+06
1531729019945607 6.05424e+06 6.12356e+06
1531729020078593 6.05854e+06 6.12769e+06
1531729020178557 6.0616e+06 6.13083e+06
1531729020311650 6.06586e+06 6.13505e+06
1531729020411634 6.069e+06 6.13825e+06
1531729020544806 6.07329e+06 6.14243e+06
1531729020678117 6.07748e+06 6.14664e+06
1531729020777954 6.08066e+06 6.14976e+06
1531729020911029 6.08488e+06 6.1538e+06
1531729021044076 6.08899e+06 6.15782e+06
1531729021144032 6.09212e+06 6.16092e+06
1531729021277209 6.09612e+06 6.16523e+06
1531729021377260 6.09919e+06 6.16838e+06
1531729021510566 6.10316e+06 6.17243e+06
1531729021643540 6.10733e+06 6.17638e+06
1531729021743445 6.11046e+06 6.1794e+06
1531729021876691 6.11453e+06 6.18345e+06
1531729022009912 6.11864e+06 6.18753e+06
1531729022109920 6.12166e+06 6.19068e+06
1531729022243014 6.1258e+06 6.19493e+06
1531729022376276 6.12978e+06 6.19927e+06
1531729022476220 6.13297e+06 6.20246e+06
1531729022609200 6.13724e+06 6.20658e+06
1531729022709044 6.14056e+06 6.20959e+06
1531729022842316 6.14488e+06 6.21369e+06
1531729022975472 6.1491e+06 6.2179e+06
1531729023075351 6.15223e+06 6.22099e+06
1531729023208575 6.15632e+06 6.22503e+06
1531729023308674 6.1596e+06 6.22808e+06
1531729023442188 6.16384e+06 6.23232e+06
1531729023575601 6.16819e+06 6.23653e+06
1531729023675518 6.17135e+06 6.23971e+06
1531729023808840 6.17574e+06 6.24401e+06
1531729023941967 6.17992e+06 6.24839e+06
1531729024041990 6.1831e+06 6.25165e+06
1531729024175182 6.18735e+06 6.25584e+06
1531729024308393 6.19174e+06 6.25996e+06
1531729024408270 6.195e+06 6.26304e+06
1531729024541359 6.1991e+06 6.26729e+06
1531729024641372 6.20226e+06 6.27054e+06
1531729024774677 6.20635e+06 6.27491e+06
1531729024907778 6.2106e+06 6.27917e+06
1531729025007640 6.21371e+06 6.2824e+06
1531729025140825 6.21805e+06 6.28665e+06
1531729025240761 6.22123e+06 6.28974e+06
1531729025373848 6.22543e+06 6.2938e+06
1531729025507004 6.2296e+06 6.29803e+06
1531729025606900 6.23261e+06 6.30129e+06
1531729025740108 6.23671e+06 6.30547e+06
1531729025873309 6.24072e+06 6.30953e+06
1531729025973254 6.24389e+06 6.31255e+06
1531729026106364 6.24796e+06 6.3167e+06
1531729026206246 6.251e+06 6.31983e+06
1531729026339512 6.25499e+06 6.32408e+06
1531729026472681 6.25892e+06 6.32838e+06
1531729026605902 6.26286e+06 6.33257e+06
1531729026705626 6.26578e+06 6.33569e+06
1531729026838845 6.26992e+06 6.33972e+06
1531729026971966 6.27388e+06 6.34364e+06
1531729027071874 6.27692e+06 6.3466e+06
1531729027205030 6.28083e+06 6.35084e+06
1531729027304886 6.28369e+06 6.35419e+06
1531729027437952 6.28746e+06 6.35857e+06
1531729027571086 6.29114e+06 6.36288e+06
1531729027671084 6.294e+06 6.36609e+06
1531729027804301 6.29765e+06 6.37041e+06
1531729027937676 6.30119e+06 6.37475e+06
1531729028037421 6.30387e+06 6.3781e+06
1531729028170603 6.30726e+06 6.38275e+06
1531729028270516 6.30979e+06 6.38626e+06
1531729028403791 6.31315e+06 6.39079e+06
1531729028537015 6.31638e+06 6.39522e+06
1531729028637022 6.31886e+06 6.39848e+06
1531729028770112 6.3221e+06 6.40292e+06
1531729028870090 6.3245e+06 6.40632e+06
1531729029003373 6.32797e+06 6.41105e+06
1531729029136381 6.33146e+06 6.41571e+06
1531729029236327 6.33406e+06 6.41918e+06
1531729029369602 6.33777e+06 6.42366e+06
1531729029502825 6.3415e+06 6.42792e+06
1531729029602646 6.34447e+06 6.431e+06
1531729029735807 6.3484e+06 6.43518e+06
1531729029868990 6.35232e+06 6.43944e+06
1531729029968780 6.35531e+06 6.44252e+06
1531729030101915 6.35928e+06 6.44663e+06
1531729030201898 6.36246e+06 6.44973e+06
1531729030334986 6.36658e+06 6.45394e+06
1531729030468221 6.37071e+06 6.45807e+06
1531729030568207 6.37374e+06 6.46115e+06
1531729030701411 6.37782e+06 6.46529e+06
1531729030834604 6.38197e+06 6.46961e+06
1531729030934535 6.38499e+06 6.47284e+06
1531729031067792 6.38924e+06 6.47709e+06
1531729031167680 6.39243e+06 6.48024e+06
1531729031300882 6.3969e+06 6.48439e+06
1531729031434109 6.40119e+06 6.48865e+06
1531729031533964 6.40442e+06 6.49185e+06
1531729031667177 6.4086e+06 6.4961e+06
1531729031800355 6.4128e+06 6.50025e+06
1531729031900303 6.41594e+06 6.50343e+06
1531729032033533 6.42012e+06 6.50767e+06
1531729032166704 6.42439e+06 6.51184e+06
1531729032266608 6.42745e+06 6.51491e+06
1531729032366562 6.43058e+06 6.51805e+06
1531729032499745 6.43453e+06 6.52254e+06
1531729032632815 6.43836e+06 6.52706e+06
1531729032732585 6.44117e+06 6.5304e+06
1531729032865877 6.4449e+06 6.53482e+06
1531729032999104 6.44879e+06 6.53934e+06
1531729033098857 6.45149e+06 6.54266e+06
1531729033231937 6.45503e+06 6.54707e+06
1531729033365190 6.45848e+06 6.55155e+06
1531729033465091 6.461e+06 6.55501e+06
1531729033598256 6.46444e+06 6.5595e+06
1531729033731484 6.46779e+06 6.56394e+06
1531729033831259 6.47025e+06 6.56722e+06
1531729033964521 6.4736e+06 6.57168e+06
1531729034064482 6.47607e+06 6.57507e+06
1531729034197697 6.47952e+06 6.5797e+06
1531729034330869 6.48312e+06 6.58431e+06
1531729034430743 6.48573e+06 6.58779e+06
1531729034563853 6.48942e+06 6.59239e+06
1531729034697093 6.49319e+06 6.59685e+06
1531729034796953 6.49604e+06 6.60015e+06
1531729034930147 6.49994e+06 6.60457e+06
1531729035063324 6.50377e+06 6.60906e+06
1531729035163338 6.50677e+06 6.61232e+06
1531729035296634 6.51076e+06 6.61649e+06
1531729035396461 6.51393e+06 6.61952e+06
1531729035529623 6.51823e+06 6.62359e+06
1531729035662825 6.52234e+06 6.62764e+06
1531729035762743 6.52544e+06 6.63077e+06
1531729035895956 6.52951e+06 6.63506e+06
1531729036029191 6.53379e+06 6.63954e+06
1531729036129001 6.53685e+06 6.64284e+06
1531729036262233 6.5411e+06 6.64708e+06
1531729036362059 6.54436e+06 6.65018e+06
1531729036495121 6.54885e+06 6.65427e+06
1531729036628319 6.55327e+06 6.65846e+06
1531729036728305 6.55655e+06 6.66166e+06
1531729036861486 6.56096e+06 6.66602e+06
1531729036961342 6.56425e+06 6.66923e+06
1531729037094588 6.5688e+06 6.67356e+06
1531729037227668 6.57321e+06 6.67783e+06
1531729037327443 6.57654e+06 6.68094e+06
1531729037460647 6.58075e+06 6.68502e+06
1531729037593897 6.58504e+06 6.68917e+06
1531729037693706 6.58812e+06 6.69241e+06
1531729037826927 6.59243e+06 6.69671e+06
1531729037960166 6.59672e+06 6.70099e+06
1531729038059960 6.60009e+06 6.7042e+06
1531729038193270 6.60442e+06 6.70858e+06
1531729038293431 6.60759e+06 6.71181e+06
1531729038426795 6.61178e+06 6.71615e+06
1531729038560232 6.61596e+06 6.72057e+06
1531729038660248 6.61913e+06 6.72392e+06
1531729038793556 6.62324e+06 6.72828e+06
1531729038893505 6.62653e+06 6.73151e+06
1531729039026765 6.63093e+06 6.73579e+06
1531729039160068 6.63547e+06 6.74014e+06
1531729039260044 6.63868e+06 6.74354e+06
1531729039393200 6.643e+06 6.74809e+06
1531729039526257 6.64721e+06 6.75258e+06
1531729039626138 6.65046e+06 6.75589e+06
1531729039759253 6.65477e+06 6.76036e+06
1531729039892385 6.65908e+06 6.76477e+06
1531729039992424 6.66232e+06 6.76805e+06
1531729040125654 6.66661e+06 6.77246e+06
1531729040225546 6.66991e+06 6.7759e+06
1531729040358674 6.67411e+06 6.78043e+06
1531729040491892 6.67855e+06 6.78478e+06
1531729040591771 6.68189e+06 6.78794e+06
1531729040724977 6.68661e+06 6.79218e+06
1531729040824766 6.68994e+06 6.79533e+06
1531729040957906 6.69442e+06 6.79955e+06
1531729041091163 6.69878e+06 6.80381e+06
1531729041191097 6.70214e+06 6.80701e+06
1531729041324204 6.70643e+06 6.81129e+06
1531729041424022 6.70965e+06 6.8144e+06
1531729041557292 6.71394e+06 6.8185e+06
1531729041690438 6.71817e+06 6.82255e+06
1531729041823688 6.72242e+06 6.8268e+06
1531729041923696 6.72556e+06 6.8301e+06
1531729042056840 6.72982e+06 6.83447e+06
1531729042156829 6.73289e+06 6.83764e+06
1531729042290025 6.73715e+06 6.84182e+06
1531729042423193 6.74125e+06 6.846e+06
1531729042523059 6.74438e+06 6.84907e+06
1531729042656260 6.74847e+06 6.8532e+06
1531729042756222 6.75157e+06 6.85637e+06
1531729042889230 6.75573e+06 6.86078e+06
1531729043021453 6.75967e+06 6.86511e+06
1531729043121417 6.76276e+06 6.86835e+06
1531729043254626 6.76678e+06 6.87255e+06
1531729043387797 6.77097e+06 6.87686e+06
1531729043486999 6.77386e+06 6.88009e+06
1531729043620210 6.7776e+06 6.88443e+06
1531729043719260 6.78035e+06 6.88773e+06
1531729043851557 6.78382e+06 6.89214e+06
1531729043984774 6.7874e+06 6.89665e+06
1531729044084054 6.78999e+06 6.89995e+06
1531729044216751 6.79334e+06 6.90432e+06
1531729044348881 6.7967e+06 6.90861e+06
1531729044448906 6.79912e+06 6.91193e+06
1531729044581589 6.80234e+06 6.91639e+06
1531729044714229 6.80564e+06 6.92077e+06
1531729044813581 6.80801e+06 6.92397e+06
1531729044946157 6.81134e+06 6.92829e+06
1531729045046063 6.81395e+06 6.93151e+06
1531729045178690 6.81738e+06 6.93575e+06
1531729045311586 6.82102e+06 6.94004e+06
1531729045411483 6.82381e+06 6.9434e+06
1531729045544528 6.82747e+06 6.94793e+06
1531729045677716 6.83136e+06 6.95234e+06
1531729045777532 6.83428e+06 6.95562e+06
1531729045910734 6.83836e+06 6.95984e+06
1531729046010627 6.84133e+06 6.96304e+06
1531729046143874 6.84526e+06 6.96739e+06
1531729046277137 6.8493e+06 6.97193e+06
1531729046377084 6.85225e+06 6.97527e+06
1531729046510284 6.85637e+06 6.97972e+06
1531729046610044 6.85936e+06 6.98292e+06
1531729046743280 6.86356e+06 6.98713e+06
1531729046876497 6.8678e+06 6.99136e+06
1531729046976991 6.87099e+06 6.99462e+06
1531729047110695 6.87536e+06 6.99926e+06
1531729047244339 6.87962e+06 7.00379e+06
1531729047344612 6.88285e+06 7.00706e+06
1531729047478408 6.88706e+06 7.01128e+06
1531729047611979 6.89142e+06 7.01555e+06
1531729047712467 6.89454e+06 7.01875e+06
1531729047846552 6.8988e+06 7.0231e+06
1531729047946915 6.90189e+06 7.02643e+06
1531729048080653 6.90612e+06 7.03105e+06
1531729048180516 6.90922e+06 7.03442e+06
1531729048313731 6.91337e+06 7.03878e+06
1531729048447417 6.91767e+06 7.04298e+06
1531729048547302 6.92082e+06 7.0461e+06
1531729048680481 6.92507e+06 7.05026e+06
1531729048813700 6.92916e+06 7.05449e+06
1531729048913457 6.93236e+06 7.05769e+06
1531729049046782 6.93652e+06 7.06184e+06
1531729049146642 6.93975e+06 7.06489e+06
1531729049279745 6.94402e+06 7.06879e+06
1531729049412971 6.94829e+06 7.07251e+06
1531729049512962 6.95144e+06 7.07517e+06
1531729049647244 6.95564e+06 7.07871e+06
1531729049780340 6.95988e+06 7.08229e+06
1531729049880034 6.96295e+06 7.08498e+06
1531729050013341 6.96714e+06 7.08838e+06
1531729050113238 6.97033e+06 7.09102e+06
1531729050246469 6.97479e+06 7.09441e+06
1531729050379607 6.97916e+06 7.0977e+06
1531729050479321 6.98253e+06 7.1001e+06
1531729050613041 6.98705e+06 7.10329e+06
1531729050746752 6.9917e+06 7.10645e+06
1531729050847259 6.99509e+06 7.10877e+06
1531729050980372 6.99964e+06 7.11191e+06
1531729051080355 7.00304e+06 7.1144e+06
1531729051213549 7.00758e+06 7.11788e+06
1531729051346668 7.01198e+06 7.12138e+06
1531729051446658 7.01526e+06 7.12409e+06
1531729051579854 7.01965e+06 7.12774e+06
1531729051713001 7.02398e+06 7.13143e+06
1531729051812741 7.02727e+06 7.13427e+06
1531729051945976 7.03158e+06 7.13807e+06
1531729052045855 7.03486e+06 7.14092e+06
1531729052179172 7.03914e+06 7.14479e+06
1531729052312423 7.04352e+06 7.14884e+06
1531729052412501 7.04668e+06 7.15205e+06
1531729052545341 7.0508e+06 7.1562e+06
1531729052678524 7.05486e+06 7.16032e+06
1531729052778308 7.05806e+06 7.16342e+06
1531729052911463 7.06244e+06 7.16769e+06
1531729053011333 7.06571e+06 7.17093e+06
1531729053144686 7.07021e+06 7.1753e+06
1531729053277854 7.07467e+06 7.17975e+06
1531729053377895 7.07808e+06 7.18317e+06
1531729053511227 7.08244e+06 7.18765e+06
1531729053644618 7.08694e+06 7.19198e+06
1531729053744513 7.09022e+06 7.19515e+06
1531729053877766 7.09468e+06 7.19941e+06
1531729053977757 7.0979e+06 7.20274e+06
1531729054110932 7.10235e+06 7.20722e+06
1531729054244066 7.10671e+06 7.21163e+06
1531729054344024 7.11011e+06 7.21489e+06
1531729054477286 7.11463e+06 7.21928e+06
1531729054577167 7.1181e+06 7.22252e+06
1531729054710464 7.12262e+06 7.22682e+06
1531729054843503 7.12713e+06 7.23116e+06
1531729054943388 7.13042e+06 7.23465e+06
1531729055076436 7.13469e+06 7.23929e+06
1531729055209553 7.13904e+06 7.24372e+06
1531729055309478 7.14237e+06 7.24693e+06
1531729055442641 7.14697e+06 7.25122e+06
1531729055542650 7.15028e+06 7.25445e+06
1531729055675853 7.15491e+06 7.25872e+06
1531729055809068 7.15959e+06 7.26295e+06
1531729055909006 7.16323e+06 7.26605e+06
1531729056042062 7.16793e+06 7.27008e+06
1531729056141829 7.17156e+06 7.27291e+06
1531729056275053 7.17637e+06 7.2765e+06
1531729056408227 7.18116e+06 7.27981e+06
1531729056508249 7.18454e+06 7.28224e+06
1531729056641433 7.18911e+06 7.2856e+06
1531729056774538 7.19361e+06 7.28896e+06
1531729056874238 7.19699e+06 7.29137e+06
1531729057007513 7.20133e+06 7.29457e+06
1531729057140863 7.20584e+06 7.2978e+06
1531729057240851 7.20911e+06 7.30027e+06
1531729057373991 7.21358e+06 7.30365e+06
1531729057473731 7.21673e+06 7.30627e+06
1531729057606894 7.221e+06 7.30983e+06
1531729057740073 7.22509e+06 7.31334e+06
1531729057840036 7.22824e+06 7.31608e+06
1531729057973399 7.23233e+06 7.31993e+06
1531729058073061 7.23524e+06 7.32287e+06
1531729058206336 7.23917e+06 7.32684e+06
1531729058339583 7.24299e+06 7.33103e+06
1531729058439484 7.24601e+06 7.33426e+06
1531729058572595 7.24994e+06 7.33855e+06
1531729058705937 7.25402e+06 7.34265e+06
1531729058805866 7.25722e+06 7.34565e+06
1531729058938966 7.26148e+06 7.34963e+06
1531729059072147 7.26578e+06 7.35388e+06
1531729059172026 7.26887e+06 7.35724e+06
1531729059305199 7.27318e+06 7.36182e+06
1531729059438351 7.27742e+06 7.36624e+06
1531729059538218 7.28079e+06 7.36952e+06
1531729059671398 7.28518e+06 7.37386e+06
1531729059804651 7.28971e+06 7.37807e+06
1531729059904444 7.29302e+06 7.38121e+06
1531729060037629 7.29759e+06 7.38553e+06
1531729060137449 7.30091e+06 7.38886e+06
1531729060270771 7.30535e+06 7.39323e+06
1531729060403867 7.30968e+06 7.39748e+06
1531729060503865 7.31291e+06 7.40065e+06
1531729060637145 7.31726e+06 7.405e+06
1531729060770359 7.32148e+06 7.40924e+06
1531729060870349 7.32474e+06 7.41241e+06
1531729061003345 7.32902e+06 7.41668e+06
1531729061136672 7.33344e+06 7.42106e+06
1531729061236627 7.3366e+06 7.42435e+06
1531729061369665 7.34095e+06 7.42866e+06
1531729061469384 7.34411e+06 7.43183e+06
1531729061602638 7.34844e+06 7.43609e+06
1531729061735785 7.35262e+06 7.44056e+06
1531729061835683 7.35582e+06 7.44396e+06
1531729061968891 7.36006e+06 7.44846e+06
1531729062102075 7.36435e+06 7.45286e+06
1531729062202054 7.36768e+06 7.45625e+06
1531729062335108 7.37206e+06 7.46066e+06
1531729062435005 7.37543e+06 7.46395e+06
1531729062568370 7.37986e+06 7.46835e+06
1531729062701417 7.38443e+06 7.4729e+06
1531729062801390 7.38767e+06 7.47626e+06
1531729062934598 7.39216e+06 7.48058e+06
1531729063034370 7.3955e+06 7.48375e+06
1531729063167467 7.4003e+06 7.48806e+06
1531729063300695 7.40487e+06 7.4925e+06
1531729063400523 7.40834e+06 7.49584e+06
1531729063533762 7.41284e+06 7.50036e+06
1531729063666923 7.41742e+06 7.50485e+06
1531729063766927 7.42064e+06 7.50821e+06
1531729063900046 7.42508e+06 7.51257e+06
1531729063999953 7.42845e+06 7.51583e+06
1531729064133169 7.43306e+06 7.52012e+06
1531729064266336 7.43746e+06 7.52446e+06
1531729064366336 7.44078e+06 7.52776e+06
1531729064499560 7.44518e+06 7.53226e+06
1531729064632822 7.44952e+06 7.53663e+06
1531729064732695 7.4528e+06 7.53987e+06
1531729064865859 7.45714e+06 7.54416e+06
1531729064999191 7.46149e+06 7.54835e+06
1531729065099130 7.46466e+06 7.55148e+06
1531729065232295 7.46898e+06 7.5557e+06
1531729065332096 7.47207e+06 7.55902e+06
1531729065465174 7.47623e+06 7.56336e+06
1531729065598382 7.48035e+06 7.56761e+06
1531729065698261 7.4837e+06 7.57073e+06
1531729065831506 7.48822e+06 7.575e+06
1531729065931416 7.49154e+06 7.57816e+06
1531729066031276 7.49489e+06 7.5813e+06
1531729066164423 7.49922e+06 7.58551e+06
1531729066264264 7.5025e+06 7.58867e+06
1531729066397536 7.50652e+06 7.59288e+06
1531729066497402 7.50955e+06 7.59598e+06
1531729066630702 7.51343e+06 7.60008e+06
1531729066763834 7.51706e+06 7.60407e+06
1531729066863739 7.51967e+06 7.60713e+06
1531729066996717 7.52279e+06 7.61125e+06
1531729067129884 7.52577e+06 7.61529e+06
1531729067229902 7.52784e+06 7.61823e+06
1531729067363204 7.53029e+06 7.62208e+06
1531729067496443 7.53246e+06 7.62595e+06
1531729067596210 7.53394e+06 7.62876e+06
1531729067729391 7.53563e+06 7.63235e+06
1531729067829181 7.53668e+06 7.63504e+06
1531729067962353 7.53785e+06 7.63868e+06
1531729068095738 7.53877e+06 7.6423e+06
1531729068195598 7.53938e+06 7.64492e+06
1531729068329190 7.54014e+06 7.64824e+06
1531729068462736 7.54084e+06 7.65138e+06
1531729068562728 7.54134e+06 7.65356e+06
1531729068696044 7.542e+06 7.6564e+06
1531729068795994 7.54248e+06 7.65861e+06
1531729068929189 7.54314e+06 7.66157e+06
1531729069062340 7.54391e+06 7.66445e+06
1531729069162398 7.54468e+06 7.66666e+06
1531729069295565 7.54604e+06 7.66962e+06
1531729069395525 7.5472e+06 7.67181e+06
1531729069528641 7.54886e+06 7.67468e+06
1531729069661988 7.55078e+06 7.67757e+06
1531729069761804 7.55248e+06 7.67976e+06
1531729069895045 7.55486e+06 7.68266e+06
1531729070028231 7.55734e+06 7.68561e+06
1531729070128239 7.55939e+06 7.68791e+06
1531729070261430 7.5623e+06 7.69106e+06
1531729070361382 7.56455e+06 7.69347e+06
1531729070494541 7.56777e+06 7.69665e+06
1531729070627729 7.57119e+06 7.69978e+06
1531729070727573 7.57369e+06 7.70212e+06
1531729070860877 7.57714e+06 7.70521e+06
1531729070994125 7.58064e+06 7.70838e+06
1531729071093953 7.58334e+06 7.71087e+06
1531729071193807 7.58621e+06 7.71336e+06
1531729071327009 7.58994e+06 7.71666e+06
1531729071459990 7.59371e+06 7.71999e+06
1531729071559800 7.59657e+06 7.72253e+06
1531729071693143 7.60028e+06 7.72607e+06
1531729071826315 7.60408e+06 7.72963e+06
1531729071926297 7.60686e+06 7.73233e+06
1531729072059492 7.61072e+06 7.73602e+06
1531729072159433 7.6137e+06 7.73882e+06
1531729072292577 7.61765e+06 7.74268e+06
1531729072425758 7.62184e+06 7.74681e+06
1531729072558807 7.62592e+06 7.75101e+06
1531729072658617 7.62907e+06 7.7541e+06
1531729072791772 7.63315e+06 7.75811e+06
1531729072891777 7.63643e+06 7.76123e+06
1531729073025002 7.64079e+06 7.76537e+06
1531729073158320 7.64517e+06 7.76954e+06
1531729073258153 7.64846e+06 7.77268e+06
1531729073391353 7.65292e+06 7.77708e+06
1531729073524566 7.65745e+06 7.78181e+06
1531729073624258 7.66074e+06 7.7854e+06
1531729073757534 7.66522e+06 7.79022e+06
1531729073857393 7.66857e+06 7.79388e+06
1531729073990512 7.67322e+06 7.79875e+06
1531729074123674 7.67768e+06 7.80342e+06
1531729074223613 7.6812e+06 7.8069e+06
1531729074356866 7.68583e+06 7.81164e+06
1531729074490105 7.69053e+06 7.81628e+06
1531729074590104 7.69386e+06 7.81965e+06
1531729074723268 7.69841e+06 7.82408e+06
1531729074823045 7.70175e+06 7.82745e+06
1531729074956336 7.70639e+06 7.83209e+06
1531729075089375 7.71081e+06 7.83678e+06
1531729075189277 7.71428e+06 7.84033e+06
1531729075322497 7.71878e+06 7.84498e+06
1531729075455564 7.72352e+06 7.8496e+06
1531729075555472 7.72699e+06 7.85298e+06
1531729075688788 7.73177e+06 7.85743e+06
1531729075788637 7.73525e+06 7.86078e+06
1531729075921876 7.74004e+06 7.86543e+06
1531729076055186 7.74466e+06 7.87011e+06
1531729076154857 7.74821e+06 7.87358e+06
1531729076288110 7.75282e+06 7.87818e+06
1531729076421423 7.75768e+06 7.8829e+06
1531729076521258 7.76118e+06 7.88643e+06
1531729076654389 7.76593e+06 7.89114e+06
1531729076754375 7.76941e+06 7.89472e+06
1531729076887619 7.77416e+06 7.89955e+06
1531729077020756 7.77873e+06 7.9042e+06
1531729077120542 7.78233e+06 7.90765e+06
1531729077253571 7.78715e+06 7.91232e+06
1531729077386684 7.7921e+06 7.91714e+06
1531729077486727 7.79561e+06 7.92074e+06
1531729077619873 7.80038e+06 7.9256e+06
1531729077753156 7.80502e+06 7.9305e+06
1531729077853083 7.80856e+06 7.9341e+06
1531729077986402 7.81313e+06 7.93873e+06
1531729078086144 7.81676e+06 7.94212e+06
1531729078219259 7.82144e+06 7.94652e+06
1531729078352466 7.82628e+06 7.95108e+06
1531729078452373 7.82974e+06 7.95463e+06
1531729078585496 7.83443e+06 7.95945e+06
1531729078685494 7.83786e+06 7.96302e+06
1531729078818646 7.84267e+06 7.96779e+06
1531729078951951 7.84734e+06 7.9724e+06
1531729079051805 7.85091e+06 7.97578e+06
1531729079185142 7.85547e+06 7.98028e+06
1531729079285109 7.85905e+06 7.98386e+06
1531729079418340 7.86351e+06 7.98858e+06
1531729079551470 7.86808e+06 7.99318e+06
1531729079684767 7.8727e+06 7.99776e+06
1531729079784570 7.87642e+06 8.00126e+06
1531729079917740 7.88101e+06 8.00577e+06
1531729080017663 7.88448e+06 8.00913e+06
1531729080150797 7.88899e+06 8.01379e+06
1531729080283958 7.89366e+06 8.01865e+06
1531729080383823 7.89696e+06 8.02217e+06
1531729080516873 7.90158e+06 8.02684e+06
1531729080650110 7.90628e+06 8.03157e+06
1531729080749974 7.90984e+06 8.03513e+06
1531729080883239 7.91436e+06 8.0399e+06
1531729080983202 7.91782e+06 8.04349e+06
1531729081116328 7.92231e+06 8.0482e+06
1531729081249421 7.92699e+06 8.05281e+06
1531729081349385 7.93044e+06 8.05614e+06
1531729081482615 7.93512e+06 8.06049e+06
1531729081615597 7.93969e+06 8.06479e+06
1531729081715559 7.9433e+06 8.0681e+06
1531729081848825 7.94802e+06 8.07235e+06
1531729081948717 7.95162e+06 8.0754e+06
1531729082081866 7.95642e+06 8.07929e+06
1531729082215209 7.96155e+06 8.08321e+06
1531729082348330 7.96653e+06 8.08723e+06
1531729082448211 7.97024e+06 8.0902e+06
1531729082581393 7.97506e+06 8.0942e+06
1531729082681181 7.97874e+06 8.09718e+06
1531729082814402 7.98335e+06 8.10114e+06
1531729082947456 7.98807e+06 8.10494e+06
1531729083047405 7.9916e+06 8.10767e+06
1531729083180733 7.99637e+06 8.11121e+06
1531729083314116 8.00082e+06 8.11471e+06
1531729083414021 8.00411e+06 8.11738e+06
1531729083547396 8.00818e+06 8.12093e+06
1531729083680814 8.01212e+06 8.12427e+06
1531729083780634 8.01473e+06 8.12664e+06
1531729083913961 8.01794e+06 8.1296e+06
1531729084013950 8.0201e+06 8.1316e+06
1531729084147099 8.02239e+06 8.13389e+06
1531729084247069 8.02368e+06 8.13532e+06
1531729084380213 8.02483e+06 8.13672e+06
1531729084513502 8.02549e+06 8.13758e+06
1531729084613344 8.02582e+06 8.13795e+06
1531729084746448 8.02615e+06 8.13833e+06
1531729084879575 8.0264e+06 8.13865e+06
1531729084979362 8.02654e+06 8.13884e+06
1531729085112499 8.02669e+06 8.13902e+06
1531729085245843 8.02677e+06 8.13912e+06
1531729085345710 8.0268e+06 8.13915e+06
1531729085478811 8.0268e+06 8.13915e+06
1531729085578773 8.02679e+06 8.13913e+06
1531729085711894 8.02677e+06 8.13911e+06
1531729085845131 8.02677e+06 8.13911e+06
1531729085945035 8.02678e+06 8.13912e+06
1531729086078394 8.02678e+06 8.13912e+06
1531729086178270 8.02678e+06 8.13912e+06
1531729086311568 8.02678e+06 8.13912e+06
1531729086444715 8.02678e+06 8.13912e+06
1531729086544677 8.02678e+06 8.13912e+06
1531729086677685 8.02678e+06 8.13912e+06
1531729086810686 8.02678e+06 8.13912e+06
1531729086910696 8.02678e+06 8.13912e+06
1531729087043921 8.02678e+06 8.13912e+06
1531729087177201 8.02678e+06 8.13912e+06
1531729087277076 8.02678e+06 8.13912e+06
1531729087410284 8.02678e+06 8.13912e+06
1531729087543529 8.02678e+06 8.13912e+06
1531729087643373 8.02678e+06 8.13912e+06
1531729087776410 8.02678e+06 8.13912e+06
1531729087876305 8.02678e+06 8.13912e+06
1531729088009656 8.02678e+06 8.13912e+06
1531729088142922 8.02678e+06 8.13912e+06
1531729088242863 8.02678e+06 8.13912e+06
1531729088376004 8.02678e+06 8.13912e+06
1531729088475903 8.02678e+06 8.13912e+06
1531729088608963 8.02678e+06 8.13912e+06
