2.02018 -0.0173867 -0.0172126
2.16166 -0.0200658 -0.0206551
2.27112 -0.0225626 -0.0249582
2.4147 -0.0259614 -0.0223762
2.55753 -0.0282357 -0.00946689
2.66798 -0.028806 -0.000860442
2.816 -0.0270225 0.0249582
2.97007 -0.0215837 0.0456134
3.08419 -0.0154887 0.0611046
3.23744 -0.00538395 0.0705713
3.35396 0.00239887 0.0628257
3.50838 0.0123136 0.0654076
3.66606 0.0223692 0.0619652
3.78143 0.0300754 0.071432
3.93616 0.0410802 0.0705714
4.08938 0.0517125 0.0679895
4.20781 0.0596232 0.0654075
4.3688 0.0688473 0.0490557
4.48622 0.0742574 0.0430313
4.64182 0.0797502 0.02754
4.79689 0.0838216 0.0249582
4.91958 0.0866729 0.0215157
5.07945 0.0903886 0.0249582
5.23799 0.0937319 0.0172125
5.35591 0.095305 0.00946689
5.51717 0.0959295 -0.00172125
5.6395 0.0951925 -0.0103275
5.795 0.0937873 -0.00774567
5.9528 0.0922255 -0.0120488
6.07149 0.091255 -0.00430311
6.23677 0.0908283 -0.000860534
6.39995 0.0917411 0.0120488
6.524 0.0935028 0.0163519
6.68849 0.0963344 0.0180732
6.85222 0.0994347 0.0197944
6.97491 0.101969 0.0215157
7.13918 0.106141 0.0292613
7.30746 0.111066 0.0292613
7.43529 0.115193 0.0352857
7.6112 0.121555 0.037007
7.78324 0.128814 0.0473345
7.91215 0.134753 0.0447526
8.08206 0.142289 0.0438918
8.21485 0.147263 0.0309826
8.38735 0.152312 0.02754
8.51866 0.15542 0.0197944
8.73088 0.15953 0.0189336
8.86318 0.16101 0.00344236
9.0369 0.159814 -0.0172125
9.16743 0.156162 -0.0387282
9.33563 0.14892 -0.0473345
9.46624 0.142395 -0.0524982
9.64053 0.133989 -0.043892
9.81405 0.125619 -0.0524983
9.94118 0.11872 -0.0559407
10.0713 0.110981 -0.0628257
10.2436 0.100146 -0.0628257
10.3689 0.0926386 -0.0568013
10.5369 0.0834531 -0.0524981
10.6623 0.0777804 -0.0378676
10.8348 0.0728798 -0.0189338
10.9986 0.0717524 0.00516376
11.1213 0.0724917 0.00688499
11.2835 0.0733294 0.00344251
11.4496 0.0727577 -0.0103275
11.5698 0.0715678 -0.00946691
11.7318 0.0698248 -0.0120488
11.8547 0.0687142 -0.00602439
12.0219 0.0697215 0.0180734
12.1904 0.0751601 0.0464741
12.3148 0.082557 0.0722926
12.4823 0.0954104 0.080899
12.6499 0.110314 0.0963902
12.7778 0.122899 0.0998328
12.942 0.140413 0.112742
13.0664 0.154339 0.11016
13.2298 0.171913 0.104136
13.3955 0.187646 0.0852018
13.5196 0.197008 0.0654076
13.6876 0.204459 0.0232369
13.8132 0.204837 -0.0172128
13.9822 0.19858 -0.0568014
14.1523 0.187804 -0.0697107
14.2806 0.179008 -0.0671289
14.4496 0.168014 -0.0628257
14.6171 0.158129 -0.0550801
14.744 0.151076 -0.0559407
14.9117 0.140818 -0.0662684
15.0769 0.127999 -0.0886446
15.1991 0.116925 -0.092087
15.369 0.101232 -0.0920869
15.4938 0.0907375 -0.0757351
15.6586 0.0789407 -0.0671288
15.7798 0.0711638 -0.0611046
15.9472 0.0599815 -0.0722926
16.0728 0.0503956 -0.0800383
16.2347 0.0372015 -0.0826202
16.3969 0.0238364 -0.0817595
16.5634 0.0108416 -0.0740139
16.6904 0.00175463 -0.0688501
16.8544 -0.00919767 -0.064547
16.9802 -0.0182027 -0.0783172
17.1471 -0.033757 -0.107578
17.3164 -0.0554353 -0.147167
17.4371 -0.0739175 -0.156634
17.6016 -0.100265 -0.160937
17.7651 -0.124783 -0.13684
17.8896 -0.141327 -0.127373
18.0503 -0.160364 -0.108439
18.1698 -0.173324 -0.107578
18.3239 -0.189562 -0.102414
18.4685 -0.201976 -0.0688501
18.5744 -0.207039 -0.0266794
18.7094 -0.204599 0.0628265
18.8044 -0.194592 0.147167
18.9236 -0.169979 0.25991
19.0348 -0.13306 0.381259
19.1123 -0.0973658 0.481951
19.2062 -0.0400044 0.614487
19.2903 0.0279885 0.745304
19.3463 0.0854104 0.852022
19.4082 0.170489 1.03017
19.4434 0.240792 1.18336
19.4718 0.337582 1.38819
19.4801 0.436172 1.58441
19.474 0.509353 1.7247
19.4506 0.602321 1.91059
19.4098 0.689113 2.10854
19.368 0.748305 2.26345
19.2979 0.816766 2.47258
19.2364 0.858332 2.62147
19.1444 0.900516 2.8022
19.0414 0.927945 2.96056
18.9615 0.938543 3.05867
18.8538 0.941358 -3.11092
18.7407 0.93222 -3.01108
18.6506 0.917466 -2.9474
18.5275 0.887937 -2.86478
18.4053 0.849021 -2.80195
18.3087 0.813865 -2.78302
18.1773 0.763566 -2.76925
18.0797 0.725031 -2.7615
17.9431 0.670643 -2.76408
17.8061 0.616114 -2.7615
17.699 0.573589 -2.7658
17.5601 0.51859 -2.76322
17.4214 0.463601 -2.76494
17.3136 0.421375 -2.77183
17.1706 0.366936 -2.78388
17.0247 0.314818 -2.81314
16.9187 0.279259 -2.82261
16.7743 0.232873 -2.83896
16.6276 0.187413 -2.84326
16.519 0.154991 -2.85961
16.374 0.115402 -2.8906
16.2649 0.0883384 -2.90609
16.1152 0.0547312 -2.93535
15.9623 0.0238203 -2.94912
15.8436 0.00222846 -2.97408
15.6842 -0.0231829 -2.99301
15.5234 -0.0449858 -3.02055
15.4047 -0.0586444 -3.03346
15.2396 -0.0740592 -3.06358
15.0779 -0.0849479 -3.0851
14.9563 -0.0912476 -3.09456
14.7964 -0.098981 -3.09198
14.6749 -0.106013 -3.07563
14.5077 -0.117923 -3.0653
14.3453 -0.132302 -3.04121
14.2233 -0.144706 -3.03948
14.0606 -0.161728 -3.03518
13.8942 -0.17682 -3.06702
13.7732 -0.185081 -3.07993
13.6112 -0.194102 -3.09198
13.486 -0.200859 -3.08338
13.3142 -0.212209 -3.06788
13.187 -0.221764 -3.0653
13.0223 -0.235212 -3.05498
12.8551 -0.249079 -3.06272
12.6851 -0.262291 -3.0653
12.5587 -0.27157 -3.07133
12.3948 -0.284024 -3.06014
12.2679 -0.294383 -3.06014
12.1006 -0.309058 -3.04809
11.9335 -0.323644 -3.061
11.8115 -0.333283 -3.06444
11.6474 -0.344127 -3.08682
11.4831 -0.352569 -3.0937
11.3572 -0.35822 -3.09973
11.1887 -0.366153 -3.0894
11.06 -0.374093 -3.07047
10.8871 -0.38784 -3.05411
10.7131 -0.403326 -3.05153
10.5815 -0.41372 -3.07391
10.409 -0.422511 -3.10747
10.2386 -0.426493 -3.12899
10.0653 -0.428976 -3.12555
9.93472 -0.431689 -3.11608
9.76414 -0.436923 -3.10575
9.63553 -0.440593 -3.12038
9.46163 -0.44241 3.14129
9.28622 -0.438658 3.09912
9.15906 -0.432266 3.08362
8.98845 -0.420154 3.05781
8.85832 -0.409281 3.05867
8.68428 -0.394288 3.05264
8.51848 -0.379788 3.05608
8.39282 -0.368472 3.04748
8.22517 -0.353084 3.05264
8.05438 -0.338297 3.05781
7.92969 -0.329336 3.0819
7.76089 -0.322671 3.12235
7.63299 -0.323347 -3.11178
7.4639 -0.335102 -3.0326
7.29967 -0.359685 -2.95342
7.18478 -0.385379 -2.88973
7.03189 -0.430956 -2.814
6.88731 -0.488215 -2.71503
6.78426 -0.539789 -2.64015
6.65488 -0.618584 -2.54893
6.53707 -0.706936 -2.44737
6.4522 -0.782611 -2.37938
6.34632 -0.891743 -2.30279
6.27447 -0.97613 -2.24943
6.18326 -1.09563 -2.19607
6.09643 -1.22579 -2.12206
6.03768 -1.32693 -2.07214
5.96466 -1.46769 -2.02653
5.89679 -1.61207 -1.99382
5.84647 -1.72568 -1.98177
5.78374 -1.87486 -1.95595
5.73801 -1.98977 -1.94305
5.67813 -2.14753 -1.92411
5.6199 -2.31283 -1.89485
5.58007 -2.43759 -1.86473
5.5327 -2.60413 -1.83116
5.49879 -2.73321 -1.82428
5.45589 -2.90551 -1.80535
5.41594 -3.08205 -1.78125
5.39038 -3.2148 -1.7408
5.36415 -3.39661 -1.68744
5.34887 -3.57909 -1.62117
5.34336 -3.71972 -1.59879
5.3408 -3.90512 -1.57039
5.34165 -4.04682 -1.55921
5.3475 -4.23848 -1.52134
5.35851 -4.43068 -1.50585
5.36865 -4.56991 -1.49036
5.38423 -4.7591 -1.48691
5.40092 -4.95069 -1.48089
5.41326 -5.09532 -1.49036
5.42811 -5.28245 -1.49294
5.44361 -5.47376 -1.48691
5.45622 -5.62145 -1.48433
5.47412 -5.81717 -1.47486
5.48853 -5.96296 -1.4697
5.5099 -6.15698 -1.45249
5.53133 -6.35081 -1.46884
5.54964 -6.53687 -1.47659
5.56226 -6.6755 -1.48347
5.57956 -6.8603 -1.47142
5.59335 -7.00172 -1.47573
5.61158 -7.17468 -1.45593
5.63337 -7.34664 -1.43355
5.65292 -7.47187 -1.39827
5.68547 -7.639 -1.35868
5.72541 -7.798 -1.29069
5.76464 -7.91772 -1.21754
5.83468 -8.07586 -1.09016
5.89935 -8.18664 -0.994634
5.99968 -8.32564 -0.896524
6.11289 -8.45308 -0.792387
6.20632 -8.54182 -0.72698
6.33671 -8.64802 -0.640057
6.47567 -8.74135 -0.542805
6.63172 -8.82361 -0.427481
6.75351 -8.87228 -0.332813
6.92201 -8.92118 -0.232119
7.10014 -8.9544 -0.13659
7.23959 -8.97039 -0.0918374
7.41999 -8.98256 -0.0427821
7.55589 -8.98621 -0.0109385
7.74264 -8.98359 0.0389774
7.93442 -8.97197 0.082009
8.07547 -8.95848 0.108688
8.26312 -8.93539 0.136228
8.45279 -8.90722 0.158605
8.59324 -8.88451 0.162047
8.77479 -8.85298 0.181842
8.96354 -8.81508 0.214546
9.1054 -8.78173 0.247249
9.29128 -8.73387 0.256716
9.42896 -8.69798 0.253273
9.6204 -8.65185 0.219709
9.80894 -8.6139 0.177538
9.95017 -8.59118 0.141392
10.1384 -8.5653 0.131925
10.2857 -8.54581 0.131064
10.4783 -8.52194 0.115573
10.6682 -8.50188 0.0949182
10.809 -8.48952 0.0802875
10.9953 -8.47566 0.0682384
11.1801 -8.46741 0.020904
11.3195 -8.46648 -0.0074964
11.4616 -8.47005 -0.0427821
11.6915 -8.48834 -0.115936
11.8263 -8.50905 -0.189089
11.9992 -8.55016 -0.277733
12.1242 -8.59099 -0.353469
12.2852 -8.6588 -0.443834
12.4403 -8.74039 -0.524734
12.5867 -8.83394 -0.612518
12.6878 -8.91004 -0.677924
12.8154 -9.02423 -0.78206
12.9031 -9.11682 -0.843166
13.0103 -9.24986 -0.942137
13.1024 -9.38936 -1.03164
13.1652 -9.50302 -1.10135
13.2373 -9.65724 -1.16504
13.3001 -9.81656 -1.22614
13.3406 -9.93726 -1.26745
13.3875 -10.1059 -1.332
13.4245 -10.2749 -1.37847
13.4484 -10.4062 -1.40257
13.4763 -10.5843 -1.42839
13.4943 -10.72 -1.44905
13.5146 -10.8975 -1.46454
13.5325 -11.0784 -1.48003
13.5441 -11.2185 -1.49638
13.556 -11.4043 -1.5179
13.5644 -11.5866 -1.53167
13.5699 -11.7275 -1.53081
13.5774 -11.9212 -1.53339
13.5833 -12.0654 -1.52736
13.5912 -12.2563 -1.53081
13.5974 -12.4003 -1.52564
13.6035 -12.5937 -1.55232
13.6056 -12.7791 -1.56695
13.6053 -12.9668 -1.57814
13.6053 -13.1103 -1.56265
13.6079 -13.3039 -1.55232
13.6113 -13.444 -1.54113
13.6167 -13.6344 -1.54371
13.6216 -13.8272 -1.54716
13.6243 -13.9712 -1.55662
13.6267 -14.1562 -1.55921
13.6288 -14.2969 -1.55232
13.6337 -14.4884 -1.53769
13.6405 -14.6764 -1.53167
13.6459 -14.8172 -1.53425
13.6532 -15.01 -1.53081
13.6595 -15.203 -1.54544
13.6631 -15.3421 -1.54544
13.6675 -15.5311 -1.54888
13.6718 -15.6766 -1.53425
13.6789 -15.8721 -1.53425
13.6861 -16.0598 -1.53081
13.6911 -16.2028 -1.54113
13.6959 -16.3947 -1.5506
13.6972 -16.5373 -1.57298
13.6955 -16.7233 -1.58675
13.6919 -16.9148 -1.59277
13.6887 -17.0609 -1.59277
13.6839 -17.2509 -1.5988
13.6774 -17.4362 -1.61343
13.6712 -17.5733 -1.61859
13.6618 -17.7574 -1.62461
13.6533 -17.9391 -1.60998
13.6487 -18.0812 -1.59707
13.6469 -18.2737 -1.56265
13.6488 -18.4167 -1.55232
13.6556 -18.6638 -1.53425
13.6599 -18.7902 -1.53941
13.6648 -18.9307 -1.53339
13.6708 -19.1164 -1.54285
13.6768 -19.2979 -1.53339
13.682 -19.4374 -1.53339
13.6903 -19.6219 -1.51876
13.6983 -19.8081 -1.53597
13.7022 -19.9451 -1.54888
13.7032 -20.1298 -1.58244
13.701 -20.2674 -1.59105
13.6952 -20.4551 -1.61256
13.6878 -20.6415 -1.60826
13.6827 -20.7806 -1.60654
13.6759 -20.9645 -1.60826
13.6686 -21.1026 -1.64011
13.6506 -21.2827 -1.70035
13.6217 -21.46 -1.7649
13.5922 -21.5937 -1.80965
13.5446 -21.7684 -1.86473
13.4866 -21.9378 -1.93702
13.4364 -22.0575 -1.99813
13.3541 -22.2153 -2.10484
13.257 -22.3619 -2.20726
13.1736 -22.4644 -2.29934
13.0502 -22.5875 -2.41553
12.9467 -22.6711 -2.50848
12.7967 -22.77 -2.60917
12.6402 -22.8522 -2.70728
12.5166 -22.903 -2.79593
12.3494 -22.9535 -2.90006
12.1745 -22.9877 -2.99731
12.0405 -23.0037 -3.04723
11.8555 -23.0156 -3.10833
11.6714 -23.0173 3.12666
11.5342 -23.0122 3.08362
11.3498 -22.9967 3.03113
11.211 -22.9786 2.99326
11.0281 -22.9469 2.94679
10.8504 -22.9099 2.92527
10.7107 -22.879 2.92355
10.5222 -22.8406 2.95711
10.3317 -22.8079 2.98637
10.1896 -22.7876 3.01305
9.99308 -22.7641 3.03199
9.80143 -22.7459 3.06125
9.65703 -22.7355 3.07932
9.45911 -22.7277 3.12494
9.30475 -22.7271 -3.13329
9.10462 -22.7315 -3.10575
8.95899 -22.7371 -3.10059
8.76593 -22.7462 -3.08854
8.57403 -22.7557 -3.09542
8.39104 -22.7625 -3.1135
8.25263 -22.7653 -3.12899
8.0655 -22.7629 3.10256
7.88745 -22.7498 3.03457
7.75673 -22.7307 2.95797
7.58957 -22.6894 2.84093
7.42639 -22.6265 2.70667
7.31393 -22.5677 2.612
7.17363 -22.4732 2.48635
7.07438 -22.3896 2.39598
6.95432 -22.2669 2.29529
6.84831 -22.1359 2.20665
6.7763 -22.0307 2.13521
6.6922 -21.8793 2.02075
6.62605 -21.7232 1.92264
6.5851 -21.5982 1.85207
6.54127 -21.4262 1.78838
6.50771 -21.2467 1.72297
6.49 -21.1137 1.68339
6.47484 -20.9322 1.62486
6.4698 -20.7906 1.58786
6.47079 -20.6034 1.5431
6.47893 -20.4188 1.5104
6.4882 -20.2785 1.49921
6.50234 -20.0825 1.49835
6.51186 -19.9384 1.51126
6.52223 -19.7464 1.52245
6.52979 -19.5584 1.5388
6.53391 -19.416 1.54482
6.53693 -19.2331 1.56376
6.53664 -19.0444 1.58097
6.53309 -18.9014 1.61023
6.52418 -18.7074 1.62314
6.51611 -18.564 1.63089
6.50645 -18.3667 1.60851
6.49957 -18.1659 1.60163
6.49463 -18.0162 1.60593
6.48542 -17.8157 1.62744
6.47192 -17.6157 1.64896
6.45992 -17.4624 1.64896
6.44549 -17.2628 1.63691
6.43769 -17.1101 1.60679
6.43249 -16.9077 1.58613
6.43063 -16.7079 1.57409
6.42964 -16.5607 1.58097
6.42624 -16.3661 1.5956
6.41948 -16.1716 1.6154
6.41241 -16.0308 1.62658
6.40191 -15.8428 1.62658
6.39423 -15.7031 1.62486
6.3844 -15.5154 1.62142
6.37489 -15.3277 1.62142
6.36783 -15.186 1.6197
6.35864 -14.9983 1.6197
6.35235 -14.856 1.61023
6.34579 -14.6693 1.60163
6.34173 -14.4828 1.58355
6.33957 -14.3457 1.58958
6.33552 -14.1563 1.59474
6.33074 -14.0168 1.6154
6.32163 -13.8307 1.624
6.31084 -13.6448 1.63347
6.30019 -13.4555 1.62056
6.29376 -13.3168 1.61367
6.28693 -13.1338 1.60249
6.28084 -12.9467 1.60421
6.27589 -12.8074 1.60851
6.26779 -12.6224 1.62056
6.2608 -12.4845 1.62228
6.25076 -12.2974 1.62658
6.24339 -12.1569 1.6197
6.23482 -11.9753 1.61626
6.22684 -11.7929 1.61281
6.22065 -11.6502 1.6154
6.21224 -11.4617 1.6154
6.20444 -11.2742 1.60937
6.19893 -11.133 1.61023
6.19188 -10.9396 1.60421
6.18526 -10.7535 1.60851
6.18041 -10.6121 1.60163
6.17388 -10.4216 1.60851
6.16746 -10.2271 1.59904
6.16338 -10.0868 1.60077
6.15944 -9.89874 1.58269
6.15794 -9.75744 1.58011
6.15676 -9.5701 1.57409
6.15507 -9.38795 1.58613
6.15239 -9.24857 1.59388
6.14627 -9.06325 1.61367
6.14037 -8.92571 1.61367
6.1327 -8.74332 1.61195
6.12688 -8.55972 1.59302
6.12413 -8.41977 1.58786
6.12159 -8.23303 1.58097
6.11945 -8.04647 1.58355
6.11732 -7.90728 1.58872
6.11308 -7.72037 1.59818
6.10715 -7.53831 1.60851
6.10207 -7.40207 1.60765
6.09518 -7.22349 1.61109
6.08944 -7.08844 1.6154
6.08084 -6.90782 1.62142
6.07139 -6.72744 1.62486
6.06391 -6.59247 1.62744
6.05319 -6.40774 1.63003
6.04562 -6.27316 1.624
6.03728 -6.09483 1.61109
6.03075 -5.91778 1.60421
6.02628 -5.78056 1.60249
6.01956 -5.59603 1.61195
6.01338 -5.45907 1.6197
6.00401 -5.27715 1.62486
5.99468 -5.08985 1.61626
5.98766 -4.90783 1.60249
5.98462 -4.77383 1.58441
5.98268 -4.59782 1.57925
5.98145 -4.45919 1.58011
5.97853 -4.27935 1.59388
5.97475 -4.10222 1.59044
5.97251 -3.97109 1.58527
5.97176 -3.78931 1.56462
5.97315 -3.65663 1.55601
5.97617 -3.48255 1.55085
5.97853 -3.30788 1.56376
5.97861 -3.17347 1.57667
5.97619 -3.00187 1.59302
5.97287 -2.8744 1.60077
5.96759 -2.70555 1.60335
5.96023 -2.53736 1.62572
5.94789 -2.37157 1.66445
5.93309 -2.24878 1.71695
5.90253 -2.08576 1.79527
5.8704 -1.96732 1.87617
5.81384 -1.81508 1.97686
5.74298 -1.67108 2.07927
5.68256 -1.57295 2.1662
5.58825 -1.44979 2.28238
5.48422 -1.34179 2.39254
5.40132 -1.26998 2.46311
5.29122 -1.18732 2.53196
5.21059 -1.1344 2.58963
5.10589 -1.07491 2.6602
5.00174 -1.02383 2.71097
4.92524 -0.99011 2.74196
4.82314 -0.949504 2.78413
4.74327 -0.921151 2.81683
4.63214 -0.887217 2.87363
4.51893 -0.861007 2.95453
4.43029 -0.847058 3.0165
4.30712 -0.835806 3.08449
4.18215 -0.832433 -3.13846
4.08573 -0.834935 -3.09284
3.95122 -0.843762 -3.05928
3.84865 -0.852803 -3.04809
3.71428 -0.865753 -3.04293
3.57687 -0.876911 -3.07821
3.47138 -0.882741 -3.09456
3.32786 -0.888196 -3.11264
3.18352 -0.891693 -3.1221
3.07368 -0.894354 -3.11264
2.92073 -0.898916 -3.11092
2.76592 -0.904867 -3.09542
2.64639 -0.910286 -3.09715
2.48663 -0.917392 -3.09715
2.36613 -0.922491 -3.10145
2.20306 -0.928409 -3.10919
2.07851 -0.932982 -3.10059
1.90704 -0.940091 -3.09973
1.73699 -0.948827 -3.08079
1.61087 -0.95656 -3.07993
1.44557 -0.967622 -3.06961
1.27695 -0.977959 -3.09112
1.15398 -0.98364 -3.09973
0.989574 -0.989677 -3.11006
0.824598 -0.995948 -3.09715
0.697808 -1.00202 -3.09026
0.533747 -1.01137 -3.07907
0.41492 -1.01907 -3.07477
0.256863 -1.02924 -3.07993
0.0966799 -1.0392 -3.07907
-0.0245009 -1.0461 -3.09026
-0.180364 -1.05438 -3.08682
-0.340642 -1.06268 -3.09284
-0.462792 -1.06938 -3.08079
-0.628316 -1.07996 -3.07477
-0.788231 -1.09107 -3.06961
-0.906635 -1.09935 -3.07391
-1.06721 -1.1092 -3.08682
-1.18917 -1.11583 -3.08768
-1.34985 -1.12374 -3.09715
-1.50934 -1.13242 -3.07735
-1.63369 -1.14095 -3.06874
-1.79718 -1.15544 -3.03776
-1.96266 -1.17326 -3.03088
-2.08423 -1.18698 -3.02744
-2.24565 -1.20486 -3.03518
-2.36613 -1.21793 -3.03174
-2.52984 -1.23771 -3.01108
-2.69882 -1.26152 -2.99215
-2.82118 -1.2808 -2.97838
-2.98452 -1.30734 -2.98268
-3.10777 -1.32714 -2.98182
-3.27946 -1.35232 -3.01022
-3.44394 -1.37218 -3.0326
-3.56766 -1.38367 -3.0653
-3.73338 -1.39419 -3.09112
-3.89859 -1.39926 -3.13071
-4.01632 -1.39933 3.13182
-4.17331 -1.39529 3.09998
-4.29185 -1.38938 3.08362
-4.44599 -1.38117 3.09309
-4.58802 -1.37715 3.13354
-4.68559 -1.37952 -3.0851
-4.80796 -1.39291 -2.9801
-4.91661 -1.41839 -2.8424
-4.98851 -1.44565 -2.71589
-5.06819 -1.49095 -2.53344
-5.117 -1.5306 -2.38541
-5.16552 -1.58675 -2.18144
-5.19008 -1.62836 -2.02652
-5.20862 -1.67977 -1.80706
-5.21347 -1.71955 -1.57728
-5.21085 -1.74434 -1.35351
-5.20816 -1.75314 -1.19688
-5.20764 -1.75417 -1.00238
-5.21485 -1.74495 -0.812182
-5.22739 -1.73339 -0.677063
-5.25483 -1.71508 -0.499774
-5.2926 -1.69856 -0.325068
-5.32706 -1.68937 -0.195974
-5.37678 -1.68365 -0.0333152
-5.42449 -1.68532 0.103525
-5.45203 -1.68913 0.171514
-5.4699 -1.69268 0.22057
-5.47121 -1.69299 0.2352
-5.45685 -1.68954 0.236061
-5.42118 -1.68123 0.22143
-5.38479 -1.67353 0.195611
-5.32251 -1.66236 0.159465
-5.24326 -1.65038 0.140531
-5.17567 -1.64076 0.142253
-5.07754 -1.62541 0.168071
-4.97082 -1.60569 0.197333
-4.88582 -1.58782 0.217127
-4.76101 -1.55989 0.223152
-4.66088 -1.53758 0.215406
-4.53066 -1.50926 0.212824
-4.39711 -1.48089 0.205939
-4.29337 -1.45898 0.210242
-4.15615 -1.42852 0.226594
-4.05345 -1.40457 0.231758
-3.92079 -1.37229 0.245528
-3.78419 -1.33612 0.272207
-3.67823 -1.30496 0.299747
-3.54178 -1.26014 0.335033
-3.40363 -1.21198 0.335893
-3.29759 -1.17598 0.318681
-3.15116 -1.13093 0.278232
-3.03731 -1.10094 0.236922
-2.88593 -1.06795 0.192169
-2.72855 -1.03957 0.164629
-2.61134 -1.01969 0.171514
-2.45112 -0.990866 0.184423
-2.2943 -0.960563 0.197333
-2.17243 -0.93734 0.179259
-2.00834 -0.909499 0.156883
-1.83807 -0.885187 0.126761
-1.70959 -0.869543 0.115573
-1.53658 -0.851794 0.0888937
-1.36922 -0.837458 0.0820088
-1.24477 -0.827714 0.0742631
-1.0778 -0.815797 0.0682383
-0.905412 -0.807886 0.0234862
-0.778477 -0.807089 -0.0109392
-0.608274 -0.811882 -0.045364
-0.479368 -0.8179 -0.0479459
-0.305085 -0.826413 -0.0496671
-0.130378 -0.834043 -0.0376183
-0.00196651 -0.837991 -0.0238481
0.172705 -0.839826 0.00283112
0.348714 -0.83751 0.0234862
0.480012 -0.833917 0.0312318
0.650326 -0.826761 0.0527476
0.829031 -0.815011 0.0785663
0.962334 -0.803014 0.100943
1.13778 -0.784633 0.107828
1.26391 -0.770321 0.118155
1.436 -0.749592 0.121598
1.56308 -0.733508 0.130204
1.73251 -0.711545 0.127622
1.89914 -0.688922 0.142253
2.0277 -0.669605 0.156023
2.15476 -0.64816 0.178399
2.3189 -0.617321 0.19303
2.44261 -0.593527 0.187005
2.60565 -0.563041 0.182702
2.73013 -0.540262 0.17926
2.8934 -0.509951 0.187866
3.0616 -0.4779 0.188726
3.18528 -0.452951 0.209381
3.35136 -0.415412 0.2352
3.51504 -0.375218 0.246388
3.6395 -0.34494 0.230897
3.79997 -0.308669 0.213685
3.91922 -0.283116 0.208521
4.08185 -0.248631 0.209382
4.24537 -0.213736 0.211103
4.36686 -0.1877 0.211103
4.52444 -0.153435 0.217127
4.64754 -0.126667 0.211103
4.81009 -0.0927114 0.200775
4.9738 -0.0616619 0.174096
5.09283 -0.0410444 0.168932
5.25805 -0.01301 0.167211
5.42273 0.0159527 0.180981
5.54934 0.0388387 0.176678
5.71316 0.0682328 0.178399
5.87977 0.0983498 0.17926
6.00577 0.121405 0.182702
6.17065 0.151428 0.177538
6.33497 0.180183 0.168932
6.45896 0.201331 0.168932
6.62523 0.23013 0.174096
6.74893 0.251832 0.173235
6.9173 0.279655 0.154301
7.07995 0.30438 0.147416
7.20382 0.322719 0.146556
7.36544 0.347787 0.161186
7.53273 0.375135 0.162908
7.65426 0.395916 0.175817
7.82026 0.426145 0.184423
7.94663 0.450337 0.19389
8.1193 0.483548 0.186145
8.28817 0.515199 0.184423
8.45718 0.547104 0.188726
8.58528 0.572429 0.201636
8.75481 0.607616 0.20766
8.87942 0.633759 0.205939
9.04465 0.667979 0.202496
9.17342 0.693897 0.194751
9.34391 0.726233 0.18012
9.51403 0.755247 0.157744
9.6415 0.775355 0.155162
9.81804 0.804294 0.169793
9.99067 0.835651 0.189587
10.1195 0.860257 0.187866
10.2875 0.892201 0.187866
10.4598 0.924191 0.17926
10.5855 0.946853 0.177538
10.7569 0.976462 0.164629
10.885 0.99832 0.173235
11.0591 1.0301 0.187866
11.2275 1.06338 0.202496
11.3559 1.08912 0.19303
11.5208 1.12105 0.189587
11.6877 1.15307 0.189587
11.8103 1.17726 0.199915
11.9811 1.21294 0.211963
12.1485 1.25154 0.241225
12.2733 1.28372 0.263601
12.4379 1.33028 0.287699
12.559 1.36691 0.299747
12.7211 1.41778 0.308354
12.8788 1.47034 0.335033
13.0008 1.51379 0.349664
13.1592 1.57296 0.365155
13.3142 1.63078 0.348803
13.4289 1.67185 0.339336
13.5896 1.72552 0.304911
13.7526 1.77358 0.268765
13.8781 1.80595 0.236061
14.0424 1.84443 0.224012
14.1691 1.87288 0.217988
14.3345 1.909 0.211963
14.501 1.94163 0.174956
14.625 1.96162 0.144835
14.7968 1.98285 0.100942
14.9657 1.99915 0.0914757
15.1248 2.01353 0.0888938
15.2664 2.02775 0.11127
15.436 2.04796 0.125901
15.5646 2.06479 0.134507
15.7367 2.08666 0.118155
15.9085 2.10458 0.0897542
16.0383 2.11475 0.0665174
16.2135 2.12543 0.0553293
16.3452 2.13216 0.0467231
16.5203 2.14049 0.0484443
16.6917 2.14888 0.049305
16.8209 2.15553 0.0536081
16.9945 2.16395 0.0432804
17.1665 2.16992 0.026068
17.2925 2.17282 0.0200436
17.4648 2.1762 0.019183
17.5939 2.17918 0.0269287
17.7658 2.18403 0.0295106
17.9289 2.1899 0.0424199
18.0545 2.19523 0.04242
18.2212 2.20245 0.0441412
18.3874 2.20728 0.0140193
18.5076 2.2084 0.00455237
18.6671 2.20912 0.00455269
18.7846 2.21163 0.0381168
18.9351 2.22276 0.109549
19.0775 2.24447 0.19303
19.1755 2.26763 0.271347
19.2986 2.30996 0.390975
19.3849 2.3503 0.483061
19.4875 2.41262 0.608713
19.5767 2.48442 0.747274
19.634 2.5437 0.857434
19.6981 2.631 1.01665
19.7444 2.72253 1.18792
19.7668 2.79068 1.32045
19.7815 2.88037 1.49602
19.7822 2.94498 1.62425
19.7707 3.02779 1.79294
19.7461 3.10528 1.96334
19.7207 3.15752 2.08469
19.6791 3.2195 2.23702
19.6304 3.27289 2.38419
19.5905 3.30672 2.49349
19.5336 3.34383 2.63291
19.4717 3.3729 2.77319
19.4224 3.38894 2.87991
19.3554 3.40208 3.01588
19.2858 3.4064 -3.13993
19.2298 3.404 -3.05731
19.1509 3.39379 -2.96866
19.0906 3.38141 -2.90928
19.0066 3.35794 -2.82924
18.9138 3.32359 -2.7449
18.8408 3.29096 -2.69757
18.7415 3.24057 -2.64679
18.6416 3.18391 -2.60462
18.5628 3.13635 -2.59257
18.4518 3.06904 -2.60032
18.368 3.01928 -2.61064
18.2515 2.95375 -2.64765
18.1295 2.89121 -2.6881
18.0352 2.84664 -2.7122
17.9036 2.78916 -2.74748
17.7721 2.73475 -2.75092
17.6719 2.69426 -2.76469
17.5423 2.64439 -2.78363
17.4452 2.60897 -2.79998
17.3114 2.56295 -2.82064
17.1752 2.51605 -2.79912
17.072 2.4784 -2.78449
16.9377 2.42697 -2.76728
16.8034 2.374 -2.76469
16.7008 2.3342 -2.77846
16.5664 2.28348 -2.78277
16.4634 2.24529 -2.79051
16.3242 2.19438 -2.79137
16.1813 2.14251 -2.79568
16.0734 2.1043 -2.80687
15.9664 2.06694 -2.80428
15.7867 2.00686 -2.83354
15.6801 1.97441 -2.8585
15.5347 1.9358 -2.90584
15.3898 1.9024 -2.92391
15.2777 1.87764 -2.92477
15.1291 1.8445 -2.91961
15.0225 1.82016 -2.91444
14.8796 1.78791 -2.92477
14.7368 1.75613 -2.92047
14.6278 1.73138 -2.91616
14.4855 1.69811 -2.90756
14.3421 1.66228 -2.88604
14.1952 1.62178 -2.85936
14.0893 1.58899 -2.82322
13.9502 1.5405 -2.78879
13.8144 1.48875 -2.76642
13.7136 1.44864 -2.75953
13.5777 1.39534 -2.77588
13.4767 1.35684 -2.77933
13.3354 1.3044 -2.7931
13.2264 1.26513 -2.79826
13.0771 1.21233 -2.80514
12.9232 1.15931 -2.81461
12.8085 1.12 -2.80773
12.6531 1.06741 -2.82322
12.5008 1.01853 -2.83871
12.3845 0.983677 -2.86195
12.2298 0.939606 -2.86625
12.072 0.895899 -2.87658
11.9562 0.864858 -2.8826
11.7966 0.825055 -2.91186
11.6356 0.789441 -2.93596
11.5135 0.764623 -2.94629
11.3509 0.732472 -2.94629
11.2268 0.707179 -2.9351
11.0603 0.670293 -2.91186
10.8974 0.629374 -2.87916
10.7748 0.596443 -2.87916
10.6133 0.553878 -2.88863
10.4514 0.514609 -2.91875
10.3307 0.487432 -2.92133
10.1627 0.44981 -2.92133
9.99644 0.411379 -2.90756
9.87122 0.381811 -2.91186
9.70654 0.342476 -2.90239
9.58053 0.31209 -2.90756
9.41538 0.273918 -2.92133
9.24942 0.238482 -2.94112
9.12587 0.212932 -2.93424
8.95732 0.174968 -2.90584
8.79404 0.133955 -2.88518
8.67143 0.101864 -2.88604
8.5072 0.0606893 -2.90584
8.38715 0.0317429 -2.90412
8.2264 -0.00753196 -2.89981
8.06618 -0.0496854 -2.86883
7.94629 -0.0851229 -2.83957
7.79749 -0.13767 -2.76469
7.65775 -0.199056 -2.69068
7.55927 -0.249913 -2.63904
7.43694 -0.323311 -2.56331
7.34867 -0.384457 -2.50823
7.23442 -0.477063 -2.4127
7.12824 -0.581851 -2.31287
7.05517 -0.666454 -2.25348
6.96762 -0.783189 -2.17516
6.88583 -0.910921 -2.10545
6.82958 -1.00996 -2.06931
6.76298 -1.1413 -2.01079
6.70166 -1.28128 -1.95657
6.6596 -1.3935 -1.90235
6.61273 -1.54539 -1.8378
6.57314 -1.70112 -1.80165
6.54738 -1.81816 -1.77325
6.51642 -1.97994 -1.74657
6.49092 -2.14072 -1.70957
6.47482 -2.26412 -1.69149
6.45758 -2.42947 -1.65793
6.44598 -2.59608 -1.62264
6.44077 -2.72137 -1.60199
6.4371 -2.88719 -1.58392
6.43519 -3.05477 -1.58047
6.43537 -3.17711 -1.5581
6.44113 -3.34747 -1.51593
6.45547 -3.51752 -1.4574
6.47172 -3.64593 -1.43244
6.49825 -3.81412 -1.3963
6.52166 -3.94025 -1.37823
6.555 -4.10703 -1.36876
6.58905 -4.26936 -1.35929
6.61595 -4.39105 -1.34724
6.6571 -4.55648 -1.30679
6.69178 -4.68117 -1.29216
6.73875 -4.84144 -1.27925
6.7861 -5.0056 -1.30077
6.81973 -5.12959 -1.3111
6.86157 -5.29721 -1.34122
6.89992 -5.4639 -1.3481
6.92864 -5.59226 -1.35327
6.96815 -5.76065 -1.32745
7.00022 -5.88683 -1.31626
7.04233 -6.04864 -1.31626
7.08212 -6.21164 -1.34638
7.10905 -6.33274 -1.35757
7.14384 -6.49373 -1.35843
7.17967 -6.65784 -1.35327
7.20749 -6.78169 -1.34638
7.24396 -6.93897 -1.3395
7.28184 -7.09157 -1.3154
7.31149 -7.20472 -1.31368
7.35082 -7.35378 -1.31196
7.37998 -7.46685 -1.32487
7.41867 -7.61906 -1.31884
7.44999 -7.73632 -1.30077
7.49449 -7.89212 -1.28442
7.53996 -8.04483 -1.27839
7.57433 -8.16324 -1.29819
7.61733 -8.32125 -1.31196
7.65728 -8.48183 -1.34208
7.69333 -8.64235 -1.35757
7.71897 -8.76589 -1.37478
7.75235 -8.92992 -1.36532
7.77805 -9.05403 -1.3679
7.81157 -9.21804 -1.37048
7.84419 -9.38496 -1.38511
7.86794 -9.50731 -1.37306
7.9034 -9.67209 -1.34466
7.9336 -9.79696 -1.32228
7.97764 -9.96243 -1.29905
8.02359 -10.1268 -1.29733
8.05808 -10.2491 -1.29474
8.10284 -10.413 -1.31368
8.14417 -10.5745 -1.32659
8.17412 -10.6978 -1.33864
8.21496 -10.8623 -1.31626
8.25971 -11.029 -1.30077
8.29378 -11.1489 -1.287
8.34021 -11.3109 -1.29647
8.38623 -11.4728 -1.2913
8.42072 -11.5938 -1.29474
8.466 -11.7516 -1.28786
8.50112 -11.8722 -1.287
8.55016 -12.0338 -1.26548
8.60148 -12.1907 -1.24397
8.64043 -12.3047 -1.2388
8.6923 -12.4553 -1.23966
8.74374 -12.6086 -1.2543
8.78113 -12.7214 -1.24741
8.83253 -12.8757 -1.25085
8.87106 -12.991 -1.24569
8.92221 -13.1451 -1.25516
8.97234 -13.2982 -1.25343
9.00974 -13.4131 -1.2586
9.05722 -13.5642 -1.27409
9.10222 -13.7134 -1.28184
9.13612 -13.828 -1.28442
9.18316 -13.9802 -1.25774
9.22028 -14.0936 -1.25085
9.26915 -14.2394 -1.24397
9.31774 -14.3873 -1.2629
9.35294 -14.4998 -1.27237
9.39859 -14.6487 -1.27409
9.44431 -14.7989 -1.27667
9.47924 -14.912 -1.26548
9.52833 -15.0652 -1.25602
9.58007 -15.2161 -1.22503
9.62153 -15.3312 -1.22503
9.67507 -15.4829 -1.23794
9.7132 -15.5981 -1.26462
9.7604 -15.7525 -1.28356
9.80613 -15.9076 -1.28442
9.83962 -16.022 -1.28786
9.88282 -16.1718 -1.29216
9.91505 -16.2888 -1.31196
9.95667 -16.446 -1.31196
9.99772 -16.6049 -1.32401
10.0275 -16.7228 -1.32228
10.0679 -16.8845 -1.33003
10.1084 -17.0435 -1.31282
10.1403 -17.1628 -1.30593
10.1823 -17.3191 -1.3111
10.2223 -17.4773 -1.33433
10.2499 -17.5957 -1.34982
10.286 -17.7517 -1.33692
10.3149 -17.8711 -1.32917
10.3557 -18.0282 -1.30507
10.3986 -18.1856 -1.30421
10.4312 -18.3027 -1.29388
10.4756 -18.4613 -1.30163
10.5071 -18.5773 -1.30938
10.5472 -18.7306 -1.32142
10.5873 -18.8865 -1.31626
10.6188 -19.0026 -1.29474
10.6626 -19.1552 -1.28786
10.7062 -19.3037 -1.28356
10.739 -19.4177 -1.29647
10.7823 -19.5693 -1.28958
10.8155 -19.6828 -1.28184
10.8622 -19.8338 -1.25946
10.913 -19.9832 -1.22762
10.967 -20.1294 -1.2061
11.0092 -20.2373 -1.18889
11.0669 -20.3829 -1.19835
11.1217 -20.5237 -1.2018
11.1628 -20.6312 -1.20868
11.2202 -20.7765 -1.18028
11.2679 -20.8857 -1.13811
11.3371 -21.0258 -1.08561
11.4122 -21.1593 -1.03139
11.4735 -21.2582 -1.00127
11.5596 -21.3845 -0.943608
11.6524 -21.5037 -0.874758
11.7291 -21.5903 -0.817096
11.8405 -21.6968 -0.708657
11.9315 -21.7684 -0.624316
12.0586 -21.8506 -0.523622
12.1894 -21.9173 -0.420347
12.2913 -21.9589 -0.353219
12.4319 -22.0026 -0.249943
12.5408 -22.0254 -0.16388
12.6971 -22.0427 -0.0554423
12.8533 -22.0435 0.0452511
12.9693 -22.0338 0.120126
13.1245 -22.0099 0.186394
13.2744 -21.978 0.232007
13.3872 -21.9508 0.241474
13.5378 -21.912 0.26299
13.6886 -21.869 0.292251
13.7999 -21.8351 0.299997
13.9477 -21.7884 0.312045
14.0624 -21.7518 0.30516
14.2146 -21.7032 0.312906
14.3652 -21.6545 0.312906
14.4766 -21.6182 0.317209
14.6263 -21.5686 0.322373
14.7799 -21.5161 0.337003
14.8927 -21.4754 0.355077
15.0455 -21.4188 0.355077
15.1595 -21.3767 0.351634
15.3155 -21.3219 0.324094
15.471 -21.2699 0.321512
15.588 -21.2311 0.31893
15.7413 -21.1799 0.324955
15.8932 -21.1291 0.320652
16.0081 -21.0907 0.324094
16.161 -21.0389 0.329258
16.3144 -20.9873 0.320652
16.4259 -20.9502 0.321512
16.54 -20.9121 0.322373
16.6922 -20.8573 0.368847
16.8398 -20.7952 0.42823
16.9459 -20.7438 0.473844
17.0828 -20.6684 0.533226
17.2194 -20.5827 0.587446
17.3137 -20.5161 0.640805
17.4324 -20.4205 0.71568
17.5427 -20.3157 0.804324
17.6188 -20.23 0.885223
17.7096 -20.1081 0.975588
17.7875 -19.9806 1.0694
17.837 -19.8823 1.13997
17.8929 -19.7434 1.2355
17.9257 -19.6359 1.31468
17.9573 -19.4842 1.41623
17.9747 -19.3278 1.50315
17.9783 -19.211 1.57803
17.9709 -19.0522 1.65634
17.9527 -18.8955 1.71573
17.9335 -18.7791 1.75446
17.9008 -18.623 1.79921
17.8603 -18.4687 1.85601
17.8252 -18.3539 1.87839
17.7767 -18.2051 1.89388
17.7396 -18.0922 1.88183
17.692 -17.9389 1.86203
17.6475 -17.7889 1.85687
17.6136 -17.6743 1.85945
17.5666 -17.5211 1.87839
17.5143 -17.3615 1.8956
17.4742 -17.2463 1.91625
17.4192 -17.0931 1.91539
17.3788 -16.978 1.90162
17.328 -16.8216 1.8672
17.2813 -16.6632 1.8474
17.2478 -16.5435 1.84052
17.2034 -16.3814 1.83621
17.1711 -16.261 1.82933
17.1291 -16.096 1.8104
17.0906 -15.934 1.79835
17.0639 -15.8135 1.77941
17.0318 -15.6578 1.76823
17.001 -15.4989 1.75618
16.9779 -15.38 1.76995
16.9453 -15.2181 1.76909
16.913 -15.057 1.76823
16.8891 -14.9331 1.75446
16.8582 -14.769 1.75876
16.835 -14.6485 1.76392
16.8026 -14.4882 1.77683
16.7672 -14.3271 1.79749
16.7381 -14.2055 1.81298
16.6975 -14.0483 1.83449
16.6652 -13.9275 1.82933
16.6235 -13.7664 1.819
16.583 -13.6008 1.80265
16.5528 -13.4777 1.819
16.5094 -13.3132 1.8388
16.4633 -13.1529 1.86289
16.4268 -13.0325 1.86806
16.3763 -12.8719 1.88183
16.3245 -12.7129 1.89043
16.285 -12.5943 1.89388
16.2312 -12.4364 1.9042
16.1882 -12.3145 1.91625
16.1293 -12.1579 1.94465
16.0683 -12.0007 1.93691
16.0246 -11.884 1.92142
15.969 -11.7215 1.88011
15.932 -11.6028 1.86462
15.8855 -11.4426 1.84224
15.8419 -11.2832 1.83363
15.81 -11.1615 1.81986
15.7696 -11.0022 1.819
15.7403 -10.8844 1.80954
15.7036 -10.7278 1.79318
15.6698 -10.5727 1.77769
15.6363 -10.4132 1.77769
15.6101 -10.2925 1.79146
15.5731 -10.1312 1.80093
15.5453 -10.0148 1.80954
15.5076 -9.85746 1.80265
15.4706 -9.70307 1.80954
15.4428 -9.58749 1.80437
15.406 -9.43421 1.80781
15.3774 -9.31743 1.81384
15.3362 -9.15837 1.83535
15.2921 -9.00603 1.86892
15.2557 -8.89024 1.88183
15.2063 -8.74056 1.89732
15.1533 -8.58646 1.90765
15.1129 -8.47629 1.93691
15.0537 -8.3331 1.98855
15.0041 -8.22821 2.03588
14.931 -8.09602 2.11678
14.8452 -7.96678 2.19682
14.7762 -7.87732 2.25792
14.6774 -7.76711 2.34571
14.5707 -7.6665 2.42574
14.4849 -7.59753 2.5032
14.3621 -7.51621 2.60992
14.2318 -7.44753 2.70287
14.1336 -7.40564 2.7743
13.9946 -7.35885 2.8595
13.8864 -7.33056 2.912
13.7421 -7.3021 2.98171
13.5914 -7.2821 3.03765
13.4738 -7.27274 3.08671
13.3168 -7.27 -3.12161
13.1578 -7.27674 -3.07685
13.0393 -7.28627 -3.04587
12.881 -7.30244 -3.03382
12.7635 -7.31633 -3.01403
12.6064 -7.33937 -2.97788
12.4447 -7.36967 -2.93485
12.3271 -7.3964 -2.90129
12.1681 -7.43778 -2.87288
12.0539 -7.47032 -2.85481
11.8993 -7.516 -2.85395
11.7435 -7.56201 -2.85481
11.625 -7.59735 -2.84879
11.4602 -7.64913 -2.82555
11.3006 -7.70338 -2.80231
11.1831 -7.74506 -2.79887
11.0309 -7.79945 -2.79801
10.8749 -7.85458 -2.80576
10.7606 -7.89492 -2.79887
10.6053 -7.951 -2.79112
10.4902 -7.99446 -2.77047
10.3331 -8.05864 -2.73691
10.2196 -8.10881 -2.71367
10.0718 -8.17787 -2.6956
9.92441 -8.24754 -2.7042
9.81544 -8.29832 -2.70678
9.66892 -8.36568 -2.71453
9.52412 -8.43264 -2.70248
9.41304 -8.48481 -2.70248
9.26879 -8.55249 -2.70334
9.15936 -8.60274 -2.71883
9.01549 -8.66473 -2.75068
8.8725 -8.71974 -2.79801
8.76684 -8.75505 -2.84018
8.62392 -8.79507 -2.89698
8.47746 -8.82724 -2.95378
8.36864 -8.84608 -2.98649
8.22417 -8.86366 -3.05448
8.1126 -8.87075 -3.10181
7.96208 -8.86981 3.08929
7.81592 -8.85532 2.99634
7.70721 -8.83475 2.91286
7.56538 -8.79305 2.79839
7.42787 -8.73373 2.67016
7.33272 -8.67957 2.57808
7.21307 -8.59339 2.45673
7.12846 -8.51857 2.37841
7.0223 -8.40732 2.28718
6.92732 -8.28931 2.20973
6.86111 -8.19546 2.16067
6.77948 -8.06468 2.09698
6.70593 -7.92963 2.0419
6.65462 -7.82388 2.00318
6.59258 -7.68128 1.95928
6.55007 -7.5717 1.92228
6.49887 -7.42405 1.88699
6.45079 -7.26972 1.85859
6.41587 -7.15268 1.86289
6.37001 -7.00088 1.86548
6.32407 -6.85091 1.87064
6.28888 -6.73534 1.86203
6.24201 -6.57624 1.85257
6.20746 -6.45629 1.84998
6.1615 -6.29254 1.8388
6.11633 -6.12777 1.83794
6.08171 -6.00147 1.8388
6.03598 -5.83825 1.84912
5.99065 -5.67511 1.83449
5.95898 -5.55556 1.82503
5.91832 -5.39338 1.80781
5.88825 -5.27143 1.81728
5.84626 -5.10543 1.81986
5.80446 -4.94255 1.82417
5.77319 -4.81873 1.81212
5.73329 -4.65261 1.80093
5.70518 -4.52705 1.78113
5.67144 -4.36133 1.7622
5.64037 -4.1945 1.74757
5.61641 -4.06672 1.76478
5.58081 -3.89963 1.79663
5.54255 -3.73568 1.80351
5.51426 -3.61351 1.79318
5.47889 -3.44676 1.7665
5.45492 -3.32366 1.75962
5.42549 -3.15557 1.72864
5.40191 -2.98635 1.68991
5.38954 -2.85771 1.64343
5.38221 -2.69047 1.58577
5.38461 -2.56663 1.51692
5.40172 -2.40647 1.41193
5.436 -2.25499 1.28455
5.47179 -2.14949 1.20279
5.53381 -2.01065 1.09866
5.60885 -1.87995 1.00055
5.67263 -1.78908 0.917065
5.76608 -1.67876 0.818954
5.87326 -1.5761 0.708793
5.95923 -1.50737 0.639943
6.08405 -1.42325 0.546136
6.17988 -1.36796 0.500523
6.31374 -1.29997 0.439418
6.44713 -1.24128 0.389501
6.55235 -1.20025 0.354216
6.69568 -1.14891 0.333561
6.80162 -1.11205 0.336143
6.94454 -1.06184 0.339586
7.08853 -1.00838 0.371429
7.1998 -0.963877 0.389502
7.34466 -0.901775 0.420484
7.4878 -0.837625 0.422205
7.59666 -0.789844 0.404993
7.74261 -0.729345 0.380895
7.89494 -0.668726 0.376592
8.00941 -0.62191 0.399829
8.16565 -0.553735 0.423066
8.31653 -0.48439 0.438557
8.43218 -0.430692 0.430812
8.58444 -0.361113 0.426508
8.73795 -0.293891 0.398969
8.85226 -0.246681 0.384338
9.01097 -0.18447 0.362822
9.13016 -0.139163 0.363683
9.28822 -0.079547 0.357658
9.44253 -0.0224826 0.350773
9.55788 0.0193888 0.34561
9.71484 0.0759022 0.34561
9.86742 0.130988 0.347331
9.98351 0.172507 0.339585
10.1381 0.22705 0.338725
10.2974 0.282845 0.335282
10.4139 0.324191 0.34647
10.5702 0.380311 0.343028
10.6845 0.421184 0.343888
10.8397 0.476249 0.337864
10.9955 0.533176 0.362822
11.1134 0.579108 0.380035
11.2684 0.643012 0.402411
11.4214 0.708996 0.411878
11.5393 0.760885 0.417042
11.6933 0.829354 0.419624
11.8101 0.880982 0.412739
11.9653 0.948696 0.410157
12.1257 1.01829 0.408436
12.2416 1.06915 0.418763
12.3965 1.13671 0.404132
12.5116 1.18496 0.389501
12.6745 1.24787 0.347331
12.8373 1.30576 0.336143
12.9608 1.34815 0.324955
13.1247 1.40351 0.326676
13.2896 1.45868 0.31893
13.4092 1.49896 0.330979
13.569 1.55324 0.324094
13.6897 1.59316 0.314627
13.8526 1.64373 0.287087
14.0135 1.69077 0.281923
14.1354 1.72598 0.280202
14.2992 1.77388 0.288808
14.4593 1.82165 0.29139
14.5791 1.85736 0.287948
14.7379 1.90401 0.283645
14.8954 1.94876 0.269875
15.0119 1.98076 0.266432
15.17 2.0232 0.257826
15.2885 2.05571 0.27762
15.4449 2.10159 0.293112
15.5983 2.14882 0.304299
15.7171 2.18482 0.284505
15.8793 2.23039 0.26299
15.9995 2.26186 0.24922
16.1204 2.29146 0.231146
16.28 2.32815 0.220819
16.4006 2.35458 0.210491
16.5547 2.38881 0.226843
16.6691 2.41559 0.232868
16.8177 2.45231 0.251801
16.9586 2.4909 0.282784
17.0624 2.52325 0.321513
17.1921 2.57275 0.407575
17.3131 2.63168 0.498802
17.3957 2.68076 0.573676
17.493 2.75232 0.694163
17.5764 2.83272 0.84047
17.6276 2.89704 0.954935
17.6792 2.98418 1.11845
17.7059 3.05073 1.2596
17.7247 3.14103 1.47217
17.7231 3.22807 1.70454
17.7096 3.28851 1.87753
17.6779 3.36004 2.09785
17.6344 3.41945 2.30784
17.5972 3.4549 2.45242
17.5417 3.49254 2.64004
17.4947 3.51391 2.78893
17.4275 3.53133 2.98687
17.3577 3.5358 -3.11472
17.3008 3.53073 -2.99079
17.2199 3.51268 -2.85309
17.1592 3.49169 -2.76444
17.0802 3.45555 -2.66031
17.0003 3.40948 -2.57683
16.9382 3.36824 -2.53466
16.8563 3.30864 -2.48991
16.7749 3.24383 -2.44946
16.7112 3.18991 -2.42794
16.6242 3.11295 -2.40729
16.5582 3.05262 -2.39352
16.4681 2.9693 -2.39696
16.3747 2.88534 -2.42192
16.3045 2.82465 -2.43569
16.2078 2.74478 -2.46667
16.1069 2.6663 -2.49507
16.0269 2.60707 -2.51314
15.9428 2.54801 -2.54585
15.8298 2.47445 -2.58285
15.713 2.40448 -2.62072
15.6225 2.35419 -2.64826
15.4996 2.28926 -2.66289
15.3737 2.22555 -2.68355
15.2793 2.17941 -2.69043
15.1485 2.11724 -2.70506
15.0477 2.07116 -2.72055
14.9108 2.01048 -2.7283
14.7646 1.94679 -2.73346
14.6192 1.88302 -2.72314
14.5097 1.83469 -2.7283
14.3675 1.77281 -2.73432
14.2544 1.72498 -2.74809
14.1033 1.66392 -2.76703
13.9502 1.60531 -2.7851
13.8344 1.56303 -2.79801
13.6743 1.50622 -2.80317
13.5073 1.44583 -2.78596
13.3843 1.3983 -2.76014
13.2197 1.32951 -2.73088
13.0972 1.2742 -2.7042
12.9326 1.19532 -2.68527
12.7762 1.11676 -2.66719
12.6566 1.05565 -2.67064
12.4969 0.973369 -2.66117
12.3379 0.891012 -2.66633
12.2238 0.832031 -2.66289
12.0705 0.753506 -2.67322
11.9558 0.695275 -2.67064
11.7972 0.614536 -2.67064
11.6425 0.533472 -2.6474
11.5242 0.469218 -2.64052
11.3709 0.383946 -2.62761
11.2141 0.296514 -2.63793
11.0989 0.233568 -2.64568
10.942 0.151572 -2.67408
10.8248 0.0932056 -2.68527
10.6618 0.0144237 -2.69732
10.501 -0.0626361 -2.69215
10.3795 -0.1207 -2.69904
10.2199 -0.19626 -2.6999
10.0534 -0.273783 -2.71195
9.93092 -0.33009 -2.70937
9.76608 -0.405791 -2.71281
9.6432 -0.462605 -2.7042
9.47707 -0.540986 -2.69732
9.3177 -0.617521 -2.69043
9.19567 -0.675675 -2.70334
9.0304 -0.75183 -2.71625
8.85933 -0.828175 -2.72744
8.73474 -0.883521 -2.71969
8.56657 -0.959786 -2.71195
8.40113 -1.03784 -2.68957
8.27813 -1.09796 -2.68441
8.12004 -1.17624 -2.67924
7.99895 -1.23503 -2.6999
7.84067 -1.30756 -2.724
7.67505 -1.37866 -2.74809
7.5511 -1.43068 -2.74035
7.38364 -1.50284 -2.72916
7.26099 -1.55738 -2.71711
7.09347 -1.63275 -2.72055
6.93088 -1.70506 -2.72572
6.80854 -1.75789 -2.74207
6.64833 -1.82506 -2.74723
6.52157 -1.87781 -2.74723
6.35983 -1.94725 -2.72486
6.19913 -2.01863 -2.72227
6.03789 -2.09018 -2.72572
5.91072 -2.1449 -2.74465
5.74957 -2.21181 -2.75154
5.62821 -2.26103 -2.761
5.46538 -2.3274 -2.74809
5.29719 -2.39884 -2.73174
5.17775 -2.45208 -2.71281
5.0159 -2.52649 -2.7085
4.85187 -2.60259 -2.70592
4.7281 -2.66021 -2.70592
4.56743 -2.73712 -2.68441
4.44646 -2.79747 -2.67322
4.28981 -2.87859 -2.65429
4.13217 -2.96153 -2.66031
4.01662 -3.02111 -2.67064
3.86122 -3.09748 -2.69904
3.70669 -3.16852 -2.72227
3.58481 -3.22098 -2.74809
3.42466 -3.2837 -2.78854
3.304 -3.32494 -2.83588
3.14326 -3.36883 -2.91419
2.97238 -3.3991 -3.01833
2.80039 -3.41323 -3.10095
2.67231 -3.41436 3.11855
2.50347 -3.4045 3.04798
2.37675 -3.38874 2.98773
2.21513 -3.35902 2.93179
2.05681 -3.3187 2.85261
1.943 -3.28055 2.78376
1.79691 -3.21693 2.67791
1.66347 -3.14324 2.59615
1.56739 -3.08136 2.54279
1.44857 -2.99632 2.49804
1.3391 -2.90971 2.4464
1.26641 -2.84779 2.42574
1.17798 -2.76919 2.40423
1.1193 -2.71516 2.39046
1.05511 -2.65522 2.39046
1.01678 -2.61986 2.40251
0.98029 -2.58731 2.42402
0.958167 -2.56834 2.44124
0.947889 -2.5597 2.44468
0.937431 -2.55099 2.44898
0.928999 -2.54404 2.45501
0.924096 -2.54003 2.45931
0.91918 -2.53605 2.46189
0.916494 -2.53388 2.46361
0.915598 -2.53316 2.46361
0.915598 -2.53316 2.46361
0.916046 -2.53352 2.46275
0.916642 -2.534 2.46275
0.916642 -2.534 2.46275
0.916344 -2.53376 2.46275
0.916344 -2.53376 2.46275
0.916344 -2.53376 2.46275
0.916344 -2.53376 2.46275
0.916344 -2.53376 2.46275
0.916344 -2.53376 2.46275
0.916344 -2.53376 2.46275
0.916344 -2.53376 2.46275
0.916344 -2.53376 2.46275
0.916344 -2.53376 2.46275
0.916344 -2.53376 2.46275
0.916344 -2.53376 2.46275
0.916344 -2.53376 2.46275
0.916344 -2.53376 2.46275
0.916344 -2.53376 2.46275
0.916344 -2.53376 2.46275
0.916344 -2.53376 2.46275
0.916344 -2.53376 2.46275
0.916344 -2.53376 2.46275
0.916344 -2.53376 2.46275
0.916344 -2.53376 2.46275
0.916344 -2.53376 2.46275
0.916344 -2.53376 2.46275
0.916344 -2.53376 2.46275
