2.02018 -0.0173867 -0.0172126 2.19052e+06 2.12803e+06
2.16166 -0.0200658 -0.0206551 2.19423e+06 2.1317e+06
2.27112 -0.0225626 -0.0249582 2.19711e+06 2.13453e+06
2.4147 -0.0259614 -0.0223762 2.20084e+06 2.13829e+06
2.55753 -0.0282357 -0.00946689 2.20449e+06 2.14209e+06
2.66798 -0.028806 -0.000860442 2.20732e+06 2.14502e+06
2.816 -0.0270225 0.0249582 2.21103e+06 2.14903e+06
2.97007 -0.0215837 0.0456134 2.21493e+06 2.15317e+06
3.08419 -0.0154887 0.0611046 2.21782e+06 2.15624e+06
3.23744 -0.00538395 0.0705713 2.22177e+06 2.1603e+06
3.35396 0.00239887 0.0628257 2.22486e+06 2.1633e+06
3.50838 0.0123136 0.0654076 2.22888e+06 2.16735e+06
3.66606 0.0223692 0.0619652 2.23302e+06 2.17145e+06
3.78143 0.0300754 0.071432 2.23598e+06 2.17452e+06
3.93616 0.0410802 0.0705714 2.24003e+06 2.17856e+06
4.08938 0.0517125 0.0679895 2.24405e+06 2.18255e+06
4.20781 0.0596232 0.0654075 2.24716e+06 2.18563e+06
4.3688 0.0688473 0.0490557 2.25146e+06 2.18974e+06
4.48622 0.0742574 0.0430313 2.25456e+06 2.19277e+06
4.64182 0.0797502 0.02754 2.25871e+06 2.19674e+06
4.79689 0.0838216 0.0249582 2.26277e+06 2.20077e+06
4.91958 0.0866729 0.0215157 2.26599e+06 2.20395e+06
5.07945 0.0903886 0.0249582 2.27014e+06 2.20814e+06
5.23799 0.0937319 0.0172125 2.27432e+06 2.21223e+06
5.35591 0.095305 0.00946689 2.27744e+06 2.21526e+06
5.51717 0.0959295 -0.00172125 2.28171e+06 2.2194e+06
5.6395 0.0951925 -0.0103275 2.28495e+06 2.22254e+06
5.795 0.0937873 -0.00774567 2.28899e+06 2.22661e+06
5.9528 0.0922255 -0.0120488 2.29313e+06 2.2307e+06
6.07149 0.091255 -0.00430311 2.29618e+06 2.23384e+06
6.23677 0.0908283 -0.000860534 2.30047e+06 2.23817e+06
6.39995 0.0917411 0.0120488 2.30465e+06 2.2425e+06
6.524 0.0935028 0.0163519 2.30786e+06 2.24576e+06
6.68849 0.0963344 0.0180732 2.31214e+06 2.25006e+06
6.85222 0.0994347 0.0197944 2.3164e+06 2.25434e+06
6.97491 0.101969 0.0215157 2.31959e+06 2.25755e+06
7.13918 0.106141 0.0292613 2.32383e+06 2.26188e+06
7.30746 0.111066 0.0292613 2.32822e+06 2.26627e+06
7.43529 0.115193 0.0352857 2.33152e+06 2.26964e+06
7.6112 0.121555 0.037007 2.3361e+06 2.27424e+06
7.78324 0.128814 0.0473345 2.34053e+06 2.27879e+06
7.91215 0.134753 0.0447526 2.34391e+06 2.28214e+06
8.08206 0.142289 0.0438918 2.34835e+06 2.28657e+06
8.21485 0.147263 0.0309826 2.35189e+06 2.28996e+06
8.38735 0.152312 0.02754 2.35641e+06 2.29444e+06
8.51866 0.15542 0.0197944 2.35988e+06 2.29782e+06
8.73088 0.15953 0.0189336 2.36542e+06 2.30335e+06
8.86318 0.16101 0.00344236 2.36896e+06 2.30671e+06
9.0369 0.159814 -0.0172125 2.37361e+06 2.31112e+06
9.16743 0.156162 -0.0387282 2.37714e+06 2.3144e+06
9.33563 0.14892 -0.0473345 2.38158e+06 2.31874e+06
9.46624 0.142395 -0.0524982 2.38502e+06 2.32212e+06
9.64053 0.133989 -0.043892 2.38952e+06 2.32672e+06
9.81405 0.125619 -0.0524983 2.3941e+06 2.3312e+06
9.94118 0.11872 -0.0559407 2.39744e+06 2.3345e+06
10.0713 0.110981 -0.0628257 2.40088e+06 2.33786e+06
10.2436 0.100146 -0.0628257 2.40538e+06 2.34236e+06
10.3689 0.0926386 -0.0568013 2.40862e+06 2.34567e+06
10.5369 0.0834531 -0.0524981 2.41298e+06 2.35008e+06
10.6623 0.0777804 -0.0378676 2.41617e+06 2.35344e+06
10.8348 0.0728798 -0.0189338 2.42056e+06 2.35805e+06
10.9986 0.0717524 0.00516376 2.42469e+06 2.36246e+06
11.1213 0.0724917 0.00688499 2.42788e+06 2.36567e+06
11.2835 0.0733294 0.00344251 2.43213e+06 2.36988e+06
11.4496 0.0727577 -0.0103275 2.43654e+06 2.37413e+06
11.5698 0.0715678 -0.00946691 2.43967e+06 2.37727e+06
11.7318 0.0698248 -0.0120488 2.44391e+06 2.38148e+06
11.8547 0.0687142 -0.00602439 2.44708e+06 2.38472e+06
12.0219 0.0697215 0.0180734 2.4513e+06 2.38922e+06
12.1904 0.0751601 0.0464741 2.45553e+06 2.39378e+06
12.3148 0.082557 0.0722926 2.45863e+06 2.39718e+06
12.4823 0.0954104 0.080899 2.46296e+06 2.40161e+06
12.6499 0.110314 0.0963902 2.46726e+06 2.40609e+06
12.7778 0.122899 0.0998328 2.47059e+06 2.40946e+06
12.942 0.140413 0.112742 2.47482e+06 2.41384e+06
13.0664 0.154339 0.11016 2.4781e+06 2.41709e+06
13.2298 0.171913 0.104136 2.48242e+06 2.42134e+06
13.3955 0.187646 0.0852018 2.48687e+06 2.42557e+06
13.5196 0.197008 0.0654076 2.49023e+06 2.4287e+06
13.6876 0.204459 0.0232369 2.49486e+06 2.43284e+06
13.8132 0.204837 -0.0172128 2.49837e+06 2.43588e+06
13.9822 0.19858 -0.0568014 2.50301e+06 2.44006e+06
14.1523 0.187804 -0.0697107 2.50753e+06 2.44443e+06
14.2806 0.179008 -0.0671289 2.51087e+06 2.4478e+06
14.4496 0.168014 -0.0628257 2.51526e+06 2.45224e+06
14.6171 0.158129 -0.0550801 2.51959e+06 2.45666e+06
14.744 0.151076 -0.0559407 2.52291e+06 2.45997e+06
14.9117 0.140818 -0.0662684 2.52735e+06 2.46429e+06
15.0769 0.127999 -0.0886446 2.5318e+06 2.46848e+06
15.1991 0.116925 -0.092087 2.53502e+06 2.47166e+06
15.369 0.101232 -0.0920869 2.53947e+06 2.47611e+06
15.4938 0.0907375 -0.0757351 2.54264e+06 2.47947e+06
15.6586 0.0789407 -0.0671288 2.5469e+06 2.48383e+06
15.7798 0.0711638 -0.0611046 2.55003e+06 2.48703e+06
15.9472 0.0599815 -0.0722926 2.55447e+06 2.49134e+06
16.0728 0.0503956 -0.0800383 2.5578e+06 2.49458e+06
16.2347 0.0372015 -0.0826202 2.56205e+06 2.4988e+06
16.3969 0.0238364 -0.0817595 2.56629e+06 2.50305e+06
16.5634 0.0108416 -0.0740139 2.5706e+06 2.50745e+06
16.6904 0.00175463 -0.0688501 2.57389e+06 2.5108e+06
16.8544 -0.00919767 -0.064547 2.57815e+06 2.51511e+06
16.9802 -0.0182027 -0.0783172 2.58152e+06 2.51832e+06
17.1471 -0.033757 -0.107578 2.58606e+06 2.52252e+06
17.3164 -0.0554353 -0.147167 2.59074e+06 2.52674e+06
17.4371 -0.0739175 -0.156634 2.59398e+06 2.52987e+06
17.6016 -0.100265 -0.160937 2.59835e+06 2.53419e+06
17.7651 -0.124783 -0.13684 2.60252e+06 2.53864e+06
17.8896 -0.141327 -0.127373 2.60574e+06 2.54197e+06
18.0503 -0.160364 -0.108439 2.60985e+06 2.5463e+06
18.1698 -0.173324 -0.107578 2.61298e+06 2.54944e+06
18.3239 -0.189562 -0.102414 2.61699e+06 2.55351e+06
18.4685 -0.201976 -0.0688501 2.62058e+06 2.55749e+06
18.5744 -0.207039 -0.0266794 2.6231e+06 2.5605e+06
18.7094 -0.204599 0.0628265 2.6261e+06 2.56454e+06
18.8044 -0.194592 0.147167 2.6281e+06 2.56752e+06
18.9236 -0.169979 0.25991 2.63062e+06 2.57135e+06
19.0348 -0.13306 0.381259 2.63297e+06 2.57511e+06
19.1123 -0.0973658 0.481951 2.63461e+06 2.57792e+06
19.2062 -0.0400044 0.614487 2.63671e+06 2.58156e+06
19.2903 0.0279885 0.745304 2.63877e+06 2.58514e+06
19.3463 0.0854104 0.852022 2.64024e+06 2.58785e+06
19.4082 0.170489 1.03017 2.64195e+06 2.59163e+06
19.4434 0.240792 1.18336 2.64311e+06 2.59457e+06
19.4718 0.337582 1.38819 2.64455e+06 2.59839e+06
19.4801 0.436172 1.58441 2.64599e+06 2.60211e+06
19.474 0.509353 1.7247 2.64709e+06 2.60484e+06
19.4506 0.602321 1.91059 2.64851e+06 2.60842e+06
19.4098 0.689113 2.10854 2.64986e+06 2.61207e+06
19.368 0.748305 2.26345 2.65085e+06 2.61486e+06
19.2979 0.816766 2.47258 2.65219e+06 2.61863e+06
19.2364 0.858332 2.62147 2.65326e+06 2.62143e+06
19.1444 0.900516 2.8022 2.65485e+06 2.62512e+06
19.0414 0.927945 2.96056 2.65671e+06 2.62882e+06
18.9615 0.938543 3.05867 2.65824e+06 2.63149e+06
18.8538 0.941358 -3.11092 2.66039e+06 2.63496e+06
18.7407 0.93222 -3.01108 2.66277e+06 2.6385e+06
18.6506 0.917466 -2.9474 2.66478e+06 2.64125e+06
18.5275 0.887937 -2.86478 2.6676e+06 2.64503e+06
18.4053 0.849021 -2.80195 2.67058e+06 2.64874e+06
18.3087 0.813865 -2.78302 2.67315e+06 2.65153e+06
18.1773 0.763566 -2.76925 2.67674e+06 2.65528e+06
18.0797 0.725031 -2.7615 2.67943e+06 2.65806e+06
17.9431 0.670643 -2.76408 2.68328e+06 2.66188e+06
17.8061 0.616114 -2.7615 2.68711e+06 2.66574e+06
17.699 0.573589 -2.7658 2.69014e+06 2.66872e+06
17.5601 0.51859 -2.76322 2.69402e+06 2.67263e+06
17.4214 0.463601 -2.76494 2.69792e+06 2.67651e+06
17.3136 0.421375 -2.77183 2.70098e+06 2.67949e+06
17.1706 0.366936 -2.78388 2.70504e+06 2.68341e+06
17.0247 0.314818 -2.81314 2.70925e+06 2.68728e+06
16.9187 0.279259 -2.82261 2.71222e+06 2.69014e+06
16.7743 0.232873 -2.83896 2.71627e+06 2.694e+06
16.6276 0.187413 -2.84326 2.7203e+06 2.69798e+06
16.519 0.154991 -2.85961 2.72335e+06 2.70084e+06
16.374 0.115402 -2.8906 2.72745e+06 2.70458e+06
16.2649 0.0883384 -2.90609 2.73047e+06 2.70742e+06
16.1152 0.0547312 -2.93535 2.73464e+06 2.71125e+06
15.9623 0.0238203 -2.94912 2.73879e+06 2.71524e+06
15.8436 0.00222846 -2.97408 2.74208e+06 2.71824e+06
15.6842 -0.0231829 -2.99301 2.7464e+06 2.72234e+06
15.5234 -0.0449858 -3.02055 2.75079e+06 2.72641e+06
15.4047 -0.0586444 -3.03346 2.75398e+06 2.72945e+06
15.2396 -0.0740592 -3.06358 2.75848e+06 2.7336e+06
15.0779 -0.0849479 -3.0851 2.76283e+06 2.7377e+06
14.9563 -0.0912476 -3.09456 2.76606e+06 2.74082e+06
14.7964 -0.098981 -3.09198 2.77022e+06 2.74501e+06
14.6749 -0.106013 -3.07563 2.7733e+06 2.74828e+06
14.5077 -0.117923 -3.0653 2.77761e+06 2.75271e+06
14.3453 -0.132302 -3.04121 2.78172e+06 2.7571e+06
14.2233 -0.144706 -3.03948 2.78491e+06 2.76031e+06
14.0606 -0.161728 -3.03518 2.78915e+06 2.7646e+06
13.8942 -0.17682 -3.06702 2.79369e+06 2.76877e+06
13.7732 -0.185081 -3.07993 2.79693e+06 2.77186e+06
13.6112 -0.194102 -3.09198 2.80123e+06 2.77602e+06
13.486 -0.200859 -3.08338 2.80445e+06 2.77934e+06
13.3142 -0.212209 -3.06788 2.80885e+06 2.78392e+06
13.187 -0.221764 -3.0653 2.81216e+06 2.78726e+06
13.0223 -0.235212 -3.05498 2.81641e+06 2.79163e+06
12.8551 -0.249079 -3.06272 2.82083e+06 2.79596e+06
12.6851 -0.262291 -3.0653 2.82529e+06 2.80039e+06
12.5587 -0.27157 -3.07133 2.82863e+06 2.80366e+06
12.3948 -0.284024 -3.06014 2.83285e+06 2.80801e+06
12.2679 -0.294383 -3.06014 2.83617e+06 2.81133e+06
12.1006 -0.309058 -3.04809 2.84048e+06 2.81578e+06
11.9335 -0.323644 -3.061 2.84493e+06 2.82008e+06
11.8115 -0.333283 -3.06444 2.84814e+06 2.82325e+06
11.6474 -0.344127 -3.08682 2.85256e+06 2.82741e+06
11.4831 -0.352569 -3.0937 2.85689e+06 2.83166e+06
11.3572 -0.35822 -3.09973 2.86021e+06 2.83491e+06
11.1887 -0.366153 -3.0894 2.86455e+06 2.83937e+06
11.06 -0.374093 -3.07047 2.8678e+06 2.84284e+06
10.8871 -0.38784 -3.05411 2.87223e+06 2.84746e+06
10.7131 -0.403326 -3.05153 2.87677e+06 2.85203e+06
10.5815 -0.41372 -3.07391 2.88034e+06 2.85534e+06
10.409 -0.422511 -3.10747 2.88504e+06 2.85965e+06
10.2386 -0.426493 -3.12899 2.88961e+06 2.86397e+06
10.0653 -0.428976 -3.12555 2.89411e+06 2.86851e+06
9.93472 -0.431689 -3.11608 2.89746e+06 2.87197e+06
9.76414 -0.436923 -3.10575 2.90185e+06 2.87648e+06
9.63553 -0.440593 -3.12038 2.90529e+06 2.87975e+06
9.46163 -0.44241 3.14129 2.90995e+06 2.88416e+06
9.28622 -0.438658 3.09912 2.91477e+06 2.88849e+06
9.15906 -0.432266 3.08362 2.91818e+06 2.89172e+06
8.98845 -0.420154 3.05781 2.92279e+06 2.89603e+06
8.85832 -0.409281 3.05867 2.92619e+06 2.89944e+06
8.68428 -0.394288 3.05264 2.93078e+06 2.90396e+06
8.51848 -0.379788 3.05608 2.9351e+06 2.90832e+06
8.39282 -0.368472 3.04748 2.93844e+06 2.91156e+06
8.22517 -0.353084 3.05264 2.9428e+06 2.91598e+06
8.05438 -0.338297 3.05781 2.94724e+06 2.92048e+06
7.92969 -0.329336 3.0819 2.95036e+06 2.92388e+06
7.76089 -0.322671 3.12235 2.95453e+06 2.92852e+06
7.63299 -0.323347 -3.11178 2.95758e+06 2.93214e+06
7.4639 -0.335102 -3.0326 2.96154e+06 2.93702e+06
7.29967 -0.359685 -2.95342 2.96541e+06 2.94181e+06
7.18478 -0.385379 -2.88973 2.96811e+06 2.94525e+06
7.03189 -0.430956 -2.814 2.97183e+06 2.94985e+06
6.88731 -0.488215 -2.71503 2.97531e+06 2.95448e+06
6.78426 -0.539789 -2.64015 2.97788e+06 2.95792e+06
6.65488 -0.618584 -2.54893 2.9813e+06 2.9624e+06
6.53707 -0.706936 -2.44737 2.98455e+06 2.96683e+06
6.4522 -0.782611 -2.37938 2.98712e+06 2.97019e+06
6.34632 -0.891743 -2.30279 2.99064e+06 2.9746e+06
6.27447 -0.97613 -2.24943 2.99322e+06 2.9778e+06
6.18326 -1.09563 -2.19607 2.99683e+06 2.98203e+06
6.09643 -1.22579 -2.12206 3.00048e+06 2.98654e+06
6.03768 -1.32693 -2.07214 3.00324e+06 2.98988e+06
5.96466 -1.46769 -2.02653 3.00711e+06 2.99428e+06
5.89679 -1.61207 -1.99382 3.01108e+06 2.99863e+06
5.84647 -1.72568 -1.98177 3.01425e+06 3.00194e+06
5.78374 -1.87486 -1.95595 3.01832e+06 3.00631e+06
5.73801 -1.98977 -1.94305 3.02147e+06 3.00961e+06
5.67813 -2.14753 -1.92411 3.02576e+06 3.01412e+06
5.6199 -2.31283 -1.89485 3.03016e+06 3.01886e+06
5.58007 -2.43759 -1.86473 3.0334e+06 3.02245e+06
5.5327 -2.60413 -1.83116 3.03772e+06 3.02716e+06
5.49879 -2.73321 -1.82428 3.04116e+06 3.03068e+06
5.45589 -2.90551 -1.80535 3.04568e+06 3.03542e+06
5.41594 -3.08205 -1.78125 3.05026e+06 3.04028e+06
5.39038 -3.2148 -1.7408 3.05355e+06 3.04404e+06
5.36415 -3.39661 -1.68744 3.05803e+06 3.04914e+06
5.34887 -3.57909 -1.62117 3.06242e+06 3.0543e+06
5.34336 -3.71972 -1.59879 3.06596e+06 3.0581e+06
5.3408 -3.90512 -1.57039 3.07063e+06 3.0631e+06
5.34165 -4.04682 -1.55921 3.07426e+06 3.06686e+06
5.3475 -4.23848 -1.52134 3.07904e+06 3.07208e+06
5.35851 -4.43068 -1.50585 3.08397e+06 3.07719e+06
5.36865 -4.56991 -1.49036 3.08752e+06 3.08092e+06
5.38423 -4.7591 -1.48691 3.09245e+06 3.08589e+06
5.40092 -4.95069 -1.48089 3.09743e+06 3.09094e+06
5.41326 -5.09532 -1.49036 3.10127e+06 3.09467e+06
5.42811 -5.28245 -1.49294 3.10618e+06 3.09955e+06
5.44361 -5.47376 -1.48691 3.11115e+06 3.10459e+06
5.45622 -5.62145 -1.48433 3.115e+06 3.10847e+06
5.47412 -5.81717 -1.47486 3.12007e+06 3.11365e+06
5.48853 -5.96296 -1.4697 3.12386e+06 3.1175e+06
5.5099 -6.15698 -1.45249 3.12885e+06 3.12269e+06
5.53133 -6.35081 -1.46884 3.13403e+06 3.12768e+06
5.54964 -6.53687 -1.47659 3.13895e+06 3.13251e+06
5.56226 -6.6755 -1.48347 3.14262e+06 3.1361e+06
5.57956 -6.8603 -1.47142 3.14739e+06 3.14101e+06
5.59335 -7.00172 -1.47573 3.15112e+06 3.14469e+06
5.61158 -7.17468 -1.45593 3.15554e+06 3.14934e+06
5.63337 -7.34664 -1.43355 3.15993e+06 3.15399e+06
5.65292 -7.47187 -1.39827 3.16303e+06 3.1575e+06
5.68547 -7.639 -1.35868 3.16724e+06 3.16217e+06
5.72541 -7.798 -1.29069 3.17112e+06 3.16684e+06
5.76464 -7.91772 -1.21754 3.17398e+06 3.17055e+06
5.83468 -8.07586 -1.09016 3.17775e+06 3.1758e+06
5.89935 -8.18664 -0.994634 3.18054e+06 3.1797e+06
5.99968 -8.32564 -0.896524 3.18444e+06 3.18474e+06
6.11289 -8.45308 -0.792387 3.18828e+06 3.18979e+06
6.20632 -8.54182 -0.72698 3.19126e+06 3.19353e+06
6.33671 -8.64802 -0.640057 3.19514e+06 3.19842e+06
6.47567 -8.74135 -0.542805 3.19894e+06 3.20335e+06
6.63172 -8.82361 -0.427481 3.20287e+06 3.20862e+06
6.75351 -8.87228 -0.332813 3.20574e+06 3.21259e+06
6.92201 -8.92118 -0.232119 3.20973e+06 3.21775e+06
7.10014 -8.9544 -0.13659 3.2139e+06 3.22303e+06
7.23959 -8.97039 -0.0918374 3.2173e+06 3.22695e+06
7.41999 -8.98256 -0.0427821 3.22173e+06 3.23195e+06
7.55589 -8.98621 -0.0109385 3.22509e+06 3.23568e+06
7.74264 -8.98359 0.0389774 3.22967e+06 3.24084e+06
7.93442 -8.97197 0.082009 3.23443e+06 3.2461e+06
8.07547 -8.95848 0.108688 3.23797e+06 3.24995e+06
8.26312 -8.93539 0.136228 3.24274e+06 3.25504e+06
8.45279 -8.90722 0.158605 3.24761e+06 3.26017e+06
8.59324 -8.88451 0.162047 3.2513e+06 3.2639e+06
8.77479 -8.85298 0.181842 3.25599e+06 3.26882e+06
8.96354 -8.81508 0.214546 3.26082e+06 3.27403e+06
9.1054 -8.78173 0.247249 3.26443e+06 3.27802e+06
9.29128 -8.73387 0.256716 3.26938e+06 3.28308e+06
9.42896 -8.69798 0.253273 3.27311e+06 3.28677e+06
9.6204 -8.65185 0.219709 3.27844e+06 3.29171e+06
9.80894 -8.6139 0.177538 3.2837e+06 3.29648e+06
9.95017 -8.59118 0.141392 3.28764e+06 3.3e+06
10.1384 -8.5653 0.131925 3.29265e+06 3.3049e+06
10.2857 -8.54581 0.131064 3.29653e+06 3.30877e+06
10.4783 -8.52194 0.115573 3.30168e+06 3.31374e+06
10.6682 -8.50188 0.0949182 3.30678e+06 3.3186e+06
10.809 -8.48952 0.0802875 3.31055e+06 3.3222e+06
10.9953 -8.47566 0.0682384 3.31549e+06 3.327e+06
11.1801 -8.46741 0.020904 3.32059e+06 3.33155e+06
11.3195 -8.46648 -0.0074964 3.32439e+06 3.33502e+06
11.4616 -8.47005 -0.0427821 3.3283e+06 3.33852e+06
11.6915 -8.48834 -0.115936 3.33474e+06 3.34411e+06
11.8263 -8.50905 -0.189089 3.33872e+06 3.34724e+06
11.9992 -8.55016 -0.277733 3.34387e+06 3.35136e+06
12.1242 -8.59099 -0.353469 3.34774e+06 3.35435e+06
12.2852 -8.6588 -0.443834 3.35282e+06 3.35838e+06
12.4403 -8.74039 -0.524734 3.35786e+06 3.36248e+06
12.5867 -8.83394 -0.612518 3.3629e+06 3.3665e+06
12.6878 -8.91004 -0.677924 3.36658e+06 3.36942e+06
12.8154 -9.02423 -0.78206 3.37165e+06 3.37328e+06
12.9031 -9.11682 -0.843166 3.37533e+06 3.37625e+06
13.0103 -9.24986 -0.942137 3.38036e+06 3.38013e+06
13.1024 -9.38936 -1.03164 3.38524e+06 3.38397e+06
13.1652 -9.50302 -1.10135 3.38903e+06 3.38695e+06
13.2373 -9.65724 -1.16504 3.39384e+06 3.39102e+06
13.3001 -9.81656 -1.22614 3.39866e+06 3.39513e+06
13.3406 -9.93726 -1.26745 3.40222e+06 3.39821e+06
13.3875 -10.1059 -1.332 3.40716e+06 3.4024e+06
13.4245 -10.2749 -1.37847 3.41194e+06 3.40664e+06
13.4484 -10.4062 -1.40257 3.41556e+06 3.40998e+06
13.4763 -10.5843 -1.42839 3.42041e+06 3.41453e+06
13.4943 -10.72 -1.44905 3.4241e+06 3.41798e+06
13.5146 -10.8975 -1.46454 3.42885e+06 3.42255e+06
13.5325 -11.0784 -1.48003 3.43368e+06 3.4272e+06
13.5441 -11.2185 -1.49638 3.43744e+06 3.43077e+06
13.556 -11.4043 -1.5179 3.44242e+06 3.4355e+06
13.5644 -11.5866 -1.53167 3.44726e+06 3.44018e+06
13.5699 -11.7275 -1.53081 3.45093e+06 3.44386e+06
13.5774 -11.9212 -1.53339 3.456e+06 3.4489e+06
13.5833 -12.0654 -1.52736 3.45973e+06 3.4527e+06
13.5912 -12.2563 -1.53081 3.46473e+06 3.45766e+06
13.5974 -12.4003 -1.52564 3.46846e+06 3.46145e+06
13.6035 -12.5937 -1.55232 3.47366e+06 3.46634e+06
13.6056 -12.7791 -1.56695 3.47858e+06 3.47109e+06
13.6053 -12.9668 -1.57814 3.48354e+06 3.47592e+06
13.6053 -13.1103 -1.56265 3.48719e+06 3.47975e+06
13.6079 -13.3039 -1.55232 3.49218e+06 3.48486e+06
13.6113 -13.444 -1.54113 3.49577e+06 3.48858e+06
13.6167 -13.6344 -1.54371 3.50075e+06 3.49353e+06
13.6216 -13.8272 -1.54716 3.5058e+06 3.49854e+06
13.6243 -13.9712 -1.55662 3.50961e+06 3.50224e+06
13.6267 -14.1562 -1.55921 3.51445e+06 3.50705e+06
13.6288 -14.2969 -1.55232 3.51808e+06 3.51076e+06
13.6337 -14.4884 -1.53769 3.52299e+06 3.51584e+06
13.6405 -14.6764 -1.53167 3.52786e+06 3.52078e+06
13.6459 -14.8172 -1.53425 3.53155e+06 3.52444e+06
13.6532 -15.01 -1.53081 3.53656e+06 3.52949e+06
13.6595 -15.203 -1.54544 3.54168e+06 3.53444e+06
13.6631 -15.3421 -1.54544 3.54531e+06 3.53807e+06
13.6675 -15.5311 -1.54888 3.55026e+06 3.54298e+06
13.6718 -15.6766 -1.53425 3.55397e+06 3.54686e+06
13.6789 -15.8721 -1.53425 3.55907e+06 3.55196e+06
13.6861 -16.0598 -1.53081 3.56395e+06 3.55688e+06
13.6911 -16.2028 -1.54113 3.56774e+06 3.56055e+06
13.6959 -16.3947 -1.5506 3.5728e+06 3.5655e+06
13.6972 -16.5373 -1.57298 3.57665e+06 3.56909e+06
13.6955 -16.7233 -1.58675 3.58158e+06 3.57386e+06
13.6919 -16.9148 -1.59277 3.58661e+06 3.57882e+06
13.6887 -17.0609 -1.59277 3.59042e+06 3.58263e+06
13.6839 -17.2509 -1.5988 3.59541e+06 3.58755e+06
13.6774 -17.4362 -1.61343 3.60033e+06 3.5923e+06
13.6712 -17.5733 -1.61859 3.60394e+06 3.59585e+06
13.6618 -17.7574 -1.62461 3.60878e+06 3.60062e+06
13.6533 -17.9391 -1.60998 3.61344e+06 3.60545e+06
13.6487 -18.0812 -1.59707 3.61707e+06 3.60923e+06
13.6469 -18.2737 -1.56265 3.62189e+06 3.61445e+06
13.6488 -18.4167 -1.55232 3.62556e+06 3.61824e+06
13.6556 -18.6638 -1.53425 3.6319e+06 3.62479e+06
13.6599 -18.7902 -1.53941 3.63523e+06 3.62806e+06
13.6648 -18.9307 -1.53339 3.63886e+06 3.63176e+06
13.6708 -19.1164 -1.54285 3.64376e+06 3.63655e+06
13.6768 -19.2979 -1.53339 3.64844e+06 3.64134e+06
13.682 -19.4374 -1.53339 3.65208e+06 3.64498e+06
13.6903 -19.6219 -1.51876 3.65681e+06 3.64988e+06
13.6983 -19.8081 -1.53597 3.66177e+06 3.65464e+06
13.7022 -19.9451 -1.54888 3.66542e+06 3.65814e+06
13.7032 -20.1298 -1.58244 3.67043e+06 3.66276e+06
13.701 -20.2674 -1.59105 3.67407e+06 3.6663e+06
13.6952 -20.4551 -1.61256 3.67909e+06 3.67107e+06
13.6878 -20.6415 -1.60826 3.68393e+06 3.67596e+06
13.6827 -20.7806 -1.60654 3.68755e+06 3.6796e+06
13.6759 -20.9645 -1.60826 3.69236e+06 3.68439e+06
13.6686 -21.1026 -1.64011 3.69615e+06 3.68781e+06
13.6506 -21.2827 -1.70035 3.70122e+06 3.69218e+06
13.6217 -21.46 -1.7649 3.70628e+06 3.69649e+06
13.5922 -21.5937 -1.80965 3.71011e+06 3.6998e+06
13.5446 -21.7684 -1.86473 3.71515e+06 3.7042e+06
13.4866 -21.9378 -1.93702 3.72024e+06 3.70845e+06
13.4364 -22.0575 -1.99813 3.72398e+06 3.71148e+06
13.3541 -22.2153 -2.10484 3.72924e+06 3.7155e+06
13.257 -22.3619 -2.20726 3.73442e+06 3.71949e+06
13.1736 -22.4644 -2.29934 3.7384e+06 3.7224e+06
13.0502 -22.5875 -2.41553 3.74362e+06 3.72627e+06
12.9467 -22.6711 -2.50848 3.74763e+06 3.7292e+06
12.7967 -22.77 -2.60917 3.7529e+06 3.7333e+06
12.6402 -22.8522 -2.70728 3.75808e+06 3.73734e+06
12.5166 -22.903 -2.79593 3.76208e+06 3.74031e+06
12.3494 -22.9535 -2.90006 3.76724e+06 3.74426e+06
12.1745 -22.9877 -2.99731 3.77245e+06 3.74834e+06
12.0405 -23.0037 -3.04723 3.77626e+06 3.75157e+06
11.8555 -23.0156 -3.10833 3.78145e+06 3.75605e+06
11.6714 -23.0173 3.12666 3.78653e+06 3.76057e+06
11.5342 -23.0122 3.08362 3.79036e+06 3.7639e+06
11.3498 -22.9967 3.03113 3.79549e+06 3.76842e+06
11.211 -22.9786 2.99326 3.79936e+06 3.77185e+06
11.0281 -22.9469 2.94679 3.80447e+06 3.77642e+06
10.8504 -22.9099 2.92527 3.80933e+06 3.78103e+06
10.7107 -22.879 2.92355 3.81307e+06 3.78475e+06
10.5222 -22.8406 2.95711 3.81789e+06 3.78996e+06
10.3317 -22.8079 2.98637 3.82276e+06 3.79517e+06
10.1896 -22.7876 3.01305 3.82635e+06 3.79907e+06
9.99308 -22.7641 3.03199 3.8314e+06 3.80434e+06
9.80143 -22.7459 3.06125 3.83625e+06 3.80953e+06
9.65703 -22.7355 3.07932 3.83992e+06 3.81341e+06
9.45911 -22.7277 3.12494 3.84482e+06 3.81884e+06
9.30475 -22.7271 -3.13329 3.8487e+06 3.82301e+06
9.10462 -22.7315 -3.10575 3.85376e+06 3.82839e+06
8.95899 -22.7371 -3.10059 3.85753e+06 3.83222e+06
8.76593 -22.7462 -3.08854 3.8625e+06 3.83733e+06
8.57403 -22.7557 -3.09542 3.86755e+06 3.8423e+06
8.39104 -22.7625 -3.1135 3.87243e+06 3.84697e+06
8.25263 -22.7653 -3.12899 3.87613e+06 3.85049e+06
8.0655 -22.7629 3.10256 3.88131e+06 3.85507e+06
7.88745 -22.7498 3.03457 3.88636e+06 3.85933e+06
7.75673 -22.7307 2.95797 3.89025e+06 3.86233e+06
7.58957 -22.6894 2.84093 3.89542e+06 3.86614e+06
7.42639 -22.6265 2.70667 3.90076e+06 3.86992e+06
7.31393 -22.5677 2.612 3.90462e+06 3.87268e+06
7.17363 -22.4732 2.48635 3.90976e+06 3.87636e+06
7.07438 -22.3896 2.39598 3.91367e+06 3.87922e+06
6.95432 -22.2669 2.29529 3.91873e+06 3.88311e+06
6.84831 -22.1359 2.20665 3.92364e+06 3.88699e+06
6.7763 -22.0307 2.13521 3.92738e+06 3.8899e+06
6.6922 -21.8793 2.02075 3.93256e+06 3.89375e+06
6.62605 -21.7232 1.92264 3.93755e+06 3.8976e+06
6.5851 -21.5982 1.85207 3.94139e+06 3.90062e+06
6.54127 -21.4262 1.78838 3.94639e+06 3.90488e+06
6.50771 -21.2467 1.72297 3.95153e+06 3.90926e+06
6.49 -21.1137 1.68339 3.95526e+06 3.91253e+06
6.47484 -20.9322 1.62486 3.96035e+06 3.91694e+06
6.4698 -20.7906 1.58786 3.96426e+06 3.92042e+06
6.47079 -20.6034 1.5431 3.9694e+06 3.92504e+06
6.47893 -20.4188 1.5104 3.97441e+06 3.92967e+06
6.4882 -20.2785 1.49921 3.97814e+06 3.93327e+06
6.50234 -20.0825 1.49835 3.98327e+06 3.93839e+06
6.51186 -19.9384 1.51126 3.98696e+06 3.94223e+06
6.52223 -19.7464 1.52245 3.99191e+06 3.94731e+06
6.52979 -19.5584 1.5388 3.99672e+06 3.95231e+06
6.53391 -19.416 1.54482 4.0004e+06 3.95606e+06
6.53693 -19.2331 1.56376 4.00506e+06 3.96094e+06
6.53664 -19.0444 1.58097 4.00988e+06 3.96596e+06
6.53309 -18.9014 1.61023 4.01344e+06 3.96986e+06
6.52418 -18.7074 1.62314 4.01843e+06 3.975e+06
6.51611 -18.564 1.63089 4.02213e+06 3.97879e+06
6.50645 -18.3667 1.60851 4.02741e+06 3.98381e+06
6.49957 -18.1659 1.60163 4.03269e+06 3.98901e+06
6.49463 -18.0162 1.60593 4.03657e+06 3.99294e+06
6.48542 -17.8157 1.62744 4.04168e+06 3.9983e+06
6.47192 -17.6157 1.64896 4.04678e+06 4.00365e+06
6.45992 -17.4624 1.64896 4.05079e+06 4.00766e+06
6.44549 -17.2628 1.63691 4.05608e+06 4.01281e+06
6.43769 -17.1101 1.60679 4.06024e+06 4.01662e+06
6.43249 -16.9077 1.58613 4.06564e+06 4.02178e+06
6.43063 -16.7079 1.57409 4.07092e+06 4.02692e+06
6.42964 -16.5607 1.58097 4.07472e+06 4.0308e+06
6.42624 -16.3661 1.5956 4.07971e+06 4.03596e+06
6.41948 -16.1716 1.6154 4.08467e+06 4.04115e+06
6.41241 -16.0308 1.62658 4.08828e+06 4.04489e+06
6.40191 -15.8428 1.62658 4.09319e+06 4.0498e+06
6.39423 -15.7031 1.62486 4.09685e+06 4.05344e+06
6.3844 -15.5154 1.62142 4.10177e+06 4.05832e+06
6.37489 -15.3277 1.62142 4.10667e+06 4.06322e+06
6.36783 -15.186 1.6197 4.11038e+06 4.06691e+06
6.35864 -14.9983 1.6197 4.11528e+06 4.07181e+06
6.35235 -14.856 1.61023 4.11905e+06 4.07547e+06
6.34579 -14.6693 1.60163 4.12397e+06 4.08029e+06
6.34173 -14.4828 1.58355 4.12894e+06 4.08505e+06
6.33957 -14.3457 1.58958 4.13248e+06 4.08866e+06
6.33552 -14.1563 1.59474 4.13739e+06 4.09363e+06
6.33074 -14.0168 1.6154 4.14091e+06 4.09739e+06
6.32163 -13.8307 1.624 4.14572e+06 4.1023e+06
6.31084 -13.6448 1.63347 4.15052e+06 4.10721e+06
6.30019 -13.4555 1.62056 4.15554e+06 4.11208e+06
6.29376 -13.3168 1.61367 4.1592e+06 4.11566e+06
6.28693 -13.1338 1.60249 4.16404e+06 4.12037e+06
6.28084 -12.9467 1.60421 4.16891e+06 4.12526e+06
6.27589 -12.8074 1.60851 4.17252e+06 4.12892e+06
6.26779 -12.6224 1.62056 4.17728e+06 4.13382e+06
6.2608 -12.4845 1.62228 4.18087e+06 4.13743e+06
6.25076 -12.2974 1.62658 4.18573e+06 4.14234e+06
6.24339 -12.1569 1.6197 4.18944e+06 4.14597e+06
6.23482 -11.9753 1.61626 4.1942e+06 4.15069e+06
6.22684 -11.7929 1.61281 4.19898e+06 4.15543e+06
6.22065 -11.6502 1.6154 4.20269e+06 4.15917e+06
6.21224 -11.4617 1.6154 4.20761e+06 4.16409e+06
6.20444 -11.2742 1.60937 4.21254e+06 4.16895e+06
6.19893 -11.133 1.61023 4.21622e+06 4.17264e+06
6.19188 -10.9396 1.60421 4.2213e+06 4.17765e+06
6.18526 -10.7535 1.60851 4.22613e+06 4.18253e+06
6.18041 -10.6121 1.60163 4.22986e+06 4.18618e+06
6.17388 -10.4216 1.60851 4.23479e+06 4.19119e+06
6.16746 -10.2271 1.59904 4.23992e+06 4.19621e+06
6.16338 -10.0868 1.60077 4.24357e+06 4.19988e+06
6.15944 -9.89874 1.58269 4.24858e+06 4.20468e+06
6.15794 -9.75744 1.58011 4.25228e+06 4.20835e+06
6.15676 -9.5701 1.57409 4.2572e+06 4.2132e+06
6.15507 -9.38795 1.58613 4.26188e+06 4.21802e+06
6.15239 -9.24857 1.59388 4.26547e+06 4.2217e+06
6.14627 -9.06325 1.61367 4.27019e+06 4.22665e+06
6.14037 -8.92571 1.61367 4.27378e+06 4.23024e+06
6.1327 -8.74332 1.61195 4.27855e+06 4.23499e+06
6.12688 -8.55972 1.59302 4.28345e+06 4.23967e+06
6.12413 -8.41977 1.58786 4.28713e+06 4.24329e+06
6.12159 -8.23303 1.58097 4.29204e+06 4.24812e+06
6.11945 -8.04647 1.58355 4.29689e+06 4.253e+06
6.11732 -7.90728 1.58872 4.30049e+06 4.25666e+06
6.11308 -7.72037 1.59818 4.30531e+06 4.26159e+06
6.10715 -7.53831 1.60851 4.31e+06 4.2664e+06
6.10207 -7.40207 1.60765 4.31356e+06 4.26995e+06
6.09518 -7.22349 1.61109 4.3182e+06 4.27463e+06
6.08944 -7.08844 1.6154 4.3217e+06 4.27818e+06
6.08084 -6.90782 1.62142 4.32638e+06 4.28293e+06
6.07139 -6.72744 1.62486 4.33107e+06 4.28766e+06
6.06391 -6.59247 1.62744 4.33458e+06 4.2912e+06
6.05319 -6.40774 1.63003 4.33939e+06 4.29604e+06
6.04562 -6.27316 1.624 4.34294e+06 4.29952e+06
6.03728 -6.09483 1.61109 4.34767e+06 4.3041e+06
6.03075 -5.91778 1.60421 4.35233e+06 4.30868e+06
6.02628 -5.78056 1.60249 4.35592e+06 4.31225e+06
6.01956 -5.59603 1.61195 4.36068e+06 4.31712e+06
6.01338 -5.45907 1.6197 4.36421e+06 4.32074e+06
6.00401 -5.27715 1.62486 4.36893e+06 4.32552e+06
5.99468 -5.08985 1.61626 4.37387e+06 4.33036e+06
5.98766 -4.90783 1.60249 4.3787e+06 4.33503e+06
5.98462 -4.77383 1.58441 4.3823e+06 4.33842e+06
5.98268 -4.59782 1.57925 4.38692e+06 4.34298e+06
5.98145 -4.45919 1.58011 4.39053e+06 4.3466e+06
5.97853 -4.27935 1.59388 4.39514e+06 4.35137e+06
5.97475 -4.10222 1.59044 4.39978e+06 4.35597e+06
5.97251 -3.97109 1.58527 4.40323e+06 4.35936e+06
5.97176 -3.78931 1.56462 4.40809e+06 4.36398e+06
5.97315 -3.65663 1.55601 4.4116e+06 4.36739e+06
5.97617 -3.48255 1.55085 4.41617e+06 4.3719e+06
5.97853 -3.30788 1.56376 4.42065e+06 4.37653e+06
5.97861 -3.17347 1.57667 4.42408e+06 4.38011e+06
5.97619 -3.00187 1.59302 4.42846e+06 4.38468e+06
5.97287 -2.8744 1.60077 4.43174e+06 4.38805e+06
5.96759 -2.70555 1.60335 4.43613e+06 4.39247e+06
5.96023 -2.53736 1.62572 4.44039e+06 4.39699e+06
5.94789 -2.37157 1.66445 4.4445e+06 4.40155e+06
5.93309 -2.24878 1.71695 4.44742e+06 4.40508e+06
5.90253 -2.08576 1.79527 4.45129e+06 4.40986e+06
5.8704 -1.96732 1.87617 4.45402e+06 4.41353e+06
5.81384 -1.81508 1.97686 4.45767e+06 4.41835e+06
5.74298 -1.67108 2.07927 4.46126e+06 4.42313e+06
5.68256 -1.57295 2.1662 4.46376e+06 4.42664e+06
5.58825 -1.44979 2.28238 4.46713e+06 4.43136e+06
5.48422 -1.34179 2.39254 4.4704e+06 4.43591e+06
5.40132 -1.26998 2.46311 4.47285e+06 4.43918e+06
5.29122 -1.18732 2.53196 4.47604e+06 4.44317e+06
5.21059 -1.1344 2.58963 4.47822e+06 4.44602e+06
5.10589 -1.07491 2.6602 4.48095e+06 4.44957e+06
5.00174 -1.02383 2.71097 4.48368e+06 4.45289e+06
4.92524 -0.99011 2.74196 4.48568e+06 4.45525e+06
4.82314 -0.949504 2.78413 4.4883e+06 4.45836e+06
4.74327 -0.921151 2.81683 4.49032e+06 4.46076e+06
4.63214 -0.887217 2.87363 4.49302e+06 4.46412e+06
4.51893 -0.861007 2.95453 4.49558e+06 4.46762e+06
4.43029 -0.847058 3.0165 4.49756e+06 4.47032e+06
4.30712 -0.835806 3.08449 4.50039e+06 4.47394e+06
4.18215 -0.832433 -3.13846 4.5033e+06 4.47755e+06
4.08573 -0.834935 -3.09284 4.50555e+06 4.48033e+06
3.95122 -0.843762 -3.05928 4.50887e+06 4.48404e+06
3.84865 -0.852803 -3.04809 4.51149e+06 4.48679e+06
3.71428 -0.865753 -3.04293 4.51498e+06 4.49034e+06
3.57687 -0.876911 -3.07821 4.51878e+06 4.49373e+06
3.47138 -0.882741 -3.09456 4.52163e+06 4.49639e+06
3.32786 -0.888196 -3.11264 4.52548e+06 4.50003e+06
3.18352 -0.891693 -3.1221 4.5293e+06 4.50374e+06
3.07368 -0.894354 -3.11264 4.53211e+06 4.50666e+06
2.92073 -0.898916 -3.11092 4.53609e+06 4.51066e+06
2.76592 -0.904867 -3.09542 4.54004e+06 4.51479e+06
2.64639 -0.910286 -3.09715 4.54317e+06 4.5179e+06
2.48663 -0.917392 -3.09715 4.54734e+06 4.52207e+06
2.36613 -0.922491 -3.10145 4.55051e+06 4.52519e+06
2.20306 -0.928409 -3.10919 4.55481e+06 4.5294e+06
2.07851 -0.932982 -3.10059 4.55801e+06 4.5327e+06
1.90704 -0.940091 -3.09973 4.56248e+06 4.53718e+06
1.73699 -0.948827 -3.08079 4.56681e+06 4.54173e+06
1.61087 -0.95656 -3.07993 4.5701e+06 4.54503e+06
1.44557 -0.967622 -3.06961 4.57436e+06 4.54941e+06
1.27695 -0.977959 -3.09112 4.57889e+06 4.55369e+06
1.15398 -0.98364 -3.09973 4.58215e+06 4.55685e+06
0.989574 -0.989677 -3.11006 4.5865e+06 4.56108e+06
0.824598 -0.995948 -3.09715 4.59073e+06 4.56546e+06
0.697808 -1.00202 -3.09026 4.594e+06 4.56881e+06
0.533747 -1.01137 -3.07907 4.59822e+06 4.57316e+06
0.41492 -1.01907 -3.07477 4.6013e+06 4.57629e+06
0.256863 -1.02924 -3.07993 4.60546e+06 4.58039e+06
0.0966799 -1.0392 -3.07907 4.60964e+06 4.58458e+06
-0.0245009 -1.0461 -3.09026 4.61287e+06 4.58768e+06
-0.180364 -1.05438 -3.08682 4.61692e+06 4.59177e+06
-0.340642 -1.06268 -3.09284 4.62114e+06 4.59592e+06
-0.462792 -1.06938 -3.08079 4.62426e+06 4.59918e+06
-0.628316 -1.07996 -3.07477 4.62855e+06 4.60354e+06
-0.788231 -1.09107 -3.06961 4.6327e+06 4.60775e+06
-0.906635 -1.09935 -3.07391 4.63582e+06 4.61082e+06
-1.06721 -1.1092 -3.08682 4.64009e+06 4.61494e+06
-1.18917 -1.11583 -3.08768 4.64328e+06 4.61812e+06
-1.34985 -1.12374 -3.09715 4.64753e+06 4.62226e+06
-1.50934 -1.13242 -3.07735 4.65158e+06 4.62654e+06
-1.63369 -1.14095 -3.06874 4.65478e+06 4.62984e+06
-1.79718 -1.15544 -3.03776 4.65888e+06 4.6343e+06
-1.96266 -1.17326 -3.03088 4.66318e+06 4.63868e+06
-2.08423 -1.18698 -3.02744 4.66635e+06 4.64189e+06
-2.24565 -1.20486 -3.03518 4.67063e+06 4.64608e+06
-2.36613 -1.21793 -3.03174 4.67377e+06 4.64926e+06
-2.52984 -1.23771 -3.01108 4.67795e+06 4.65368e+06
-2.69882 -1.26152 -2.99215 4.68229e+06 4.65824e+06
-2.82118 -1.2808 -2.97838 4.68544e+06 4.66155e+06
-2.98452 -1.30734 -2.98268 4.68978e+06 4.66584e+06
-3.10777 -1.32714 -2.98182 4.69303e+06 4.6691e+06
-3.27946 -1.35232 -3.01022 4.69772e+06 4.67346e+06
-3.44394 -1.37218 -3.0326 4.70217e+06 4.67765e+06
-3.56766 -1.38367 -3.0653 4.7056e+06 4.6807e+06
-3.73338 -1.39419 -3.09112 4.71008e+06 4.68488e+06
-3.89859 -1.39926 -3.13071 4.71462e+06 4.68896e+06
-4.01632 -1.39933 3.13182 4.71781e+06 4.69191e+06
-4.17331 -1.39529 3.09998 4.72209e+06 4.69582e+06
-4.29185 -1.38938 3.08362 4.72528e+06 4.69882e+06
-4.44599 -1.38117 3.09309 4.72925e+06 4.7029e+06
-4.58802 -1.37715 3.13354 4.73272e+06 4.70684e+06
-4.68559 -1.37952 -3.0851 4.73489e+06 4.70976e+06
-4.80796 -1.39291 -2.9801 4.73749e+06 4.71358e+06
-4.91661 -1.41839 -2.8424 4.7396e+06 4.71729e+06
-4.98851 -1.44565 -2.71589 4.74087e+06 4.72003e+06
-5.06819 -1.49095 -2.53344 4.7422e+06 4.72348e+06
-5.117 -1.5306 -2.38541 4.74298e+06 4.72598e+06
-5.16552 -1.58675 -2.18144 4.74373e+06 4.7291e+06
-5.19008 -1.62836 -2.02652 4.74409e+06 4.73126e+06
-5.20862 -1.67977 -1.80706 4.74424e+06 4.73396e+06
-5.21347 -1.71955 -1.57728 4.74395e+06 4.73634e+06
-5.21085 -1.74434 -1.35351 4.7433e+06 4.73829e+06
-5.20816 -1.75314 -1.19688 4.74263e+06 4.73944e+06
-5.20764 -1.75417 -1.00238 4.74153e+06 4.7406e+06
-5.21485 -1.74495 -0.812182 4.74012e+06 4.7414e+06
-5.22739 -1.73339 -0.677063 4.73889e+06 4.74174e+06
-5.25483 -1.71508 -0.499774 4.737e+06 4.74191e+06
-5.2926 -1.69856 -0.325068 4.73491e+06 4.74185e+06
-5.32706 -1.68937 -0.195974 4.73323e+06 4.74167e+06
-5.37678 -1.68365 -0.0333152 4.73098e+06 4.74131e+06
-5.42449 -1.68532 0.103525 4.72894e+06 4.74086e+06
-5.45203 -1.68913 0.171514 4.72782e+06 4.74053e+06
-5.4699 -1.69268 0.22057 4.72706e+06 4.74034e+06
-5.47121 -1.69299 0.2352 4.72694e+06 4.74039e+06
-5.45685 -1.68954 0.236061 4.72732e+06 4.74078e+06
-5.42118 -1.68123 0.22143 4.72836e+06 4.74165e+06
-5.38479 -1.67353 0.195611 4.72948e+06 4.74247e+06
-5.32251 -1.66236 0.159465 4.73134e+06 4.74391e+06
-5.24326 -1.65038 0.140531 4.73354e+06 4.74589e+06
-5.17567 -1.64076 0.142253 4.73531e+06 4.74768e+06
-5.07754 -1.62541 0.168071 4.73775e+06 4.75042e+06
-4.97082 -1.60569 0.197333 4.74041e+06 4.75342e+06
-4.88582 -1.58782 0.217127 4.74256e+06 4.7558e+06
-4.76101 -1.55989 0.223152 4.74586e+06 4.75917e+06
-4.66088 -1.53758 0.215406 4.74858e+06 4.7618e+06
-4.53066 -1.50926 0.212824 4.75207e+06 4.76526e+06
-4.39711 -1.48089 0.205939 4.75567e+06 4.76878e+06
-4.29337 -1.45898 0.210242 4.75841e+06 4.77157e+06
-4.15615 -1.42852 0.226594 4.76198e+06 4.77533e+06
-4.05345 -1.40457 0.231758 4.7647e+06 4.77811e+06
-3.92079 -1.37229 0.245528 4.76818e+06 4.78175e+06
-3.78419 -1.33612 0.272207 4.77171e+06 4.78559e+06
-3.67823 -1.30496 0.299747 4.77443e+06 4.78863e+06
-3.54178 -1.26014 0.335033 4.77797e+06 4.79258e+06
-3.40363 -1.21198 0.335893 4.78178e+06 4.7964e+06
-3.29759 -1.17598 0.318681 4.7848e+06 4.79922e+06
-3.15116 -1.13093 0.278232 4.78903e+06 4.80298e+06
-3.03731 -1.10094 0.236922 4.79234e+06 4.80581e+06
-2.88593 -1.06795 0.192169 4.79664e+06 4.80959e+06
-2.72855 -1.03957 0.164629 4.80097e+06 4.8136e+06
-2.61134 -1.01969 0.171514 4.80403e+06 4.81674e+06
-2.45112 -0.990866 0.184423 4.8082e+06 4.82106e+06
-2.2943 -0.960563 0.197333 4.81229e+06 4.8253e+06
-2.17243 -0.93734 0.179259 4.81563e+06 4.82843e+06
-2.00834 -0.909499 0.156883 4.8201e+06 4.83264e+06
-1.83807 -0.885187 0.126761 4.82476e+06 4.83695e+06
-1.70959 -0.869543 0.115573 4.8282e+06 4.84026e+06
-1.53658 -0.851794 0.0888937 4.83289e+06 4.84464e+06
-1.36922 -0.837458 0.0820088 4.83731e+06 4.84898e+06
-1.24477 -0.827714 0.0742631 4.84061e+06 4.85219e+06
-1.0778 -0.815797 0.0682383 4.84501e+06 4.85652e+06
-0.905412 -0.807886 0.0234862 4.84977e+06 4.86076e+06
-0.778477 -0.807089 -0.0109392 4.85328e+06 4.86387e+06
-0.608274 -0.811882 -0.045364 4.85792e+06 4.86811e+06
-0.479368 -0.8179 -0.0479459 4.8613e+06 4.87146e+06
-0.305085 -0.826413 -0.0496671 4.86586e+06 4.876e+06
-0.130378 -0.834043 -0.0376183 4.87035e+06 4.88063e+06
-0.00196651 -0.837991 -0.0238481 4.87362e+06 4.88406e+06
0.172705 -0.839826 0.00283112 4.87802e+06 4.88877e+06
0.348714 -0.83751 0.0234862 4.88249e+06 4.89348e+06
0.480012 -0.833917 0.0312318 4.88587e+06 4.89695e+06
0.650326 -0.826761 0.0527476 4.89019e+06 4.90152e+06
0.829031 -0.815011 0.0785663 4.89471e+06 4.90634e+06
0.962334 -0.803014 0.100943 4.89807e+06 4.90996e+06
1.13778 -0.784633 0.107828 4.90263e+06 4.9146e+06
1.26391 -0.770321 0.118155 4.90588e+06 4.91797e+06
1.436 -0.749592 0.121598 4.91038e+06 4.92251e+06
1.56308 -0.733508 0.130204 4.91367e+06 4.9259e+06
1.73251 -0.711545 0.127622 4.91814e+06 4.93034e+06
1.89914 -0.688922 0.142253 4.92244e+06 4.93481e+06
2.0277 -0.669605 0.156023 4.92575e+06 4.93828e+06
2.15476 -0.64816 0.178399 4.92898e+06 4.94177e+06
2.3189 -0.617321 0.19303 4.93325e+06 4.94621e+06
2.44261 -0.593527 0.187005 4.93657e+06 4.94946e+06
2.60565 -0.563041 0.182702 4.94092e+06 4.95376e+06
2.73013 -0.540262 0.17926 4.94424e+06 4.95704e+06
2.8934 -0.509951 0.187866 4.94852e+06 4.96142e+06
3.0616 -0.4779 0.188726 4.95298e+06 4.96589e+06
3.18528 -0.452951 0.209381 4.95615e+06 4.9693e+06
3.35136 -0.415412 0.2352 4.96044e+06 4.97389e+06
3.51504 -0.375218 0.246388 4.96477e+06 4.97835e+06
3.6395 -0.34494 0.230897 4.9682e+06 4.9816e+06
3.79997 -0.308669 0.213685 4.97259e+06 4.98579e+06
3.91922 -0.283116 0.208521 4.9758e+06 4.98894e+06
4.08185 -0.248631 0.209382 4.98013e+06 4.99328e+06
4.24537 -0.213736 0.211103 4.98448e+06 4.99765e+06
4.36686 -0.1877 0.211103 4.98772e+06 5.00089e+06
4.52444 -0.153435 0.217127 4.99189e+06 5.00513e+06
4.64754 -0.126667 0.211103 4.99521e+06 5.00838e+06
4.81009 -0.0927114 0.200775 4.9996e+06 5.01265e+06
4.9738 -0.0616619 0.174096 5.0041e+06 5.01684e+06
5.09283 -0.0410444 0.168932 5.00728e+06 5.01996e+06
5.25805 -0.01301 0.167211 5.01166e+06 5.02432e+06
5.42273 0.0159527 0.180981 5.01594e+06 5.02876e+06
5.54934 0.0388387 0.176678 5.01932e+06 5.03209e+06
5.71316 0.0682328 0.178399 5.02365e+06 5.03644e+06
5.87977 0.0983498 0.17926 5.02806e+06 5.04086e+06
6.00577 0.121405 0.182702 5.03138e+06 5.04422e+06
6.17065 0.151428 0.177538 5.03578e+06 5.04856e+06
6.33497 0.180183 0.168932 5.04018e+06 5.05286e+06
6.45896 0.201331 0.168932 5.04346e+06 5.05614e+06
6.62523 0.23013 0.174096 5.04783e+06 5.06057e+06
6.74893 0.251832 0.173235 5.05111e+06 5.06384e+06
6.9173 0.279655 0.154301 5.05567e+06 5.06818e+06
7.07995 0.30438 0.147416 5.06e+06 5.07243e+06
7.20382 0.322719 0.146556 5.06327e+06 5.07569e+06
7.36544 0.347787 0.161186 5.06745e+06 5.08004e+06
7.53273 0.375135 0.162908 5.07186e+06 5.08447e+06
7.65426 0.395916 0.175817 5.075e+06 5.08776e+06
7.82026 0.426145 0.184423 5.07935e+06 5.09221e+06
7.94663 0.450337 0.19389 5.08265e+06 5.09562e+06
8.1193 0.483548 0.186145 5.08728e+06 5.10016e+06
8.28817 0.515199 0.184423 5.09177e+06 5.10463e+06
8.45718 0.547104 0.188726 5.09623e+06 5.10914e+06
8.58528 0.572429 0.201636 5.09956e+06 5.11262e+06
8.75481 0.607616 0.20766 5.10404e+06 5.11717e+06
8.87942 0.633759 0.205939 5.10737e+06 5.12048e+06
9.04465 0.667979 0.202496 5.11179e+06 5.12486e+06
9.17342 0.693897 0.194751 5.11526e+06 5.12824e+06
9.34391 0.726233 0.18012 5.11987e+06 5.13268e+06
9.51403 0.755247 0.157744 5.1245e+06 5.13705e+06
9.6415 0.775355 0.155162 5.12788e+06 5.1404e+06
9.81804 0.804294 0.169793 5.13246e+06 5.14515e+06
9.99067 0.835651 0.189587 5.13692e+06 5.14984e+06
10.1195 0.860257 0.187866 5.14035e+06 5.15325e+06
10.2875 0.892201 0.187866 5.14481e+06 5.15771e+06
10.4598 0.924191 0.17926 5.14943e+06 5.16223e+06
10.5855 0.946853 0.177538 5.15277e+06 5.16555e+06
10.7569 0.976462 0.164629 5.15738e+06 5.17001e+06
10.885 0.99832 0.173235 5.16072e+06 5.17345e+06
11.0591 1.0301 0.187866 5.16525e+06 5.17815e+06
11.2275 1.06338 0.202496 5.16964e+06 5.18271e+06
11.3559 1.08912 0.19303 5.17311e+06 5.18607e+06
11.5208 1.12105 0.189587 5.17751e+06 5.19043e+06
11.6877 1.15307 0.189587 5.18194e+06 5.19486e+06
11.8103 1.17726 0.199915 5.18514e+06 5.19818e+06
11.9811 1.21294 0.211963 5.18962e+06 5.2028e+06
12.1485 1.25154 0.241225 5.19393e+06 5.20745e+06
12.2733 1.28372 0.263601 5.19716e+06 5.21094e+06
12.4379 1.33028 0.287699 5.20148e+06 5.21554e+06
12.559 1.36691 0.299747 5.20471e+06 5.21891e+06
12.7211 1.41778 0.308354 5.20909e+06 5.22339e+06
12.8788 1.47034 0.335033 5.21327e+06 5.22788e+06
13.0008 1.51379 0.349664 5.21656e+06 5.23134e+06
13.1592 1.57296 0.365155 5.22088e+06 5.23584e+06
13.3142 1.63078 0.348803 5.22529e+06 5.24006e+06
13.4289 1.67185 0.339336 5.22852e+06 5.24318e+06
13.5896 1.72552 0.304911 5.23314e+06 5.2474e+06
13.7526 1.77358 0.268765 5.23778e+06 5.25162e+06
13.8781 1.80595 0.236061 5.24135e+06 5.25481e+06
14.0424 1.84443 0.224012 5.24582e+06 5.25914e+06
14.1691 1.87288 0.217988 5.24924e+06 5.26249e+06
14.3345 1.909 0.211963 5.25369e+06 5.26687e+06
14.501 1.94163 0.174956 5.25833e+06 5.27108e+06
14.625 1.96162 0.144835 5.26178e+06 5.27418e+06
14.7968 1.98285 0.100942 5.26655e+06 5.27844e+06
14.9657 1.99915 0.0914757 5.27103e+06 5.28281e+06
15.1248 2.01353 0.0888938 5.27521e+06 5.28696e+06
15.2664 2.02775 0.11127 5.27879e+06 5.2908e+06
15.436 2.04796 0.125901 5.28316e+06 5.29534e+06
15.5646 2.06479 0.134507 5.28649e+06 5.29877e+06
15.7367 2.08666 0.118155 5.29111e+06 5.3032e+06
15.9085 2.10458 0.0897542 5.29578e+06 5.30754e+06
16.0383 2.11475 0.0665174 5.29931e+06 5.3108e+06
16.2135 2.12543 0.0553293 5.30395e+06 5.31531e+06
16.3452 2.13216 0.0467231 5.30744e+06 5.3187e+06
16.5203 2.14049 0.0484443 5.312e+06 5.32328e+06
16.6917 2.14888 0.049305 5.31647e+06 5.32776e+06
16.8209 2.15553 0.0536081 5.31982e+06 5.33116e+06
16.9945 2.16395 0.0432804 5.32441e+06 5.33563e+06
17.1665 2.16992 0.026068 5.329e+06 5.34002e+06
17.2925 2.17282 0.0200436 5.33232e+06 5.34327e+06
17.4648 2.1762 0.019183 5.33682e+06 5.34776e+06
17.5939 2.17918 0.0269287 5.34014e+06 5.35117e+06
17.7658 2.18403 0.0295106 5.34461e+06 5.35567e+06
17.9289 2.1899 0.0424199 5.34879e+06 5.36e+06
18.0545 2.19523 0.04242 5.35207e+06 5.36328e+06
18.2212 2.20245 0.0441412 5.35641e+06 5.36764e+06
18.3874 2.20728 0.0140193 5.36092e+06 5.3718e+06
18.5076 2.2084 0.00455237 5.36411e+06 5.37488e+06
18.6671 2.20912 0.00455269 5.36827e+06 5.37904e+06
18.7846 2.21163 0.0381168 5.37114e+06 5.3823e+06
18.9351 2.22276 0.109549 5.37466e+06 5.38665e+06
19.0775 2.24447 0.19303 5.37793e+06 5.39089e+06
19.1755 2.26763 0.271347 5.3801e+06 5.39397e+06
19.2986 2.30996 0.390975 5.3828e+06 5.39806e+06
19.3849 2.3503 0.483061 5.38475e+06 5.40108e+06
19.4875 2.41262 0.608713 5.38715e+06 5.40494e+06
19.5767 2.48442 0.747274 5.38933e+06 5.40873e+06
19.634 2.5437 0.857434 5.39084e+06 5.41152e+06
19.6981 2.631 1.01665 5.39274e+06 5.41527e+06
19.7444 2.72253 1.18792 5.39442e+06 5.41894e+06
19.7668 2.79068 1.32045 5.39552e+06 5.42158e+06
19.7815 2.88037 1.49602 5.39687e+06 5.42497e+06
19.7822 2.94498 1.62425 5.39781e+06 5.4274e+06
19.7707 3.02779 1.79294 5.39901e+06 5.43056e+06
19.7461 3.10528 1.96334 5.40014e+06 5.43367e+06
19.7207 3.15752 2.08469 5.40095e+06 5.43589e+06
19.6791 3.2195 2.23702 5.40201e+06 5.43872e+06
19.6304 3.27289 2.38419 5.40304e+06 5.44146e+06
19.5905 3.30672 2.49349 5.40377e+06 5.44346e+06
19.5336 3.34383 2.63291 5.40473e+06 5.44604e+06
19.4717 3.3729 2.77319 5.4057e+06 5.44864e+06
19.4224 3.38894 2.87991 5.40643e+06 5.45061e+06
19.3554 3.40208 3.01588 5.40742e+06 5.45318e+06
19.2858 3.4064 -3.13993 5.4085e+06 5.45574e+06
19.2298 3.404 -3.05731 5.40948e+06 5.45768e+06
19.1509 3.39379 -2.96866 5.41104e+06 5.46027e+06
19.0906 3.38141 -2.90928 5.4123e+06 5.46222e+06
19.0066 3.35794 -2.82924 5.41411e+06 5.46496e+06
18.9138 3.32359 -2.7449 5.4162e+06 5.46803e+06
18.8408 3.29096 -2.69757 5.41801e+06 5.47039e+06
18.7415 3.24057 -2.64679 5.42062e+06 5.47359e+06
18.6416 3.18391 -2.60462 5.42337e+06 5.47683e+06
18.5628 3.13635 -2.59257 5.4257e+06 5.4793e+06
18.4518 3.06904 -2.60032 5.42913e+06 5.48264e+06
18.368 3.01928 -2.61064 5.43173e+06 5.48512e+06
18.2515 2.95375 -2.64765 5.43543e+06 5.48839e+06
18.1295 2.89121 -2.6881 5.43924e+06 5.49173e+06
18.0352 2.84664 -2.7122 5.4421e+06 5.49431e+06
17.9036 2.78916 -2.74748 5.44605e+06 5.49785e+06
17.7721 2.73475 -2.75092 5.44978e+06 5.50154e+06
17.6719 2.69426 -2.76469 5.45268e+06 5.50428e+06
17.5423 2.64439 -2.78363 5.45641e+06 5.50779e+06
17.4452 2.60897 -2.79998 5.4592e+06 5.51039e+06
17.3114 2.56295 -2.82064 5.46301e+06 5.51396e+06
17.1752 2.51605 -2.79912 5.46664e+06 5.51784e+06
17.072 2.4784 -2.78449 5.46942e+06 5.52079e+06
16.9377 2.42697 -2.76728 5.47307e+06 5.52464e+06
16.8034 2.374 -2.76469 5.47682e+06 5.52842e+06
16.7008 2.3342 -2.77846 5.47977e+06 5.53121e+06
16.5664 2.28348 -2.78277 5.48354e+06 5.53493e+06
16.4634 2.24529 -2.79051 5.48645e+06 5.53775e+06
16.3242 2.19438 -2.79137 5.49032e+06 5.54161e+06
16.1813 2.14251 -2.79568 5.49431e+06 5.54555e+06
16.0734 2.1043 -2.80687 5.49736e+06 5.54847e+06
15.9664 2.06694 -2.80428 5.5003e+06 5.55144e+06
15.7867 2.00686 -2.83354 5.50541e+06 5.55621e+06
15.6801 1.97441 -2.8585 5.50846e+06 5.55897e+06
15.5347 1.9358 -2.90584 5.51266e+06 5.56262e+06
15.3898 1.9024 -2.92391 5.51664e+06 5.56639e+06
15.2777 1.87764 -2.92477 5.51964e+06 5.56938e+06
15.1291 1.8445 -2.91961 5.52358e+06 5.57338e+06
15.0225 1.82016 -2.91444 5.5264e+06 5.57626e+06
14.8796 1.78791 -2.92477 5.53028e+06 5.58002e+06
14.7368 1.75613 -2.92047 5.53407e+06 5.58386e+06
14.6278 1.73138 -2.91616 5.53696e+06 5.5868e+06
14.4855 1.69811 -2.90756 5.54072e+06 5.59066e+06
14.3421 1.66228 -2.88604 5.54445e+06 5.59464e+06
14.1952 1.62178 -2.85936 5.54827e+06 5.59877e+06
14.0893 1.58899 -2.82322 5.55095e+06 5.60187e+06
13.9502 1.5405 -2.78879 5.55459e+06 5.60591e+06
13.8144 1.48875 -2.76642 5.55825e+06 5.60983e+06
13.7136 1.44864 -2.75953 5.56104e+06 5.6127e+06
13.5777 1.39534 -2.77588 5.56494e+06 5.61641e+06
13.4767 1.35684 -2.77933 5.56778e+06 5.61921e+06
13.3354 1.3044 -2.7931 5.57179e+06 5.62306e+06
13.2264 1.26513 -2.79826 5.57484e+06 5.62605e+06
13.0771 1.21233 -2.80514 5.57901e+06 5.63014e+06
12.9232 1.15931 -2.81461 5.58331e+06 5.63433e+06
12.8085 1.12 -2.80773 5.58643e+06 5.63753e+06
12.6531 1.06741 -2.82322 5.5908e+06 5.64172e+06
12.5008 1.01853 -2.83871 5.59506e+06 5.6458e+06
12.3845 0.983677 -2.86195 5.59836e+06 5.64883e+06
12.2298 0.939606 -2.86625 5.60258e+06 5.653e+06
12.072 0.895899 -2.87658 5.60691e+06 5.65721e+06
11.9562 0.864858 -2.8826 5.61007e+06 5.6603e+06
11.7966 0.825055 -2.91186 5.61453e+06 5.66442e+06
11.6356 0.789441 -2.93596 5.61897e+06 5.66858e+06
11.5135 0.764623 -2.94629 5.62228e+06 5.67177e+06
11.3509 0.732472 -2.94629 5.6266e+06 5.67609e+06
11.2268 0.707179 -2.9351 5.62984e+06 5.67946e+06
11.0603 0.670293 -2.91186 5.63415e+06 5.68404e+06
10.8974 0.629374 -2.87916 5.63834e+06 5.68861e+06
10.7748 0.596443 -2.87916 5.64165e+06 5.69192e+06
10.6133 0.553878 -2.88863 5.64606e+06 5.69622e+06
10.4514 0.514609 -2.91875 5.65058e+06 5.70039e+06
10.3307 0.487432 -2.92133 5.65382e+06 5.7036e+06
10.1627 0.44981 -2.92133 5.65831e+06 5.70809e+06
9.99644 0.411379 -2.90756 5.66268e+06 5.71262e+06
9.87122 0.381811 -2.91186 5.66606e+06 5.71595e+06
9.70654 0.342476 -2.90239 5.67042e+06 5.72042e+06
9.58053 0.31209 -2.90756 5.67383e+06 5.72377e+06
9.41538 0.273918 -2.92133 5.67833e+06 5.72811e+06
9.24942 0.238482 -2.94112 5.68287e+06 5.73242e+06
9.12587 0.212932 -2.93424 5.68612e+06 5.73575e+06
8.95732 0.174968 -2.90584 5.69046e+06 5.74042e+06
8.79404 0.133955 -2.88518 5.69473e+06 5.74493e+06
8.67143 0.101864 -2.88604 5.69804e+06 5.74823e+06
8.5072 0.0606893 -2.90584 5.70257e+06 5.75253e+06
8.38715 0.0317429 -2.90412 5.70578e+06 5.75576e+06
8.2264 -0.00753196 -2.89981 5.71007e+06 5.7601e+06
8.06618 -0.0496854 -2.86883 5.71421e+06 5.7646e+06
7.94629 -0.0851229 -2.83957 5.7173e+06 5.76803e+06
7.79749 -0.13767 -2.76469 5.72098e+06 5.77258e+06
7.65775 -0.199056 -2.69068 5.72453e+06 5.77699e+06
7.55927 -0.249913 -2.63904 5.72712e+06 5.78018e+06
7.43694 -0.323311 -2.56331 5.7304e+06 5.78434e+06
7.34867 -0.384457 -2.50823 5.73288e+06 5.78746e+06
7.23442 -0.477063 -2.4127 5.73616e+06 5.79185e+06
7.12824 -0.581851 -2.31287 5.73947e+06 5.79632e+06
7.05517 -0.666454 -2.25348 5.74204e+06 5.79958e+06
6.96762 -0.783189 -2.17516 5.74539e+06 5.80384e+06
6.88583 -0.910921 -2.10545 5.74894e+06 5.8082e+06
6.82958 -1.00996 -2.06931 5.7517e+06 5.81138e+06
6.76298 -1.1413 -2.01079 5.7552e+06 5.81556e+06
6.70166 -1.28128 -1.95657 5.75887e+06 5.81986e+06
6.6596 -1.3935 -1.90235 5.76168e+06 5.8233e+06
6.61273 -1.54539 -1.8378 5.76545e+06 5.82782e+06
6.57314 -1.70112 -1.80165 5.76943e+06 5.83222e+06
6.54738 -1.81816 -1.77325 5.77239e+06 5.83551e+06
6.51642 -1.97994 -1.74657 5.77653e+06 5.83996e+06
6.49092 -2.14072 -1.70957 5.78056e+06 5.84442e+06
6.47482 -2.26412 -1.69149 5.7837e+06 5.84777e+06
6.45758 -2.42947 -1.65793 5.78784e+06 5.8523e+06
6.44598 -2.59608 -1.62264 5.79199e+06 5.85686e+06
6.44077 -2.72137 -1.60199 5.79514e+06 5.86025e+06
6.4371 -2.88719 -1.58392 5.79936e+06 5.86468e+06
6.43519 -3.05477 -1.58047 5.80371e+06 5.86907e+06
6.43537 -3.17711 -1.5581 5.80677e+06 5.87239e+06
6.44113 -3.34747 -1.51593 5.81097e+06 5.87708e+06
6.45547 -3.51752 -1.4574 5.81508e+06 5.88187e+06
6.47172 -3.64593 -1.43244 5.81831e+06 5.88539e+06
6.49825 -3.81412 -1.3963 5.82254e+06 5.89004e+06
6.52166 -3.94025 -1.37823 5.82578e+06 5.89349e+06
6.555 -4.10703 -1.36876 5.83016e+06 5.89798e+06
6.58905 -4.26936 -1.35929 5.83443e+06 5.90236e+06
6.61595 -4.39105 -1.34724 5.83761e+06 5.90568e+06
6.6571 -4.55648 -1.30679 5.84182e+06 5.91036e+06
6.69178 -4.68117 -1.29216 5.84511e+06 5.91382e+06
6.73875 -4.84144 -1.27925 5.84939e+06 5.91825e+06
6.7861 -5.0056 -1.30077 5.85397e+06 5.92258e+06
6.81973 -5.12959 -1.3111 5.85738e+06 5.92587e+06
6.86157 -5.29721 -1.34122 5.86206e+06 5.9302e+06
6.89992 -5.4639 -1.3481 5.86656e+06 5.93462e+06
6.92864 -5.59226 -1.35327 5.87002e+06 5.93802e+06
6.96815 -5.76065 -1.32745 5.87438e+06 5.94268e+06
7.00022 -5.88683 -1.31626 5.87771e+06 5.94614e+06
7.04233 -6.04864 -1.31626 5.88207e+06 5.9505e+06
7.08212 -6.21164 -1.34638 5.88662e+06 5.9547e+06
7.10905 -6.33274 -1.35757 5.88992e+06 5.95787e+06
7.14384 -6.49373 -1.35843 5.89422e+06 5.96216e+06
7.17967 -6.65784 -1.35327 5.89857e+06 5.96657e+06
7.20749 -6.78169 -1.34638 5.90184e+06 5.96992e+06
7.24396 -6.93897 -1.3395 5.90601e+06 5.97417e+06
7.28184 -7.09157 -1.3154 5.90997e+06 5.97841e+06
7.31149 -7.20472 -1.31368 5.91301e+06 5.98147e+06
7.35082 -7.35378 -1.31196 5.91702e+06 5.9855e+06
7.37998 -7.46685 -1.32487 5.92014e+06 5.98847e+06
7.41867 -7.61906 -1.31884 5.9242e+06 5.9926e+06
7.44999 -7.73632 -1.30077 5.92726e+06 5.99587e+06
7.49449 -7.89212 -1.28442 5.93139e+06 6.00019e+06
7.53996 -8.04483 -1.27839 5.93551e+06 6.00438e+06
7.57433 -8.16324 -1.29819 5.93884e+06 6.00748e+06
7.61733 -8.32125 -1.31196 5.94319e+06 6.01167e+06
7.65728 -8.48183 -1.34208 5.94768e+06 6.01581e+06
7.69333 -8.64235 -1.35757 5.95206e+06 6.02001e+06
7.71897 -8.76589 -1.37478 5.95545e+06 6.0232e+06
7.75235 -8.92992 -1.36532 5.95976e+06 6.02762e+06
7.77805 -9.05403 -1.3679 5.96308e+06 6.03091e+06
7.81157 -9.21804 -1.37048 5.96746e+06 6.03526e+06
7.84419 -9.38496 -1.38511 5.97198e+06 6.03961e+06
7.86794 -9.50731 -1.37306 5.97516e+06 6.04293e+06
7.9034 -9.67209 -1.34466 5.97939e+06 6.04749e+06
7.9336 -9.79696 -1.32228 5.98261e+06 6.05097e+06
7.97764 -9.96243 -1.29905 5.98694e+06 6.05557e+06
8.02359 -10.1268 -1.29733 5.99138e+06 6.06003e+06
8.05808 -10.2491 -1.29474 5.99468e+06 6.06336e+06
8.10284 -10.413 -1.31368 5.99922e+06 6.06768e+06
8.14417 -10.5745 -1.32659 6.00364e+06 6.07195e+06
8.17412 -10.6978 -1.33864 6.00702e+06 6.07519e+06
8.21496 -10.8623 -1.31626 6.01131e+06 6.07974e+06
8.25971 -11.029 -1.30077 6.01572e+06 6.08433e+06
8.29378 -11.1489 -1.287 6.01889e+06 6.08766e+06
8.34021 -11.3109 -1.29647 6.02334e+06 6.092e+06
8.38623 -11.4728 -1.2913 6.0277e+06 6.09642e+06
8.42072 -11.5938 -1.29474 6.031e+06 6.09968e+06
8.466 -11.7516 -1.28786 6.03524e+06 6.104e+06
8.50112 -11.8722 -1.287 6.03851e+06 6.10728e+06
8.55016 -12.0338 -1.26548 6.04279e+06 6.11181e+06
8.60148 -12.1907 -1.24397 6.04697e+06 6.11624e+06
8.64043 -12.3047 -1.2388 6.05008e+06 6.11941e+06
8.6923 -12.4553 -1.23966 6.05424e+06 6.12356e+06
8.74374 -12.6086 -1.2543 6.05854e+06 6.12769e+06
8.78113 -12.7214 -1.24741 6.0616e+06 6.13083e+06
8.83253 -12.8757 -1.25085 6.06586e+06 6.13505e+06
8.87106 -12.991 -1.24569 6.069e+06 6.13825e+06
8.92221 -13.1451 -1.25516 6.07329e+06 6.14243e+06
8.97234 -13.2982 -1.25343 6.07748e+06 6.14664e+06
9.00974 -13.4131 -1.2586 6.08066e+06 6.14976e+06
9.05722 -13.5642 -1.27409 6.08488e+06 6.1538e+06
9.10222 -13.7134 -1.28184 6.08899e+06 6.15782e+06
9.13612 -13.828 -1.28442 6.09212e+06 6.16092e+06
9.18316 -13.9802 -1.25774 6.09612e+06 6.16523e+06
9.22028 -14.0936 -1.25085 6.09919e+06 6.16838e+06
9.26915 -14.2394 -1.24397 6.10316e+06 6.17243e+06
9.31774 -14.3873 -1.2629 6.10733e+06 6.17638e+06
9.35294 -14.4998 -1.27237 6.11046e+06 6.1794e+06
9.39859 -14.6487 -1.27409 6.11453e+06 6.18345e+06
9.44431 -14.7989 -1.27667 6.11864e+06 6.18753e+06
9.47924 -14.912 -1.26548 6.12166e+06 6.19068e+06
9.52833 -15.0652 -1.25602 6.1258e+06 6.19493e+06
9.58007 -15.2161 -1.22503 6.12978e+06 6.19927e+06
9.62153 -15.3312 -1.22503 6.13297e+06 6.20246e+06
9.67507 -15.4829 -1.23794 6.13724e+06 6.20658e+06
9.7132 -15.5981 -1.26462 6.14056e+06 6.20959e+06
9.7604 -15.7525 -1.28356 6.14488e+06 6.21369e+06
9.80613 -15.9076 -1.28442 6.1491e+06 6.2179e+06
9.83962 -16.022 -1.28786 6.15223e+06 6.22099e+06
9.88282 -16.1718 -1.29216 6.15632e+06 6.22503e+06
9.91505 -16.2888 -1.31196 6.1596e+06 6.22808e+06
9.95667 -16.446 -1.31196 6.16384e+06 6.23232e+06
9.99772 -16.6049 -1.32401 6.16819e+06 6.23653e+06
10.0275 -16.7228 -1.32228 6.17135e+06 6.23971e+06
10.0679 -16.8845 -1.33003 6.17574e+06 6.24401e+06
10.1084 -17.0435 -1.31282 6.17992e+06 6.24839e+06
10.1403 -17.1628 -1.30593 6.1831e+06 6.25165e+06
10.1823 -17.3191 -1.3111 6.18735e+06 6.25584e+06
10.2223 -17.4773 -1.33433 6.19174e+06 6.25996e+06
10.2499 -17.5957 -1.34982 6.195e+06 6.26304e+06
10.286 -17.7517 -1.33692 6.1991e+06 6.26729e+06
10.3149 -17.8711 -1.32917 6.20226e+06 6.27054e+06
10.3557 -18.0282 -1.30507 6.20635e+06 6.27491e+06
10.3986 -18.1856 -1.30421 6.2106e+06 6.27917e+06
10.4312 -18.3027 -1.29388 6.21371e+06 6.2824e+06
10.4756 -18.4613 -1.30163 6.21805e+06 6.28665e+06
10.5071 -18.5773 -1.30938 6.22123e+06 6.28974e+06
10.5472 -18.7306 -1.32142 6.22543e+06 6.2938e+06
10.5873 -18.8865 -1.31626 6.2296e+06 6.29803e+06
10.6188 -19.0026 -1.29474 6.23261e+06 6.30129e+06
10.6626 -19.1552 -1.28786 6.23671e+06 6.30547e+06
10.7062 -19.3037 -1.28356 6.24072e+06 6.30953e+06
10.739 -19.4177 -1.29647 6.24389e+06 6.31255e+06
10.7823 -19.5693 -1.28958 6.24796e+06 6.3167e+06
10.8155 -19.6828 -1.28184 6.251e+06 6.31983e+06
10.8622 -19.8338 -1.25946 6.25499e+06 6.32408e+06
10.913 -19.9832 -1.22762 6.25892e+06 6.32838e+06
10.967 -20.1294 -1.2061 6.26286e+06 6.33257e+06
11.0092 -20.2373 -1.18889 6.26578e+06 6.33569e+06
11.0669 -20.3829 -1.19835 6.26992e+06 6.33972e+06
11.1217 -20.5237 -1.2018 6.27388e+06 6.34364e+06
11.1628 -20.6312 -1.20868 6.27692e+06 6.3466e+06
11.2202 -20.7765 -1.18028 6.28083e+06 6.35084e+06
11.2679 -20.8857 -1.13811 6.28369e+06 6.35419e+06
11.3371 -21.0258 -1.08561 6.28746e+06 6.35857e+06
11.4122 -21.1593 -1.03139 6.29114e+06 6.36288e+06
11.4735 -21.2582 -1.00127 6.294e+06 6.36609e+06
11.5596 -21.3845 -0.943608 6.29765e+06 6.37041e+06
11.6524 -21.5037 -0.874758 6.30119e+06 6.37475e+06
11.7291 -21.5903 -0.817096 6.30387e+06 6.3781e+06
11.8405 -21.6968 -0.708657 6.30726e+06 6.38275e+06
11.9315 -21.7684 -0.624316 6.30979e+06 6.38626e+06
12.0586 -21.8506 -0.523622 6.31315e+06 6.39079e+06
12.1894 -21.9173 -0.420347 6.31638e+06 6.39522e+06
12.2913 -21.9589 -0.353219 6.31886e+06 6.39848e+06
12.4319 -22.0026 -0.249943 6.3221e+06 6.40292e+06
12.5408 -22.0254 -0.16388 6.3245e+06 6.40632e+06
12.6971 -22.0427 -0.0554423 6.32797e+06 6.41105e+06
12.8533 -22.0435 0.0452511 6.33146e+06 6.41571e+06
12.9693 -22.0338 0.120126 6.33406e+06 6.41918e+06
13.1245 -22.0099 0.186394 6.33777e+06 6.42366e+06
13.2744 -21.978 0.232007 6.3415e+06 6.42792e+06
13.3872 -21.9508 0.241474 6.34447e+06 6.431e+06
13.5378 -21.912 0.26299 6.3484e+06 6.43518e+06
13.6886 -21.869 0.292251 6.35232e+06 6.43944e+06
13.7999 -21.8351 0.299997 6.35531e+06 6.44252e+06
13.9477 -21.7884 0.312045 6.35928e+06 6.44663e+06
14.0624 -21.7518 0.30516 6.36246e+06 6.44973e+06
14.2146 -21.7032 0.312906 6.36658e+06 6.45394e+06
14.3652 -21.6545 0.312906 6.37071e+06 6.45807e+06
14.4766 -21.6182 0.317209 6.37374e+06 6.46115e+06
14.6263 -21.5686 0.322373 6.37782e+06 6.46529e+06
14.7799 -21.5161 0.337003 6.38197e+06 6.46961e+06
14.8927 -21.4754 0.355077 6.38499e+06 6.47284e+06
15.0455 -21.4188 0.355077 6.38924e+06 6.47709e+06
15.1595 -21.3767 0.351634 6.39243e+06 6.48024e+06
15.3155 -21.3219 0.324094 6.3969e+06 6.48439e+06
15.471 -21.2699 0.321512 6.40119e+06 6.48865e+06
15.588 -21.2311 0.31893 6.40442e+06 6.49185e+06
15.7413 -21.1799 0.324955 6.4086e+06 6.4961e+06
15.8932 -21.1291 0.320652 6.4128e+06 6.50025e+06
16.0081 -21.0907 0.324094 6.41594e+06 6.50343e+06
16.161 -21.0389 0.329258 6.42012e+06 6.50767e+06
16.3144 -20.9873 0.320652 6.42439e+06 6.51184e+06
16.4259 -20.9502 0.321512 6.42745e+06 6.51491e+06
16.54 -20.9121 0.322373 6.43058e+06 6.51805e+06
16.6922 -20.8573 0.368847 6.43453e+06 6.52254e+06
16.8398 -20.7952 0.42823 6.43836e+06 6.52706e+06
16.9459 -20.7438 0.473844 6.44117e+06 6.5304e+06
17.0828 -20.6684 0.533226 6.4449e+06 6.53482e+06
17.2194 -20.5827 0.587446 6.44879e+06 6.53934e+06
17.3137 -20.5161 0.640805 6.45149e+06 6.54266e+06
17.4324 -20.4205 0.71568 6.45503e+06 6.54707e+06
17.5427 -20.3157 0.804324 6.45848e+06 6.55155e+06
17.6188 -20.23 0.885223 6.461e+06 6.55501e+06
17.7096 -20.1081 0.975588 6.46444e+06 6.5595e+06
17.7875 -19.9806 1.0694 6.46779e+06 6.56394e+06
17.837 -19.8823 1.13997 6.47025e+06 6.56722e+06
17.8929 -19.7434 1.2355 6.4736e+06 6.57168e+06
17.9257 -19.6359 1.31468 6.47607e+06 6.57507e+06
17.9573 -19.4842 1.41623 6.47952e+06 6.5797e+06
17.9747 -19.3278 1.50315 6.48312e+06 6.58431e+06
17.9783 -19.211 1.57803 6.48573e+06 6.58779e+06
17.9709 -19.0522 1.65634 6.48942e+06 6.59239e+06
17.9527 -18.8955 1.71573 6.49319e+06 6.59685e+06
17.9335 -18.7791 1.75446 6.49604e+06 6.60015e+06
17.9008 -18.623 1.79921 6.49994e+06 6.60457e+06
17.8603 -18.4687 1.85601 6.50377e+06 6.60906e+06
17.8252 -18.3539 1.87839 6.50677e+06 6.61232e+06
17.7767 -18.2051 1.89388 6.51076e+06 6.61649e+06
17.7396 -18.0922 1.88183 6.51393e+06 6.61952e+06
17.692 -17.9389 1.86203 6.51823e+06 6.62359e+06
17.6475 -17.7889 1.85687 6.52234e+06 6.62764e+06
17.6136 -17.6743 1.85945 6.52544e+06 6.63077e+06
17.5666 -17.5211 1.87839 6.52951e+06 6.63506e+06
17.5143 -17.3615 1.8956 6.53379e+06 6.63954e+06
17.4742 -17.2463 1.91625 6.53685e+06 6.64284e+06
17.4192 -17.0931 1.91539 6.5411e+06 6.64708e+06
17.3788 -16.978 1.90162 6.54436e+06 6.65018e+06
17.328 -16.8216 1.8672 6.54885e+06 6.65427e+06
17.2813 -16.6632 1.8474 6.55327e+06 6.65846e+06
17.2478 -16.5435 1.84052 6.55655e+06 6.66166e+06
17.2034 -16.3814 1.83621 6.56096e+06 6.66602e+06
17.1711 -16.261 1.82933 6.56425e+06 6.66923e+06
17.1291 -16.096 1.8104 6.5688e+06 6.67356e+06
17.0906 -15.934 1.79835 6.57321e+06 6.67783e+06
17.0639 -15.8135 1.77941 6.57654e+06 6.68094e+06
17.0318 -15.6578 1.76823 6.58075e+06 6.68502e+06
17.001 -15.4989 1.75618 6.58504e+06 6.68917e+06
16.9779 -15.38 1.76995 6.58812e+06 6.69241e+06
16.9453 -15.2181 1.76909 6.59243e+06 6.69671e+06
16.913 -15.057 1.76823 6.59672e+06 6.70099e+06
16.8891 -14.9331 1.75446 6.60009e+06 6.7042e+06
16.8582 -14.769 1.75876 6.60442e+06 6.70858e+06
16.835 -14.6485 1.76392 6.60759e+06 6.71181e+06
16.8026 -14.4882 1.77683 6.61178e+06 6.71615e+06
16.7672 -14.3271 1.79749 6.61596e+06 6.72057e+06
16.7381 -14.2055 1.81298 6.61913e+06 6.72392e+06
16.6975 -14.0483 1.83449 6.62324e+06 6.72828e+06
16.6652 -13.9275 1.82933 6.62653e+06 6.73151e+06
16.6235 -13.7664 1.819 6.63093e+06 6.73579e+06
16.583 -13.6008 1.80265 6.63547e+06 6.74014e+06
16.5528 -13.4777 1.819 6.63868e+06 6.74354e+06
16.5094 -13.3132 1.8388 6.643e+06 6.74809e+06
16.4633 -13.1529 1.86289 6.64721e+06 6.75258e+06
16.4268 -13.0325 1.86806 6.65046e+06 6.75589e+06
16.3763 -12.8719 1.88183 6.65477e+06 6.76036e+06
16.3245 -12.7129 1.89043 6.65908e+06 6.76477e+06
16.285 -12.5943 1.89388 6.66232e+06 6.76805e+06
16.2312 -12.4364 1.9042 6.66661e+06 6.77246e+06
16.1882 -12.3145 1.91625 6.66991e+06 6.7759e+06
16.1293 -12.1579 1.94465 6.67411e+06 6.78043e+06
16.0683 -12.0007 1.93691 6.67855e+06 6.78478e+06
16.0246 -11.884 1.92142 6.68189e+06 6.78794e+06
15.969 -11.7215 1.88011 6.68661e+06 6.79218e+06
15.932 -11.6028 1.86462 6.68994e+06 6.79533e+06
15.8855 -11.4426 1.84224 6.69442e+06 6.79955e+06
15.8419 -11.2832 1.83363 6.69878e+06 6.80381e+06
15.81 -11.1615 1.81986 6.70214e+06 6.80701e+06
15.7696 -11.0022 1.819 6.70643e+06 6.81129e+06
15.7403 -10.8844 1.80954 6.70965e+06 6.8144e+06
15.7036 -10.7278 1.79318 6.71394e+06 6.8185e+06
15.6698 -10.5727 1.77769 6.71817e+06 6.82255e+06
15.6363 -10.4132 1.77769 6.72242e+06 6.8268e+06
15.6101 -10.2925 1.79146 6.72556e+06 6.8301e+06
15.5731 -10.1312 1.80093 6.72982e+06 6.83447e+06
15.5453 -10.0148 1.80954 6.73289e+06 6.83764e+06
15.5076 -9.85746 1.80265 6.73715e+06 6.84182e+06
15.4706 -9.70307 1.80954 6.74125e+06 6.846e+06
15.4428 -9.58749 1.80437 6.74438e+06 6.84907e+06
15.406 -9.43421 1.80781 6.74847e+06 6.8532e+06
15.3774 -9.31743 1.81384 6.75157e+06 6.85637e+06
15.3362 -9.15837 1.83535 6.75573e+06 6.86078e+06
15.2921 -9.00603 1.86892 6.75967e+06 6.86511e+06
15.2557 -8.89024 1.88183 6.76276e+06 6.86835e+06
15.2063 -8.74056 1.89732 6.76678e+06 6.87255e+06
15.1533 -8.58646 1.90765 6.77097e+06 6.87686e+06
15.1129 -8.47629 1.93691 6.77386e+06 6.88009e+06
15.0537 -8.3331 1.98855 6.7776e+06 6.88443e+06
15.0041 -8.22821 2.03588 6.78035e+06 6.88773e+06
14.931 -8.09602 2.11678 6.78382e+06 6.89214e+06
14.8452 -7.96678 2.19682 6.7874e+06 6.89665e+06
14.7762 -7.87732 2.25792 6.78999e+06 6.89995e+06
14.6774 -7.76711 2.34571 6.79334e+06 6.90432e+06
14.5707 -7.6665 2.42574 6.7967e+06 6.90861e+06
14.4849 -7.59753 2.5032 6.79912e+06 6.91193e+06
14.3621 -7.51621 2.60992 6.80234e+06 6.91639e+06
14.2318 -7.44753 2.70287 6.80564e+06 6.92077e+06
14.1336 -7.40564 2.7743 6.80801e+06 6.92397e+06
13.9946 -7.35885 2.8595 6.81134e+06 6.92829e+06
13.8864 -7.33056 2.912 6.81395e+06 6.93151e+06
13.7421 -7.3021 2.98171 6.81738e+06 6.93575e+06
13.5914 -7.2821 3.03765 6.82102e+06 6.94004e+06
13.4738 -7.27274 3.08671 6.82381e+06 6.9434e+06
13.3168 -7.27 -3.12161 6.82747e+06 6.94793e+06
13.1578 -7.27674 -3.07685 6.83136e+06 6.95234e+06
13.0393 -7.28627 -3.04587 6.83428e+06 6.95562e+06
12.881 -7.30244 -3.03382 6.83836e+06 6.95984e+06
12.7635 -7.31633 -3.01403 6.84133e+06 6.96304e+06
12.6064 -7.33937 -2.97788 6.84526e+06 6.96739e+06
12.4447 -7.36967 -2.93485 6.8493e+06 6.97193e+06
12.3271 -7.3964 -2.90129 6.85225e+06 6.97527e+06
12.1681 -7.43778 -2.87288 6.85637e+06 6.97972e+06
12.0539 -7.47032 -2.85481 6.85936e+06 6.98292e+06
11.8993 -7.516 -2.85395 6.86356e+06 6.98713e+06
11.7435 -7.56201 -2.85481 6.8678e+06 6.99136e+06
11.625 -7.59735 -2.84879 6.87099e+06 6.99462e+06
11.4602 -7.64913 -2.82555 6.87536e+06 6.99926e+06
11.3006 -7.70338 -2.80231 6.87962e+06 7.00379e+06
11.1831 -7.74506 -2.79887 6.88285e+06 7.00706e+06
11.0309 -7.79945 -2.79801 6.88706e+06 7.01128e+06
10.8749 -7.85458 -2.80576 6.89142e+06 7.01555e+06
10.7606 -7.89492 -2.79887 6.89454e+06 7.01875e+06
10.6053 -7.951 -2.79112 6.8988e+06 7.0231e+06
10.4902 -7.99446 -2.77047 6.90189e+06 7.02643e+06
10.3331 -8.05864 -2.73691 6.90612e+06 7.03105e+06
10.2196 -8.10881 -2.71367 6.90922e+06 7.03442e+06
10.0718 -8.17787 -2.6956 6.91337e+06 7.03878e+06
9.92441 -8.24754 -2.7042 6.91767e+06 7.04298e+06
9.81544 -8.29832 -2.70678 6.92082e+06 7.0461e+06
9.66892 -8.36568 -2.71453 6.92507e+06 7.05026e+06
9.52412 -8.43264 -2.70248 6.92916e+06 7.05449e+06
9.41304 -8.48481 -2.70248 6.93236e+06 7.05769e+06
9.26879 -8.55249 -2.70334 6.93652e+06 7.06184e+06
9.15936 -8.60274 -2.71883 6.93975e+06 7.06489e+06
9.01549 -8.66473 -2.75068 6.94402e+06 7.06879e+06
8.8725 -8.71974 -2.79801 6.94829e+06 7.07251e+06
8.76684 -8.75505 -2.84018 6.95144e+06 7.07517e+06
8.62392 -8.79507 -2.89698 6.95564e+06 7.07871e+06
8.47746 -8.82724 -2.95378 6.95988e+06 7.08229e+06
8.36864 -8.84608 -2.98649 6.96295e+06 7.08498e+06
8.22417 -8.86366 -3.05448 6.96714e+06 7.08838e+06
8.1126 -8.87075 -3.10181 6.97033e+06 7.09102e+06
7.96208 -8.86981 3.08929 6.97479e+06 7.09441e+06
7.81592 -8.85532 2.99634 6.97916e+06 7.0977e+06
7.70721 -8.83475 2.91286 6.98253e+06 7.1001e+06
7.56538 -8.79305 2.79839 6.98705e+06 7.10329e+06
7.42787 -8.73373 2.67016 6.9917e+06 7.10645e+06
7.33272 -8.67957 2.57808 6.99509e+06 7.10877e+06
7.21307 -8.59339 2.45673 6.99964e+06 7.11191e+06
7.12846 -8.51857 2.37841 7.00304e+06 7.1144e+06
7.0223 -8.40732 2.28718 7.00758e+06 7.11788e+06
6.92732 -8.28931 2.20973 7.01198e+06 7.12138e+06
6.86111 -8.19546 2.16067 7.01526e+06 7.12409e+06
6.77948 -8.06468 2.09698 7.01965e+06 7.12774e+06
6.70593 -7.92963 2.0419 7.02398e+06 7.13143e+06
6.65462 -7.82388 2.00318 7.02727e+06 7.13427e+06
6.59258 -7.68128 1.95928 7.03158e+06 7.13807e+06
6.55007 -7.5717 1.92228 7.03486e+06 7.14092e+06
6.49887 -7.42405 1.88699 7.03914e+06 7.14479e+06
6.45079 -7.26972 1.85859 7.04352e+06 7.14884e+06
6.41587 -7.15268 1.86289 7.04668e+06 7.15205e+06
6.37001 -7.00088 1.86548 7.0508e+06 7.1562e+06
6.32407 -6.85091 1.87064 7.05486e+06 7.16032e+06
6.28888 -6.73534 1.86203 7.05806e+06 7.16342e+06
6.24201 -6.57624 1.85257 7.06244e+06 7.16769e+06
6.20746 -6.45629 1.84998 7.06571e+06 7.17093e+06
6.1615 -6.29254 1.8388 7.07021e+06 7.1753e+06
6.11633 -6.12777 1.83794 7.07467e+06 7.17975e+06
6.08171 -6.00147 1.8388 7.07808e+06 7.18317e+06
6.03598 -5.83825 1.84912 7.08244e+06 7.18765e+06
5.99065 -5.67511 1.83449 7.08694e+06 7.19198e+06
5.95898 -5.55556 1.82503 7.09022e+06 7.19515e+06
5.91832 -5.39338 1.80781 7.09468e+06 7.19941e+06
5.88825 -5.27143 1.81728 7.0979e+06 7.20274e+06
5.84626 -5.10543 1.81986 7.10235e+06 7.20722e+06
5.80446 -4.94255 1.82417 7.10671e+06 7.21163e+06
5.77319 -4.81873 1.81212 7.11011e+06 7.21489e+06
5.73329 -4.65261 1.80093 7.11463e+06 7.21928e+06
5.70518 -4.52705 1.78113 7.1181e+06 7.22252e+06
5.67144 -4.36133 1.7622 7.12262e+06 7.22682e+06
5.64037 -4.1945 1.74757 7.12713e+06 7.23116e+06
5.61641 -4.06672 1.76478 7.13042e+06 7.23465e+06
5.58081 -3.89963 1.79663 7.13469e+06 7.23929e+06
5.54255 -3.73568 1.80351 7.13904e+06 7.24372e+06
5.51426 -3.61351 1.79318 7.14237e+06 7.24693e+06
5.47889 -3.44676 1.7665 7.14697e+06 7.25122e+06
5.45492 -3.32366 1.75962 7.15028e+06 7.25445e+06
5.42549 -3.15557 1.72864 7.15491e+06 7.25872e+06
5.40191 -2.98635 1.68991 7.15959e+06 7.26295e+06
5.38954 -2.85771 1.64343 7.16323e+06 7.26605e+06
5.38221 -2.69047 1.58577 7.16793e+06 7.27008e+06
5.38461 -2.56663 1.51692 7.17156e+06 7.27291e+06
5.40172 -2.40647 1.41193 7.17637e+06 7.2765e+06
5.436 -2.25499 1.28455 7.18116e+06 7.27981e+06
5.47179 -2.14949 1.20279 7.18454e+06 7.28224e+06
5.53381 -2.01065 1.09866 7.18911e+06 7.2856e+06
5.60885 -1.87995 1.00055 7.19361e+06 7.28896e+06
5.67263 -1.78908 0.917065 7.19699e+06 7.29137e+06
5.76608 -1.67876 0.818954 7.20133e+06 7.29457e+06
5.87326 -1.5761 0.708793 7.20584e+06 7.2978e+06
5.95923 -1.50737 0.639943 7.20911e+06 7.30027e+06
6.08405 -1.42325 0.546136 7.21358e+06 7.30365e+06
6.17988 -1.36796 0.500523 7.21673e+06 7.30627e+06
6.31374 -1.29997 0.439418 7.221e+06 7.30983e+06
6.44713 -1.24128 0.389501 7.22509e+06 7.31334e+06
6.55235 -1.20025 0.354216 7.22824e+06 7.31608e+06
6.69568 -1.14891 0.333561 7.23233e+06 7.31993e+06
6.80162 -1.11205 0.336143 7.23524e+06 7.32287e+06
6.94454 -1.06184 0.339586 7.23917e+06 7.32684e+06
7.08853 -1.00838 0.371429 7.24299e+06 7.33103e+06
7.1998 -0.963877 0.389502 7.24601e+06 7.33426e+06
7.34466 -0.901775 0.420484 7.24994e+06 7.33855e+06
7.4878 -0.837625 0.422205 7.25402e+06 7.34265e+06
7.59666 -0.789844 0.404993 7.25722e+06 7.34565e+06
7.74261 -0.729345 0.380895 7.26148e+06 7.34963e+06
7.89494 -0.668726 0.376592 7.26578e+06 7.35388e+06
8.00941 -0.62191 0.399829 7.26887e+06 7.35724e+06
8.16565 -0.553735 0.423066 7.27318e+06 7.36182e+06
8.31653 -0.48439 0.438557 7.27742e+06 7.36624e+06
8.43218 -0.430692 0.430812 7.28079e+06 7.36952e+06
8.58444 -0.361113 0.426508 7.28518e+06 7.37386e+06
8.73795 -0.293891 0.398969 7.28971e+06 7.37807e+06
8.85226 -0.246681 0.384338 7.29302e+06 7.38121e+06
9.01097 -0.18447 0.362822 7.29759e+06 7.38553e+06
9.13016 -0.139163 0.363683 7.30091e+06 7.38886e+06
9.28822 -0.079547 0.357658 7.30535e+06 7.39323e+06
9.44253 -0.0224826 0.350773 7.30968e+06 7.39748e+06
9.55788 0.0193888 0.34561 7.31291e+06 7.40065e+06
9.71484 0.0759022 0.34561 7.31726e+06 7.405e+06
9.86742 0.130988 0.347331 7.32148e+06 7.40924e+06
9.98351 0.172507 0.339585 7.32474e+06 7.41241e+06
10.1381 0.22705 0.338725 7.32902e+06 7.41668e+06
10.2974 0.282845 0.335282 7.33344e+06 7.42106e+06
10.4139 0.324191 0.34647 7.3366e+06 7.42435e+06
10.5702 0.380311 0.343028 7.34095e+06 7.42866e+06
10.6845 0.421184 0.343888 7.34411e+06 7.43183e+06
10.8397 0.476249 0.337864 7.34844e+06 7.43609e+06
10.9955 0.533176 0.362822 7.35262e+06 7.44056e+06
11.1134 0.579108 0.380035 7.35582e+06 7.44396e+06
11.2684 0.643012 0.402411 7.36006e+06 7.44846e+06
11.4214 0.708996 0.411878 7.36435e+06 7.45286e+06
11.5393 0.760885 0.417042 7.36768e+06 7.45625e+06
11.6933 0.829354 0.419624 7.37206e+06 7.46066e+06
11.8101 0.880982 0.412739 7.37543e+06 7.46395e+06
11.9653 0.948696 0.410157 7.37986e+06 7.46835e+06
12.1257 1.01829 0.408436 7.38443e+06 7.4729e+06
12.2416 1.06915 0.418763 7.38767e+06 7.47626e+06
12.3965 1.13671 0.404132 7.39216e+06 7.48058e+06
12.5116 1.18496 0.389501 7.3955e+06 7.48375e+06
12.6745 1.24787 0.347331 7.4003e+06 7.48806e+06
12.8373 1.30576 0.336143 7.40487e+06 7.4925e+06
12.9608 1.34815 0.324955 7.40834e+06 7.49584e+06
13.1247 1.40351 0.326676 7.41284e+06 7.50036e+06
13.2896 1.45868 0.31893 7.41742e+06 7.50485e+06
13.4092 1.49896 0.330979 7.42064e+06 7.50821e+06
13.569 1.55324 0.324094 7.42508e+06 7.51257e+06
13.6897 1.59316 0.314627 7.42845e+06 7.51583e+06
13.8526 1.64373 0.287087 7.43306e+06 7.52012e+06
14.0135 1.69077 0.281923 7.43746e+06 7.52446e+06
14.1354 1.72598 0.280202 7.44078e+06 7.52776e+06
14.2992 1.77388 0.288808 7.44518e+06 7.53226e+06
14.4593 1.82165 0.29139 7.44952e+06 7.53663e+06
14.5791 1.85736 0.287948 7.4528e+06 7.53987e+06
14.7379 1.90401 0.283645 7.45714e+06 7.54416e+06
14.8954 1.94876 0.269875 7.46149e+06 7.54835e+06
15.0119 1.98076 0.266432 7.46466e+06 7.55148e+06
15.17 2.0232 0.257826 7.46898e+06 7.5557e+06
15.2885 2.05571 0.27762 7.47207e+06 7.55902e+06
15.4449 2.10159 0.293112 7.47623e+06 7.56336e+06
15.5983 2.14882 0.304299 7.48035e+06 7.56761e+06
15.7171 2.18482 0.284505 7.4837e+06 7.57073e+06
15.8793 2.23039 0.26299 7.48822e+06 7.575e+06
15.9995 2.26186 0.24922 7.49154e+06 7.57816e+06
16.1204 2.29146 0.231146 7.49489e+06 7.5813e+06
16.28 2.32815 0.220819 7.49922e+06 7.58551e+06
16.4006 2.35458 0.210491 7.5025e+06 7.58867e+06
16.5547 2.38881 0.226843 7.50652e+06 7.59288e+06
16.6691 2.41559 0.232868 7.50955e+06 7.59598e+06
16.8177 2.45231 0.251801 7.51343e+06 7.60008e+06
16.9586 2.4909 0.282784 7.51706e+06 7.60407e+06
17.0624 2.52325 0.321513 7.51967e+06 7.60713e+06
17.1921 2.57275 0.407575 7.52279e+06 7.61125e+06
17.3131 2.63168 0.498802 7.52577e+06 7.61529e+06
17.3957 2.68076 0.573676 7.52784e+06 7.61823e+06
17.493 2.75232 0.694163 7.53029e+06 7.62208e+06
17.5764 2.83272 0.84047 7.53246e+06 7.62595e+06
17.6276 2.89704 0.954935 7.53394e+06 7.62876e+06
17.6792 2.98418 1.11845 7.53563e+06 7.63235e+06
17.7059 3.05073 1.2596 7.53668e+06 7.63504e+06
17.7247 3.14103 1.47217 7.53785e+06 7.63868e+06
17.7231 3.22807 1.70454 7.53877e+06 7.6423e+06
17.7096 3.28851 1.87753 7.53938e+06 7.64492e+06
17.6779 3.36004 2.09785 7.54014e+06 7.64824e+06
17.6344 3.41945 2.30784 7.54084e+06 7.65138e+06
17.5972 3.4549 2.45242 7.54134e+06 7.65356e+06
17.5417 3.49254 2.64004 7.542e+06 7.6564e+06
17.4947 3.51391 2.78893 7.54248e+06 7.65861e+06
17.4275 3.53133 2.98687 7.54314e+06 7.66157e+06
17.3577 3.5358 -3.11472 7.54391e+06 7.66445e+06
17.3008 3.53073 -2.99079 7.54468e+06 7.66666e+06
17.2199 3.51268 -2.85309 7.54604e+06 7.66962e+06
17.1592 3.49169 -2.76444 7.5472e+06 7.67181e+06
17.0802 3.45555 -2.66031 7.54886e+06 7.67468e+06
17.0003 3.40948 -2.57683 7.55078e+06 7.67757e+06
16.9382 3.36824 -2.53466 7.55248e+06 7.67976e+06
16.8563 3.30864 -2.48991 7.55486e+06 7.68266e+06
16.7749 3.24383 -2.44946 7.55734e+06 7.68561e+06
16.7112 3.18991 -2.42794 7.55939e+06 7.68791e+06
16.6242 3.11295 -2.40729 7.5623e+06 7.69106e+06
16.5582 3.05262 -2.39352 7.56455e+06 7.69347e+06
16.4681 2.9693 -2.39696 7.56777e+06 7.69665e+06
16.3747 2.88534 -2.42192 7.57119e+06 7.69978e+06
16.3045 2.82465 -2.43569 7.57369e+06 7.70212e+06
16.2078 2.74478 -2.46667 7.57714e+06 7.70521e+06
16.1069 2.6663 -2.49507 7.58064e+06 7.70838e+06
16.0269 2.60707 -2.51314 7.58334e+06 7.71087e+06
15.9428 2.54801 -2.54585 7.58621e+06 7.71336e+06
15.8298 2.47445 -2.58285 7.58994e+06 7.71666e+06
15.713 2.40448 -2.62072 7.59371e+06 7.71999e+06
15.6225 2.35419 -2.64826 7.59657e+06 7.72253e+06
15.4996 2.28926 -2.66289 7.60028e+06 7.72607e+06
15.3737 2.22555 -2.68355 7.60408e+06 7.72963e+06
15.2793 2.17941 -2.69043 7.60686e+06 7.73233e+06
15.1485 2.11724 -2.70506 7.61072e+06 7.73602e+06
15.0477 2.07116 -2.72055 7.6137e+06 7.73882e+06
14.9108 2.01048 -2.7283 7.61765e+06 7.74268e+06
14.7646 1.94679 -2.73346 7.62184e+06 7.74681e+06
14.6192 1.88302 -2.72314 7.62592e+06 7.75101e+06
14.5097 1.83469 -2.7283 7.62907e+06 7.7541e+06
14.3675 1.77281 -2.73432 7.63315e+06 7.75811e+06
14.2544 1.72498 -2.74809 7.63643e+06 7.76123e+06
14.1033 1.66392 -2.76703 7.64079e+06 7.76537e+06
13.9502 1.60531 -2.7851 7.64517e+06 7.76954e+06
13.8344 1.56303 -2.79801 7.64846e+06 7.77268e+06
13.6743 1.50622 -2.80317 7.65292e+06 7.77708e+06
13.5073 1.44583 -2.78596 7.65745e+06 7.78181e+06
13.3843 1.3983 -2.76014 7.66074e+06 7.7854e+06
13.2197 1.32951 -2.73088 7.66522e+06 7.79022e+06
13.0972 1.2742 -2.7042 7.66857e+06 7.79388e+06
12.9326 1.19532 -2.68527 7.67322e+06 7.79875e+06
12.7762 1.11676 -2.66719 7.67768e+06 7.80342e+06
12.6566 1.05565 -2.67064 7.6812e+06 7.8069e+06
12.4969 0.973369 -2.66117 7.68583e+06 7.81164e+06
12.3379 0.891012 -2.66633 7.69053e+06 7.81628e+06
12.2238 0.832031 -2.66289 7.69386e+06 7.81965e+06
12.0705 0.753506 -2.67322 7.69841e+06 7.82408e+06
11.9558 0.695275 -2.67064 7.70175e+06 7.82745e+06
11.7972 0.614536 -2.67064 7.70639e+06 7.83209e+06
11.6425 0.533472 -2.6474 7.71081e+06 7.83678e+06
11.5242 0.469218 -2.64052 7.71428e+06 7.84033e+06
11.3709 0.383946 -2.62761 7.71878e+06 7.84498e+06
11.2141 0.296514 -2.63793 7.72352e+06 7.8496e+06
11.0989 0.233568 -2.64568 7.72699e+06 7.85298e+06
10.942 0.151572 -2.67408 7.73177e+06 7.85743e+06
10.8248 0.0932056 -2.68527 7.73525e+06 7.86078e+06
10.6618 0.0144237 -2.69732 7.74004e+06 7.86543e+06
10.501 -0.0626361 -2.69215 7.74466e+06 7.87011e+06
10.3795 -0.1207 -2.69904 7.74821e+06 7.87358e+06
10.2199 -0.19626 -2.6999 7.75282e+06 7.87818e+06
10.0534 -0.273783 -2.71195 7.75768e+06 7.8829e+06
9.93092 -0.33009 -2.70937 7.76118e+06 7.88643e+06
9.76608 -0.405791 -2.71281 7.76593e+06 7.89114e+06
9.6432 -0.462605 -2.7042 7.76941e+06 7.89472e+06
9.47707 -0.540986 -2.69732 7.77416e+06 7.89955e+06
9.3177 -0.617521 -2.69043 7.77873e+06 7.9042e+06
9.19567 -0.675675 -2.70334 7.78233e+06 7.90765e+06
9.0304 -0.75183 -2.71625 7.78715e+06 7.91232e+06
8.85933 -0.828175 -2.72744 7.7921e+06 7.91714e+06
8.73474 -0.883521 -2.71969 7.79561e+06 7.92074e+06
8.56657 -0.959786 -2.71195 7.80038e+06 7.9256e+06
8.40113 -1.03784 -2.68957 7.80502e+06 7.9305e+06
8.27813 -1.09796 -2.68441 7.80856e+06 7.9341e+06
8.12004 -1.17624 -2.67924 7.81313e+06 7.93873e+06
7.99895 -1.23503 -2.6999 7.81676e+06 7.94212e+06
7.84067 -1.30756 -2.724 7.82144e+06 7.94652e+06
7.67505 -1.37866 -2.74809 7.82628e+06 7.95108e+06
7.5511 -1.43068 -2.74035 7.82974e+06 7.95463e+06
7.38364 -1.50284 -2.72916 7.83443e+06 7.95945e+06
7.26099 -1.55738 -2.71711 7.83786e+06 7.96302e+06
7.09347 -1.63275 -2.72055 7.84267e+06 7.96779e+06
6.93088 -1.70506 -2.72572 7.84734e+06 7.9724e+06
6.80854 -1.75789 -2.74207 7.85091e+06 7.97578e+06
6.64833 -1.82506 -2.74723 7.85547e+06 7.98028e+06
6.52157 -1.87781 -2.74723 7.85905e+06 7.98386e+06
6.35983 -1.94725 -2.72486 7.86351e+06 7.98858e+06
6.19913 -2.01863 -2.72227 7.86808e+06 7.99318e+06
6.03789 -2.09018 -2.72572 7.8727e+06 7.99776e+06
5.91072 -2.1449 -2.74465 7.87642e+06 8.00126e+06
5.74957 -2.21181 -2.75154 7.88101e+06 8.00577e+06
5.62821 -2.26103 -2.761 7.88448e+06 8.00913e+06
5.46538 -2.3274 -2.74809 7.88899e+06 8.01379e+06
5.29719 -2.39884 -2.73174 7.89366e+06 8.01865e+06
5.17775 -2.45208 -2.71281 7.89696e+06 8.02217e+06
5.0159 -2.52649 -2.7085 7.90158e+06 8.02684e+06
4.85187 -2.60259 -2.70592 7.90628e+06 8.03157e+06
4.7281 -2.66021 -2.70592 7.90984e+06 8.03513e+06
4.56743 -2.73712 -2.68441 7.91436e+06 8.0399e+06
4.44646 -2.79747 -2.67322 7.91782e+06 8.04349e+06
4.28981 -2.87859 -2.65429 7.92231e+06 8.0482e+06
4.13217 -2.96153 -2.66031 7.92699e+06 8.05281e+06
4.01662 -3.02111 -2.67064 7.93044e+06 8.05614e+06
3.86122 -3.09748 -2.69904 7.93512e+06 8.06049e+06
3.70669 -3.16852 -2.72227 7.93969e+06 8.06479e+06
3.58481 -3.22098 -2.74809 7.9433e+06 8.0681e+06
3.42466 -3.2837 -2.78854 7.94802e+06 8.07235e+06
3.304 -3.32494 -2.83588 7.95162e+06 8.0754e+06
3.14326 -3.36883 -2.91419 7.95642e+06 8.07929e+06
2.97238 -3.3991 -3.01833 7.96155e+06 8.08321e+06
2.80039 -3.41323 -3.10095 7.96653e+06 8.08723e+06
2.67231 -3.41436 3.11855 7.97024e+06 8.0902e+06
2.50347 -3.4045 3.04798 7.97506e+06 8.0942e+06
2.37675 -3.38874 2.98773 7.97874e+06 8.09718e+06
2.21513 -3.35902 2.93179 7.98335e+06 8.10114e+06
2.05681 -3.3187 2.85261 7.98807e+06 8.10494e+06
1.943 -3.28055 2.78376 7.9916e+06 8.10767e+06
1.79691 -3.21693 2.67791 7.99637e+06 8.11121e+06
1.66347 -3.14324 2.59615 8.00082e+06 8.11471e+06
1.56739 -3.08136 2.54279 8.00411e+06 8.11738e+06
1.44857 -2.99632 2.49804 8.00818e+06 8.12093e+06
1.3391 -2.90971 2.4464 8.01212e+06 8.12427e+06
1.26641 -2.84779 2.42574 8.01473e+06 8.12664e+06
1.17798 -2.76919 2.40423 8.01794e+06 8.1296e+06
1.1193 -2.71516 2.39046 8.0201e+06 8.1316e+06
1.05511 -2.65522 2.39046 8.02239e+06 8.13389e+06
1.01678 -2.61986 2.40251 8.02368e+06 8.13532e+06
0.98029 -2.58731 2.42402 8.02483e+06 8.13672e+06
0.958167 -2.56834 2.44124 8.02549e+06 8.13758e+06
0.947889 -2.5597 2.44468 8.02582e+06 8.13795e+06
0.937431 -2.55099 2.44898 8.02615e+06 8.13833e+06
0.928999 -2.54404 2.45501 8.0264e+06 8.13865e+06
0.924096 -2.54003 2.45931 8.02654e+06 8.13884e+06
0.91918 -2.53605 2.46189 8.02669e+06 8.13902e+06
0.916494 -2.53388 2.46361 8.02677e+06 8.13912e+06
0.915598 -2.53316 2.46361 8.0268e+06 8.13915e+06
0.915598 -2.53316 2.46361 8.0268e+06 8.13915e+06
0.916046 -2.53352 2.46275 8.02679e+06 8.13913e+06
0.916642 -2.534 2.46275 8.02677e+06 8.13911e+06
0.916642 -2.534 2.46275 8.02677e+06 8.13911e+06
0.916344 -2.53376 2.46275 8.02678e+06 8.13912e+06
0.916344 -2.53376 2.46275 8.02678e+06 8.13912e+06
0.916344 -2.53376 2.46275 8.02678e+06 8.13912e+06
0.916344 -2.53376 2.46275 8.02678e+06 8.13912e+06
0.916344 -2.53376 2.46275 8.02678e+06 8.13912e+06
0.916344 -2.53376 2.46275 8.02678e+06 8.13912e+06
0.916344 -2.53376 2.46275 8.02678e+06 8.13912e+06
0.916344 -2.53376 2.46275 8.02678e+06 8.13912e+06
0.916344 -2.53376 2.46275 8.02678e+06 8.13912e+06
0.916344 -2.53376 2.46275 8.02678e+06 8.13912e+06
0.916344 -2.53376 2.46275 8.02678e+06 8.13912e+06
0.916344 -2.53376 2.46275 8.02678e+06 8.13912e+06
0.916344 -2.53376 2.46275 8.02678e+06 8.13912e+06
0.916344 -2.53376 2.46275 8.02678e+06 8.13912e+06
0.916344 -2.53376 2.46275 8.02678e+06 8.13912e+06
0.916344 -2.53376 2.46275 8.02678e+06 8.13912e+06
0.916344 -2.53376 2.46275 8.02678e+06 8.13912e+06
0.916344 -2.53376 2.46275 8.02678e+06 8.13912e+06
0.916344 -2.53376 2.46275 8.02678e+06 8.13912e+06
0.916344 -2.53376 2.46275 8.02678e+06 8.13912e+06
0.916344 -2.53376 2.46275 8.02678e+06 8.13912e+06
0.916344 -2.53376 2.46275 8.02678e+06 8.13912e+06
0.916344 -2.53376 2.46275 8.02678e+06 8.13912e+06
0.916344 -2.53376 2.46275 8.02678e+06 8.13912e+06
