2.01096 -0.0205017 -0.0203892 2.19052e+06 2.12803e+06
2.15179 -0.023631 -0.0240441 2.19423e+06 2.1317e+06
2.26074 -0.0264942 -0.028504 2.19711e+06 2.13453e+06
2.40366 -0.0304017 -0.0261652 2.20084e+06 2.13829e+06
2.54583 -0.0332249 -0.0135448 2.20449e+06 2.14209e+06
2.65577 -0.0342528 -0.00515541 2.20732e+06 2.14502e+06
2.80312 -0.0331365 0.0203072 2.21103e+06 2.14903e+06
2.95651 -0.0284622 0.0406201 2.21493e+06 2.15317e+06
3.07014 -0.0229767 0.0558567 2.21782e+06 2.15624e+06
3.22275 -0.0137409 0.0650329 2.22177e+06 2.1603e+06
3.33877 -0.0066448 0.0571344 2.22486e+06 2.1633e+06
3.49255 0.00232968 0.0594552 2.22888e+06 2.16735e+06
3.64957 0.0113864 0.0557739 2.23302e+06 2.17145e+06
3.76445 0.0183331 0.0650114 2.23598e+06 2.17452e+06
3.91855 0.0282797 0.0639047 2.24003e+06 2.17856e+06
4.07115 0.0378286 0.0610871 2.24405e+06 2.18255e+06
4.18909 0.0448789 0.0583256 2.24716e+06 2.18563e+06
4.34941 0.052911 0.0417884 2.25146e+06 2.18974e+06
4.46633 0.0574375 0.0356021 2.25456e+06 2.19277e+06
4.62126 0.0617405 0.0199304 2.25871e+06 2.19674e+06
4.77566 0.0646002 0.0171104 2.26277e+06 2.20077e+06
4.8978 0.0664689 0.0134858 2.26599e+06 2.20395e+06
5.05697 0.0688679 0.016655 2.27014e+06 2.20814e+06
5.21481 0.0708682 0.00868908 2.27432e+06 2.21223e+06
5.3322 0.0714245 0.000788687 2.27744e+06 2.21526e+06
5.49273 0.0706363 -0.0106084 2.28171e+06 2.2194e+06
5.61449 0.0688108 -0.0193726 2.28495e+06 2.22254e+06
5.76927 0.0659916 -0.017053 2.28899e+06 2.22661e+06
5.92633 0.0629566 -0.0215908 2.29313e+06 2.2307e+06
6.04446 0.0608499 -0.0140716 2.29618e+06 2.23384e+06
6.20898 0.0587947 -0.010911 2.30047e+06 2.23817e+06
6.37142 0.0580447 0.00167669 2.30465e+06 2.2425e+06
6.49491 0.0585039 0.00576032 2.30786e+06 2.24576e+06
6.65868 0.0595659 0.00720868 2.31214e+06 2.25006e+06
6.82168 0.0608591 0.00865828 2.3164e+06 2.25434e+06
6.94383 0.0620093 0.010174 2.31959e+06 2.25755e+06
7.1074 0.0642825 0.0176196 2.32383e+06 2.26188e+06
7.27496 0.0672124 0.0173484 2.32822e+06 2.26627e+06
7.40225 0.0697896 0.0231393 2.33152e+06 2.26964e+06
7.57742 0.073969 0.0245692 2.3361e+06 2.27424e+06
7.74875 0.0790368 0.0345722 2.34053e+06 2.27879e+06
7.87714 0.0832987 0.0317941 2.34391e+06 2.28214e+06
8.04636 0.0885851 0.0306633 2.34835e+06 2.28657e+06
8.1786 0.0917768 0.0175986 2.35189e+06 2.28996e+06
8.35037 0.0944817 0.0138937 2.35641e+06 2.29444e+06
8.48111 0.0957803 0.00597173 2.35988e+06 2.29782e+06
8.69241 0.0969155 0.00477288 2.36542e+06 2.30335e+06
8.82411 0.0965146 -0.0108611 2.36896e+06 2.30671e+06
8.99701 0.0928346 -0.0317019 2.37361e+06 2.31112e+06
9.12688 0.0873097 -0.0533301 2.37714e+06 2.3144e+06
9.29419 0.0776368 -0.0621685 2.38158e+06 2.31874e+06
9.42409 0.0692016 -0.0675193 2.38502e+06 2.32212e+06
9.59744 0.0582007 -0.0592335 2.38952e+06 2.32672e+06
9.77002 0.0471997 -0.0680805 2.3941e+06 2.3312e+06
9.89645 0.0383482 -0.0717124 2.39744e+06 2.3345e+06
10.0259 0.0285911 -0.0787762 2.40088e+06 2.33786e+06
10.1971 0.0150484 -0.0790542 2.40538e+06 2.34236e+06
10.3218 0.00553624 -0.0732596 2.40862e+06 2.34567e+06
10.4888 -0.00638126 -0.0692468 2.41298e+06 2.35008e+06
10.6136 -0.0141358 -0.0548852 2.41617e+06 2.35344e+06
10.7852 -0.0219666 -0.0363156 2.42056e+06 2.35805e+06
10.9481 -0.0259523 -0.0125916 2.42469e+06 2.36246e+06
11.0703 -0.0273979 -0.0110759 2.42788e+06 2.36567e+06
11.2317 -0.0294842 -0.0147641 2.43213e+06 2.36988e+06
11.397 -0.0330794 -0.028739 2.43654e+06 2.37413e+06
11.5166 -0.0364787 -0.028076 2.43967e+06 2.37727e+06
11.6778 -0.0412347 -0.0309072 2.44391e+06 2.38148e+06
11.8001 -0.044661 -0.0251082 2.44708e+06 2.38472e+06
11.9666 -0.0468661 -0.0013895 2.4513e+06 2.38922e+06
12.1343 -0.0447504 0.0266105 2.45553e+06 2.39378e+06
12.2583 -0.0398684 0.0521107 2.45863e+06 2.39718e+06
12.4252 -0.0304664 0.0604073 2.46296e+06 2.40161e+06
12.5924 -0.0190824 0.0755568 2.46726e+06 2.40609e+06
12.72 -0.0092235 0.0787767 2.47059e+06 2.40946e+06
12.8837 0.0047401 0.0913613 2.47482e+06 2.41384e+06
13.0078 0.0159397 0.0885894 2.4781e+06 2.41709e+06
13.1708 0.0299019 0.0823277 2.48242e+06 2.42134e+06
13.3361 0.0419479 0.0632117 2.48687e+06 2.42557e+06
13.4598 0.0485425 0.043307 2.49023e+06 2.4287e+06
13.6271 0.0522555 0.00105725 2.49486e+06 2.43284e+06
13.7521 0.049858 -0.0394108 2.49837e+06 2.43588e+06
13.9202 0.0398887 -0.0790917 2.50301e+06 2.44006e+06
14.0893 0.0253717 -0.092217 2.50753e+06 2.44443e+06
14.2168 0.0137283 -0.0898542 2.51087e+06 2.4478e+06
14.3847 -0.00105897 -0.0858434 2.51526e+06 2.45224e+06
14.5512 -0.0147593 -0.0784034 2.51959e+06 2.45666e+06
14.6773 -0.0247381 -0.0794649 2.52291e+06 2.45997e+06
14.8439 -0.0388905 -0.0900162 2.52735e+06 2.46429e+06
15.008 -0.055566 -0.112558 2.5318e+06 2.46848e+06
15.1294 -0.0695069 -0.116182 2.53502e+06 2.47166e+06
15.2981 -0.0892227 -0.116457 2.53947e+06 2.47611e+06
15.422 -0.102709 -0.100381 2.54264e+06 2.47947e+06
15.5858 -0.118518 -0.0920804 2.5469e+06 2.48383e+06
15.7061 -0.129279 -0.0862791 2.55003e+06 2.48703e+06
15.8724 -0.14462 -0.0976866 2.55447e+06 2.49134e+06
15.9972 -0.157345 -0.1056 2.5578e+06 2.49458e+06
16.1579 -0.174613 -0.108432 2.56205e+06 2.4988e+06
16.319 -0.192103 -0.107837 2.56629e+06 2.50305e+06
16.4844 -0.209381 -0.100396 2.5706e+06 2.50745e+06
16.6105 -0.221773 -0.0954609 2.57389e+06 2.5108e+06
16.7734 -0.237037 -0.0914421 2.57815e+06 2.51511e+06
16.8984 -0.249376 -0.105353 2.58152e+06 2.51832e+06
17.064 -0.269355 -0.134751 2.58606e+06 2.52252e+06
17.2319 -0.295514 -0.174435 2.59074e+06 2.52674e+06
17.3515 -0.317191 -0.184055 2.59398e+06 2.52987e+06
17.5145 -0.34792 -0.188607 2.59835e+06 2.53419e+06
17.6765 -0.376849 -0.164886 2.60252e+06 2.53864e+06
17.7999 -0.396801 -0.155664 2.60574e+06 2.54197e+06
17.9593 -0.420297 -0.137077 2.60985e+06 2.5463e+06
18.0778 -0.436611 -0.136414 2.61298e+06 2.54944e+06
18.2307 -0.457211 -0.131523 2.61699e+06 2.55351e+06
18.3742 -0.473782 -0.0983457 2.62058e+06 2.55749e+06
18.4794 -0.481947 -0.0565377 2.6231e+06 2.5605e+06
18.6138 -0.483573 0.0323435 2.6261e+06 2.56454e+06
18.7086 -0.476523 0.116147 2.6281e+06 2.56752e+06
18.828 -0.45576 0.22818 2.63062e+06 2.57135e+06
18.9398 -0.422583 0.348788 2.63297e+06 2.57511e+06
19.018 -0.3896 0.448885 2.63461e+06 2.57792e+06
19.1134 -0.335665 0.580641 2.63671e+06 2.58156e+06
19.1994 -0.270892 0.710688 2.63877e+06 2.58514e+06
19.257 -0.215716 0.816791 2.64024e+06 2.58785e+06
19.3217 -0.133294 0.993959 2.64195e+06 2.59163e+06
19.3592 -0.0646505 1.14633 2.64311e+06 2.59457e+06
19.3911 0.0305551 1.35006 2.64455e+06 2.59839e+06
19.4032 0.128286 1.54523 2.64599e+06 2.60211e+06
19.3999 0.201308 1.68476 2.64709e+06 2.60484e+06
19.3804 0.294705 1.86965 2.64851e+06 2.60842e+06
19.3435 0.382695 2.06654 2.64986e+06 2.61207e+06
19.3044 0.443319 2.22064 2.65085e+06 2.61486e+06
19.2376 0.514418 2.42866 2.65219e+06 2.61863e+06
19.1783 0.558458 2.57675 2.65326e+06 2.62143e+06
19.0887 0.604541 2.7565 2.65485e+06 2.62512e+06
18.9875 0.636544 2.91396 2.65671e+06 2.62882e+06
18.9087 0.650806 3.01149 2.65824e+06 2.63149e+06
18.8017 0.658698 3.12441 2.66039e+06 2.63496e+06
18.6888 0.655037 -3.05958 2.66277e+06 2.6385e+06
18.5985 0.644735 -2.99634 2.66478e+06 2.64125e+06
18.4747 0.621405 -2.91429 2.6676e+06 2.64503e+06
18.3512 0.588768 -2.85196 2.67058e+06 2.64874e+06
18.2535 0.558634 -2.83328 2.67315e+06 2.65153e+06
18.1203 0.515221 -2.8198 2.67674e+06 2.65528e+06
18.0213 0.481827 -2.81226 2.67943e+06 2.65806e+06
17.8827 0.434673 -2.81506 2.68328e+06 2.66188e+06
17.7438 0.38743 -2.81273 2.68711e+06 2.66574e+06
17.6351 0.350623 -2.8172 2.69014e+06 2.66872e+06
17.4942 0.303066 -2.81487 2.69402e+06 2.67263e+06
17.3535 0.255544 -2.81683 2.69792e+06 2.67651e+06
17.2442 0.219141 -2.82387 2.70098e+06 2.67949e+06
17.0992 0.172442 -2.83611 2.70504e+06 2.68341e+06
16.9514 0.128221 -2.86548 2.70925e+06 2.68728e+06
16.8442 0.0983992 -2.87509 2.71222e+06 2.69014e+06
16.6982 0.0598409 -2.89161 2.71627e+06 2.694e+06
16.55 0.0223532 -2.89614 2.7203e+06 2.69798e+06
16.4404 -0.00415715 -2.9126 2.72335e+06 2.70084e+06
16.2941 -0.0358578 -2.94368 2.72745e+06 2.70458e+06
16.1843 -0.056994 -2.95929 2.73047e+06 2.70742e+06
16.0337 -0.0824702 -2.98866 2.73464e+06 2.71125e+06
15.88 -0.105067 -3.00262 2.73879e+06 2.71524e+06
15.7609 -0.120208 -3.02766 2.74208e+06 2.71824e+06
15.601 -0.136954 -3.04677 2.7464e+06 2.72234e+06
15.4401 -0.150017 -3.07444 2.75079e+06 2.72641e+06
15.3214 -0.157222 -3.08749 2.75398e+06 2.72945e+06
15.1564 -0.163657 -3.11774 2.75848e+06 2.7336e+06
14.9951 -0.165756 -3.13942 2.76283e+06 2.7377e+06
14.8739 -0.165436 3.13415 2.76606e+06 2.74082e+06
14.7145 -0.164434 3.13646 2.77022e+06 2.74501e+06
14.5933 -0.164786 -3.13064 2.7733e+06 2.74828e+06
14.4265 -0.167448 -3.12063 2.77761e+06 2.75271e+06
14.2644 -0.172772 -3.09691 2.78172e+06 2.7571e+06
14.1423 -0.178321 -3.09539 2.78491e+06 2.76031e+06
13.9797 -0.186168 -3.09137 2.78915e+06 2.7646e+06
13.8136 -0.191858 -3.12334 2.79369e+06 2.76877e+06
13.6927 -0.193275 -3.13639 2.79693e+06 2.77186e+06
13.5313 -0.193127 3.13454 2.80123e+06 2.77602e+06
13.4064 -0.192769 -3.14028 2.80445e+06 2.77934e+06
13.235 -0.194292 -3.12513 2.80885e+06 2.78392e+06
13.1081 -0.196532 -3.12277 2.81216e+06 2.78726e+06
12.9436 -0.200452 -3.11275 2.81641e+06 2.79163e+06
12.7767 -0.204602 -3.12073 2.82083e+06 2.79596e+06
12.607 -0.2079 -3.12358 2.82529e+06 2.80039e+06
12.4809 -0.209781 -3.12978 2.82863e+06 2.80366e+06
12.3173 -0.212602 -3.11891 2.83285e+06 2.80801e+06
12.1906 -0.215464 -3.11911 2.83617e+06 2.81133e+06
12.0235 -0.220202 -3.10739 2.84048e+06 2.81578e+06
11.8565 -0.224818 -3.12051 2.84493e+06 2.82008e+06
11.7347 -0.227165 -3.12414 2.84814e+06 2.82325e+06
11.571 -0.228178 3.13651 2.85256e+06 2.82741e+06
11.4072 -0.226763 3.12939 2.85689e+06 2.83166e+06
11.2818 -0.224844 3.12319 2.86021e+06 2.83491e+06
11.1139 -0.222594 3.1332 2.86455e+06 2.83937e+06
10.9856 -0.222713 -3.13134 2.8678e+06 2.84284e+06
10.8129 -0.225865 -3.11535 2.87223e+06 2.84746e+06
10.6391 -0.230627 -3.11306 2.87677e+06 2.85203e+06
10.5078 -0.232897 -3.13555 2.88034e+06 2.85534e+06
10.3358 -0.23104 3.11395 2.88504e+06 2.85965e+06
10.1662 -0.224511 3.09226 2.88961e+06 2.86397e+06
9.99387 -0.216273 3.09541 2.89411e+06 2.86851e+06
9.864 -0.210869 3.10462 2.89746e+06 2.87197e+06
9.69421 -0.205439 3.11462 2.90185e+06 2.87648e+06
9.5662 -0.20104 3.09985 2.90529e+06 2.87975e+06
9.39332 -0.19194 3.07815 2.90995e+06 2.88416e+06
9.21929 -0.177187 3.03589 2.91477e+06 2.88849e+06
9.09336 -0.162831 3.02027 2.91818e+06 2.89172e+06
8.92463 -0.140031 2.99429 2.92279e+06 2.89603e+06
8.79605 -0.120995 2.99494 2.92619e+06 2.89944e+06
8.62411 -0.0950445 2.98866 2.93078e+06 2.90396e+06
8.46032 -0.0700635 2.99182 2.9351e+06 2.90832e+06
8.33621 -0.050778 2.98305 2.93844e+06 2.91156e+06
8.17066 -0.0247217 2.98792 2.9428e+06 2.91598e+06
8.00197 0.000988533 2.99278 2.94724e+06 2.92048e+06
7.87869 0.0179748 3.01657 2.95036e+06 2.92388e+06
7.71145 0.035604 3.05656 2.95453e+06 2.92852e+06
7.58438 0.0433295 3.10519 2.95758e+06 2.93214e+06
7.41565 0.042846 -3.09946 2.96154e+06 2.93702e+06
7.25091 0.0294039 -3.0209 2.96541e+06 2.94181e+06
7.13507 0.0116256 -2.9577 2.96811e+06 2.94525e+06
6.98015 -0.0232561 -2.88256 2.97183e+06 2.94985e+06
6.83265 -0.0702059 -2.78429 2.97531e+06 2.95448e+06
6.72675 -0.114292 -2.70994 2.97788e+06 2.95792e+06
6.59279 -0.18351 -2.61938 2.9813e+06 2.9624e+06
6.46959 -0.262938 -2.51852 2.98455e+06 2.96683e+06
6.37996 -0.332047 -2.45103 2.98712e+06 2.97019e+06
6.26702 -0.432822 -2.37502 2.99064e+06 2.9746e+06
6.18961 -0.511424 -2.32209 2.99322e+06 2.9778e+06
6.0904 -0.623445 -2.26921 2.99683e+06 2.98203e+06
5.9947 -0.746322 -2.19579 3.00048e+06 2.98654e+06
5.92893 -0.842401 -2.14629 3.00324e+06 2.98988e+06
5.84603 -0.97673 -2.10114 3.00711e+06 2.99428e+06
5.76793 -1.115 -2.06884 3.01108e+06 2.99863e+06
5.70948 -1.22401 -2.05704 3.01425e+06 3.00194e+06
5.63602 -1.36738 -2.0316 3.01832e+06 3.00631e+06
5.58197 -1.47799 -2.01895 3.02147e+06 3.00961e+06
5.5106 -1.63005 -2.00038 3.02576e+06 3.01412e+06
5.44023 -1.78968 -1.97153 3.03016e+06 3.01886e+06
5.39117 -1.91047 -1.94176 3.0334e+06 3.02245e+06
5.33136 -2.07211 -1.90862 3.03772e+06 3.02716e+06
5.28775 -2.1976 -1.90199 3.04116e+06 3.03068e+06
5.23183 -2.36527 -1.88342 3.04568e+06 3.03542e+06
5.17844 -2.53736 -1.85973 3.05026e+06 3.04028e+06
5.14269 -2.66709 -1.81968 3.05355e+06 3.04404e+06
5.10235 -2.84544 -1.76686 3.05803e+06 3.04914e+06
5.07273 -3.0253 -1.70119 3.06242e+06 3.0543e+06
5.05604 -3.1644 -1.67914 3.06596e+06 3.0581e+06
5.03865 -3.34815 -1.65117 3.07063e+06 3.0631e+06
5.02809 -3.48881 -1.64026 3.07426e+06 3.06686e+06
5.01841 -3.67944 -1.60287 3.07904e+06 3.07208e+06
5.01371 -3.87102 -1.58776 3.08397e+06 3.07719e+06
5.01241 -4.00997 -1.57257 3.08752e+06 3.08092e+06
5.01237 -4.19893 -1.56945 3.09245e+06 3.08589e+06
5.01317 -4.39038 -1.56376 3.09743e+06 3.09094e+06
5.01349 -4.53487 -1.57342 3.10127e+06 3.09467e+06
5.01273 -4.72174 -1.57629 3.10618e+06 3.09955e+06
5.01223 -4.9128 -1.5706 3.11115e+06 3.10459e+06
5.01243 -5.06035 -1.56827 3.115e+06 3.10847e+06
5.01381 -5.25599 -1.55916 3.12007e+06 3.11365e+06
5.01587 -5.40181 -1.55426 3.12386e+06 3.1175e+06
5.02071 -5.59605 -1.53744 3.12885e+06 3.12269e+06
5.02558 -5.79011 -1.55403 3.13403e+06 3.12768e+06
5.02795 -5.9762 -1.56204 3.13895e+06 3.13251e+06
5.02867 -6.11478 -1.56912 3.14262e+06 3.1361e+06
5.03007 -6.29954 -1.55742 3.14739e+06 3.14101e+06
5.03164 -6.44097 -1.56194 3.15112e+06 3.14469e+06
5.03485 -6.61406 -1.54251 3.15554e+06 3.14934e+06
5.04163 -6.78648 -1.52052 3.15993e+06 3.15399e+06
5.05017 -6.91235 -1.4856 3.16303e+06 3.1575e+06
5.06789 -7.08092 -1.44646 3.16724e+06 3.16217e+06
5.09358 -7.24208 -1.37905 3.17112e+06 3.16684e+06
5.12193 -7.36423 -1.30643 3.17398e+06 3.17055e+06
5.17733 -7.52723 -1.17991 3.17775e+06 3.1758e+06
5.23152 -7.64285 -1.08503 3.18054e+06 3.1797e+06
5.31844 -7.78969 -0.987637 3.18444e+06 3.18474e+06
5.41907 -7.92631 -0.884249 3.18828e+06 3.18979e+06
5.50355 -8.02282 -0.819347 3.19126e+06 3.19353e+06
5.62299 -8.14009 -0.733091 3.19514e+06 3.19842e+06
5.75205 -8.24549 -0.636551 3.19894e+06 3.20335e+06
5.899 -8.34161 -0.522036 3.20287e+06 3.20862e+06
6.01509 -8.40132 -0.42801 3.20574e+06 3.21259e+06
6.17741 -8.46578 -0.328057 3.20973e+06 3.21775e+06
6.35072 -8.51574 -0.233254 3.2139e+06 3.22303e+06
6.48733 -8.54502 -0.188931 3.2173e+06 3.22695e+06
6.66489 -8.57452 -0.140391 3.22173e+06 3.23195e+06
6.79917 -8.59135 -0.108911 3.22509e+06 3.23568e+06
6.98442 -8.60698 -0.0595229 3.22967e+06 3.24084e+06
7.17553 -8.6143 -0.0169967 3.23443e+06 3.2461e+06
7.31659 -8.61484 0.00933283 3.23797e+06 3.24995e+06
7.50474 -8.61053 0.0364432 3.24274e+06 3.25504e+06
7.6954 -8.60148 0.0584086 3.24761e+06 3.26017e+06
7.83677 -8.59299 0.0616063 3.2513e+06 3.2639e+06
8.01973 -8.57992 0.0810138 3.25599e+06 3.26882e+06
8.21047 -8.56134 0.113259 3.26082e+06 3.27403e+06
8.35432 -8.54261 0.145579 3.26443e+06 3.27802e+06
8.54323 -8.51404 0.154693 3.26938e+06 3.28308e+06
8.68321 -8.49247 0.151037 3.27311e+06 3.28677e+06
8.87748 -8.46625 0.117308 3.27844e+06 3.29171e+06
9.06805 -8.44786 0.0750191 3.2837e+06 3.29648e+06
9.21021 -8.43976 0.0388071 3.28764e+06 3.3e+06
9.39926 -8.43335 0.0290771 3.29265e+06 3.3049e+06
9.54713 -8.42913 0.0279809 3.29653e+06 3.30877e+06
9.74026 -8.42524 0.0122474 3.30168e+06 3.31374e+06
9.93037 -8.4249 -0.00862121 3.30678e+06 3.3186e+06
10.071 -8.42715 -0.023413 3.31055e+06 3.3222e+06
10.2569 -8.43264 -0.0357082 3.31549e+06 3.327e+06
10.4407 -8.44358 -0.0831254 3.32059e+06 3.33155e+06
10.5788 -8.45707 -0.111621 3.32439e+06 3.33502e+06
10.7191 -8.47531 -0.146975 3.3283e+06 3.33852e+06
10.9449 -8.51723 -0.220168 3.33474e+06 3.34411e+06
11.0761 -8.55168 -0.293208 3.33872e+06 3.34724e+06
11.2431 -8.61027 -0.381735 3.34387e+06 3.35136e+06
11.3627 -8.66361 -0.457338 3.34774e+06 3.35435e+06
11.5151 -8.74735 -0.547574 3.35282e+06 3.35838e+06
11.6603 -8.84413 -0.628388 3.35786e+06 3.36248e+06
11.7956 -8.95182 -0.716052 3.3629e+06 3.3665e+06
11.8879 -9.03758 -0.781365 3.36658e+06 3.36942e+06
12.0025 -9.16375 -0.885303 3.37165e+06 3.37328e+06
12.0798 -9.26442 -0.946336 3.37533e+06 3.37625e+06
12.1723 -9.40714 -1.04513 3.38036e+06 3.38013e+06
12.2493 -9.5547 -1.1345 3.38524e+06 3.38397e+06
12.2998 -9.67366 -1.2041 3.38903e+06 3.38695e+06
12.3555 -9.83374 -1.26777 3.39384e+06 3.39102e+06
12.4014 -9.99791 -1.32888 3.39866e+06 3.39513e+06
12.4292 -10.1216 -1.3702 3.40222e+06 3.39821e+06
12.4584 -10.2934 -1.43474 3.40716e+06 3.4024e+06
12.4778 -10.4645 -1.48128 3.41194e+06 3.40664e+06
12.4881 -10.5969 -1.50548 3.41556e+06 3.40998e+06
12.4975 -10.7761 -1.53147 3.42041e+06 3.41453e+06
12.5014 -10.9123 -1.55226 3.4241e+06 3.41798e+06
12.5033 -11.0902 -1.56796 3.42885e+06 3.42255e+06
12.5024 -11.2712 -1.58368 3.43368e+06 3.4272e+06
12.4994 -11.411 -1.60018 3.43744e+06 3.43077e+06
12.492 -11.5962 -1.6219 3.44242e+06 3.4355e+06
12.4814 -11.7776 -1.6359 3.44726e+06 3.44018e+06
12.4723 -11.9176 -1.63527 3.45093e+06 3.44386e+06
12.4596 -12.1102 -1.63815 3.456e+06 3.4489e+06
12.4504 -12.2536 -1.63239 3.45973e+06 3.4527e+06
12.4383 -12.4433 -1.63612 3.46473e+06 3.45766e+06
12.4293 -12.5866 -1.63122 3.46846e+06 3.46145e+06
12.4151 -12.7787 -1.65809 3.47366e+06 3.46634e+06
12.3976 -12.9624 -1.67295 3.47858e+06 3.47109e+06
12.3775 -13.1482 -1.68439 3.48354e+06 3.47592e+06
12.3624 -13.2902 -1.6692 3.48719e+06 3.47975e+06
12.3444 -13.4821 -1.65923 3.49218e+06 3.48486e+06
12.3329 -13.6212 -1.64832 3.49577e+06 3.48858e+06
12.3179 -13.8101 -1.6512 3.50075e+06 3.49353e+06
12.3021 -14.0015 -1.65493 3.5058e+06 3.49854e+06
12.2894 -14.1443 -1.66459 3.50961e+06 3.50224e+06
12.2719 -14.3276 -1.66746 3.51445e+06 3.50705e+06
12.2588 -14.4671 -1.66083 3.51808e+06 3.51076e+06
12.243 -14.6572 -1.64658 3.52299e+06 3.51584e+06
12.2294 -14.8439 -1.64088 3.52786e+06 3.52078e+06
12.2194 -14.9838 -1.64368 3.53155e+06 3.52444e+06
12.2057 -15.1754 -1.64056 3.53656e+06 3.52949e+06
12.1909 -15.367 -1.65544 3.54168e+06 3.53444e+06
12.1791 -15.5051 -1.65566 3.54531e+06 3.53807e+06
12.1628 -15.6926 -1.65939 3.55026e+06 3.54298e+06
12.151 -15.837 -1.64506 3.55397e+06 3.54686e+06
12.1366 -16.0311 -1.64538 3.55907e+06 3.55196e+06
12.1229 -16.2177 -1.64225 3.56395e+06 3.55688e+06
12.112 -16.3597 -1.65277 3.56774e+06 3.56055e+06
12.0954 -16.55 -1.6625 3.5728e+06 3.5655e+06
12.0808 -16.6913 -1.685 3.57665e+06 3.56909e+06
12.0584 -16.8751 -1.69901 3.58158e+06 3.57386e+06
12.0335 -17.0641 -1.70532 3.58661e+06 3.57882e+06
12.0139 -17.2082 -1.70555 3.59042e+06 3.58263e+06
11.9879 -17.3956 -1.71185 3.59541e+06 3.58755e+06
11.9606 -17.5781 -1.72672 3.60033e+06 3.5923e+06
11.939 -17.7131 -1.73208 3.60394e+06 3.59585e+06
11.909 -17.8941 -1.73837 3.60878e+06 3.60062e+06
11.8801 -18.0729 -1.7241 3.61344e+06 3.60545e+06
11.8594 -18.2128 -1.71148 3.61707e+06 3.60923e+06
11.8357 -18.4029 -1.67752 3.62189e+06 3.61445e+06
11.8213 -18.5446 -1.66747 3.62556e+06 3.61824e+06
11.7997 -18.7897 -1.64988 3.6319e+06 3.62479e+06
11.7894 -18.9152 -1.65522 3.63523e+06 3.62806e+06
11.778 -19.0547 -1.64945 3.63886e+06 3.63176e+06
11.7626 -19.239 -1.65918 3.64376e+06 3.63655e+06
11.7474 -19.4191 -1.65004 3.64844e+06 3.64134e+06
11.7364 -19.5577 -1.65027 3.65208e+06 3.64498e+06
11.7231 -19.741 -1.636 3.65681e+06 3.64988e+06
11.7094 -19.926 -1.65344 3.66177e+06 3.65464e+06
11.6973 -20.0619 -1.66651 3.66542e+06 3.65814e+06
11.6766 -20.2446 -1.70022 3.67043e+06 3.66276e+06
11.6583 -20.3804 -1.70901 3.67407e+06 3.6663e+06
11.6306 -20.5652 -1.73073 3.67909e+06 3.67107e+06
11.6014 -20.7486 -1.72674 3.68393e+06 3.67596e+06
11.58 -20.8855 -1.72526 3.68755e+06 3.6796e+06
11.5516 -21.0666 -1.72727 3.69236e+06 3.68439e+06
11.528 -21.2021 -1.75919 3.69615e+06 3.68781e+06
11.4889 -21.3781 -1.81945 3.70122e+06 3.69218e+06
11.4393 -21.5499 -1.88399 3.70628e+06 3.69649e+06
11.3944 -21.6786 -1.92876 3.71011e+06 3.6998e+06
11.3267 -21.8456 -1.98388 3.71515e+06 3.7042e+06
11.2493 -22.0061 -2.05613 3.72024e+06 3.70845e+06
11.1855 -22.1186 -2.11717 3.72398e+06 3.71148e+06
11.0855 -22.2648 -2.22369 3.72924e+06 3.7155e+06
10.9722 -22.3982 -2.32592 3.73442e+06 3.71949e+06
10.8778 -22.4898 -2.4178 3.7384e+06 3.7224e+06
10.7413 -22.5969 -2.53374 3.74362e+06 3.72627e+06
10.6292 -22.6675 -2.62648 3.74763e+06 3.7292e+06
10.4693 -22.7476 -2.727 3.7529e+06 3.7333e+06
10.305 -22.8106 -2.82495 3.75808e+06 3.73734e+06
10.1768 -22.8464 -2.91341 3.76208e+06 3.74031e+06
10.0056 -22.8769 -3.01735 3.76724e+06 3.74426e+06
9.8288 -22.8903 -3.11445 3.77245e+06 3.74834e+06
9.69442 -22.8906 3.11883 3.77626e+06 3.75157e+06
9.5101 -22.8807 3.05771 3.78145e+06 3.75605e+06
9.32792 -22.861 3.00943 3.78653e+06 3.76057e+06
9.19287 -22.84 2.96638 3.79036e+06 3.7639e+06
9.01239 -22.8032 2.91382 3.79549e+06 3.76842e+06
8.87727 -22.7691 2.8759 3.79936e+06 3.77185e+06
8.70016 -22.7165 2.82934 3.80447e+06 3.77642e+06
8.52876 -22.6591 2.80763 3.80933e+06 3.78103e+06
8.39427 -22.6123 2.80568 3.81307e+06 3.78475e+06
8.21251 -22.5522 2.83879 3.81789e+06 3.78996e+06
8.02806 -22.4975 2.8676 3.82276e+06 3.79517e+06
7.88993 -22.4606 2.89393 3.82635e+06 3.79907e+06
7.69852 -22.4141 2.91246 3.8314e+06 3.80434e+06
7.51128 -22.3732 2.94128 3.83625e+06 3.80953e+06
7.36981 -22.3458 2.95903 3.83992e+06 3.81341e+06
7.17515 -22.3144 3.00412 3.84482e+06 3.81884e+06
7.0227 -22.2952 3.02872 3.8487e+06 3.82301e+06
6.82441 -22.2755 3.05581 3.85376e+06 3.82839e+06
6.67985 -22.2634 3.06071 3.85753e+06 3.83222e+06
6.48799 -22.249 3.0724 3.8625e+06 3.83733e+06
6.29724 -22.2351 3.06523 3.86755e+06 3.8423e+06
6.11562 -22.2195 3.04695 3.87243e+06 3.84697e+06
5.97853 -22.2054 3.0313 3.87613e+06 3.85049e+06
5.79396 -22.1801 2.9796 3.88131e+06 3.85507e+06
5.61965 -22.1455 2.91163 3.88636e+06 3.85933e+06
5.49283 -22.1107 2.83517 3.89025e+06 3.86233e+06
5.3327 -22.0495 2.71838 3.89542e+06 3.86614e+06
5.17911 -21.9675 2.58445 3.90076e+06 3.86992e+06
5.07512 -21.8957 2.49001 3.90462e+06 3.87268e+06
4.94791 -21.7854 2.36466 3.90976e+06 3.87636e+06
4.85994 -21.6908 2.27449 3.91367e+06 3.87922e+06
4.75608 -21.5551 2.17398 3.91873e+06 3.88311e+06
4.66711 -21.4129 2.08547 3.92364e+06 3.88699e+06
4.6086 -21.3002 2.01416 3.92738e+06 3.8899e+06
4.54367 -21.1406 1.89993 3.93256e+06 3.89375e+06
4.49701 -20.9784 1.802 3.93755e+06 3.8976e+06
4.47151 -20.85 1.73153 3.94139e+06 3.90062e+06
4.44879 -20.6747 1.66785 3.94639e+06 3.90488e+06
4.4371 -20.4933 1.60245 3.95153e+06 3.90926e+06
4.43552 -20.3597 1.56282 3.95526e+06 3.91253e+06
4.44227 -20.1785 1.50427 3.96035e+06 3.91694e+06
4.45426 -20.038 1.46721 3.96426e+06 3.92042e+06
4.47767 -19.8531 1.42235 3.9694e+06 3.92504e+06
4.50787 -19.6716 1.3895 3.97441e+06 3.92967e+06
4.53388 -19.5342 1.37814 3.97814e+06 3.93327e+06
4.57145 -19.3421 1.37697 3.98327e+06 3.93839e+06
4.59825 -19.2009 1.38958 3.98696e+06 3.94223e+06
4.63173 -19.0124 1.40041 3.99191e+06 3.94731e+06
4.66201 -18.8277 1.41639 3.99672e+06 3.95231e+06
4.68341 -18.6875 1.42215 4.0004e+06 3.95606e+06
4.70871 -18.5071 1.44071 4.00506e+06 3.96094e+06
4.73151 -18.3207 1.45754 4.00988e+06 3.96596e+06
4.74555 -18.179 1.48643 4.01344e+06 3.96986e+06
4.76064 -17.9862 1.49897 4.01843e+06 3.975e+06
4.77036 -17.8436 1.50645 4.02213e+06 3.97879e+06
4.78522 -17.6476 1.48386 4.02741e+06 3.98381e+06
4.80331 -17.4483 1.47668 4.03269e+06 3.98901e+06
4.81702 -17.2999 1.48072 4.03657e+06 3.99294e+06
4.83289 -17.1007 1.50182 4.04168e+06 3.9983e+06
4.84454 -16.9016 1.52291 4.04678e+06 4.00365e+06
4.85189 -16.7487 1.52266 4.05079e+06 4.00766e+06
4.8627 -16.5497 1.51035 4.05608e+06 4.01281e+06
4.87419 -16.398 1.48012 4.06024e+06 4.01662e+06
4.89453 -16.1975 1.45923 4.06564e+06 4.02178e+06
4.91789 -15.9999 1.44691 4.07092e+06 4.02692e+06
4.93553 -15.8544 1.45353 4.07472e+06 4.0308e+06
4.95682 -15.6618 1.46778 4.07971e+06 4.03596e+06
4.97488 -15.469 1.48717 4.08467e+06 4.04115e+06
4.98583 -15.3291 1.49808 4.08828e+06 4.04489e+06
4.99948 -15.1421 1.49778 4.09319e+06 4.0498e+06
5.00978 -15.0032 1.49584 4.09685e+06 4.05344e+06
5.02413 -14.8167 1.49211 4.10177e+06 4.05832e+06
5.03887 -14.6302 1.49181 4.10667e+06 4.06322e+06
5.05015 -14.4894 1.48986 4.11038e+06 4.06691e+06
5.0653 -14.303 1.48956 4.11528e+06 4.07181e+06
5.07749 -14.1617 1.47991 4.11905e+06 4.07547e+06
5.09518 -13.9766 1.47104 4.12397e+06 4.08029e+06
5.11537 -13.792 1.45275 4.12894e+06 4.08505e+06
5.13105 -13.6564 1.45852 4.13248e+06 4.08866e+06
5.15173 -13.469 1.46336 4.13739e+06 4.09363e+06
5.16522 -13.3307 1.4837 4.14091e+06 4.09739e+06
5.1806 -13.1458 1.49196 4.14572e+06 4.1023e+06
5.19435 -12.9609 1.50109 4.15052e+06 4.10721e+06
5.20874 -12.7727 1.48793 4.15554e+06 4.11208e+06
5.22066 -12.635 1.48085 4.1592e+06 4.11566e+06
5.23807 -12.4536 1.46942 4.16404e+06 4.12037e+06
5.2568 -12.2682 1.47083 4.16891e+06 4.12526e+06
5.27036 -12.1301 1.47489 4.17252e+06 4.12892e+06
5.28695 -11.9465 1.48659 4.17728e+06 4.13382e+06
5.2984 -11.8095 1.48808 4.18087e+06 4.13743e+06
5.31344 -11.6237 1.49206 4.18573e+06 4.14234e+06
5.32496 -11.484 1.48498 4.18944e+06 4.14597e+06
5.3408 -11.3038 1.48126 4.1942e+06 4.15069e+06
5.35739 -11.1228 1.47754 4.19898e+06 4.15543e+06
5.37046 -10.9812 1.47988 4.20269e+06 4.15917e+06
5.38754 -10.7942 1.47957 4.20761e+06 4.16409e+06
5.40515 -10.6081 1.47327 4.21254e+06 4.16895e+06
5.41881 -10.4681 1.4739 4.21622e+06 4.17264e+06
5.43804 -10.2765 1.4676 4.2213e+06 4.17765e+06
5.45677 -10.0921 1.47158 4.22613e+06 4.18253e+06
5.47122 -9.95199 1.4645 4.22986e+06 4.18618e+06
5.49073 -9.76327 1.47104 4.23479e+06 4.19119e+06
5.51096 -9.57059 1.46131 4.23992e+06 4.19621e+06
5.52613 -9.43169 1.46279 4.24357e+06 4.19988e+06
5.54801 -9.24572 1.4445 4.24858e+06 4.20468e+06
5.56593 -9.1062 1.4417 4.25228e+06 4.20835e+06
5.59052 -8.92134 1.4354 4.2572e+06 4.2132e+06
5.61394 -8.74153 1.4471 4.26188e+06 4.21802e+06
5.63055 -8.60376 1.45459 4.26547e+06 4.2217e+06
5.65017 -8.42023 1.47399 4.27019e+06 4.22665e+06
5.66343 -8.28382 1.47377 4.27378e+06 4.23024e+06
5.68121 -8.10298 1.47177 4.27855e+06 4.23499e+06
5.70103 -7.9212 1.45262 4.28345e+06 4.23967e+06
5.71783 -7.78288 1.44726 4.28713e+06 4.24329e+06
5.7414 -7.59846 1.4401 4.29204e+06 4.24812e+06
5.7654 -7.4143 1.44237 4.29689e+06 4.253e+06
5.78281 -7.27682 1.44729 4.30049e+06 4.25666e+06
5.80489 -7.09203 1.45641 4.30531e+06 4.26159e+06
5.82469 -6.91179 1.4664 4.31e+06 4.2664e+06
5.8389 -6.77682 1.46532 4.31356e+06 4.26995e+06
5.85735 -6.59989 1.46846 4.3182e+06 4.27463e+06
5.87083 -6.466 1.47253 4.3217e+06 4.27818e+06
5.88798 -6.28682 1.47823 4.32638e+06 4.28293e+06
5.90432 -6.10776 1.48137 4.33107e+06 4.28766e+06
5.91618 -5.97372 1.48372 4.33458e+06 4.2912e+06
5.93199 -5.7902 1.48599 4.33939e+06 4.29604e+06
5.94377 -5.65653 1.47978 4.34294e+06 4.29952e+06
5.96108 -5.47967 1.46664 4.34767e+06 4.3041e+06
5.98005 -5.30433 1.4595 4.35233e+06 4.30868e+06
5.99536 -5.16852 1.45756 4.35592e+06 4.31225e+06
6.01529 -4.98579 1.46669 4.36068e+06 4.31712e+06
6.02897 -4.85 1.47418 4.36421e+06 4.32074e+06
6.04602 -4.66948 1.47903 4.36893e+06 4.32552e+06
6.06395 -4.48366 1.47016 4.37387e+06 4.33036e+06
6.08343 -4.30338 1.45616 4.3787e+06 4.33503e+06
6.0999 -4.17098 1.43795 4.3823e+06 4.33842e+06
6.12358 -3.99736 1.43253 4.38692e+06 4.34298e+06
6.14256 -3.86067 1.43316 4.39053e+06 4.3466e+06
6.16593 -3.68316 1.44658 4.39514e+06 4.35137e+06
6.18811 -3.50819 1.44287 4.39978e+06 4.35597e+06
6.20511 -3.37875 1.43751 4.40323e+06 4.35936e+06
6.23103 -3.19966 1.41666 4.40809e+06 4.36398e+06
6.25188 -3.06923 1.40788 4.4116e+06 4.36739e+06
6.28046 -2.89829 1.40246 4.41617e+06 4.3719e+06
6.30851 -2.72668 1.41503 4.42065e+06 4.37653e+06
6.32843 -2.59437 1.42766 4.42408e+06 4.38011e+06
6.35145 -2.42509 1.44366 4.42846e+06 4.38468e+06
6.36707 -2.29913 1.45117 4.43174e+06 4.38805e+06
6.38695 -2.13214 1.45347 4.43613e+06 4.39247e+06
6.40473 -1.9655 1.47547 4.44039e+06 4.39699e+06
6.41733 -1.8005 1.51375 4.4445e+06 4.40155e+06
6.42115 -1.67745 1.56581 4.44742e+06 4.40508e+06
6.41556 -1.51244 1.64351 4.45129e+06 4.40986e+06
6.4018 -1.39106 1.72384 4.45402e+06 4.41353e+06
6.3692 -1.23272 1.82381 4.45767e+06 4.41835e+06
6.3214 -1.08029 1.9255 4.46126e+06 4.42313e+06
6.27696 -0.974538 2.01184 4.46376e+06 4.42664e+06
6.2031 -0.838938 2.12725 4.46713e+06 4.43136e+06
6.11745 -0.716702 2.23667 4.4704e+06 4.43591e+06
6.04704 -0.633263 2.30674 4.47285e+06 4.43918e+06
5.95163 -0.534889 2.37506 4.47604e+06 4.44317e+06
5.8806 -0.470302 2.4323 4.47822e+06 4.44602e+06
5.78697 -0.395468 2.50236 4.48095e+06 4.44957e+06
5.69259 -0.328932 2.55272 4.48368e+06 4.45289e+06
5.62268 -0.283779 2.58342 4.48568e+06 4.45525e+06
5.52872 -0.227805 2.62523 4.4883e+06 4.45836e+06
5.45469 -0.187347 2.65764 4.49032e+06 4.46076e+06
5.35083 -0.136436 2.714 4.49302e+06 4.46412e+06
5.24374 -0.0927378 2.79434 4.49558e+06 4.46762e+06
5.15885 -0.0649379 2.85588 4.49756e+06 4.47032e+06
5.03963 -0.0342455 2.92336 4.50039e+06 4.47394e+06
4.91739 -0.0109448 2.98313 4.5033e+06 4.47755e+06
4.82227 0.00205617 3.02838 4.50555e+06 4.48033e+06
4.68871 0.0149999 3.06158 4.50887e+06 4.48404e+06
4.58649 0.0226322 3.07255 4.51149e+06 4.48679e+06
4.45242 0.031573 3.07747 4.51498e+06 4.49034e+06
4.31563 0.0427864 3.04212 4.51878e+06 4.49373e+06
4.21107 0.054091 3.02567 4.52163e+06 4.49639e+06
4.06922 0.0719196 3.00745 4.52548e+06 4.50003e+06
3.92687 0.0918291 2.9978 4.5293e+06 4.50374e+06
3.81856 0.107001 3.00704 4.53211e+06 4.50666e+06
3.6676 0.127323 3.00851 4.53609e+06 4.51066e+06
3.51459 0.146627 3.02368 4.54004e+06 4.51479e+06
3.39632 0.160752 3.02177 4.54317e+06 4.5179e+06
3.23828 0.1798 3.02152 4.54734e+06 4.52207e+06
3.11911 0.194449 3.01704 4.55051e+06 4.52519e+06
2.95802 0.215271 3.00907 4.55481e+06 4.5294e+06
2.83497 0.23115 3.01743 4.55801e+06 4.5327e+06
2.66545 0.252258 3.01801 4.56248e+06 4.53718e+06
2.49706 0.271588 3.03659 4.56681e+06 4.54173e+06
2.37196 0.284731 3.03724 4.5701e+06 4.54503e+06
2.20786 0.301088 3.04725 4.57436e+06 4.54941e+06
2.04062 0.318744 3.02556 4.57889e+06 4.55369e+06
1.91897 0.333464 3.0168 4.58215e+06 4.55685e+06
1.75658 0.354705 3.00625 4.5865e+06 4.56108e+06
1.5936 0.375855 3.01884 4.59073e+06 4.56546e+06
1.46815 0.39091 3.02549 4.594e+06 4.56881e+06
1.30557 0.408976 3.03636 4.59822e+06 4.57316e+06
1.18766 0.421186 3.04045 4.6013e+06 4.57629e+06
1.03085 0.437529 3.03505 4.60546e+06 4.58039e+06
0.871988 0.45447 3.03565 4.60964e+06 4.58458e+06
0.751914 0.467927 3.02432 4.61287e+06 4.58768e+06
0.59758 0.485861 3.02749 4.61692e+06 4.59177e+06
0.438914 0.504546 3.02124 4.62114e+06 4.59592e+06
0.317934 0.518454 3.03304 4.62426e+06 4.59918e+06
0.153749 0.535872 3.03877 4.62855e+06 4.60354e+06
-0.00501899 0.551864 3.04365 4.6327e+06 4.60775e+06
-0.12258 0.563681 3.03917 4.63582e+06 4.61082e+06
-0.281775 0.581098 3.02606 4.64009e+06 4.61494e+06
-0.402545 0.595177 3.02501 4.64328e+06 4.61812e+06
-0.561511 0.614575 3.01533 4.64753e+06 4.62226e+06
-0.71943 0.633063 3.03477 4.65158e+06 4.62654e+06
-0.842845 0.645775 3.04314 4.65478e+06 4.62984e+06
-1.00567 0.659347 3.07372 4.65888e+06 4.6343e+06
-1.171 0.670039 3.0803 4.66318e+06 4.63868e+06
-1.29256 0.677302 3.08353 4.66635e+06 4.64189e+06
-1.45392 0.687327 3.07556 4.67063e+06 4.64608e+06
-1.5743 0.695092 3.07879 4.67377e+06 4.64926e+06
-1.73823 0.703731 3.09909 4.67795e+06 4.65368e+06
-1.90801 0.709373 3.11766 4.68229e+06 4.65824e+06
-2.0313 0.711491 3.13117 4.68544e+06 4.66155e+06
-2.19601 0.713583 3.12662 4.68978e+06 4.66584e+06
-2.32026 0.715403 3.12727 4.69303e+06 4.6691e+06
-2.49293 0.720342 3.09872 4.69772e+06 4.67346e+06
-2.65761 0.729267 3.07618 4.70217e+06 4.67765e+06
-2.78088 0.739372 3.04343 4.7056e+06 4.6807e+06
-2.94516 0.757708 3.01746 4.71008e+06 4.68488e+06
-3.108 0.781315 2.97778 4.71462e+06 4.68896e+06
-3.22342 0.801626 2.95703 4.71781e+06 4.69191e+06
-3.37662 0.832767 2.92508 4.72209e+06 4.69582e+06
-3.4918 0.859098 2.90861 4.72528e+06 4.69882e+06
-3.64147 0.893887 2.91779 4.72925e+06 4.7029e+06
-3.77997 0.922511 2.95782 4.73272e+06 4.70684e+06
-3.87601 0.937195 3.02192 4.73489e+06 4.70976e+06
-3.99826 0.945461 3.12624 4.73749e+06 4.71358e+06
-4.10919 0.939566 -3.02005 4.7396e+06 4.71729e+06
-4.18442 0.92553 -2.89424 4.74087e+06 4.72003e+06
-4.27048 0.895273 -2.71276 4.7422e+06 4.72348e+06
-4.32534 0.865128 -2.56551 4.74298e+06 4.72598e+06
-4.38288 0.818831 -2.36259 4.74373e+06 4.7291e+06
-4.41439 0.782512 -2.20846 4.74409e+06 4.73126e+06
-4.44181 0.735549 -1.99009 4.74424e+06 4.73396e+06
-4.45379 0.697514 -1.76141 4.74395e+06 4.73634e+06
-4.45575 0.672796 -1.5387 4.7433e+06 4.73829e+06
-4.45474 0.663702 -1.3828 4.74263e+06 4.73944e+06
-4.45443 0.662618 -1.18918 4.74153e+06 4.7406e+06
-4.45977 0.672979 -0.999832 4.74012e+06 4.7414e+06
-4.4699 0.686632 -0.865299 4.73889e+06 4.74174e+06
-4.49332 0.709661 -0.688764 4.737e+06 4.74191e+06
-4.52716 0.732901 -0.514786 4.73491e+06 4.74185e+06
-4.55913 0.748364 -0.386222 4.73323e+06 4.74167e+06
-4.60666 0.763339 -0.224223 4.73098e+06 4.74131e+06
-4.65362 0.770728 -0.0879285 4.72894e+06 4.74086e+06
-4.68126 0.772224 -0.0202042 4.72782e+06 4.74053e+06
-4.6994 0.772148 0.0286577 4.72706e+06 4.74034e+06
-4.70073 0.7721 0.043224 4.72694e+06 4.74039e+06
-4.68605 0.772741 0.0440568 4.72732e+06 4.74078e+06
-4.64961 0.77408 0.0294335 4.72836e+06 4.74165e+06
-4.61259 0.774693 0.00367227 4.72948e+06 4.74247e+06
-4.5496 0.773788 -0.0324113 4.73134e+06 4.74391e+06
-4.46989 0.770446 -0.0513881 4.73354e+06 4.74589e+06
-4.40202 0.76701 -0.0497844 4.73531e+06 4.74768e+06
-4.30322 0.763351 -0.0242433 4.73775e+06 4.75042e+06
-4.19519 0.762296 0.00471018 4.74041e+06 4.75342e+06
-4.10873 0.763549 0.0242744 4.74256e+06 4.7558e+06
-3.98147 0.767008 0.0300653 4.74586e+06 4.75917e+06
-3.87938 0.769676 0.0221896 4.74858e+06 4.7618e+06
-3.74675 0.772434 0.0194047 4.75207e+06 4.76526e+06
-3.61087 0.774591 0.0123311 4.75567e+06 4.76878e+06
-3.50532 0.776109 0.016444 4.75841e+06 4.77157e+06
-3.36546 0.779532 0.032495 4.76198e+06 4.77533e+06
-3.26054 0.783204 0.0374654 4.7647e+06 4.77811e+06
-3.12477 0.78921 0.0509529 4.76818e+06 4.78175e+06
-2.98439 0.798224 0.077283 4.77171e+06 4.78559e+06
-2.8749 0.808204 0.10452 4.77443e+06 4.78863e+06
-2.733 0.825597 0.139414 4.77797e+06 4.79258e+06
-2.58878 0.84588 0.140034 4.78178e+06 4.7964e+06
-2.47827 0.860483 0.12272 4.7848e+06 4.79922e+06
-2.32655 0.876083 0.0822077 4.78903e+06 4.80298e+06
-2.20958 0.883292 0.0408959 4.79234e+06 4.80581e+06
-2.05537 0.886145 -0.00390294 4.79664e+06 4.80959e+06
-1.8962 0.883321 -0.0315752 4.80097e+06 4.8136e+06
-1.77791 0.879979 -0.0249129 4.80403e+06 4.81674e+06
-1.61588 0.876962 -0.0123245 4.8082e+06 4.82106e+06
-1.45689 0.876003 0.000268693 4.81229e+06 4.8253e+06
-1.3334 0.874913 -0.0179223 4.81563e+06 4.82843e+06
-1.16779 0.870077 -0.0404648 4.8201e+06 4.83264e+06
-0.996833 0.860563 -0.0707269 4.82476e+06 4.83695e+06
-0.868368 0.850729 -0.0820726 4.8282e+06 4.84026e+06
-0.696029 0.834222 -0.108911 4.83289e+06 4.84464e+06
-0.52988 0.815456 -0.116035 4.83731e+06 4.84898e+06
-0.406513 0.800581 -0.123947 4.84061e+06 4.85219e+06
-0.241221 0.779462 -0.130214 4.84501e+06 4.85652e+06
-0.0714279 0.753344 -0.17504 4.84977e+06 4.86076e+06
0.0526068 0.729197 -0.209514 4.85328e+06 4.86387e+06
0.217765 0.691086 -0.244056 4.85792e+06 4.86811e+06
0.342375 0.659871 -0.246834 4.8613e+06 4.87146e+06
0.510764 0.617263 -0.248829 4.86586e+06 4.876e+06
0.679728 0.575382 -0.237116 4.87035e+06 4.88063e+06
0.804236 0.546181 -0.223616 4.87362e+06 4.88406e+06
0.974283 0.509852 -0.197339 4.87802e+06 4.88877e+06
1.14644 0.477242 -0.177062 4.88249e+06 4.89348e+06
1.27523 0.454695 -0.169563 4.88587e+06 4.89695e+06
1.44278 0.427829 -0.14842 4.89019e+06 4.90152e+06
1.61942 0.403709 -0.123007 4.89471e+06 4.90634e+06
1.75181 0.388822 -0.100948 4.89807e+06 4.90996e+06
1.92658 0.371699 -0.0943789 4.90263e+06 4.9146e+06
2.05243 0.360425 -0.084303 4.90588e+06 4.91797e+06
2.22439 0.346166 -0.0811554 4.91038e+06 4.92251e+06
2.35152 0.336361 -0.0727947 4.91367e+06 4.9259e+06
2.52112 0.323751 -0.0756401 4.91814e+06 4.93034e+06
2.68813 0.312294 -0.0613468 4.92244e+06 4.93481e+06
2.81735 0.305232 -0.0478488 4.92575e+06 4.93828e+06
2.94553 0.300511 -0.0257822 4.92898e+06 4.94177e+06
3.11175 0.297413 -0.0114872 4.93325e+06 4.94621e+06
3.23714 0.295584 -0.0176871 4.93657e+06 4.94946e+06
3.40222 0.292288 -0.0222379 4.94092e+06 4.95376e+06
3.52816 0.289258 -0.0258686 4.94424e+06 4.95704e+06
3.69342 0.285668 -0.0175691 4.94852e+06 4.96142e+06
3.86384 0.282723 -0.0169882 4.95298e+06 4.96589e+06
3.98943 0.281868 0.00336955 4.95615e+06 4.9693e+06
4.1589 0.284594 0.0287965 4.96044e+06 4.97389e+06
4.32658 0.290336 0.0396622 4.96477e+06 4.97835e+06
4.45403 0.294396 0.0240351 4.9682e+06 4.9816e+06
4.61778 0.296907 0.00663577 4.97259e+06 4.98579e+06
4.73918 0.297389 0.00129902 4.9758e+06 4.98894e+06
4.90466 0.297653 0.00188789 4.98013e+06 4.99328e+06
5.07111 0.298087 0.00333191 4.98448e+06 4.99765e+06
5.19479 0.298487 0.00313176 4.98772e+06 5.00089e+06
5.35532 0.29945 0.00886882 4.99189e+06 5.00513e+06
5.48072 0.300173 0.00266893 4.99521e+06 5.00838e+06
5.64602 0.299743 -0.00787934 4.9996e+06 5.01265e+06
5.81185 0.296211 -0.0347057 5.0041e+06 5.01684e+06
5.93202 0.291718 -0.0400406 5.00728e+06 5.01996e+06
6.09871 0.284875 -0.0420239 5.01166e+06 5.02432e+06
6.26504 0.279 -0.028586 5.01594e+06 5.02876e+06
6.39306 0.275052 -0.0330769 5.01932e+06 5.03209e+06
6.55865 0.269692 -0.0316316 5.02365e+06 5.03644e+06
6.72711 0.264411 -0.0310476 5.02806e+06 5.04086e+06
6.85456 0.260658 -0.0278272 5.03138e+06 5.04422e+06
7.02131 0.255565 -0.0332375 5.03578e+06 5.04856e+06
7.18725 0.249313 -0.0420734 5.04018e+06 5.05286e+06
7.31236 0.244034 -0.042276 5.04346e+06 5.05614e+06
7.48019 0.237344 -0.0374076 5.04783e+06 5.06057e+06
7.60513 0.232602 -0.0384668 5.05111e+06 5.06384e+06
7.77481 0.224446 -0.0575893 5.05567e+06 5.06818e+06
7.93828 0.214438 -0.0647081 5.06e+06 5.07243e+06
8.06265 0.206312 -0.0657664 5.06327e+06 5.07569e+06
8.22519 0.196774 -0.0514659 5.06745e+06 5.08004e+06
8.39371 0.188215 -0.0500255 5.07186e+06 5.08447e+06
8.51632 0.182854 -0.0373735 5.075e+06 5.08776e+06
8.6842 0.177274 -0.0290784 5.07935e+06 5.09221e+06
8.81223 0.17414 -0.0198618 5.08265e+06 5.09562e+06
8.98722 0.169964 -0.0278555 5.08728e+06 5.10016e+06
9.15817 0.165031 -0.0298457 5.09177e+06 5.10463e+06
9.32932 0.160264 -0.0258393 5.09623e+06 5.10914e+06
9.45928 0.157727 -0.013199 5.09956e+06 5.11262e+06
9.63163 0.155945 -0.00748103 5.10404e+06 5.11717e+06
9.75837 0.154876 -0.00939959 5.10737e+06 5.12048e+06
9.92633 0.152986 -0.0130983 5.11179e+06 5.12486e+06
10.0571 0.150756 -0.0210203 5.11526e+06 5.12824e+06
10.2297 0.145843 -0.035864 5.11987e+06 5.13268e+06
10.4013 0.137748 -0.0584165 5.1245e+06 5.13705e+06
10.5296 0.13007 -0.0611945 5.12788e+06 5.1404e+06
10.7074 0.120448 -0.0469186 5.13246e+06 5.14515e+06
10.8819 0.113951 -0.0274971 5.13692e+06 5.14984e+06
11.0124 0.110236 -0.0294218 5.14035e+06 5.15325e+06
11.1826 0.105204 -0.0296974 5.14481e+06 5.15771e+06
11.357 0.099252 -0.0385469 5.14943e+06 5.16223e+06
11.484 0.0942312 -0.040466 5.15277e+06 5.16555e+06
11.6569 0.0860918 -0.0535968 5.15738e+06 5.17001e+06
11.7862 0.0796991 -0.0452391 5.16072e+06 5.17345e+06
11.9622 0.0729885 -0.0309603 5.16525e+06 5.17815e+06
12.133 0.0689202 -0.0166728 5.16964e+06 5.18271e+06
12.2633 0.0661188 -0.0263076 5.17311e+06 5.18607e+06
12.4305 0.0614115 -0.030005 5.17751e+06 5.19043e+06
12.5995 0.0563148 -0.0302787 5.18194e+06 5.19486e+06
12.7239 0.0531741 -0.0201995 5.18514e+06 5.19818e+06
12.8976 0.0506829 -0.00848681 5.18962e+06 5.2028e+06
13.0686 0.0516985 0.0203646 5.19393e+06 5.20745e+06
13.1968 0.0557252 0.0424314 5.19716e+06 5.21094e+06
13.3668 0.0649637 0.0661439 5.20148e+06 5.21554e+06
13.4925 0.0740309 0.0779338 5.20471e+06 5.21891e+06
13.661 0.0878964 0.0862272 5.20909e+06 5.22339e+06
13.8257 0.104314 0.112518 5.21327e+06 5.22788e+06
13.9536 0.119699 0.126873 5.21656e+06 5.23134e+06
14.1205 0.142265 0.142021 5.22088e+06 5.23584e+06
14.2837 0.164231 0.125477 5.22529e+06 5.24006e+06
14.404 0.178822 0.115857 5.22852e+06 5.24318e+06
14.572 0.19543 0.0813156 5.23314e+06 5.2474e+06
14.7407 0.206109 0.04506 5.23778e+06 5.25162e+06
14.8697 0.209809 0.0122961 5.24135e+06 5.25481e+06
15.0377 0.210844 3.03521e-05 5.24582e+06 5.25914e+06
15.1669 0.210447 -0.00617582 5.24924e+06 5.26249e+06
15.3354 0.208878 -0.0124458 5.25369e+06 5.26687e+06
15.5043 0.203642 -0.0495575 5.25833e+06 5.27108e+06
15.6291 0.195564 -0.0797448 5.26178e+06 5.27418e+06
15.8005 0.17806 -0.123716 5.26655e+06 5.27844e+06
15.9681 0.156402 -0.133413 5.27103e+06 5.28281e+06
16.1256 0.135029 -0.136241 5.27521e+06 5.28696e+06
16.2661 0.117341 -0.114195 5.27879e+06 5.2908e+06
16.4352 0.0991699 -0.0999066 5.28316e+06 5.29534e+06
16.5637 0.086837 -0.0915484 5.28649e+06 5.29877e+06
16.7356 0.069621 -0.108106 5.29111e+06 5.3032e+06
16.9063 0.0486264 -0.136656 5.29578e+06 5.30754e+06
17.0344 0.0294728 -0.159996 5.29931e+06 5.3108e+06
17.2067 0.000664423 -0.171416 5.30395e+06 5.31531e+06
17.336 -0.0223042 -0.180196 5.30744e+06 5.3187e+06
17.5076 -0.0534487 -0.178765 5.312e+06 5.32328e+06
17.6758 -0.0837765 -0.178185 5.31647e+06 5.32776e+06
17.8026 -0.106354 -0.17411 5.31982e+06 5.33116e+06
17.9728 -0.137211 -0.18467 5.32441e+06 5.33563e+06
18.141 -0.17015 -0.202082 5.329e+06 5.34002e+06
18.2638 -0.195701 -0.208282 5.33232e+06 5.34327e+06
18.4316 -0.231279 -0.209416 5.33682e+06 5.34776e+06
18.5574 -0.257512 -0.201914 5.34014e+06 5.35117e+06
18.7252 -0.291656 -0.19962 5.34461e+06 5.35567e+06
18.8846 -0.322864 -0.187033 5.34879e+06 5.36e+06
19.0076 -0.346159 -0.187235 5.35207e+06 5.36328e+06
19.1708 -0.376952 -0.185791 5.35641e+06 5.36764e+06
19.3329 -0.409979 -0.216044 5.36092e+06 5.3718e+06
19.4497 -0.436197 -0.225661 5.36411e+06 5.37488e+06
19.6045 -0.47175 -0.225918 5.36827e+06 5.37904e+06
19.7189 -0.496061 -0.192696 5.37114e+06 5.3823e+06
19.8673 -0.519587 -0.121831 5.37466e+06 5.38665e+06
20.0102 -0.531099 -0.0389622 5.37793e+06 5.39089e+06
20.1104 -0.531105 0.0388356 5.3801e+06 5.39397e+06
20.2393 -0.51839 0.15771 5.3828e+06 5.39806e+06
20.3322 -0.499222 0.249223 5.38475e+06 5.40108e+06
20.446 -0.462585 0.374111 5.38715e+06 5.40494e+06
20.5489 -0.413745 0.511857 5.38933e+06 5.40873e+06
20.6182 -0.369693 0.621383 5.39084e+06 5.41152e+06
20.7006 -0.300181 0.7797 5.39274e+06 5.41527e+06
20.7668 -0.222479 0.95002 5.39442e+06 5.41894e+06
20.8044 -0.161812 1.08184 5.39552e+06 5.42158e+06
20.8398 -0.0785492 1.25646 5.39687e+06 5.42497e+06
20.8557 -0.0162434 1.38401 5.39781e+06 5.4274e+06
20.8643 0.0665251 1.55179 5.39901e+06 5.43056e+06
20.859 0.147267 1.72128 5.40014e+06 5.43367e+06
20.8469 0.203813 1.84199 5.40095e+06 5.43589e+06
20.8216 0.273627 1.99351 5.40201e+06 5.43872e+06
20.7874 0.336909 2.13989 5.40304e+06 5.44146e+06
20.757 0.379207 2.2486 5.40377e+06 5.44346e+06
20.7111 0.42877 2.38728 5.40473e+06 5.44604e+06
20.6583 0.471851 2.52681 5.4057e+06 5.44864e+06
20.6147 0.499296 2.63296 5.40643e+06 5.45061e+06
20.5532 0.528296 2.76821 5.40742e+06 5.45318e+06
20.4871 0.549491 2.8949 5.4085e+06 5.45574e+06
20.4325 0.560869 2.97705 5.40948e+06 5.45768e+06
20.3539 0.57039 3.06516 5.41104e+06 5.46027e+06
20.2927 0.573263 3.12418 5.4123e+06 5.46222e+06
20.2059 0.571323 -3.07948 5.41411e+06 5.46496e+06
20.1079 0.561097 -2.99568 5.4162e+06 5.46803e+06
20.0295 0.547678 -2.94869 5.41801e+06 5.47039e+06
19.9212 0.523684 -2.89832 5.42062e+06 5.47359e+06
19.8108 0.493832 -2.85653 5.42337e+06 5.47683e+06
19.7231 0.467546 -2.84468 5.4257e+06 5.4793e+06
19.5994 0.430229 -2.8526 5.42913e+06 5.48264e+06
19.5063 0.403081 -2.86304 5.43173e+06 5.48512e+06
19.3777 0.368875 -2.90009 5.43543e+06 5.48839e+06
19.2445 0.338924 -2.94058 5.43924e+06 5.49173e+06
19.1426 0.319421 -2.96473 5.4421e+06 5.49431e+06
19.0014 0.29676 -3.00009 5.44605e+06 5.49785e+06
18.8611 0.277042 -3.00375 5.44978e+06 5.50154e+06
18.7544 0.26299 -3.01763 5.45268e+06 5.50428e+06
18.6171 0.247211 -3.0367 5.45641e+06 5.50779e+06
18.5147 0.237281 -3.05314 5.4592e+06 5.51039e+06
18.3743 0.226297 -3.07393 5.46301e+06 5.51396e+06
18.2314 0.215091 -3.05275 5.46664e+06 5.51784e+06
18.1225 0.204603 -3.03836 5.46942e+06 5.52079e+06
17.9802 0.188648 -3.02146 5.47307e+06 5.52464e+06
17.8376 0.171256 -3.01912 5.47682e+06 5.52842e+06
17.7287 0.158626 -3.03301 5.47977e+06 5.53121e+06
17.5866 0.143454 -3.03752 5.48354e+06 5.53493e+06
17.4777 0.132521 -3.04541 5.48645e+06 5.53775e+06
17.3309 0.118431 -3.0465 5.49032e+06 5.54161e+06
17.1802 0.104401 -3.05103 5.49431e+06 5.54555e+06
17.0666 0.0947379 -3.06235 5.49736e+06 5.54847e+06
16.9542 0.0856742 -3.05997 5.5003e+06 5.55144e+06
16.766 0.0730652 -3.0894 5.50541e+06 5.55621e+06
16.6552 0.0686657 -3.11442 5.50846e+06 5.55897e+06
16.5054 0.068143 3.1214 5.51266e+06 5.56262e+06
16.3575 0.0724778 3.10317 5.51664e+06 5.56639e+06
16.2432 0.0769292 3.10213 5.51964e+06 5.56938e+06
16.0918 0.082538 3.10702 5.52358e+06 5.57338e+06
15.9831 0.0860285 3.11199 5.5264e+06 5.57626e+06
15.8373 0.0911116 3.10147 5.53028e+06 5.58002e+06
15.6918 0.0966587 3.10552 5.53407e+06 5.58386e+06
15.5806 0.100444 3.10962 5.53696e+06 5.5868e+06
15.4352 0.104488 3.11795 5.54072e+06 5.59066e+06
15.288 0.106408 3.13913 5.54445e+06 5.59464e+06
15.1363 0.104785 -3.11774 5.54827e+06 5.59877e+06
15.0261 0.100179 -3.08194 5.55095e+06 5.60187e+06
14.8799 0.088951 -3.0479 5.55459e+06 5.60591e+06
14.736 0.0738295 -3.02586 5.55825e+06 5.60983e+06
14.6287 0.0609964 -3.01919 5.56104e+06 5.6127e+06
14.4844 0.0444512 -3.0357 5.56494e+06 5.61641e+06
14.3774 0.0332652 -3.0393 5.56778e+06 5.61921e+06
14.228 0.0189865 -3.05325 5.57179e+06 5.62306e+06
14.1131 0.00912059 -3.05858 5.57484e+06 5.62605e+06
13.956 -0.00339442 -3.06569 5.57901e+06 5.63014e+06
13.7943 -0.0149009 -3.07537 5.58331e+06 5.63433e+06
13.674 -0.0232842 -3.06871 5.58643e+06 5.63753e+06
13.511 -0.033903 -3.0844 5.5908e+06 5.64172e+06
13.352 -0.0417568 -3.10008 5.59506e+06 5.6458e+06
13.2312 -0.0453632 -3.1234 5.59836e+06 5.64883e+06
13.0711 -0.0479122 -3.12795 5.60258e+06 5.653e+06
12.9081 -0.0492772 -3.13849 5.60691e+06 5.65721e+06
12.7888 -0.049278 3.1385 5.61007e+06 5.6603e+06
12.625 -0.0463655 3.10911 5.61453e+06 5.66442e+06
12.461 -0.0390453 3.08486 5.61897e+06 5.66858e+06
12.3372 -0.031361 3.07438 5.62228e+06 5.67177e+06
12.1726 -0.0202623 3.07411 5.6266e+06 5.67609e+06
12.0467 -0.0124427 3.08504 5.62984e+06 5.67946e+06
11.8772 -0.00478883 3.1079 5.63415e+06 5.68404e+06
11.71 -0.00185428 3.14018 5.63834e+06 5.68861e+06
11.5837 -0.00166329 3.13998 5.64165e+06 5.69192e+06
11.4174 -0.000589243 3.13029 5.64606e+06 5.69622e+06
11.2516 0.00379481 3.10003 5.65058e+06 5.70039e+06
11.1286 0.00908031 3.09726 5.65382e+06 5.7036e+06
10.9574 0.0167 3.09699 5.65831e+06 5.70809e+06
10.7876 0.0231351 3.11042 5.66268e+06 5.71262e+06
10.6596 0.0274147 3.10593 5.66606e+06 5.71595e+06
10.4911 0.0326538 3.11508 5.67042e+06 5.72042e+06
10.3622 0.0364196 3.10973 5.67383e+06 5.72377e+06
10.1936 0.0429739 3.09575 5.67833e+06 5.72811e+06
10.0249 0.0524006 3.07577 5.68287e+06 5.73242e+06
9.89955 0.0602447 3.08242 5.68612e+06 5.73575e+06
9.72774 0.068011 3.11041 5.69046e+06 5.74042e+06
9.56019 0.0715357 3.1307 5.69473e+06 5.74493e+06
9.43403 0.0729763 3.12964 5.69804e+06 5.74823e+06
9.26553 0.0766735 3.10967 5.70257e+06 5.75253e+06
9.14267 0.0805043 3.11118 5.70578e+06 5.75576e+06
8.97801 0.0851824 3.1152 5.71007e+06 5.7601e+06
8.8131 0.0870141 -3.13741 5.71421e+06 5.7646e+06
8.68868 0.0846941 -3.10849 5.7173e+06 5.76803e+06
8.53198 0.0736685 -3.03421 5.72098e+06 5.77258e+06
8.38163 0.0518508 -2.96078 5.72453e+06 5.77699e+06
8.27365 0.0292386 -2.90955 5.72712e+06 5.78018e+06
8.13677 -0.00858687 -2.83439 5.7304e+06 5.78434e+06
8.03581 -0.0436806 -2.77973 5.73288e+06 5.78746e+06
7.90151 -0.101939 -2.68488 5.73616e+06 5.79185e+06
7.77164 -0.173947 -2.58574 5.73947e+06 5.79632e+06
7.67889 -0.235424 -2.5268 5.74204e+06 5.79958e+06
7.56358 -0.323749 -2.44908 5.74539e+06 5.80384e+06
7.45079 -0.424102 -2.37993 5.74894e+06 5.8082e+06
7.37015 -0.503802 -2.34413 5.7517e+06 5.81138e+06
7.27084 -0.611625 -2.28611 5.7552e+06 5.81556e+06
7.17419 -0.729098 -2.23239 5.75887e+06 5.81986e+06
7.10346 -0.825159 -2.17861 5.76168e+06 5.8233e+06
7.0173 -0.957875 -2.11461 5.76545e+06 5.82782e+06
6.937 -1.09621 -2.07889 5.76943e+06 5.83222e+06
6.88043 -1.20124 -2.05081 5.77239e+06 5.83551e+06
6.80663 -1.34765 -2.02451 5.77653e+06 5.83996e+06
6.73828 -1.49458 -1.98794 5.78056e+06 5.84442e+06
6.6891 -1.60828 -1.97015 5.7837e+06 5.84777e+06
6.62729 -1.76178 -1.937 5.78784e+06 5.8523e+06
6.57047 -1.91803 -1.90215 5.79199e+06 5.85686e+06
6.53107 -2.03647 -1.88179 5.79514e+06 5.86025e+06
6.48194 -2.1941 -1.86407 5.79936e+06 5.86468e+06
6.43396 -2.35388 -1.86091 5.80371e+06 5.86907e+06
6.40042 -2.47094 -1.83883 5.80677e+06 5.87239e+06
6.3589 -2.63547 -1.79713 5.81097e+06 5.87708e+06
6.3256 -2.80205 -1.73915 5.81508e+06 5.88187e+06
6.30557 -2.92932 -1.71451 5.81831e+06 5.88539e+06
6.2843 -3.09747 -1.6788 5.82254e+06 5.89004e+06
6.27166 -3.22454 -1.66102 5.82578e+06 5.89349e+06
6.25718 -3.39323 -1.65187 5.83016e+06 5.89798e+06
6.24456 -3.55785 -1.64271 5.83443e+06 5.90236e+06
6.23638 -3.68165 -1.63092 5.83761e+06 5.90568e+06
6.22957 -3.8512 -1.59093 5.84182e+06 5.91036e+06
6.2279 -3.98003 -1.57657 5.84511e+06 5.91382e+06
6.22799 -4.14628 -1.56399 5.84939e+06 5.91825e+06
6.2273 -4.31635 -1.58568 5.85397e+06 5.92258e+06
6.22473 -4.44421 -1.59617 5.85738e+06 5.92587e+06
6.21776 -4.61605 -1.62643 5.86206e+06 5.9302e+06
6.20769 -4.78601 -1.63356 5.86656e+06 5.93462e+06
6.19912 -4.91667 -1.63892 5.87002e+06 5.93802e+06
6.18959 -5.08857 -1.61349 5.87438e+06 5.94268e+06
6.18477 -5.21809 -1.60257 5.87771e+06 5.94614e+06
6.17946 -5.38445 -1.60284 5.88207e+06 5.9505e+06
6.17158 -5.55128 -1.63309 5.88662e+06 5.9547e+06
6.16319 -5.67449 -1.64443 5.88992e+06 5.95787e+06
6.15104 -5.838 -1.64555 5.89422e+06 5.96216e+06
6.13896 -6.00477 -1.64068 5.89857e+06 5.96657e+06
6.13056 -6.13085 -1.63403 5.90184e+06 5.96992e+06
6.12093 -6.29128 -1.62744 5.90601e+06 5.97417e+06
6.11392 -6.44764 -1.6037 5.90997e+06 5.97841e+06
6.11018 -6.56401 -1.60218 5.91301e+06 5.98147e+06
6.10548 -6.7174 -1.60071 5.91702e+06 5.9855e+06
6.10124 -6.83357 -1.61375 5.92014e+06 5.98847e+06
6.09498 -6.98977 -1.60801 5.9242e+06 5.9926e+06
6.09156 -7.11054 -1.59021 5.92726e+06 5.99587e+06
6.08972 -7.27182 -1.5742 5.93139e+06 6.00019e+06
6.08964 -7.43044 -1.56846 5.93551e+06 6.00438e+06
6.0887 -7.55317 -1.58836 5.93884e+06 6.00748e+06
6.0847 -7.71613 -1.60233 5.94319e+06 6.01167e+06
6.07702 -7.88068 -1.63258 5.94768e+06 6.01581e+06
6.06562 -8.04405 -1.64827 5.95206e+06 6.02001e+06
6.05482 -8.16918 -1.6656 5.95545e+06 6.0232e+06
6.0398 -8.33514 -1.65645 5.95976e+06 6.02762e+06
6.02883 -8.46083 -1.65922 5.96308e+06 6.03091e+06
6.01388 -8.62679 -1.66206 5.96746e+06 6.03526e+06
5.9972 -8.79528 -1.6769 5.97198e+06 6.03961e+06
5.98479 -8.91872 -1.66511 5.97516e+06 6.04293e+06
5.97133 -9.08596 -1.63711 5.97939e+06 6.04749e+06
5.96426 -9.21365 -1.61504 5.98261e+06 6.05097e+06
5.95867 -9.38401 -1.59219 5.98694e+06 6.05557e+06
5.95516 -9.55385 -1.59075 5.99138e+06 6.06003e+06
5.95278 -9.68038 -1.58838 5.99468e+06 6.06336e+06
5.94819 -9.84943 -1.6075 5.99922e+06 6.06768e+06
5.94102 -10.0151 -1.62062 6.00364e+06 6.07195e+06
5.93396 -10.1413 -1.63282 6.00702e+06 6.07519e+06
5.92535 -10.3098 -1.61082 6.01131e+06 6.07974e+06
5.91978 -10.4815 -1.59568 6.01572e+06 6.08433e+06
5.91753 -10.6056 -1.58217 6.01889e+06 6.08766e+06
5.91481 -10.7733 -1.59187 6.02334e+06 6.092e+06
5.91168 -10.9409 -1.587 6.0277e+06 6.09642e+06
5.90943 -11.0661 -1.59063 6.031e+06 6.09968e+06
5.90673 -11.2294 -1.58404 6.03524e+06 6.104e+06
5.90511 -11.3545 -1.58338 6.03851e+06 6.10728e+06
5.90477 -11.5226 -1.56224 6.04279e+06 6.11181e+06
5.90792 -11.6869 -1.54109 6.04697e+06 6.11624e+06
5.91177 -11.8067 -1.53614 6.05008e+06 6.11941e+06
5.91718 -11.9653 -1.53725 6.05424e+06 6.12356e+06
5.92139 -12.1261 -1.55208 6.05854e+06 6.12769e+06
5.92399 -12.2444 -1.54542 6.0616e+06 6.13083e+06
5.9278 -12.4062 -1.5491 6.06586e+06 6.13505e+06
5.93073 -12.5272 -1.54416 6.069e+06 6.13825e+06
5.93425 -12.6889 -1.55385 6.07329e+06 6.14243e+06
5.93708 -12.8492 -1.55239 6.07748e+06 6.14664e+06
5.93898 -12.9694 -1.55773 6.08066e+06 6.14976e+06
5.9398 -13.1271 -1.5734 6.08488e+06 6.1538e+06
5.93878 -13.2822 -1.58136 6.08899e+06 6.15782e+06
5.93736 -13.4012 -1.58413 6.09212e+06 6.16092e+06
5.93733 -13.5598 -1.55783 6.09612e+06 6.16523e+06
5.93927 -13.6785 -1.55116 6.09919e+06 6.16838e+06
5.94278 -13.8315 -1.54456 6.10316e+06 6.17243e+06
5.94536 -13.9865 -1.56366 6.10733e+06 6.17638e+06
5.94564 -14.1039 -1.57327 6.11046e+06 6.1794e+06
5.9451 -14.2589 -1.57523 6.11453e+06 6.18345e+06
5.94419 -14.4152 -1.57806 6.11864e+06 6.18753e+06
5.94398 -14.533 -1.56711 6.12166e+06 6.19068e+06
5.9453 -14.6931 -1.55795 6.1258e+06 6.19493e+06
5.94977 -14.8518 -1.52736 6.12978e+06 6.19927e+06
5.95504 -14.9735 -1.52756 6.13297e+06 6.20246e+06
5.96092 -15.1335 -1.54067 6.13724e+06 6.20658e+06
5.96294 -15.2544 -1.56742 6.14056e+06 6.20959e+06
5.96195 -15.4151 -1.58653 6.14488e+06 6.21369e+06
5.95933 -15.576 -1.58765 6.1491e+06 6.2179e+06
5.95711 -15.6947 -1.59127 6.15223e+06 6.22099e+06
5.95358 -15.8498 -1.5958 6.15632e+06 6.22503e+06
5.94936 -15.9705 -1.6157 6.1596e+06 6.22808e+06
5.94207 -16.1322 -1.61596 6.16384e+06 6.23232e+06
5.9337 -16.2954 -1.62822 6.16819e+06 6.23653e+06
5.92684 -16.4162 -1.6267 6.17135e+06 6.23971e+06
5.91691 -16.5818 -1.63468 6.17574e+06 6.24401e+06
5.90786 -16.745 -1.61781 6.17992e+06 6.24839e+06
5.90249 -16.8678 -1.61116 6.1831e+06 6.25165e+06
5.89555 -17.0287 -1.61656 6.18735e+06 6.25584e+06
5.88623 -17.1909 -1.63995 6.19174e+06 6.25996e+06
5.87692 -17.3115 -1.65557 6.195e+06 6.26304e+06
5.86443 -17.4704 -1.64298 6.1991e+06 6.26729e+06
5.85606 -17.5925 -1.63546 6.20226e+06 6.27054e+06
5.84754 -17.7537 -1.61174 6.20635e+06 6.27491e+06
5.84094 -17.916 -1.61114 6.2106e+06 6.27917e+06
5.83667 -18.037 -1.60106 6.21371e+06 6.2824e+06
5.83105 -18.2008 -1.60904 6.21805e+06 6.28665e+06
5.826 -18.3204 -1.61694 6.22123e+06 6.28974e+06
5.81777 -18.4779 -1.62919 6.22543e+06 6.2938e+06
5.8088 -18.638 -1.62431 6.2296e+06 6.29803e+06
5.80367 -18.7575 -1.60308 6.23261e+06 6.30129e+06
5.79909 -18.9155 -1.59649 6.23671e+06 6.30547e+06
5.79544 -19.0695 -1.59245 6.24072e+06 6.30953e+06
5.79211 -19.1876 -1.60549 6.24389e+06 6.31255e+06
5.78719 -19.3444 -1.59889 6.24796e+06 6.3167e+06
5.78432 -19.4622 -1.59137 6.251e+06 6.31983e+06
5.78281 -19.6194 -1.56935 6.25499e+06 6.32408e+06
5.78551 -19.7765 -1.53791 6.25892e+06 6.32838e+06
5.79225 -19.9315 -1.51674 6.26286e+06 6.33257e+06
5.79946 -20.0466 -1.4998 6.26578e+06 6.33569e+06
5.80977 -20.2022 -1.50947 6.26992e+06 6.33972e+06
5.81871 -20.3523 -1.51314 6.27388e+06 6.34364e+06
5.82491 -20.4667 -1.52018 6.27692e+06 6.3466e+06
5.83495 -20.6219 -1.49216 6.28083e+06 6.35084e+06
5.84673 -20.7399 -1.45038 6.28369e+06 6.35419e+06
5.86943 -20.8938 -1.39837 6.28746e+06 6.35857e+06
5.89962 -21.0433 -1.34464 6.29114e+06 6.36288e+06
5.92728 -21.1558 -1.31484 6.294e+06 6.36609e+06
5.96998 -21.3018 -1.25769 6.29765e+06 6.37041e+06
6.02117 -21.4432 -1.1894 6.30119e+06 6.37475e+06
6.06704 -21.5487 -1.13218 6.30387e+06 6.3781e+06
6.1396 -21.684 -1.02449 6.30726e+06 6.38275e+06
6.20356 -21.7799 -0.940716 6.30979e+06 6.38626e+06
6.29826 -21.897 -0.840723 6.31315e+06 6.39079e+06
6.40122 -22.0008 -0.738155 6.31638e+06 6.39522e+06
6.48467 -22.0717 -0.671509 6.31886e+06 6.39848e+06
6.60396 -22.1569 -0.56894 6.3221e+06 6.40292e+06
6.69968 -22.2125 -0.483449 6.3245e+06 6.40632e+06
6.84197 -22.2777 -0.375757 6.32797e+06 6.41105e+06
6.98934 -22.3275 -0.275774 6.33146e+06 6.41571e+06
7.10192 -22.3549 -0.201427 6.33406e+06 6.41918e+06
7.25602 -22.3811 -0.135713 6.33777e+06 6.42366e+06
7.40755 -22.3983 -0.0905546 6.3415e+06 6.42792e+06
7.52261 -22.4082 -0.0813178 6.34447e+06 6.431e+06
7.67702 -22.4192 -0.0601504 6.3484e+06 6.43518e+06
7.83299 -22.4263 -0.0312751 6.35232e+06 6.43944e+06
7.9488 -22.4295 -0.0237523 6.35531e+06 6.44252e+06
8.10301 -22.4323 -0.0120079 6.35928e+06 6.44663e+06
8.22286 -22.4341 -0.0190556 6.36246e+06 6.44973e+06
8.38184 -22.4366 -0.0116026 6.36658e+06 6.45394e+06
8.53949 -22.4384 -0.0118577 6.37071e+06 6.45807e+06
8.65611 -22.4396 -0.00776296 6.37374e+06 6.46115e+06
8.81301 -22.4404 -0.00287664 6.37782e+06 6.46529e+06
8.97468 -22.4397 0.0114258 6.38197e+06 6.46961e+06
9.09395 -22.4373 0.0292236 6.38499e+06 6.47284e+06
9.25613 -22.4326 0.028961 6.38924e+06 6.47709e+06
9.37709 -22.4293 0.0253383 6.39243e+06 6.48024e+06
9.54162 -22.4274 -0.00234274 6.3969e+06 6.48439e+06
9.70482 -22.428 -0.00517704 6.40119e+06 6.48865e+06
9.82755 -22.4288 -0.0079458 6.40442e+06 6.49185e+06
9.98845 -22.4296 -0.00220929 6.4086e+06 6.4961e+06
10.1478 -22.4303 -0.00675074 6.4128e+06 6.50025e+06
10.2685 -22.431 -0.00351918 6.41594e+06 6.50343e+06
10.4292 -22.4311 0.00136096 6.42012e+06 6.50767e+06
10.5903 -22.4316 -0.00746689 6.42439e+06 6.51184e+06
10.7073 -22.4325 -0.00679956 6.42745e+06 6.51491e+06
10.827 -22.4332 -0.00613655 6.43058e+06 6.51805e+06
10.988 -22.4305 0.0398651 6.43453e+06 6.52254e+06
11.147 -22.4195 0.0987202 6.43836e+06 6.52706e+06
11.2635 -22.4053 0.143936 6.44117e+06 6.5304e+06
11.4168 -22.3784 0.202797 6.4449e+06 6.53482e+06
11.5731 -22.3419 0.25651 6.44879e+06 6.53934e+06
11.6834 -22.3098 0.309441 6.45149e+06 6.54266e+06
11.8261 -22.2583 0.383729 6.45503e+06 6.54707e+06
11.9639 -22.1955 0.471725 6.45848e+06 6.55155e+06
12.0634 -22.1396 0.552072 6.461e+06 6.55501e+06
12.1885 -22.0545 0.641781 6.46444e+06 6.5595e+06
12.3034 -21.96 0.734922 6.46779e+06 6.56394e+06
12.382 -21.8838 0.804994 6.47025e+06 6.56722e+06
12.4801 -21.7716 0.899849 6.4736e+06 6.57168e+06
12.5462 -21.6813 0.978485 6.47607e+06 6.57507e+06
12.6257 -21.5492 1.07933 6.47952e+06 6.5797e+06
12.6936 -21.4079 1.1656 6.48312e+06 6.58431e+06
12.7355 -21.2995 1.23995 6.48573e+06 6.58779e+06
12.781 -21.148 1.31765 6.48942e+06 6.59239e+06
12.8159 -20.9948 1.37651 6.49319e+06 6.59685e+06
12.8363 -20.8792 1.41487 6.49604e+06 6.60015e+06
12.8575 -20.7218 1.45916 6.49994e+06 6.60457e+06
12.8707 -20.5636 1.51545 6.50377e+06 6.60906e+06
12.876 -20.4442 1.53753 6.50677e+06 6.61232e+06
12.88 -20.2885 1.5527 6.51076e+06 6.61649e+06
12.8829 -20.1702 1.54051 6.51393e+06 6.61952e+06
12.8893 -20.0105 1.52055 6.51823e+06 6.62359e+06
12.8976 -19.855 1.51516 6.52234e+06 6.62764e+06
12.904 -19.7363 1.51754 6.52544e+06 6.63077e+06
12.911 -19.5769 1.53613 6.52951e+06 6.63506e+06
12.9154 -19.4097 1.55299 6.53379e+06 6.63954e+06
12.9164 -19.2883 1.57335 6.53685e+06 6.64284e+06
12.916 -19.1263 1.57224 6.5411e+06 6.64708e+06
12.9167 -19.0049 1.55833 6.54436e+06 6.65018e+06
12.9216 -18.8412 1.5238 6.54885e+06 6.65427e+06
12.9309 -18.6771 1.50383 6.55327e+06 6.65846e+06
12.9396 -18.5537 1.49677 6.55655e+06 6.66166e+06
12.9524 -18.3868 1.49222 6.56096e+06 6.66602e+06
12.9626 -18.2631 1.48516 6.56425e+06 6.66923e+06
12.9787 -18.0944 1.46604 6.5688e+06 6.67356e+06
12.997 -17.9298 1.45378 6.57321e+06 6.67783e+06
13.0125 -17.8078 1.43473 6.57654e+06 6.68094e+06
13.0349 -17.6512 1.42334 6.58075e+06 6.68502e+06
13.0595 -17.492 1.41109 6.58504e+06 6.68917e+06
13.0779 -17.3727 1.4246 6.58812e+06 6.69241e+06
13.1019 -17.2102 1.42348 6.59243e+06 6.69671e+06
13.126 -17.0484 1.42235 6.59672e+06 6.70099e+06
13.1455 -16.9243 1.40844 6.60009e+06 6.7042e+06
13.172 -16.7602 1.41246 6.60442e+06 6.70858e+06
13.191 -16.6395 1.4174 6.60759e+06 6.71181e+06
13.2149 -16.4784 1.42999 6.61178e+06 6.71615e+06
13.2362 -16.3157 1.45028 6.61596e+06 6.72057e+06
13.2503 -16.192 1.4655 6.61913e+06 6.72392e+06
13.2656 -16.0311 1.48666 6.62324e+06 6.72828e+06
13.2763 -15.9071 1.48132 6.62653e+06 6.73151e+06
13.292 -15.7422 1.47077 6.63093e+06 6.73579e+06
13.3104 -15.5735 1.45422 6.63547e+06 6.74014e+06
13.324 -15.448 1.47029 6.63868e+06 6.74354e+06
13.3394 -15.2794 1.48972 6.643e+06 6.74809e+06
13.3509 -15.1138 1.51344 6.64721e+06 6.75258e+06
13.3577 -14.9887 1.51838 6.65046e+06 6.75589e+06
13.3654 -14.8213 1.53181 6.65477e+06 6.76036e+06
13.3712 -14.655 1.54011 6.65908e+06 6.76477e+06
13.3748 -14.5306 1.54334 6.66232e+06 6.76805e+06
13.3785 -14.3646 1.55335 6.66661e+06 6.77246e+06
13.38 -14.2359 1.56513 6.66991e+06 6.7759e+06
13.3786 -14.0693 1.59313 6.67411e+06 6.78043e+06
13.3756 -13.9015 1.58515 6.67855e+06 6.78478e+06
13.3747 -13.7775 1.56953 6.68189e+06 6.78794e+06
13.3785 -13.6065 1.52813 6.68661e+06 6.79218e+06
13.3847 -13.483 1.51251 6.68994e+06 6.79533e+06
13.3963 -13.3173 1.48997 6.69442e+06 6.79955e+06
13.4103 -13.1534 1.48113 6.69878e+06 6.80381e+06
13.4224 -13.0287 1.46722 6.70214e+06 6.80701e+06
13.4394 -12.866 1.4661 6.70643e+06 6.81129e+06
13.4526 -12.7459 1.45648 6.70965e+06 6.8144e+06
13.4722 -12.587 1.43995 6.71394e+06 6.8185e+06
13.494 -12.4305 1.42427 6.71817e+06 6.82255e+06
13.5177 -12.27 1.42401 6.72242e+06 6.8268e+06
13.5349 -12.1482 1.43752 6.72556e+06 6.8301e+06
13.556 -11.9849 1.44667 6.72982e+06 6.83447e+06
13.5703 -11.8666 1.45505 6.73289e+06 6.83764e+06
13.5894 -11.7067 1.44793 6.73715e+06 6.84182e+06
13.6083 -11.5498 1.45453 6.74125e+06 6.846e+06
13.6223 -11.4323 1.4492 6.74438e+06 6.84907e+06
13.6411 -11.2765 1.45237 6.74847e+06 6.8532e+06
13.6549 -11.1576 1.45818 6.75157e+06 6.85637e+06
13.6716 -10.9949 1.47933 6.75573e+06 6.86078e+06
13.6834 -10.8375 1.51248 6.75967e+06 6.86511e+06
13.6897 -10.7168 1.52514 6.76276e+06 6.86835e+06
13.6956 -10.56 1.54031 6.76678e+06 6.87255e+06
13.6998 -10.3978 1.55032 6.77097e+06 6.87686e+06
13.7005 -10.281 1.57926 6.77386e+06 6.88009e+06
13.6952 -10.1269 1.63042 6.7776e+06 6.88443e+06
13.6856 -10.0118 1.67735 6.78035e+06 6.88773e+06
13.6637 -9.86302 1.75764 6.78382e+06 6.89214e+06
13.629 -9.71256 1.83706 6.7874e+06 6.89665e+06
13.5961 -9.60504 1.89771 6.78999e+06 6.89995e+06
13.5428 -9.46769 1.98485 6.79334e+06 6.90432e+06
13.4788 -9.33646 2.06429 6.7967e+06 6.90861e+06
13.4232 -9.24204 2.14122 6.79912e+06 6.91193e+06
13.3376 -9.12303 2.24721 6.80234e+06 6.91639e+06
13.2407 -9.01307 2.3395 6.80564e+06 6.92077e+06
13.1641 -8.93932 2.41043 6.80801e+06 6.92397e+06
13.0514 -8.84651 2.49501 6.81134e+06 6.92829e+06
12.9609 -8.7818 2.54709 6.81395e+06 6.93151e+06
12.8368 -8.70405 2.61625 6.81738e+06 6.93575e+06
12.7038 -8.6318 2.67169 6.82102e+06 6.94004e+06
12.5979 -8.58121 2.72033 6.82381e+06 6.9434e+06
12.453 -8.52263 2.79461 6.82747e+06 6.94793e+06
12.3028 -8.47207 2.8389 6.83136e+06 6.95234e+06
12.1893 -8.43853 2.86955 6.83428e+06 6.95562e+06
12.0365 -8.39686 2.88129 6.83836e+06 6.95984e+06
11.9224 -8.36766 2.90081 6.84133e+06 6.96304e+06
11.7683 -8.33272 2.93653 6.84526e+06 6.96739e+06
11.6073 -8.30279 2.9791 6.8493e+06 6.97193e+06
11.4885 -8.28534 3.01232 6.85225e+06 6.97527e+06
11.326 -8.26652 3.04033 6.85637e+06 6.97972e+06
11.2083 -8.25563 3.05813 6.85936e+06 6.98292e+06
11.0484 -8.24229 3.05872 6.86356e+06 6.98713e+06
10.8873 -8.22882 3.0576 6.8678e+06 6.99136e+06
10.7645 -8.21884 3.0634 6.87099e+06 6.99462e+06
10.593 -8.20737 3.08625 6.87536e+06 6.99926e+06
10.4253 -8.20001 3.10911 6.87962e+06 7.00379e+06
10.3013 -8.19618 3.11234 6.88285e+06 7.00706e+06
10.1405 -8.19152 3.11294 6.88706e+06 7.01128e+06
9.97585 -8.18614 3.10496 6.89142e+06 7.01555e+06
9.85529 -8.18213 3.11162 6.89454e+06 7.01875e+06
9.691 -8.17781 3.11906 6.8988e+06 7.0231e+06
9.56847 -8.1763 3.13943 6.90189e+06 7.02643e+06
9.39956 -8.17873 -3.11062 6.90612e+06 7.03105e+06
9.27618 -8.18397 -3.08769 6.90922e+06 7.03442e+06
9.11407 -8.19416 -3.06996 6.91337e+06 7.03878e+06
8.95219 -8.20506 -3.07879 6.91767e+06 7.04298e+06
8.83274 -8.2124 -3.08156 6.92082e+06 7.0461e+06
8.67246 -8.2214 -3.08953 6.92507e+06 7.05026e+06
8.51392 -8.23059 -3.07779 6.92916e+06 7.05449e+06
8.39201 -8.23837 -3.07799 6.93236e+06 7.05769e+06
8.23371 -8.24836 -3.0791 6.93652e+06 7.06184e+06
8.11401 -8.25491 -3.09472 6.93975e+06 7.06489e+06
7.95814 -8.25973 -3.12667 6.94402e+06 7.06879e+06
7.80564 -8.2584 3.10915 6.94829e+06 7.07251e+06
7.69489 -8.25246 3.06699 6.95144e+06 7.07517e+06
7.54793 -8.23728 3.01021 6.95564e+06 7.07871e+06
7.40056 -8.21353 2.95343 6.95988e+06 7.08229e+06
7.29291 -8.1912 2.92069 6.96295e+06 7.08498e+06
7.15271 -8.15467 2.85278 6.96714e+06 7.08838e+06
7.04681 -8.12046 2.80548 6.97033e+06 7.09102e+06
6.90777 -8.0646 2.71357 6.97479e+06 7.09441e+06
6.7777 -7.9978 2.62081 6.97916e+06 7.0977e+06
6.68453 -7.93907 2.53753 6.98253e+06 7.1001e+06
6.56836 -7.8487 2.42335 6.98705e+06 7.10329e+06
6.46261 -7.74362 2.29546 6.9917e+06 7.10645e+06
6.39418 -7.65878 2.20361 6.99509e+06 7.10877e+06
6.31468 -7.53538 2.08258 6.99964e+06 7.11191e+06
6.26349 -7.43528 2.00444 7.00304e+06 7.1144e+06
6.20556 -7.29357 1.91338 7.00758e+06 7.11788e+06
6.16043 -7.14969 1.83603 7.01198e+06 7.12138e+06
6.13317 -7.03865 1.78701 7.01526e+06 7.12409e+06
6.10503 -6.88778 1.72337 7.01965e+06 7.12774e+06
6.08594 -6.73589 1.66829 7.02398e+06 7.13143e+06
6.07681 -6.61924 1.62955 7.02727e+06 7.13427e+06
6.07112 -6.46454 1.58561 7.03158e+06 7.13807e+06
6.07155 -6.34753 1.54858 7.03486e+06 7.14092e+06
6.07776 -6.19208 1.5132 7.03914e+06 7.14479e+06
6.08931 -6.03159 1.48467 7.04352e+06 7.14884e+06
6.09952 -5.91043 1.48876 7.04668e+06 7.15205e+06
6.11228 -5.7531 1.49107 7.0508e+06 7.1562e+06
6.12433 -5.59743 1.49596 7.05486e+06 7.16032e+06
6.13385 -5.47755 1.4872 7.05806e+06 7.16342e+06
6.14843 -5.31309 1.47751 7.06244e+06 7.16769e+06
6.16018 -5.18938 1.47473 7.06571e+06 7.17093e+06
6.17738 -5.02095 1.46332 7.07021e+06 7.1753e+06
6.19572 -4.85187 1.46219 7.07467e+06 7.17975e+06
6.20981 -4.72227 1.46284 7.07808e+06 7.18317e+06
6.22715 -4.55443 1.47284 7.08244e+06 7.18765e+06
6.24487 -4.38682 1.45801 7.08694e+06 7.19198e+06
6.25932 -4.26456 1.44838 7.09022e+06 7.19515e+06
6.28108 -4.09954 1.43098 7.09468e+06 7.19941e+06
6.29793 -3.97566 1.4402 7.0979e+06 7.20274e+06
6.31993 -3.80664 1.4425 7.10235e+06 7.20722e+06
6.34102 -3.64057 1.44651 7.10671e+06 7.21163e+06
6.35755 -3.51453 1.43431 7.11011e+06 7.21489e+06
6.38165 -3.34617 1.4229 7.11463e+06 7.21928e+06
6.40178 -3.21969 1.40298 7.1181e+06 7.22252e+06
6.43149 -3.05397 1.38386 7.12262e+06 7.22682e+06
6.46411 -2.88823 1.36903 7.12713e+06 7.23116e+06
6.48897 -2.76123 1.38595 7.13042e+06 7.23465e+06
6.5176 -2.59358 1.41738 7.13469e+06 7.23929e+06
6.54267 -2.42788 1.42396 7.13904e+06 7.24372e+06
6.56158 -2.30449 1.41347 7.14237e+06 7.24693e+06
6.59041 -2.13727 1.38664 7.14697e+06 7.25122e+06
6.6137 -2.01463 1.37959 7.15028e+06 7.25445e+06
6.64858 -1.84836 1.34847 7.15491e+06 7.25872e+06
6.68929 -1.68324 1.30964 7.15959e+06 7.26295e+06
6.72539 -1.55975 1.26317 7.16323e+06 7.26605e+06
6.7804 -1.40245 1.2055 7.16793e+06 7.27008e+06
6.82838 -1.28886 1.13677 7.17156e+06 7.27291e+06
6.90334 -1.14712 1.03199 7.17637e+06 7.2765e+06
6.99094 -1.01971 0.904944 7.18116e+06 7.27981e+06
7.06295 -0.935358 0.823377 7.18454e+06 7.28224e+06
7.17147 -0.829828 0.71947 7.18911e+06 7.2856e+06
7.28902 -0.736597 0.621562 7.19361e+06 7.28896e+06
7.38148 -0.676035 0.538282 7.19699e+06 7.29137e+06
7.50851 -0.608384 0.440385 7.20133e+06 7.29457e+06
7.64542 -0.552836 0.330486 7.20584e+06 7.2978e+06
7.75022 -0.520862 0.261771 7.20911e+06 7.30027e+06
7.89662 -0.488899 0.168148 7.21358e+06 7.30365e+06
8.00559 -0.472946 0.122564 7.21673e+06 7.30627e+06
8.15442 -0.459211 0.0614959 7.221e+06 7.30983e+06
8.29939 -0.453912 0.0115716 7.22509e+06 7.31334e+06
8.41182 -0.454596 -0.0237352 7.22824e+06 7.31608e+06
8.56329 -0.459769 -0.0445416 7.23233e+06 7.31993e+06
8.67485 -0.464607 -0.0421522 7.23524e+06 7.32287e+06
8.82551 -0.470722 -0.0389692 7.23917e+06 7.32684e+06
8.97836 -0.474275 -0.00751855 7.24299e+06 7.33103e+06
9.09765 -0.474111 0.0102793 7.24601e+06 7.33426e+06
9.2545 -0.470099 0.0408669 7.24994e+06 7.33855e+06
9.4105 -0.463606 0.0423277 7.25402e+06 7.34265e+06
9.52878 -0.459622 0.0250017 7.25722e+06 7.34565e+06
9.68605 -0.457597 0.00075942 7.26148e+06 7.34963e+06
9.84925 -0.457844 -0.00378828 7.26578e+06 7.35388e+06
9.97236 -0.456898 0.0191437 7.26887e+06 7.35724e+06
10.142 -0.451712 0.0420002 7.27318e+06 7.36182e+06
10.3071 -0.44352 0.0571535 7.27742e+06 7.36624e+06
10.4338 -0.436771 0.0492376 7.28079e+06 7.36952e+06
10.6003 -0.428949 0.0446841 7.28518e+06 7.37386e+06
10.767 -0.423804 0.0169996 7.28971e+06 7.37807e+06
10.8901 -0.42262 0.00223609 7.29302e+06 7.38121e+06
11.0598 -0.424081 -0.0194562 7.29759e+06 7.38553e+06
11.1867 -0.426509 -0.018805 7.30091e+06 7.38886e+06
11.3548 -0.430198 -0.0250741 7.30535e+06 7.39323e+06
11.5185 -0.434887 -0.0321929 7.30968e+06 7.39748e+06
11.6406 -0.439145 -0.0375308 7.31291e+06 7.40065e+06
11.8066 -0.445398 -0.0377996 7.31726e+06 7.405e+06
11.9679 -0.451383 -0.0363475 7.32148e+06 7.40924e+06
12.0906 -0.456329 -0.0442566 7.32474e+06 7.41241e+06
12.2536 -0.46364 -0.0453775 7.32902e+06 7.41668e+06
12.4214 -0.47157 -0.049076 7.33344e+06 7.42106e+06
12.5444 -0.476937 -0.0381382 7.3366e+06 7.42435e+06
12.7095 -0.483545 -0.0418325 7.34095e+06 7.42866e+06
12.8303 -0.488558 -0.0411714 7.34411e+06 7.43183e+06
12.9941 -0.495819 -0.0474337 7.34844e+06 7.43609e+06
13.1591 -0.501621 -0.0228564 7.35262e+06 7.44056e+06
13.285 -0.503433 -0.00592603 7.35582e+06 7.44396e+06
13.4519 -0.502587 0.0160784 7.36006e+06 7.44846e+06
13.6177 -0.499161 0.0252338 7.36435e+06 7.45286e+06
13.7459 -0.495608 0.0301665 7.36768e+06 7.45625e+06
13.9136 -0.490355 0.032465 7.37206e+06 7.46066e+06
14.0407 -0.486677 0.0254056 7.37543e+06 7.46395e+06
14.2092 -0.482635 0.0225627 7.37986e+06 7.46835e+06
14.3832 -0.478881 0.0205676 7.38443e+06 7.4729e+06
14.5091 -0.475656 0.030644 7.38767e+06 7.47626e+06
14.6773 -0.47175 0.0158077 7.39216e+06 7.48058e+06
14.8015 -0.470704 0.00104236 7.3955e+06 7.48375e+06
14.9754 -0.474196 -0.0412176 7.4003e+06 7.48806e+06
15.1472 -0.482264 -0.0526333 7.40487e+06 7.4925e+06
15.2769 -0.489838 -0.0639808 7.40834e+06 7.49584e+06
15.4488 -0.500723 -0.0625462 7.41284e+06 7.50036e+06
15.6215 -0.512235 -0.0705367 7.41742e+06 7.50485e+06
15.7468 -0.520348 -0.058746 7.42064e+06 7.50821e+06
15.9145 -0.530807 -0.0658716 7.42508e+06 7.51257e+06
16.0407 -0.539745 -0.0755004 7.42845e+06 7.51583e+06
16.2099 -0.554903 -0.10319 7.43306e+06 7.52012e+06
16.3758 -0.572536 -0.1086 7.43746e+06 7.52446e+06
16.5014 -0.586352 -0.110518 7.44078e+06 7.52776e+06
16.6703 -0.604388 -0.102226 7.44518e+06 7.53226e+06
16.8357 -0.621164 -0.099925 7.44952e+06 7.53663e+06
16.9595 -0.633803 -0.103553 7.4528e+06 7.53987e+06
17.1233 -0.651203 -0.108103 7.45714e+06 7.54416e+06
17.2853 -0.669922 -0.122075 7.46149e+06 7.54835e+06
17.4046 -0.684782 -0.125696 7.46466e+06 7.55148e+06
17.5662 -0.705931 -0.134527 7.46898e+06 7.5557e+06
17.6876 -0.721158 -0.115021 7.47207e+06 7.55902e+06
17.8489 -0.738556 -0.0998624 7.47623e+06 7.56336e+06
18.008 -0.753619 -0.088984 7.48035e+06 7.56761e+06
18.1309 -0.765817 -0.108888 7.4837e+06 7.57073e+06
18.2975 -0.785858 -0.130577 7.48822e+06 7.575e+06
18.42 -0.802815 -0.144485 7.49154e+06 7.57816e+06
18.5424 -0.821766 -0.162676 7.49489e+06 7.5813e+06
18.7031 -0.849015 -0.173221 7.49922e+06 7.58551e+06
18.8241 -0.870836 -0.1837 7.5025e+06 7.58867e+06
18.9788 -0.898293 -0.167677 7.50652e+06 7.59288e+06
19.0942 -0.917485 -0.161869 7.50955e+06 7.59598e+06
19.2447 -0.940634 -0.143268 7.51343e+06 7.60008e+06
19.389 -0.959195 -0.112662 7.51706e+06 7.60407e+06
19.4967 -0.969296 -0.0742847 7.51967e+06 7.60713e+06
19.6349 -0.973657 0.0111628 7.52279e+06 7.61125e+06
19.7686 -0.966096 0.101757 7.52577e+06 7.61529e+06
19.8633 -0.952852 0.176136 7.52784e+06 7.61823e+06
19.9802 -0.924737 0.295881 7.53029e+06 7.62208e+06
20.0878 -0.883201 0.441335 7.53246e+06 7.62595e+06
20.1597 -0.844073 0.555146 7.53394e+06 7.62876e+06
20.2407 -0.784182 0.717757 7.53563e+06 7.63235e+06
20.2911 -0.733582 0.858144 7.53668e+06 7.63504e+06
20.3434 -0.658182 1.0696 7.53785e+06 7.63868e+06
20.376 -0.577905 1.30077 7.53877e+06 7.6423e+06
20.3873 -0.517307 1.47287 7.53938e+06 7.64492e+06
20.3864 -0.439452 1.69207 7.54014e+06 7.64824e+06
20.37 -0.368033 1.90098 7.54084e+06 7.65138e+06
20.35 -0.320969 2.04483 7.54134e+06 7.65356e+06
20.3141 -0.264642 2.23148 7.542e+06 7.6564e+06
20.2797 -0.226553 2.37961 7.54248e+06 7.65861e+06
20.2252 -0.184006 2.57654 7.54314e+06 7.66157e+06
20.1633 -0.152168 2.7572 7.54391e+06 7.66445e+06
20.1093 -0.134129 2.88047 7.54468e+06 7.66666e+06
20.0284 -0.118344 3.01741 7.54604e+06 7.66962e+06
19.9647 -0.113227 3.10555 7.5472e+06 7.67181e+06
19.8782 -0.114586 -3.07411 7.54886e+06 7.67468e+06
19.787 -0.124568 -2.99116 7.55078e+06 7.67757e+06
19.7138 -0.137229 -2.9493 7.55248e+06 7.67976e+06
19.6154 -0.158679 -2.90492 7.55486e+06 7.68266e+06
19.5151 -0.184995 -2.86482 7.55734e+06 7.68561e+06
19.4355 -0.208531 -2.84354 7.55939e+06 7.68791e+06
19.3253 -0.243623 -2.82316 7.5623e+06 7.69106e+06
19.241 -0.272043 -2.8096 7.56455e+06 7.69347e+06
19.1254 -0.311649 -2.81323 7.56777e+06 7.69665e+06
19.0066 -0.350484 -2.83827 7.57119e+06 7.69978e+06
18.9182 -0.377467 -2.85213 7.57369e+06 7.70212e+06
18.798 -0.411238 -2.88317 7.57714e+06 7.70521e+06
18.6745 -0.442018 -2.91165 7.58064e+06 7.70838e+06
18.5778 -0.463721 -2.9298 7.58334e+06 7.71087e+06
18.4775 -0.483589 -2.96252 7.58621e+06 7.71336e+06
18.345 -0.50504 -2.99958 7.58994e+06 7.71666e+06
18.2105 -0.521675 -3.03749 7.59371e+06 7.71999e+06
18.1079 -0.530971 -3.06507 7.59657e+06 7.72253e+06
17.9698 -0.540529 -3.07986 7.60028e+06 7.72607e+06
17.8295 -0.547738 -3.10065 7.60408e+06 7.72963e+06
17.725 -0.551652 -3.10767 7.60686e+06 7.73233e+06
17.5809 -0.555474 -3.12247 7.61072e+06 7.73602e+06
17.4706 -0.556723 -3.13807 7.6137e+06 7.73882e+06
17.3215 -0.556655 3.13716 7.61765e+06 7.74268e+06
17.1627 -0.555523 3.13177 7.62184e+06 7.74681e+06
17.0047 -0.554763 -3.14139 7.62592e+06 7.75101e+06
16.8856 -0.554469 3.13646 7.62907e+06 7.7541e+06
16.7312 -0.553193 3.13021 7.63315e+06 7.75811e+06
16.609 -0.550954 3.11631 7.63643e+06 7.76123e+06
16.4469 -0.545302 3.0972 7.64079e+06 7.76537e+06
16.2839 -0.536571 3.07894 7.64517e+06 7.76954e+06
16.1615 -0.528088 3.06589 7.64846e+06 7.77268e+06
15.9929 -0.514841 3.06048 7.65292e+06 7.77708e+06
15.8166 -0.502004 3.07733 7.65745e+06 7.78181e+06
15.6854 -0.495241 3.10281 7.66074e+06 7.7854e+06
15.508 -0.490918 3.13166 7.66522e+06 7.79022e+06
15.3742 -0.491351 -3.12519 7.66857e+06 7.79388e+06
15.1925 -0.496017 -3.10664 7.67322e+06 7.79875e+06
15.0184 -0.503649 -3.08893 7.67768e+06 7.80342e+06
14.885 -0.51044 -3.09257 7.6812e+06 7.8069e+06
14.7064 -0.52002 -3.08343 7.68583e+06 7.81164e+06
14.5284 -0.529899 -3.08886 7.69053e+06 7.81628e+06
14.4007 -0.536845 -3.08564 7.69386e+06 7.81965e+06
14.2295 -0.545526 -3.0962 7.69841e+06 7.82408e+06
14.1016 -0.551489 -3.09384 7.70175e+06 7.82745e+06
13.9246 -0.559919 -3.09413 7.70639e+06 7.83209e+06
13.7511 -0.570154 -3.07128 7.71081e+06 7.83678e+06
13.6174 -0.580011 -3.06464 7.71428e+06 7.84033e+06
13.4434 -0.594532 -3.05207 7.71878e+06 7.84498e+06
13.2654 -0.609564 -3.06264 7.72352e+06 7.8496e+06
13.135 -0.61936 -3.07056 7.72699e+06 7.85298e+06
12.9591 -0.629353 -3.09912 7.73177e+06 7.85743e+06
12.8288 -0.634149 -3.11047 7.73525e+06 7.86078e+06
12.6487 -0.63865 -3.12275 7.74004e+06 7.86543e+06
12.4712 -0.642425 -3.1179 7.74466e+06 7.87011e+06
12.3372 -0.645126 -3.12497 7.74821e+06 7.87358e+06
12.1614 -0.647947 -3.12611 7.75282e+06 7.87818e+06
11.9786 -0.649654 -3.1384 7.75768e+06 7.8829e+06
11.8444 -0.65024 -3.13605 7.76118e+06 7.88643e+06
11.6638 -0.650905 -3.13977 7.76593e+06 7.89114e+06
11.5291 -0.651714 -3.13142 7.76941e+06 7.89472e+06
11.3462 -0.654174 -3.12486 7.77416e+06 7.89955e+06
11.1703 -0.657696 -3.11829 7.77873e+06 7.9042e+06
11.0358 -0.659952 -3.13136 7.78233e+06 7.90765e+06
10.8546 -0.660615 3.13868 7.78715e+06 7.91232e+06
10.6681 -0.659005 3.12724 7.7921e+06 7.91714e+06
10.5324 -0.657566 3.13473 7.79561e+06 7.92074e+06
10.3486 -0.656986 -3.14104 7.80038e+06 7.9256e+06
10.1665 -0.659087 -3.11906 7.80502e+06 7.9305e+06
10.0303 -0.662493 -3.11414 7.80856e+06 7.9341e+06
9.85476 -0.667739 -3.10929 7.81313e+06 7.93873e+06
9.7208 -0.670676 -3.13006 7.81676e+06 7.94212e+06
9.54748 -0.670571 3.12885 7.82144e+06 7.94652e+06
9.36812 -0.666108 3.10458 7.82628e+06 7.95108e+06
9.23439 -0.661657 3.11207 7.82974e+06 7.95463e+06
9.05292 -0.657283 3.12291 7.83443e+06 7.95945e+06
8.91932 -0.655574 3.13469 7.83786e+06 7.96302e+06
8.73647 -0.653971 3.13097 7.84267e+06 7.96779e+06
8.55935 -0.651609 3.12554 7.84734e+06 7.9724e+06
8.42673 -0.648386 3.10905 7.85091e+06 7.97578e+06
8.2539 -0.64229 3.10363 7.85547e+06 7.98028e+06
8.11734 -0.637088 3.10341 7.85905e+06 7.98386e+06
7.94218 -0.632324 3.1254 7.86351e+06 7.98858e+06
7.76716 -0.62969 3.12768 7.86808e+06 7.99318e+06
7.59158 -0.626922 3.12397 7.8727e+06 7.99776e+06
7.45382 -0.62318 3.1049 7.87642e+06 8.00126e+06
7.28026 -0.61619 3.09777 7.88101e+06 8.00577e+06
7.15005 -0.609851 3.08813 7.88448e+06 8.00913e+06
6.97521 -0.601597 3.1007 7.88899e+06 8.01379e+06
6.79341 -0.595613 3.11668 7.89366e+06 8.01865e+06
6.66325 -0.593584 3.13532 7.89696e+06 8.02217e+06
6.48593 -0.592826 3.13932 7.90158e+06 8.02684e+06
6.30593 -0.592622 -3.14159 7.90628e+06 8.03157e+06
6.17003 -0.592607 3.14138 7.90984e+06 8.03513e+06
5.99272 -0.594442 -3.12068 7.91436e+06 8.0399e+06
5.8582 -0.597991 -3.10976 7.91782e+06 8.04349e+06
5.68274 -0.605209 -3.0912 7.92231e+06 8.0482e+06
5.50562 -0.613585 -3.09748 7.92699e+06 8.05281e+06
5.3763 -0.618614 -3.10797 7.93044e+06 8.05614e+06
5.20397 -0.621949 -3.13652 7.93512e+06 8.06049e+06
5.03467 -0.620826 3.12326 7.93969e+06 8.06479e+06
4.90264 -0.616694 3.09734 7.9433e+06 8.0681e+06
4.73178 -0.605655 3.0568 7.94802e+06 8.07235e+06
4.60559 -0.591915 3.00948 7.95162e+06 8.0754e+06
4.44214 -0.563651 2.93125 7.95642e+06 8.07929e+06
4.2753 -0.518854 2.82731 7.96155e+06 8.08321e+06
4.11425 -0.459052 2.74479 7.96653e+06 8.08723e+06
3.99827 -0.406058 2.68118 7.97024e+06 8.0902e+06
3.85018 -0.325983 2.61066 7.97506e+06 8.0942e+06
3.74254 -0.258344 2.55048 7.97874e+06 8.09718e+06
3.60931 -0.163419 2.49453 7.98335e+06 8.10114e+06
3.48353 -0.0603242 2.41545 7.98807e+06 8.10494e+06
3.39696 0.0220411 2.34672 7.9916e+06 8.10767e+06
3.29199 0.140972 2.24109 7.99637e+06 8.11121e+06
3.20265 0.263639 2.15946 8.00082e+06 8.11471e+06
3.14203 0.359905 2.10616 8.00411e+06 8.11738e+06
3.07065 0.486636 2.06137 8.00818e+06 8.12093e+06
3.00836 0.610856 2.00974 8.01212e+06 8.12427e+06
2.96886 0.697317 1.98903 8.01473e+06 8.12664e+06
2.92219 0.805448 1.96742 8.01794e+06 8.1296e+06
2.89202 0.878899 1.95359 8.0201e+06 8.1316e+06
2.85938 0.959995 1.95344 8.02239e+06 8.13389e+06
2.83971 1.00804 1.96535 8.02368e+06 8.13532e+06
2.82052 1.05277 1.98669 8.02483e+06 8.13672e+06
2.80857 1.07921 2.00378 8.02549e+06 8.13758e+06
2.80294 1.09133 2.00719 8.02582e+06 8.13795e+06
2.79719 1.1036 2.01145 8.02615e+06 8.13833e+06
2.79252 1.11342 2.01743 8.0264e+06 8.13865e+06
2.78979 1.1191 2.0217 8.02654e+06 8.13884e+06
2.78704 1.12476 2.02426 8.02669e+06 8.13902e+06
2.78553 1.12785 2.02597 8.02677e+06 8.13912e+06
2.78503 1.12888 2.02597 8.0268e+06 8.13915e+06
2.78503 1.12888 2.02597 8.0268e+06 8.13915e+06
2.78528 1.12836 2.02511 8.02679e+06 8.13913e+06
2.78561 1.12768 2.02511 8.02677e+06 8.13911e+06
2.78561 1.12768 2.02511 8.02677e+06 8.13911e+06
2.78544 1.12802 2.02511 8.02678e+06 8.13912e+06
2.78544 1.12802 2.02511 8.02678e+06 8.13912e+06
2.78544 1.12802 2.02511 8.02678e+06 8.13912e+06
2.78544 1.12802 2.02511 8.02678e+06 8.13912e+06
2.78544 1.12802 2.02511 8.02678e+06 8.13912e+06
2.78544 1.12802 2.02511 8.02678e+06 8.13912e+06
2.78544 1.12802 2.02511 8.02678e+06 8.13912e+06
2.78544 1.12802 2.02511 8.02678e+06 8.13912e+06
2.78544 1.12802 2.02511 8.02678e+06 8.13912e+06
2.78544 1.12802 2.02511 8.02678e+06 8.13912e+06
2.78544 1.12802 2.02511 8.02678e+06 8.13912e+06
2.78544 1.12802 2.02511 8.02678e+06 8.13912e+06
2.78544 1.12802 2.02511 8.02678e+06 8.13912e+06
2.78544 1.12802 2.02511 8.02678e+06 8.13912e+06
2.78544 1.12802 2.02511 8.02678e+06 8.13912e+06
2.78544 1.12802 2.02511 8.02678e+06 8.13912e+06
2.78544 1.12802 2.02511 8.02678e+06 8.13912e+06
2.78544 1.12802 2.02511 8.02678e+06 8.13912e+06
2.78544 1.12802 2.02511 8.02678e+06 8.13912e+06
2.78544 1.12802 2.02511 8.02678e+06 8.13912e+06
2.78544 1.12802 2.02511 8.02678e+06 8.13912e+06
2.78544 1.12802 2.02511 8.02678e+06 8.13912e+06
2.78544 1.12802 2.02511 8.02678e+06 8.13912e+06
2.78544 1.12802 2.02511 8.02678e+06 8.13912e+06
