0.070295 -0.00101406 -0.0288495
0.161296 -0.00572446 -0.074582
0.237126 -0.0130015 -0.116765
0.331363 -0.026243 -0.16243
0.40599 -0.0398363 -0.197925
0.508621 -0.0633913 -0.253284
0.589597 -0.0861427 -0.294521
0.694933 -0.120409 -0.334494
0.782221 -0.151858 -0.357133
0.872858 -0.185846 -0.360398
0.941987 -0.211246 -0.343823
1.03931 -0.243915 -0.303865
1.13849 -0.27213 -0.250453
1.23751 -0.294179 -0.187753
1.33762 -0.31007 -0.12709
1.46136 -0.322062 -0.0661298
1.556 -0.325659 -0.00984952
1.62668 -0.324837 0.0331029
1.7378 -0.318009 0.0896286
1.82383 -0.308452 0.131656
1.92533 -0.292101 0.187803
2 -0.276392 0.226859
2.08795 -0.253946 0.27293
2.15459 -0.233971 0.309459
2.22839 -0.208669 0.351205
2.28411 -0.187197 0.384397
2.33479 -0.165778 0.415369
2.39496 -0.137909 0.452017
2.44804 -0.111181 0.481078
2.48766 -0.0900298 0.499453
2.54273 -0.05946 0.514097
2.59164 -0.0324274 0.495848
2.63914 -0.00791234 0.456911
2.70691 0.0226677 0.390906
2.76887 0.0461504 0.333629
2.8538 0.0723228 0.264242
2.92847 0.0899317 0.198935
3.02661 0.104824 0.102242
3.10366 0.10972 0.0246825
3.20675 0.106166 -0.0935996
3.28861 0.0943456 -0.193228
3.38939 0.0680573 -0.317135
3.46836 0.037344 -0.424662
3.56165 -0.0127185 -0.560391
3.63025 -0.0610101 -0.666381
3.70868 -0.13132 -0.795323
3.75225 -0.178946 -0.864298
3.80738 -0.249435 -0.949935
3.86932 -0.345381 -1.04505
3.91397 -0.427471 -1.10032
3.96662 -0.537108 -1.14582
4.00801 -0.631793 -1.1716
4.06627 -0.777431 -1.20892
4.12272 -0.935381 -1.2462
4.14901 -1.01636 -1.26751
4.19115 -1.15887 -1.29907
4.22335 -1.27535 -1.30319
4.26535 -1.42785 -1.30086
4.30129 -1.55371 -1.28448
4.3497 -1.71254 -1.26537
4.39069 -1.83795 -1.24445
4.43596 -1.96958 -1.23466
4.48276 -2.1034 -1.23406
4.52946 -2.23752 -1.23747
4.58854 -2.40704 -1.23342
4.62519 -2.5099 -1.22361
4.67746 -2.65194 -1.21271
4.7447 -2.82686 -1.19495
4.80056 -2.96447 -1.17543
4.87793 -3.1404 -1.13749
4.94407 -3.27916 -1.11449
5.03046 -3.45188 -1.09949
5.09996 -3.5875 -1.09508
5.18623 -3.75562 -1.09829
5.25174 -3.88569 -1.11012
5.32709 -4.04311 -1.13861
5.38105 -4.16426 -1.16503
5.44144 -4.31099 -1.19564
5.48476 -4.4238 -1.21266
5.52364 -4.5296 -1.22463
5.57082 -4.66232 -1.23386
5.5968 -4.73642 -1.23323
5.62891 -4.82829 -1.23589
5.65704 -4.91021 -1.24408
5.68182 -4.98413 -1.25071
5.70172 -5.044 -1.24899
5.71822 -5.09289 -1.24157
5.7368 -5.14629 -1.23033
5.75186 -5.1884 -1.22437
5.77233 -5.24451 -1.21783
5.79196 -5.29724 -1.21082
5.82172 -5.3738 -1.18936
5.85125 -5.44463 -1.16209
5.89547 -5.54055 -1.11574
5.93604 -5.61993 -1.08066
5.98267 -5.70363 -1.04436
6.03661 -5.79228 -1.00423
6.09456 -5.87961 -0.965537
6.16948 -5.98231 -0.915473
6.23531 -6.0644 -0.874375
6.32153 -6.16422 -0.842346
6.39109 -6.23979 -0.811201
6.46296 -6.31378 -0.788672
6.55413 -6.40665 -0.800694
6.60834 -6.46304 -0.809294
6.67985 -6.53893 -0.82097
6.76542 -6.63331 -0.847613
6.85219 -6.73268 -0.858394
6.92164 -6.81337 -0.86198
7.00705 -6.91124 -0.844455
7.05896 -6.96803 -0.816337
7.15209 -7.062 -0.76336
7.23086 -7.13327 -0.707487
7.35747 -7.23 -0.597386
7.4939 -7.31198 -0.484701
7.63618 -7.37827 -0.387289
7.78525 -7.43337 -0.320917
7.85922 -7.45663 -0.28818
8.00797 -7.49318 -0.19375
8.132 -7.51037 -0.0817615
8.22477 -7.51274 0.0308504
8.29476 -7.50653 0.146017
8.39786 -7.4806 0.346797
8.47444 -7.44596 0.502699
8.56341 -7.38712 0.665975
8.63232 -7.32721 0.765355
8.69945 -7.2578 0.838798
8.78009 -7.16316 0.891458
8.84571 -7.08179 0.892741
8.89553 -7.02029 0.88728
8.94587 -6.95918 0.876094
9.01621 -6.87673 0.852825
9.08951 -6.79442 0.833675
9.14689 -6.732 0.82134
9.22586 -6.64899 0.799299
9.307 -6.56687 0.783473
9.38778 -6.48745 0.77039
9.46978 -6.41015 0.741366
9.5532 -6.33574 0.715372
9.66062 -6.24532 0.684015
9.74865 -6.17439 0.672411
9.86045 -6.08366 0.69108
9.95315 -6.00575 0.706782
10.0668 -5.90595 0.733967
10.1594 -5.82209 0.737855
10.2775 -5.71666 0.719769
10.3786 -5.63097 0.686517
10.5102 -5.52829 0.639002
10.6189 -5.45014 0.607579
10.7033 -5.39323 0.578479
10.8418 -5.30625 0.542987
10.9568 -5.23986 0.504336
11.1035 -5.16238 0.467414
11.2304 -5.10054 0.439575
11.3529 -5.04403 0.425187
11.4782 -4.98825 0.411977
11.601 -4.93532 0.402277
11.7543 -4.87151 0.386641
11.8747 -4.82398 0.364923
12.0302 -4.76825 0.323503
12.1579 -4.72859 0.278915
12.3218 -4.68724 0.215132
12.4515 -4.66196 0.169921
12.6153 -4.63959 0.101634
12.751 -4.62997 0.0398626
12.883 -4.62977 -0.0367638
13.0515 -4.64452 -0.137902
13.1822 -4.6687 -0.228036
13.3451 -4.71584 -0.335116
13.4405 -4.75219 -0.393673
13.5623 -4.80775 -0.461749
13.7091 -4.88775 -0.536435
13.8241 -4.96009 -0.586759
13.9627 -5.05928 -0.655099
14.0695 -5.14534 -0.70157
14.1971 -5.26038 -0.765793
14.2973 -5.36018 -0.800669
14.4174 -5.48859 -0.837159
14.5115 -5.5954 -0.860454
14.627 -5.73604 -0.905987
14.6947 -5.8251 -0.93563
14.7825 -5.94869 -0.97015
14.8853 -6.10202 -0.990484
14.9511 -6.20381 -1.00325
15.0349 -6.33684 -1.01414
15.116 -6.46831 -1.02191
15.2159 -6.63325 -1.03055
15.296 -6.76881 -1.04339
15.3957 -6.94304 -1.0591
15.4742 -7.08406 -1.06617
15.5334 -7.19175 -1.07075
15.6078 -7.32907 -1.0781
15.6832 -7.47106 -1.08654
15.7556 -7.60855 -1.08607
15.83 -7.75021 -1.0883
15.9227 -7.92918 -1.0975
16.0163 -8.11377 -1.10527
16.0889 -8.25919 -1.10983
16.1814 -8.44668 -1.11535
16.2357 -8.55825 -1.12105
16.3055 -8.70363 -1.12527
16.3894 -8.88243 -1.13837
16.4512 -9.01907 -1.15398
16.5254 -9.19445 -1.18751
16.5793 -9.33196 -1.20683
16.6408 -9.50027 -1.23385
16.6882 -9.63929 -1.25077
16.7447 -9.81331 -1.26261
16.789 -9.95177 -1.25953
16.8458 -10.1279 -1.25794
16.8796 -10.2317 -1.25559
16.9259 -10.3736 -1.25436
16.983 -10.5445 -1.2425
17.0286 -10.6781 -1.24091
17.084 -10.8389 -1.23708
17.1277 -10.966 -1.24225
17.1701 -11.0895 -1.23782
17.2118 -11.2109 -1.24164
17.2548 -11.3348 -1.23289
17.3097 -11.4854 -1.20935
17.3567 -11.6049 -1.1825
17.4178 -11.7468 -1.14636
17.4571 -11.8322 -1.1331
17.5115 -11.9468 -1.12174
17.5805 -12.0885 -1.11313
17.638 -12.2034 -1.10107
17.7134 -12.3501 -1.09083
17.7772 -12.4737 -1.09775
17.8552 -12.6313 -1.12442
17.9157 -12.7606 -1.14195
17.9989 -12.9492 -1.16848
18.05 -13.0725 -1.18757
18.1064 -13.2187 -1.21787
18.1482 -13.3356 -1.23759
18.1766 -13.4193 -1.24844
18.2119 -13.5293 -1.27248
18.2364 -13.6109 -1.2858
18.2591 -13.6899 -1.29716
18.2863 -13.7913 -1.31901
18.3167 -13.9155 -1.34266
18.3385 -14.0111 -1.35074
18.3534 -14.0797 -1.36386
18.3763 -14.1948 -1.38533
18.3929 -14.2854 -1.39245
18.4141 -14.4028 -1.39213
18.4274 -14.4751 -1.38683
18.4423 -14.5511 -1.36681
18.4642 -14.6511 -1.34328
18.4955 -14.7813 -1.32694
18.5216 -14.8834 -1.31381
18.5616 -15.0371 -1.31783
18.5948 -15.1712 -1.33903
18.6193 -15.2812 -1.3647
18.6453 -15.4232 -1.41388
18.6617 -15.5388 -1.44695
18.6778 -15.714 -1.51065
18.683 -15.8571 -1.55903
18.6809 -15.9726 -1.61813
18.6674 -16.1158 -1.71163
18.6517 -16.2041 -1.78323
18.6217 -16.3153 -1.88451
18.5805 -16.4222 -1.99409
18.5273 -16.5251 -2.10142
18.4467 -16.6465 -2.21219
18.3746 -16.7348 -2.29856
18.2956 -16.8171 -2.37285
18.21 -16.8943 -2.44245
18.095 -16.9849 -2.50689
17.9976 -17.054 -2.54187
17.8941 -17.1231 -2.56336
17.7886 -17.19 -2.5894
17.6505 -17.2715 -2.62762
17.5395 -17.3319 -2.6598
17.3929 -17.4053 -2.69426
17.2752 -17.4607 -2.70885
17.1209 -17.5308 -2.72236
16.9949 -17.5868 -2.72418
16.8352 -17.6582 -2.71734
16.7087 -17.7169 -2.69732
16.5531 -17.7929 -2.67741
16.4284 -17.857 -2.6568
16.3381 -17.905 -2.64813
16.1824 -17.9917 -2.61926
16.0618 -18.062 -2.60831
15.9113 -18.1513 -2.60327
15.7914 -18.2217 -2.61851
15.6433 -18.3054 -2.63589
15.525 -18.3689 -2.66193
15.4046 -18.4296 -2.68768
15.2249 -18.511 -2.7448
15.0734 -18.5704 -2.79138
14.9496 -18.6116 -2.84774
14.7949 -18.6527 -2.91679
14.6685 -18.6768 -2.98895
14.5755 -18.6885 -3.04387
14.4138 -18.6961 3.13781
14.2854 -18.6902 3.05255
14.158 -18.6732 2.96603
14.0631 -18.6534 2.90543
13.9406 -18.6191 2.83102
13.8225 -18.5759 2.75208
13.6776 -18.5085 2.65936
13.5705 -18.4466 2.57611
13.4469 -18.3592 2.47579
13.3757 -18.3 2.42044
13.2879 -18.2177 2.35729
13.2244 -18.1516 2.31505
13.1401 -18.0563 2.27491
13.041 -17.9352 2.2379
12.9458 -17.8094 2.19997
12.8743 -17.7084 2.17368
12.7866 -17.5757 2.1355
12.735 -17.4932 2.12344
12.6698 -17.3841 2.09598
12.5896 -17.2415 2.06997
12.5276 -17.1247 2.04845
12.4674 -17.007 2.03833
12.4071 -16.8872 2.03529
12.3474 -16.7664 2.02505
12.287 -16.6426 2.02311
12.2269 -16.5172 2.01333
12.1663 -16.3901 2.01804
12.1044 -16.2613 2.0198
12.0418 -16.1323 2.02423
11.9784 -16.0029 2.02905
11.8796 -15.8085 2.05325
11.7937 -15.6478 2.06945
11.7199 -15.5157 2.0912
11.623 -15.3504 2.11099
11.5418 -15.2198 2.14344
11.457 -15.0911 2.16284
11.3687 -14.9625 2.18226
11.2772 -14.834 2.19746
11.1601 -14.676 2.21914
11.0613 -14.5469 2.2292
10.9375 -14.3882 2.23761
10.8361 -14.2616 2.25476
10.7611 -14.1711 2.27053
10.6262 -14.0147 2.29392
10.519 -13.8954 2.31254
10.3787 -13.7475 2.34753
10.2924 -13.6616 2.36837
10.1726 -13.548 2.39752
10.0515 -13.4395 2.42422
9.9 -13.3111 2.45302
9.77711 -13.2116 2.46862
9.62438 -13.0909 2.47727
9.53341 -13.0202 2.48444
9.41552 -12.9302 2.49444
9.26961 -12.8216 2.50968
9.15505 -12.7384 2.51632
9.01314 -12.6364 2.52083
8.90464 -12.5572 2.50083
8.82261 -12.4941 2.47138
8.71676 -12.4056 2.41925
8.61763 -12.3124 2.35514
8.54765 -12.2388 2.30604
8.46269 -12.1395 2.25133
8.36576 -12.0113 2.18496
8.31149 -11.9323 2.16046
8.24705 -11.8309 2.11285
8.16029 -11.6689 2.01218
8.08637 -11.4964 1.93925
8.04211 -11.3754 1.9038
7.99999 -11.2497 1.88428
7.94879 -11.0899 1.87758
7.89333 -10.9228 1.90493
7.84527 -10.7911 1.93646
7.77734 -10.6259 1.98511
7.71709 -10.4964 2.02759
7.66854 -10.4015 2.06016
7.5839 -10.2469 2.08317
7.51423 -10.1237 2.08737
7.41691 -9.93601 2.01111
7.37433 -9.83758 1.94706
7.31393 -9.63395 1.7712
7.29263 -9.45597 1.6086
7.29679 -9.31348 1.47471
7.33695 -9.10802 1.28079
7.37063 -9.01192 1.18677
7.44103 -8.86796 1.04505
7.51203 -8.75909 0.940803
7.56752 -8.68791 0.876453
7.66416 -8.57881 0.815368
7.73979 -8.49581 0.848302
7.82066 -8.39798 0.911692
7.8774 -8.32161 0.9518
7.94111 -8.22728 1.00185
7.98659 -8.15316 1.03907
8.02795 -8.07993 1.07422
8.06774 -8.00428 1.09904
8.10684 -7.92675 1.10837
8.17028 -7.80178 1.09365
8.23143 -7.68909 1.05365
8.28537 -7.59892 1.00966
8.32922 -7.5318 0.974659
8.40988 -7.4192 0.923691
8.47677 -7.33387 0.888282
8.54843 -7.24889 0.8521
8.64538 -7.14148 0.82105
8.72737 -7.05594 0.792042
8.81391 -6.9703 0.768288
8.90391 -6.88477 0.751557
8.99678 -6.8001 0.726913
9.13917 -6.67575 0.708812
9.21113 -6.61474 0.697702
9.3336 -6.51134 0.704712
9.43411 -6.42578 0.705742
9.56178 -6.31691 0.70641
9.66449 -6.2301 0.696913
9.79313 -6.12305 0.691225
9.89881 -6.03585 0.688597
10.0285 -5.93001 0.680256
10.1255 -5.85226 0.671668
10.2563 -5.7512 0.643998
10.3616 -5.67355 0.626499
10.4983 -5.57836 0.589581
10.6116 -5.50465 0.564525
10.7538 -5.41864 0.523552
10.8387 -5.37054 0.507059
10.9558 -5.30777 0.476822
11.0444 -5.26358 0.448927
11.1648 -5.20783 0.418264
11.2871 -5.15579 0.386388
11.4113 -5.10726 0.358478
11.5714 -5.05101 0.31741
11.6987 -5.01184 0.27939
11.7967 -4.98531 0.249266
11.9599 -4.94862 0.193066
12.0971 -4.92624 0.13039
12.3003 -4.90919 0.0370187
12.4717 -4.9097 -0.0430609
12.6051 -4.91966 -0.105979
12.7372 -4.93847 -0.177043
12.902 -4.975 -0.259192
13.0295 -5.013 -0.319824
13.1866 -5.07106 -0.388288
13.3048 -5.12334 -0.44441
13.4536 -5.20093 -0.517271
13.5648 -5.26749 -0.560835
13.6991 -5.35753 -0.620792
13.8052 -5.43658 -0.659474
13.9594 -5.5652 -0.731095
14.0841 -5.68215 -0.775237
14.1795 -5.77961 -0.816954
14.2501 -5.85642 -0.839086
14.3623 -5.9859 -0.87435
14.4483 -6.09066 -0.892017
14.512 -6.17052 -0.904065
14.6191 -6.31114 -0.934897
14.6825 -6.3984 -0.949974
14.7647 -6.51567 -0.969066
14.8664 -6.66612 -0.983759
14.9283 -6.76008 -0.993668
15.0076 -6.88312 -1.00267
15.1065 -7.03978 -1.01218
15.1638 -7.13173 -1.01585
15.2426 -7.26018 -1.02466
15.3401 -7.42251 -1.03574
15.4184 -7.55597 -1.04422
15.5139 -7.72144 -1.05084
15.5919 -7.8592 -1.05972
15.6864 -8.03133 -1.07801
15.7575 -8.1662 -1.09291
15.8451 -8.33911 -1.11111
15.9128 -8.47807 -1.12389
15.9619 -8.58155 -1.1314
16.0395 -8.74715 -1.13359
16.1006 -8.87839 -1.1362
16.1605 -9.00857 -1.14342
16.2173 -9.1367 -1.16324
16.2715 -9.26605 -1.18524
16.3355 -9.43286 -1.22336
16.3831 -9.56836 -1.24307
16.4391 -9.74036 -1.26853
16.4818 -9.8796 -1.27807
16.5319 -10.0533 -1.30244
16.5709 -10.1977 -1.31086
16.6192 -10.3774 -1.30588
16.6609 -10.5187 -1.26159
16.7235 -10.6906 -1.18182
16.7696 -10.793 -1.11392
16.842 -10.9222 -1.00515
16.9775 -11.0965 -0.815727
17.1167 -11.2184 -0.622653
17.2408 -11.2931 -0.460647
17.338 -11.3336 -0.329497
17.5411 -11.3714 -0.0378818
17.7414 -11.3452 0.297309
17.8853 -11.2766 0.592338
17.9817 -11.1936 0.830332
18.0695 -11.0652 1.1116
18.1035 -10.9803 1.26842
18.1283 -10.8626 1.4578
18.1298 -10.707 1.66387
18.1092 -10.5831 1.80798
18.0589 -10.4296 1.96689
18.0032 -10.3136 2.07007
17.9336 -10.1968 2.14599
17.8584 -10.0879 2.204
17.7782 -9.982 2.23383
17.6971 -9.88039 2.25539
17.5649 -9.71777 2.25142
17.4533 -9.57884 2.24328
17.3651 -9.46602 2.22615
17.2799 -9.35492 2.22284
17.1933 -9.23913 2.2038
17.11 -9.12466 2.1952
17.0143 -8.98839 2.17098
16.9414 -8.88091 2.16288
16.8487 -8.74103 2.14951
16.776 -8.63 2.15108
16.7206 -8.54581 2.15512
16.6268 -8.40541 2.1645
16.5491 -8.29192 2.17719
16.4692 -8.17629 2.17363
16.3867 -8.05571 2.16826
16.3021 -7.92889 2.15055
16.2178 -7.7999 2.14808
16.1352 -7.67109 2.13393
16.0553 -7.54411 2.13137
15.9749 -7.4149 2.12376
15.8752 -7.25362 2.12482
15.7978 -7.12538 2.10225
15.7248 -6.99883 2.08677
15.6171 -6.8046 2.0674
15.5302 -6.64602 2.07643
15.4578 -6.51757 2.09164
15.3655 -6.3616 2.11851
15.2871 -6.23688 2.14544
15.1855 -6.08447 2.17183
15.1055 -5.96958 2.1873
14.9946 -5.81561 2.20224
14.9281 -5.7261 2.21787
14.838 -5.60999 2.2431
14.7444 -5.49504 2.26552
14.6242 -5.35414 2.28849
14.5242 -5.24171 2.30736
14.3918 -5.09852 2.32654
14.2824 -4.98472 2.3464
14.1456 -4.84882 2.37239
14.0296 -4.74105 2.4142
13.8764 -4.61276 2.47452
13.7468 -4.51618 2.52758
13.5738 -4.4037 2.60279
13.3891 -4.30408 2.69106
13.1915 -4.21928 2.78127
13.0246 -4.16465 2.86927
12.8964 -4.13311 2.93137
12.766 -4.11064 3.01052
12.6329 -4.09788 3.08157
12.4105 -4.0979 -3.08142
12.2706 -4.11131 -3.01061
12.137 -4.1335 -2.94348
12.0042 -4.16491 -2.87521
11.8304 -4.21992 -2.7949
11.6263 -4.30428 -2.70432
11.4654 -4.38625 -2.63657
11.2469 -4.52099 -2.54134
11.0777 -4.64197 -2.50078
10.942 -4.7432 -2.50008
10.7731 -4.86669 -2.52042
10.6336 -4.96509 -2.53456
10.46 -5.08322 -2.55357
10.3228 -5.17498 -2.55037
10.1558 -5.28825 -2.54118
10.0584 -5.35573 -2.53039
9.93332 -5.44402 -2.52312
9.77453 -5.55731 -2.52064
9.65148 -5.6441 -2.53399
9.47072 -5.76273 -2.58763
9.31375 -5.85401 -2.64215
9.19023 -5.91647 -2.70463
9.09623 -5.95775 -2.75112
8.93809 -6.01487 -2.8388
8.84252 -6.04196 -2.89202
8.71524 -6.07066 -2.9476
8.5583 -6.09694 -3.00372
8.43507 -6.11282 -3.02316
8.28429 -6.13155 -3.01289
8.16597 -6.14927 -2.9729
8.04885 -6.17285 -2.91289
7.90725 -6.21108 -2.84288
7.79306 -6.24862 -2.80518
7.65209 -6.30058 -2.77172
7.55773 -6.34267 -2.67226
7.48412 -6.38378 -2.5923
7.34334 -6.48528 -2.44155
7.21502 -6.60617 -2.33042
7.11288 -6.72189 -2.25743
7.03385 -6.82499 -2.19221
6.94453 -6.96435 -2.08927
6.88357 -7.08321 -2.00024
6.82403 -7.24258 -1.8564
6.79291 -7.37557 -1.74493
6.77441 -7.55088 -1.60692
6.77535 -7.69128 -1.52125
6.79124 -7.8739 -1.44681
6.8073 -7.98556 -1.40905
6.83345 -8.13102 -1.37674
6.86383 -8.27556 -1.35058
6.89667 -8.42041 -1.34517
6.92979 -8.56532 -1.34702
6.97021 -8.74556 -1.35335
7.0023 -8.88682 -1.34146
7.04665 -9.07056 -1.3264
7.08468 -9.21573 -1.30283
7.11531 -9.32355 -1.2851
7.17156 -9.49805 -1.23279
7.22433 -9.63768 -1.1862
7.29924 -9.80843 -1.12858
7.36323 -9.94004 -1.1078
7.44628 -10.1027 -1.0896
7.49798 -10.2017 -1.08992
7.56548 -10.3322 -1.09675
7.61411 -10.4281 -1.10603
7.69383 -10.5877 -1.10894
7.75721 -10.7129 -1.09556
7.82274 -10.8374 -1.07754
7.89083 -10.9599 -1.04898
7.9606 -11.0785 -1.02931
8.05376 -11.2281 -0.998193
8.13112 -11.3457 -0.980112
8.23191 -11.4922 -0.956236
8.31659 -11.6095 -0.934582
8.40453 -11.7248 -0.903589
8.49565 -11.8365 -0.869199
8.59338 -11.9487 -0.839528
8.71735 -12.0825 -0.807599
8.82325 -12.1911 -0.788083
8.95478 -12.3213 -0.772739
9.06016 -12.4246 -0.778341
9.16276 -12.5271 -0.791467
9.26501 -12.6335 -0.818673
9.33884 -12.7144 -0.844221
9.43535 -12.8279 -0.887613
9.54678 -12.9726 -0.941593
9.6339 -13.0971 -0.978771
9.75295 -13.2847 -1.0321
9.8289 -13.4159 -1.05968
9.89906 -13.5453 -1.08822
9.98397 -13.7099 -1.10089
10.0517 -13.8449 -1.11048
10.1189 -13.9797 -1.10667
10.1883 -14.1188 -1.10879
10.275 -14.291 -1.10054
10.3452 -14.4288 -1.09799
10.4336 -14.5991 -1.08652
10.5073 -14.7381 -1.08002
10.5992 -14.9079 -1.06896
10.6737 -15.0427 -1.06377
10.7627 -15.2034 -1.06608
10.8342 -15.3332 -1.0675
10.9427 -15.529 -1.06265
10.9975 -15.6264 -1.05396
11.0898 -15.7875 -1.04707
11.1655 -15.9168 -1.03471
11.2627 -16.0803 -1.03486
11.341 -16.2117 -1.03144
11.4001 -16.3105 -1.03155
11.4982 -16.4732 -1.02526
11.5571 -16.5707 -1.02914
11.6343 -16.7003 -1.03865
11.7308 -16.8689 -1.06245
11.8061 -17.0052 -1.06931
11.8975 -17.1748 -1.08456
11.9508 -17.276 -1.08716
12.0219 -17.4137 -1.10057
12.1083 -17.5825 -1.09516
12.1776 -17.7153 -1.08522
12.2678 -17.879 -1.04896
12.3514 -18.0177 -1.00758
12.4635 -18.1791 -0.919109
12.5952 -18.3335 -0.810986
12.7421 -18.4699 -0.685061
12.8389 -18.5431 -0.61121
12.9749 -18.6291 -0.515733
13.1188 -18.7035 -0.438946
13.3061 -18.7809 -0.344756
13.4622 -18.8311 -0.277404
13.6211 -18.8699 -0.202064
13.7801 -18.8966 -0.130541
13.9427 -18.912 -0.0576943
14.1086 -18.9154 0.0161883
14.2698 -18.9072 0.0855123
14.4269 -18.8884 0.153089
14.6268 -18.8511 0.216018
14.786 -18.8129 0.253852
14.9843 -18.7576 0.290645
15.1393 -18.7097 0.308537
15.2987 -18.6571 0.329204
15.4876 -18.5921 0.334052
15.6763 -18.5253 0.346225
15.8292 -18.4701 0.346185
15.9834 -18.4156 0.333342
16.1385 -18.3623 0.328795
16.2922 -18.3099 0.328179
16.4826 -18.244 0.338341
16.6336 -18.1905 0.342005
16.8169 -18.1239 0.355686
16.9621 -18.069 0.367704
17.1424 -17.9974 0.388127
17.2856 -17.9368 0.41232
17.4586 -17.8555 0.466453
17.591 -17.7853 0.508358
17.7568 -17.6884 0.548906
17.8899 -17.6041 0.581024
18.0833 -17.4702 0.63013
18.1772 -17.4 0.65352
18.3296 -17.2771 0.703964
18.4459 -17.1744 0.742958
18.5323 -17.0923 0.776727
18.6704 -16.9506 0.819588
18.7786 -16.8279 0.876065
18.9023 -16.6648 0.968527
18.9893 -16.5253 1.05692
19.0644 -16.3768 1.14846
19.1408 -16.1786 1.25721
19.1871 -16.0171 1.32635
19.2313 -15.8111 1.3921
19.2574 -15.6463 1.43611
19.2784 -15.4393 1.50312
19.2841 -15.2746 1.56901
19.2788 -15.111 1.63816
19.2623 -14.9506 1.70839
19.2351 -14.7936 1.77524
19.1866 -14.6033 1.86618
19.1365 -14.4558 1.93016
19.0785 -14.3134 1.98512
18.9981 -14.1434 2.03988
18.9285 -14.012 2.07551
18.856 -13.885 2.1038
18.7813 -13.7601 2.11544
18.6874 -13.6071 2.12779
18.6122 -13.487 2.13201
18.538 -13.3703 2.14142
18.4797 -13.2795 2.14374
18.3817 -13.1276 2.14301
18.3024 -13.0032 2.13404
18.2256 -12.881 2.12971
18.1483 -12.7566 2.12392
18.0741 -12.6351 2.11358
17.9833 -12.4827 2.10293
17.9153 -12.366 2.09363
17.8315 -12.2188 2.08362
17.7683 -12.105 2.07134
17.6927 -11.9649 2.06063
17.6219 -11.8308 2.05146
17.5695 -11.7295 2.04499
17.5199 -11.6316 2.03532
17.4741 -11.5391 2.02627
17.4071 -11.4004 2.01449
17.3544 -11.2884 2.00676
17.3138 -11.2006 2.00132
17.2636 -11.0899 1.99176
17.2172 -10.9847 1.97993
17.1825 -10.9036 1.97214
17.1483 -10.8225 1.96589
17.1171 -10.747 1.9607
17.0879 -10.6754 1.95553
17.0599 -10.6057 1.94897
17.0323 -10.5357 1.94336
17.0111 -10.481 1.93939
16.9817 -10.4044 1.93565
16.949 -10.3181 1.92933
16.9043 -10.1981 1.92602
16.8662 -10.0955 1.92568
16.8147 -9.95549 1.92069
16.7726 -9.83886 1.91497
16.7404 -9.74782 1.90625
16.6863 -9.58946 1.89327
16.6436 -9.45852 1.87954
16.5902 -9.28572 1.86148
16.549 -9.14471 1.84795
16.4977 -8.96307 1.84419
16.4557 -8.81288 1.84287
16.4233 -8.69829 1.84907
16.3683 -8.50766 1.85455
16.322 -8.35198 1.86587
16.246 -8.11114 1.88653
16.1931 -7.95318 1.90167
16.1216 -7.75424 1.93006
16.0609 -7.59901 1.95654
15.9821 -7.41348 1.98903
15.9155 -7.26841 2.01282
15.8328 -7.10057 2.04456
15.7643 -6.97003 2.06341
15.6772 -6.81015 2.07616
15.605 -6.68077 2.08268
15.493 -6.48479 2.09759
15.4146 -6.3513 2.10585
15.3161 -6.18742 2.11872
15.2342 -6.05395 2.12353
15.1303 -5.88741 2.13341
15.0446 -5.75208 2.13757
14.9364 -5.58528 2.1549
14.8469 -5.45291 2.1751
14.7781 -5.35512 2.19236
14.6809 -5.22277 2.21666
14.5801 -5.0937 2.25132
14.4751 -4.96925 2.29194
14.3648 -4.84984 2.34118
14.2192 -4.70941 2.4072
14.095 -4.60391 2.46768
13.9282 -4.48194 2.55239
13.7901 -4.39543 2.61175
13.5724 -4.27943 2.6923
13.4216 -4.21125 2.74178
13.266 -4.15053 2.79698
13.1108 -4.09951 2.85132
12.9109 -4.04745 2.92223
12.749 -4.01587 2.97562
12.544 -3.99054 3.0617
12.3766 -3.98262 3.12697
12.1696 -3.9879 -3.07602
12.0504 -3.99914 -3.01917
11.8819 -4.02694 -2.93702
11.6803 -4.07869 -2.84358
11.5284 -4.13132 -2.77251
11.413 -4.17937 -2.72153
11.2357 -4.26734 -2.64067
11.0972 -4.3478 -2.5896
10.9314 -4.4577 -2.52284
10.8026 -4.55369 -2.48003
10.6225 -4.70302 -2.41853
10.4815 -4.83178 -2.38412
10.3725 -4.93447 -2.38859
10.2351 -5.05842 -2.42649
10.15 -5.12918 -2.46895
10.0333 -5.2169 -2.52524
9.88434 -5.31515 -2.59178
9.76284 -5.38695 -2.62384
9.61051 -5.47051 -2.65587
9.48938 -5.53271 -2.67862
9.39722 -5.57703 -2.70812
9.30806 -5.61643 -2.74279
9.15842 -5.67552 -2.78822
9.03685 -5.71807 -2.82171
8.88507 -5.76554 -2.85519
8.76362 -5.79995 -2.87577
8.61291 -5.83913 -2.89875
8.49448 -5.8676 -2.91265
8.4036 -5.88836 -2.92134
8.2545 -5.92071 -2.93458
8.13566 -5.94525 -2.94129
7.96186 -5.97987 -2.94865
7.84486 -6.00362 -2.93395
7.73014 -6.02898 -2.91412
7.61547 -6.05635 -2.90047
7.52878 -6.07807 -2.89176
7.38748 -6.1136 -2.89874
7.24228 -6.14738 -2.92723
7.09781 -6.17549 -2.9717
6.98455 -6.19247 -3.01374
6.8426 -6.20712 -3.06378
6.73359 -6.21288 -3.11381
6.60037 -6.21289 3.11392
6.49652 -6.20681 3.05226
6.37231 -6.18661 2.90857
6.27755 -6.15751 2.77864
6.18801 -6.11682 2.65164
6.08495 -6.05086 2.49289
6.02869 -6.00348 2.39029
5.97797 -5.9511 2.28986
5.93448 -5.89674 2.20143
5.88512 -5.81995 2.0827
5.84653 -5.74052 1.9633
5.81894 -5.66105 1.84664
5.80099 -5.58023 1.73211
5.7914 -5.47995 1.60006
5.79284 -5.40265 1.5045
5.79852 -5.34625 1.43631
5.81488 -5.25948 1.33251
5.83247 -5.1913 1.30402
5.85644 -5.09899 1.32954
5.87292 -5.01737 1.4135
5.88154 -4.93423 1.52159
5.87913 -4.83058 1.66653
5.86248 -4.73121 1.80706
5.83925 -4.65079 1.89682
5.798 -4.54477 1.98685
5.75617 -4.45645 2.03943
5.69307 -4.33754 2.07797
5.63611 -4.2364 2.08942
5.57651 -4.13178 2.08785
5.51551 -4.02333 2.07847
5.47065 -3.94059 2.05672
5.41485 -3.82979 2.01798
5.33995 -3.66123 1.95985
5.28361 -3.51567 1.92036
5.24076 -3.39387 1.89778
5.19026 -3.24082 1.88121
5.15127 -3.11769 1.87369
5.12144 -3.02346 1.88106
5.0823 -2.90137 1.88113
5.04306 -2.77863 1.87925
5.00518 -2.65794 1.87062
4.96001 -2.50677 1.85169
4.93396 -2.41618 1.84981
4.89952 -2.2956 1.84827
4.86415 -2.17318 1.85591
4.82813 -2.05344 1.87003
4.79122 -1.93632 1.88211
4.75275 -1.82155 1.90638
4.71272 -1.71099 1.93004
4.6619 -1.57945 1.94886
4.62242 -1.48264 1.96727
4.58073 -1.38637 1.99153
4.53705 -1.29371 2.03125
4.47683 -1.18322 2.10832
4.42134 -1.09826 2.19036
4.32419 -0.979526 2.32278
4.2316 -0.891946 2.44517
4.1485 -0.828301 2.53084
4.03451 -0.754742 2.60623
3.93953 -0.701147 2.64945
3.79175 -0.626595 2.69932
3.63474 -0.558075 2.76085
3.5248 -0.516821 2.80439
3.4112 -0.47962 2.84582
3.29543 -0.447062 2.88907
3.17496 -0.419189 2.9394
3.05104 -0.396333 2.97899
2.92144 -0.378293 3.02759
2.75611 -0.364147 3.08488
2.62263 -0.36048 -3.13981
2.45157 -0.367142 -3.06554
2.31277 -0.382023 -3.00403
2.20947 -0.398765 -2.95781
2.00126 -0.44756 -2.86496
1.82919 -0.503119 -2.7936
1.69221 -0.556702 -2.74384
1.52318 -0.633505 -2.68636
1.38668 -0.70335 -2.65096
1.22296 -0.794733 -2.61402
1.09192 -0.87165 -2.60759
0.928387 -0.96778 -2.61276
0.7975 -1.04247 -2.63334
0.631625 -1.13428 -2.63883
0.499481 -1.20675 -2.64103
0.337756 -1.29786 -2.6161
0.213649 -1.37223 -2.58729
0.0611783 -1.47097 -2.54659
-0.0582061 -1.55349 -2.52693
-0.205781 -1.65908 -2.51416
-0.322228 -1.74375 -2.51168
-0.437378 -1.82751 -2.51374
-0.549184 -1.90747 -2.52775
-0.661314 -1.98634 -2.52948
-0.799887 -2.08176 -2.54763
-0.909388 -2.15466 -2.56075
-1.02043 -2.22523 -2.59023
-1.10374 -2.27491 -2.61757
-1.24447 -2.35202 -2.66313
-1.35489 -2.40669 -2.70058
-1.49561 -2.46991 -2.73815
-1.57988 -2.50469 -2.76209
-1.69494 -2.54881 -2.78882
-1.80955 -2.58964 -2.80988
-1.95572 -2.63842 -2.82903
-2.06872 -2.67423 -2.84048
-2.21352 -2.71993 -2.83124
-2.32472 -2.75755 -2.79949
-2.48529 -2.8252 -2.6862
-2.60275 -2.89502 -2.52439
-2.66306 -2.94361 -2.40243
-2.72792 -3.01445 -2.2218
-2.77795 -3.09735 -2.0058
-2.80086 -3.15962 -1.84106
-2.81241 -3.28926 -1.47825
-2.78809 -3.3883 -1.18172
-2.74832 -3.4593 -0.938545
-2.67895 -3.53038 -0.656529
-2.60845 -3.57364 -0.444459
-2.50511 -3.60891 -0.213247
-2.41182 -3.62132 -0.0513021
-2.28655 -3.61761 0.110585
-2.18054 -3.60068 0.20612
-2.07039 -3.57424 0.264941
-1.96065 -3.54247 0.298691
-1.83895 -3.50288 0.330367
-1.68834 -3.44881 0.358954
-1.56834 -3.40085 0.401537
-1.44796 -3.34686 0.441663
-1.32651 -3.28549 0.494113
-1.20831 -3.2176 0.548623
-1.09297 -3.14336 0.595123
-0.98132 -3.06412 0.639356
-0.870664 -2.97935 0.668074
-0.732334 -2.86794 0.687945
-0.621101 -2.77642 0.68907
-0.512128 -2.68677 0.687688
-0.401912 -2.5967 0.682678
-0.318733 -2.52929 0.679409
-0.210264 -2.44244 0.670919
-0.10153 -2.35715 0.659359
0.00314272 -2.27722 0.644961
0.111067 -2.19789 0.622803
0.192696 -2.14012 0.608915
0.329178 -2.04757 0.582871
0.441378 -1.97479 0.568008
0.609217 -1.86932 0.55407
0.747639 -1.78366 0.554213
0.86054 -1.71414 0.549636
0.949339 -1.66017 0.542537
1.0939 -1.5737 0.535607
1.21321 -1.50389 0.523301
1.33208 -1.43529 0.523438
1.45457 -1.36528 0.515071
1.57257 -1.29837 0.516544
1.7247 -1.21307 0.505488
1.84864 -1.14477 0.501929
2.00363 -1.06116 0.487492
2.12891 -0.994622 0.488941
2.25151 -0.93022 0.478416
2.40837 -0.849619 0.470919
2.53286 -0.78752 0.454479
2.65705 -0.728616 0.431252
2.78002 -0.674968 0.391509
2.98048 -0.60175 0.308897
3.14816 -0.554187 0.243889
3.28189 -0.522903 0.215701
3.41541 -0.494934 0.197291
3.5536 -0.468008 0.187563
3.69102 -0.441269 0.19679
3.8559 -0.407097 0.211931
3.99205 -0.376773 0.226373
4.15947 -0.337067 0.239366
4.29642 -0.302503 0.25506
4.46311 -0.256833 0.279781
4.59679 -0.21634 0.308474
4.75964 -0.161974 0.335925
4.88837 -0.114893 0.365347
5.07957 -0.0377771 0.401399
5.23761 0.0327586 0.438154
5.3624 0.0940252 0.474596
5.51497 0.177132 0.522957
5.63487 0.248758 0.55403
5.75256 0.322735 0.568306
5.87248 0.397758 0.549797
5.99274 0.468044 0.507963
6.0874 0.517676 0.457952
6.24804 0.590037 0.388503
6.37911 0.639461 0.332675
6.54524 0.693419 0.295422
6.67621 0.731778 0.274397
6.84252 0.779024 0.279187
6.97488 0.817348 0.284481
7.13522 0.866471 0.310085
7.26768 0.910659 0.333913
7.42702 0.969659 0.375345
7.55252 1.02076 0.397952
7.64438 1.06026 0.414282
7.80057 1.13084 0.434592
7.92738 1.18935 0.429885
8.08484 1.2616 0.430614
8.21341 1.32057 0.429361
8.37429 1.39565 0.443916
8.49961 1.45652 0.460414
8.62321 1.52015 0.490478
8.77574 1.60349 0.509591
8.9271 1.68993 0.528168
9.04736 1.76047 0.532843
9.19229 1.84693 0.542882
9.31054 1.9182 0.542054
9.40025 1.97301 0.554711
9.51464 2.04451 0.562585
9.65358 2.1344 0.585852
9.79304 2.22915 0.607729
9.90337 2.30741 0.62623
10.0109 2.38592 0.635387
10.0914 2.4456 0.639543
10.1981 2.52537 0.644968
10.3036 2.6048 0.645347
10.4336 2.7029 0.647432
10.5336 2.77751 0.634574
10.6627 2.87065 0.615574
10.7629 2.93993 0.594387
10.8955 3.0265 0.562419
11.004 3.0934 0.542258
11.1154 3.15879 0.519964
11.2245 3.22048 0.508839
11.33 3.27795 0.488703
11.461 3.34537 0.462337
11.5676 3.39703 0.439637
11.6995 3.45673 0.41068
11.8057 3.50265 0.405611
11.9436 3.56122 0.397572
12.0492 3.60636 0.410512
12.217 3.68165 0.433068
12.3809 3.76125 0.470864
12.517 3.83198 0.487886
12.5993 3.87659 0.505206
12.7078 3.93913 0.5406
12.8384 4.02315 0.60268
12.9356 4.09603 0.684074
13.0473 4.19979 0.81346
13.1235 4.29097 0.93614
13.1849 4.38839 1.07987
13.2293 4.49035 1.24046
13.2551 4.59373 1.41203
13.2599 4.71765 1.65177
13.2423 4.81082 1.8645
13.1975 4.90697 2.14835
13.1617 4.95285 2.32003
13.106 5.0003 2.55099
13.031 5.03652 2.83296
12.9695 5.04876 3.05708
12.9236 5.04888 -3.0625
12.8797 5.04197 -2.90759
12.8099 5.01585 -2.65983
12.7571 4.98175 -2.47743
12.6968 4.92536 -2.30103
12.6529 4.87121 -2.20306
12.5981 4.79029 -2.12953
12.5562 4.72231 -2.11746
12.5 4.6333 -2.14966
12.4508 4.56094 -2.18725
12.387 4.47555 -2.23622
12.3344 4.41184 -2.28636
12.264 4.33669 -2.36105
12.2185 4.29379 -2.41028
12.1529 4.23926 -2.48646
12.084 4.1905 -2.56372
11.9929 4.13648 -2.64936
11.8891 4.08574 -2.72423
11.8022 4.04931 -2.76554
11.7358 4.0239 -2.78677
11.6222 3.98277 -2.80132
11.5278 3.94872 -2.78981
11.4347 3.91346 -2.76889
11.3393 3.87477 -2.74422
11.2652 3.84273 -2.72246
11.1674 3.79739 -2.6923
11.0426 3.73486 -2.66202
10.9407 3.68028 -2.63787
10.8155 3.60886 -2.60853
10.709 3.54461 -2.58917
10.5499 3.44492 -2.57437
10.3899 3.34362 -2.57968
10.3067 3.29189 -2.59097
10.1925 3.22321 -2.60997
10.076 3.15642 -2.63162
9.95621 3.09045 -2.64496
9.80369 3.00774 -2.64446
9.6801 2.93943 -2.62887
9.55644 2.86865 -2.61459
9.43593 2.79738 -2.6004
9.31499 2.72339 -2.58468
9.22397 2.66561 -2.56733
9.07668 2.56684 -2.53443
8.96211 2.48538 -2.51259
8.82044 2.38017 -2.4931
8.71254 2.29833 -2.49223
8.62852 2.23479 -2.4959
8.48622 2.1316 -2.53256
8.36877 2.05296 -2.57053
8.25001 1.98011 -2.61218
8.10123 1.8988 -2.67078
8.00864 1.85376 -2.70688
7.82204 1.77541 -2.78122
7.72794 1.74142 -2.80872
7.60212 1.70026 -2.8422
7.43733 1.65266 -2.8785
7.26974 1.60864 -2.89107
7.13252 1.57377 -2.89431
6.96258 1.52986 -2.88319
6.82482 1.49247 -2.86998
6.65033 1.44101 -2.83956
6.54561 1.40742 -2.82288
6.40639 1.3594 -2.79608
6.23393 1.29516 -2.77396
6.12714 1.25305 -2.75792
5.98784 1.19544 -2.74095
5.8187 1.1204 -2.70715
5.72013 1.07334 -2.68523
5.58749 1.00467 -2.64253
5.49202 0.95096 -2.61565
5.39567 0.894015 -2.59992
5.3006 0.836273 -2.5916
5.14624 0.740551 -2.58142
5.02171 0.66189 -2.57502
4.87422 0.566365 -2.55869
4.78803 0.508801 -2.54687
4.67904 0.433359 -2.52536
4.54409 0.333382 -2.48263
4.44204 0.24963 -2.42605
4.32324 0.135875 -2.32971
4.23321 0.0312756 -2.23322
4.13736 -0.110501 -2.09737
4.07461 -0.23236 -1.99521
4.01278 -0.392712 -1.88243
3.97387 -0.531682 -1.8052
3.93702 -0.709989 -1.74402
3.91161 -0.863332 -1.72592
3.8831 -1.05507 -1.71097
3.86144 -1.21905 -1.69328
3.84522 -1.37724 -1.6527
3.83397 -1.57673 -1.60149
3.83409 -1.73473 -1.53867
3.84637 -1.92798 -1.47595
3.86543 -2.08504 -1.42407
3.89831 -2.27704 -1.37839
3.93197 -2.43367 -1.33979
3.98219 -2.62509 -1.28865
4.01609 -2.73621 -1.26069
4.06725 -2.88704 -1.22694
4.12096 -3.03021 -1.19687
4.1806 -3.17731 -1.17432
4.24059 -3.31842 -1.16329
4.31737 -3.4966 -1.16462
4.37623 -3.63615 -1.17859
4.44641 -3.81073 -1.19863
4.49845 -3.9474 -1.21534
4.56087 -4.11959 -1.23065
4.60988 -4.25895 -1.23467
4.67106 -4.43046 -1.22154
4.72069 -4.56297 -1.20338
4.78908 -4.73432 -1.17867
4.84638 -4.86976 -1.16253
4.88994 -4.96926 -1.15382
4.94942 -5.10177 -1.14392
5.01037 -5.23524 -1.14087
5.07084 -5.36694 -1.13989
5.13198 -5.49976 -1.13887
5.20502 -5.65723 -1.13417
5.25986 -5.77512 -1.13651
5.32532 -5.91759 -1.14365
5.37429 -6.0266 -1.15364
5.40795 -6.10336 -1.16136
5.44058 -6.17932 -1.16871
5.49419 -6.30739 -1.17998
5.53415 -6.40592 -1.19115
5.58029 -6.5241 -1.20587
5.61559 -6.61811 -1.21736
5.6561 -6.72982 -1.22855
5.68638 -6.81618 -1.23863
5.72243 -6.92288 -1.25128
5.74978 -7.00664 -1.25894
5.78672 -7.12461 -1.2758
5.81521 -7.22074 -1.28942
5.83735 -7.29737 -1.2898
5.86578 -7.39394 -1.27912
5.88541 -7.4581 -1.26872
5.92057 -7.56721 -1.24935
5.9615 -7.68639 -1.23066
5.99854 -7.7893 -1.21988
6.02841 -7.87 -1.21275
6.09129 -8.03557 -1.20298
6.13856 -8.1575 -1.19885
6.18643 -8.27968 -1.19593
6.23594 -8.40542 -1.19548
6.29734 -8.56105 -1.19462
6.34542 -8.68329 -1.19736
6.40433 -8.83626 -1.20909
6.4506 -8.95979 -1.21574
6.48658 -9.05701 -1.21693
6.54697 -9.21905 -1.2112
6.59728 -9.35224 -1.20798
6.66074 -9.52036 -1.21181
6.71156 -9.6569 -1.21704
6.77518 -9.83046 -1.2219
6.81326 -9.9352 -1.22234
6.86341 -10.0728 -1.22013
6.92816 -10.2476 -1.21186
6.98045 -10.3847 -1.2013
7.04832 -10.5558 -1.18508
7.10421 -10.6905 -1.16961
7.17852 -10.8607 -1.14881
7.24066 -10.9966 -1.1352
7.3214 -11.1673 -1.12272
7.38805 -11.3031 -1.10632
7.47639 -11.4739 -1.0804
7.55037 -11.6076 -1.05085
7.65116 -11.7765 -1.01438
7.73663 -11.9091 -0.982279
7.8287 -12.0429 -0.953576
7.92482 -12.1731 -0.916423
8.02434 -12.2999 -0.894515
8.15031 -12.4551 -0.883447
8.25004 -12.5767 -0.884226
8.32479 -12.6691 -0.896708
8.42102 -12.7934 -0.927432
8.51237 -12.92 -0.963823
8.59783 -13.0483 -1.0026
8.65957 -13.1476 -1.02632
8.73673 -13.2801 -1.06079
8.84407 -13.4808 -1.09847
8.89359 -13.5799 -1.11659
8.9745 -13.7497 -1.1354
9.03812 -13.8869 -1.13813
9.08762 -13.9935 -1.13402
9.17031 -14.1685 -1.12471
9.23865 -14.3097 -1.1151
9.3254 -14.4851 -1.10831
9.39534 -14.625 -1.10605
9.46509 -14.7642 -1.10629
9.55163 -14.9376 -1.10938
9.62176 -15.0794 -1.11356
9.70665 -15.2525 -1.11623
9.79106 -15.4255 -1.11769
9.87453 -15.5989 -1.12626
9.94012 -15.7388 -1.139
10.0015 -15.8749 -1.1545
10.0612 -16.0121 -1.16713
10.1198 -16.1509 -1.17518
10.1909 -16.3214 -1.17608
10.249 -16.4595 -1.16967
10.3236 -16.6323 -1.15642
10.3987 -16.8004 -1.14512
10.4594 -16.9327 -1.13553
10.52 -17.0615 -1.12667
10.5816 -17.1896 -1.11861
10.6726 -17.3744 -1.10776
10.75 -17.5265 -1.09207
10.8148 -17.6484 -1.07289
10.8981 -17.7966 -1.04489
10.9674 -17.9134 -1.02579
11.0775 -18.0911 -1.00638
11.1739 -18.2398 -0.984842
11.2547 -18.359 -0.965908
11.3818 -18.5343 -0.920595
11.4978 -18.6793 -0.871001
11.5701 -18.7617 -0.831369
11.6724 -18.8683 -0.779757
11.8391 -19.0168 -0.675984
11.9913 -19.1259 -0.567484
12.1212 -19.2 -0.469644
12.2933 -19.2753 -0.355083
12.3997 -19.3106 -0.28522
12.5479 -19.3468 -0.194876
12.7332 -19.3737 -0.0927492
12.8839 -19.3831 -0.0329412
13.0729 -19.3844 0.0198157
13.1843 -19.3803 0.0529602
13.335 -19.3679 0.111385
13.5188 -19.3398 0.191855
13.6678 -19.306 0.255182
13.8108 -19.2639 0.316903
13.9198 -19.2254 0.361865
14.0887 -19.1568 0.409826
14.1875 -19.1128 0.428016
14.322 -19.0505 0.439111
14.4585 -18.9856 0.448874
14.6224 -18.9068 0.447706
14.7549 -18.8433 0.445699
14.951 -18.7532 0.416016
15.0823 -18.6966 0.398091
15.2469 -18.6285 0.386741
15.3815 -18.5741 0.38109
15.5475 -18.5081 0.375423
15.6842 -18.4544 0.373677
15.85 -18.3891 0.376833
15.9843 -18.3357 0.379468
16.1139 -18.2838 0.38228
16.2859 -18.2136 0.392803
16.4202 -18.1568 0.408138
16.5903 -18.0809 0.430697
16.7261 -18.0167 0.452028
16.8927 -17.933 0.479877
17.025 -17.8611 0.515101
17.19 -17.7632 0.555779
17.3184 -17.6792 0.603416
17.5057 -17.538 0.688356
17.6279 -17.429 0.769272
17.7677 -17.2781 0.877016
17.8901 -17.1109 1.00125
17.9741 -16.9626 1.11008
18.0561 -16.7671 1.23683
18.1041 -16.6059 1.32533
18.132 -16.4779 1.38825
18.1603 -16.2676 1.48575
18.1685 -16.1003 1.55793
18.1627 -15.893 1.63965
18.1463 -15.7294 1.70161
18.1125 -15.5308 1.77674
18.0747 -15.3733 1.8355
18.0176 -15.1847 1.89433
17.9783 -15.0725 1.92216
17.9223 -14.9267 1.95261
17.8629 -14.7833 1.97442
17.8166 -14.6764 1.98384
17.737 -14.4983 1.99874
17.6727 -14.3591 2.00747
17.5898 -14.1858 2.02648
17.5379 -14.081 2.03525
17.4659 -13.9398 2.05001
17.375 -13.7656 2.05328
17.3015 -13.6234 2.04218
17.2135 -13.4472 2.02623
17.1292 -13.2698 2.00233
17.051 -13.0969 1.98901
16.9921 -12.9611 1.97045
16.9092 -12.7577 1.9453
16.8469 -12.596 1.93208
16.8004 -12.4704 1.91917
16.7376 -12.2922 1.89903
16.7086 -12.2052 1.88751
16.6638 -12.0643 1.86994
16.6299 -11.9528 1.86142
16.5889 -11.8109 1.84265
16.559 -11.7013 1.83131
16.5309 -11.5929 1.81803
16.5055 -11.4898 1.80591
16.4816 -11.3884 1.79926
16.4521 -11.2607 1.79686
16.428 -11.1565 1.79953
16.4084 -11.073 1.80257
16.3812 -10.9579 1.80349
16.3528 -10.839 1.80662
16.33 -10.7454 1.81252
16.3059 -10.6486 1.81645
16.2737 -10.5214 1.82108
16.2211 -10.3181 1.82742
16.1774 -10.1522 1.82958
16.1418 -10.0161 1.82253
16.0896 -9.80739 1.80981
16.0488 -9.63423 1.79469
16.0166 -9.49159 1.78994
15.9854 -9.3489 1.7822
15.9475 -9.16868 1.77482
15.903 -8.95088 1.76972
15.8645 -8.76031 1.77012
15.8329 -8.60539 1.77409
15.7919 -8.41261 1.7867
15.766 -8.29871 1.80195
15.7281 -8.14504 1.82301
15.6768 -7.95917 1.85755
15.6316 -7.8119 1.87922
15.571 -7.63209 1.91307
15.5192 -7.49033 1.92907
15.4512 -7.31645 1.95756
15.3925 -7.17704 1.98134
15.3139 -7.00451 2.01486
15.2639 -6.90179 2.03251
15.1954 -6.76735 2.05161
15.1088 -6.6024 2.0569
15.0399 -6.47319 2.06519
14.9546 -6.31489 2.06484
14.8872 -6.18963 2.06338
14.8206 -6.06535 2.06279
14.7368 -5.91367 2.08822
14.6649 -5.79052 2.10964
14.5897 -5.67012 2.14925
14.5044 -5.54498 2.18851
14.4167 -5.42764 2.2367
14.3226 -5.31282 2.27816
14.2236 -5.20193 2.32137
14.1191 -5.09464 2.36421
13.9796 -4.96675 2.43527
13.8632 -4.87316 2.49309
13.7068 -4.76255 2.55915
13.5761 -4.68187 2.61798
13.4396 -4.60837 2.67709
13.2985 -4.54436 2.75443
13.1516 -4.4905 2.82613
12.9642 -4.4388 2.91849
12.8119 -4.40963 2.9863
12.6191 -4.38742 3.06761
12.4586 -4.38068 3.13158
12.2622 -4.38614 -3.07599
12.1031 -4.40113 -3.0194
11.9084 -4.43305 -2.93869
11.7555 -4.46891 -2.88387
11.5722 -4.52399 -2.81559
11.4282 -4.57555 -2.7796
11.287 -4.63128 -2.7518
11.1479 -4.68873 -2.74794
11.0092 -4.74679 -2.74225
10.8357 -4.8205 -2.73756
10.7332 -4.86515 -2.7244
10.5972 -4.92528 -2.72604
10.4626 -4.98515 -2.72026
10.3663 -5.0278 -2.72926
10.2309 -5.08623 -2.739
10.1002 -5.14121 -2.74741
9.97248 -5.19336 -2.76075
9.80796 -5.25779 -2.77591
9.67631 -5.30681 -2.7943
9.54957 -5.3519 -2.8054
9.42381 -5.39465 -2.82238
9.29735 -5.43636 -2.82354
9.17079 -5.4776 -2.82974
9.01644 -5.52758 -2.82706
8.86394 -5.5768 -2.83182
8.77242 -5.60575 -2.83859
8.65154 -5.6434 -2.84074
8.53259 -5.67945 -2.85383
8.41394 -5.71472 -2.85145
8.29804 -5.74954 -2.84805
8.15012 -5.79451 -2.84495
8.06111 -5.82178 -2.84361
7.97299 -5.8485 -2.85062
7.8861 -5.87418 -2.85798
7.77291 -5.90738 -2.8545
7.62997 -5.94968 -2.85326
7.51839 -5.98422 -2.82963
7.43395 -6.01285 -2.79971
7.31861 -6.05714 -2.7502
7.20502 -6.10931 -2.67189
7.09412 -6.17192 -2.58341
6.98563 -6.24761 -2.48141
6.8859 -6.33457 -2.36753
6.79411 -6.43602 -2.24494
6.69669 -6.5793 -2.09092
6.63431 -6.70642 -1.96315
6.57491 -6.87707 -1.84836
6.53875 -7.02618 -1.76896
6.50786 -7.21885 -1.69058
6.49384 -7.37043 -1.63551
6.48864 -7.4925 -1.5913
6.49059 -7.69008 -1.53051
6.50064 -7.84812 -1.48411
6.52238 -8.03959 -1.43132
6.54641 -8.18837 -1.39004
6.58487 -8.37203 -1.33865
6.61992 -8.51159 -1.31091
6.67021 -8.69008 -1.28142
6.7118 -8.83018 -1.28299
6.75301 -8.96971 -1.28419
6.79325 -9.10897 -1.29492
6.84111 -9.2792 -1.29844
6.88655 -9.44886 -1.31985
6.92167 -9.59009 -1.33425
6.95275 -9.72388 -1.35087
6.98456 -9.86644 -1.35163
7.01665 -10.0054 -1.33615
7.05981 -10.1759 -1.30956
7.09695 -10.3085 -1.28574
7.159 -10.5075 -1.25149
7.21517 -10.673 -1.23543
7.26154 -10.803 -1.22086
7.32459 -10.9717 -1.20555
7.37728 -11.1046 -1.18142
7.43237 -11.2349 -1.15996
7.49121 -11.365 -1.13203
7.53876 -11.4632 -1.10758
7.60864 -11.5973 -1.07342
7.70225 -11.7591 -1.01945
7.78278 -11.8846 -0.980484
7.89453 -12.0435 -0.935742
7.98691 -12.1653 -0.907378
8.10628 -12.3136 -0.879249
8.20344 -12.4305 -0.875084
8.32353 -12.577 -0.893477
8.41808 -12.698 -0.921315
8.48496 -12.7882 -0.943934
8.5702 -12.9104 -0.979716
8.67233 -13.0712 -1.03023
8.76434 -13.2318 -1.0709
8.82951 -13.3568 -1.10946
8.90389 -13.5179 -1.167
8.95588 -13.6476 -1.21195
9.01627 -13.8136 -1.23195
9.06214 -13.9448 -1.23703
9.12368 -14.116 -1.21439
9.1861 -14.2802 -1.20041
9.25338 -14.4497 -1.18559
9.30819 -14.5856 -1.18933
9.37688 -14.7583 -1.19534
9.4307 -14.8959 -1.20044
9.51072 -15.1001 -1.19407
9.55162 -15.2037 -1.19563
9.59134 -15.3042 -1.19356
9.64405 -15.4396 -1.20515
9.68313 -15.5416 -1.20508
9.73408 -15.6753 -1.20811
9.78807 -15.8175 -1.20766
9.85364 -15.9891 -1.20412
9.90711 -16.1256 -1.19064
9.98913 -16.3279 -1.18052
10.0579 -16.4944 -1.17817
10.0985 -16.5945 -1.19147
10.15 -16.7244 -1.19604
10.2156 -16.8935 -1.20551
10.2669 -17.0269 -1.20121
10.3316 -17.1932 -1.19804
10.3839 -17.3244 -1.18555
10.45 -17.4864 -1.18135
10.5038 -17.6168 -1.17757
10.5709 -17.7779 -1.17439
10.6267 -17.9071 -1.15159
10.7227 -18.1077 -1.09802
10.7758 -18.2063 -1.05579
10.874 -18.3651 -0.977169
10.9665 -18.491 -0.897001
11.096 -18.6381 -0.800647
11.2086 -18.7466 -0.734275
11.299 -18.8237 -0.677327
11.4573 -18.94 -0.59025
11.5895 -19.0211 -0.50985
11.7627 -19.1073 -0.413613
11.9068 -19.1632 -0.327136
12.0927 -19.2147 -0.213498
12.2421 -19.2399 -0.120061
12.3575 -19.2501 -0.0561989
12.4728 -19.2532 0.00157009
12.6634 -19.2439 0.0962357
12.8121 -19.2246 0.161765
12.9976 -19.1855 0.253382
13.141 -19.1431 0.321935
13.282 -19.0912 0.383789
13.4187 -19.0323 0.429753
13.5501 -18.9703 0.451913
13.7437 -18.8762 0.452731
13.8415 -18.8295 0.439149
14.0052 -18.7556 0.409027
14.1335 -18.7021 0.380412
14.2981 -18.6407 0.333576
14.4266 -18.599 0.294278
14.589 -18.5548 0.237403
14.716 -18.526 0.207966
14.8831 -18.4935 0.176101
15.0165 -18.4696 0.178691
15.1835 -18.4386 0.188328
15.3121 -18.412 0.219457
15.448 -18.381 0.229834
15.5839 -18.3489 0.233526
15.7211 -18.3167 0.228482
15.8222 -18.293 0.231384
15.9959 -18.2506 0.247366
16.1364 -18.2141 0.2605
16.3134 -18.1652 0.27936
16.4554 -18.1232 0.296015
16.6703 -18.0528 0.33723
16.9177 -17.9551 0.414094
17.0917 -17.8703 0.492999
17.1939 -17.8116 0.550063
17.3248 -17.7241 0.628581
17.4804 -17.5974 0.738092
17.595 -17.4835 0.826968
17.7 -17.3573 0.925906
17.8129 -17.1869 1.04592
17.9037 -17.007 1.16075
17.9486 -16.8941 1.22322
17.9972 -16.7417 1.30213
18.0334 -16.5882 1.37608
18.0643 -16.3974 1.44398
18.0803 -16.2408 1.49473
18.089 -16.0451 1.55716
18.0876 -15.8908 1.60266
18.0759 -15.7003 1.66166
18.0591 -15.5502 1.70379
18.0293 -15.3703 1.76569
17.9977 -15.2283 1.81361
17.9502 -15.0584 1.87347
17.905 -14.9242 1.91782
17.8676 -14.8259 1.94991
17.8153 -14.7022 1.99216
17.7437 -14.5528 2.04301
17.6967 -14.4637 2.06964
17.6301 -14.3471 2.11069
17.5622 -14.238 2.14441
17.4921 -14.1341 2.18369
17.4171 -14.0308 2.2141
17.3409 -13.9299 2.22125
17.2446 -13.8026 2.21567
17.1487 -13.6696 2.17464
17.0728 -13.5542 2.13095
16.9875 -13.4065 2.05817
16.9281 -13.2869 2.00516
16.8655 -13.1397 1.94092
16.8227 -13.0207 1.89077
16.7793 -12.8746 1.82861
16.7526 -12.762 1.77798
16.7326 -12.6533 1.72897
16.7152 -12.524 1.67881
16.7055 -12.4004 1.61978
16.7028 -12.3052 1.5785
16.7051 -12.1858 1.52558
16.7115 -12.0941 1.47677
16.7248 -11.9828 1.42704
16.7387 -11.8973 1.39109
16.7612 -11.7899 1.33753
16.7817 -11.7103 1.29909
16.8108 -11.6143 1.25475
16.8365 -11.5404 1.21753
16.878 -11.4341 1.17905
16.9158 -11.3422 1.18214
16.9485 -11.2587 1.21236
16.9718 -11.1933 1.24464
17.006 -11.0788 1.3173
17.0282 -10.979 1.38681
17.0403 -10.9037 1.4354
17.0522 -10.7693 1.53007
17.0522 -10.6593 1.61074
17.0361 -10.488 1.71775
17.0094 -10.3419 1.78573
16.9818 -10.226 1.82406
16.9409 -10.0837 1.87684
16.9043 -9.97398 1.90928
16.8409 -9.80248 1.93989
16.7749 -9.63813 1.96613
16.7293 -9.53154 1.98276
16.6944 -9.45319 1.99703
16.659 -9.37668 2.01249
16.5981 -9.25117 2.03195
16.548 -9.15227 2.04821
16.5072 -9.07464 2.06163
16.4644 -8.9952 2.06822
16.4208 -8.91524 2.07175
16.3456 -8.77889 2.07814
16.2846 -8.66882 2.07434
16.2049 -8.52381 2.07256
16.1409 -8.40595 2.06436
16.0638 -8.26221 2.062
16.0016 -8.144 2.04792
15.9271 -7.99465 2.01962
15.8696 -7.87224 1.99968
15.8033 -7.72443 1.98519
15.7637 -7.63401 1.98163
15.7104 -7.5112 1.97964
15.644 -7.3593 1.98614
15.5893 -7.2366 1.99404
15.5181 -7.08209 2.01087
15.4576 -6.95519 2.02104
15.3801 -6.79808 2.03663
15.3171 -6.67479 2.0499
15.252 -6.5522 2.06768
15.1658 -6.39776 2.0926
15.0929 -6.27488 2.11961
14.9752 -6.09029 2.15739
14.8454 -5.90356 2.19921
14.7769 -5.81101 2.21653
14.6585 -5.65881 2.24725
14.5614 -5.54105 2.27356
14.4357 -5.39895 2.31597
14.3309 -5.28954 2.35377
14.191 -5.15595 2.40466
14.1012 -5.07777 2.44576
13.9461 -4.95748 2.51823
13.8149 -4.86954 2.58394
13.6469 -4.77418 2.66645
13.5008 -4.70533 2.73637
13.3175 -4.63503 2.81428
13.1678 -4.58815 2.86209
12.9755 -4.53938 2.92428
12.8215 -4.50993 2.98095
12.6265 -4.48582 3.05626
12.4704 -4.47748 3.12017
12.2725 -4.48074 -3.08721
12.1209 -4.49414 -3.01966
11.9652 -4.5173 -2.96824
11.8111 -4.54758 -2.92696
11.6214 -4.59354 -2.88067
11.4393 -4.64722 -2.82926
11.2942 -4.69767 -2.78473
11.121 -4.76804 -2.72668
10.983 -4.83244 -2.68332
10.8172 -4.9192 -2.63542
10.6878 -4.9921 -2.62195
10.4986 -5.1003 -2.62206
10.3421 -5.18663 -2.65285
10.2158 -5.25154 -2.68125
10.1218 -5.29638 -2.7112
9.96285 -5.36436 -2.76396
9.8341 -5.41179 -2.81318
9.67562 -5.46146 -2.86256
9.545 -5.49617 -2.90129
9.38689 -5.53138 -2.94361
9.25865 -5.55537 -2.96975
9.15947 -5.57187 -2.98369
8.93328 -5.60462 -3.01188
8.78743 -5.62244 -3.02814
8.6599 -5.63655 -3.03474
8.50794 -5.65314 -3.031
8.41506 -5.66334 -3.03339
8.29271 -5.67694 -3.0283
8.14285 -5.69468 -3.01928
8.02497 -5.71001 -3.00528
7.88257 -5.73155 -2.97763
7.76794 -5.75125 -2.96513
7.65426 -5.77207 -2.95582
7.54232 -5.79315 -2.95507
7.42711 -5.81435 -2.96421
7.28854 -5.83771 -2.98501
7.17725 -5.85346 -3.01694
7.03794 -5.86731 -3.06809
6.92894 -5.87205 -3.12802
6.84802 -5.87112 3.10485
6.71442 -5.86032 3.01703
6.6095 -5.8428 2.93525
6.50768 -5.81657 2.84362
6.38648 -5.77188 2.7331
6.2531 -5.70321 2.59923
6.13444 -5.61967 2.45709
6.04422 -5.53609 2.33154
5.99654 -5.48201 2.2554
5.93867 -5.40252 2.14472
5.87156 -5.2788 1.99089
5.8321 -5.17343 1.86729
5.8102 -5.08701 1.77086
5.79718 -5.00242 1.67615
5.79222 -4.91948 1.58473
5.79441 -4.83897 1.50253
5.80502 -4.74631 1.41115
5.81924 -4.67516 1.33585
5.84134 -4.5968 1.25604
5.86399 -4.53046 1.22747
5.88779 -4.46272 1.23846
5.91044 -4.39135 1.28854
5.92455 -4.33751 1.34043
5.9382 -4.26623 1.42259
5.94678 -4.17259 1.53635
5.94608 -4.0854 1.62136
5.93472 -3.96765 1.71255
5.91626 -3.86508 1.78521
5.89722 -3.78652 1.83181
5.86503 -3.67584 1.87587
5.82637 -3.55903 1.905
5.78498 -3.44213 1.91713
5.73112 -3.29039 1.90658
5.6897 -3.167 1.8827
5.64003 -3.00543 1.85539
5.60283 -2.87565 1.84456
5.56703 -2.74572 1.83478
5.52193 -2.58139 1.84253
5.46619 -2.38572 1.85411
5.42936 -2.25892 1.85285
5.39158 -2.12423 1.83561
5.35584 -1.99031 1.82763
5.32977 -1.89052 1.82502
5.28308 -1.72268 1.85922
5.23976 -1.58922 1.91005
5.18829 -1.45589 1.96839
5.11266 -1.29071 2.03191
5.04347 -1.1571 2.06538
4.97101 -1.02661 2.08994
4.91264 -0.926431 2.10679
4.83265 -0.795386 2.13091
4.70331 -0.603675 2.19771
4.60889 -0.482091 2.26449
4.48064 -0.340412 2.34847
4.36899 -0.235001 2.42137
4.18934 -0.0940847 2.53156
4.03042 0.00459447 2.64028
3.89418 0.0715839 2.72895
3.75566 0.124917 2.81916
3.57039 0.176193 2.92403
3.42076 0.203071 3.00369
3.26913 0.219489 3.06379
3.11728 0.228423 3.10186
2.96533 0.232834 3.12328
2.77779 0.234034 -3.13608
2.62735 0.231872 -3.11837
2.44397 0.225457 -3.09488
2.29848 0.218229 -3.08901
2.12002 0.208147 -3.0813
1.97958 0.200285 -3.09003
1.77246 0.192212 -3.11524
1.60285 0.192314 3.11403
1.47555 0.198398 3.07364
1.31738 0.215028 3.00003
1.19698 0.235291 2.94968
1.02858 0.27429 2.87839
0.87513 0.318141 2.84808
0.75041 0.357622 2.82195
0.659392 0.388437 2.80834
0.53066 0.43347 2.80181
0.450056 0.461701 2.80758
0.376171 0.486568 2.8263
0.322034 0.503643 2.84583
0.250049 0.52467 2.86897
0.145094 0.552687 2.8925
0.0613064 0.573082 2.91315
-0.00519978 0.587841 2.93326
-0.0683204 0.600711 2.94766
-0.143563 0.615184 2.95547
-0.198903 0.625439 2.96123
-0.237469 0.632399 2.96487
-0.291424 0.642328 2.95432
-0.321702 0.648583 2.92143
-0.34373 0.654325 2.85181
-0.353972 0.657658 2.80207
-0.359425 0.659657 2.77839
-0.358712 0.659387 2.78059
-0.355141 0.658063 2.79258
-0.352998 0.657294 2.8015
-0.35239 0.65708 2.80307
-0.353114 0.657335 2.80119
-0.353736 0.657556 2.79941
-0.353638 0.657521 2.79958
-0.353469 0.657461 2.80013
-0.353531 0.657483 2.79999
-0.353551 0.65749 2.79984
-0.353533 0.657484 2.79994
-0.353545 0.657488 2.79982
-0.353541 0.657487 2.79996
-0.353521 0.65748 2.80002
-0.353534 0.657484 2.79999
-0.353539 0.657486 2.79997
-0.353539 0.657486 2.79997
-0.353545 0.657488 2.8
-0.353539 0.657486 2.79997
-0.353539 0.657486 2.79997
-0.353539 0.657486 2.79997
-0.353539 0.657486 2.79997
-0.353539 0.657486 2.79997
-0.353541 0.657487 2.79996
-0.353557 0.657493 2.80006
-0.353557 0.657493 2.80006
-0.353539 0.657486 2.79997
-0.353539 0.657486 2.79997
-0.353539 0.657486 2.79997
-0.353539 0.657486 2.79997
-0.353548 0.657489 2.79993
-0.353539 0.657486 2.79997
-0.353539 0.657486 2.79997
-0.353539 0.657486 2.79997
-0.353557 0.657493 2.79998
-0.353557 0.657493 2.80006
-0.353557 0.657493 2.80006
-0.353557 0.657493 2.7999
-0.353539 0.657486 2.79997
-0.353539 0.657486 2.79997
-0.353539 0.657486 2.79997
-0.353539 0.657486 2.79997
-0.353519 0.657479 2.80007
-0.352677 0.657179 2.79867
-0.349269 0.655952 2.79363
-0.331778 0.64919 2.75174
-0.298701 0.632561 2.59976
-0.276912 0.617218 2.45641
-0.260266 0.601824 2.33407
-0.250781 0.591238 2.26876
-0.244878 0.583928 2.23148
-0.244237 0.583083 2.20781
-0.244675 0.583676 2.20608
-0.244882 0.583955 2.21356
-0.244982 0.584088 2.21386
-0.245031 0.584154 2.21359
-0.245024 0.584144 2.21404
-0.245003 0.584116 2.21416
-0.245013 0.58413 2.21408
-0.245041 0.584166 2.21417
-0.245024 0.584144 2.21417
-0.245032 0.584156 2.21424
-0.24503 0.584152 2.21422
-0.245035 0.584159 2.21426
-0.245052 0.584182 2.21426
-0.245047 0.584175 2.21435
-0.245047 0.584175 2.21435
-0.245047 0.584175 2.21435
-0.245047 0.584175 2.21434
-0.245059 0.58419 2.21426
-0.245059 0.58419 2.21426
-0.245047 0.584175 2.21435
-0.245056 0.584187 2.21441
-0.245059 0.58419 2.21443
-0.245051 0.584181 2.21449
-0.245053 0.584183 2.21447
-0.245059 0.58419 2.21443
-0.245061 0.584194 2.21445
-0.245059 0.584191 2.21444
-0.245069 0.584204 2.21451
-0.24507 0.584206 2.21452
-0.24507 0.584206 2.21452
