0.0698881 -0.00100849 -0.028858 16942956 17335026
0.16036381 -0.0056907528 -0.074553015 16945584 17337123
0.23575625 -0.01292161 -0.11668121 16947804 17338853
0.32945048 -0.026077414 -0.162319 16950536 17341055
0.4036471 -0.039583427 -0.19779815 16952709 17342815
0.50568921 -0.062986526 -0.25309892 16955760 17345224
0.5862019 -0.085590369 -0.29430702 16958180 17347165
0.69093392 -0.11963803 -0.33432534 16961284 17349804
0.77771942 -0.15089456 -0.35706619 16963821 17352078
0.86782565 -0.18468854 -0.36055575 16966351 17354567
0.93654116 -0.20995946 -0.34426345 16968166 17356571
1.033272 -0.2425021 -0.30479707 16970598 17359461
1.1318344 -0.27067103 -0.25195676 16972964 17362441
1.2302278 -0.29276849 -0.18987753 16975233 17365431
1.3297075 -0.30880724 -0.12982438 16977511 17368408
1.4526742 -0.32110517 -0.069533005 16980383 17371981
1.5467442 -0.32502794 -0.013819865 16982515 17374759
1.6170051 -0.32450505 0.02870378 16984100 17376839
1.7275053 -0.31823725 0.084619084 16986661 17380049
1.8130762 -0.30918444 0.12618275 16988663 17382535
1.9140613 -0.29351242 0.18174364 16991005 17385522
1.9883951 -0.27836205 0.22037967 16992759 17387725
2.0759708 -0.25663671 0.26595237 16994847 17390342
2.1423621 -0.2372561 0.30209327 16996441 17392356
2.2159057 -0.2126602 0.34339894 16998223 17394618
2.2714679 -0.19175766 0.37624643 16999580 17396357
2.3220203 -0.17088484 0.40689929 17000828 17397961
2.3820815 -0.14369979 0.44316642 17002336 17399891
2.4350771 -0.11760549 0.47190851 17003710 17401598
2.4746661 -0.096945407 0.49006314 17004769 17402868
2.5296971 -0.067077123 0.50446264 17006318 17404584
2.5785739 -0.040671819 0.48617938 17007873 17405927
2.6260415 -0.016753235 0.44733497 17009484 17407087
2.693703 0.013011753 0.38152851 17011794 17408632
2.7555228 0.035786323 0.32441916 17013844 17410019
2.8401976 0.061037433 0.25521387 17016550 17411921
2.9145938 0.077881342 0.19009454 17018917 17413531
3.0123037 0.091840722 0.093716083 17022051 17415545
3.0889496 0.096065554 0.016415277 17024502 17417098
3.1914228 0.091706761 -0.10143594 17027861 17419087
3.2727243 0.079330797 -0.20069077 17030582 17420655
3.3727312 0.052468159 -0.32413705 17033999 17422638
3.4510486 0.021396457 -0.43124939 17036819 17424213
3.5434914 -0.02896739 -0.56645197 17040349 17426173
3.6114182 -0.077383353 -0.67203469 17043138 17427734
3.6890244 -0.14771468 -0.80048919 17046615 17429719
3.7321092 -0.1952868 -0.86922383 17048688 17430993
3.7865814 -0.26563437 -0.9545865 17051504 17432817
3.8477413 -0.36130715 -1.0494286 17055016 17435227
3.8917747 -0.44311588 -1.1046119 17057759 17437329
3.9436527 -0.55234305 -1.1501575 17061177 17440218
3.9843863 -0.64665744 -1.1760471 17064006 17442746
4.0416512 -0.79171067 -1.2135396 17068291 17446595
4.0970295 -0.94900604 -1.2510254 17072857 17450726
4.1227759 -1.0296394 -1.2724274 17075188 17452809
4.1639615 -1.1715319 -1.3041733 17079226 17456477
4.1953603 -1.2874973 -1.3085789 17082384 17459584
4.2362699 -1.4393359 -1.3066559 17086473 17463696
4.2712451 -1.5646777 -1.2907024 17089774 17467182
4.3183498 -1.7228847 -1.2721245 17093970 17471594
4.3582264 -1.8478418 -1.2516554 17097272 17475133
4.402258 -1.979026 -1.2422735 17100825 17478796
4.4477496 -2.1124294 -1.2420367 17104499 17482473
4.4930832 -2.246137 -1.2457814 17108203 17486132
4.550376 -2.4151653 -1.2422108 17112836 17490807
4.5858938 -2.5177454 -1.2327302 17115611 17493693
4.6365381 -2.6594296 -1.2222794 17119474 17497677
4.7016634 -2.833979 -1.2050963 17124232 17502635
4.7557723 -2.9713548 -1.1860658 17127972 17506595
4.8307656 -3.1470864 -1.1488246 17132738 17511794
4.8949148 -3.2857841 -1.1263499 17136592 17515909
4.9787126 -3.4585249 -1.1119174 17141514 17521000
5.0460909 -3.5942198 -1.10792 17145442 17524973
5.1296668 -3.7624653 -1.1115844 17150362 17529851
5.1930529 -3.8926375 -1.1237179 17154208 17533556
5.2658106 -4.0501582 -1.152474 17158899 17537913
5.3177621 -4.1713357 -1.1790801 17162492 17541196
5.3757329 -4.3180496 -1.2099132 17166784 17545131
5.4171868 -4.4308172 -1.227137 17170017 17548164
5.4542982 -4.5365468 -1.23932 17173010 17551015
5.4992394 -4.6691734 -1.2488488 17176717 17554611
5.5239585 -4.7432289 -1.2484186 17178750 17556649
5.5544779 -4.8350371 -1.2513072 17181290 17559155
5.5811813 -4.9169012 -1.2596663 17183584 17561352
5.6046575 -4.9907655 -1.2664622 17185644 17563334
5.6235004 -5.0505939 -1.2649017 17187271 17564978
5.6391253 -5.0994536 -1.2576629 17188566 17566358
5.6567339 -5.15283 -1.2466248 17189968 17567888
5.6710191 -5.1949366 -1.2408111 17191093 17569081
5.6904356 -5.2510438 -1.2344604 17192605 17570666
5.7090798 -5.3037926 -1.2276362 17194024 17572165
5.7373639 -5.3803907 -1.2065118 17196030 17574417
5.7655 -5.4512987 -1.1795959 17197863 17576562
5.8077496 -5.547424 -1.1337766 17200335 17579566
5.8466423 -5.6270527 -1.0991243 17202445 17582078
5.891435 -5.7111122 -1.0632766 17204720 17584770
5.943349 -5.8002594 -1.0236502 17207180 17587691
5.9992425 -5.8881849 -0.98544232 17209675 17590629
6.0716499 -5.9917666 -0.93599137 17212683 17594212
6.135376 -6.0747124 -0.8953981 17215175 17597176
6.2189642 -6.1757526 -0.86388856 17218411 17600778
6.2864614 -6.2523605 -0.83318404 17220895 17603619
6.3562634 -6.3274862 -0.81104601 17223440 17606422
6.4447961 -6.4218341 -0.82332509 17226885 17609724
6.4974108 -6.4790995 -0.83207166 17228964 17611701
6.5667609 -6.5561592 -0.843942 17231736 17614335
6.6496476 -6.6519215 -0.87075029 17235195 17617482
6.7335855 -6.7526916 -0.88180047 17238679 17620838
6.8007193 -6.8345184 -0.88563415 17241461 17623575
6.8832891 -6.9338096 -0.86853838 17244729 17627042
6.9335024 -6.9915089 -0.84077853 17246562 17629198
7.0237463 -7.0871857 -0.78844384 17249688 17632932
7.1002311 -7.1599979 -0.73316489 17252120 17636006
7.2235222 -7.2594208 -0.62410711 17255617 17640770
7.3568741 -7.3445747 -0.51248158 17259094 17645544
7.496397 -7.4144425 -0.41603316 17262602 17650173
7.6429245 -7.4735188 -0.35044908 17266341 17654674
7.7157461 -7.4988103 -0.31809813 17268163 17656872
7.8624452 -7.539624 -0.22460516 17271591 17661386
7.9851398 -7.5605712 -0.11358618 17274191 17665277
8.0772251 -7.5658928 -0.0018654828 17275948 17668331
8.1469609 -7.562033 0.11245135 17277105 17670816
8.2502559 -7.5397872 0.31179181 17278702 17674730
8.3275508 -7.5080887 0.46657151 17279981 17677807
8.4180741 -7.452887 0.62862555 17281804 17681514
8.48877 -7.3959618 0.72719567 17283598 17684453
8.5581091 -7.3295842 0.79996696 17285679 17687379
8.6418917 -7.2387085 0.85200652 17288599 17690904
8.7102821 -7.1604619 0.85301822 17291303 17693620
8.7621978 -7.1013402 0.84738993 17293388 17695639
8.8146356 -7.0426349 0.83606961 17295506 17697626
8.8877997 -6.9635343 0.81266412 17298452 17700299
8.9639031 -6.8847025 0.79334824 17301421 17703044
9.0234071 -6.8249944 0.78087155 17303692 17705170
9.1051981 -6.7457206 0.75867134 17306791 17708011
9.1891296 -6.667427 0.74264638 17309877 17710911
9.2725976 -6.591823 0.72935529 17312891 17713771
9.3572125 -6.5183871 0.70021638 17315982 17716523
9.4431228 -6.4478922 0.67409312 17319031 17719269
9.5535436 -6.3624893 0.64256503 17322854 17722726
9.6439149 -6.2956726 0.6307443 17325854 17725588
9.7587423 -6.2102067 0.64894174 17329481 17729426
9.8540908 -6.1367251 0.66424781 17332531 17732654
9.9712705 -6.0424363 0.69089266 17336298 17736731
10.066844 -5.9631265 0.69444356 17339516 17739990
10.1887 -5.8635225 0.67606487 17343726 17743987
10.292841 -5.7828039 0.64267317 17347356 17747229
10.427985 -5.6865584 0.59501545 17351959 17751278
10.539378 -5.6137003 0.56343807 17355614 17754566
10.625751 -5.560882 0.53425204 17358423 17757036
10.767151 -5.4805957 0.49855586 17362871 17761069
10.884269 -5.4197451 0.45979536 17366537 17764285
11.033437 -5.3492948 0.42267169 17371055 17768371
11.162213 -5.2935304 0.39463957 17374877 17771867
11.286348 -5.242893 0.3799965 17378458 17775278
11.413385 -5.1931436 0.36651766 17382094 17778758
11.537694 -5.1461361 0.35653793 17385617 17782165
11.692839 -5.0897577 0.34057488 17390014 17786377
11.814653 -5.0480854 0.31865757 17393499 17789606
11.971609 -4.9999011 0.27706382 17398022 17793646
12.100224 -4.9664111 0.23239909 17401747 17796852
12.264982 -4.9329304 0.16856361 17406502 17800865
12.394932 -4.913832 0.12328341 17410190 17804027
12.558639 -4.8992018 0.054979309 17414872 17807916
12.693864 -4.8959419 -0.006774341 17418758 17811085
12.824928 -4.9018477 -0.08328561 17422624 17814061
12.991641 -4.9242833 -0.18425896 17427597 17817861
13.120306 -4.9543049 -0.27420175 17431565 17820784
13.279988 -5.0085797 -0.38108341 17436583 17824561
13.372995 -5.0490388 -0.43955543 17439568 17826866
13.491516 -5.1097758 -0.50757084 17443436 17829943
13.633626 -5.1959115 -0.58224187 17448203 17833843
13.744517 -5.272991 -0.63261395 17452017 17837071
13.877718 -5.3778279 -0.70098421 17456834 17841094
13.979843 -5.468171 -0.7475291 17460660 17844379
14.101308 -5.5882522 -0.81181021 17465487 17848460
14.196284 -5.6919613 -0.846839 17469358 17851923
14.309628 -5.8250089 -0.88355829 17474129 17856267
14.398098 -5.9354298 -0.90707577 17477955 17859820
14.506273 -6.08046 -0.95280123 17482939 17864273
14.569362 -6.1720615 -0.98255268 17486012 17867000
14.650824 -6.298905 -1.0172531 17490144 17870729
14.745678 -6.456001 -1.0379326 17495050 17875394
14.80622 -6.5601959 -1.0509248 17498267 17878461
14.883104 -6.6962821 -1.0621513 17502408 17882472
14.957349 -6.8307165 -1.0702627 17506460 17886429
15.048583 -6.9993203 -1.0793358 17511512 17891375
15.121552 -7.1378279 -1.0925038 17515670 17895381
15.211967 -7.3157194 -1.1086263 17520968 17900491
15.282983 -7.4596172 -1.1160621 17525195 17904632
15.336368 -7.5694842 -1.1209243 17528409 17907789
15.403343 -7.7095526 -1.1286227 17532502 17911793
15.471111 -7.8543375 -1.1374194 17536721 17915910
15.535983 -7.9945208 -1.1373444 17540749 17919939
15.602604 -8.1389673 -1.139965 17544912 17924071
15.685408 -8.3214385 -1.1496183 17550193 17929240
15.768762 -8.5095755 -1.1578584 17555607 17934558
15.833247 -8.6577561 -1.1628101 17559849 17938743
15.915133 -8.848775 -1.1688203 17565304 17944128
15.963046 -8.9624223 -1.174801 17568555 17947309
16.024548 -9.1104822 -1.1793994 17572762 17951463
16.098234 -9.2925131 -1.192919 17577961 17956505
16.152133 -9.4315082 -1.2088217 17581941 17960300
16.216171 -9.6096645 -1.2426312 17587074 17965040
16.262134 -9.7491209 -1.2622142 17591017 17968756
16.313921 -9.9195901 -1.2895204 17595821 17973243
16.353245 -10.060211 -1.3067138 17599728 17976950
16.399651 -10.236099 -1.3189495 17604543 17981623
16.435856 -10.376017 -1.3162468 17608296 17985407
16.482279 -10.55403 -1.3151322 17613087 17990211
16.509834 -10.659007 -1.3130698 17615905 17993053
16.547715 -10.802475 -1.3122278 17619769 17996927
16.594515 -10.975445 -1.3008854 17624376 18001665
16.632016 -11.110671 -1.2996664 17628028 18005332
16.677581 -11.273523 -1.2962883 17632418 18009761
16.713432 -11.402175 -1.3017604 17635932 18013212
16.748195 -11.527259 -1.2976847 17639294 18016620
16.782354 -11.65018 -1.3018043 17642644 18019923
16.817526 -11.775718 -1.293445 17645995 18023371
16.862918 -11.928468 -1.2704407 17650017 18027660
16.902317 -12.049983 -1.2440758 17653195 18031145
16.954186 -12.194546 -1.208535 17656993 18035356
16.987851 -12.281669 -1.195587 17659354 18037867
17.034736 -12.398815 -1.1846114 17662580 18041221
17.094334 -12.543695 -1.1764534 17666618 18045353
17.144071 -12.661275 -1.1647845 17669879 18048750
17.209581 -12.811634 -1.1550208 17674099 18053083
17.264989 -12.938368 -1.1622519 17677748 18056648
17.332251 -13.099671 -1.189204 17682461 18061049
17.38395 -13.231903 -1.2069968 17686267 18064648
17.454291 -13.424389 -1.2338821 17691767 18069835
17.49695 -13.550057 -1.2531995 17695340 18073184
17.543341 -13.698794 -1.2837196 17699580 18077069
17.5771 -13.817481 -1.3036339 17702913 18080171
17.599838 -13.902389 -1.3146467 17705269 18082399
17.627589 -14.01383 -1.3388329 17708405 18085253
17.646499 -14.096361 -1.3522928 17710691 18087383
17.663757 -14.176253 -1.3637904 17712889 18089447
17.684081 -14.278609 -1.3857812 17715738 18092041
17.70597 -14.403795 -1.4096176 17719190 18095216
17.721225 -14.500138 -1.417892 17721782 18097712
17.731399 -14.569187 -1.4311085 17723678 18099455
17.746386 -14.684838 -1.4527493 17726845 18102370
17.756846 -14.775881 -1.4600621 17729277 18104717
17.76995 -14.893725 -1.460046 17732369 18107809
17.778213 -14.966349 -1.4549637 17734245 18109745
17.787868 -15.042762 -1.4352543 17736139 18111867
17.802776 -15.14337 -1.4121222 17738657 18114654
17.824856 -15.274653 -1.3962131 17742036 18118218
17.843708 -15.377679 -1.3834231 17744693 18121023
17.872784 -15.532896 -1.3878161 17748836 18125115
17.896327 -15.668207 -1.4092448 17752542 18128572
17.91292 -15.779012 -1.4350488 17755613 18131344
17.928836 -15.921652 -1.4843024 17759642 18134800
17.936947 -16.037494 -1.5174739 17762863 18137636
17.940697 -16.212396 -1.5812483 17767795 18141827
17.935762 -16.354624 -1.6297088 17771788 18145256
17.925622 -16.468994 -1.6887498 17775125 18147907
17.902174 -16.610152 -1.7820629 17779398 18151097
17.880386 -16.69657 -1.8534718 17782137 18153006
17.842932 -16.804796 -1.9544562 17785710 18155405
17.794606 -16.907911 -2.0636806 17789314 18157740
17.734731 -17.006366 -2.1706737 17792940 18160123
17.646485 -17.121223 -2.2811618 17797359 18163258
17.568953 -17.203875 -2.3673197 17800815 18165713
17.484977 -17.280122 -2.4414669 17804203 18168240
17.394844 -17.350856 -2.5109476 17807595 18170824
17.274552 -17.432876 -2.5753794 17811765 18174246
17.173293 -17.494774 -2.6104525 17815064 18177137
17.065894 -17.556309 -2.632135 17818417 18180239
16.956692 -17.61545 -2.6583357 17821808 18183325
16.814077 -17.686831 -2.6967384 17826190 18187260
16.699851 -17.739038 -2.7290476 17829652 18190347
16.549449 -17.801779 -2.7637165 17834103 18194395
16.428845 -17.848621 -2.7785505 17837563 18197683
16.270956 -17.907351 -2.7924123 17842036 18201995
16.142125 -17.954101 -2.7945692 17845623 18205556
15.978728 -18.013783 -2.7882036 17850122 18210129
15.84917 -18.063018 -2.7686575 17853622 18213857
15.689448 -18.127298 -2.7492971 17857999 18218459
15.561184 -18.181885 -2.7291561 17861517 18222211
15.468151 -18.223054 -2.7207936 17864121 18224912
15.307522 -18.297682 -2.6925406 17868576 18229695
15.182857 -18.358567 -2.6820054 17872132 18233374
15.027091 -18.436104 -2.6774407 17876643 18237938
14.902962 -18.497049 -2.6929375 17880339 18241453
14.749967 -18.569039 -2.7106454 17884851 18245760
14.627937 -18.623217 -2.7368772 17888485 18249089
14.504078 -18.674382 -2.7628184 17892130 18252433
14.319885 -18.741647 -2.8200946 17897576 18257213
14.165223 -18.789174 -2.8668154 17902066 18261161
14.039424 -18.82084 -2.9231767 17905777 18264216
13.882902 -18.849952 -2.9922263 17910329 18267966
13.755827 -18.864416 -3.0642891 17914083 18270883
13.662747 -18.869063 -3.1191225 17916831 18272994
13.501898 -18.864527 3.0627405 17921616 18276601
13.375028 -18.84905 2.9776538 17925443 18279440
13.249969 -18.822773 2.8913192 17929277 18282271
13.157311 -18.796077 2.8308328 17932143 18284434
13.03846 -18.752974 2.756532 17935871 18287299
12.924488 -18.701466 2.6777346 17939590 18290102
12.785828 -18.623878 2.5851513 17944271 18293707
12.684172 -18.554633 2.5020817 17947961 18296432
12.568079 -18.458902 2.4019634 17952467 18299774
12.501792 -18.394976 2.3467026 17955189 18301855
12.420776 -18.307023 2.2836185 17958674 18304606
12.362643 -18.236833 2.2414016 17961296 18306737
12.286016 -18.136138 2.2011712 17964829 18309803
12.196698 -18.008827 2.163984 17969100 18313642
12.111485 -17.877085 2.1258787 17973413 18317512
12.048043 -17.771692 2.0994314 17976774 18320566
11.970906 -17.633614 2.0610758 17981121 18324468
11.925863 -17.547966 2.0488377 17983716 18326920
11.869287 -17.434979 2.0212167 17987171 18330055
11.800432 -17.287686 1.9949512 17991564 18334142
11.747631 -17.167288 1.9732221 17995118 18337444
11.696759 -17.046027 1.9628286 17998607 18340812
11.646026 -16.922729 1.9594704 18002103 18344269
11.595941 -16.798565 1.9489448 18005656 18347699
11.545509 -16.671196 1.9466749 18009241 18351258
11.49539 -16.542301 1.9365981 18012906 18354806
11.445072 -16.411781 1.9409264 18016528 18358479
11.393575 -16.279336 1.9423165 18020226 18362192
11.34155 -16.146599 1.9463591 18023920 18365933
11.288736 -16.013512 1.9507856 18027628 18369693
11.205935 -15.813071 1.9742937 18033146 18375484
11.133517 -15.64705 1.9899411 18037778 18380298
11.070842 -15.510307 2.0111885 18041577 18384344
10.988005 -15.338816 2.030375 18046432 18389422
10.918 -15.202865 2.0622553 18050234 18393595
10.844408 -15.068445 2.081153 18054121 18397700
10.767397 -14.933884 2.1000616 18058054 18401853
10.6872 -14.799065 2.1147746 18062059 18406029
10.584251 -14.632837 2.1358329 18067035 18411250
10.497057 -14.496752 2.1454277 18071193 18415520
10.387664 -14.329257 2.1532819 18076364 18420782
10.297802 -14.19528 2.1699234 18080474 18425086
10.231227 -14.099377 2.1853058 18083429 18428219
10.110911 -13.932922 2.2080386 18088653 18433707
10.01489 -13.805637 2.2261449 18092705 18437970
9.8886393 -13.647092 2.260419 18097791 18443454
9.8106692 -13.55449 2.2808325 18100829 18446729
9.7019394 -13.431595 2.3093994 18104942 18451174
9.5915495 -13.313495 2.3355275 18109005 18455541
9.4528548 -13.172958 2.3636616 18113991 18460853
9.3400318 -13.063474 2.378767 18118002 18465040
9.1996058 -12.930335 2.3868814 18123001 18470133
9.1158881 -12.852142 2.3937225 18125949 18473160
9.0073057 -12.75238 2.4032883 18129738 18477061
8.8727071 -12.631693 2.4179814 18134367 18481860
8.7668897 -12.538792 2.4242218 18138002 18485568
8.6357548 -12.424852 2.4282648 18142509 18490122
8.5356371 -12.336431 2.408047 18146109 18493487
8.4602465 -12.266434 2.3785049 18148963 18495998
8.3636251 -12.169081 2.3263382 18152843 18499272
8.2740902 -12.067715 2.2622553 18156742 18502426
8.2116076 -11.988348 2.2131878 18159661 18504775
8.136652 -11.882244 2.158472 18163366 18507845
8.0525212 -11.746392 2.0920774 18167919 18511626
8.0060867 -11.663181 2.0674876 18170547 18513968
7.9516637 -11.556799 2.0198478 18173939 18516807
7.8807181 -11.388424 1.9193019 18179288 18520987
7.82345 -11.210877 1.8463223 18184576 18525428
7.7908055 -11.087039 1.8107555 18188122 18528560
7.760742 -10.958693 1.7910173 18191674 18531883
7.7248788 -10.795781 1.7839401 18196065 18536192
7.6855737 -10.625239 1.810687 18200474 18540911
7.6503624 -10.490375 1.8416756 18203928 18544725
7.598749 -10.320419 1.88959 18208281 18549635
7.551443 -10.186573 1.9314667 18211740 18553580
7.5124688 -10.088059 1.96358 18214316 18556530
7.443588 -9.9269402 1.9860099 18218755 18561229
7.3865673 -9.7982614 1.9898255 18222403 18564921
7.3084451 -9.6031531 1.9134769 18228327 18569958
7.2758445 -9.501629 1.8495382 18231478 18572367
7.2357438 -9.2942985 1.6741651 18238004 18576855
7.2317664 -9.1161186 1.5120654 18243593 18580560
7.2495029 -8.9754968 1.3785932 18248064 18583481
7.3087952 -8.7759721 1.1852868 18254615 18587785
7.3512235 -8.684036 1.0915571 18257800 18589881
7.4344905 -8.5481908 0.95025472 18262776 18593215
7.5149972 -8.4470984 0.84629295 18266749 18595981
7.5765952 -8.3818469 0.78209199 18269462 18597948
7.6824666 -8.2829116 0.72099633 18273596 18601371
7.7651091 -8.207871 0.75345558 18276318 18604471
7.8543829 -8.1187029 0.81615549 18279244 18608125
7.9177937 -8.0485304 0.85579006 18281480 18610822
7.9898446 -7.9612795 0.90526303 18284143 18614060
8.04197 -7.8923035 0.94204801 18286184 18616528
8.0899608 -7.8238408 0.97678122 18288162 18618910
8.1366524 -7.7528509 1.0012423 18290236 18621268
8.1828755 -7.6799415 1.0102894 18292434 18623571
8.2578311 -7.5624839 0.99530291 18296155 18627117
8.3293336 -7.4569614 0.95521603 18299711 18630208
8.3915159 -7.3730201 0.91122489 18302691 18632677
8.441452 -7.3108975 0.87622164 18304973 18634552
8.5322611 -7.2073781 0.82520257 18308860 18637846
8.6067868 -7.1294884 0.7897278 18311877 18640451
8.6860067 -7.0524247 0.75347632 18314969 18643122
8.7924406 -6.955658 0.72224346 18318902 18646692
8.8819506 -6.8790827 0.69310646 18322143 18649594
8.9759867 -6.802861 0.66918455 18325438 18652612
9.073445 -6.7271119 0.65223943 18328755 18655732
9.1736779 -6.6525105 0.62742201 18332158 18658846
9.326838 -6.5435869 0.60895095 18337166 18663639
9.4040687 -6.4903744 0.59766883 18339677 18666019
9.5354995 -6.400274 0.60423435 18343794 18670213
9.6434661 -6.3256818 0.60492602 18347212 18673639
9.7806546 -6.2308062 0.60516726 18351560 18677989
9.8909836 -6.1552812 0.59538664 18355103 18681419
10.029019 -6.0623883 0.58931094 18359477 18685722
10.142362 -5.9868547 0.58635278 18363046 18689257
10.281388 -5.8953718 0.57763987 18367436 18693546
10.385188 -5.8283678 0.56878863 18370709 18696716
10.524869 -5.7417984 0.54086388 18375156 18700839
10.636989 -5.6758035 0.5231374 18378652 18704128
10.782005 -5.5957168 0.48601583 18383187 18708233
10.901557 -5.534478 0.46076605 18386837 18711588
11.051018 -5.4640797 0.41961403 18391384 18715657
11.139962 -5.4252851 0.40297066 18394011 18718091
11.262263 -5.3753307 0.37257599 18397632 18721359
11.354402 -5.340798 0.34459518 18400361 18723763
11.479251 -5.2981478 0.31377675 18403980 18727024
11.605562 -5.2593842 0.28175204 18407611 18730283
11.733437 -5.2243089 0.25366971 18411232 18733578
11.89753 -5.1853607 0.2124143 18415869 18737736
12.027538 -5.159906 0.1742801 18419545 18740969
12.127212 -5.1439047 0.14407658 18422353 18743425
12.292392 -5.1246691 0.087783937 18427017 18747435
12.430376 -5.1168711 0.025123759 18430985 18750674
12.633082 -5.1212393 -0.068216079 18436814 18755419
12.802499 -5.1396486 -0.14825971 18441723 18759398
12.933328 -5.1634154 -0.21114727 18445555 18762500
13.061932 -5.1957935 -0.28213253 18449426 18765546
13.221061 -5.2490891 -0.3642266 18454279 18769445
13.343244 -5.2999619 -0.42483922 18458082 18772544
13.492496 -5.3737382 -0.49332527 18462821 18776487
13.603928 -5.437745 -0.54944527 18466498 18779512
13.742914 -5.5299753 -0.62230306 18471271 18783438
13.845987 -5.6073804 -0.66593952 18474886 18786546
13.969323 -5.7104128 -0.72595331 18479425 18790388
14.066008 -5.7996473 -0.76474311 18483081 18793593
14.205004 -5.9429341 -0.83645101 18488703 18798382
14.316094 -6.0716095 -0.88076636 18493394 18802558
14.400199 -6.1779604 -0.9225831 18497172 18805850
14.461863 -6.2612878 -0.94484853 18500005 18808424
14.559197 -6.4010858 -0.98033807 18504653 18812660
14.633225 -6.5137068 -0.99824301 18508271 18816070
14.687703 -6.5993702 -1.0104772 18510989 18818646
14.778803 -6.7497171 -1.0415748 18515754 18823049
14.83223 -6.8426858 -1.0568355 18518639 18825757
14.901021 -6.9673334 -1.0761762 18522464 18829357
14.985521 -7.126872 -1.0912413 18527259 18833977
15.036616 -7.2263504 -1.1013748 18530234 18836834
15.101845 -7.3564453 -1.1106906 18534083 18840575
15.182824 -7.5219066 -1.1206127 18538944 18845321
15.229489 -7.6189495 -1.1245384 18541775 18848106
15.293541 -7.7544103 -1.1336767 18545735 18851960
15.372241 -7.925391 -1.1451647 18550710 18856802
15.435147 -8.0657961 -1.1539902 18554773 18860762
15.511421 -8.2397244 -1.1610452 18559766 18865673
15.573464 -8.3843926 -1.1702723 18563924 18869724
15.647895 -8.5648591 -1.1889544 18569123 18874706
15.703312 -8.7059565 -1.204148 18573164 18878571
15.770713 -8.8864709 -1.222734 18578297 18883487
15.822181 -9.0312679 -1.2358255 18582380 18887419
15.859197 -9.1389531 -1.2435772 18585394 18890343
15.917409 -9.3112043 -1.2462198 18590151 18895069
15.963109 -9.4476923 -1.2491823 18593921 18898805
16.007627 -9.5830057 -1.2567201 18597680 18902475
16.049345 -9.7159583 -1.2767712 18601430 18905992
16.088265 -9.8498364 -1.2989946 18605194 18909499
16.132667 -10.021842 -1.3373438 18610049 18913908
16.164306 -10.161055 -1.3572982 18613888 18917515
16.200145 -10.337302 -1.3830711 18618728 18922055
16.226465 -10.479677 -1.3929226 18622560 18925773
16.256079 -10.656938 -1.4175997 18627390 18930316
16.27813 -10.804008 -1.4263463 18631319 18934143
16.305174 -10.987048 -1.4218635 18636117 18938994
16.330058 -11.131349 -1.378206 18639682 18943066
16.37188 -11.308362 -1.29936 18643967 18948267
16.405402 -11.414825 -1.2321466 18646487 18951568
16.4617 -11.550804 -1.124379 18649698 18956032
16.57459 -11.739005 -0.93661952 18654330 18962845
16.697257 -11.8761 -0.74513958 18658015 18968755
16.81055 -11.9649 -0.58444364 18660835 18973442
16.901417 -12.016852 -0.45432505 18662808 18976927
17.097051 -12.079439 -0.16493246 18666483 18983964
17.297803 -12.079152 0.1677922 18669785 18991132
17.448504 -12.030172 0.4606973 18672215 18996966
17.55438 -11.960981 0.69698124 18674140 19001637
17.65792 -11.846256 0.97621175 18676548 19007289
17.702843 -11.767201 1.1318934 18678014 19010564
17.743251 -11.65473 1.3198626 18680039 19014773
17.766169 -11.501746 1.5243335 18682884 19019994
17.763046 -11.376917 1.6672835 18685310 19024081
17.735046 -11.218808 1.8248594 18688582 19029183
17.69662 -11.096833 1.9271204 18691322 19033112
17.644741 -10.972009 2.0022564 18694410 19037074
17.58631 -10.854109 2.0595857 18697509 19040838
17.522607 -10.738453 2.0889086 18700781 19044451
17.457406 -10.626832 2.110019 18704029 19047945
17.350822 -10.4478 2.1055416 18709489 19053352
17.261204 -10.295014 2.097006 18714157 19057921
17.190748 -10.171248 2.0796134 18717972 19061534
17.12319 -10.049614 2.0759694 18721621 19065141
17.054822 -9.9231236 2.0566719 18725482 19068778
16.989664 -9.7984003 2.0477669 18729203 19072395
16.915469 -9.6504087 2.02327 18733663 19076570
16.859503 -9.5340421 2.0148909 18737078 19079888
16.788856 -9.3828962 2.0011772 18741509 19084159
16.733744 -9.2630414 2.002407 18744941 19087606
16.691649 -9.1720954 2.0061684 18747533 19090241
16.620175 -9.0202049 2.0150658 18751858 19094670
16.560659 -8.897125 2.0273405 18755352 19098306
16.499309 -8.7715956 2.0234394 18759018 19101927
16.436151 -8.6407798 2.0177329 18762839 19105682
16.371868 -8.5035015 1.9997469 18766896 19109530
16.308362 -8.364123 1.996904 18770907 19113507
16.246488 -8.225151 1.9824531 18774957 19117390
16.186999 -8.0883516 1.9795264 18778864 19121263
16.127414 -7.9492661 1.9715743 18782856 19125163
16.053831 -7.7757439 1.972157 18787767 19130081
15.997232 -7.6380336 1.9493345 18791782 19133830
15.944605 -7.5026147 1.9335836 18795662 19137527
15.868298 -7.295422 1.9137632 18801535 19143170
15.807129 -7.1263984 1.9222922 18806173 19147907
15.755645 -6.9891501 1.9370404 18809909 19151815
15.688925 -6.8217981 1.9632964 18814455 19156665
15.631123 -6.68723 1.9897007 18818120 19160637
15.554923 -6.521861 2.0154746 18822718 19165535
15.494089 -6.3966253 2.0304942 18826262 19169253
15.409191 -6.2281978 2.0448768 18831096 19174255
15.357823 -6.1299382 2.060135 18833899 19177235
15.287574 -6.0018631 2.0848393 18837565 19181187
15.213698 -5.8743212 2.1067605 18841281 19185158
15.117914 -5.7170875 2.129125 18845952 19190089
15.037497 -5.59094 2.1475141 18849746 19194097
14.930281 -5.4294158 2.166082 18854693 19199260
14.84103 -5.3003374 2.1854333 18858673 19203464
14.728521 -5.1451537 2.2107811 18863524 19208610
14.631909 -5.0208169 2.2519501 18867390 19212955
14.502306 -4.8703038 2.311421 18872224 19218480
14.390839 -4.7546097 2.3637561 18876109 19222973
14.239433 -4.6161652 2.4380111 18881028 19228754
14.074627 -4.4882673 2.5252369 18885961 19234701
13.894883 -4.3726045 2.6143832 18891016 19240792
13.740344 -4.2914237 2.7014259 18895063 19245850
13.619963 -4.239179 2.7628272 18898128 19249628
13.49591 -4.1953543 2.8411813 18901103 19253514
13.36764 -4.1605083 2.9114854 18904161 19257389
13.149781 -4.1229675 3.0304174 18909234 19263844
13.010481 -4.1123385 3.1004576 18912470 19267894
12.875801 -4.11127 -3.1163248 18915597 19271792
12.740385 -4.1192726 -3.048805 18918742 19275721
12.560742 -4.1432123 -2.969415 18923006 19280908
12.346375 -4.190457 -2.8799223 18928210 19287152
12.174621 -4.2426699 -2.8130227 18932503 19292222
11.937225 -4.3362755 -2.7189955 18938611 19299422
11.75031 -4.4248419 -2.6791995 18943773 19305047
11.599739 -4.4999166 -2.6789267 18948158 19309436
11.412649 -4.5908207 -2.6996777 18953703 19314739
11.258669 -4.6623118 -2.7141627 18958214 19319082
11.067867 -4.7469964 -2.7335942 18963770 19324412
10.91736 -4.8123009 -2.7308267 18968032 19328707
10.733745 -4.8932168 -2.7222017 18973214 19333989
10.626388 -4.9417538 -2.7117659 18976226 19337122
10.48828 -5.0056364 -2.7049311 18980154 19341129
10.312635 -5.0878227 -2.7029576 18985199 19346198
10.176678 -5.1504739 -2.7166022 18989182 19350022
9.9785209 -5.2337995 -2.7704722 18995101 19355314
9.8085635 -5.2946453 -2.825134 19000125 19359704
9.6765054 -5.3333679 -2.8875946 19004077 19362930
9.5771434 -5.3567123 -2.9340741 19007008 19365321
9.4122038 -5.3839605 -3.0216671 19011876 19369171
9.3138762 -5.393166 -3.0748205 19014760 19371438
9.1842506 -5.3982213 -3.1304052 19018466 19374498
9.0260762 -5.3955458 3.0965789 19022918 19378296
8.9027339 -5.3887757 3.0769389 19026253 19381403
8.7519481 -5.3797573 3.0867699 19030135 19385399
8.6330863 -5.3755844 3.1262297 19033007 19388730
8.5143349 -5.3772846 -3.0975978 19035759 19392172
8.3689829 -5.3887344 -3.0283666 19039159 19396376
8.250524 -5.4044398 -2.9911942 19042059 19399708
8.1032421 -5.4292429 -2.9583097 19045762 19403793
8.0032915 -5.4529195 -2.8596856 19047868 19407045
7.9237794 -5.4794056 -2.7804035 19049592 19409691
7.7673898 -5.55225 -2.630972 19053223 19415057
7.6194328 -5.6461778 -2.5209367 19057153 19420267
7.4979175 -5.7398537 -2.4487639 19060735 19424687
7.4012614 -5.8255015 -2.3842477 19063728 19428429
7.2876026 -5.9444903 -2.2823283 19067426 19433312
7.2054123 -6.0487798 -2.194147 19070377 19437287
7.1167195 -6.1927724 -2.0515813 19073958 19442525
7.0606678 -6.3164401 -1.9411083 19076857 19446707
7.0085609 -6.4837439 -1.8043421 19080632 19452071
6.9820443 -6.6207791 -1.7195298 19083778 19456204
6.9616843 -6.8018673 -1.6459859 19088103 19461383
6.9553442 -6.9138379 -1.6087317 19090811 19464523
6.9521036 -7.0607205 -1.5769786 19094457 19468539
6.953078 -7.2075508 -1.5513412 19098137 19472517
6.9563197 -7.3551796 -1.5463418 19101959 19476396
6.9597697 -7.5029183 -1.5485552 19105825 19480237
6.9632332 -7.6865212 -1.5553137 19110653 19484986
6.9662875 -7.8305006 -1.5438587 19114342 19488808
6.9727109 -8.0183052 -1.5293555 19119157 19493792
6.980609 -8.1672808 -1.5063044 19122914 19497816
6.9887548 -8.2784179 -1.4889598 19125719 19500823
7.008329 -8.459621 -1.4374202 19130172 19505875
7.0314367 -8.60621 -1.3914742 19133774 19510011
7.0696643 -8.7875848 -1.3346666 19138278 19515175
7.1051335 -8.9286824 -1.3143716 19141954 19519086
7.1527233 -9.1038745 -1.2967352 19146585 19523923
7.1827556 -9.2108222 -1.2973325 19149485 19526816
7.2216912 -9.3515729 -1.3045011 19153335 19530582
7.2493271 -9.4548155 -1.3139971 19156177 19533314
7.2940854 -9.6264274 -1.3173402 19160821 19537919
7.3299417 -9.7612502 -1.3043833 19164384 19541632
7.3679675 -9.8959241 -1.2868279 19167931 19545383
7.4088563 -10.029055 -1.2587898 19171399 19549178
7.4521063 -10.158865 -1.2395779 19174855 19552857
7.5115911 -10.32363 -1.2090859 19179246 19557602
7.5622848 -10.454129 -1.1914658 19182794 19561355
7.6296488 -10.617556 -1.168177 19187268 19566100
7.6873943 -10.749262 -1.1470135 19190895 19569973
7.7486589 -10.879733 -1.1165663 19194477 19573908
7.8136962 -11.007406 -1.0827405 19198017 19577841
7.8849609 -11.137047 -1.0536172 19201705 19581868
7.9770821 -11.293261 -1.0223337 19206252 19586779
8.0569136 -11.42117 -1.0033139 19210074 19590821
8.1569638 -11.575599 -0.98852555 19214786 19595705
8.2372848 -11.698382 -0.99446604 19218646 19599496
8.3150434 -11.819797 -1.0078804 19222484 19603178
8.391608 -11.9449 -1.035299 19226468 19606843
8.4459885 -12.039294 -1.0609744 19229458 19609535
8.5154282 -12.170089 -1.1044874 19233572 19613143
8.592647 -12.334433 -1.1586127 19238621 19617564
8.6505692 -12.473949 -1.1959561 19242777 19621286
8.725918 -12.681624 -1.2495366 19248849 19626735
8.7715074 -12.82525 -1.2773374 19252940 19630503
8.8118192 -12.965921 -1.3060765 19256923 19634152
8.8588361 -13.143958 -1.3191362 19261800 19638878
8.8955033 -13.289562 -1.329058 19265773 19642735
8.9315923 -13.434864 -1.3256451 19269658 19646659
8.9689209 -13.584865 -1.3281421 19273703 19650676
9.0156881 -13.770723 -1.3204289 19278655 19655718
9.0539557 -13.919696 -1.318284 19282654 19659741
9.1025962 -14.104043 -1.3073633 19287562 19664776
9.1437977 -14.254989 -1.3013005 19291607 19668891
9.195888 -14.439784 -1.2907851 19296552 19673959
9.2385468 -14.586806 -1.2860125 19300516 19677978
9.2896161 -14.762156 -1.2887746 19305295 19682725
9.3304851 -14.903679 -1.2905549 19309146 19686556
9.3924991 -15.11743 -1.2862983 19314925 19692384
9.4241092 -15.223872 -1.2779429 19317772 19695328
9.4779719 -15.400468 -1.2715648 19322549 19700179
9.5227401 -15.542575 -1.2596473 19326365 19704134
9.580572 -15.722599 -1.2602816 19331299 19709060
9.6272538 -15.867321 -1.2572616 19335247 19713043
9.6625386 -15.976222 -1.2576594 19338234 19716026
9.7212356 -16.155735 -1.2518924 19343126 19720984
9.7565179 -16.263342 -1.2560293 19346102 19723913
9.8022325 -16.40613 -1.265872 19350069 19727766
9.8579986 -16.59108 -1.2900211 19355247 19732662
9.9003476 -16.739938 -1.2972317 19359324 19736656
9.9506582 -16.924781 -1.3128743 19364410 19741561
9.9794962 -17.034739 -1.3157444 19367391 19744508
10.017355 -17.184138 -1.3294752 19371490 19748447
10.062852 -17.367062 -1.324571 19376377 19753391
10.099839 -17.511324 -1.3150609 19380205 19757330
10.150022 -17.690197 -1.2794911 19384843 19762381
10.199388 -17.843423 -1.2387538 19388804 19766815
10.271086 -18.025161 -1.151297 19393390 19772418
10.363005 -18.204784 -1.0443164 19398030 19778301
10.473649 -18.370455 -0.91963044 19402500 19784220
10.550234 -18.463679 -0.84651645 19405222 19787791
10.66177 -18.57835 -0.75200233 19408844 19792511
10.783442 -18.683788 -0.67607118 19412601 19797151
10.94632 -18.802422 -0.58294204 19417314 19802946
11.085368 -18.887609 -0.51639567 19421180 19807585
11.229624 -18.962555 -0.44190795 19424986 19812256
11.376852 -19.025944 -0.37120838 19428755 19816847
11.530175 -19.079354 -0.29919829 19432571 19821499
11.689444 -19.12218 -0.22616481 19436447 19826224
11.846935 -19.152781 -0.15765201 19440232 19830806
12.003074 -19.172283 -0.090868558 19443947 19835297
12.20489 -19.184375 -0.028819118 19448859 19840929
12.367606 -19.186038 0.0083816493 19452886 19845388
12.572165 -19.180634 0.044442211 19458012 19850934
12.733201 -19.172069 0.061821298 19462117 19855240
12.899714 -19.160079 0.081944191 19466353 19859710
13.097567 -19.1434 0.086261189 19471505 19864913
13.295739 -19.125104 0.097859115 19476627 19870170
13.456585 -19.10935 0.097410419 19480844 19874381
13.618468 -19.094607 0.084230551 19485160 19878543
13.781027 -19.081286 0.079297215 19489441 19882768
13.941944 -19.068582 0.078275985 19493656 19886971
14.141519 -19.051964 0.087871108 19498823 19892249
14.300183 -19.037727 0.091110147 19502958 19896422
14.493178 -19.018818 0.10422007 19507938 19901554
14.6465 -19.001885 0.1157774 19511893 19905644
14.837884 -18.977703 0.13559191 19516809 19910789
14.990798 -18.954995 0.15925239 19520702 19914958
15.177483 -18.919882 0.21258793 19525346 19920221
15.322451 -18.885444 0.25387102 19528991 19924346
15.506259 -18.833824 0.29369884 19533738 19929556
15.655468 -18.786116 0.32523255 19537640 19933824
15.875164 -18.706083 0.37345973 19543457 19940201
15.983251 -18.662292 0.39641804 19546364 19943376
16.16087 -18.582707 0.44607424 19551151 19948739
16.298684 -18.513521 0.4844498 19554949 19952983
16.402627 -18.45659 0.51772173 19557846 19956267
16.571423 -18.355689 0.55983431 19562730 19961640
16.706773 -18.265515 0.61556916 19566647 19966204
16.867345 -18.140566 0.70697602 19571421 19972041
16.986854 -18.029073 0.79443961 19575175 19976811
17.097343 -17.905876 0.88502196 19578964 19981652
17.2221 -17.735479 0.99260225 19583846 19987784
17.308507 -17.592641 1.0609225 19587802 19992534
17.404762 -17.406599 1.125757 19592887 19998373
17.472909 -17.255371 1.1690841 19596961 20002950
17.547466 -17.06238 1.235181 19601972 20008729
17.59634 -16.906086 1.3002691 19605864 20013377
17.634444 -16.747887 1.3686116 19609710 20018017
17.66117 -16.589807 1.4380158 19613487 20022601
17.676947 -16.432164 1.5040827 19617234 20027116
17.681194 -16.237018 1.5939915 19621802 20032728
17.672713 -16.08243 1.6572089 19625472 20037133
17.655387 -15.930489 1.7114606 19629144 20041436
17.624188 -15.746134 1.7654255 19633706 20046625
17.593077 -15.601697 1.8004695 19637355 20050681
17.558001 -15.460538 1.8282327 19640987 20054635
17.52039 -15.320864 1.8394381 19644694 20058472
17.472006 -15.149086 1.8512606 19649279 20063194
17.432767 -15.013843 1.8551038 19652928 20066889
17.393598 -14.882014 1.8641063 19656462 20070527
17.362481 -14.779362 1.8661417 19659247 20073336
17.310274 -14.607404 1.8649653 19663940 20078015
17.268399 -14.466833 1.8556711 19667819 20081786
17.228409 -14.329083 1.8510077 19671586 20085499
17.188545 -14.188948 1.8448832 19675421 20089263
17.150967 -14.052512 1.8342373 19679173 20092891
17.105994 -13.882032 1.8232077 19683835 20097424
17.073073 -13.751811 1.8136239 19687393 20100871
17.033424 -13.588117 1.8032387 19691845 20105203
17.004425 -13.462094 1.7907052 19695290 20108502
16.970747 -13.307419 1.7796587 19699482 20112565
16.940178 -13.159739 1.7701552 19703470 20116443
16.918113 -13.048606 1.7634379 19706463 20119358
16.89775 -12.941393 1.7535512 19709366 20122146
16.879561 -12.840365 1.7442938 19712097 20124769
16.854036 -12.689358 1.7321963 19716160 20128693
16.834746 -12.567814 1.724197 19719416 20131855
16.820325 -12.47277 1.7185431 19721955 20134329
16.803114 -12.353101 1.7087399 19725165 20137425
16.788088 -12.23986 1.6966865 19728214 20140333
16.777419 -12.152776 1.6887157 19730548 20142575
16.767403 -12.065837 1.6822879 19732867 20144820
16.758589 -11.985151 1.6769162 19735015 20146905
16.750645 -11.908637 1.6715869 19737052 20148880
16.743382 -11.834333 1.6648691 19739038 20150788
16.736573 -11.75987 1.6591096 19741021 20152704
16.731549 -11.701773 1.6550148 19742565 20154201
16.724842 -11.620424 1.6510894 19744717 20156306
16.717783 -11.528971 1.6445732 19747146 20158660
16.70863 -11.402012 1.6409568 19750486 20161958
16.701031 -11.293405 1.6403424 19753329 20164794
16.691123 -11.14548 1.6350126 19757226 20168629
16.68358 -11.022409 1.6290112 19760476 20171809
16.678422 -10.926551 1.6200932 19763031 20174261
16.671332 -10.760349 1.6067706 19767446 20178521
16.667364 -10.623465 1.5927744 19771098 20182011
16.665068 -10.44367 1.5743639 19775894 20186592
16.665555 -10.297637 1.5605489 19779782 20190320
16.667873 -10.110001 1.5563356 19784700 20195189
16.670248 -9.9549715 1.554625 19788753 20199222
16.671815 -9.8366075 1.5604904 19791805 20202343
16.67336 -9.639368 1.5654337 19796920 20207515
16.67335 -9.4778828 1.5762833 19801068 20211789
16.669474 -9.226861 1.5961901 19807499 20218451
16.664058 -9.0613293 1.6108191 19811732 20222854
16.652742 -8.8514704 1.6385109 19817052 20228495
16.639392 -8.6863259 1.6644149 19821222 20232966
16.617487 -8.487114 1.6962111 19826263 20238377
16.59581 -8.3299283 1.7194624 19830265 20242650
16.565401 -8.1464084 1.7505429 19834935 20247681
16.537877 -8.0024596 1.7689059 19838650 20251609
16.501165 -7.825202 1.7811325 19843300 20256400
16.46998 -7.681285 1.7872417 19847104 20260276
16.420221 -7.4624412 1.801496 19852873 20266211
16.384446 -7.3127627 1.809309 19856841 20270269
16.338392 -7.1283047 1.8216234 19861727 20275298
16.299423 -6.9775883 1.8260144 19865761 20279383
16.249279 -6.7890054 1.8353418 19870795 20284526
16.207349 -6.6353572 1.8390709 19874926 20288700
16.153367 -6.4452267 1.8558045 19879983 20293951
16.107214 -6.2932588 1.8754834 19884010 20298207
16.070605 -6.1801852 1.8923456 19887011 20301404
16.017165 -6.0258919 1.91609 19891131 20305800
15.959456 -5.8736449 1.9501273 19895179 20310243
15.896521 -5.7245039 1.9900995 19899168 20314697
15.827168 -5.5785458 2.0386419 19903099 20319192
15.730688 -5.4021132 2.1037723 19907965 20324814
15.64425 -5.2651068 2.1634893 19911842 20329386
15.522499 -5.0997037 2.2471796 19916711 20335227
15.417419 -4.9763784 2.3057847 19920596 20339793
15.245883 -4.8011382 2.3852433 19926528 20346649
15.123472 -4.6911576 2.4340188 19930536 20351223
14.994443 -4.5867434 2.48848 19934548 20355868
14.862798 -4.4915018 2.5420927 19938473 20360416
14.689342 -4.38166 2.6120655 19943420 20366176
14.545722 -4.3026029 2.6647237 19947389 20370757
14.359412 -4.2161767 2.7497846 19952251 20376607
14.203475 -4.1575572 2.8142487 19956220 20381325
14.006117 -4.0991483 2.8934577 19961127 20387152
13.8899 -4.0731567 2.9496721 19963906 20390584
13.72206 -4.0475672 3.0309167 19967861 20395484
13.51561 -4.0342348 3.1232885 19972719 20401415
13.355826 -4.0369225 -3.08965 19976478 20405990
13.231943 -4.0464962 -3.0392812 19979425 20409523
13.03713 -4.0743977 -2.9593945 19984093 20415119
12.881362 -4.1071726 -2.9090239 19987951 20419562
12.690549 -4.1590594 -2.8431522 19992725 20425101
12.538873 -4.2092415 -2.8010048 19996646 20429512
12.322115 -4.2935302 -2.740446 20002358 20435928
12.148673 -4.3705708 -2.7067227 20007111 20441073
12.013449 -4.4329902 -2.7115434 20011023 20444928
11.844813 -4.5064806 -2.7496898 20016041 20449503
11.742273 -4.5463296 -2.792178 20019157 20452125
11.604539 -4.5921643 -2.8485099 20023269 20455583
11.433087 -4.6377344 -2.9151091 20028282 20459822
11.295877 -4.6670328 -2.9473368 20032128 20463294
11.125874 -4.6976376 -2.9796137 20036820 20467610
10.992029 -4.7179344 -3.0025741 20040483 20471007
10.891141 -4.7305321 -3.0321616 20043306 20473486
10.79464 -4.7394427 -3.0668725 20046035 20475812
10.634906 -4.7477461 -3.1124418 20050470 20479718
10.506863 -4.7493266 3.1371276 20054005 20482861
10.348792 -4.7459579 3.1034418 20058323 20486789
10.223445 -4.7398683 3.0826559 20061716 20489940
10.069017 -4.728955 3.0594257 20065888 20493842
9.9484053 -4.7181642 3.0453013 20069128 20496918
9.8561979 -4.7088445 3.0364213 20071596 20499283
9.7054642 -4.6919 3.0228771 20075630 20503159
9.5857269 -4.6771941 3.0158959 20078816 20506265
9.4110209 -4.654429 3.0081388 20083456 20510814
9.2932814 -4.6394792 3.0224508 20086467 20513992
9.1771779 -4.6267224 3.0418647 20089400 20517150
9.0604836 -4.6158277 3.0551383 20092379 20520283
8.971934 -4.6085291 3.0635717 20094647 20522649
8.8275703 -4.5967123 3.056269 20098467 20526384
8.680099 -4.5819643 3.0275662 20102498 20530082
8.5351312 -4.5620795 2.9829873 20106572 20533638
8.423095 -4.5417335 2.9409097 20109786 20536363
8.2848185 -4.5099779 2.8907978 20113777 20539771
8.1803939 -4.4804245 2.8407876 20116897 20542311
8.0550289 -4.4376884 2.7853195 20120673 20545442
7.9592493 -4.3986471 2.7237582 20123728 20547782
7.8488143 -4.3398247 2.5805874 20127823 20550213
7.7689253 -4.282099 2.4511662 20131145 20552031
7.6976143 -4.2151745 2.324666 20134430 20553846
7.6216034 -4.1201734 2.1665369 20138521 20556100
7.583712 -4.0576214 2.0643421 20141022 20557413
7.5525974 -3.9921313 1.9643162 20143493 20558723
7.5288958 -3.9270947 1.8762284 20145810 20560016
7.5067663 -3.8390708 1.7579637 20148864 20561696
7.495583 -3.7519748 1.6390342 20151845 20563294
7.4947346 -3.6683319 1.522844 20154701 20564801
7.5033611 -3.5864644 1.4087792 20157510 20566285
7.5259787 -3.4888941 1.2772432 20160886 20568132
7.5516999 -3.4164465 1.1820496 20163444 20569584
7.5748226 -3.3650438 1.1141116 20165308 20570659
7.6175612 -3.2883485 1.0106931 20168199 20572347
7.6555906 -3.2295816 0.98220066 20170189 20574007
7.7072353 -3.1500683 1.0073287 20172516 20576625
7.7484937 -3.0783153 1.0905882 20174190 20579267
7.7828725 -3.0026735 1.197832 20175734 20582057
7.8134302 -2.9042535 1.3416695 20177585 20585580
7.8293258 -2.8053775 1.4811243 20179387 20589002
7.8330823 -2.7222526 1.5701476 20181039 20591688
7.8281128 -2.6092755 1.6593633 20183470 20595156
7.8170058 -2.5127647 1.7113926 20185701 20597991
7.7957394 -2.3806364 1.7493673 20188970 20601701
7.7746144 -2.2671995 1.7604603 20191914 20604775
7.7521546 -2.1496124 1.7585979 20195047 20607886
7.7296452 -2.0279741 1.7489594 20198328 20611055
7.7140708 -1.9357147 1.7271008 20200895 20613368
7.6972385 -1.8135235 1.6882756 20204337 20616359
7.6810577 -1.6308577 1.6300197 20209457 20620802
7.674946 -1.4758068 1.5903665 20213734 20624618
7.6738953 -1.3474442 1.567596 20217213 20627833
7.6757606 -1.1872262 1.5507141 20221490 20631913
7.67884 -1.0588574 1.5429103 20224883 20635216
7.6812319 -0.96062965 1.5499903 20227404 20637819
7.6838998 -0.83319538 1.5497378 20230729 20641142
7.6867382 -0.70512177 1.5475379 20234083 20644469
7.6902221 -0.57940863 1.5386423 20237414 20647697
7.6967702 -0.422695 1.5194308 20241615 20651675
7.7016804 -0.32911106 1.5173221 20244071 20654107
7.7084593 -0.20462314 1.5154697 20247333 20657347
7.7150043 -0.078108137 1.5227483 20250594 20660693
7.720123 0.046097034 1.5364682 20253756 20664014
7.7235987 0.16812048 1.548172 20256871 20667265
7.7248877 0.28845181 1.5719972 20259871 20670541
7.7233902 0.40533379 1.5952193 20262784 20673724
7.7186804 0.54544825 1.6135746 20266333 20677487
7.7132992 0.64924471 1.631614 20268938 20680302
7.7057189 0.753267 1.6554656 20271519 20683160
7.6951182 0.85454633 1.6947031 20273947 20686043
7.6749341 0.97800248 1.7710061 20276765 20689749
7.6508745 1.075954 1.8523053 20278923 20692851
7.5989894 1.2193661 1.9835665 20282137 20697590
7.5412257 1.3321172 2.1049227 20284736 20701599
7.4845019 1.4193456 2.1898287 20286956 20704805
7.4022046 1.5261905 2.2644345 20290039 20708756
7.3311291 1.6080525 2.307131 20292618 20711831
7.217655 1.727223 2.3562964 20296623 20716407
7.0936237 1.8439168 2.4170356 20300711 20721201
7.0045694 1.9193937 2.4600229 20303505 20724494
6.9107793 1.9923544 2.5009067 20306366 20727830
6.8134312 2.0617546 2.5436052 20309236 20731196
6.7101454 2.1284138 2.5933317 20312152 20734690
6.6019845 2.1916045 2.6323688 20315192 20738184
6.4869162 2.2522771 2.6803589 20318305 20741854
6.3371792 2.3214875 2.7368988 20322278 20746484
6.2137022 2.3702034 2.794715 20325403 20750282
6.0516377 2.4221486 2.8681185 20329415 20755146
5.9169487 2.4555483 2.9289205 20332680 20759118
5.8147845 2.4751786 2.9746025 20335127 20762096
5.6037535 2.5008614 3.0663706 20340138 20768172
5.4241417 2.5080454 3.1368628 20344415 20773269
5.2779497 2.5051474 -3.0972221 20347943 20777367
5.0938701 2.4917397 -3.0405467 20352427 20782509
4.9425024 2.4737259 -3.0057394 20356199 20786686
4.7583146 2.4451385 -2.9694866 20360849 20791757
4.6095673 2.4188216 -2.963477 20364753 20795731
4.4238675 2.3859299 -2.9690983 20369703 20800616
4.2760105 2.3617537 -2.9899341 20373731 20804402
4.0896093 2.3338313 -2.9958679 20378680 20809282
3.9413351 2.3122647 -2.9984421 20382602 20813174
3.7590219 2.28372 -2.9741249 20387273 20818128
3.6175499 2.2577413 -2.945845 20390859 20822043
3.4411552 2.2190823 -2.9058391 20395336 20826984
3.3011949 2.1840382 -2.8866614 20398987 20830858
3.1269096 2.1374779 -2.8744174 20403620 20835633
2.9888947 2.0995447 -2.8723173 20407340 20839377
2.85239 2.0620489 -2.8747203 20411045 20843055
2.7203175 2.0269527 -2.8890012 20414691 20846535
2.5883187 1.9930286 -2.891067 20418257 20850077
2.4258955 1.9530581 -2.9095307 20422726 20854331
2.2984183 1.9238311 -2.9229001 20426214 20857664
2.1703227 1.8973481 -2.9525413 20429797 20860903
2.0753719 1.8805269 -2.9799696 20432471 20863258
1.9173589 1.8584569 -3.0256664 20436897 20867153
1.7954455 1.8465752 -3.0632126 20440309 20870129
1.6423418 1.8374525 -3.1009433 20444528 20873909
1.5517408 1.8348578 -3.1249793 20447031 20876133
1.4292292 1.8344694 3.1313199 20450382 20879171
1.308304 1.8369962 3.1100802 20453659 20882202
1.1552324 1.8433103 3.0906528 20457767 20886084
1.0375735 1.8499983 3.0789708 20460908 20889089
0.88687788 1.8587817 3.0877745 20464793 20893076
0.77026141 1.8632366 3.1190458 20467654 20896301
0.59714655 1.8574272 -3.0519547 20471519 20901469
0.46328052 1.8344616 -2.8914253 20474128 20905944
0.38998099 1.8109259 -2.7703798 20475432 20908654
0.30447925 1.7684703 -2.5910423 20476880 20912185
0.22832747 1.7096367 -2.3765463 20478143 20915941
0.18465151 1.6602334 -2.2129351 20478912 20918611
0.12699962 1.5444414 -1.8525763 20480191 20924077
0.11340744 1.4440005 -1.5580327 20481123 20928432
0.12417544 1.3638451 -1.3164809 20481828 20931944
0.16209923 1.2727213 -1.0363613 20482775 20936145
0.21117426 1.2067735 -0.8257379 20483695 20939512
0.29340878 1.1359554 -0.59615114 20485191 20943676
0.37478891 1.0898163 -0.4353886 20486696 20947049
0.4915875 1.0465084 -0.27476222 20489011 20951231
0.5955525 1.0224497 -0.18005491 20491244 20954564
0.70688418 1.0055144 -0.12186289 20493842 20957838
0.81983232 0.99358474 -0.088597348 20496610 20960993
0.94671513 0.9843041 -0.057429323 20499747 20964492
1.1056458 0.97739887 -0.029412275 20503732 20968803
1.2341194 0.97631869 0.012597087 20506838 20972397
1.3652099 0.98056448 0.052156734 20510028 20976047
1.500066 0.99111242 0.103958 20513255 20979875
1.6344176 1.0087978 0.15780651 20516476 20983721
1.7685503 1.0333095 0.2036896 20519764 20987543
1.9012139 1.0637434 0.24731982 20523060 20991346
2.0350836 1.0995592 0.27551888 20526510 20995124
2.2045267 1.1492336 0.29482614 20531002 20999840
2.3415379 1.1908972 0.29558218 20534732 21003579
2.4757723 1.2316451 0.29385329 20538400 21007227
2.6113267 1.2722711 0.28851343 20542121 21010886
2.7134188 1.3023761 0.2849947 20544917 21013641
2.846161 1.3406328 0.27620363 20548570 21017192
2.9785601 1.3773158 0.26436344 20552222 21020706
3.1051926 1.4106018 0.24971798 20555721 21024035
3.2345881 1.4420662 0.22735204 20559323 21027377
3.3316041 1.4637937 0.21329338 20561997 21029888
3.4922755 1.4963868 0.18698598 20566425 21034010
3.6230994 1.5201157 0.1718735 20569980 21037389
3.8175046 1.552426 0.15751714 20575202 21042445
3.9773358 1.5777905 0.15724947 20579424 21046663
4.1075739 1.598115 0.15236513 20582889 21050072
4.2097395 1.6134206 0.14504633 20585626 21052723
4.3755342 1.6370196 0.13773264 20590035 21057048
4.5117767 1.6550314 0.1251507 20593692 21060558
4.6471545 1.6720487 0.12494158 20597251 21064115
4.7864037 1.6889247 0.11626802 20600959 21067722
4.9203337 1.7046433 0.11739067 20604469 21071245
5.0926555 1.7239678 0.10596023 20609057 21075700
5.2325806 1.7385745 0.10206547 20612748 21079346
5.4068762 1.7551241 0.087269165 20617399 21083825
5.5473532 1.7674913 0.088353052 20621070 21087509
5.68456 1.7788983 0.077540212 20624723 21091036
5.8594102 1.7917891 0.069643309 20629341 21095562
5.9974628 1.8002618 0.052948481 20633044 21099072
6.1340017 1.8058945 0.029511133 20636744 21102499
6.2673803 1.8071732 -0.010337607 20640453 21105745
6.4792704 1.7962148 -0.093004379 20646466 21110798
6.6511917 1.7745181 -0.1580718 20651363 21114938
6.7857165 1.7511134 -0.18644099 20655088 21118334
6.9187453 1.7247332 -0.2050873 20658733 21121762
7.0556391 1.695541 -0.21511288 20662441 21125354
7.1917423 1.6664317 -0.2062921 20666019 21129034
7.3558371 1.6333426 -0.19166349 20670299 21133484
7.4921472 1.6078815 -0.17765664 20673834 21137182
7.6606924 1.5787041 -0.16517293 20678222 21141715
7.7993755 1.556672 -0.14992597 20681795 21145465
7.9695659 1.5330606 -0.1257848 20686135 21150085
8.1075569 1.5175829 -0.097610701 20689592 21153870
8.2776369 1.5032314 -0.070752387 20693887 21158477
8.4136814 1.495564 -0.041847537 20697272 21162198
8.6185775 1.4906073 -0.0065250328 20702411 21167747
8.7906206 1.4925906 0.029579455 20706688 21172444
8.9286702 1.4991555 0.065458403 20710083 21176256
9.1006973 1.5145549 0.11309991 20714310 21181036
9.2384 1.5323295 0.14363934 20717753 21184834
9.3750325 1.5530578 0.15748195 20721276 21188518
9.5141199 1.5738091 0.13872464 20725052 21192076
9.6516525 1.5900794 0.096784498 20728907 21195444
9.757635 1.5977011 0.0467966 20731968 21197924
9.9327892 1.5998123 -0.022690845 20736940 21202088
10.07188 1.5927657 -0.078545353 20740896 21205395
10.244715 1.5758986 -0.1160204 20745642 21209706
10.379308 1.5587616 -0.13726633 20749303 21213120
10.549621 1.5356109 -0.13293947 20753760 21217627
10.685451 1.5177862 -0.12802372 20757304 21221228
10.851055 1.4985721 -0.10299185 20761505 21225721
10.98929 1.4859129 -0.079654436 20764990 21229476
11.157908 1.4759066 -0.038892123 20769157 21234118
11.292573 1.4721586 -0.016758025 20772542 21237759
11.391967 1.4712872 -0.00077518135 20775041 21240444
11.562359 1.4728386 0.018984815 20779369 21245002
11.701184 1.4751252 0.013953684 20783019 21248593
11.873398 1.4775532 0.014241528 20787508 21253086
12.014014 1.4794433 0.012639995 20791185 21256744
12.190469 1.4829113 0.026662889 20795705 21261427
12.3289 1.4877152 0.042714219 20799224 21265132
12.46687 1.4956549 0.07225226 20802656 21268908
12.639091 1.509728 0.090816527 20807054 21273521
12.811509 1.5269981 0.10884529 20811468 21278145
12.949261 1.5423508 0.1131426 20815057 21281784
13.115872 1.5620892 0.12269787 20819376 21286214
13.252114 1.5788093 0.12152697 20822962 21289787
13.355773 1.5921175 0.13384575 20825616 21292583
13.488611 1.6105108 0.14133337 20829069 21296124
13.651218 1.6355342 0.16404844 20833228 21300546
13.816283 1.6646698 0.18537273 20837474 21305041
13.948226 1.6906475 0.20342537 20840876 21308652
14.077707 1.7179491 0.21219339 20844276 21312154
14.175119 1.7391328 0.21607258 20846853 21314776
14.304366 1.7678455 0.22113093 20850276 21318257
14.432481 1.7966495 0.22117553 20853700 21321682
14.590438 1.8323046 0.22283748 20857912 21325914
14.711586 1.8589241 0.20974114 20861223 21329072
14.866672 1.8903772 0.19045123 20865461 21333086
14.985814 1.9120286 0.16908085 20868743 21336120
15.141419 1.9360222 0.1369004 20873036 21340039
15.267158 1.9520415 0.11653667 20876459 21343225
15.394812 1.9655323 0.09404721 20879937 21346442
15.518972 1.9765317 0.08267191 20883253 21349626
15.638111 1.9851858 0.062350727 20886486 21352623
15.784332 1.992365 0.035767945 20890458 21356286
15.902142 1.9952325 0.012901641 20893664 21359226
16.046028 1.9949915 -0.016250669 20897585 21362809
16.161043 1.9928157 -0.021580562 20900616 21365777
16.309948 1.9889783 -0.029950256 20904549 21369613
16.42407 1.9862773 -0.017375523 20907452 21372663
16.606884 1.9851083 0.0045865376 20912092 21377557
16.78804 1.9893018 0.04170284 20916601 21382498
16.940301 1.9969168 0.05823899 20920481 21386569
17.033192 2.0031246 0.07522213 20922809 21389096
17.157157 2.014644 0.110094 20925853 21392545
17.310016 2.0363032 0.17142047 20929523 21396927
17.428078 2.0616805 0.25203305 20932203 21400544
17.57209 2.1087912 0.38028054 20935409 21405240
17.678893 2.159217 0.5019445 20937782 21409027
17.775085 2.2213146 0.64454975 20939939 21412841
17.857872 2.2945468 0.8039178 20941896 21416649
17.924606 2.3767795 0.974214 20943668 21420400
17.981259 2.4862506 1.2122476 20945499 21424997
18.004844 2.5775005 1.4234899 20946729 21428682
18.005512 2.682903 1.705424 20947840 21433068
17.992891 2.739373 1.8759533 20948358 21435568
17.963267 2.8057329 2.1053819 20948920 21438796
17.911532 2.8704142 2.3854966 20949453 21442583
17.861772 2.9078333 2.6081448 20949783 21445500
17.820704 2.9277815 2.7706817 20950029 21447635
17.778519 2.9405526 2.9245763 20950284 21449678
17.70475 2.9475039 -3.112482 20950786 21453040
17.642689 2.9400396 -2.9313078 20951364 21455723
17.56429 2.9159715 -2.7561507 20952484 21458879
17.501423 2.8868299 -2.6589215 20953726 21461251
17.417056 2.8386256 -2.5860681 20955837 21464208
17.349842 2.7963526 -2.5742738 20957839 21466347
17.260707 2.7415585 -2.6065442 20960755 21468887
17.185021 2.6985996 -2.6441409 20963242 21470938
17.090732 2.6503503 -2.6930942 20966289 21473416
17.015822 2.6165851 -2.7431423 20968722 21475268
16.920041 2.5804023 -2.8176561 20971825 21477505
16.860622 2.5620619 -2.8667638 20973732 21478841
16.77815 2.5421543 -2.9427091 20976385 21480612
16.695374 2.5287644 -3.0197312 20979019 21482351
16.590369 2.520435 -3.1051386 20982262 21484601
16.475529 2.5205394 3.1033195 20985691 21487162
16.381943 2.5260603 3.0620166 20988375 21489367
16.311539 2.5324293 3.0407351 20990342 21491086
16.19218 2.5453996 3.0259666 20993559 21494131
16.092985 2.5563585 3.0371518 20996096 21496798
15.994514 2.5656589 3.0576983 20998556 21499497
15.892367 2.5730014 3.0819692 21001085 21502308
15.812224 2.5769242 3.1033993 21003053 21504525
15.705109 2.5794246 3.1331086 21005675 21507492
15.566348 2.5785376 -3.1203238 21009120 21511283
15.451472 2.5747305 -3.0966045 21011979 21514418
15.308417 2.5662243 -3.0677994 21015549 21518322
15.18518 2.5559397 -3.048863 21018664 21521657
14.999472 2.5373357 -3.0346306 21023448 21526606
14.812277 2.5177807 -3.0403836 21028389 21531481
14.715314 2.508495 -3.0518542 21030996 21533954
14.583195 2.497886 -3.0710758 21034563 21537299
14.449966 2.4899383 -3.0929419 21038171 21540652
14.314108 2.4842495 -3.1065464 21041796 21544119
14.141727 2.4782005 -3.1064857 21046293 21548617
14.001467 2.4722104 -3.0913382 21049866 21552365
13.860049 2.4641167 -3.0775064 21053479 21556139
13.721209 2.4542476 -3.0637522 21057029 21559849
13.580777 2.4422146 -3.0484808 21060615 21563613
13.474155 2.4313442 -3.0315015 21063311 21566506
13.299254 2.4091496 -2.9992364 21067721 21571291
13.161135 2.3878462 -2.9778813 21071241 21575059
12.988323 2.3576161 -2.9589469 21075706 21579744
12.85593 2.3331267 -2.9584225 21079214 21583258
12.752924 2.3142534 -2.9623364 21081967 21585966
12.580427 2.2862727 -2.9992305 21086738 21590308
12.440965 2.2689875 -3.0373274 21090624 21593751
12.302929 2.2574505 -3.0790869 21094479 21597121
12.134455 2.2518616 -3.1377743 21099215 21601175
12.0321 2.2533209 3.1092605 21102094 21603634
11.831373 2.2673015 3.0348496 21107773 21608449
11.732629 2.2792623 3.007251 21110527 21610882
11.602515 2.29908 2.9736385 21114155 21614119
11.434939 2.3306508 2.9371172 21118813 21618353
11.266488 2.3667208 2.9241828 21123381 21622770
11.1291 2.3973277 2.9206083 21127072 21626420
10.958655 2.43467 2.9312182 21131560 21631031
10.819682 2.4634184 2.9439963 21135186 21634806
10.641842 2.496277 2.973781 21139729 21639695
10.5339 2.5136589 2.9900838 21142485 21642641
10.388898 2.5338524 3.0163547 21146150 21646611
10.207135 2.554751 3.03788 21150796 21651507
10.09354 2.5656763 3.0535409 21153681 21654574
9.9441509 2.5776239 3.0700309 21157493 21658577
9.7604763 2.5877352 3.1031657 21162097 21663567
9.6519328 2.5907393 3.1246818 21164804 21666523
9.5034467 2.5901264 -3.1164276 21168431 21670639
9.3946273 2.585947 -3.0899817 21171117 21673633
9.2835618 2.5793543 -3.0746256 21173929 21676623
9.173262 2.5715137 -3.0666287 21176766 21679553
8.9932669 2.5571202 -3.0569638 21181419 21684318
8.8473965 2.5443055 -3.050973 21185202 21688171
8.6735488 2.5271234 -3.0351834 21189666 21692818
8.5711545 2.5155908 -3.0236878 21192286 21695572
8.4404665 2.4987137 -3.0026386 21195600 21699130
8.2756312 2.4721161 -2.9605869 21199709 21703728
8.1472499 2.4448916 -2.9046714 21202807 21707475
7.9903191 2.398982 -2.8093035 21206516 21712293
7.8629201 2.348086 -2.7137293 21209538 21716426
7.7132323 2.2672454 -2.5790947 21213192 21721644
7.6017973 2.1888448 -2.4778757 21216157 21725785
7.4733077 2.076251 -2.3661922 21219963 21730888
7.3747657 1.9719865 -2.2897786 21223260 21735073
7.2597168 1.8322486 -2.229412 21227629 21740144
7.1662249 1.7092182 -2.2118062 21231556 21744276
7.0520943 1.5539358 -2.1974331 21236498 21749384
6.9568104 1.4199169 -2.1802662 21240686 21753772
6.8689253 1.2885148 -2.140318 21244576 21758126
6.7660634 1.1185837 -2.0899121 21249463 21763599
6.6924082 0.97985582 -2.0278537 21253198 21768055
6.6128398 0.80457268 -1.9659935 21257858 21773434
6.5560204 0.65790871 -1.9148156 21261662 21777833
6.4948192 0.47418638 -1.8698897 21266451 21783143
6.4507874 0.32112228 -1.831915 21270383 21787517
6.4047989 0.12984237 -1.7815721 21275221 21792939
6.3821906 0.016583349 -1.7540724 21278073 21796111
6.3559176 -0.13956108 -1.7209186 21282009 21800432
6.3354022 -0.29018443 -1.6914148 21285801 21804567
6.3181407 -0.44703649 -1.6693947 21289788 21808810
6.3039381 -0.59880743 -1.6588129 21293702 21812846
6.286809 -0.79093455 -1.66062 21298742 21817866
6.2722321 -0.94080334 -1.6748917 21302751 21821709
6.2508995 -1.1266374 -1.6952878 21307747 21826468
6.2316218 -1.2707485 -1.7122661 21311637 21830161
6.2045345 -1.4508103 -1.7279535 21316477 21834818
6.1812317 -1.5958165 -1.7323192 21320332 21838622
6.1532441 -1.7746656 -1.7197296 21324979 21843416
6.1336031 -1.9139582 -1.7020267 21328544 21847187
6.1117947 -2.0960749 -1.6779298 21333187 21852110
6.0973018 -2.2415569 -1.6622474 21336908 21856013
6.0878911 -2.3491286 -1.6538687 21339675 21858878
6.0765919 -2.4930771 -1.644391 21343385 21862698
6.0660595 -2.6385736 -1.6417289 21347174 21866517
6.0558925 -2.7822873 -1.6411181 21350927 21870277
6.0457256 -2.9272907 -1.6404757 21354714 21874072
6.0340752 -3.0994714 -1.6362387 21359189 21878596
6.0254514 -3.2284377 -1.6388913 21362575 21881951
6.0142624 -3.3839176 -1.6463827 21366683 21885972
6.0046848 -3.5023364 -1.6566172 21369841 21889011
5.9972148 -3.5853322 -1.6644995 21372059 21891138
5.9892171 -3.6671323 -1.672016 21374246 21893238
5.9744771 -3.804365 -1.683574 21377912 21896770
5.9619839 -3.9093337 -1.6949418 21380735 21899460
5.9454312 -4.0343675 -1.7098912 21384111 21902662
5.931011 -4.1331624 -1.721576 21386782 21905198
5.9125995 -4.2498519 -1.7330005 21389929 21908212
5.8974469 -4.3395611 -1.7432496 21392361 21910524
5.8775238 -4.4497453 -1.7561105 21395355 21913369
5.8610458 -4.5357812 -1.7639477 21397685 21915608
5.8364277 -4.6561823 -1.7810204 21400989 21918714
5.8149544 -4.7535252 -1.7948056 21403668 21921233
5.7973158 -4.8308408 -1.7953868 21405739 21923297
5.7755336 -4.9285189 -1.7850245 21408289 21925967
5.7616848 -4.9937682 -1.7748495 21409969 21927766
5.7396505 -5.1055808 -1.7558862 21412831 21930847
5.7177211 -5.2289217 -1.7376192 21415991 21934220
5.7002261 -5.3362353 -1.7271844 21418766 21937116
5.6871923 -5.4207854 -1.720309 21420957 21939387
5.661772 -5.5950138 -1.7110439 21425494 21944032
5.6438415 -5.7237779 -1.7072701 21428862 21947444
5.6262595 -5.8530454 -1.7046886 21432249 21950861
5.6083318 -5.9861935 -1.7045836 21435752 21954365
5.5861823 -6.1510335 -1.7041486 21440086 21958704
5.5686214 -6.2804385 -1.7072055 21443509 21962092
5.5454863 -6.4417493 -1.7192837 21447829 21966271
5.5256341 -6.5713865 -1.7262207 21451289 21969650
5.5096074 -6.6731887 -1.7276685 21453984 21972329
5.4831962 -6.8430643 -1.7224027 21458437 21976843
5.4620175 -6.9830162 -1.719567 21462111 21980550
5.4351617 -7.1596341 -1.7238257 21466794 21985184
5.4126853 -7.302718 -1.7293909 21470603 21988928
5.3831818 -7.4841066 -1.7346846 21475426 21993690
5.3650638 -7.5934202 -1.7354087 21478320 21996575
5.3413395 -7.7370503 -1.7335809 21482105 22000381
5.3120193 -7.9200063 -1.7258255 21486892 22005258
5.2902154 -8.0643087 -1.7156963 21490638 22009122
5.2652109 -8.2455846 -1.7000384 21495319 22013985
5.2476112 -8.3894474 -1.6850177 21499011 22017852
5.2284194 -8.5731063 -1.6648138 21503709 22022784
5.2154426 -8.7211357 -1.6516593 21507507 22026735
5.2013975 -8.9083142 -1.6397239 21512333 22031699
5.1922354 -9.0584133 -1.6237991 21516161 22035713
5.1845224 -9.2493964 -1.5985214 21520999 22040844
5.1825125 -9.4013522 -1.5695225 21524793 22044975
5.186256 -9.5967924 -1.5337662 21529682 22050280
5.1945324 -9.7534263 -1.5022469 21533589 22054553
5.207853 -9.9143015 -1.4741204 21537635 22058926
5.2263075 -10.074151 -1.437592 21541619 22063334
5.2492913 -10.232777 -1.4162174 21545674 22067638
5.2809166 -10.428959 -1.4057179 21550795 22072881
5.3065163 -10.583181 -1.4068875 21554878 22076950
5.3250522 -10.699853 -1.4195963 21558033 22079957
5.3462032 -10.854727 -1.4505367 21562288 22083853
5.3620003 -11.009102 -1.4871085 21566547 22087687
5.3718365 -11.162055 -1.526043 21570770 22091458
5.3756497 -11.278221 -1.5499235 21573940 22094350
5.3761903 -11.430673 -1.5845769 21578116 22098124
5.3687707 -11.656813 -1.6226114 21584237 22103803
5.362059 -11.766777 -1.6409021 21587216 22106569
5.3471754 -11.953143 -1.6600759 21592203 22111333
5.3335345 -12.102912 -1.6631758 21596142 22115237
5.322977 -12.219273 -1.6593828 21599167 22118305
5.3067928 -12.411023 -1.6506163 21604134 22123374
5.2950732 -12.566495 -1.6414527 21608146 22127493
5.2819407 -12.760666 -1.6352014 21613185 22132604
5.2720778 -12.915834 -1.6333461 21617228 22136669
5.262355 -13.070294 -1.6339748 21621268 22140701
5.2498508 -13.262521 -1.6375335 21626311 22145703
5.2390057 -13.419406 -1.642094 21630439 22149778
5.2250506 -13.610582 -1.645232 21635455 22154758
5.2106311 -13.80145 -1.6471685 21640458 22159738
5.19518 -13.992086 -1.6561714 21645497 22164673
5.1810767 -14.145117 -1.6692209 21649580 22168604
5.1653258 -14.292706 -1.6850104 21653543 22172383
5.1474231 -14.440334 -1.6979418 21657495 22176186
5.1278099 -14.588809 -1.7063255 21661449 22180042
5.1028667 -14.7708 -1.7076838 21666247 22184824
5.0829829 -14.918419 -1.7016921 21670096 22188743
5.0597428 -15.104054 -1.6889878 21674901 22193695
5.0391367 -15.285947 -1.6782177 21679612 22198531
5.0242782 -15.429919 -1.6690546 21683333 22202359
5.0109971 -15.570743 -1.6606017 21686972 22206096
4.9988602 -15.711559 -1.6529455 21690613 22209826
4.9831 -15.91579 -1.6426786 21695895 22215227
4.9721993 -16.085082 -1.6275166 21700230 22219739
4.9657038 -16.22214 -1.6087904 21703699 22223426
4.9615982 -16.391132 -1.5813817 21707948 22227993
4.9614277 -16.526093 -1.5627381 21711359 22231620
4.9650524 -16.733865 -1.5439664 21716669 22237148
4.9716251 -16.909934 -1.5230002 21721141 22241864
4.979787 -17.052901 -1.5045388 21724768 22245705
4.9988179 -17.267356 -1.4600357 21730124 22251578
5.0236921 -17.450244 -1.4111992 21734653 22256675
5.0431137 -17.557485 -1.3720751 21737267 22259744
5.0757667 -17.700685 -1.321136 21740801 22263870
5.1415628 -17.912663 -1.2185315 21745993 22270254
5.2150708 -18.083676 -1.111136 21750223 22275731
5.287385 -18.213533 -1.0142441 21753536 22280170
5.3948518 -18.366231 -0.90082437 21757746 22285698
5.4670458 -18.451154 -0.8316519 21760250 22289006
5.5741259 -18.558564 -0.74221961 21763686 22293481
5.7174425 -18.677256 -0.64116055 21767951 22298920
5.8403712 -18.76347 -0.58208208 21771523 22303179
5.9999518 -18.862654 -0.53010913 21776120 22308380
6.0964294 -18.917098 -0.49743875 21778819 22311459
6.2306042 -18.985016 -0.43973633 21782405 22315715
6.4008686 -19.056997 -0.3602037 21786764 22320998
6.5445811 -19.106048 -0.29763193 21790360 22325321
6.6875383 -19.145173 -0.23664633 21793870 22329540
6.799766 -19.169615 -0.19223731 21796607 22332793
6.9784171 -19.200029 -0.14501582 21801059 22337793
7.0850216 -19.214629 -0.12720447 21803761 22340702
7.2312677 -19.232542 -0.11654723 21807541 22344606
7.3806005 -19.24932 -0.10722239 21811405 22348579
7.5603489 -19.268814 -0.10884106 21816129 22353284
7.7055069 -19.28485 -0.11120656 21819951 22357078
7.9183646 -19.311863 -0.14125992 21825721 22362499
8.0588949 -19.333153 -0.15943969 21829533 22366099
8.2335626 -19.362292 -0.17117155 21834218 22370649
8.3757307 -19.387306 -0.1771552 21838017 22374378
8.5504083 -19.419128 -0.18323929 21842682 22378973
8.6939359 -19.445882 -0.18534494 21846502 22382767
8.868127 -19.4783 -0.18265638 21851106 22387403
9.009424 -19.504235 -0.18039998 21854839 22391162
9.1460611 -19.528983 -0.17795634 21858446 22394797
9.32791 -19.560753 -0.16796234 21863202 22399669
9.4710687 -19.583933 -0.15308413 21866897 22403537
9.6544186 -19.610164 -0.13112564 21871599 22408495
9.8026356 -19.628143 -0.11029812 21875371 22412509
9.9871114 -19.646036 -0.083080374 21880046 22417500
10.136453 -19.655871 -0.048441813 21883747 22421604
10.327147 -19.6613 -0.0084846383 21888490 22426810
10.479643 -19.659012 0.038487927 21892194 22431060
10.712087 -19.64028 0.12234193 21897787 22437628
10.872733 -19.613966 0.20237309 21901567 22442338
11.070566 -19.562254 0.30897021 21906280 22448289
11.262521 -19.4877 0.43195349 21910935 22454374
11.412413 -19.408549 0.53972027 21914729 22459420
11.586041 -19.289136 0.66519655 21919495 22465644
11.712962 -19.180269 0.75276246 21923347 22470513
11.805175 -19.088337 0.81497756 21926381 22474269
11.942318 -18.92801 0.91137882 21931322 22480331
12.039544 -18.792897 0.98271316 21935248 22485086
12.146897 -18.616901 1.0634323 21940155 22490931
12.221929 -18.471635 1.1246235 21944063 22495550
12.301583 -18.287907 1.1988029 21948854 22501202
12.355731 -18.136274 1.256808 21952715 22505738
12.410812 -17.948265 1.3148033 21957487 22511183
12.439172 -17.833522 1.3421737 21960410 22514424
12.472093 -17.681809 1.372047 21964284 22518646
12.500945 -17.530237 1.3933419 21968184 22522793
12.520871 -17.416156 1.4024171 21971151 22525866
12.552016 -17.224649 1.4167368 21976127 22531008
12.574776 -17.073968 1.4250286 21980053 22535030
12.600772 -16.884787 1.4434478 21984925 22540117
12.615056 -16.769379 1.4518645 21987909 22543198
12.632629 -16.612837 1.4661425 21991933 22547388
12.652772 -16.418489 1.4688976 21997012 22552499
12.669859 -16.260328 1.4574583 22001227 22556581
12.693602 -16.065906 1.4411033 22006429 22561593
12.721195 -15.872645 1.4168483 22011661 22566543
12.751401 -15.686427 1.4031334 22016660 22571383
12.777332 -15.54152 1.3843029 22020608 22575112
12.820555 -15.327492 1.3587535 22026450 22580657
12.857953 -15.159331 1.3451734 22031021 22585070
12.888598 -15.029738 1.3320028 22034570 22588466
12.934894 -14.847703 1.3115039 22039587 22593245
12.958785 -14.759714 1.2998194 22042032 22595555
12.999398 -14.618426 1.2819782 22045969 22599284
13.032873 -14.507546 1.273215 22049040 22602254
13.077263 -14.367571 1.254184 22052980 22605972
13.113043 -14.260459 1.2426189 22055992 22608850
13.149636 -14.155318 1.229138 22058973 22611674
13.185627 -14.056047 1.2168172 22061798 22614356
13.221876 -13.958982 1.2099461 22064540 22617018
13.26803 -13.837182 1.2072329 22067952 22620399
13.305725 -13.73775 1.209619 22070711 22623185
13.335735 -13.657967 1.2124238 22072918 22625425
13.376958 -13.547802 1.2130401 22075981 22628495
13.419344 -13.433938 1.2158469 22079133 22631680
13.452383 -13.344024 1.2214708 22081598 22634210
13.486141 -13.250819 1.2251282 22084162 22636816
13.530099 -13.127933 1.2293972 22087540 22640244
13.599419 -12.931038 1.2351749 22092950 22645721
13.655457 -12.769942 1.2368834 22097387 22650179
13.701789 -12.637955 1.2295199 22101078 22653783
13.774692 -12.436908 1.2163351 22106731 22659283
13.837364 -12.271512 1.200856 22111433 22663806
13.890262 -12.136127 1.1957656 22115253 22667566
13.943998 -12.001223 1.1877007 22119086 22671306
14.013102 -11.831661 1.1798993 22123906 22676035
14.09788 -11.627573 1.1742752 22129701 22681765
14.172535 -11.449294 1.1741839 22134742 22686805
14.233001 -11.304194 1.1777316 22138820 22690924
14.306957 -11.122754 1.1897705 22143860 22696103
14.349338 -11.01464 1.2046333 22146801 22699218
14.404163 -10.867151 1.2251781 22150785 22703440
14.466044 -10.685716 1.2590231 22155587 22708635
14.511474 -10.539472 1.2801876 22159457 22712752
14.562525 -10.357857 1.3133569 22164184 22717864
14.599598 -10.21247 1.3288861 22168006 22721866
14.641544 -10.031681 1.3567402 22172684 22726868
14.67178 -9.8843623 1.3799958 22176470 22730924
14.704477 -9.69876 1.4128409 22181194 22736029
14.721372 -9.5864579 1.4301047 22184055 22739091
14.741023 -9.4377486 1.448714 22187858 22743110
14.763138 -9.2538626 1.4534996 22192660 22747968
14.779609 -9.1091836 1.461378 22196411 22751811
14.799202 -8.9314942 1.4605736 22201077 22756467
14.814881 -8.7909885 1.458767 22204774 22760143
14.83062 -8.6516712 1.4578268 22208436 22763794
14.847913 -8.4802676 1.4826666 22212783 22768430
14.85891 -8.3389512 1.503609 22216358 22772248
14.865637 -8.1979648 1.5426223 22219812 22776155
14.866969 -8.0474312 1.5812712 22223513 22780305
14.861983 -7.9018888 1.6288152 22227034 22784379
14.850418 -7.754754 1.6696567 22230645 22788465
14.832702 -7.60802 1.7122414 22234252 22792566
14.808611 -7.4611211 1.7544556 22237888 22796693
14.767778 -7.2774394 1.8246283 22242387 22802007
14.726413 -7.1348699 1.8817327 22245926 22806210
14.662269 -6.9555516 1.946918 22250514 22811555
14.602075 -6.8152087 2.0050239 22254158 22815875
14.533197 -6.677372 2.0633966 22257837 22820232
14.455208 -6.5445261 2.1398968 22261409 22824693
14.366782 -6.4165245 2.2107798 22265054 22829162
14.244455 -6.2669901 2.3021149 22269561 22834730
14.137684 -6.1557341 2.3691369 22273193 22839140
13.994191 -6.0267287 2.4494814 22277758 22844639
13.868115 -5.9287764 2.5126771 22281554 22849169
13.706023 -5.8198755 2.5873504 22286212 22854695
13.568605 -5.7400395 2.6432067 22290032 22859163
13.392761 -5.6532433 2.722956 22294682 22864740
13.248434 -5.5936488 2.7770539 22298439 22869126
13.068437 -5.5318274 2.8444594 22303010 22874480
12.922349 -5.4899082 2.8798509 22306768 22878649
12.776042 -5.4528434 2.9071069 22310545 22882743
12.630479 -5.4183372 2.9105626 22314426 22886664
12.484894 -5.3844967 2.9158438 22318293 22890592
12.302155 -5.3429303 2.9200279 22323155 22895503
12.193508 -5.3191865 2.9328383 22325981 22898478
12.048943 -5.2884098 2.9308278 22329846 22902320
11.905626 -5.2581507 2.9362009 22333635 22906171
11.80319 -5.2363174 2.9269864 22336419 22908849
11.660121 -5.2043799 2.9169399 22340300 22912613
11.522899 -5.1723932 2.9082204 22344025 22916236
11.38965 -5.13976 2.8946103 22347681 22919734
11.219662 -5.0954951 2.8790884 22352352 22924225
11.085122 -5.0579964 2.8604577 22356102 22927758
10.956851 -5.0201619 2.8490829 22359655 22931180
10.830741 -4.9809969 2.8318632 22363199 22934523
10.704683 -4.9405513 2.8303759 22366660 22937966
10.57884 -4.8996198 2.823877 22370148 22941379
10.425556 -4.8494036 2.8261408 22374341 22945598
10.274241 -4.7995914 2.8210027 22378525 22949723
10.183775 -4.7692023 2.8140305 22381054 22952171
10.06465 -4.7285599 2.8115746 22384350 22955438
9.948017 -4.6877373 2.7982438 22387650 22958583
9.8321007 -4.6464303 2.8002973 22390847 22961804
9.7186628 -4.6063345 2.8033799 22393966 22964959
9.5736032 -4.5555321 2.8060686 22397958 22968983
9.4862037 -4.5251088 2.8071647 22400365 22971402
9.3998306 -4.4947468 2.7999602 22402794 22973748
9.3150749 -4.4642492 2.7924157 22405187 22976053
9.2048164 -4.4243019 2.7955787 22408227 22979129
9.0653862 -4.3741027 2.7964412 22412086 22982998
8.955667 -4.3360851 2.8196399 22414979 22986161
8.8711793 -4.3092826 2.8491567 22417119 22988644
8.7527437 -4.2767616 2.8980634 22420037 22992130
8.6310754 -4.2514949 2.9756047 22422827 22995821
8.5054186 -4.2360668 3.0632438 22425619 22999632
8.373969 -4.23241 -3.1188665 22428461 23003648
8.2428534 -4.2428119 -3.0059833 22431235 23007733
8.1094741 -4.2693461 -2.8844536 22434075 23011986
7.9467244 -4.3257259 -2.7317674 22437679 23017364
7.8214359 -4.3898668 -2.6051018 22440614 23021770
7.6725084 -4.4903005 -2.4914362 22444637 23027114
7.554818 -4.587322 -2.4128881 22448158 23031548
7.4152124 -4.7219964 -2.3354542 22452766 23037056
7.3134518 -4.8340089 -2.2810953 22456397 23041318
7.236278 -4.9278056 -2.2374484 22459310 23044739
7.1194949 -5.0857483 -2.1775118 22464084 23050209
7.0327185 -5.2170916 -2.1317793 22467923 23054580
6.935051 -5.3818945 -2.079782 22472617 23059877
6.8647189 -5.5141822 -2.0391183 22476287 23064020
6.7847539 -5.6827175 -1.9885068 22480857 23069179
6.7285084 -5.8142445 -1.9612856 22484429 23073067
6.6608001 -5.9857194 -1.9324395 22489069 23078042
6.6092626 -6.1215641 -1.9343722 22492869 23081819
6.5577236 -6.2567026 -1.9359241 22496650 23085582
6.505522 -6.3910335 -1.9469568 22500472 23089275
6.4406207 -6.5544093 -1.9509057 22505079 23093837
6.3740758 -6.7158514 -1.9726291 22509758 23098264
6.3165126 -6.8485921 -1.9873144 22513616 23101951
6.2602187 -6.972992 -2.00418 22517275 23105414
6.1991626 -7.1047478 -2.0053013 22521068 23109194
6.1404251 -7.2338463 -1.9902703 22524679 23112980
6.0713098 -7.3944113 -1.9642785 22529086 23117689
6.0203153 -7.5214139 -1.9409518 22532519 23121393
5.948576 -7.7158929 -1.9074285 22537730 23126993
5.8924838 -7.8802611 -1.891898 22542168 23131612
5.8500992 -8.0107641 -1.8777586 22545664 23135272
5.7972457 -8.1818807 -1.8629899 22550249 23140028
5.7579095 -8.31848 -1.839367 22553818 23143872
5.7220235 -8.4544302 -1.8183816 22557363 23147660
5.6891292 -8.5925012 -1.7909752 22560904 23151521
5.6667146 -8.6986191 -1.766945 22563593 23154488
5.6398913 -8.8465614 -1.7333686 22567319 23158604
5.6146946 -9.0307157 -1.6801827 22571856 23163760
5.6013475 -9.1782802 -1.6418186 22575497 23167846
5.5918801 -9.3712327 -1.5978271 22580279 23173139
5.5898865 -9.5231297 -1.5700134 22584078 23177262
5.5926362 -9.7124207 -1.5425287 22588855 23182358
5.5971901 -9.8634334 -1.53877 22592773 23186320
5.6014552 -10.05175 -1.5575334 22597794 23191123
5.601338 -10.204393 -1.585595 22601937 23194940
5.5984159 -10.315969 -1.6083647 22604980 23197718
5.5901916 -10.46389 -1.644313 22609052 23201372
5.5714963 -10.652368 -1.6950139 22614285 23206017
5.5449675 -10.834466 -1.7359124 22619321 23210577
5.5192641 -10.972227 -1.7745965 22623200 23214007
5.4785965 -11.143882 -1.8322463 22628135 23218272
5.4396839 -11.27721 -1.8772866 22632019 23221632
5.3849932 -11.444112 -1.897617 22636717 23226094
5.3402749 -11.574871 -1.9030187 22640352 23229666
5.283172 -11.746495 -1.8809718 22644940 23234510
5.2310073 -11.913094 -1.867512 22649414 23239141
5.1792292 -12.086872 -1.8532401 22654059 23243952
5.1383437 -12.226691 -1.8573255 22657882 23247727
5.085538 -12.403808 -1.8637642 22662738 23252509
5.0427418 -12.544298 -1.8692096 22666600 23256307
4.9792518 -12.752848 -1.8634264 22672251 23262025
4.9472027 -12.858872 -1.8652626 22675150 23264903
4.9161025 -12.961748 -1.8634763 22677942 23267715
4.8736262 -13.099733 -1.8753683 22681775 23271411
4.841028 -13.203396 -1.8755736 22684610 23274244
4.7981354 -13.338947 -1.8789421 22688337 23277931
4.7522763 -13.483045 -1.8788805 22692280 23281875
4.6971543 -13.657187 -1.8758242 22697025 23286656
4.6543009 -13.796454 -1.8627931 22700749 23290531
4.5928239 -14.004563 -1.8532751 22706352 23296245
4.5430492 -14.176662 -1.8513963 22711013 23300927
4.5126264 -14.279607 -1.8648915 22713890 23303648
4.4720348 -14.412455 -1.8697791 22717541 23307242
4.4180667 -14.584527 -1.8796546 22722301 23311887
4.3751358 -14.719991 -1.8757435 22725984 23315615
4.3221103 -14.889252 -1.8730351 22730593 23320256
4.2811155 -15.023579 -1.8609743 22734185 23323988
4.23166 -15.190334 -1.8572419 22738699 23328545
4.1922723 -15.324901 -1.8538438 22742335 23332221
4.1440306 -15.491607 -1.8511212 22746845 23336762
4.1068289 -15.626464 -1.8288069 22750363 23340540
4.0560625 -15.84167 -1.776108 22755823 23346612
4.0356459 -15.951093 -1.7344105 22758483 23349757
4.012546 -16.135277 -1.6567147 22762872 23355048
4.0053636 -16.29041 -1.5774082 22766461 23359559
4.0133555 -16.485049 -1.4821099 22770987 23365192
4.0321912 -16.639334 -1.4165187 22774659 23369626
4.0536143 -16.755457 -1.360203 22777411 23373032
4.1026358 -16.944574 -1.2741288 22782005 23378627
4.1535056 -17.090027 -1.1945885 22785561 23383107
4.2325946 -17.265336 -1.0994009 22790023 23388675
4.3081841 -17.399154 -1.0138176 22793534 23393180
4.4185244 -17.555948 -0.90132954 22797880 23398833
4.5173765 -17.669633 -0.8088195 22801270 23403299
4.5994758 -17.750401 -0.74562187 22803906 23406669
4.6859206 -17.825769 -0.68848064 22806565 23409992
4.8378403 -17.939273 -0.59484812 22810966 23415481
4.9639896 -18.018796 -0.53007942 22814478 23419745
5.1307302 -18.106618 -0.43947413 22818866 23425186
5.2672597 -18.165243 -0.37169846 22822347 23429454
5.4081087 -18.215247 -0.31058371 22825889 23433707
5.5499824 -18.257263 -0.26526285 22829484 23437828
5.6897662 -18.293616 -0.24359844 22833124 23441720
5.8974214 -18.345196 -0.2433273 22838702 23447301
6.0018573 -18.371887 -0.25710292 22841593 23450032
6.1738231 -18.419906 -0.28750073 22846425 23454511
6.305718 -18.460981 -0.31629851 22850195 23457946
6.4704011 -18.519198 -0.36330404 22855023 23462228
6.594974 -18.569389 -0.4027121 22858754 23465501
6.7470315 -18.639346 -0.45967866 22863449 23469534
6.8621693 -18.698482 -0.48927164 22866996 23472738
7.010279 -18.780422 -0.52138013 22871597 23476965
7.1271231 -18.847363 -0.51914617 22875095 23480489
7.274119 -18.930471 -0.50999313 22879445 23484946
7.3890957 -18.992492 -0.47937643 22882674 23488530
7.5123529 -19.055785 -0.46941064 22886229 23492201
7.6362671 -19.118379 -0.46609209 22889830 23495840
7.7612288 -19.181663 -0.47146162 22893513 23499462
7.8532897 -19.228444 -0.46883824 22896191 23502170
8.0124404 -19.307517 -0.45339894 22900735 23506893
8.1426128 -19.369925 -0.44070814 22904426 23510731
8.308449 -19.446295 -0.42242034 22909080 23515598
8.4431381 -19.50553 -0.40623483 22912823 23519529
8.6514145 -19.590178 -0.36583002 22918451 23525626
8.9017992 -19.67537 -0.29008458 22924907 23532963
9.0881647 -19.723177 -0.21212808 22929471 23538433
9.2033201 -19.744597 -0.15569403 22932198 23541815
9.3588647 -19.762858 -0.078031136 22935830 23546350
9.5582149 -19.767613 0.030335855 22940401 23552179
9.7184109 -19.755687 0.11828584 22944078 23556879
9.879334 -19.728517 0.21623245 22947765 23561704
10.0749 -19.673204 0.33503567 22952374 23567694
10.260069 -19.596687 0.44868086 22956939 23573578
10.367153 -19.540995 0.51047817 22959727 23577085
10.502791 -19.457927 0.58853047 22963421 23581686
10.629945 -19.36617 0.66165267 22967085 23586199
10.777489 -19.243112 0.72866425 22971705 23591599
10.891595 -19.136021 0.77872409 22975495 23595970
11.025933 -18.995043 0.84029323 22980215 23601406
11.125677 -18.878546 0.88513879 22983954 23605665
11.241515 -18.728229 0.94331804 22988564 23610952
11.327148 -18.604848 0.98482497 22992240 23615109
11.422725 -18.450843 1.0459038 22996611 23620190
11.492191 -18.324063 1.0931784 23000106 23624235
11.568202 -18.165937 1.1522365 23004338 23629153
11.622574 -18.036139 1.1959791 23007753 23633076
11.659323 -17.938212 1.2276104 23010297 23635988
11.701617 -17.811583 1.2692729 23013536 23639711
11.746567 -17.653151 1.3194121 23017539 23644296
11.770204 -17.555836 1.345634 23019998 23647060
11.79738 -17.425085 1.386105 23023245 23650778
11.818751 -17.299145 1.4193029 23026384 23654301
11.835157 -17.175696 1.4580402 23029406 23657774
11.847548 -17.049406 1.487956 23032541 23661257
11.857527 -16.92407 1.4947378 23035780 23664575
11.870057 -16.765846 1.4887961 23039953 23668679
11.886749 -16.603737 1.4475917 23044442 23672689
11.906615 -16.46778 1.4038045 23048280 23676017
11.940857 -16.301749 1.3310193 23053123 23680015
11.975796 -16.173662 1.2779847 23056893 23683169
12.026558 -16.02298 1.2137219 23061413 23686942
12.073446 -15.906322 1.1635415 23064983 23689929
12.137756 -15.76913 1.1013655 23069295 23693518
12.192385 -15.667871 1.050734 23072589 23696224
12.249351 -15.573813 1.0017311 23075741 23698807
12.321956 -15.466346 0.9515365 23079415 23701897
12.396422 -15.368137 0.89254398 23082971 23704769
12.457312 -15.295684 0.85126675 23085679 23706997
12.537911 -15.208468 0.79834739 23089083 23709786
12.603308 -15.144548 0.74959436 23091751 23711887
12.686731 -15.070679 0.6998703 23094945 23714504
12.753604 -15.016392 0.66391065 23097400 23716541
12.841281 -14.9515 0.61039486 23100555 23719074
12.909108 -14.90597 0.57196769 23102909 23720981
12.994148 -14.853855 0.52763022 23105767 23723324
13.062113 -14.815924 0.49043291 23108013 23725138
13.163156 -14.76445 0.45189433 23111194 23727871
13.25197 -14.721186 0.45470897 23113754 23730463
13.331512 -14.68082 0.48453118 23115906 23732963
13.392042 -14.647713 0.51644876 23117520 23734947
13.493118 -14.585407 0.58837889 23120198 23738461
13.57567 -14.526122 0.6572269 23122448 23741511
13.634572 -14.478365 0.70534154 23124146 23743768
13.732488 -14.386737 0.79912495 23127098 23747810
13.805567 -14.305358 0.87904639 23129486 23751126
13.907538 -14.168049 0.98499831 23133330 23756202
13.985025 -14.042285 1.0522063 23136792 23760444
14.041773 -13.93833 1.0900149 23139660 23763752
14.106415 -13.806115 1.1421087 23143195 23767892
14.152528 -13.700797 1.1740712 23146008 23771076
14.220236 -13.532133 1.2040373 23150573 23775989
14.281271 -13.366948 1.2296821 23155016 23780730
14.318934 -13.258055 1.2459194 23157926 23783829
14.345588 -13.177053 1.2598965 23160068 23786134
14.370626 -13.097053 1.2750452 23162166 23788408
14.409781 -12.964027 1.2940415 23165672 23792134
14.439059 -12.857744 1.3099335 23168454 23795101
14.460993 -12.77336 1.3230486 23170651 23797451
14.482718 -12.686316 1.329374 23172954 23799827
14.504218 -12.598373 1.3326601 23175296 23802207
14.54029 -12.447821 1.3386138 23179298 23806278
14.569317 -12.326165 1.3345257 23182583 23809516
14.608002 -12.166263 1.3323329 23186886 23813793
14.64005 -12.036824 1.3238476 23190412 23817221
14.679905 -11.879642 1.3210882 23194656 23821433
14.713642 -11.75121 1.3067499 23198202 23824812
14.759235 -11.591648 1.2781963 23202696 23828974
14.799308 -11.463321 1.2580332 23206318 23832362
14.849996 -11.310454 1.2432193 23210604 23836476
14.881745 -11.2176 1.2394392 23213185 23839013
14.925198 -11.091775 1.2371151 23216669 23842470
14.978705 -10.935896 1.2431662 23220932 23846803
15.021207 -10.809285 1.2506798 23224371 23850329
15.073115 -10.648329 1.266978 23228686 23854834
15.114282 -10.514746 1.2767381 23232274 23858536
15.163496 -10.347713 1.2917975 23236727 23863164
15.200554 -10.215142 1.3046431 23240242 23866828
15.23569 -10.081714 1.3219712 23243739 23870526
15.276922 -9.9107573 1.3462951 23248184 23875253
15.306704 -9.7718811 1.372791 23251733 23879111
15.345562 -9.5577349 1.4097994 23257194 23885001
15.377221 -9.3338791 1.4508048 23262851 23891135
15.389961 -9.2201276 1.4677276 23265737 23894218
15.406816 -9.0291713 1.4977825 23270561 23899391
15.415935 -8.8777076 1.5235528 23274368 23903498
15.420911 -8.6892103 1.5652458 23279043 23908657
15.418946 -8.538575 1.6024353 23282755 23912801
15.40805 -8.3465935 1.6525478 23287478 23918106
15.395995 -8.2288525 1.6931059 23290329 23921428
15.365273 -8.0361382 1.7646624 23295002 23926933
15.330041 -7.8831373 1.829584 23298719 23931404
15.273381 -7.6996834 1.9111245 23303252 23936884
15.214567 -7.5502158 1.9802344 23307039 23941474
15.130057 -7.3743339 2.0571987 23311680 23947010
15.053914 -7.2381982 2.1043257 23315473 23951351
14.948453 -7.0715424 2.1656618 23320260 23956850
14.857547 -6.9449677 2.2215985 23323998 23961238
14.733516 -6.7940717 2.2959778 23328660 23966764
14.626805 -6.681066 2.3591229 23332346 23971184
14.482194 -6.5476803 2.4339807 23337041 23976749
14.363993 -6.4532194 2.5007551 23340598 23981082
14.236237 -6.3628826 2.5514757 23344384 23985457
14.104764 -6.2786506 2.5921241 23348219 23989764
13.93706 -6.1811306 2.6376488 23353013 23995088
13.769527 -6.0942036 2.6882852 23357641 24000303
13.630791 -6.0303469 2.7321643 23361368 24004541
13.458219 -5.9612573 2.7894032 23365883 24009721
13.315032 -5.91208 2.8321299 23369582 24013917
13.136605 -5.8596331 2.8792803 23374158 24019040
12.993712 -5.8222623 2.8923017 23377934 24022967
12.783787 -5.7687437 2.8916365 23383587 24028612
12.612324 -5.7221226 2.8605817 23388401 24033065
12.477226 -5.6810259 2.831991 23392249 24036581
12.379136 -5.6480156 2.8019472 23395122 24039106
12.218614 -5.5864763 2.7490592 23399912 24043281
12.093896 -5.5312032 2.699781 23403756 24046552
11.94643 -5.4569311 2.6502733 23408349 24050570
11.829203 -5.3912458 2.6114317 23412078 24053848
11.692035 -5.3068818 2.5689476 23416524 24057801
11.583948 -5.2351673 2.5426328 23420060 24061030
11.501793 -5.1782332 2.5285221 23422748 24063555
11.317846 -5.0448536 2.4999199 23428839 24069313
11.201544 -4.9564521 2.4833894 23432744 24073026
11.100903 -4.8780779 2.4765034 23436111 24076313
10.981173 -4.784497 2.4798355 23440054 24080295
10.907962 -4.7273171 2.4772273 23442491 24082702
10.811429 -4.6520888 2.4819727 23445655 24085921
10.692477 -4.5606568 2.4905577 23449517 24089883
10.597994 -4.489688 2.5041764 23452520 24093043
10.481786 -4.406049 2.5313102 23456095 24096934
10.386626 -4.340355 2.5434403 23459040 24100020
10.291392 -4.2760837 2.5524072 23461984 24103068
10.197228 -4.2131778 2.5528673 23464934 24106024
10.100678 -4.1480533 2.5434793 23468026 24109006
9.9860536 -4.0681739 2.5224514 23471791 24112527
9.8961051 -4.0018782 2.4904231 23474891 24115255
9.7875976 -3.9147102 2.4392186 23478818 24118586
9.7069296 -3.8421836 2.3793593 23481994 24121067
9.6501454 -3.7851782 2.3291416 23484384 24122874
9.5628224 -3.6845088 2.2414968 23488368 24125839
9.5005203 -3.599044 2.1599199 23491600 24128123
9.4464646 -3.5095664 2.0685676 23494857 24130319
9.3914506 -3.3935138 1.9583605 23498846 24133027
9.3444103 -3.2519604 1.824899 23503511 24136142
9.3181161 -3.1100937 1.6832227 23508096 24139081
9.312021 -2.9879575 1.5580961 23512012 24141543
9.3156497 -2.9163629 1.4822148 23514322 24142971
9.3296517 -2.8196101 1.3719343 23517512 24144880
9.3677222 -2.6849379 1.2186554 23522052 24147638
9.4126976 -2.5825029 1.0954949 23525685 24149840
9.4570001 -2.5057245 0.99939896 23528554 24151593
9.5063444 -2.4363986 0.90502715 23531322 24153264
9.5602767 -2.3738191 0.81393128 23534005 24154889
9.6176018 -2.3179018 0.73200332 23536569 24156501
9.6893322 -2.2591249 0.64093072 23539516 24158390
9.7487384 -2.2181851 0.56588196 23541834 24159835
9.8187352 -2.1775379 0.48633681 23544407 24161484
9.8808109 -2.1458457 0.45775132 23546390 24163135
9.9446711 -2.1139574 0.46849832 23548189 24165059
10.010233 -2.0787092 0.51809901 23549842 24167288
10.057577 -2.0500829 0.56954457 23550985 24169030
10.116694 -2.0087393 0.65104172 23552393 24171384
10.187735 -1.9479895 0.76390066 23554175 24174477
10.247737 -1.8854561 0.8481962 23555945 24177227
10.321445 -1.7938265 0.93855679 23558486 24180818
10.379621 -1.7081023 1.010533 23560770 24183938
10.420742 -1.6390659 1.0566542 23562597 24186301
10.474912 -1.5380873 1.1001699 23565332 24189542
10.528811 -1.4282802 1.1288186 23568356 24192898
10.580889 -1.3165321 1.140568 23571502 24196181
10.648441 -1.1714188 1.1296663 23575739 24200292
10.705097 -1.0550727 1.1055994 23579254 24203527
10.782546 -0.90593757 1.078023 23583796 24207748
10.846695 -0.78804474 1.0669181 23587360 24211184
10.911979 -0.67103353 1.0568512 23590913 24214619
10.994727 -0.52320717 1.0641308 23595288 24219079
11.091902 -0.34582126 1.0751298 23600498 24224417
11.154427 -0.230399 1.0735495 23603930 24227831
11.221833 -0.10875097 1.0560581 23607658 24231356
11.29017 0.010912163 1.0477755 23611300 24234901
11.341512 0.099665431 1.0449231 23613990 24237558
11.425924 0.25089614 1.0784848 23618311 24242269
11.488753 0.37543655 1.1286549 23621657 24246198
11.545817 0.50554661 1.1863012 23625027 24250237
11.608279 0.6750051 1.2489909 23629372 24255311
11.653248 0.81766674 1.2818905 23633081 24259403
11.693811 0.96039621 1.3059249 23636811 24263411
11.723069 1.0718858 1.3223859 23639721 24266513
11.758847 1.2202648 1.3459783 23643564 24270630
11.802696 1.4459466 1.4118039 23649176 24277007
11.821926 1.597768 1.477812 23652783 24281381
11.831702 1.7874941 1.5608203 23657255 24286817
11.827723 1.9400842 1.6329044 23660816 24291216
11.801319 2.1655258 1.741875 23666102 24297768
11.759851 2.3468009 1.8494893 23670326 24303242
11.712006 2.4899398 1.9372597 23673752 24307688
11.65304 2.6251952 2.0265686 23677080 24312054
11.560141 2.7921945 2.1303406 23681460 24317640
11.474938 2.9170158 2.2091549 23684943 24322039
11.381018 3.0360425 2.2685172 23688552 24326337
11.281714 3.1500774 2.3059892 23692277 24330498
11.17918 3.2611052 2.3268996 23696097 24334560
11.049694 3.3952541 2.3501155 23700824 24339557
10.943667 3.5007451 2.3673427 23704624 24343557
10.811791 3.6267938 2.3902265 23709248 24348447
10.705699 3.7253578 2.3956969 23712992 24352255
10.574745 3.8454804 2.4029129 23717584 24356931
10.471781 3.9401015 2.3938801 23721283 24360525
10.322482 4.082146 2.3682969 23726805 24365750
10.205038 4.2031454 2.3142722 23731516 24369833
10.121185 4.2981297 2.2737983 23735055 24372902
10.023462 4.4224428 2.2002136 23739606 24376597
9.9544998 4.522334 2.1498476 23743063 24379470
9.8656382 4.669442 2.0785397 23747959 24383537
9.7906217 4.8092475 2.0480116 23752274 24387497
9.7324094 4.9255525 2.0216988 23755818 24390736
9.6913709 5.0118223 2.0079321 23758389 24393147
9.6343917 5.1348538 2.0010933 23761964 24396642
9.598761 5.2119223 2.0066119 23764146 24398889
9.5653992 5.2818729 2.0250311 23766060 24401016
9.5401504 5.3323427 2.044296 23767420 24402600
9.5053997 5.3983003 2.0671123 23769231 24404676
9.4528803 5.4926619 2.0902351 23771913 24407627
9.4095718 5.5666462 2.1105496 23774030 24409980
9.3741928 5.6243944 2.1303693 23775681 24411861
9.3398148 5.6784263 2.1445266 23777269 24413614
9.2982288 5.7422458 2.1520918 23779211 24415644
9.2673737 5.7889229 2.157684 23780638 24417135
9.2457418 5.8213255 2.1612038 23781633 24418172
9.2156198 5.8667945 2.150574 23783117 24419532
9.1992023 5.8927848 2.1177956 23784109 24420143
9.1881033 5.9125175 2.0485306 23785102 24420331
9.1834141 5.9221511 1.99905 23785669 24420323
9.1810772 5.927434 1.975497 23785956 24420337
9.1813765 5.9267373 1.9776853 23785924 24420330
9.1828961 5.9232681 1.9896136 23785756 24420300
9.1838265 5.9212027 1.9984816 23785645 24420293
9.1840929 5.9206196 2.0000435 23785619 24420285
9.1837759 5.9213139 1.9981782 23785650 24420294
9.1835041 5.921912 1.9964092 23785678 24420301
9.1835471 5.9218172 1.9965791 23785674 24420299
9.1836207 5.921655 1.9971241 23785666 24420298
9.1835937 5.9217145 1.9969866 23785669 24420299
9.1835849 5.9217339 1.9968291 23785670 24420299
9.1835927 5.9217167 1.9969324 23785669 24420299
9.1835873 5.9217285 1.9968187 23785670 24420298
9.183589 5.9217248 1.996952 23785669 24420299
9.1835979 5.9217052 1.9970127 23785668 24420299
9.183592 5.9217181 1.9969848 23785669 24420299
9.18359 5.9217227 1.9969623 23785669 24420299
9.18359 5.9217227 1.9969623 23785669 24420299
9.1835874 5.9217284 1.9969902 23785669 24420299
9.18359 5.9217227 1.9969623 23785669 24420299
9.18359 5.9217227 1.9969623 23785669 24420299
9.18359 5.9217227 1.9969623 23785669 24420299
9.18359 5.9217227 1.9969623 23785669 24420299
9.18359 5.9217227 1.9969623 23785669 24420299
9.1835891 5.9217247 1.9969526 23785669 24420299
9.183582 5.9217402 1.9970483 23785669 24420300
9.183582 5.9217402 1.9970483 23785669 24420300
9.18359 5.9217227 1.9969623 23785669 24420299
9.18359 5.9217227 1.9969623 23785669 24420299
9.18359 5.9217227 1.9969623 23785669 24420299
9.18359 5.9217227 1.9969623 23785669 24420299
9.183586 5.9217315 1.9969189 23785670 24420299
9.18359 5.9217227 1.9969623 23785669 24420299
9.18359 5.9217227 1.9969623 23785669 24420299
9.18359 5.9217227 1.9969623 23785669 24420299
9.183582 5.9217402 1.9969745 23785669 24420300
9.183582 5.9217402 1.9970483 23785669 24420300
9.183582 5.9217402 1.9970483 23785669 24420300
9.183582 5.9217402 1.9968961 23785670 24420299
9.18359 5.9217227 1.9969623 23785669 24420299
9.18359 5.9217227 1.9969623 23785669 24420299
9.18359 5.9217227 1.9969623 23785669 24420299
9.18359 5.9217227 1.9969623 23785669 24420299
9.1835988 5.9217033 1.9970578 23785668 24420299
9.1839655 5.9208942 1.9956762 23785653 24420268
9.1854416 5.9176099 1.9906699 23785588 24420145
9.1926834 5.9004371 1.9490767 23785344 24419417
9.2036523 5.8653236 1.7980715 23785262 24417581
9.207767 5.8391701 1.6556237 23785399 24416063
9.2083086 5.8166512 1.5340584 23785518 24414769
9.2073323 5.8025624 1.4691714 23785526 24414024
9.2062133 5.7932936 1.4321229 23785498 24413565
9.2060557 5.7922538 1.4086026 23785607 24413401
9.2061746 5.7929767 1.4068765 23785637 24413410
9.2062296 5.793317 1.4143127 23785602 24413462
9.2062554 5.7934806 1.4146064 23785605 24413468
9.2062681 5.7935615 1.4143393 23785609 24413469
9.2062662 5.7935491 1.4147881 23785606 24413471
9.2062607 5.7935145 1.4149058 23785604 24413471
9.2062635 5.793532 1.414826 23785605 24413471
9.2062705 5.7935764 1.4149205 23785606 24413473
9.2062662 5.7935491 1.4149205 23785605 24413472
9.2062684 5.7935632 1.4149844 23785605 24413473
9.2062677 5.7935586 1.4149637 23785605 24413473
9.2062692 5.793568 1.4150066 23785605 24413473
9.2062735 5.7935954 1.4150066 23785606 24413474
9.2062721 5.7935869 1.4150922 23785605 24413474
9.2062721 5.793587 1.4150926 23785605 24413474
9.2062721 5.793587 1.4150926 23785605 24413474
9.2062722 5.7935876 1.4150899 23785605 24413474
9.2062751 5.7936059 1.4150066 23785606 24413474
9.2062751 5.7936059 1.4150066 23785606 24413474
9.2062721 5.793587 1.4150926 23785605 24413474
9.2062745 5.7936019 1.4151603 23785605 24413475
9.2062751 5.7936059 1.4151787 23785605 24413475
9.2062733 5.7935943 1.4152317 23785604 24413475
9.2062737 5.7935966 1.415221 23785605 24413475
9.2062751 5.7936059 1.4151787 23785605 24413475
9.2062758 5.7936106 1.4151998 23785605 24413475
9.2062753 5.7936073 1.4151848 23785605 24413475
9.2062777 5.7936224 1.4152534 23785605 24413476
9.2062781 5.7936249 1.4152648 23785605 24413476
9.2062781 5.7936249 1.4152648 23785605 24413476
