1539935996716082 0 5
1539935996770072 -1 5
1539935996879860 0 5
1539935996989887 0 5
1539935997099637 0 4
1539935997154633 0 4
1539935997265501 -1 6
1539935997429330 -1 5
1539935997484238 0 5
1539935997594030 0 5
1539935997705156 0 5
1539935997816914 0 6
1539935997924901 0 5
1539935997980756 0 5
1539935998089653 0 6
1539935998144494 0 5
1539935998309553 0 5
1539935998364857 0 5
1539935998474738 0 5
1539935998584215 0 6
1539935998694087 0 5
1539935998804147 0 4
1539935998914712 -3 -5
1539935998970936 -9 4
1539935999079659 7 5
1539935999191121 -1 6
1539935999299634 -3 1
1539935999354395 2 5
1539935999466846 3 8
1539935999575111 1 5
1539935999683961 1 6
1539935999794066 3 7
1539935999905201 1 6
1539936000016095 1 6
1539936000069672 0 6
1539936000179435 1 6
1539936000289478 0 5
1539936000399524 1 5
1539936000509192 1 5
1539936000565052 1 6
1539936000674065 1 6
1539936000785296 1 6
1539936000894813 1 6
1539936001006435 1 5
1539936001114460 1 6
1539936001169437 1 6
1539936001283456 1 5
1539936001339380 0 5
1539936001499745 1 5
1539936001555450 1 6
1539936001720564 0 6
1539936001776279 1 6
1539936001884835 1 7
1539936001995639 1 5
1539936002049496 1 6
1539936002159637 1 6
1539936002269320 0 6
1539936002379327 1 6
1539936002490035 1 5
1539936002600070 1 5
1539936002654966 1 6
1539936002766804 1 5
1539936002874983 1 6
1539936002929845 1 6
1539936003094441 1 5
1539936003205156 1 6
1539936003259741 1 6
1539936003373214 1 5
1539936003480212 2 6
1539936003590145 1 6
1539936003699939 1 6
1539936003809675 1 6
1539936003919709 1 7
1539936003974499 2 6
1539936004087329 1 5
1539936004195258 0 1
1539936004304261 -1 0
1539936004359432 1 1
1539936004470419 -2 1
1539936004579820 -31 -15
1539936004690150 -121 -8
1539936004799879 -326 88
1539936004857813 -478 146
1539936005022500 -1055 326
1539936005130722 -1494 442
1539936005240342 -1913 522
1539936005350081 -2245 458
1539936005405248 -2384 340
1539936005515181 -2575 -59
1539936005624888 -2580 -539
1539936005734812 -2481 -977
1539936005790370 -2408 -1170
1539936005954601 -2095 -1565
1539936006010604 -1949 -1615
1539936006120578 -1605 -1605
1539936006230138 -1246 -1538
1539936006340042 -846 -1475
1539936006395632 -643 -1460
1539936006504899 -309 -1459
1539936006616855 -76 -1486
1539936006724696 58 -1509
1539936006779591 83 -1513
1539936006945486 36 -1496
1539936007000384 14 -1485
1539936007114369 -8 -1470
1539936007220120 2 -1459
1539936007331463 25 -1464
1539936007385391 40 -1463
1539936007495263 91 -1465
1539936007604931 193 -1463
1539936007717332 369 -1464
1539936007825639 675 -1459
1539936007935552 1155 -1456
1539936008047440 1815 -1444
1539936008100492 2209 -1430
1539936008214353 3122 -1406
1539936008375195 4768 -1383
1539936008429944 5365 -1365
1539936008539975 6560 -1304
1539936008649719 7752 -1198
1539936008764604 8934 -1097
1539936008869767 10139 -1005
1539936008980499 11376 -938
1539936009035325 12004 -905
1539936009145278 13279 -829
1539936009255549 14579 -743
1539936009367510 15901 -667
1539936009419822 16575 -625
1539936009530506 17947 -541
1539936009640717 19397 -446
1539936009750543 20941 -355
1539936009864652 22542 -255
1539936009970749 24152 -112
1539936010025272 24952 -24
1539936010135201 26561 181
1539936010245418 28209 425
1539936010299983 29046 564
1539936010410960 30716 904
1539936010521177 32325 1373
1539936010630524 33827 2040
1539936010740591 35264 2983
1539936010850413 36653 4156
1539936010964478 38018 5578
1539936011017334 38700 6383
1539936011125636 40064 8098
1539936011238913 41393 9798
1539936011345971 42723 11455
1539936011455684 44044 13054
1539936011568706 45346 14605
1539936011675488 46615 16119
1539936011730491 47233 16850
1539936011845806 48421 18251
1539936011950136 49537 19572
1539936012064987 50608 20868
1539936012171076 51672 22201
1539936012226172 52226 22908
1539936012335679 53411 24458
1539936012445866 54692 26139
1539936012555927 56042 27883
1539936012666298 57438 29724
1539936012775194 58896 31713
1539936012830239 59656 32768
1539936012943110 61217 34923
1539936013050959 62847 37128
1539936013164720 64498 39499
1539936013270925 66137 41980
1539936013326377 66988 43232
1539936013435559 68769 45711
1539936013545530 70663 48235
1539936013657772 72677 50773
1539936013766355 74748 53210
1539936013820290 75825 54425
1539936013930857 78049 56869
1539936014041440 80242 59363
1539936014150881 82361 61829
1539936014205699 83415 63096
1539936014370719 86660 66984
1539936014480260 88972 69521
1539936014535834 90123 70767
1539936014645283 92468 73277
1539936014756373 94976 75734
1539936014814992 96271 76907
1539936014975923 100175 80383
1539936015030759 101502 81566
1539936015140687 104178 83905
1539936015250794 106764 86252
1539936015364427 109262 88696
1539936015416525 110523 89970
1539936015525166 113065 92525
1539936015636145 115539 95092
1539936015745954 118002 97748
1539936015800985 119254 99101
1539936015914876 121752 101732
1539936016020904 124149 104320
1539936016130737 126578 106943
1539936016240379 129119 109485
1539936016350457 131648 111963
1539936016464267 134149 114500
1539936016518713 135416 115766
1539936016626162 137967 118238
1539936016681004 139233 119492
1539936016791051 141742 122063
1539936016955909 145683 125922
1539936017014662 147005 127185
1539936017121869 149609 129757
1539936017230459 152298 132416
1539936017340372 155023 135009
1539936017450578 157678 137671
1539936017506409 159019 139054
1539936017616403 161792 141822
1539936017726204 164500 144543
1539936017836013 167175 147354
1539936017945913 169902 150158
1539936018000861 171251 151541
1539936018168886 175184 155785
1539936018220631 176531 157212
1539936018330803 179262 159969
1539936018442108 181930 162705
1539936018551289 184687 165460
1539936018606199 186112 166812
1539936018771095 190305 170861
1539936018825949 191723 172257
1539936018936181 194642 175018
1539936019045772 197476 177725
1539936019156168 200333 180523
1539936019214897 201784 181908
1539936019321577 204654 184602
1539936019431201 207475 187347
1539936019542870 210378 190076
1539936019651009 213314 192754
1539936019705917 214773 194111
1539936019818808 217726 196886
1539936019925903 220677 199637
1539936020037847 223487 202389
1539936020145537 226359 205272
1539936020202288 227806 206712
1539936020366538 232002 210909
1539936020421201 233412 212329
1539936020531035 236240 215133
1539936020585964 237604 216488
1539936020750780 241598 220656
1539936020805664 242934 222071
1539936020971651 246789 226195
1539936021026024 248024 227572
1539936021081590 249269 228968
1539936021191627 251766 231706
1539936021356251 255359 235711
1539936021416400 256544 237077
1539936021521173 258988 239769
1539936021630918 261481 242367
1539936021741071 263956 245036
1539936021851208 266452 247748
1539936021905528 267700 249071
1539936022071360 271327 253104
1539936022126430 272524 254491
1539936022238157 275011 257219
1539936022346036 277578 259891
1539936022456064 280136 262617
1539936022515030 281452 263959
1539936022621007 284154 266530
1539936022730791 286879 269092
1539936022843700 289597 271617
1539936022896609 291023 272828
1539936023005492 293984 275167
1539936023171351 298396 278702
1539936023226197 299898 279856
1539936023336102 302879 282112
1539936023446808 305793 284354
1539936023555981 308853 286586
1539936023665945 311968 288714
1539936023722360 313524 289712
1539936023832281 316748 291597
1539936023941526 319967 293387
1539936024051481 323154 295087
1539936024106255 324820 295901
1539936024216296 328100 297420
1539936024326205 331311 298839
1539936024437912 334536 300194
1539936024491211 336075 300858
1539936024657172 340548 302694
1539936024714578 342034 303235
1539936024822100 344857 304148
1539936024931348 347539 304839
1539936025041587 350140 305293
1539936025151269 352557 305496
1539936025265089 354793 305464
1539936025315993 355876 305393
1539936025371109 356944 305296
1539936025536937 359910 304950
1539936025591665 360806 304859
1539936025701516 362485 304769
1539936025814411 364043 304828
1539936025921287 365479 305040
1539936026031347 366762 305399
1539936026141216 367920 305886
1539936026251145 368988 306527
1539936026306085 369502 306910
1539936026419077 370470 307779
1539936026526866 371395 308799
1539936026581682 371849 309366
1539936026746611 373256 311270
1539936026857422 374278 312632
1539936026915089 374821 313324
1539936026966173 375383 314035
1539936027131013 377141 316286
1539936027242023 378390 317961
1539936027351841 379712 319755
1539936027405973 380397 320673
1539936027516731 381816 322507
1539936027626650 383266 324351
1539936027736382 384742 326279
1539936027791270 385486 327283
1539936027956117 387825 330341
1539936028015206 388654 331369
1539936028123751 390400 333493
1539936028231780 392234 335750
1539936028341850 394106 338047
1539936028454400 396053 340344
1539936028564560 398152 342734
1539936028616758 399261 343980
1539936028726471 401521 346430
1539936028836165 403857 348820
1539936028946491 406368 351239
1539936029001980 407690 352471
1539936029115180 410329 354919
1539936029221971 412976 357375
1539936029386629 417104 361211
1539936029496661 419777 363732
1539936029552097 421118 364969
1539936029664530 423857 367485
1539936029771566 426509 370026
1539936029881333 429113 372489
1539936029992137 431796 374948
1539936030102092 434495 377504
1539936030157150 435828 378760
1539936030321819 440041 382537
1539936030376963 441479 383836
1539936030486790 444321 386476
1539936030596734 447229 389056
1539936030706859 450124 391679
1539936030817003 452909 394449
1539936030871367 454302 395821
1539936030982215 457130 398571
1539936031092912 459879 401399
1539936031202064 462616 404179
1539936031256853 463999 405521
1539936031421744 467987 409535
1539936031477016 469260 410855
1539936031587224 471870 413457
1539936031696531 474498 416093
1539936031806623 477035 418848
1539936031916171 479552 421572
1539936031973099 480809 422941
1539936032082094 483261 425732
1539936032192171 485665 428524
1539936032301735 488132 431256
1539936032414597 490614 434034
1539936032467288 491827 435424
1539936032577180 494230 438074
1539936032686391 496641 440672
1539936032798130 499013 443296
1539936032852219 500164 444581
1539936033017103 503579 448352
1539936033126942 505909 450896
1539936033181960 507081 452163
1539936033291791 509374 454642
1539936033401748 511700 457138
1539936033457612 512888 458412
1539936033566755 515271 460927
1539936033678437 517586 463336
1539936033787762 519916 465770
1539936033897963 522269 468228
1539936034007343 524518 470605
1539936034065157 525593 471793
1539936034172401 527683 474272
1539936034286356 529682 476868
1539936034391878 531542 479484
1539936034446666 532395 480821
1539936034614640 534763 485057
1539936034723044 536240 487877
1539936034777460 536958 489280
1539936034887465 538399 492104
1539936034997178 539832 494827
1539936035107077 541234 497483
1539936035165155 541937 498825
1539936035272926 543383 501458
1539936035382563 544917 503921
1539936035491635 546533 506331
1539936035546789 547368 507538
1539936035714547 549910 510971
1539936035822530 551710 513126
1539936035877434 552650 514189
1539936035987081 554563 516318
1539936036097601 556460 518386
1539936036207234 558275 520440
1539936036264832 559168 521505
1539936036372826 560930 523759
1539936036484221 562629 526061
1539936036592528 564298 528307
1539936036647515 565125 529424
1539936036814270 567733 532748
1539936036867684 568681 533810
1539936036977222 570672 535812
1539936037087041 572695 537731
1539936037142025 573683 538690
1539936037252501 575623 540660
1539936037364970 577558 542625
1539936037472535 579522 544571
1539936037582596 581484 546552
1539936037692379 583453 548594
1539936037802231 585518 550616
1539936037916854 587685 552554
1539936038022019 589840 554468
1539936038132063 591905 556378
1539936038242141 593942 558250
1539936038297010 594953 559151
1539936038407564 596924 560888
1539936038517506 598785 562602
1539936038627291 600592 564314
1539936038737270 602403 566002
1539936038847566 604192 567630
1539936038902203 605048 568397
1539936039015640 606636 569824
1539936039122142 608034 571119
1539936039233502 609273 572278
1539936039288678 609840 572808
1539936039397650 610918 573776
1539936039507662 611954 574680
1539936039617411 612923 575527
1539936039727219 613828 576327
1539936039782263 614263 576710
1539936039892026 615085 577429
1539936040003018 615841 578108
1539936040115191 616558 578739
1539936040222779 617233 579332
1539936040332992 617863 579901
1539936040387565 618157 580168
1539936040552372 618977 580894
1539936040607409 619222 581113
1539936040717373 619675 581515
1539936040827172 620084 581874
1539936040936968 620435 582188
1539936040991863 620595 582325
1539936041101868 620875 582569
1539936041214693 621101 582779
1539936041322682 621289 582938
1539936041433220 621430 583062
1539936041487455 621482 583109
1539936041597138 621558 583175
1539936041707188 621601 583207
1539936041818393 621607 583218
1539936041927787 621598 583209
1539936042037988 621588 583200
1539936042092796 621586 583199
1539936042202657 621589 583201
1539936042314388 621592 583204
1539936042422736 621592 583204
1539936042477614 621591 583204
1539936042587206 621590 583203
1539936042698079 621592 583204
1539936042808091 621591 583204
1539936042920203 621591 583204
1539936042972732 621592 583204
1539936043082936 621591 583204
1539936043248150 621591 583204
1539936043302508 621591 583204
1539936043414453 621591 583204
1539936043522416 621592 583204
1539936043632185 621592 583204
1539936043690066 621592 583204
1539936043798113 621592 583204
1539936043908343 621592 583204
1539936044018562 621592 583205
1539936044128612 621592 583205
1539936044182712 621592 583205
1539936044292707 621592 583204
1539936044402696 621592 583204
1539936044515072 621592 583205
1539936044569087 621592 583205
1539936044733030 621592 583204
1539936044787814 621592 583205
1539936044897847 621592 583205
1539936045007777 621592 583205
1539936045117587 621593 583205
1539936045227431 621593 583205
1539936045337338 621593 583204
1539936045393254 621592 583205
1539936045503043 621592 583205
1539936045615971 621592 583205
1539936045722973 621592 583205
1539936045832789 621592 583205
1539936045942689 621593 583205
1539936045997637 621593 583205
1539936046107591 621593 583206
1539936046217885 621593 583206
1539936046328249 621593 583205
1539936046383380 621593 583205
1539936046493064 621593 583205
1539936046604879 621593 583205
1539936046717893 621593 583205
1539936046822887 621592 583204
1539936046877737 621592 583205
1539936046987550 621593 583205
1539936047097599 621593 583205
1539936047208420 621593 583206
1539936047317473 621593 583205
1539936047428218 621593 583206
1539936047484052 621593 583206
1539936047593026 621592 583206
1539936047703500 621593 583205
1539936047816054 621593 583205
1539936047922674 621594 583206
1539936047977470 621593 583206
1539936048143699 621593 583205
1539936048198496 621593 583206
1539936048308295 621593 583206
1539936048418073 621593 583205
1539936048527995 621593 583206
1539936048582946 621593 583205
1539936048693240 621593 583206
1539936048803268 621593 583205
1539936048914645 621593 583205
1539936048968600 621593 583206
1539936049078287 621593 583206
1539936049243156 621593 583206
1539936049298291 621593 583206
1539936049408289 621593 583205
1539936049464878 621593 583206
1539936049627905 621593 583205
1539936049682763 621593 583206
1539936049792563 621593 583206
1539936049903631 621594 583206
1539936050014897 621593 583206
1539936050123741 621593 583206
1539936050233404 621593 583206
1539936050288084 621594 583205
1539936050398086 621594 583206
1539936050453173 621594 583206
1539936050617749 621594 583206
1539936050673212 621593 583206
1539936050784095 621594 583205
1539936050893665 621594 583206
1539936051003918 621594 583205
1539936051115238 621594 583206
1539936051169906 621593 583206
1539936051278291 621593 583207
1539936051388285 621593 583206
1539936051497999 621595 583206
1539936051608440 621594 583206
1539936051665893 621593 583206
1539936051828540 621594 583206
1539936051883824 621594 583206
1539936051993650 621594 583206
1539936052103817 621594 583206
1539936052215551 621594 583206
1539936052268391 621594 583206
1539936052378018 621594 583206
1539936052488841 621594 583206
1539936052597826 621594 583206
1539936052708374 621594 583207
1539936052765773 621593 583207
1539936052873526 621595 583216
1539936052983386 621602 583221
1539936053093327 621611 583235
1539936053203422 621656 583288
1539936053258324 621698 583341
1539936053423928 621997 583651
1539936053479524 622155 583803
1539936053588919 622558 584176
1539936053698656 623110 584672
1539936053808386 623804 585289
1539936053918514 624653 586018
1539936054028483 625657 586850
1539936054083213 626217 587313
1539936054193025 627431 588302
1539936054303557 628743 589397
1539936054415101 630132 590572
1539936054469066 630836 591179
1539936054580036 632293 592446
1539936054688539 633861 593783
1539936054798278 635581 595223
1539936054858253 636486 595993
1539936055021101 639321 598485
1539936055073264 640298 599364
1539936055237786 643392 602059
1539936055293845 644491 603012
1539936055403664 646689 604981
1539936055515762 648812 607021
1539936055623841 650957 609045
1539936055733434 653142 611065
1539936055788424 654211 612090
1539936055898235 656278 614177
1539936056008291 658322 616267
1539936056119161 660360 618280
1539936056228908 662361 620273
1539936056287785 663319 621270
1539936056393673 665171 623237
1539936056503525 666973 625082
1539936056615272 668749 626835
1539936056668739 669624 627718
1539936056778551 671326 629494
1539936056888713 672944 631286
1539936056944127 673735 632184
1539936057108825 676056 634901
1539936057165220 676808 635836
1539936057274531 678274 637786
1539936057383655 679640 639860
1539936057493834 680925 641950
1539936057603477 682239 644044
1539936057715678 683483 646057
1539936057823179 684664 647890
1539936057878418 685204 648725
1539936057989096 686253 650295
1539936058101537 687243 651800
1539936058208806 688133 653266
1539936058318913 688989 654618
1539936058373726 689387 655271
1539936058483541 690128 656488
1539936058593460 690847 657604
1539936058704167 691568 658625
1539936058815208 692514 659574
1539936058923937 693803 660534
1539936058979130 694572 661011
1539936059088921 696265 662080
1539936059198815 698065 663380
1539936059308689 699940 664732
1539936059418437 701800 665989
1539936059473338 702712 666596
1539936059586462 704458 667764
1539936059694137 706120 668907
1539936059804522 707735 670021
1539936059858986 708533 670567
1539936060023849 710863 672163
1539936060079270 711599 672665
1539936060188626 713003 673639
1539936060298583 714336 674561
1539936060408409 715633 675434
1539936060518459 716896 676280
1539936060629779 718123 677094
1539936060684380 718735 677497
1539936060794210 719962 678309
1539936060904221 721167 679206
1539936061015132 722382 680222
1539936061123698 723640 681412
1539936061178757 724277 682063
1539936061290694 725586 683452
1539936061343486 726236 684186
1539936061508379 728151 686542
1539936061619216 729434 688242
1539936061674154 730092 689115
1539936061784027 731458 690894
1539936061893907 732916 692713
1539936062005138 734506 694637
1539936062114553 736209 696663
1539936062168494 737099 697687
1539936062279391 738972 699755
1539936062389914 740981 701879
1539936062499314 743066 704105
1539936062609364 745180 706360
1539936062665222 746248 707473
1539936062774174 748458 709702
1539936062883919 750793 712012
1539936062993590 753166 714352
1539936063104463 755524 716637
1539936063216589 757963 718938
1539936063269637 759220 720119
1539936063379570 761736 722495
1539936063489507 764211 724862
1539936063599106 766734 727301
1539936063709107 769249 729842
1539936063820932 771685 732380
1539936063876669 772908 733641
1539936063983711 775375 736224
1539936064093605 777816 738838
1539936064204670 780165 741352
1539936064315359 782583 743873
1539936064369593 783826 745154
1539936064479181 786305 747684
1539936064589030 788720 750105
1539936064698794 791171 752504
1539936064808719 793604 754907
1539936064866684 794782 756090
1539936065031584 798235 759633
1539936065086234 799414 760864
1539936065194422 801782 763359
1539936065304216 804116 765786
1539936065415198 806470 768190
1539936065469633 807681 769415
1539936065578991 810105 771843
1539936065689258 812458 774189
1539936065799119 814862 776577
1539936065908747 817340 779020
1539936066019573 819772 781418
1539936066075517 820978 782597
1539936066184448 823416 784984
1539936066294416 825867 787393
1539936066404262 828195 789688
1539936066514909 830492 791915
1539936066569580 831638 793059
1539936066680054 833925 795432
1539936066792019 836133 797816
1539936066899637 838350 800189
1539936067009466 840630 802665
1539936067123134 842920 805162
1539936067176242 844031 806406
1539936067288344 846230 808954
1539936067394193 848505 811623
1539936067504867 850840 814282
1539936067614791 853153 816933
1539936067669766 854316 818290
1539936067779524 856681 821012
1539936067891532 859058 823660
1539936067999424 861360 826342
1539936068109165 863692 829057
1539936068165388 864902 830383
1539936068275105 867362 833007
1539936068383911 869780 835682
1539936068494851 872230 838307
1539936068604769 874743 840867
1539936068659974 875981 842172
1539936068770095 878390 844818
1539936068879694 880846 847413
1539936068989343 883345 849980
1539936069099268 885789 852603
1539936069154209 887005 853888
1539936069265026 889500 856392
1539936069373809 892039 858914
1539936069485907 894541 861462
1539936069594730 897139 863936
1539936069649997 898479 865153
1539936069816624 902491 868880
1539936069870125 903829 870102
1539936069979866 906571 872492
1539936070089197 909257 874902
1539936070144017 910558 876123
1539936070255086 913186 878533
1539936070421596 917262 882046
1539936070474883 918597 883231
1539936070585093 921335 885636
1539936070695074 924137 887989
1539936070806878 926837 890348
1539936070862929 928161 891558
1539936070969210 930873 894028
1539936071079666 933568 896451
1539936071189930 936208 898903
1539936071302058 938899 901409
1539936071411598 941578 903858
1539936071519819 944171 906245
1539936071574569 945484 907456
1539936071685775 948147 909863
1539936071794359 950759 912178
1539936071904143 953342 914479
1539936071959991 954642 915672
1539936072069275 957237 918175
1539936072180517 959726 920729
1539936072289910 962198 923380
1539936072344788 963460 924784
1539936072454955 965991 927606
1539936072619489 969668 931631
1539936072674483 970891 932971
1539936072784594 973318 935606
1539936072842189 974515 936866
1539936073004206 978106 940670
1539936073115106 980705 943342
1539936073170000 982029 944685
1539936073279860 984623 947357
1539936073389781 987268 950138
1539936073499771 989952 952915
1539936073609360 992574 955618
1539936073665371 993891 957005
1539936073774520 996642 959812
1539936073885658 999449 962527
1539936073995178 1002264 965292
1539936074050059 1003710 966718
1539936074160164 1006647 969527
1539936074270644 1009507 972309
1539936074379812 1012456 975188
1539936074491147 1015468 978027
1539936074599669 1018450 980814
1539936074709417 1021524 983612
1539936074766474 1023053 984974
1539936074875222 1026018 987618
1539936074985162 1029071 990312
1539936075095025 1032098 993095
1539936075204957 1035003 995915
1539936075261766 1036451 997377
1539936075369908 1039305 1000449
1539936075479499 1041998 1003522
1539936075589642 1044704 1006718
1539936075700465 1047460 1010001
1539936075755187 1048833 1011602
1539936075865348 1051597 1014850
1539936075975119 1054504 1018148
1539936076085023 1057414 1021349
1539936076194912 1060290 1024673
1539936076304894 1063253 1028011
1539936076360118 1064696 1029683
1539936076471070 1067510 1033170
1539936076579514 1070334 1036607
1539936076690190 1073077 1040176
1539936076802614 1075682 1043792
1539936076910122 1078318 1047432
1539936076965645 1079643 1049306
1539936077075297 1082250 1052937
1539936077184859 1084895 1056607
1539936077239670 1086266 1058461
1539936077404822 1090393 1063901
1539936077515440 1093111 1067541
1539936077570509 1094510 1069304
1539936077680320 1097279 1072901
1539936077790733 1099971 1076501
1539936077899941 1102687 1080048
1539936077954900 1104066 1081879
1539936078066171 1106733 1085434
1539936078176272 1109322 1088978
1539936078290990 1112005 1092507
1539936078396737 1114733 1095873
1539936078505823 1117552 1099159
1539936078561234 1119051 1100694
1539936078670413 1122150 1103634
1539936078835614 1126808 1107953
1539936078944981 1130100 1110717
1539936079000059 1131687 1112086
1539936079110762 1134878 1114896
1539936079223942 1138079 1117602
1539936079330472 1141173 1120276
1539936079385961 1142756 1121640
1539936079495442 1146013 1124350
1539936079605517 1149228 1126967
1539936079717076 1152429 1129600
1539936079825289 1155547 1132257
1539936079880072 1157045 1133561
1539936080044847 1161628 1137592
1539936080100799 1163123 1139024
1539936080215199 1166017 1141920
1539936080320548 1168916 1144830
1539936080430424 1171699 1147845
1539936080540288 1174417 1150816
1539936080596019 1175827 1152308
1539936080705122 1178730 1155415
1539936080816131 1181584 1158524
1539936080924911 1184482 1161624
1539936081036916 1187436 1164840
1539936081090795 1188870 1166426
1539936081201068 1191759 1169628
1539936081314709 1194713 1172956
1539936081422376 1197578 1176184
1539936081530284 1200454 1179455
1539936081585499 1201937 1181098
1539936081696077 1204912 1184301
1539936081805217 1207888 1187611
1539936081915948 1210954 1190959
1539936082028470 1213928 1194287
1539936082135659 1216882 1197745
1539936082245657 1219824 1201183
1539936082300841 1221220 1202969
1539936082414627 1224013 1206600
1539936082523576 1226916 1210159
1539936082630168 1229784 1213841
1539936082740054 1232717 1217421
1539936082795907 1234233 1219247
1539936082905017 1237207 1222992
1539936083016728 1240105 1226683
1539936083125723 1243072 1230508
1539936083180621 1244541 1232377
1539936083290459 1247394 1236185
1539936083400362 1250254 1240046
1539936083510408 1253083 1243785
1539936083623047 1255825 1247563
1539936083730972 1258700 1251230
1539936083842857 1261702 1254969
1539936083896167 1263241 1256778
1539936084007330 1266453 1260356
1539936084116315 1269735 1263942
1539936084225938 1272906 1267422
1539936084280524 1274525 1269221
1539936084390417 1277719 1272822
1539936084500198 1280724 1276387
1539936084613128 1283769 1280042
1539936084721487 1286725 1283571
1539936084830946 1289668 1287170
1539936084886058 1291214 1288926
1539936084996590 1294317 1292371
1539936085106102 1297354 1295865
1539936085218576 1300452 1299217
1539936085325621 1303441 1302607
1539936085380502 1304898 1304285
1539936085490367 1307876 1307508
1539936085603183 1310845 1310730
1539936085715454 1313789 1313840
1539936085766081 1315290 1315331
1539936085930911 1319780 1319904
1539936086043639 1322745 1322823
1539936086095651 1324280 1324236
1539936086205545 1327379 1327046
1539936086316430 1330474 1329732
1539936086425654 1333585 1332386
1539936086484433 1335063 1333785
1539936086591221 1337884 1336721
1539936086701625 1340802 1339582
1539936086815025 1343905 1342378
1539936086921436 1347227 1345145
1539936087030746 1350731 1347802
1539936087086903 1352421 1349156
1539936087195477 1355821 1352067
1539936087252819 1357576 1353560
1539936087416447 1362624 1357813
1539936087526266 1365963 1360631
1539936087639246 1369118 1363283
1539936087691113 1370634 1364550
1539936087856694 1375224 1368373
1539936087967067 1378127 1370820
1539936088020850 1379575 1371997
1539936088130723 1382480 1374335
1539936088240371 1385264 1376697
1539936088296426 1386622 1377849
1539936088461594 1390795 1381183
1539936088519461 1392161 1382287
1539936088625924 1394811 1384514
1539936088737431 1397472 1386691
1539936088845989 1400091 1388783
1539936088901390 1401335 1389817
1539936089014513 1403779 1391895
1539936089124663 1406248 1393956
1539936089231428 1408615 1396150
1539936089341228 1410708 1398636
1539936089451061 1412620 1401371
1539936089506186 1413568 1402758
1539936089617513 1415537 1405546
1539936089725760 1417461 1408479
1539936089836846 1419253 1411468
1539936089945765 1421001 1414479
1539936090056501 1422737 1417678
1539936090115590 1423635 1419285
1539936090221415 1425539 1422360
1539936090331118 1427671 1425438
1539936090441124 1430047 1428376
1539936090496506 1431309 1429782
1539936090605886 1433891 1432610
1539936090715744 1436591 1435430
1539936090826559 1439438 1438163
1539936090935937 1442241 1440972
1539936091046392 1444977 1443844
1539936091101561 1446369 1445269
1539936091215171 1449110 1448162
1539936091321932 1451671 1451154
1539936091431069 1454204 1454025
1539936091486328 1455489 1455432
1539936091650985 1459413 1459645
1539936091764659 1462246 1462316
1539936091818779 1463750 1463654
1539936091926463 1466747 1466423
1539936092036457 1469682 1469223
1539936092091723 1471179 1470617
1539936092201404 1474168 1473486
1539936092315027 1477071 1476401
1539936092421240 1480037 1479230
1539936092531035 1482951 1482093
1539936092640929 1485758 1484941
1539936092695782 1487201 1486327
1539936092807036 1490105 1489147
1539936092917148 1492942 1492150
1539936092971531 1494376 1493649
1539936093083031 1497280 1496637
1539936093246257 1501493 1501219
1539936093356279 1504341 1504122
1539936093414917 1505767 1505566
1539936093520971 1508528 1508435
1539936093630869 1511287 1511164
1539936093686225 1512688 1512509
1539936093851774 1516868 1516640
1539936093965534 1519740 1519415
1539936094020359 1521232 1520834
1539936094126238 1524178 1523784
1539936094236269 1527097 1526729
1539936094292226 1528590 1528171
1539936094400914 1531540 1531119
1539936094514959 1534370 1534074
1539936094620758 1537280 1536880
1539936094731633 1540181 1539682
1539936094842477 1543037 1542461
1539936094955468 1545967 1545179
1539936095065329 1548872 1548033
1539936095116273 1550294 1549503
1539936095226352 1553208 1552417
1539936095336374 1556145 1555393
1539936095445894 1558978 1558441
1539936095501191 1560407 1559954
1539936095614778 1563264 1563058
1539936095721712 1566012 1566296
1539936095831582 1568785 1569433
1539936095941466 1571678 1572575
1539936095996442 1573106 1574126
1539936096165151 1577484 1578697
1539936096217196 1579004 1580287
1539936096326190 1581968 1583528
1539936096436750 1584916 1586767
1539936096546837 1587941 1590155
1539936096656578 1590853 1593498
1539936096769102 1593790 1596940
1539936096876444 1596748 1600451
1539936097041291 1601074 1605826
1539936097151080 1604104 1609485
1539936097206537 1605613 1611331
1539936097315900 1608642 1615186
1539936097426978 1611761 1618958
1539936097536718 1614839 1622838
1539936097646854 1617939 1626655
1539936097703120 1619534 1628595
1539936097815397 1622685 1632558
1539936097922183 1625871 1636413
1539936098031228 1629144 1640343
1539936098141043 1632369 1644166
1539936098197105 1634033 1646132
1539936098306142 1637465 1650024
1539936098418736 1640815 1653841
1539936098527251 1644259 1657685
1539936098581539 1645968 1659547
1539936098691748 1649259 1663372
1539936098805213 1652615 1667146
1539936098915821 1655828 1670880
1539936099021697 1659019 1674588
1539936099132182 1662247 1678261
1539936099241828 1665389 1681955
1539936099296943 1667018 1683721
1539936099407167 1670379 1687293
1539936099516599 1673717 1690796
1539936099626622 1677172 1694162
1539936099681329 1678888 1695865
1539936099846728 1683862 1700743
1539936099901930 1685531 1702330
1539936100017659 1688834 1705517
1539936100121965 1692166 1708571
1539936100231908 1695541 1711640
1539936100290986 1697182 1713176
1539936100396606 1700516 1716117
1539936100506486 1703840 1719046
1539936100616596 1707055 1722018
1539936100728233 1710288 1724888
1539936100836161 1713374 1727809
1539936100892108 1714883 1729271
1539936101002168 1717951 1732055
1539936101115213 1720981 1734768
1539936101221790 1723933 1737544
1539936101332714 1726904 1740246
1539936101386758 1728339 1741588
1539936101553274 1732516 1745749
1539936101606657 1733937 1747120
1539936101718527 1736732 1749779
1539936101827239 1739424 1752471
1539936101937510 1742104 1755150
1539936102047438 1744742 1757753
1539936102156895 1747341 1760449
1539936102214912 1748644 1761766
1539936102321957 1751222 1764291
1539936102432133 1753802 1766845
1539936102541581 1756323 1769575
1539936102596434 1757557 1770892
1539936102707534 1760076 1773583
1539936102765336 1761313 1774978
1539936102927154 1764857 1779367
1539936103036959 1767247 1782328
1539936103091862 1768434 1783856
1539936103256746 1771945 1788605
1539936103314910 1773145 1790189
1539936103421732 1775618 1793490
1539936103531889 1778125 1796931
1539936103590436 1779354 1798635
1539936103697495 1781831 1802164
1539936103807234 1784313 1805740
1539936103917293 1786691 1809378
1539936104027004 1789047 1813187
1539936104084446 1790248 1815064
1539936104247093 1793869 1820791
1539936104301825 1795083 1822646
1539936104358749 1796318 1824491
1539936104521589 1800380 1830062
1539936104577428 1801801 1831847
1539936104742426 1806068 1837300
1539936104797211 1807539 1839069
1539936104907260 1810417 1842670
1539936105019068 1813217 1846310
1539936105127026 1816087 1849874
1539936105236879 1818949 1853478
1539936105346675 1821792 1856968
1539936105403206 1823223 1858730
1539936105515548 1826128 1862248
1539936105622431 1828959 1865623
1539936105733025 1831920 1869052
1539936105845090 1834904 1872322
1539936105952440 1837844 1875635
1539936106007058 1839335 1877293
1539936106117017 1842320 1880487
1539936106227254 1845163 1883685
1539936106337680 1848002 1886819
1539936106392568 1849410 1888306
1539936106502513 1852124 1891275
1539936106615421 1854752 1894207
1539936106722160 1857367 1896970
1539936106831968 1859862 1899715
1539936106887348 1861069 1901089
1539936107052494 1864694 1904981
1539936107107029 1865921 1906248
1539936107216818 1868370 1908773
1539936107272635 1869606 1909997
1539936107437577 1873591 1913319
1539936107492444 1874995 1914339
1539936107604003 1877777 1916312
1539936107715267 1880629 1918207
1539936107822256 1883520 1920059
1539936107931885 1886265 1921942
1539936107986886 1887626 1922943
1539936108098997 1890300 1925114
1539936108207639 1892792 1927453
1539936108318085 1895177 1929822
1539936108427275 1897621 1932232
1539936108482565 1898848 1933439
1539936108647097 1902415 1936940
1539936108705002 1903607 1938090
1539936108757179 1904818 1939258
1539936108869506 1907286 1941656
1539936108977723 1909736 1944035
1539936109142917 1913626 1947478
1539936109197516 1914997 1948618
1539936109307430 1917752 1950882
1539936109419071 1920567 1953076
1539936109527193 1923468 1955270
1539936109637223 1926269 1957578
1539936109747957 1929068 1959954
1539936109802687 1930503 1961153
1539936109914991 1933334 1963630
1539936110022864 1936070 1966304
1539936110133863 1938865 1969020
1539936110242688 1941660 1971750
1539936110297443 1943033 1973157
1539936110407417 1945885 1976019
1539936110517398 1948820 1978792
1539936110627031 1951705 1981598
1539936110737077 1954667 1984448
1539936110792974 1956156 1985845
1539936110902801 1959038 1988663
1539936111014598 1961907 1991570
1539936111122514 1964844 1994441
1539936111232434 1967689 1997347
1539936111291485 1969109 1998847
1539936111397340 1971993 2001800
1539936111508480 1974810 2004703
1539936111619160 1977570 2007688
1539936111728214 1980449 2010609
1539936111782288 1981891 2012047
1539936111893676 1984710 2014991
1539936112002712 1987559 2017918
1539936112116011 1990376 2020763
1539936112222466 1993075 2023707
1539936112277456 1994442 2025192
1539936112387433 1997209 2028113
1539936112497799 1999916 2031113
1539936112608413 2002648 2034122
1539936112718912 2005448 2037057
1539936112773705 2006825 2038560
1539936112937700 2010959 2043052
1539936112992624 2012392 2044506
1539936113105875 2015251 2047479
1539936113215713 2018080 2050452
1539936113322413 2020958 2053333
1539936113432261 2023784 2056325
1539936113491187 2025160 2057833
1539936113598069 2027941 2060768
1539936113708075 2030748 2063741
1539936113818050 2033464 2066725
1539936113874223 2034831 2068173
1539936113982751 2037614 2071104
1539936114092501 2040327 2074124
1539936114203151 2043019 2077044
1539936114316587 2045801 2080022
1539936114367664 2047199 2081539
1539936114477254 2049961 2084483
1539936114644457 2054285 2088944
1539936114698107 2055720 2090451
1539936114807791 2058531 2093354
1539936114918831 2061446 2096279
1539936115027710 2064391 2099181
1539936115082639 2065838 2100597
1539936115192454 2068780 2103400
1539936115302215 2071751 2106271
1539936115358277 2073181 2107682
1539936115523073 2077463 2111847
1539936115577849 2078916 2113262
1539936115688117 2081757 2116059
1539936115798226 2084543 2118749
1539936115907538 2087345 2121508
1539936116018191 2090027 2124242
1539936116072469 2091350 2125557
1539936116239150 2095408 2129509
1539936116293420 2096744 2130828
1539936116403029 2099336 2133371
1539936116514953 2101954 2135899
1539936116569089 2103266 2137199
1539936116677809 2105809 2139826
1539936116787743 2108292 2142383
1539936116897614 2110808 2144942
1539936117007426 2113275 2147548
1539936117065388 2114462 2148825
1539936117228404 2118003 2152642
1539936117283164 2119177 2153978
1539936117393126 2121425 2156651
1539936117503414 2123518 2159280
1539936117614746 2125545 2162021
1539936117722774 2127544 2164831
1539936117832614 2129470 2167587
1539936117887657 2130410 2168986
1539936117997482 2132267 2171820
1539936118108234 2134159 2174551
1539936118219157 2136064 2177244
1539936118273423 2137005 2178605
1539936118383368 2138826 2181280
1539936118493022 2140609 2183854
1539936118603181 2142407 2186487
1539936118714590 2144255 2189133
1539936118822510 2146140 2191684
1539936118933689 2148039 2194201
1539936119043387 2150009 2196695
1539936119098600 2151024 2197899
1539936119208174 2153063 2200256
1539936119372978 2156160 2203937
1539936119427834 2157213 2205159
1539936119537835 2159382 2207584
1539936119592610 2160477 2208799
1539936119757687 2163709 2212613
1539936119870222 2165873 2215155
1539936119923427 2166974 2216414
1539936120033453 2169171 2218966
1539936120143207 2171272 2221546
1539936120253370 2173382 2223960
1539936120307872 2174484 2225158
1539936120417826 2176737 2227615
1539936120527757 2179030 2230021
1539936120637987 2181351 2232386
1539936120693498 2182557 2233579
1539936120858726 2186344 2237289
1539936120968349 2188857 2239783
1539936121023352 2190130 2241033
1539936121133096 2192755 2243617
1539936121243744 2195375 2246249
1539936121297798 2196662 2247545
1539936121408089 2199274 2250123
1539936121518575 2201947 2252815
1539936121628490 2204557 2255509
1539936121684342 2205864 2256849
1539936121848438 2209996 2261017
1539936121903288 2211403 2262435
1539936122068110 2215662 2266688
1539936122122899 2217127 2268156
1539936122233082 2220037 2271127
1539936122343461 2222907 2274028
1539936122453108 2225925 2276994
1539936122508629 2227457 2278485
1539936122617727 2230465 2281353
1539936122728382 2233535 2284201
1539936122841803 2236548 2287113
1539936122948327 2239458 2289984
1539936123003041 2240937 2291427
1539936123170436 2245316 2295777
1539936123222917 2246725 2297184
1539936123334933 2249552 2300008
1539936123444296 2252283 2302923
1539936123553533 2254834 2305762
1539936123665826 2257360 2308617
1539936123773478 2259845 2311546
1539936123884607 2262155 2314431
1539936123940666 2263248 2315905
1539936124048200 2265383 2319017
1539936124158089 2267460 2322147
1539936124268819 2269451 2325262
1539936124379010 2271390 2328368
1539936124488430 2273387 2331286
1539936124543518 2274412 2332726
1539936124653429 2276515 2335605
1539936124765236 2278638 2338336
1539936124819294 2279725 2339647
1539936124983075 2283152 2343589
1539936125093756 2285441 2346175
1539936125148746 2286557 2347471
1539936125258652 2288782 2350138
1539936125370761 2291038 2352862
1539936125478385 2293262 2355518
1539936125590011 2295436 2358180
1539936125700020 2297650 2360794
1539936125753613 2298770 2362044
1539936125864959 2301001 2364481
1539936125975039 2303164 2366965
1539936126028902 2304245 2368219
1539936126138700 2306455 2370673
1539936126248747 2308700 2373088
1539936126358412 2310893 2375561
1539936126468682 2313062 2377998
1539936126578333 2315240 2380378
1539936126688978 2317423 2382804
1539936126743937 2318495 2384025
1539936126857020 2320622 2386450
1539936126965015 2322808 2388816
1539936127074222 2325040 2391255
1539936127183529 2327233 2393753
1539936127238551 2328328 2394979
1539936127348421 2330535 2397419
1539936127458384 2332761 2399926
1539936127568485 2334916 2402424
1539936127678006 2337019 2404840
1539936127734081 2338087 2406057
1539936127844153 2340271 2408534
1539936127953869 2342448 2410960
1539936128065735 2344575 2413293
1539936128118601 2345654 2414462
1539936128283428 2348941 2417968
1539936128338366 2350029 2419098
1539936128449436 2352132 2421299
1539936128558248 2354255 2423518
1539936128669348 2356444 2425727
1539936128724163 2357535 2426803
1539936128888794 2360692 2429913
1539936128943690 2361725 2430944
1539936129053773 2363797 2433013
1539936129167483 2365831 2435015
1539936129273522 2367760 2436923
1539936129330249 2368687 2437855
1539936129494054 2371443 2440642
1539936129549027 2372356 2441558
1539936129659263 2374133 2443306
1539936129768815 2375822 2444958
1539936129878868 2377426 2446546
1539936129933717 2378212 2447331
1539936130043515 2379738 2448861
1539936130154178 2381187 2450305
1539936130266413 2382535 2451636
1539936130374244 2383769 2452856
1539936130483993 2384895 2453990
1539936130594654 2385982 2455073
1539936130649027 2386532 2455597
1539936130758865 2387703 2456653
1539936130868839 2388987 2457751
1539936130978631 2390353 2458899
1539936131033597 2391090 2459500
1539936131144424 2392693 2460768
1539936131253463 2394478 2462155
1539936131365095 2396434 2463684
1539936131474210 2398429 2465309
1539936131528985 2399429 2466140
1539936131693996 2402475 2468704
1539936131749448 2403517 2469567
1539936131858867 2405688 2471378
1539936131917691 2406807 2472342
1539936132079580 2410181 2475475
1539936132190430 2412518 2477659
1539936132244283 2413712 2478779
1539936132354547 2416091 2481131
1539936132465585 2418428 2483612
1539936132574103 2420857 2486078
1539936132629004 2422113 2487315
1539936132738932 2424603 2489834
1539936132848775 2427047 2492392
1539936132960440 2429581 2494940
1539936133068853 2432183 2497609
1539936133179502 2434772 2500397
1539936133293390 2437498 2503174
1539936133344648 2438915 2504584
1539936133509057 2443181 2508901
1539936133564946 2444626 2510295
1539936133675582 2447571 2513114
1539936133784028 2450422 2516017
1539936133894536 2453264 2518849
1539936134004371 2456184 2521680
1539936134115170 2459037 2524564
1539936134169147 2460472 2525965
1539936134279164 2463411 2528735
1539936134389245 2466326 2531628
1539936134499260 2469224 2534517
1539936134553834 2470737 2535946
1539936134665674 2473774 2538894
1539936134775073 2476761 2541907
1539936134884854 2479868 2544905
1539936134994436 2482980 2548063
1539936135104136 2486077 2551221
1539936135215009 2489270 2554374
1539936135269475 2490832 2556002
1539936135378951 2493950 2559206
1539936135492689 2497152 2562411
1539936135544672 2498698 2564064
1539936135711786 2503322 2568942
1539936135765518 2504903 2570586
1539936135874641 2507978 2573936
1539936135984274 2511075 2577197
1539936136039402 2512638 2578835
1539936136150013 2515631 2582136
1539936136259562 2518510 2585287
1539936136368990 2521402 2588503
1539936136478983 2524128 2591729
1539936136589750 2526741 2594932
1539936136699485 2529288 2598281
1539936136754572 2530498 2599929
1539936136921680 2533781 2604917
1539936136974717 2534805 2606607
1539936137084113 2536770 2609883
1539936137194131 2538626 2613222
1539936137305533 2540290 2616531
1539936137414957 2541838 2619779
1539936137469206 2542596 2621436
1539936137579878 2544094 2624654
1539936137689628 2545580 2627831
1539936137799494 2547037 2631109
1539936137909335 2548485 2634310
1539936137965508 2549223 2635933
1539936138074752 2550742 2639260
1539936138184111 2552317 2642522
1539936138239007 2553102 2644176
1539936138405185 2555500 2649223
1539936138516845 2557069 2652529
1539936138570459 2557853 2654221
1539936138679701 2559475 2657521
1539936138789666 2561196 2660747
1539936138899393 2563058 2664014
1539936138954486 2564033 2665589
1539936139120941 2567160 2670246
1539936139174273 2568304 2671796
1539936139284236 2570674 2674771
1539936139395717 2572975 2677713
1539936139504917 2575190 2680634
1539936139559894 2576289 2682025
1539936139669714 2578489 2684744
1539936139780161 2580625 2687515
1539936139889380 2582746 2690218
1539936139999314 2584981 2692886
1539936140110844 2587403 2695561
1539936140220002 2589982 2698120
1539936140330412 2592781 2700616
1539936140440131 2595776 2703201
1539936140549793 2598727 2705799
1539936140659759 2601764 2708365
1539936140771022 2604840 2711038
1539936140826378 2606333 2712392
1539936140934363 2609378 2715045
1539936141044266 2612488 2717674
1539936141154322 2615470 2720350
1539936141210269 2616966 2721650
1539936141374924 2621502 2725509
1539936141430018 2622976 2726862
1539936141540873 2625985 2729625
1539936141649682 2628981 2732321
1539936141704776 2630423 2733680
1539936141869926 2634764 2737837
1539936141979534 2637671 2740547
1539936142034535 2639085 2741918
1539936142145156 2641933 2744732
1539936142255228 2644839 2747521
1539936142364838 2647670 2750305
1539936142474894 2650577 2753241
1539936142529721 2652072 2754710
1539936142639602 2655026 2757672
1539936142749679 2657980 2760771
1539936142859836 2661005 2763883
1539936142915340 2662474 2765408
1539936143025095 2665400 2768521
1539936143135129 2668421 2771582
1539936143245601 2671412 2774532
1539936143355316 2674438 2777564
1539936143466625 2677566 2780552
1539936143574613 2680566 2783507
1539936143684456 2683610 2786544
1539936143794411 2686703 2789530
1539936143905359 2689698 2792603
1539936143959366 2691208 2794177
1539936144069146 2694269 2797254
1539936144180016 2697171 2800310
1539936144293937 2700092 2803365
1539936144400318 2702994 2806273
1539936144454662 2704395 2807744
1539936144565791 2707228 2810781
1539936144674529 2710102 2813751
1539936144785284 2712912 2816773
1539936144895440 2715800 2819920
1539936145005503 2718788 2823021
1539936145114950 2721713 2826210
1539936145224917 2724713 2829373
1539936145335378 2727734 2832470
1539936145390272 2729214 2834058
1539936145499702 2732279 2837175
1539936145609453 2735419 2840164
1539936145720548 2738396 2843170
1539936145830114 2741351 2846033
1539936145885043 2742794 2847394
1539936145995067 2745540 2850137
1539936146105244 2748251 2852848
1539936146216341 2750972 2855412
1539936146327097 2753571 2857967
1539936146434905 2756110 2860501
1539936146489790 2757383 2861723
1539936146599686 2759865 2864084
1539936146710355 2762196 2866425
1539936146820195 2764487 2868716
1539936146875219 2765639 2869817
1539936146985175 2767905 2871956
1539936147094970 2770058 2874087
1539936147205444 2772171 2876193
1539936147260423 2773221 2877214
1539936147425742 2776321 2880156
1539936147479708 2777296 2881119
1539936147589621 2779195 2883035
1539936147700465 2781065 2884890
1539936147755486 2782003 2885779
1539936147921093 2784851 2888339
1539936148030122 2786953 2890048
1539936148139905 2789377 2891790
1539936148194799 2790678 2892664
1539936148305127 2793278 2894441
1539936148416679 2795817 2896300
1539936148525526 2798437 2898245
1539936148635544 2801065 2900250
1539936148690624 2802345 2901254
1539936148800765 2804924 2903259
1539936148910617 2807600 2905338
1539936148965971 2808940 2906434
1539936149074915 2811537 2908679
1539936149240053 2815560 2911995
1539936149298592 2816922 2913083
1539936149405805 2819583 2915298
1539936149515433 2822287 2917512
1539936149625179 2825012 2919628
1539936149735047 2827642 2921720
1539936149790370 2828966 2922790
1539936149900214 2831721 2924993
1539936150010041 2834486 2927208
1539936150119788 2837211 2929406
1539936150231294 2840033 2931664
1539936150285747 2841448 2932820
1539936150395630 2844180 2935108
1539936150506019 2846927 2937349
1539936150615803 2849716 2939612
1539936150725473 2852402 2941918
1539936150780311 2853749 2943052
1539936150889936 2856508 2945313
1539936150999777 2859262 2947652
1539936151056202 2860614 2948872
1539936151165949 2863391 2951329
1539936151330762 2867647 2955003
1539936151385552 2869040 2956278
1539936151495433 2871899 2958874
1539936151605770 2874775 2961435
1539936151717172 2877525 2964017
1539936151825214 2880348 2966624
1539936151880041 2881796 2967886
1539936151990130 2884626 2970343
1539936152101854 2887429 2972894
1539936152209826 2890316 2975587
1539936152265889 2891719 2976932
1539936152430431 2895916 2981142
1539936152485431 2897349 2982608
1539936152596180 2900160 2985507
1539936152705596 2902932 2988423
1539936152816352 2905778 2991416
1539936152870183 2907197 2992873
1539936152980845 2909960 2995724
1539936153090773 2912805 2998618
1539936153200988 2915715 3001407
1539936153314565 2918572 3004128
1539936153420496 2921514 3006911
1539936153475350 2922997 3008301
1539936153586698 2925856 3010997
1539936153695059 2928726 3013717
1539936153806040 2931685 3016413
1539936153919034 2934531 3019004
1539936154026296 2937364 3021634
1539936154136668 2940169 3024321
1539936154190663 2941514 3025642
1539936154300647 2944211 3028233
1539936154410328 2947058 3030921
1539936154466240 2948350 3032134
1539936154633118 2952412 3035906
1539936154687064 2953788 3037165
1539936154795994 2956532 3039737
1539936154906118 2959128 3042233
1539936155016286 2961801 3044636
1539936155125522 2964591 3047078
1539936155235679 2967363 3049436
1539936155294626 2968800 3050570
1539936155404426 2971776 3052783
1539936155455924 2973271 3053888
1539936155621712 2977752 3057177
1539936155676109 2979308 3058222
1539936155786173 2982415 3060290
1539936155841897 2983934 3061334
1539936156005620 2988616 3064550
1539936156117206 2991630 3066661
1539936156170984 2993137 3067716
1539936156280414 2996218 3069889
1539936156390408 2999230 3072228
1539936156501689 3002211 3074671
1539936156615024 3005201 3077172
1539936156667481 3006643 3078485
1539936156776904 3009469 3081238
1539936156886056 3012353 3083989
1539936156996204 3015216 3086779
1539936157051184 3016627 3088198
1539936157160914 3019593 3090969
1539936157326255 3024211 3094908
1539936157382093 3025768 3096257
1539936157491177 3028992 3099001
1539936157601119 3032134 3101746
1539936157714949 3035239 3104662
1539936157766139 3036810 3106169
1539936157876232 3039867 3109192
1539936157985639 3042870 3112344
1539936158095558 3046019 3115544
1539936158205476 3049145 3118679
1539936158265549 3050765 3120314
1539936158426551 3055770 3125189
1539936158481016 3057410 3126814
1539936158590990 3060845 3130197
1539936158701111 3064324 3133509
1539936158814931 3067769 3136874
1539936158920546 3071264 3140300
1539936159031438 3074621 3143643
1539936159087126 3076328 3145335
1539936159196345 3079804 3148670
1539936159306599 3083209 3151920
1539936159416017 3086719 3155242
1539936159470945 3088439 3156867
1539936159580860 3091818 3160088
1539936159690749 3095273 3163381
1539936159804787 3098615 3166561
1539936159915538 3101968 3169815
1539936160023841 3105219 3173088
1539936160079183 3106800 3174679
1539936160186262 3110037 3177919
1539936160297118 3113279 3181161
1539936160406188 3116501 3184344
1539936160520105 3119805 3187653
1539936160626904 3122994 3190917
1539936160681056 3124592 3192558
1539936160790701 3127850 3195935
1539936160901749 3131016 3199243
1539936161015887 3134203 3202630
1539936161121531 3137374 3206008
1539936161176455 3138907 3207658
1539936161286443 3142022 3211041
1539936161396247 3145188 3214395
1539936161506041 3148288 3217715
1539936161618042 3151448 3221150
1539936161672337 3153028 3222830
1539936161780729 3156041 3226144
1539936161890663 3159136 3229496
1539936162001768 3162227 3232705
1539936162058062 3163720 3234317
1539936162168425 3166720 3237542
1539936162276112 3169692 3240617
1539936162386177 3172508 3243706
1539936162496053 3175335 3246719
1539936162605975 3178137 3249606
1539936162660731 3179477 3251061
1539936162774786 3182159 3253972
1539936162881661 3184830 3256730
1539936162991364 3187373 3259468
1539936163102441 3189857 3262181
1539936163156534 3191135 3263484
1539936163321332 3194966 3267241
1539936163375883 3196209 3268491
1539936163485958 3198724 3270953
1539936163597147 3201277 3273307
1539936163706580 3203738 3275652
1539936163818514 3206170 3277996
1539936163926476 3208709 3280246
1539936163981381 3210015 3281341
1539936164092034 3212663 3283518
1539936164201040 3215460 3285625
1539936164314844 3218416 3287670
1539936164367293 3219869 3288688
1539936164475728 3222814 3290786
1539936164586594 3225910 3292999
1539936164696525 3228957 3295263
1539936164806614 3232036 3297590
1539936164865732 3233587 3298819
1539936165026326 3238040 3302890
1539936165081053 3239506 3304294
1539936165191148 3242457 3307149
1539936165247092 3243904 3308662
1539936165355958 3246714 3311782
1539936165523007 3250988 3316483
1539936165576750 3252387 3318120
1539936165686504 3255188 3321329
1539936165796656 3258088 3324501
1539936165906444 3260979 3327719
1539936165965255 3262404 3329267
1539936166071250 3265306 3332350
1539936166180928 3268187 3335493
1539936166291949 3270957 3338518
1539936166401847 3273805 3341563
1539936166515621 3276685 3344611
1539936166621507 3279555 3347548
1539936166676570 3281044 3349036
1539936166786520 3284089 3352032
1539936166841617 3285578 3353486
1539936167006261 3290112 3357772
1539936167065386 3291671 3359224
1539936167171064 3294718 3362033
1539936167282555 3297792 3364848
1539936167391860 3300868 3367765
1539936167501755 3303814 3370658
1539936167556887 3305324 3372115
1539936167670731 3308370 3375090
1539936167776328 3311306 3378015
1539936167886451 3314256 3380852
1539936167996179 3317178 3383751
1539936168107537 3319941 3386561
1539936168165027 3321338 3387922
1539936168271995 3324158 3390665
1539936168382014 3326846 3393414
1539936168491706 3329489 3396067
1539936168601730 3332130 3398769
1539936168656728 3333411 3400137
1539936168769416 3335876 3402823
1539936168876324 3338354 3405465
1539936168986210 3340850 3408139
1539936169097647 3343263 3410741
1539936169152927 3344451 3412004
1539936169265738 3346816 3414522
1539936169371800 3349160 3417047
1539936169484540 3351390 3419465
1539936169591410 3353570 3421797
1539936169701672 3355780 3424133
1539936169758361 3356872 3425283
1539936169867456 3358970 3427489
1539936169975992 3361011 3429633
1539936170087019 3363046 3431781
1539936170196878 3365066 3433921
1539936170253034 3366055 3434940
1539936170364815 3367974 3436909
1539936170471471 3369900 3438855
1539936170584664 3371885 3440800
1539936170691260 3373884 3442685
1539936170802635 3375861 3444509
1539936170857093 3376815 3445392
1539936170967250 3378710 3447158
1539936171076953 3380592 3448908
1539936171186904 3382340 3450567
1539936171241839 3383233 3451414
1539936171351928 3384989 3453058
1539936171465650 3386783 3454702
1539936171571502 3388558 3456307
1539936171628518 3389448 3457114
1539936171792487 3391971 3459378
1539936171902064 3393533 3460743
1539936172014834 3395066 3462057
1539936172067122 3395821 3462703
1539936172176824 3397285 3463966
1539936172286667 3398741 3465299
1539936172396748 3400215 3466743
1539936172506733 3401779 3468285
1539936172565253 3402607 3469097
1539936172672116 3404393 3470828
1539936172782053 3406349 3472748
1539936172891965 3408421 3474868
1539936173002060 3410618 3477079
1539936173056974 3411802 3478227
1539936173166836 3414251 3480639
1539936173276568 3416709 3483152
1539936173386552 3419234 3485688
1539936173442356 3420547 3486971
1539936173552638 3423210 3489588
1539936173665167 3425863 3492239
1539936173772155 3428631 3494882
1539936173881919 3431491 3497643
1539936173991720 3434315 3500430
1539936174101762 3437254 3503157
1539936174157995 3438762 3504549
1539936174270387 3441735 3507391
1539936174377260 3444693 3510151
1539936174487207 3447691 3512924
1539936174597450 3450558 3515769
1539936174707410 3453496 3518582
1539936174766122 3455009 3520012
1539936174871865 3458035 3522986
1539936174981634 3461079 3525913
1539936175092007 3464252 3528833
1539936175201474 3467314 3531786
1539936175315255 3470468 3534635
1539936175368748 3472054 3536027
1539936175477254 3475089 3538832
1539936175587467 3478098 3541579
1539936175641939 3479597 3542905
1539936175806766 3483941 3547005
1539936175868102 3485400 3548401
1539936175971571 3488369 3551125
1539936176031656 3489840 3552495
1539936176137614 3492764 3555337
1539936176247411 3495735 3558147
1539936176357683 3498623 3560944
1539936176469451 3501411 3563871
1539936176577186 3504264 3566851
1539936176631951 3505648 3568332
1539936176741967 3508300 3571381
1539936176853678 3510989 3574519
1539936176967389 3513642 3577622
1539936177072560 3516185 3580887
1539936177182527 3518751 3584120
1539936177237275 3520057 3585752
1539936177402506 3523890 3590843
1539936177457113 3525161 3592518
1539936177567713 3527742 3596022
1539936177622018 3529030 3597827
1539936177787197 3532782 3603236
1539936177841950 3534019 3605076
1539936177952739 3536533 3608694
1539936178065437 3539007 3612385
1539936178172458 3541395 3616115
1539936178282282 3543804 3619820
1539936178392069 3546204 3623581
1539936178447282 3547378 3625419
1539936178557073 3549721 3629218
1539936178669152 3552136 3632911
1539936178777810 3554661 3636565
1539936178887696 3557235 3640146
1539936178999263 3559988 3643578
1539936179107328 3562788 3647034
1539936179165442 3564145 3648697
1539936179272502 3566868 3651966
1539936179382147 3569663 3655226
1539936179493013 3572431 3658283
1539936179602220 3575205 3661292
1539936179715762 3578061 3664207
1539936179822676 3580849 3666934
1539936179932558 3583637 3669634
1539936180043170 3586559 3672233
1539936180097276 3588010 3673466
1539936180207322 3590874 3675888
1539936180319190 3593779 3678329
1539936180372797 3595220 3679546
1539936180537833 3599355 3683093
1539936180592908 3600756 3684289
1539936180703384 3603556 3686706
1539936180816573 3606243 3689036
1539936180922463 3608988 3691307
1539936181032444 3611824 3693643
1539936181144094 3614503 3695937
1539936181197184 3615859 3697090
1539936181309039 3618556 3699402
1539936181418036 3621102 3701877
1539936181529773 3623434 3704520
1539936181637887 3625648 3707209
1539936181692552 3626698 3708610
1539936181802583 3628675 3711565
1539936181915503 3630450 3714531
1539936182022215 3632174 3717541
1539936182077197 3633030 3719104
1539936182187169 3634715 3722190
1539936182299081 3636351 3725238
1539936182407992 3637912 3728395
1539936182517835 3639399 3731448
1539936182628382 3640873 3734575
1539936182682812 3641580 3736167
1539936182792609 3643000 3739267
1539936182902546 3644392 3742393
1539936183016604 3645711 3745601
1539936183122992 3646986 3748709
1539936183235160 3648250 3751881
1539936183287168 3648866 3753468
1539936183397938 3650073 3756549
1539936183508936 3651235 3759709
1539936183618055 3652339 3762891
1539936183728119 3653373 3766014
1539936183839553 3654359 3769232
1539936183892527 3654844 3770816
1539936184057526 3656209 3775536
1539936184168962 3657084 3778739
1539936184223156 3657521 3780280
1539936184334050 3658389 3783380
1539936184443135 3659237 3786486
1539936184553027 3660108 3789490
1539936184607818 3660531 3790985
1539936184717685 3661425 3794052
1539936184828953 3662382 3797036
1539936184937442 3663410 3799952
1539936185047397 3664606 3802847
1539936185102130 3665275 3804213
1539936185214994 3666763 3806875
1539936185323026 3668409 3809554
1539936185433001 3670119 3812153
1539936185542832 3671829 3814653
1539936185654968 3673609 3817206
1539936185707556 3674502 3818478
1539936185820509 3676283 3820946
1539936185928901 3677989 3823382
1539936186037524 3679633 3825857
1539936186150130 3681247 3828277
1539936186203287 3682044 3829447
1539936186314955 3683630 3831771
1539936186422969 3685162 3834077
1539936186533836 3686633 3836275
1539936186642711 3688070 3838372
1539936186698037 3688785 3839408
1539936186807463 3690199 3841487
1539936186918488 3691581 3843531
1539936187027441 3692938 3845474
1539936187083790 3693596 3846417
1539936187248158 3695527 3849170
1539936187302933 3696178 3850057
1539936187415009 3697501 3851688
1539936187522656 3698790 3853118
1539936187633012 3699958 3854343
1539936187742603 3700931 3855395
1539936187857602 3701690 3856244
1539936187908429 3701989 3856596
1539936188018559 3702397 3857127
1539936188128687 3702572 3857427
1539936188238180 3702559 3857499
1539936188297132 3702519 3857459
1539936188403194 3702463 3857346
1539936188515941 3702446 3857282
1539936188622629 3702432 3857281
1539936188733103 3702444 3857298
1539936188843758 3702459 3857314
1539936188953572 3702461 3857325
1539936189008415 3702463 3857325
1539936189118575 3702459 3857320
1539936189228161 3702457 3857319
1539936189338067 3702460 3857320
1539936189447977 3702459 3857322
1539936189502764 3702460 3857321
1539936189615810 3702460 3857320
1539936189722878 3702460 3857321
1539936189833289 3702460 3857322
1539936189888659 3702461 3857324
1539936190053026 3702462 3857325
1539936190108213 3702460 3857323
1539936190218444 3702466 3857327
1539936190327738 3702532 3857288
1539936190439037 3702676 3857166
1539936190548496 3702942 3856933
1539936190658911 3703326 3856595
1539936190715391 3703561 3856397
1539936190823675 3704118 3855971
1539936190878357 3704432 3855750
1539936191043013 3705496 3855090
1539936191097973 3705887 3854862
1539936191209424 3706709 3854392
1539936191317795 3707544 3853902
1539936191427776 3708354 3853439
1539936191539048 3709084 3853058
1539936191593529 3709403 3852894
1539936191703551 3709943 3852609
1539936191815258 3710341 3852422
1539936191923387 3710578 3852315
1539936191978592 3710642 3852282
1539936192088043 3710697 3852253
1539936192253008 3710669 3852269
1539936192307987 3710655 3852273
1539936192417983 3710641 3852278
1539936192528818 3710648 3852278
1539936192638587 3710652 3852276
1539936192693367 3710649 3852276
1539936192803989 3710646 3852277
1539936192915296 3710648 3852277
1539936193023389 3710649 3852277
1539936193133039 3710647 3852277
1539936193242962 3710648 3852277
1539936193353325 3710648 3852277
1539936193408816 3710648 3852277
1539936193518759 3710649 3852277
1539936193628581 3710648 3852277
1539936193738608 3710649 3852277
1539936193848382 3710648 3852277
1539936193903511 3710648 3852277
1539936194015119 3710649 3852277
1539936194123191 3710648 3852277
1539936194232930 3710648 3852277
1539936194345006 3710648 3852277
1539936194453835 3710648 3852277
1539936194565725 3710648 3852277
1539936194618711 3710648 3852277
1539936194729468 3710649 3852277
1539936194839182 3710648 3852277
1539936194948189 3710649 3852277
1539936195058007 3710648 3852277
1539936195169736 3710649 3852277
1539936195223953 3710648 3852277
1539936195332939 3710648 3852277
1539936195444053 3710649 3852277
1539936195553731 3710649 3852277
1539936195665555 3710649 3852277
1539936195720587 3710648 3852277
1539936195828274 3710649 3852277
1539936195993604 3710649 3852277
1539936196048122 3710649 3852277
1539936196158397 3710649 3852277
1539936196215541 3710649 3852277
1539936196324339 3710649 3852277
1539936196434161 3710648 3852277
1539936196599055 3710649 3852277
1539936196654264 3710649 3852277
1539936196818535 3710649 3852277
1539936196873405 3710649 3852277
1539936196983253 3710649 3852277
1539936197094070 3710648 3852277
1539936197204079 3710649 3852277
1539936197315809 3710649 3852277
1539936197425612 3710649 3852277
1539936197533790 3710649 3852277
1539936197643672 3710649 3852277
1539936197699390 3710649 3852277
1539936197808346 3710649 3852278
1539936197918622 3710649 3852277
1539936198028993 3710649 3852277
1539936198139005 3710649 3852277
1539936198194569 3710648 3852277
1539936198304005 3710649 3852277
1539936198415845 3710649 3852278
1539936198523661 3710649 3852277
1539936198688757 3710649 3852277
1539936198799360 3710649 3852277
1539936198909409 3710649 3852277
1539936199019781 3710649 3852277
1539936199129065 3710649 3852277
1539936199184034 3710650 3852277
1539936199348708 3710648 3852277
1539936199515516 3710648 3852277
1539936199623490 3710650 3852277
1539936199733871 3710650 3852277
1539936199844267 3710649 3852277
1539936200009055 3710649 3852277
1539936200228830 3710649 3852276
1539936200283813 3710649 3852277
1539936200449038 3710649 3852277
1539936200558578 3710649 3852277
1539936200670573 3710649 3852277
1539936200779321 3710649 3852277
1539936200944143 3710649 3852277
1539936201054046 3710649 3852277
1539936201166408 3710649 3852277
1539936201273849 3710649 3852277
1539936201383743 3710650 3852277
1539936201493661 3710649 3852277
1539936201603593 3710649 3852277
1539936201715487 3710649 3852277
1539936201823357 3710649 3852277
1539936201934108 3710649 3852276
1539936202044476 3710649 3852277
1539936202153900 3710649 3852277
1539936202208877 3710649 3852277
1539936202318938 3710649 3852277
1539936202428948 3710650 3852277
1539936202542472 3710649 3852277
1539936202709363 3710650 3852277
1539936202869417 3710649 3852277
1539936202979041 3710650 3852277
1539936203143956 3710649 3852277
1539936203253820 3710649 3852277
1539936203308773 3710649 3852278
1539936203419927 3710649 3852277
1539936203528753 3710649 3852277
1539936203640118 3710649 3852277
1539936203749249 3710649 3852277
1539936203804272 3710650 3852278
1539936203916576 3710649 3852277
1539936204024081 3710650 3852277
1539936204133998 3710649 3852276
1539936204188849 3710650 3852277
1539936204301050 3710650 3852277
1539936204408686 3710649 3852276
1539936204519532 3710649 3852277
1539936204629688 3710649 3852276
1539936204740101 3710649 3852277
1539936204849136 3710650 3852276
1539936204959542 3710649 3852277
1539936205069261 3710649 3852277
1539936205179035 3710649 3852277
1539936205236977 3710649 3852277
1539936205345820 3710649 3852277
1539936205454587 3710649 3852277
1539936205566462 3710649 3852277
1539936205619629 3710649 3852277
1539936205729213 3710650 3852277
1539936205840414 3710649 3852277
1539936205949043 3710649 3852277
1539936206059374 3710649 3852277
1539936206168872 3710650 3852277
1539936206279515 3710649 3852277
1539936206334487 3710649 3852277
1539936206444412 3710649 3852277
