1539938014792517 3713124 3856095
1539938014892277 3713124 3856096
1539938014992291 3713124 3856096
1539938015092300 3713125 3856095
1539938015192147 3713124 3856095
1539938015292210 3713124 3856095
1539938015392120 3713125 3856095
1539938015491917 3713124 3856095
1539938015591814 3713124 3856096
1539938015691654 3713124 3856095
1539938015791492 3713124 3856095
1539938015891304 3713124 3856095
1539938015991214 3713124 3856096
1539938016091012 3713124 3856095
1539938016190942 3713124 3856095
1539938016290765 3713124 3856096
1539938016390756 3713124 3856096
1539938016490653 3713124 3856096
1539938016590651 3713125 3856096
1539938016690541 3713124 3856095
1539938016790549 3713124 3856095
1539938016890305 3713124 3856095
1539938016990347 3713124 3856096
1539938017090142 3713126 3856098
1539938017190065 3713126 3856098
1539938017289818 3713124 3856097
1539938017389777 3713125 3856098
1539938017489672 3713130 3856104
1539938017589527 3713131 3856108
1539938017689327 3713134 3856109
1539938017789203 3713143 3856118
1539938017889245 3713172 3856135
1539938017989046 3713232 3856159
1539938018088829 3713360 3856182
1539938018188637 3713555 3856195
1539938018288542 3713838 3856208
1539938018388370 3714195 3856218
1539938018488222 3714652 3856226
1539938018588205 3715196 3856240
1539938018688354 3715823 3856231
1539938018788321 3716523 3856225
1539938018888245 3717289 3856234
1539938018988171 3718165 3856252
1539938019087999 3719074 3856263
1539938019187723 3720042 3856279
1539938019287585 3721026 3856306
1539938019387485 3722124 3856332
1539938019487406 3723221 3856360
1539938019587430 3724360 3856380
1539938019687285 3725518 3856384
1539938019787225 3726674 3856381
1539938019887002 3727776 3856383
1539938019986794 3728850 3856393
1539938020086689 3729900 3856409
1539938020186511 3730884 3856417
1539938020286336 3731837 3856418
1539938020386303 3732732 3856426
1539938020486285 3733538 3856432
1539938020586165 3734327 3856438
1539938020685959 3735015 3856446
1539938020785904 3735624 3856455
1539938020885733 3736153 3856463
1539938020985744 3736623 3856460
1539938021085759 3736999 3856462
1539938021185803 3737295 3856470
1539938021285640 3737495 3856468
1539938021385507 3737624 3856468
1539938021485426 3737673 3856469
1539938021585152 3737657 3856468
1539938021685055 3737590 3856464
1539938021784934 3737532 3856459
1539938021884800 3737484 3856457
1539938021984787 3737445 3856458
1539938022084640 3737418 3856456
1539938022184648 3737410 3856456
1539938022284360 3737413 3856456
1539938022384318 3737416 3856456
1539938022484205 3737416 3856457
1539938022583986 3737414 3856457
1539938022683869 3737414 3856458
1539938022783735 3737415 3856457
1539938022883730 3737415 3856457
1539938022983595 3737414 3856457
1539938023083591 3737414 3856457
1539938023183591 3737414 3856458
1539938023283504 3737414 3856457
1539938023383316 3737413 3856457
1539938023483156 3737413 3856458
1539938023582991 3737413 3856458
1539938023682803 3737413 3856458
1539938023782683 3737413 3856458
1539938023882565 3737413 3856458
1539938023982329 3737413 3856458
1539938024082195 3737413 3856458
1539938024182003 3737413 3856458
1539938024281893 3737412 3856458
1539938024381832 3737412 3856458
1539938024481858 3737412 3856458
1539938024581861 3737413 3856458
1539938024682009 3737413 3856458
1539938024781996 3737413 3856458
1539938024881901 3737413 3856458
1539938024981824 3737413 3856458
1539938025081771 3737413 3856458
1539938025181592 3737412 3856458
1539938025281653 3737411 3856458
1539938025381556 3737411 3856458
1539938025481461 3737412 3856458
1539938025581872 3737412 3856459
1539938025681843 3737412 3856458
1539938025781695 3737412 3856459
1539938025881551 3737412 3856458
1539938025981350 3737412 3856458
1539938026081189 3737412 3856458
1539938026181071 3737412 3856458
1539938026280943 3737412 3856459
1539938026380795 3737415 3856460
1539938026513970 3737420 3856464
1539938026613903 3737422 3856469
1539938026713881 3737425 3856473
1539938026813814 3737429 3856484
1539938026913666 3737460 3856497
1539938027013609 3737531 3856511
1539938027113440 3737674 3856533
1539938027213335 3737949 3856588
1539938027313376 3738383 3856675
1539938027413187 3738983 3856813
1539938027513164 3739727 3857009
1539938027613147 3740643 3857315
1539938027712990 3741676 3857755
1539938027812795 3742779 3858345
1539938027912636 3743935 3859067
1539938028012531 3745126 3859896
1539938028112473 3746342 3860784
1539938028212411 3747720 3861799
1539938028312402 3749124 3862834
1539938028412262 3750563 3863914
1539938028512169 3752019 3865040
1539938028612064 3753497 3866215
1539938028712064 3755063 3867455
1539938028812109 3756677 3868715
1539938028911991 3758334 3869996
1539938029011812 3760013 3871339
1539938029111647 3761697 3872759
1539938029211539 3763371 3874229
1539938029311452 3765248 3875868
1539938029411176 3767100 3877494
1539938029510936 3768920 3879162
1539938029610874 3770732 3880925
1539938029710774 3772558 3882810
1539938029810644 3774350 3884806
1539938029910507 3776104 3886889
1539938030010511 3777834 3889126
1539938030110393 3779575 3891470
1539938030210155 3781350 3893847
1539938030343442 3783669 3896896
1539938030443235 3785483 3899380
1539938030543220 3787306 3901860
1539938030643143 3789121 3904256
1539938030743050 3790876 3906660
1539938030842931 3792652 3909165
1539938030942785 3794451 3911709
1539938031042682 3796201 3914140
1539938031142583 3798017 3916622
1539938031242406 3799878 3919013
1539938031342413 3801748 3921343
1539938031442293 3803637 3923630
1539938031542312 3805589 3925844
1539938031642101 3807639 3927964
1539938031741979 3809781 3930112
1539938031841841 3811932 3932195
1539938031941709 3814138 3934135
1539938032041496 3816495 3936083
1539938032141448 3818910 3938036
1539938032241281 3821418 3939996
1539938032341205 3823993 3941933
1539938032441138 3826526 3943814
1539938032540956 3829144 3945714
1539938032640769 3831912 3947670
1539938032740599 3834678 3949601
1539938032840495 3837555 3951511
1539938032940459 3840515 3953422
1539938033040433 3843293 3955313
1539938033140563 3846196 3957350
1539938033240428 3849062 3959363
1539938033340272 3851683 3961255
1539938033440165 3854357 3963262
1539938033539942 3856923 3965314
1539938033639806 3859256 3967308
1539938033739626 3861642 3969448
1539938033839454 3863987 3971600
1539938033939425 3866263 3973768
1539938034039435 3868452 3975902
1539938034139295 3870600 3977953
1539938034239244 3872843 3980090
1539938034339119 3875185 3982338
1539938034438917 3877374 3984427
1539938034538727 3879671 3986491
1539938034638672 3881978 3988567
1539938034738597 3884192 3990583
1539938034838446 3886560 3992686
1539938034938277 3888942 3994789
1539938035038177 3891285 3996916
1539938035137979 3893530 3999053
1539938035237849 3895775 4001139
1539938035337812 3898026 4003199
1539938035437741 3900287 4005319
1539938035537690 3902586 4007441
1539938035637599 3904963 4009521
1539938035737546 3907306 4011618
1539938035837466 3909562 4013751
1539938035937283 3911832 4015900
1539938036037189 3914136 4018056
1539938036137130 3916424 4020254
1539938036237058 3918741 4022491
1539938036336861 3921132 4024634
1539938036436712 3923620 4026686
1539938036570015 3927042 4029338
1539938036669879 3929771 4031189
1539938036769754 3932545 4032899
1539938036869578 3935339 4034484
1539938036969506 3938187 4035950
1539938037069433 3941113 4037413
1539938037169253 3944002 4038774
1539938037269157 3946875 4040025
1539938037369021 3949710 4041180
1539938037469066 3952378 4042195
1539938037568976 3955249 4043217
1539938037668826 3957897 4044155
1539938037768836 3960541 4045046
1539938037868705 3963126 4045872
1539938037968535 3965807 4046707
1539938038068418 3968364 4047454
1539938038168406 3970982 4048156
1539938038268402 3973531 4048861
1539938038368367 3976031 4049576
1539938038468267 3978578 4050354
1539938038567981 3981000 4051180
1539938038667798 3983433 4052226
1539938038767807 3985749 4053460
1539938038867578 3987947 4054936
1539938038967380 3989962 4056619
1539938039067195 3991794 4058490
1539938039167068 3993693 4060513
1539938039267005 3995587 4062692
1539938039366921 3997485 4064875
1539938039466956 3999444 4067043
1539938039567255 4001488 4069204
1539938039667340 4003586 4071317
1539938039767318 4005874 4073514
1539938039867236 4008134 4075593
1539938039967214 4010514 4077683
1539938040067195 4012925 4079795
1539938040167018 4015290 4081883
1539938040266881 4017593 4083917
1539938040366926 4020023 4086115
1539938040466770 4022340 4088312
1539938040566723 4024624 4090468
1539938040666656 4026927 4092571
1539938040766582 4029251 4094670
1539938040866693 4031660 4096904
1539938040966603 4034067 4099025
1539938041066357 4036512 4101102
1539938041166376 4038944 4103206
1539938041266273 4041345 4105271
1539938041366093 4043875 4107359
1539938041466094 4046491 4109385
1539938041599309 4049820 4111970
1539938041699177 4052435 4113954
1539938041799083 4054960 4115774
1539938041898949 4057380 4117508
1539938041998893 4059917 4119279
1539938042098747 4062460 4121024
1539938042198707 4064961 4122727
1539938042298488 4067477 4124348
1539938042398347 4069906 4125876
1539938042498200 4072356 4127500
1539938042598026 4074775 4129135
1539938042698035 4077202 4130742
1539938042797922 4079546 4132338
1539938042897807 4081812 4134037
1539938042997696 4084015 4135825
1539938043097664 4086359 4137842
1539938043197399 4088581 4139855
1539938043297322 4090821 4141890
1539938043397140 4093142 4143996
1539938043497063 4095453 4146117
1539938043596931 4097840 4148290
1539938043696933 4100314 4150488
1539938043796703 4102757 4152710
1539938043896631 4105115 4154951
1539938043996639 4107454 4157148
1539938044096590 4109758 4159317
1539938044196494 4112190 4161681
1539938044296367 4114500 4163971
1539938044396275 4116882 4166233
1539938044496098 4119300 4168507
1539938044596088 4121617 4170750
1539938044695849 4124087 4173062
1539938044795850 4126581 4175304
1539938044895707 4129048 4177568
1539938044995468 4131447 4179824
1539938045095378 4133858 4182040
1539938045195363 4136128 4184215
1539938045295172 4138454 4186547
1539938045395225 4140722 4188792
1539938045495062 4143026 4191029
1539938045594895 4145297 4193281
1539938045694661 4147493 4195474
1539938045794575 4149800 4197694
1539938045894527 4152111 4199901
1539938045994417 4154369 4202174
1539938046094401 4156624 4204464
1539938046194290 4158923 4206677
1539938046294028 4161206 4208913
1539938046393818 4163462 4211171
1539938046493808 4165731 4213398
1539938046593742 4168012 4215553
1539938046693728 4170228 4217755
1539938046793583 4172352 4219892
1539938046893375 4174555 4222032
1539938046993185 4176779 4224173
1539938047093109 4178891 4226307
1539938047192906 4180947 4228452
1539938047292758 4183015 4230571
1539938047392758 4185007 4232684
1539938047492774 4187026 4234987
1539938047592639 4188956 4237253
1539938047692430 4190908 4239502
1539938047792284 4192917 4241785
1539938047892215 4194871 4244049
1539938047992135 4196887 4246342
1539938048092121 4198948 4248587
1539938048191905 4201022 4250870
1539938048291800 4203025 4253173
1539938048391654 4205058 4255476
1539938048491506 4207087 4257735
1539938048591540 4209187 4260086
1539938048691359 4211207 4262368
1539938048791245 4213209 4264599
1539938048891206 4215226 4266851
1539938048991222 4217230 4269078
1539938049090972 4219258 4271313
1539938049190848 4221272 4273506
1539938049290753 4223332 4275699
1539938049390821 4225464 4277838
1539938049490548 4227582 4279866
1539938049590335 4229740 4281862
1539938049690151 4231979 4283859
1539938049789948 4234209 4285803
1539938049889959 4236410 4287686
1539938049989794 4238655 4289507
1539938050089792 4240949 4291277
1539938050189702 4243350 4293059
1539938050289499 4245798 4294760
1539938050389398 4248300 4296364
1539938050489311 4250837 4297884
1539938050589352 4253358 4299389
1539938050689257 4255930 4300853
1539938050789026 4258554 4302278
1539938050888945 4261132 4303656
1539938050988942 4263780 4305031
1539938051088857 4266417 4306354
1539938051189162 4268915 4307652
1539938051289048 4271466 4308961
1539938051389026 4274026 4310222
1539938051488816 4276494 4311423
1539938051588744 4278895 4312536
1539938051688542 4281342 4313595
1539938051788473 4283709 4314564
1539938051888366 4286103 4315480
1539938051988380 4288514 4316316
1539938052088194 4290969 4316969
1539938052188091 4293384 4317532
1539938052287940 4295740 4318014
1539938052387944 4298205 4318484
1539938052487804 4300553 4318922
1539938052587572 4302851 4319381
1539938052687484 4305147 4319861
1539938052787400 4307444 4320408
1539938052887408 4309564 4321038
1539938052987294 4311652 4321865
1539938053087087 4313559 4322901
1539938053186991 4315321 4324237
1539938053286919 4316947 4325780
1539938053386905 4318462 4327372
1539938053486667 4319964 4329019
1539938053586683 4321473 4330692
1539938053686458 4323009 4332425
1539938053786365 4324543 4334162
1539938053886212 4326031 4335825
1539938053986007 4327536 4337479
1539938054085826 4329111 4339193
1539938054185683 4330634 4340878
1539938054285535 4332173 4342605
1539938054385483 4333680 4344313
1539938054485535 4335191 4346019
1539938054585688 4336730 4347755
1539938054685914 4338296 4349525
1539938054785910 4339898 4351325
1539938054885907 4341518 4353105
1539938054985842 4343113 4354886
1539938055085794 4344688 4356659
1539938055185724 4346329 4358509
1539938055285528 4347958 4360310
1539938055385470 4349565 4362095
1539938055485474 4351143 4363879
1539938055585294 4352735 4365678
1539938055685278 4354395 4367499
1539938055785152 4355959 4369156
1539938055884989 4357789 4371006
1539938055984890 4359497 4372727
1539938056084867 4361255 4374456
1539938056184826 4363062 4376163
1539938056284773 4364987 4377920
1539938056384505 4366821 4379617
1539938056484490 4368631 4381359
1539938056584206 4370541 4383181
1539938056684075 4372488 4384996
1539938056784040 4374430 4386776
1539938056884047 4376413 4388643
1539938056983917 4378458 4390569
1539938057083786 4380558 4392485
1539938057216954 4383345 4395005
1539938057316766 4385482 4396956
1539938057416643 4387729 4398982
1539938057516507 4389995 4401042
1539938057616400 4392188 4403079
1539938057716290 4394488 4405273
1539938057816067 4396719 4407482
1539938057915891 4399035 4409834
1539938058015805 4401293 4412160
1539938058115736 4403576 4414540
1539938058215596 4405995 4417066
1539938058315774 4408316 4419482
1539938058415467 4410616 4421888
1539938058515290 4413070 4424456
1539938058615109 4415366 4426846
1539938058715013 4417637 4429276
1539938058814977 4419958 4431816
1539938058914810 4422268 4434350
1539938059014673 4424555 4436899
1539938059114595 4426816 4439486
1539938059214534 4429128 4442056
1539938059314333 4431438 4444578
1539938059414188 4433708 4447116
1539938059514050 4436029 4449649
1539938059613999 4438433 4452104
1539938059714016 4440829 4454546
1539938059813835 4443211 4456956
1539938059913895 4445675 4459368
1539938060013669 4448098 4461720
1539938060113564 4450454 4464154
1539938060213469 4452846 4466588
1539938060313371 4455286 4469004
1539938060413193 4457693 4471443
1539938060513101 4460115 4473910
1539938060612934 4462604 4476293
1539938060712764 4465141 4478762
1539938060812620 4467670 4481256
1539938060912547 4470213 4483673
1539938061012500 4472918 4486143
1539938061112409 4475482 4488545
1539938061212242 4478185 4491025
1539938061312253 4480788 4493403
1539938061412238 4483359 4495831
1539938061512156 4486001 4498328
1539938061612138 4488724 4500867
1539938061711963 4491331 4503331
1539938061811818 4494080 4505949
1539938061911598 4496799 4508519
1539938062011417 4499446 4511063
1539938062111490 4502165 4513732
1539938062211381 4504836 4516343
1539938062311337 4507492 4518980
1539938062411150 4510138 4521670
1539938062510982 4512740 4524359
1539938062610968 4515276 4527057
1539938062744092 4518571 4530678
1539938062843993 4521088 4533390
1539938062943902 4523571 4536074
1539938063043876 4526061 4538773
1539938063143765 4528612 4541395
1539938063243630 4531063 4543955
1539938063343552 4533540 4546582
1539938063443397 4536068 4549207
1539938063543258 4538597 4551807
1539938063643168 4541126 4554439
1539938063742996 4543716 4557075
1539938063842821 4546241 4559621
1539938063942726 4548817 4562277
1539938064042757 4551455 4564921
1539938064142822 4554145 4567511
1539938064242568 4556763 4570038
1539938064342411 4559488 4572599
1539938064442241 4562174 4575058
1539938064542054 4564775 4577512
1539938064642105 4567404 4580045
1539938064741926 4569977 4582525
1539938064841751 4572429 4585005
1539938064941695 4574805 4587510
1539938065041538 4577214 4590040
1539938065141382 4579551 4592522
1539938065241220 4581805 4594961
1539938065341199 4584146 4597408
1539938065441164 4586526 4599796
1539938065541004 4588870 4602169
1539938065641034 4591238 4604562
1539938065740922 4593659 4606959
1539938065841017 4596059 4609349
1539938065940770 4598411 4611780
1539938066040655 4600816 4614180
1539938066140501 4603287 4616587
1539938066240406 4605717 4618974
1539938066340275 4608201 4621395
1539938066473522 4611571 4624504
1539938066573336 4614044 4626838
1539938066673352 4616577 4629240
1539938066773283 4619105 4631534
1539938066873152 4621647 4633886
1539938066973057 4624171 4636259
1539938067072844 4626625 4638540
1539938067172701 4628972 4640727
1539938067272549 4631361 4643046
1539938067372455 4633765 4645338
1539938067472483 4636141 4647522
1539938067572463 4638458 4649588
1539938067672199 4640737 4651535
1539938067771975 4643092 4653449
1539938067871817 4645366 4655152
1539938067971745 4647587 4656679
1539938068071702 4649868 4658091
1539938068171627 4652109 4659367
1539938068271513 4654264 4660528
1539938068371336 4656460 4661571
1539938068471452 4658624 4662465
1539938068571290 4660704 4663235
1539938068671041 4662688 4663892
1539938068770967 4664613 4664419
1539938068870859 4666555 4664901
1539938068970965 4668461 4665269
1539938069070824 4670303 4665559
1539938069170697 4672124 4665791
1539938069270485 4673946 4665978
1539938069370285 4675730 4666126
1539938069470146 4677517 4666257
1539938069570160 4679213 4666363
1539938069670176 4680940 4666457
1539938069770303 4682677 4666532
1539938069870219 4684367 4666574
1539938069970036 4686038 4666593
1539938070069876 4687607 4666617
1539938070169869 4689172 4666639
1539938070269781 4690730 4666663
1539938070369709 4692272 4666717
1539938070469511 4693737 4666800
1539938070569471 4695168 4666935
1539938070669459 4696555 4667182
1539938070769438 4697908 4667544
1539938070869202 4699174 4668072
1539938070969271 4700409 4668911
1539938071069169 4701511 4670007
1539938071168992 4702514 4671303
1539938071268826 4703498 4672770
1539938071368638 4704474 4674345
1539938071468430 4705473 4676027
1539938071568321 4706497 4677758
1539938071668220 4707586 4679545
1539938071768147 4708665 4681281
1539938071868124 4709728 4683028
1539938071968055 4710782 4684817
1539938072067925 4711833 4686616
1539938072167768 4712917 4688389
1539938072267524 4714031 4690126
1539938072367517 4715205 4691948
1539938072467291 4716405 4693795
1539938072567230 4717613 4695619
1539938072667131 4718823 4697398
1539938072767025 4720065 4699146
1539938072866812 4721385 4700912
1539938072966640 4722754 4702645
1539938073066568 4724161 4704295
1539938073166505 4725541 4705814
1539938073266549 4726984 4707328
1539938073366345 4728380 4708784
1539938073466450 4729775 4710229
1539938073566165 4731142 4711626
1539938073665964 4732456 4712944
1539938073765766 4733730 4714229
1539938073899008 4735315 4715919
1539938073999011 4736406 4717126
1539938074098991 4737443 4718294
1539938074198786 4738420 4719356
1539938074298696 4739373 4720351
1539938074398588 4740279 4721271
1539938074498562 4741118 4722111
1539938074598448 4741887 4722881
1539938074698424 4742595 4723594
1539938074798187 4743234 4724250
1539938074898108 4743816 4724865
1539938074997892 4744350 4725441
1539938075098021 4744841 4725970
1539938075197878 4745312 4726476
1539938075297706 4745734 4726921
1539938075397537 4746118 4727324
1539938075497437 4746471 4727694
1539938075597311 4746790 4728022
1539938075697085 4747072 4728312
1539938075796911 4747319 4728564
1539938075896934 4747534 4728780
1539938075996840 4747705 4728950
1539938076096629 4747850 4729096
1539938076196434 4747957 4729202
1539938076296260 4748027 4729274
1539938076396319 4748062 4729313
1539938076496228 4748077 4729322
1539938076596105 4748071 4729317
1539938076696115 4748057 4729305
1539938076795990 4748047 4729296
1539938076895784 4748047 4729297
1539938076995656 4748051 4729299
1539938077095557 4748052 4729300
1539938077195350 4748051 4729300
1539938077295384 4748050 4729299
1539938077395373 4748050 4729299
1539938077495219 4748051 4729300
1539938077595038 4748051 4729300
1539938077694944 4748051 4729300
1539938077794956 4748051 4729300
1539938077894794 4748051 4729300
1539938077994572 4748050 4729300
1539938078094485 4748050 4729300
1539938078194494 4748051 4729300
1539938078294448 4748051 4729300
1539938078394279 4748051 4729300
1539938078494249 4748051 4729300
1539938078594000 4748051 4729299
1539938078693943 4748051 4729299
1539938078793728 4748051 4729299
1539938078893666 4748051 4729300
1539938078993592 4748051 4729300
1539938079093417 4748051 4729300
1539938079193509 4748052 4729300
1539938079293279 4748051 4729300
1539938079393286 4748051 4729300
1539938079493175 4748051 4729300
1539938079593003 4748051 4729300
1539938079692880 4748051 4729300
1539938079792695 4748051 4729300
1539938079892602 4748051 4729300
1539938079992413 4748051 4729300
1539938080092257 4748051 4729300
1539938080192287 4748051 4729300
1539938080292146 4748051 4729300
1539938080391975 4748051 4729300
1539938080491825 4748051 4729300
1539938080591760 4748050 4729300
1539938080691711 4748050 4729300
1539938080791605 4748051 4729300
1539938080891710 4748051 4729300
1539938080991497 4748051 4729300
1539938081091312 4748051 4729300
1539938081191294 4748051 4729300
1539938081291229 4748051 4729300
1539938081391119 4748051 4729300
1539938081491066 4748051 4729300
1539938081590955 4748051 4729300
1539938081690819 4748051 4729300
1539938081790633 4748051 4729300
1539938081890450 4748051 4729300
1539938081990355 4748051 4729300
1539938082090268 4748051 4729300
1539938082190075 4748051 4729300
1539938082289985 4748051 4729300
1539938082389873 4748051 4729300
1539938082489980 4748051 4729300
1539938082589916 4748051 4729300
1539938082689708 4748051 4729300
1539938082789587 4748051 4729300
1539938082889590 4748051 4729300
1539938082989486 4748051 4729300
1539938083089347 4748051 4729300
1539938083189107 4748051 4729300
1539938083288888 4748051 4729300
1539938083388900 4748051 4729300
1539938083488797 4748051 4729300
1539938083588697 4748051 4729300
1539938083688589 4748051 4729300
1539938083788362 4748051 4729300
1539938083888166 4748051 4729300
1539938083988016 4748051 4729300
1539938084087888 4748051 4729300
1539938084187927 4748051 4729300
1539938084287948 4748051 4729300
1539938084387908 4748051 4729300
1539938084487895 4748051 4729300
1539938084587982 4748051 4729300
1539938084687978 4748051 4729300
1539938084787845 4748051 4729300
1539938084887863 4748051 4729301
1539938084987821 4748051 4729301
1539938085087661 4748051 4729300
1539938085187516 4748051 4729300
1539938085287367 4748051 4729300
1539938085387354 4748051 4729300
1539938085487212 4748051 4729300
1539938085587060 4748051 4729300
1539938085686977 4748051 4729300
1539938085787102 4748051 4729300
1539938085886996 4748051 4729300
1539938085986929 4748051 4729300
1539938086086788 4748051 4729300
1539938086186746 4748051 4729300
1539938086286541 4748051 4729300
1539938086386457 4748051 4729300
1539938086486321 4748052 4729300
1539938086586081 4748052 4729300
1539938086685931 4748051 4729300
1539938086785770 4748051 4729300
1539938086885622 4748051 4729300
1539938086985574 4748051 4729300
1539938087085613 4748051 4729300
1539938087185566 4748051 4729300
1539938087285425 4748051 4729301
1539938087385339 4748051 4729300
1539938087485146 4748051 4729301
1539938087585099 4748051 4729301
1539938087684903 4748051 4729300
1539938087784811 4748052 4729300
1539938087884733 4748052 4729300
1539938087984642 4748052 4729300
1539938088084589 4748052 4729300
1539938088184360 4748051 4729300
1539938088284289 4748051 4729301
1539938088384198 4748052 4729300
1539938088484235 4748051 4729301
1539938088584010 4748051 4729301
1539938088683876 4748051 4729300
1539938088783711 4748051 4729300
1539938088883527 4748051 4729300
1539938088983500 4748051 4729300
1539938089083402 4748051 4729300
1539938089183342 4748051 4729300
1539938089283244 4748053 4729300
1539938089383155 4748058 4729300
1539938089483057 4748064 4729304
1539938089583042 4748068 4729307
1539938089682832 4748083 4729304
1539938089782788 4748141 4729310
1539938089882591 4748325 4729345
1539938089982547 4748724 4729396
1539938090082422 4749337 4729470
1539938090182289 4750133 4729590
1539938090282310 4751065 4729781
1539938090382205 4752107 4730063
1539938090482134 4753247 4730432
1539938090582005 4754474 4730871
1539938090681874 4755753 4731389
1539938090781759 4757159 4732032
1539938090881536 4758529 4732710
1539938090981472 4759960 4733540
1539938091081287 4761314 4734419
1539938091181247 4762685 4735366
1539938091281159 4764116 4736389
1539938091380964 4765577 4737476
1539938091480940 4767066 4738654
1539938091581054 4768526 4739935
1539938091714231 4770479 4741847
1539938091814155 4771991 4743449
1539938091913902 4773558 4745167
1539938092013779 4775189 4746972
1539938092113656 4776862 4748838
1539938092213474 4778580 4750764
1539938092313292 4780371 4752727
1539938092413265 4782251 4754698
1539938092513069 4784092 4756652
1539938092613190 4785976 4758707
1539938092713038 4787907 4760792
1539938092812827 4789905 4762881
1539938092912730 4791914 4764985
1539938093012599 4793978 4767289
1539938093112619 4796043 4769604
1539938093212407 4798144 4771950
1539938093312315 4800245 4774387
1539938093412081 4802333 4776870
1539938093512004 4804493 4779373
1539938093612023 4806729 4781859
1539938093712015 4808909 4784387
1539938093811795 4811052 4786834
1539938093911569 4813249 4789262
1539938094011518 4815442 4791677
1539938094111544 4817583 4794088
1539938094211323 4819707 4796396
1539938094311095 4821863 4798685
1539938094411048 4824026 4800986
1539938094510960 4826146 4803241
1539938094610992 4828302 4805476
1539938094710772 4830494 4807705
1539938094810577 4832734 4809983
1539938094910521 4834919 4812174
1539938095010349 4837115 4814332
1539938095110272 4839352 4816500
1539938095210170 4841597 4818637
1539938095310009 4843939 4820788
1539938095410043 4846349 4822962
1539938095509975 4848770 4825176
1539938095609871 4851173 4827381
1539938095709645 4853626 4829591
1539938095809655 4856171 4831867
1539938095909530 4858654 4834182
1539938096009493 4861135 4836452
1539938096109315 4863644 4838708
1539938096209203 4866154 4841010
1539938096309053 4868612 4843347
1539938096408959 4871161 4845711
1539938096508947 4873701 4848163
1539938096608788 4876195 4850693
1539938096708609 4878707 4853238
1539938096808498 4881167 4855745
1539938096908453 4883630 4858515
1539938097008373 4886064 4861235
1539938097108309 4888413 4863882
1539938097208039 4890698 4866544
1539938097307926 4892958 4869170
1539938097407824 4895182 4871615
1539938097507635 4897529 4874219
1539938097607623 4899839 4876748
1539938097707528 4902112 4879179
1539938097807420 4904466 4881642
1539938097907274 4906795 4884102
1539938098007092 4909086 4886477
1539938098106922 4911441 4888821
1539938098206982 4913857 4891123
1539938098306800 4916373 4893407
1539938098406711 4918933 4895561
1539938098506512 4921531 4897704
1539938098606456 4924151 4899950
1539938098706387 4926665 4902147
1539938098806185 4929125 4904313
1539938098906204 4931666 4906643
1539938099006111 4934066 4908974
1539938099106050 4936504 4911315
1539938099205879 4938872 4913696
1539938099305801 4941172 4916139
1539938099405584 4943456 4918533
1539938099505612 4945790 4920883
1539938099605664 4948092 4923269
1539938099705922 4950419 4925644
1539938099805941 4952725 4927952
1539938099905822 4955038 4930326
1539938100005738 4957239 4932727
1539938100105626 4959363 4934966
1539938100205502 4961695 4937379
1539938100305428 4963975 4939814
1539938100405302 4966201 4942203
1539938100505262 4968323 4944433
1539938100605262 4970704 4946944
1539938100705153 4972928 4949356
1539938100805049 4975201 4951726
1539938100904981 4977572 4954097
1539938101004750 4979994 4956510
1539938101104578 4982360 4958893
1539938101204475 4984694 4961170
1539938101304431 4987205 4963645
1539938101404450 4989605 4966082
1539938101537665 4992769 4969275
1539938101637480 4995176 4971731
1539938101737469 4997444 4974119
1539938101837347 4999811 4976566
1539938101937136 5002221 4978946
1539938102036994 5004678 4981286
1539938102136932 5007079 4983404
1539938102236927 5009663 4985433
1539938102336745 5012215 4987332
1539938102436729 5014766 4989235
1539938102536537 5017320 4991169
1539938102636370 5019597 4992997
1539938102736222 5021919 4995169
1539938102836221 5023936 4997398
1539938102936224 5025947 4999838
1539938103036118 5027784 5002341
1539938103135885 5029510 5004941
1539938103235908 5030993 5007719
1539938103335697 5032323 5010510
1539938103435706 5033543 5013421
1539938103535570 5034664 5016340
1539938103635447 5035719 5019297
1539938103735306 5036611 5022269
1539938103835297 5037416 5025214
1539938103935070 5038087 5028070
1539938104034940 5038690 5031032
1539938104168202 5039407 5034899
1539938104268118 5039940 5037825
1539938104367985 5040514 5040715
1539938104467842 5041123 5043522
1539938104567733 5041820 5046352
1539938104667618 5042647 5049125
1539938104767499 5043627 5051774
1539938104867415 5044786 5054384
1539938104967305 5046125 5056886
1539938105067196 5047589 5059223
1539938105166986 5049390 5061663
1539938105266793 5051315 5063990
1539938105366622 5053348 5066241
1539938105466572 5055322 5068408
1539938105566592 5057488 5070821
1539938105666496 5059616 5073148
1539938105766468 5061794 5075468
1539938105866303 5064036 5077945
1539938105966281 5066254 5080362
1539938106066159 5068474 5082682
1539938106165930 5070694 5084963
1539938106265718 5072758 5087230
1539938106365645 5075028 5089621
1539938106465641 5077331 5091942
1539938106565414 5079644 5094265
1539938106665244 5082006 5096532
1539938106765161 5084544 5098801
1539938106865099 5087166 5101082
1539938106964969 5089743 5103395
1539938107064940 5092394 5105700
1539938107164711 5095050 5107928
1539938107264575 5097549 5110101
1539938107364719 5100264 5112439
1539938107464512 5102883 5114622
1539938107564332 5105446 5116755
1539938107664261 5108066 5118922
1539938107764197 5110770 5121161
1539938107864053 5113343 5123381
1539938107963938 5115994 5125735
1539938108063715 5118708 5128290
1539938108163730 5121276 5130858
1539938108263607 5123809 5133455
1539938108363485 5126285 5136037
1539938108463405 5128889 5138865
1539938108563285 5131468 5141616
1539938108663206 5134077 5144391
1539938108763137 5136696 5147163
1539938108863008 5139319 5149875
1539938108962795 5142040 5152632
1539938109062834 5144873 5155552
1539938109162896 5147656 5158474
1539938109262794 5150416 5161444
1539938109362650 5153182 5164452
1539938109462596 5155800 5167392
1539938109562350 5158670 5170575
1539938109662169 5161447 5173577
1539938109761982 5164247 5176617
1539938109861812 5167111 5179652
1539938109961760 5169973 5182640
1539938110061669 5172790 5185634
1539938110161672 5175707 5188595
1539938110261603 5178551 5191495
1539938110361481 5181387 5194390
1539938110461356 5184229 5197239
1539938110561282 5186846 5199940
1539938110661216 5189640 5202861
1539938110761046 5192391 5205593
1539938110860963 5195135 5208343
1539938110960836 5197893 5211079
1539938111060616 5200744 5213728
1539938111160456 5203524 5216375
1539938111260474 5206367 5219068
1539938111360339 5209211 5221690
1539938111460279 5212009 5224304
1539938111593578 5215763 5227864
1539938111693496 5218457 5230458
1539938111793176 5221139 5233112
1539938111892969 5223836 5235785
1539938111992966 5226521 5238416
1539938112092872 5229185 5241047
1539938112192826 5231863 5243664
1539938112292584 5234606 5246353
1539938112392464 5237292 5249046
1539938112492305 5239986 5251769
1539938112592326 5242667 5254408
1539938112692112 5245308 5257044
1539938112791945 5247935 5259658
1539938112891765 5250548 5262198
1539938112991842 5253136 5264708
1539938113091742 5255738 5267217
1539938113191766 5258421 5269688
1539938113291630 5260985 5272024
1539938113391520 5263703 5274498
1539938113491405 5266353 5276944
1539938113591264 5268940 5279378
1539938113691263 5271458 5281868
1539938113791028 5273982 5284499
1539938113890812 5276378 5287082
1539938113990789 5278807 5289756
1539938114090699 5281242 5292486
1539938114190593 5283701 5295230
1539938114290521 5286122 5297862
1539938114390321 5288593 5300506
1539938114490377 5291084 5303106
1539938114590466 5293527 5305642
1539938114690507 5296011 5308264
1539938114790508 5298530 5310850
1539938114890545 5300944 5313362
1539938114990387 5303310 5315877
1539938115090409 5305664 5318374
1539938115190337 5308017 5320840
1539938115290158 5310271 5323326
1539938115390053 5312606 5325910
1539938115489965 5314899 5328386
1539938115589784 5317237 5330957
1539938115689808 5319592 5333566
1539938115789786 5322010 5336093
1539938115889575 5324438 5338571
1539938115989383 5326796 5341061
1539938116089336 5329125 5343487
1539938116189258 5331590 5345947
1539938116289168 5333867 5348320
1539938116389014 5336166 5350690
1539938116489015 5338607 5352984
1539938116588892 5341074 5355237
1539938116688769 5343644 5357540
1539938116788683 5346282 5359773
1539938116888597 5348900 5361897
1539938116988502 5351379 5363974
1539938117088424 5353921 5366090
1539938117188201 5356406 5368091
1539938117288175 5358851 5370029
1539938117388062 5361326 5371966
1539938117488055 5363854 5373958
1539938117587987 5366227 5375920
1539938117687830 5368498 5377842
1539938117787683 5370880 5379898
1539938117887485 5373134 5381993
1539938117987308 5375353 5384151
1539938118087304 5377420 5386380
1539938118187075 5379373 5388757
1539938118287101 5381118 5391230
1539938118386997 5382694 5393758
1539938118486884 5384077 5396307
1539938118586786 5385335 5399002
1539938118686755 5386489 5401715
1539938118786651 5387484 5404368
1539938118886533 5388386 5407176
1539938118986394 5389109 5409983
1539938119086166 5389611 5412719
1539938119186082 5389941 5415575
1539938119286065 5390147 5418362
1539938119385910 5390278 5421192
1539938119485802 5390407 5424024
1539938119585611 5390600 5426711
1539938119685528 5390923 5429315
1539938119785359 5391454 5431897
1539938119885462 5392225 5434291
1539938119985384 5393312 5436690
1539938120085228 5394723 5439001
1539938120184995 5396400 5441238
1539938120284968 5398245 5443441
1539938120384755 5400171 5445711
1539938120484652 5402161 5448037
1539938120584555 5404276 5450445
1539938120684332 5406436 5452844
1539938120784337 5408578 5455388
1539938120884297 5410755 5457926
1539938120984256 5413006 5460501
1539938121084130 5415244 5463156
1539938121183951 5417424 5465861
1539938121283844 5419756 5468548
1539938121383628 5422100 5471244
1539938121483470 5424407 5473928
1539938121583252 5426709 5476502
1539938121683086 5429035 5479057
1539938121782996 5431350 5481628
1539938121883057 5433586 5484081
1539938121982874 5435948 5486601
1539938122082798 5438365 5489154
1539938122182824 5440758 5491619
1539938122282815 5443216 5494044
1539938122382683 5445731 5496458
1539938122482506 5448271 5498807
1539938122582283 5450856 5501082
1539938122682170 5453533 5503363
1539938122782093 5456172 5505649
1539938122881891 5458736 5507952
1539938122981703 5461287 5510271
1539938123081737 5463750 5512716
1539938123181537 5466065 5515164
1539938123281401 5468453 5517671
1539938123381217 5470874 5520197
1539938123481165 5473228 5522771
1539938123581066 5475574 5525251
1539938123681130 5478030 5527796
1539938123780974 5480482 5530403
1539938123880893 5482945 5533025
1539938123980851 5485446 5535637
1539938124080658 5487960 5538271
1539938124180641 5490473 5540843
1539938124280524 5492967 5543325
1539938124380434 5495552 5545899
1539938124480401 5497987 5548360
1539938124580315 5500415 5550736
1539938124680109 5502892 5553103
1539938124780113 5505325 5555431
1539938124880019 5507755 5557696
1539938124979892 5510203 5559939
1539938125079761 5512607 5562190
1539938125179625 5514881 5564438
1539938125279405 5517144 5566656
1539938125379473 5519380 5568881
1539938125479262 5521519 5571095
1539938125579252 5523691 5573307
1539938125679078 5525883 5575379
1539938125778851 5528109 5577410
1539938125879081 5530338 5579371
1539938125978684 5532535 5581171
1539938126078521 5535022 5582968
1539938126178385 5537449 5584627
1539938126278352 5539868 5586274
1539938126411464 5543134 5588378
1539938126511277 5545495 5589837
1539938126611081 5547896 5591329
1539938126711134 5550301 5592781
1539938126811066 5552715 5594195
1539938126910904 5555102 5595548
1539938127010754 5557499 5596829
1539938127110656 5559885 5598018
1539938127210556 5562266 5599199
1539938127310425 5564583 5600357
1539938127410238 5566873 5601488
1539938127510140 5569190 5602617
1539938127609952 5571389 5603718
1539938127709848 5573538 5604789
1539938127809710 5575664 5605816
1539938127909716 5577733 5606799
1539938128009716 5579717 5607744
1539938128109580 5581618 5608647
1539938128209446 5583468 5609500
1539938128309398 5585360 5610362
1539938128409286 5587209 5611182
1539938128509155 5589042 5611948
1539938128609040 5590914 5612655
1539938128708848 5592853 5613233
1539938128808825 5594805 5613747
1539938128908751 5596527 5614176
1539938129008651 5598066 5614557
1539938129108553 5599467 5614909
1539938129208465 5600705 5615220
1539938129308344 5601799 5615493
1539938129408324 5602772 5615739
1539938129508177 5603670 5615970
1539938129608458 5604493 5616183
1539938129708416 5605250 5616381
1539938129808501 5605915 5616547
1539938129908517 5606529 5616695
1539938130008477 5606959 5616742
1539938130108355 5607053 5616637
1539938130208412 5606848 5616418
1539938130308327 5606294 5616054
1539938130408305 5605547 5615584
1539938130508083 5604693 5614981
1539938130607892 5603724 5614132
1539938130707943 5602637 5613009
1539938130807837 5601448 5611672
1539938130907620 5600187 5610194
1539938131007498 5598807 5608617
1539938131107329 5597486 5607145
1539938131207274 5596214 5605716
1539938131307104 5594992 5604326
1539938131407146 5593799 5602960
1539938131507062 5592653 5601665
1539938131606971 5591591 5600442
1539938131707044 5590699 5599324
1539938131806865 5589994 5598327
1539938131906719 5589535 5597507
1539938132006520 5589356 5596962
1539938132106422 5589412 5596634
1539938132206275 5589685 5596531
1539938132306190 5590172 5596619
1539938132406157 5590923 5596818
1539938132506043 5591986 5597066
1539938132606009 5593303 5597323
1539938132705854 5594854 5597590
1539938132805775 5596501 5597872
1539938132905628 5598219 5598177
1539938133005491 5600036 5598518
1539938133105437 5601842 5598875
1539938133205307 5603695 5599253
1539938133305250 5605518 5599614
1539938133405021 5607297 5599956
1539938133504909 5609059 5600297
1539938133604992 5610765 5600641
1539938133704808 5612398 5600992
1539938133804677 5614019 5601351
1539938133904541 5615635 5601729
1539938134004446 5617236 5602155
1539938134104307 5618805 5602684
1539938134204072 5620257 5603295
1539938134304108 5621740 5604003
1539938134403921 5623257 5604791
1539938134503788 5624756 5605636
1539938134603555 5626209 5606540
1539938134703493 5627583 5607563
1539938134803503 5628857 5608696
1539938134903336 5630058 5609968
1539938135003142 5631206 5611399
1539938135102965 5632288 5612950
1539938135202828 5633312 5614571
1539938135302732 5634295 5616238
1539938135402660 5635287 5618043
1539938135502571 5636254 5619932
1539938135602617 5637186 5621813
1539938135702502 5638095 5623706
1539938135802352 5638990 5625624
1539938135902251 5639885 5627621
1539938136002229 5640771 5629618
1539938136102116 5641671 5631605
1539938136201864 5642560 5633589
1539938136301689 5643431 5635598
1539938136401615 5644273 5637561
1539938136534807 5645411 5640186
1539938136634640 5646236 5642099
1539938136734675 5647062 5644016
1539938136834609 5647887 5645893
1539938136934427 5648784 5647857
1539938137034252 5649670 5649792
1539938137134178 5650538 5651686
1539938137234118 5651420 5653607
1539938137334038 5652271 5655435
1539938137433935 5653130 5657220
1539938137533942 5653993 5658986
1539938137633702 5654910 5660785
1539938137733538 5655899 5662611
1539938137833319 5656952 5664370
1539938137933153 5658073 5666169
1539938138032989 5659248 5668037
1539938138132869 5660469 5669938
1539938138232733 5661721 5671792
1539938138332584 5662987 5673572
1539938138432466 5664379 5675469
1539938138532428 5665811 5677364
1539938138632316 5667245 5679224
1539938138732164 5668654 5681050
1539938138832312 5670065 5682905
1539938138932104 5671485 5684825
1539938139031939 5672895 5686707
1539938139131793 5674341 5688580
1539938139231729 5675826 5690519
1539938139331665 5677271 5692480
1539938139431661 5678685 5694457
1539938139531481 5680107 5696342
1539938139631448 5681561 5698227
1539938139731410 5682989 5700085
1539938139831341 5684367 5701902
1539938139931284 5685701 5703670
1539938140031103 5686978 5705339
1539938140130864 5688236 5706985
1539938140230873 5689501 5708680
1539938140330727 5690794 5710466
1539938140430552 5692034 5712292
1539938140530336 5693209 5714177
1539938140630206 5694342 5716192
1539938140730146 5695428 5718314
1539938140830099 5696447 5720445
1539938140930034 5697508 5722841
1539938141029830 5698443 5725275
1539938141129786 5699309 5727813
1539938141229645 5700134 5730404
1539938141329491 5700920 5733044
1539938141429328 5701729 5735803
1539938141529301 5702587 5738608
1539938141629317 5703549 5741513
1539938141729161 5704647 5744477
1539938141829119 5705901 5747389
1539938141929025 5707332 5750284
1539938142029057 5708869 5753188
1539938142128968 5710437 5755886
1539938142228929 5712042 5758553
1539938142328672 5713714 5761119
1539938142428558 5715438 5763542
1539938142528337 5717204 5765873
1539938142628371 5719025 5768208
1539938142728166 5720773 5770346
1539938142827966 5722513 5772405
1539938142928004 5724256 5774489
1539938143027874 5725902 5776602
1539938143127643 5727464 5778685
1539938143227427 5728940 5780908
1539938143327378 5730378 5783237
1539938143427304 5731736 5785674
1539938143527258 5732968 5788177
1539938143627182 5734127 5790870
1539938143726974 5735152 5793662
1539938143826844 5736108 5796421
1539938143926951 5737024 5799305
1539938144026732 5737891 5802208
1539938144126591 5738719 5805089
1539938144226457 5739517 5808128
1539938144326297 5740275 5811125
1539938144426179 5741026 5814121
1539938144526077 5741779 5817137
1539938144626073 5742568 5820071
1539938144726126 5743422 5822950
1539938144826059 5744398 5825765
1539938144926157 5745647 5828460
1539938145026044 5747164 5831045
1539938145126134 5748935 5833568
1539938145225966 5750854 5835983
1539938145325835 5752932 5838322
1539938145425817 5755131 5840609
1539938145525750 5757506 5842934
1539938145625632 5759840 5845186
1539938145725529 5762160 5847458
1539938145825348 5764529 5849811
1539938145925263 5766858 5852124
1539938146025296 5769128 5854445
1539938146125188 5771409 5856823
1539938146225129 5773686 5859189
1539938146325021 5775872 5861442
1539938146424902 5778104 5863745
1539938146524786 5780386 5865997
1539938146624605 5782751 5868168
1539938146724421 5785174 5870305
1539938146824306 5787631 5872434
1539938146924332 5790137 5874602
1539938147024302 5792521 5876698
1539938147124266 5794898 5878817
1539938147224140 5797273 5880972
1539938147323966 5799617 5883149
1539938147423794 5801831 5885225
1539938147523762 5804155 5887382
1539938147623704 5806461 5889584
1539938147723532 5808741 5891877
1539938147823314 5811025 5894186
1539938147923274 5813363 5896550
1539938148023088 5815695 5899006
1539938148122864 5817932 5901429
1539938148222781 5820200 5903906
1539938148322774 5822497 5906512
1539938148422592 5824725 5909092
1539938148522611 5826872 5911594
1539938148622463 5829103 5914144
1539938148722369 5831318 5916555
1539938148822191 5833671 5918964
1539938148922236 5836090 5921383
1539938149021981 5838525 5923813
1539938149121893 5840971 5926278
1539938149221688 5843332 5928717
1539938149321555 5845760 5931219
1539938149421492 5848238 5933704
1539938149521383 5850638 5936083
1539938149621198 5853014 5938451
1539938149721045 5855457 5940824
1539938149821208 5857779 5943041
1539938149921118 5860104 5945220
1539938150020967 5862485 5947383
1539938150120820 5864862 5949502
1539938150220628 5867238 5951581
1539938150320710 5869555 5953581
1539938150420526 5871912 5955641
1539938150520509 5874170 5957646
1539938150620368 5876387 5959599
1539938150720111 5878587 5961439
1539938150820046 5880912 5963370
1539938150920045 5883152 5965247
1539938151019999 5885392 5967102
1539938151119765 5887626 5968974
1539938151219545 5889878 5970919
1539938151319360 5892058 5972881
1539938151419499 5894282 5974843
1539938151519282 5896513 5976863
1539938151619271 5898602 5978990
1539938151719213 5900547 5981203
1539938151819010 5902427 5983522
1539938151918911 5904121 5986003
1539938152018939 5905556 5988599
1539938152118713 5906770 5991217
1539938152218585 5907797 5993879
1539938152318501 5908664 5996618
1539938152418411 5909433 5999417
1539938152518309 5910044 6002178
1539938152618154 5910517 6004960
1539938152718062 5910902 6007735
1539938152818053 5911206 6010467
1539938152951166 5911504 6014149
1539938153051234 5911744 6016774
1539938153151119 5912032 6019384
1539938153250977 5912393 6021983
1539938153350713 5912958 6024425
1539938153450706 5913621 6026791
1539938153550501 5914523 6029194
1539938153650344 5915697 6031549
1539938153750279 5917174 6033819
1539938153850167 5918912 6036083
1539938153949997 5920823 6038332
1539938154049901 5922817 6040532
1539938154149691 5924903 6042793
1539938154249694 5927042 6045103
1539938154349611 5929251 6047444
1539938154449422 5931461 6049787
1539938154549440 5933653 6052192
1539938154649232 5935934 6054717
1539938154749220 5938214 6057240
1539938154849077 5940517 6059861
1539938154948912 5942818 6062586
1539938155048723 5945183 6065301
1539938155148695 5947513 6068062
1539938155248517 5949826 6070929
1539938155348461 5952168 6073779
1539938155448385 5954527 6076638
1539938155548213 5956797 6079572
1539938155648314 5959067 6082427
1539938155748100 5961327 6085235
1539938155847977 5963637 6088179
1539938155947763 5965906 6091097
1539938156047660 5968142 6094000
1539938156147490 5970332 6096897
1539938156247433 5972358 6099700
1539938156347474 5974295 6102583
1539938156480548 5976760 6106356
1539938156580451 5978553 6109195
1539938156680462 5980295 6112095
1539938156780328 5981992 6114874
1539938156880128 5983672 6117567
1539938156980123 5985303 6120196
1539938157080086 5986978 6122830
1539938157179925 5988566 6125368
1539938157279696 5990082 6127851
1539938157379613 5991548 6130205
1539938157479493 5993091 6132646
1539938157579406 5994576 6135001
1539938157679193 5996014 6137302
1539938157779060 5997408 6139514
1539938157879120 5998764 6141657
1539938157978963 6000156 6143846
1539938158078984 6001498 6145929
1539938158178877 6002818 6147931
1539938158278776 6004069 6149878
1539938158378641 6005301 6151864
1539938158478426 6006484 6153785
1539938158578414 6007664 6155569
1539938158678323 6008822 6157243
1539938158778116 6009918 6158695
1539938158878052 6010854 6159854
1539938158977975 6011595 6160738
1539938159077860 6012059 6161269
1539938159177778 6012303 6161534
1539938159277700 6012383 6161637
1539938159377575 6012352 6161597
1539938159477529 6012259 6161469
1539938159577597 6012126 6161307
1539938159677670 6012003 6161185
1539938159777621 6011928 6161104
1539938159877562 6011887 6161052
1539938159977463 6011871 6161036
1539938160077461 6011877 6161043
1539938160177438 6011894 6161061
1539938160277297 6011904 6161075
1539938160377213 6011907 6161079
1539938160477258 6011905 6161076
1539938160577147 6011902 6161074
1539938160677057 6011902 6161074
1539938160776875 6011904 6161075
1539938160876706 6011905 6161076
1539938160976619 6011904 6161076
1539938161076725 6011904 6161076
1539938161176484 6011904 6161076
1539938161276455 6011904 6161076
1539938161376430 6011904 6161075
1539938161476269 6011904 6161076
1539938161576257 6011901 6161076
1539938161676218 6011899 6161072
1539938161776075 6011899 6161070
1539938161875929 6011885 6161066
1539938161975708 6011881 6161053
1539938162075582 6011872 6161030
1539938162175463 6011859 6160979
1539938162275291 6011837 6160874
1539938162375308 6011767 6160637
1539938162475240 6011624 6160270
1539938162575156 6011428 6159788
1539938162675037 6011195 6159253
1539938162774893 6010957 6158748
1539938162874775 6010725 6158362
1539938162974632 6010514 6158129
1539938163074370 6010320 6158021
1539938163174386 6010148 6157979
1539938163274292 6009989 6157973
1539938163374295 6009839 6157980
1539938163474179 6009713 6157978
1539938163573935 6009628 6157975
1539938163673703 6009597 6157979
1539938163773543 6009605 6157989
1539938163873459 6009616 6158003
1539938163973373 6009614 6158003
1539938164073484 6009607 6157992
1539938164173332 6009642 6157965
1539938164273138 6009811 6157897
1539938164372987 6010149 6157756
1539938164472889 6010638 6157541
1539938164572784 6011263 6157303
1539938164672782 6011969 6157080
1539938164772657 6012631 6156968
1539938164872603 6013204 6157003
1539938164972384 6013671 6157193
1539938165072254 6014046 6157426
1539938165172551 6014354 6157570
1539938165272403 6014632 6157648
1539938165372319 6014874 6157685
1539938165472213 6015077 6157714
1539938165572151 6015227 6157744
1539938165672049 6015321 6157761
1539938165771853 6015364 6157769
1539938165871901 6015363 6157770
1539938165971776 6015334 6157764
1539938166071672 6015309 6157760
1539938166171433 6015303 6157760
1539938166271456 6015306 6157760
1539938166371240 6015311 6157761
1539938166504359 6015310 6157762
1539938166604233 6015310 6157762
1539938166704078 6015310 6157762
1539938166804066 6015312 6157762
1539938166903931 6015312 6157762
1539938167003885 6015312 6157761
1539938167103960 6015314 6157762
1539938167203742 6015315 6157762
1539938167303653 6015314 6157763
1539938167403518 6015315 6157763
1539938167503610 6015314 6157762
1539938167603550 6015311 6157761
1539938167703408 6015310 6157761
1539938167803123 6015312 6157761
1539938167902926 6015312 6157762
1539938168002722 6015311 6157762
1539938168102588 6015311 6157762
1539938168202634 6015311 6157762
1539938168302522 6015312 6157762
1539938168402357 6015312 6157762
1539938168502197 6015312 6157762
1539938168602082 6015313 6157763
1539938168701894 6015313 6157763
1539938168801772 6015313 6157762
1539938168901808 6015313 6157762
1539938169001760 6015313 6157763
1539938169101655 6015313 6157763
1539938169201740 6015313 6157763
1539938169301717 6015313 6157762
1539938169401594 6015313 6157762
1539938169501401 6015313 6157763
1539938169601258 6015313 6157763
1539938169701247 6015313 6157762
1539938169801100 6015313 6157762
1539938169900902 6015313 6157763
1539938170000792 6015312 6157762
1539938170100766 6015312 6157762
1539938170200561 6015312 6157762
1539938170300369 6015312 6157763
1539938170433647 6015312 6157762
1539938170533419 6015312 6157762
1539938170633345 6015312 6157763
1539938170733157 6015312 6157763
1539938170832984 6015312 6157763
1539938170932858 6015312 6157763
1539938171032896 6015312 6157763
1539938171132845 6015312 6157762
1539938171232703 6015312 6157762
1539938171332514 6015312 6157763
1539938171432422 6015313 6157762
1539938171565690 6015312 6157762
1539938171665597 6015312 6157762
1539938171765545 6015312 6157762
1539938171865316 6015307 6157762
1539938171965117 6015301 6157760
1539938172065188 6015296 6157760
1539938172165032 6015296 6157760
1539938172264915 6015302 6157760
1539938172364799 6015303 6157761
1539938172464601 6015302 6157761
1539938172564823 6015303 6157761
1539938172664599 6015303 6157761
1539938172764408 6015302 6157760
1539938172864346 6015301 6157760
1539938172964148 6015301 6157761
1539938173064157 6015300 6157761
1539938173197269 6015298 6157760
1539938173297233 6015299 6157760
1539938173397231 6015301 6157760
1539938173497063 6015302 6157760
1539938173596815 6015302 6157760
1539938173696653 6015301 6157760
1539938173796648 6015303 6157761
1539938173896507 6015302 6157761
1539938173996275 6015302 6157761
1539938174096177 6015302 6157761
1539938174196157 6015303 6157761
1539938174295919 6015303 6157761
1539938174395745 6015302 6157760
1539938174495673 6015297 6157760
1539938174595831 6015297 6157760
1539938174695806 6015305 6157761
1539938174795879 6015307 6157761
1539938174895897 6015304 6157761
1539938174995856 6015303 6157761
1539938175095886 6015306 6157761
1539938175229104 6015306 6157762
1539938175329020 6015305 6157762
1539938175428926 6015305 6157762
1539938175528743 6015306 6157762
1539938175628734 6015306 6157762
