1537515961025714 3.44348e+06 3.89594e+06
1537515961125514 3.44348e+06 3.89594e+06
1537515961225329 3.44348e+06 3.89594e+06
1537515961325248 3.44348e+06 3.89594e+06
1537515961391777 3.44348e+06 3.89594e+06
1537515961491791 3.44348e+06 3.89594e+06
1537515961591573 3.44348e+06 3.89594e+06
1537515961658237 3.44348e+06 3.89594e+06
1537515961758054 3.44348e+06 3.89594e+06
1537515961858000 3.44348e+06 3.89594e+06
1537515961924536 3.44348e+06 3.89594e+06
1537515962024402 3.44348e+06 3.89594e+06
1537515962124344 3.44348e+06 3.89594e+06
1537515962191004 3.44348e+06 3.89594e+06
1537515962290915 3.44348e+06 3.89594e+06
1537515962390722 3.44348e+06 3.89594e+06
1537515962490623 3.44348e+06 3.89593e+06
1537515962590446 3.44348e+06 3.89594e+06
1537515962656985 3.44348e+06 3.89594e+06
1537515962756836 3.44348e+06 3.89594e+06
1537515962856772 3.44348e+06 3.89594e+06
1537515962923450 3.44348e+06 3.89594e+06
1537515963023303 3.44348e+06 3.89594e+06
1537515963123159 3.44348e+06 3.89594e+06
1537515963189728 3.44348e+06 3.89594e+06
1537515963289681 3.44348e+06 3.89594e+06
1537515963389510 3.44348e+06 3.89594e+06
1537515963489473 3.44348e+06 3.89594e+06
1537515963556035 3.44348e+06 3.89594e+06
1537515963656016 3.44348e+06 3.89594e+06
1537515963755857 3.44348e+06 3.89594e+06
1537515963822429 3.44348e+06 3.89594e+06
1537515963922387 3.44348e+06 3.89594e+06
1537515964022234 3.44348e+06 3.89594e+06
1537515964122149 3.44348e+06 3.89594e+06
1537515964188735 3.44348e+06 3.89594e+06
1537515964288564 3.44349e+06 3.89594e+06
1537515964388440 3.44353e+06 3.89595e+06
1537515964488391 3.44365e+06 3.89601e+06
1537515964555155 3.44392e+06 3.89618e+06
1537515964654956 3.44451e+06 3.89656e+06
1537515964754997 3.4455e+06 3.89728e+06
1537515964821599 3.44626e+06 3.89789e+06
1537515964921355 3.44749e+06 3.899e+06
1537515965021126 3.44875e+06 3.90035e+06
1537515965087893 3.44965e+06 3.90139e+06
1537515965187746 3.45105e+06 3.90304e+06
1537515965287559 3.45261e+06 3.90481e+06
1537515965354092 3.45367e+06 3.906e+06
1537515965453945 3.45531e+06 3.90778e+06
1537515965553901 3.45702e+06 3.90957e+06
1537515965653862 3.45883e+06 3.91137e+06
1537515965753654 3.46073e+06 3.91323e+06
1537515965820403 3.46205e+06 3.91452e+06
1537515965920178 3.46406e+06 3.91648e+06
1537515966020033 3.46612e+06 3.91846e+06
1537515966086694 3.46755e+06 3.91981e+06
1537515966186604 3.46977e+06 3.92193e+06
1537515966286440 3.47204e+06 3.92417e+06
1537515966353124 3.47361e+06 3.92576e+06
1537515966452950 3.47598e+06 3.9282e+06
1537515966552788 3.47835e+06 3.93066e+06
1537515966652613 3.4807e+06 3.9331e+06
1537515966719408 3.48228e+06 3.93472e+06
1537515966819198 3.48478e+06 3.93715e+06
1537515966919062 3.48738e+06 3.93964e+06
1537515966985630 3.48912e+06 3.9413e+06
1537515967085605 3.49172e+06 3.94382e+06
1537515967185461 3.49431e+06 3.94638e+06
1537515967285526 3.4969e+06 3.94902e+06
1537515967352061 3.49866e+06 3.95081e+06
1537515967451905 3.50133e+06 3.95347e+06
1537515967518476 3.50314e+06 3.95525e+06
1537515967651703 3.50675e+06 3.95882e+06
1537515967718232 3.50857e+06 3.96061e+06
1537515967818092 3.51138e+06 3.96336e+06
1537515967918035 3.5142e+06 3.96617e+06
1537515967984632 3.51607e+06 3.96799e+06
1537515968084496 3.51886e+06 3.97071e+06
1537515968184482 3.52169e+06 3.97355e+06
1537515968251039 3.52356e+06 3.97545e+06
1537515968350960 3.52645e+06 3.97839e+06
1537515968450932 3.52929e+06 3.98132e+06
1537515968551226 3.53212e+06 3.98418e+06
1537515968617972 3.53406e+06 3.98607e+06
1537515968717919 3.53702e+06 3.98891e+06
1537515968817865 3.54001e+06 3.99173e+06
1537515968884505 3.54202e+06 3.99362e+06
1537515968984501 3.54499e+06 3.99648e+06
1537515969084458 3.54787e+06 3.99938e+06
1537515969184296 3.5508e+06 4.00229e+06
1537515969250990 3.55277e+06 4.00426e+06
1537515969350908 3.55569e+06 4.00724e+06
1537515969450948 3.55862e+06 4.01021e+06
1537515969517580 3.56059e+06 4.01219e+06
1537515969617472 3.56353e+06 4.01517e+06
1537515969717285 3.5665e+06 4.01809e+06
1537515969783957 3.56849e+06 4.02001e+06
1537515969883761 3.57141e+06 4.02293e+06
1537515969983661 3.57435e+06 4.02589e+06
1537515970083438 3.57732e+06 4.0289e+06
1537515970150015 3.57926e+06 4.03091e+06
1537515970249842 3.58217e+06 4.03387e+06
1537515970349792 3.58514e+06 4.03681e+06
1537515970416420 3.58713e+06 4.03879e+06
1537515970516250 3.59015e+06 4.04175e+06
1537515970616278 3.59323e+06 4.04476e+06
1537515970716114 3.59626e+06 4.04775e+06
1537515970782639 3.59825e+06 4.04973e+06
1537515970882565 3.6013e+06 4.05275e+06
1537515970982532 3.60436e+06 4.05585e+06
1537515971049175 3.60639e+06 4.05794e+06
1537515971149039 3.60942e+06 4.06102e+06
1537515971249011 3.61238e+06 4.06403e+06
1537515971348780 3.61544e+06 4.06694e+06
1537515971415432 3.61756e+06 4.06888e+06
1537515971515336 3.62079e+06 4.07177e+06
1537515971615234 3.624e+06 4.07465e+06
1537515971681846 3.62613e+06 4.07663e+06
1537515971781702 3.62929e+06 4.0797e+06
1537515971881462 3.6325e+06 4.08282e+06
1537515971948034 3.63467e+06 4.08491e+06
1537515972047848 3.63787e+06 4.08803e+06
1537515972147795 3.64106e+06 4.09109e+06
1537515972247699 3.64422e+06 4.09414e+06
1537515972314265 3.64633e+06 4.0962e+06
1537515972414089 3.64955e+06 4.0992e+06
1537515972513937 3.6527e+06 4.10215e+06
1537515972580596 3.65478e+06 4.10416e+06
1537515972680441 3.65789e+06 4.10722e+06
1537515972780359 3.66098e+06 4.11037e+06
1537515972846942 3.66301e+06 4.11247e+06
1537515972946858 3.66609e+06 4.11554e+06
1537515973046984 3.66921e+06 4.11854e+06
1537515973146766 3.67235e+06 4.12151e+06
1537515973213421 3.67447e+06 4.12348e+06
1537515973313220 3.67757e+06 4.12642e+06
1537515973413050 3.68057e+06 4.12937e+06
1537515973479701 3.68256e+06 4.13132e+06
1537515973579625 3.68552e+06 4.13431e+06
1537515973679453 3.68846e+06 4.1374e+06
1537515973779587 3.69136e+06 4.1405e+06
1537515973846189 3.69323e+06 4.14253e+06
1537515973946090 3.69599e+06 4.14556e+06
1537515974046172 3.6988e+06 4.14854e+06
1537515974146059 3.70162e+06 4.15147e+06
1537515974212636 3.70346e+06 4.15342e+06
1537515974312445 3.70625e+06 4.15636e+06
1537515974412282 3.70903e+06 4.1594e+06
1537515974478801 3.71087e+06 4.16147e+06
1537515974578655 3.71361e+06 4.16458e+06
1537515974678561 3.71637e+06 4.16766e+06
1537515974745285 3.71822e+06 4.16972e+06
1537515974845182 3.72099e+06 4.17278e+06
1537515974945056 3.72382e+06 4.17582e+06
1537515975011600 3.72571e+06 4.17785e+06
1537515975111500 3.72851e+06 4.1808e+06
1537515975211299 3.73136e+06 4.18373e+06
1537515975311112 3.73423e+06 4.18676e+06
1537515975377691 3.73615e+06 4.18884e+06
1537515975477525 3.7391e+06 4.19204e+06
1537515975577492 3.74204e+06 4.19524e+06
1537515975677507 3.74493e+06 4.19829e+06
1537515975744066 3.74689e+06 4.20031e+06
1537515975844084 3.74995e+06 4.20332e+06
1537515975943961 3.75299e+06 4.20626e+06
1537515976010475 3.75501e+06 4.20821e+06
1537515976110296 3.75798e+06 4.21118e+06
1537515976210271 3.76088e+06 4.21416e+06
1537515976310070 3.76382e+06 4.21724e+06
1537515976376592 3.76581e+06 4.21932e+06
1537515976476439 3.76879e+06 4.22241e+06
1537515976576356 3.77181e+06 4.22548e+06
1537515976642923 3.7738e+06 4.2275e+06
1537515976742861 3.77675e+06 4.23046e+06
1537515976842690 3.77972e+06 4.23336e+06
1537515976942595 3.78264e+06 4.2362e+06
1537515977009187 3.78457e+06 4.23808e+06
1537515977109022 3.78753e+06 4.241e+06
1537515977209079 3.79053e+06 4.24399e+06
1537515977275605 3.7925e+06 4.24596e+06
1537515977375540 3.79543e+06 4.2488e+06
1537515977475458 3.79838e+06 4.25162e+06
1537515977542119 3.80035e+06 4.25349e+06
1537515977642000 3.8033e+06 4.25626e+06
1537515977741775 3.8062e+06 4.25902e+06
1537515977841679 3.80903e+06 4.26175e+06
1537515977941678 3.81185e+06 4.26444e+06
1537515978008589 3.81378e+06 4.26631e+06
1537515978108166 3.81668e+06 4.26916e+06
1537515978208031 3.81958e+06 4.27203e+06
1537515978274642 3.82149e+06 4.27394e+06
1537515978374411 3.8243e+06 4.27678e+06
1537515978474421 3.82704e+06 4.27954e+06
1537515978541121 3.82889e+06 4.28137e+06
1537515978640872 3.83169e+06 4.28408e+06
1537515978740733 3.83443e+06 4.28672e+06
1537515978840550 3.83712e+06 4.2893e+06
1537515978907192 3.83891e+06 4.29107e+06
1537515979007171 3.84158e+06 4.29372e+06
1537515979106942 3.84417e+06 4.29629e+06
1537515979173496 3.84589e+06 4.29796e+06
1537515979273402 3.84846e+06 4.30049e+06
1537515979373196 3.85106e+06 4.30301e+06
1537515979473001 3.85367e+06 4.30556e+06
1537515979539780 3.85538e+06 4.30727e+06
1537515979639596 3.85778e+06 4.3098e+06
1537515979739634 3.8601e+06 4.31231e+06
1537515979806165 3.86164e+06 4.31398e+06
1537515979906205 3.86391e+06 4.31655e+06
1537515980006103 3.86603e+06 4.31908e+06
1537515980072716 3.86741e+06 4.32075e+06
1537515980172585 3.86934e+06 4.32323e+06
1537515980272358 3.87116e+06 4.32568e+06
1537515980372328 3.87284e+06 4.32804e+06
1537515980438967 3.87384e+06 4.32955e+06
1537515980538807 3.87526e+06 4.33179e+06
1537515980638687 3.87657e+06 4.33399e+06
1537515980705196 3.8774e+06 4.33544e+06
1537515980805007 3.87858e+06 4.33762e+06
1537515980905089 3.8796e+06 4.33975e+06
1537515980971611 3.88022e+06 4.34115e+06
1537515981071506 3.88104e+06 4.34317e+06
1537515981171403 3.88174e+06 4.34512e+06
1537515981271277 3.88235e+06 4.34704e+06
1537515981337929 3.88272e+06 4.34832e+06
1537515981404552 3.88306e+06 4.34956e+06
1537515981537613 3.88366e+06 4.35194e+06
1537515981637424 3.88405e+06 4.35369e+06
1537515981704084 3.8843e+06 4.35488e+06
1537515981803910 3.88463e+06 4.3567e+06
1537515981903864 3.88495e+06 4.35849e+06
1537515981970513 3.88516e+06 4.35964e+06
1537515982070442 3.88549e+06 4.36134e+06
1537515982170238 3.88584e+06 4.36306e+06
1537515982236892 3.8861e+06 4.36421e+06
1537515982336699 3.88654e+06 4.36593e+06
1537515982436558 3.88706e+06 4.36762e+06
1537515982536597 3.88762e+06 4.3693e+06
1537515982603143 3.888e+06 4.37043e+06
1537515982703078 3.88862e+06 4.3723e+06
1537515982802901 3.88926e+06 4.37427e+06
1537515982869542 3.8897e+06 4.37563e+06
1537515982969452 3.89038e+06 4.37767e+06
1537515983069243 3.89107e+06 4.3797e+06
1537515983135913 3.89154e+06 4.38106e+06
1537515983235801 3.89226e+06 4.3831e+06
1537515983335721 3.89302e+06 4.38517e+06
1537515983435551 3.89386e+06 4.38722e+06
1537515983502326 3.89446e+06 4.38858e+06
1537515983602397 3.89542e+06 4.39054e+06
1537515983702400 3.89648e+06 4.39241e+06
1537515983802358 3.8976e+06 4.39422e+06
1537515983869117 3.89842e+06 4.39537e+06
1537515983969120 3.8997e+06 4.39705e+06
1537515984069046 3.90108e+06 4.39866e+06
1537515984135722 3.90205e+06 4.39971e+06
1537515984235606 3.90359e+06 4.40127e+06
1537515984335624 3.90518e+06 4.40282e+06
1537515984402179 3.90627e+06 4.40385e+06
1537515984502085 3.90793e+06 4.40542e+06
1537515984601896 3.90971e+06 4.40702e+06
1537515984701798 3.91152e+06 4.40862e+06
1537515984768368 3.91281e+06 4.40972e+06
1537515984868271 3.91479e+06 4.41141e+06
1537515984968220 3.91687e+06 4.41312e+06
1537515985034759 3.91829e+06 4.41426e+06
1537515985134793 3.92054e+06 4.41595e+06
1537515985234622 3.92286e+06 4.41759e+06
1537515985334502 3.9253e+06 4.41918e+06
1537515985401055 3.92702e+06 4.42021e+06
1537515985500998 3.92968e+06 4.4217e+06
1537515985600888 3.93234e+06 4.42318e+06
1537515985667536 3.9341e+06 4.42416e+06
1537515985767315 3.93674e+06 4.42567e+06
1537515985867179 3.93935e+06 4.42725e+06
1537515985933852 3.94106e+06 4.42836e+06
1537515986033805 3.94365e+06 4.43012e+06
1537515986133625 3.94624e+06 4.432e+06
1537515986233549 3.94877e+06 4.43398e+06
1537515986300207 3.95044e+06 4.43535e+06
1537515986400020 3.95289e+06 4.43751e+06
1537515986499832 3.9552e+06 4.43978e+06
1537515986599781 3.95738e+06 4.44211e+06
1537515986666306 3.95882e+06 4.44382e+06
1537515986766237 3.96096e+06 4.44651e+06
1537515986866065 3.96308e+06 4.44932e+06
1537515986932651 3.96448e+06 4.45118e+06
1537515987032500 3.96668e+06 4.45396e+06
1537515987132455 3.96895e+06 4.45665e+06
1537515987232372 3.97135e+06 4.45922e+06
1537515987298950 3.973e+06 4.46091e+06
1537515987398955 3.97558e+06 4.46346e+06
1537515987498881 3.97817e+06 4.46603e+06
1537515987565416 3.97988e+06 4.46776e+06
1537515987665349 3.98244e+06 4.47047e+06
1537515987765350 3.98503e+06 4.47327e+06
1537515987865303 3.9876e+06 4.47604e+06
1537515987931828 3.98927e+06 4.47786e+06
1537515988031819 3.99183e+06 4.48061e+06
1537515988131754 3.99451e+06 4.4834e+06
1537515988198284 3.99632e+06 4.48526e+06
1537515988298036 3.99904e+06 4.48804e+06
1537515988397919 4.00179e+06 4.49082e+06
1537515988464516 4.00361e+06 4.49267e+06
1537515988564321 4.00634e+06 4.49548e+06
1537515988664150 4.00914e+06 4.49837e+06
1537515988764122 4.01205e+06 4.50132e+06
1537515988830662 4.01397e+06 4.50327e+06
1537515988930579 4.01684e+06 4.50616e+06
1537515989030383 4.01972e+06 4.50897e+06
1537515989130250 4.02259e+06 4.51177e+06
1537515989196815 4.02452e+06 4.51366e+06
1537515989296962 4.02739e+06 4.51648e+06
1537515989396745 4.03022e+06 4.51932e+06
1537515989463299 4.0321e+06 4.52128e+06
1537515989563242 4.03496e+06 4.52425e+06
1537515989663138 4.03778e+06 4.52724e+06
1537515989762933 4.0406e+06 4.53023e+06
1537515989829820 4.04253e+06 4.53224e+06
1537515989929433 4.0455e+06 4.53523e+06
1537515990029461 4.04854e+06 4.53827e+06
1537515990096084 4.05058e+06 4.54019e+06
1537515990195902 4.05367e+06 4.54309e+06
1537515990295814 4.0567e+06 4.54596e+06
1537515990395654 4.0598e+06 4.54884e+06
1537515990462278 4.06189e+06 4.55074e+06
1537515990562080 4.06505e+06 4.55361e+06
1537515990661896 4.0682e+06 4.55639e+06
1537515990728583 4.07027e+06 4.55822e+06
1537515990828392 4.07337e+06 4.56092e+06
1537515990928364 4.07656e+06 4.56363e+06
1537515990994910 4.07864e+06 4.5654e+06
1537515991094952 4.08175e+06 4.56807e+06
1537515991194944 4.0848e+06 4.5708e+06
1537515991261487 4.08679e+06 4.57265e+06
1537515991361300 4.08972e+06 4.57548e+06
1537515991461216 4.09267e+06 4.57839e+06
1537515991561002 4.09556e+06 4.58129e+06
1537515991627574 4.09749e+06 4.58322e+06
1537515991727385 4.10046e+06 4.58614e+06
1537515991827244 4.10342e+06 4.58904e+06
1537515991893812 4.10537e+06 4.59096e+06
1537515991993702 4.10837e+06 4.59384e+06
1537515992093587 4.11136e+06 4.59678e+06
1537515992193488 4.11438e+06 4.59981e+06
1537515992260171 4.11641e+06 4.60192e+06
1537515992360091 4.1194e+06 4.60506e+06
1537515992460070 4.12231e+06 4.60808e+06
1537515992559970 4.12524e+06 4.61108e+06
1537515992626590 4.12721e+06 4.61308e+06
1537515992726483 4.13018e+06 4.61607e+06
1537515992826274 4.13314e+06 4.61907e+06
1537515992892837 4.13507e+06 4.62104e+06
1537515992992733 4.13792e+06 4.62404e+06
1537515993092638 4.1408e+06 4.62714e+06
1537515993192399 4.1437e+06 4.63036e+06
1537515993258976 4.14563e+06 4.63253e+06
1537515993358799 4.14852e+06 4.63575e+06
1537515993458679 4.15135e+06 4.6389e+06
1537515993525362 4.15315e+06 4.64094e+06
1537515993625357 4.15585e+06 4.644e+06
1537515993725296 4.15854e+06 4.64706e+06
1537515993825276 4.16112e+06 4.65018e+06
1537515993891916 4.16283e+06 4.65231e+06
1537515993991832 4.16542e+06 4.65563e+06
1537515994058373 4.16711e+06 4.65786e+06
1537515994158285 4.16963e+06 4.66125e+06
1537515994258159 4.17216e+06 4.66458e+06
1537515994358059 4.17476e+06 4.66794e+06
1537515994424593 4.17649e+06 4.67016e+06
1537515994524428 4.17904e+06 4.67335e+06
1537515994624372 4.18158e+06 4.67651e+06
1537515994690927 4.18326e+06 4.67862e+06
1537515994790737 4.18572e+06 4.68186e+06
1537515994890668 4.1882e+06 4.68521e+06
1537515994990483 4.19077e+06 4.68851e+06
1537515995057154 4.1925e+06 4.69068e+06
1537515995156961 4.19513e+06 4.69391e+06
1537515995257026 4.19787e+06 4.6971e+06
1537515995356863 4.20065e+06 4.70028e+06
1537515995423542 4.2025e+06 4.70242e+06
1537515995523366 4.20531e+06 4.70556e+06
1537515995623257 4.20815e+06 4.70876e+06
1537515995689908 4.21005e+06 4.71096e+06
1537515995789733 4.21294e+06 4.71437e+06
1537515995889583 4.21581e+06 4.71777e+06
1537515995989454 4.21861e+06 4.72103e+06
1537515996056129 4.22051e+06 4.72317e+06
1537515996155990 4.22342e+06 4.72636e+06
1537515996255847 4.22639e+06 4.72956e+06
1537515996322528 4.22836e+06 4.73167e+06
1537515996422358 4.23131e+06 4.73484e+06
1537515996522289 4.23416e+06 4.73795e+06
1537515996588846 4.23605e+06 4.74003e+06
1537515996688864 4.23895e+06 4.74326e+06
1537515996788731 4.24185e+06 4.74645e+06
1537515996855289 4.24377e+06 4.74855e+06
1537515996955272 4.24669e+06 4.75166e+06
1537515997055083 4.24966e+06 4.75465e+06
1537515997155095 4.25265e+06 4.75762e+06
1537515997221729 4.25467e+06 4.7596e+06
1537515997321607 4.25766e+06 4.76255e+06
1537515997421408 4.26056e+06 4.76552e+06
1537515997487949 4.26249e+06 4.76756e+06
1537515997587801 4.26535e+06 4.77064e+06
1537515997687644 4.26815e+06 4.77375e+06
1537515997787544 4.27096e+06 4.77685e+06
1537515997854107 4.27284e+06 4.7789e+06
1537515997954011 4.27569e+06 4.78201e+06
1537515998054069 4.27856e+06 4.78507e+06
1537515998120649 4.28048e+06 4.78704e+06
1537515998220764 4.28324e+06 4.78992e+06
1537515998320734 4.28593e+06 4.79279e+06
1537515998420477 4.28863e+06 4.7957e+06
1537515998487038 4.29042e+06 4.79768e+06
1537515998587222 4.29309e+06 4.80076e+06
1537515998687269 4.29569e+06 4.80374e+06
1537515998754029 4.29737e+06 4.8057e+06
1537515998854146 4.29988e+06 4.80863e+06
1537515998954102 4.3024e+06 4.81151e+06
1537515999054080 4.30502e+06 4.81436e+06
1537515999120623 4.30673e+06 4.81623e+06
1537515999220635 4.30917e+06 4.81898e+06
1537515999320415 4.31154e+06 4.8217e+06
1537515999387079 4.31314e+06 4.8235e+06
1537515999486855 4.31548e+06 4.82612e+06
1537515999586688 4.31776e+06 4.82858e+06
1537515999653251 4.31927e+06 4.83017e+06
1537515999753152 4.32157e+06 4.83244e+06
1537515999853104 4.32388e+06 4.83464e+06
1537515999952960 4.32617e+06 4.83674e+06
1537516000019620 4.3277e+06 4.83808e+06
1537516000119468 4.33e+06 4.84005e+06
1537516000219301 4.33228e+06 4.84198e+06
1537516000319268 4.33457e+06 4.84388e+06
1537516000385820 4.33607e+06 4.84508e+06
1537516000485890 4.33834e+06 4.84687e+06
1537516000585713 4.34059e+06 4.84863e+06
1537516000652379 4.34206e+06 4.84979e+06
1537516000752197 4.34434e+06 4.85157e+06
1537516000852118 4.34667e+06 4.8534e+06
1537516000951926 4.34895e+06 4.85525e+06
1537516001018512 4.35046e+06 4.85654e+06
1537516001118331 4.35274e+06 4.85855e+06
1537516001218302 4.35505e+06 4.86066e+06
1537516001284864 4.35658e+06 4.86214e+06
1537516001384837 4.35891e+06 4.86447e+06
1537516001484681 4.36128e+06 4.86684e+06
1537516001584735 4.36373e+06 4.86921e+06
1537516001651371 4.36538e+06 4.87081e+06
1537516001751154 4.36791e+06 4.87327e+06
1537516001850932 4.37052e+06 4.87578e+06
1537516001917600 4.37228e+06 4.87748e+06
1537516002017494 4.37489e+06 4.88009e+06
1537516002117527 4.3776e+06 4.88282e+06
1537516002217411 4.38032e+06 4.88555e+06
1537516002284040 4.38211e+06 4.88738e+06
1537516002383908 4.38479e+06 4.89012e+06
1537516002483678 4.38754e+06 4.89286e+06
1537516002550300 4.38938e+06 4.89471e+06
1537516002650202 4.39217e+06 4.89752e+06
1537516002750087 4.39499e+06 4.90032e+06
1537516002816634 4.39686e+06 4.90218e+06
1537516002916414 4.39961e+06 4.90498e+06
1537516003016443 4.40246e+06 4.90786e+06
1537516003116408 4.40536e+06 4.91079e+06
1537516003182924 4.4073e+06 4.91275e+06
1537516003282903 4.41025e+06 4.91571e+06
1537516003349386 4.41223e+06 4.91763e+06
1537516003449363 4.41517e+06 4.92051e+06
1537516003549137 4.4182e+06 4.92344e+06
1537516003648924 4.42131e+06 4.92637e+06
1537516003715500 4.42336e+06 4.92834e+06
1537516003815320 4.42641e+06 4.93131e+06
1537516003915290 4.42946e+06 4.9343e+06
1537516004015235 4.43246e+06 4.93732e+06
1537516004082006 4.43448e+06 4.93936e+06
1537516004181813 4.43752e+06 4.94238e+06
1537516004281716 4.44052e+06 4.94539e+06
1537516004348353 4.44253e+06 4.94739e+06
1537516004448268 4.44558e+06 4.95038e+06
1537516004548063 4.44855e+06 4.9533e+06
1537516004647910 4.4515e+06 4.95624e+06
1537516004714551 4.45346e+06 4.95819e+06
1537516004814592 4.45639e+06 4.9612e+06
1537516004914397 4.45932e+06 4.96424e+06
1537516004981160 4.46131e+06 4.96628e+06
1537516005081035 4.46419e+06 4.96925e+06
1537516005180788 4.46706e+06 4.97221e+06
1537516005247509 4.46904e+06 4.97421e+06
1537516005347271 4.47202e+06 4.97721e+06
1537516005447129 4.47499e+06 4.98021e+06
1537516005547016 4.47797e+06 4.98317e+06
1537516005613540 4.47992e+06 4.98515e+06
1537516005713384 4.48282e+06 4.98816e+06
1537516005813223 4.48578e+06 4.99121e+06
1537516005879776 4.48774e+06 4.99325e+06
1537516005979671 4.49065e+06 4.9963e+06
1537516006079639 4.49358e+06 4.99926e+06
1537516006146194 4.49553e+06 5.00122e+06
1537516006246209 4.49843e+06 5.00415e+06
1537516006346073 4.50139e+06 5.00708e+06
1537516006446074 4.50434e+06 5.01004e+06
1537516006546133 4.50726e+06 5.01304e+06
1537516006612723 4.50922e+06 5.01506e+06
1537516006712463 4.51213e+06 5.01807e+06
1537516006812243 4.51498e+06 5.02107e+06
1537516006878891 4.5169e+06 5.02307e+06
1537516006978699 4.5198e+06 5.02603e+06
1537516007078598 4.52275e+06 5.02903e+06
1537516007178514 4.52578e+06 5.03198e+06
1537516007245056 4.52781e+06 5.03394e+06
1537516007345191 4.53076e+06 5.0369e+06
1537516007444970 4.53374e+06 5.03991e+06
1537516007544914 4.53676e+06 5.04299e+06
1537516007611626 4.53876e+06 5.04506e+06
1537516007678107 4.54075e+06 5.04712e+06
1537516007811224 4.54473e+06 5.05109e+06
1537516007877849 4.5467e+06 5.05307e+06
1537516007977607 4.54967e+06 5.05603e+06
1537516008077534 4.5527e+06 5.05902e+06
1537516008144168 4.55471e+06 5.06102e+06
1537516008243985 4.55772e+06 5.06402e+06
1537516008343798 4.56074e+06 5.067e+06
1537516008443758 4.56377e+06 5.07005e+06
1537516008510277 4.56579e+06 5.0721e+06
1537516008610179 4.56887e+06 5.07516e+06
1537516008710055 4.57194e+06 5.07822e+06
1537516008776818 4.57401e+06 5.08026e+06
1537516008876585 4.57709e+06 5.08324e+06
1537516008976526 4.58012e+06 5.08622e+06
1537516009076436 4.58314e+06 5.08917e+06
1537516009143086 4.58516e+06 5.09114e+06
1537516009242957 4.5882e+06 5.09417e+06
1537516009342941 4.5913e+06 5.09721e+06
1537516009409555 4.59335e+06 5.09921e+06
1537516009509331 4.59635e+06 5.10219e+06
1537516009609223 4.59941e+06 5.10521e+06
1537516009709108 4.6025e+06 5.10825e+06
1537516009775632 4.60457e+06 5.11029e+06
1537516009875560 4.60759e+06 5.11326e+06
1537516009975370 4.61058e+06 5.11621e+06
1537516010041931 4.61253e+06 5.11822e+06
1537516010141784 4.61549e+06 5.12125e+06
1537516010241644 4.61846e+06 5.12429e+06
1537516010308212 4.62042e+06 5.12632e+06
1537516010408243 4.62338e+06 5.12929e+06
1537516010474882 4.62537e+06 5.13124e+06
1537516010608112 4.6293e+06 5.13511e+06
1537516010674738 4.63128e+06 5.13706e+06
1537516010774742 4.63425e+06 5.13994e+06
1537516010874593 4.63721e+06 5.1429e+06
1537516010941195 4.63921e+06 5.14492e+06
1537516011041046 4.64219e+06 5.14793e+06
1537516011140913 4.64512e+06 5.15098e+06
1537516011240680 4.64807e+06 5.15397e+06
1537516011307250 4.65006e+06 5.15595e+06
1537516011407143 4.65306e+06 5.15896e+06
1537516011506970 4.65607e+06 5.16195e+06
1537516011573951 4.65809e+06 5.16392e+06
1537516011673437 4.66106e+06 5.16686e+06
1537516011773362 4.664e+06 5.16984e+06
1537516011873204 4.66701e+06 5.17292e+06
1537516011939847 4.66902e+06 5.17501e+06
1537516012039705 4.67199e+06 5.17813e+06
1537516012139619 4.67495e+06 5.18113e+06
1537516012206212 4.67686e+06 5.18309e+06
1537516012306211 4.67975e+06 5.18604e+06
1537516012406294 4.68273e+06 5.18896e+06
1537516012506155 4.68568e+06 5.1919e+06
1537516012572672 4.68764e+06 5.19385e+06
1537516012672461 4.69056e+06 5.19677e+06
1537516012772265 4.69343e+06 5.19973e+06
1537516012838909 4.69533e+06 5.20177e+06
1537516012905534 4.69725e+06 5.20382e+06
1537516013038691 4.70107e+06 5.20793e+06
1537516013105352 4.70295e+06 5.21e+06
1537516013205216 4.7058e+06 5.21306e+06
1537516013305022 4.70853e+06 5.21609e+06
1537516013371572 4.71032e+06 5.2181e+06
1537516013471529 4.71296e+06 5.22113e+06
1537516013571673 4.71557e+06 5.22425e+06
1537516013671751 4.71814e+06 5.22742e+06
1537516013738538 4.71984e+06 5.22954e+06
1537516013838706 4.72235e+06 5.23268e+06
1537516013938694 4.72482e+06 5.23584e+06
1537516014005297 4.72643e+06 5.23796e+06
1537516014105259 4.72885e+06 5.24122e+06
1537516014205214 4.73127e+06 5.24447e+06
1537516014271858 4.73284e+06 5.24658e+06
1537516014371688 4.73516e+06 5.24973e+06
1537516014471523 4.73748e+06 5.2529e+06
1537516014538055 4.73902e+06 5.25507e+06
1537516014638000 4.74129e+06 5.25837e+06
1537516014737831 4.74348e+06 5.26161e+06
1537516014837656 4.74566e+06 5.26475e+06
1537516014937543 4.7479e+06 5.26785e+06
1537516015004211 4.74939e+06 5.2699e+06
1537516015104065 4.75168e+06 5.27291e+06
1537516015203909 4.75408e+06 5.27591e+06
1537516015270498 4.75568e+06 5.27788e+06
1537516015370441 4.75807e+06 5.28077e+06
1537516015470283 4.76048e+06 5.28372e+06
1537516015570204 4.76292e+06 5.28664e+06
1537516015636893 4.76458e+06 5.28855e+06
1537516015736693 4.76702e+06 5.29134e+06
1537516015836648 4.76947e+06 5.29408e+06
1537516015903192 4.77115e+06 5.29587e+06
1537516016003255 4.7737e+06 5.29856e+06
1537516016103142 4.77624e+06 5.30125e+06
1537516016202927 4.77883e+06 5.30394e+06
1537516016269570 4.78059e+06 5.30575e+06
1537516016369374 4.78328e+06 5.30851e+06
1537516016469202 4.78605e+06 5.31122e+06
1537516016535806 4.78791e+06 5.313e+06
1537516016635769 4.79068e+06 5.31566e+06
1537516016735723 4.79345e+06 5.31831e+06
1537516016835639 4.79631e+06 5.32097e+06
1537516016902297 4.79822e+06 5.32277e+06
1537516017002218 4.80107e+06 5.32546e+06
1537516017102022 4.80392e+06 5.32813e+06
1537516017201939 4.80677e+06 5.33087e+06
1537516017268502 4.80867e+06 5.33274e+06
1537516017368330 4.81156e+06 5.33562e+06
1537516017468374 4.81451e+06 5.33857e+06
1537516017534896 4.81646e+06 5.34054e+06
1537516017634732 4.81939e+06 5.34348e+06
1537516017734568 4.82234e+06 5.34638e+06
1537516017834553 4.82524e+06 5.34929e+06
1537516017901185 4.82714e+06 5.3512e+06
1537516018000977 4.82996e+06 5.35404e+06
1537516018100955 4.83274e+06 5.35694e+06
1537516018167598 4.83463e+06 5.35891e+06
1537516018267565 4.83753e+06 5.3619e+06
1537516018367352 4.84037e+06 5.36486e+06
1537516018433881 4.84225e+06 5.36684e+06
1537516018533923 4.84512e+06 5.36979e+06
1537516018633895 4.84806e+06 5.37278e+06
1537516018733825 4.85097e+06 5.37571e+06
1537516018800421 4.85289e+06 5.37763e+06
1537516018900205 4.85569e+06 5.38053e+06
1537516018999995 4.85844e+06 5.38349e+06
1537516019099848 4.8612e+06 5.38656e+06
1537516019166411 4.86307e+06 5.38869e+06
1537516019266376 4.86582e+06 5.39185e+06
1537516019366219 4.86856e+06 5.39499e+06
1537516019432804 4.87038e+06 5.39711e+06
1537516019532858 4.87307e+06 5.40032e+06
1537516019632830 4.87571e+06 5.40353e+06
1537516019732710 4.87833e+06 5.40675e+06
1537516019799350 4.88006e+06 5.40889e+06
1537516019899214 4.8826e+06 5.41214e+06
1537516019999130 4.88517e+06 5.4156e+06
1537516020065656 4.88688e+06 5.41794e+06
1537516020165683 4.88936e+06 5.42146e+06
1537516020265451 4.89176e+06 5.42484e+06
1537516020365459 4.8942e+06 5.42814e+06
1537516020432144 4.89587e+06 5.43035e+06
1537516020531869 4.89842e+06 5.43367e+06
1537516020631789 4.90096e+06 5.43694e+06
1537516020698407 4.90266e+06 5.43912e+06
1537516020798254 4.90514e+06 5.44235e+06
1537516020898128 4.90757e+06 5.44556e+06
1537516020964727 4.90919e+06 5.44766e+06
1537516021064599 4.91166e+06 5.45077e+06
1537516021164449 4.91408e+06 5.45381e+06
1537516021230989 4.91572e+06 5.45582e+06
1537516021331070 4.91824e+06 5.45882e+06
1537516021430929 4.9208e+06 5.46176e+06
1537516021530700 4.92331e+06 5.46469e+06
1537516021597275 4.92498e+06 5.46663e+06
1537516021697098 4.92759e+06 5.46959e+06
1537516021796957 4.93025e+06 5.47262e+06
1537516021896908 4.93297e+06 5.47564e+06
1537516021963649 4.93481e+06 5.47763e+06
1537516022063549 4.93755e+06 5.48059e+06
1537516022163383 4.94032e+06 5.48354e+06
1537516022229921 4.9422e+06 5.4855e+06
1537516022329741 4.94509e+06 5.48844e+06
1537516022429571 4.94794e+06 5.49131e+06
1537516022529533 4.95078e+06 5.49412e+06
1537516022596094 4.95268e+06 5.49601e+06
1537516022696065 4.95553e+06 5.49892e+06
1537516022796080 4.95841e+06 5.50186e+06
1537516022862628 4.96034e+06 5.50381e+06
1537516022962527 4.96324e+06 5.50664e+06
1537516023062494 4.96614e+06 5.50936e+06
1537516023162258 4.96916e+06 5.51208e+06
1537516023228821 4.97118e+06 5.5139e+06
1537516023328658 4.97421e+06 5.5166e+06
1537516023428637 4.97727e+06 5.51935e+06
1537516023495265 4.9793e+06 5.52123e+06
1537516023595106 4.98232e+06 5.52405e+06
1537516023694948 4.98534e+06 5.52695e+06
1537516023794849 4.98829e+06 5.5299e+06
1537516023861596 4.99024e+06 5.53188e+06
1537516023961498 4.99319e+06 5.53484e+06
1537516024061290 4.99618e+06 5.53781e+06
1537516024127862 4.99818e+06 5.53977e+06
1537516024227785 5.0012e+06 5.54264e+06
1537516024327821 5.00413e+06 5.54551e+06
1537516024427701 5.00699e+06 5.54837e+06
1537516024494333 5.00893e+06 5.55032e+06
1537516024594120 5.01187e+06 5.55332e+06
1537516024694041 5.01481e+06 5.55632e+06
1537516024760555 5.01679e+06 5.55828e+06
1537516024860424 5.01973e+06 5.5612e+06
1537516024926954 5.02167e+06 5.56316e+06
1537516025060050 5.02563e+06 5.56709e+06
1537516025126596 5.02763e+06 5.56905e+06
1537516025226476 5.03058e+06 5.57193e+06
1537516025326530 5.03356e+06 5.57481e+06
1537516025393106 5.03557e+06 5.57676e+06
1537516025492949 5.03851e+06 5.57976e+06
1537516025592819 5.0415e+06 5.58281e+06
1537516025692733 5.04451e+06 5.58589e+06
1537516025759308 5.04653e+06 5.58793e+06
1537516025859256 5.04962e+06 5.59098e+06
1537516025925932 5.05172e+06 5.59304e+06
1537516026025960 5.05484e+06 5.59612e+06
1537516026125780 5.05794e+06 5.5992e+06
1537516026225690 5.06102e+06 5.60229e+06
1537516026292249 5.06306e+06 5.60436e+06
1537516026392158 5.06612e+06 5.60744e+06
1537516026491972 5.06912e+06 5.61052e+06
1537516026558624 5.07109e+06 5.61257e+06
1537516026658540 5.07407e+06 5.61562e+06
1537516026758458 5.07708e+06 5.61865e+06
1537516026858289 5.08012e+06 5.62163e+06
1537516026925038 5.08217e+06 5.6236e+06
1537516027024933 5.0852e+06 5.62655e+06
1537516027124902 5.08816e+06 5.62953e+06
1537516027191433 5.09017e+06 5.63157e+06
1537516027291323 5.09323e+06 5.63471e+06
1537516027391098 5.09631e+06 5.6379e+06
1537516027490955 5.09942e+06 5.64102e+06
1537516027557718 5.10147e+06 5.6431e+06
1537516027657542 5.10449e+06 5.6462e+06
1537516027757393 5.10759e+06 5.64928e+06
1537516027857372 5.11073e+06 5.65238e+06
1537516027923897 5.11279e+06 5.65444e+06
1537516028024180 5.11587e+06 5.65749e+06
1537516028123659 5.11889e+06 5.66058e+06
1537516028190176 5.12087e+06 5.66269e+06
1537516028290179 5.1239e+06 5.66586e+06
1537516028389950 5.12691e+06 5.66895e+06
1537516028489765 5.12993e+06 5.67201e+06
1537516028556406 5.13198e+06 5.674e+06
1537516028656486 5.13508e+06 5.67703e+06
1537516028756666 5.13814e+06 5.68006e+06
1537516028823392 5.14016e+06 5.68208e+06
1537516028923380 5.14318e+06 5.68515e+06
1537516029023391 5.14617e+06 5.68824e+06
1537516029123224 5.14916e+06 5.69132e+06
1537516029189918 5.15113e+06 5.69338e+06
1537516029289856 5.15398e+06 5.69638e+06
1537516029389705 5.15685e+06 5.69935e+06
1537516029456357 5.15881e+06 5.70137e+06
1537516029556191 5.16176e+06 5.70431e+06
1537516029656024 5.16469e+06 5.7072e+06
1537516029722790 5.16661e+06 5.70912e+06
1537516029822677 5.16944e+06 5.71201e+06
1537516029889190 5.17133e+06 5.71398e+06
1537516030022472 5.17523e+06 5.71805e+06
1537516030089128 5.17715e+06 5.72005e+06
1537516030189090 5.18003e+06 5.72299e+06
1537516030288962 5.18288e+06 5.72595e+06
1537516030355480 5.18474e+06 5.72793e+06
1537516030455318 5.18754e+06 5.73091e+06
1537516030555238 5.19031e+06 5.73388e+06
1537516030621816 5.19209e+06 5.73583e+06
1537516030721659 5.1947e+06 5.73875e+06
1537516030821594 5.19729e+06 5.74182e+06
1537516030921407 5.19984e+06 5.74499e+06
1537516030988008 5.2015e+06 5.74716e+06
1537516031087924 5.20398e+06 5.75043e+06
1537516031187785 5.2065e+06 5.75363e+06
1537516031287729 5.20903e+06 5.7568e+06
1537516031354410 5.21071e+06 5.75894e+06
1537516031454299 5.21322e+06 5.76211e+06
1537516031554320 5.21567e+06 5.7653e+06
1537516031620929 5.21725e+06 5.76744e+06
1537516031720711 5.21963e+06 5.77065e+06
1537516031820514 5.22205e+06 5.77392e+06
1537516031887092 5.22367e+06 5.77611e+06
1537516031986930 5.22609e+06 5.77932e+06
1537516032086894 5.22854e+06 5.78251e+06
1537516032186724 5.23102e+06 5.78566e+06
1537516032253309 5.23268e+06 5.78774e+06
1537516032353173 5.23514e+06 5.79086e+06
1537516032453081 5.23766e+06 5.79403e+06
1537516032552996 5.24022e+06 5.79727e+06
1537516032619666 5.24194e+06 5.79944e+06
1537516032719477 5.24453e+06 5.80265e+06
1537516032819445 5.24715e+06 5.80576e+06
1537516032885993 5.24891e+06 5.80782e+06
1537516032985949 5.25158e+06 5.81091e+06
1537516033085913 5.25438e+06 5.81399e+06
1537516033152480 5.2563e+06 5.81604e+06
1537516033252307 5.25917e+06 5.81897e+06
1537516033352236 5.26205e+06 5.82186e+06
1537516033418788 5.26399e+06 5.8238e+06
1537516033518630 5.26691e+06 5.82684e+06
1537516033618559 5.26984e+06 5.82994e+06
1537516033718483 5.27283e+06 5.83305e+06
1537516033785202 5.27484e+06 5.8351e+06
1537516033884991 5.27788e+06 5.83814e+06
1537516033984911 5.28098e+06 5.8412e+06
1537516034084841 5.284e+06 5.8442e+06
1537516034151357 5.28599e+06 5.84619e+06
1537516034251332 5.28896e+06 5.84914e+06
1537516034351292 5.29196e+06 5.85213e+06
1537516034417832 5.29398e+06 5.85414e+06
1537516034517617 5.29708e+06 5.85721e+06
1537516034617559 5.30013e+06 5.86029e+06
1537516034684110 5.30214e+06 5.86234e+06
1537516034783967 5.30519e+06 5.86545e+06
1537516034883888 5.30823e+06 5.86852e+06
1537516034983737 5.31128e+06 5.87158e+06
1537516035050285 5.31329e+06 5.87362e+06
1537516035150301 5.31626e+06 5.87669e+06
1537516035250205 5.31921e+06 5.87979e+06
1537516035316774 5.3212e+06 5.88189e+06
1537516035416864 5.32416e+06 5.885e+06
1537516035516650 5.32707e+06 5.88797e+06
1537516035583169 5.32902e+06 5.88994e+06
1537516035683086 5.33195e+06 5.89292e+06
1537516035782980 5.33492e+06 5.89596e+06
1537516035882823 5.33792e+06 5.89899e+06
1537516035949373 5.33991e+06 5.90098e+06
1537516036049209 5.34284e+06 5.9039e+06
1537516036149011 5.3458e+06 5.90687e+06
1537516036215783 5.34774e+06 5.90888e+06
1537516036315660 5.3506e+06 5.91186e+06
1537516036415588 5.35341e+06 5.91478e+06
1537516036515385 5.3562e+06 5.91764e+06
1537516036582029 5.35803e+06 5.91953e+06
1537516036681831 5.36076e+06 5.92238e+06
1537516036781751 5.36341e+06 5.92528e+06
1537516036848376 5.36509e+06 5.92719e+06
1537516036948194 5.36755e+06 5.93014e+06
1537516037048005 5.37001e+06 5.93316e+06
1537516037147972 5.37243e+06 5.93621e+06
1537516037214614 5.37399e+06 5.93827e+06
1537516037314482 5.3763e+06 5.94134e+06
1537516037414420 5.37859e+06 5.94442e+06
1537516037480996 5.38006e+06 5.94649e+06
1537516037580914 5.38223e+06 5.9496e+06
1537516037680752 5.38438e+06 5.95268e+06
1537516037747402 5.38583e+06 5.95475e+06
1537516037847231 5.388e+06 5.95788e+06
1537516037947041 5.39017e+06 5.96107e+06
1537516038047020 5.39241e+06 5.96432e+06
1537516038113682 5.39392e+06 5.96646e+06
1537516038213716 5.39622e+06 5.96957e+06
1537516038313613 5.39851e+06 5.97268e+06
1537516038380156 5.40009e+06 5.97473e+06
1537516038479979 5.40255e+06 5.97783e+06
1537516038579883 5.40501e+06 5.98087e+06
1537516038679967 5.40744e+06 5.98386e+06
1537516038746587 5.40906e+06 5.98582e+06
1537516038846338 5.4115e+06 5.98881e+06
1537516038946254 5.41395e+06 5.99182e+06
1537516039012886 5.41556e+06 5.99382e+06
1537516039112797 5.41807e+06 5.99678e+06
1537516039212602 5.42063e+06 5.99966e+06
1537516039312515 5.42329e+06 6.00255e+06
1537516039379055 5.42509e+06 6.00448e+06
1537516039478900 5.42784e+06 6.00736e+06
1537516039578809 5.43054e+06 6.01028e+06
1537516039645378 5.43233e+06 6.01223e+06
1537516039745288 5.43511e+06 6.01516e+06
1537516039845137 5.43788e+06 6.01802e+06
1537516039945091 5.44064e+06 6.02088e+06
1537516040011760 5.4425e+06 6.02279e+06
1537516040111572 5.44531e+06 6.02565e+06
1537516040211403 5.44813e+06 6.02854e+06
1537516040277966 5.45005e+06 6.03044e+06
1537516040378021 5.45297e+06 6.03324e+06
1537516040477829 5.4559e+06 6.03605e+06
1537516040577680 5.45887e+06 6.0389e+06
1537516040644336 5.46087e+06 6.04082e+06
1537516040744277 5.46381e+06 6.04373e+06
1537516040844116 5.46676e+06 6.04661e+06
1537516040910686 5.46873e+06 6.0485e+06
1537516041010711 5.47173e+06 6.05131e+06
1537516041110780 5.4748e+06 6.05415e+06
1537516041177270 5.47686e+06 6.05603e+06
1537516041277134 5.47985e+06 6.05888e+06
1537516041376992 5.48284e+06 6.06175e+06
1537516041476970 5.48588e+06 6.06464e+06
1537516041543586 5.48791e+06 6.06658e+06
1537516041643359 5.49091e+06 6.06947e+06
1537516041743321 5.49389e+06 6.07236e+06
1537516041809851 5.49581e+06 6.07427e+06
1537516041909651 5.49869e+06 6.07717e+06
1537516042009479 5.50165e+06 6.08007e+06
1537516042109380 5.5046e+06 6.08295e+06
1537516042175961 5.50655e+06 6.08487e+06
1537516042275986 5.50949e+06 6.08777e+06
1537516042375911 5.51237e+06 6.09072e+06
1537516042475781 5.51524e+06 6.09371e+06
1537516042542408 5.5172e+06 6.09572e+06
1537516042642210 5.52008e+06 6.0986e+06
1537516042742082 5.52297e+06 6.10148e+06
1537516042808694 5.52494e+06 6.10342e+06
1537516042908488 5.52789e+06 6.10632e+06
1537516043008281 5.53078e+06 6.10922e+06
1537516043074945 5.53272e+06 6.11115e+06
1537516043174857 5.53564e+06 6.11403e+06
1537516043274857 5.53855e+06 6.11693e+06
1537516043374747 5.5415e+06 6.1199e+06
1537516043441388 5.54346e+06 6.12188e+06
1537516043541267 5.54636e+06 6.12485e+06
1537516043641410 5.5493e+06 6.12779e+06
1537516043708065 5.55132e+06 6.12973e+06
1537516043808233 5.5544e+06 6.13257e+06
1537516043908208 5.55754e+06 6.13544e+06
1537516043974818 5.5596e+06 6.13732e+06
1537516044074770 5.56258e+06 6.14014e+06
1537516044174811 5.5656e+06 6.14309e+06
1537516044274720 5.56866e+06 6.14606e+06
1537516044341352 5.57069e+06 6.14803e+06
1537516044441149 5.57373e+06 6.15098e+06
1537516044540959 5.57676e+06 6.15394e+06
1537516044607512 5.57875e+06 6.15591e+06
1537516044707360 5.58178e+06 6.15889e+06
1537516044807193 5.5848e+06 6.16183e+06
1537516044907089 5.58776e+06 6.16473e+06
1537516044973772 5.58973e+06 6.16667e+06
1537516045073662 5.59268e+06 6.16966e+06
1537516045173614 5.59555e+06 6.17267e+06
1537516045240278 5.59748e+06 6.1747e+06
1537516045340173 5.60039e+06 6.1777e+06
1537516045440160 5.6033e+06 6.18064e+06
1537516045539921 5.60625e+06 6.18359e+06
1537516045606593 5.60823e+06 6.18557e+06
1537516045706481 5.61113e+06 6.18854e+06
1537516045806294 5.61399e+06 6.19152e+06
1537516045872830 5.61593e+06 6.19355e+06
1537516045972784 5.61886e+06 6.19662e+06
1537516046072612 5.62181e+06 6.19971e+06
1537516046172456 5.62473e+06 6.20277e+06
1537516046239128 5.62666e+06 6.2048e+06
1537516046339085 5.62958e+06 6.20786e+06
1537516046438902 5.63256e+06 6.21089e+06
1537516046505681 5.63457e+06 6.21287e+06
1537516046605471 5.63754e+06 6.21578e+06
1537516046705406 5.64052e+06 6.2187e+06
1537516046805320 5.64346e+06 6.22167e+06
1537516046871868 5.64542e+06 6.22369e+06
1537516046971695 5.64839e+06 6.22675e+06
1537516047071540 5.65134e+06 6.22972e+06
1537516047171489 5.65427e+06 6.2327e+06
1537516047238252 5.65626e+06 6.23471e+06
1537516047338021 5.65922e+06 6.23774e+06
1537516047437928 5.66213e+06 6.24079e+06
1537516047504463 5.66407e+06 6.24281e+06
1537516047604404 5.66698e+06 6.24587e+06
1537516047704248 5.66987e+06 6.24897e+06
1537516047770933 5.67181e+06 6.25109e+06
1537516047870838 5.67466e+06 6.25425e+06
1537516047970732 5.67744e+06 6.25743e+06
1537516048070602 5.68024e+06 6.26055e+06
1537516048137164 5.68213e+06 6.26262e+06
1537516048237058 5.68496e+06 6.26572e+06
1537516048336989 5.68776e+06 6.26882e+06
1537516048403523 5.6896e+06 6.27088e+06
1537516048503353 5.69231e+06 6.27402e+06
1537516048603292 5.695e+06 6.27719e+06
1537516048669867 5.6968e+06 6.27931e+06
1537516048769721 5.6995e+06 6.2825e+06
1537516048869577 5.70211e+06 6.2857e+06
1537516048936146 5.70384e+06 6.28782e+06
1537516049036098 5.70641e+06 6.29109e+06
1537516049135944 5.70886e+06 6.29432e+06
1537516049235991 5.71124e+06 6.29755e+06
1537516049335815 5.71358e+06 6.3008e+06
1537516049402392 5.71513e+06 6.30301e+06
1537516049502307 5.71743e+06 6.30638e+06
1537516049602248 5.71969e+06 6.30972e+06
1537516049668783 5.72119e+06 6.31186e+06
1537516049768798 5.72341e+06 6.31503e+06
1537516049868710 5.72561e+06 6.31817e+06
1537516049968631 5.72788e+06 6.32131e+06
1537516050035255 5.72944e+06 6.3234e+06
1537516050135354 5.73187e+06 6.3264e+06
1537516050235183 5.73437e+06 6.32936e+06
1537516050301702 5.73608e+06 6.33132e+06
1537516050401592 5.73875e+06 6.33426e+06
1537516050501461 5.74138e+06 6.33713e+06
1537516050601316 5.74399e+06 6.34e+06
1537516050667973 5.74576e+06 6.34189e+06
1537516050767729 5.74843e+06 6.34467e+06
1537516050867558 5.75112e+06 6.34745e+06
1537516050934201 5.75293e+06 6.34932e+06
1537516051034111 5.75563e+06 6.35213e+06
1537516051133903 5.7583e+06 6.35496e+06
1537516051200453 5.76009e+06 6.35688e+06
1537516051300276 5.76283e+06 6.35975e+06
1537516051400108 5.76558e+06 6.3626e+06
1537516051499922 5.76834e+06 6.36543e+06
1537516051566601 5.77021e+06 6.36731e+06
1537516051666436 5.77308e+06 6.37012e+06
1537516051766307 5.77593e+06 6.37293e+06
1537516051832976 5.77788e+06 6.37478e+06
1537516051932844 5.78084e+06 6.37756e+06
1537516052032704 5.78377e+06 6.38035e+06
1537516052099393 5.78573e+06 6.38226e+06
1537516052199245 5.78866e+06 6.38513e+06
1537516052299093 5.79149e+06 6.38798e+06
1537516052365764 5.79338e+06 6.38986e+06
1537516052465699 5.79625e+06 6.39263e+06
1537516052565716 5.79916e+06 6.39541e+06
1537516052665524 5.80204e+06 6.39818e+06
1537516052732149 5.80395e+06 6.40003e+06
1537516052831976 5.80671e+06 6.40283e+06
1537516052931905 5.80946e+06 6.40569e+06
1537516053031721 5.81228e+06 6.40857e+06
1537516053098379 5.81419e+06 6.4105e+06
1537516053198211 5.81702e+06 6.4134e+06
1537516053298233 5.81986e+06 6.41632e+06
1537516053398049 5.82264e+06 6.41926e+06
1537516053464582 5.82446e+06 6.42124e+06
1537516053564551 5.82718e+06 6.4242e+06
1537516053664389 5.82991e+06 6.42709e+06
1537516053730964 5.83166e+06 6.42902e+06
1537516053830818 5.83426e+06 6.432e+06
1537516053930670 5.83688e+06 6.43508e+06
1537516053997231 5.83862e+06 6.43719e+06
1537516054097108 5.84114e+06 6.44038e+06
1537516054196972 5.84367e+06 6.44352e+06
1537516054296960 5.84621e+06 6.44667e+06
1537516054363528 5.84788e+06 6.44879e+06
1537516054463587 5.85037e+06 6.45195e+06
1537516054563398 5.85281e+06 6.4551e+06
1537516054629956 5.85439e+06 6.45717e+06
1537516054729815 5.85675e+06 6.46034e+06
1537516054829836 5.85908e+06 6.4636e+06
1537516054929736 5.86141e+06 6.4669e+06
1537516054996395 5.86297e+06 6.46908e+06
1537516055096175 5.86527e+06 6.47231e+06
1537516055196106 5.8676e+06 6.47549e+06
1537516055262641 5.86916e+06 6.47758e+06
1537516055362498 5.87148e+06 6.48068e+06
1537516055462450 5.87376e+06 6.48372e+06
1537516055561300 5.87604e+06 6.48673e+06
1537516055627948 5.87763e+06 6.48877e+06
1537516055727771 5.88004e+06 6.4918e+06
1537516055827584 5.88245e+06 6.49476e+06
1537516055893659 5.88409e+06 6.49669e+06
1537516055993671 5.8866e+06 6.49958e+06
1537516056093492 5.88913e+06 6.50244e+06
1537516056193328 5.89172e+06 6.50524e+06
1537516056259919 5.89348e+06 6.50708e+06
1537516056359858 5.89615e+06 6.50978e+06
1537516056426394 5.89794e+06 6.51159e+06
1537516056526350 5.90065e+06 6.51432e+06
1537516056626194 5.90342e+06 6.51712e+06
1537516056726128 5.90612e+06 6.51997e+06
1537516056792711 5.90791e+06 6.52187e+06
1537516056892526 5.91065e+06 6.52466e+06
1537516056992406 5.91346e+06 6.52746e+06
1537516057092377 5.91631e+06 6.53026e+06
1537516057192276 5.91918e+06 6.53306e+06
1537516057258936 5.92104e+06 6.53492e+06
1537516057358863 5.92378e+06 6.53773e+06
1537516057458676 5.9266e+06 6.54052e+06
1537516057525352 5.9285e+06 6.54241e+06
1537516057625334 5.9313e+06 6.54525e+06
1537516057725225 5.93413e+06 6.54806e+06
1537516057791841 5.93601e+06 6.54993e+06
1537516057891726 5.93882e+06 6.55281e+06
1537516057991518 5.94168e+06 6.55565e+06
1537516058091362 5.94457e+06 6.55846e+06
1537516058157992 5.94648e+06 6.56035e+06
1537516058257863 5.94935e+06 6.56321e+06
1537516058357734 5.95226e+06 6.56612e+06
1537516058424402 5.95418e+06 6.56812e+06
1537516058524274 5.95704e+06 6.57111e+06
1537516058590894 5.95896e+06 6.57304e+06
1537516058690825 5.96181e+06 6.57589e+06
1537516058790768 5.96466e+06 6.57873e+06
1537516058890784 5.96757e+06 6.58155e+06
1537516058990808 5.97043e+06 6.58438e+06
1537516059057370 5.9723e+06 6.58626e+06
1537516059157500 5.97517e+06 6.58906e+06
1537516059257364 5.97814e+06 6.59197e+06
1537516059324012 5.98014e+06 6.59396e+06
1537516059423777 5.98313e+06 6.59693e+06
1537516059523603 5.9861e+06 6.59988e+06
1537516059623533 5.989e+06 6.60282e+06
1537516059690198 5.99095e+06 6.60473e+06
1537516059790084 5.99389e+06 6.60757e+06
1537516059889971 5.99677e+06 6.61039e+06
1537516059956498 5.9987e+06 6.61228e+06
1537516060056493 6.00158e+06 6.61514e+06
1537516060156268 6.0044e+06 6.61808e+06
1537516060222837 6.00626e+06 6.62003e+06
1537516060322669 6.00918e+06 6.62299e+06
1537516060422552 6.01209e+06 6.62592e+06
1537516060522429 6.01501e+06 6.62887e+06
1537516060589035 6.01698e+06 6.63083e+06
1537516060689026 6.01994e+06 6.63384e+06
1537516060789057 6.02286e+06 6.63682e+06
1537516060888916 6.0258e+06 6.63973e+06
1537516060955478 6.02775e+06 6.64169e+06
1537516061055297 6.03068e+06 6.64467e+06
1537516061155165 6.03364e+06 6.64768e+06
1537516061255023 6.0365e+06 6.65068e+06
1537516061321625 6.03838e+06 6.65264e+06
1537516061421586 6.04125e+06 6.65554e+06
1537516061521447 6.0442e+06 6.65846e+06
1537516061588094 6.04617e+06 6.66042e+06
1537516061688081 6.04915e+06 6.66336e+06
1537516061787955 6.05208e+06 6.66635e+06
1537516061854595 6.05401e+06 6.66837e+06
1537516061954452 6.05697e+06 6.67144e+06
1537516062054374 6.05999e+06 6.67456e+06
1537516062120918 6.06198e+06 6.67664e+06
1537516062220755 6.06498e+06 6.67974e+06
1537516062320613 6.06798e+06 6.68283e+06
1537516062420672 6.07096e+06 6.68594e+06
1537516062487288 6.07298e+06 6.68795e+06
1537516062587270 6.07603e+06 6.69093e+06
1537516062687033 6.079e+06 6.69385e+06
1537516062753705 6.081e+06 6.69581e+06
1537516062853655 6.08399e+06 6.69877e+06
1537516062953436 6.0869e+06 6.70173e+06
1537516063020052 6.08884e+06 6.70362e+06
1537516063119954 6.09184e+06 6.70646e+06
1537516063219931 6.09486e+06 6.70929e+06
1537516063319802 6.09792e+06 6.71211e+06
1537516063386404 6.09997e+06 6.714e+06
1537516063486243 6.10297e+06 6.71686e+06
1537516063586066 6.10595e+06 6.7197e+06
1537516063686123 6.10899e+06 6.72257e+06
1537516063752785 6.11101e+06 6.72452e+06
1537516063852530 6.11399e+06 6.72741e+06
1537516063952381 6.11695e+06 6.73023e+06
1537516064019014 6.11886e+06 6.73212e+06
1537516064118780 6.12177e+06 6.73494e+06
1537516064218561 6.1248e+06 6.73775e+06
1537516064318430 6.12779e+06 6.74054e+06
1537516064384992 6.12976e+06 6.74242e+06
1537516064484887 6.13272e+06 6.74529e+06
1537516064584815 6.13563e+06 6.74825e+06
1537516064651444 6.13755e+06 6.75027e+06
1537516064751277 6.14041e+06 6.75323e+06
1537516064851222 6.14324e+06 6.75617e+06
1537516064951172 6.14605e+06 6.75914e+06
1537516065017704 6.14793e+06 6.76112e+06
1537516065117617 6.1507e+06 6.76409e+06
1537516065217432 6.15338e+06 6.76707e+06
1537516065284029 6.15514e+06 6.76902e+06
1537516065383875 6.15777e+06 6.77196e+06
1537516065483825 6.16033e+06 6.77504e+06
1537516065583758 6.16288e+06 6.77815e+06
1537516065650419 6.16456e+06 6.78022e+06
1537516065750422 6.16699e+06 6.78332e+06
1537516065850342 6.16935e+06 6.78634e+06
1537516065916869 6.17094e+06 6.78838e+06
1537516066016674 6.17329e+06 6.79139e+06
1537516066116560 6.17561e+06 6.79442e+06
1537516066216572 6.1779e+06 6.79754e+06
1537516066283097 6.17943e+06 6.79965e+06
1537516066382930 6.18173e+06 6.80285e+06
1537516066482867 6.18396e+06 6.80602e+06
1537516066549518 6.18543e+06 6.8081e+06
1537516066649410 6.18764e+06 6.81119e+06
1537516066749294 6.18993e+06 6.81428e+06
1537516066849071 6.19224e+06 6.81732e+06
1537516066915840 6.1938e+06 6.81932e+06
1537516067015703 6.19613e+06 6.82228e+06
1537516067115720 6.19848e+06 6.82529e+06
1537516067182641 6.20004e+06 6.82734e+06
1537516067282136 6.20245e+06 6.83049e+06
1537516067381942 6.20494e+06 6.83365e+06
1537516067482002 6.20752e+06 6.83674e+06
1537516067548532 6.20924e+06 6.83878e+06
1537516067648540 6.21186e+06 6.84184e+06
1537516067748589 6.21452e+06 6.84483e+06
1537516067815104 6.21626e+06 6.8468e+06
1537516067914957 6.21884e+06 6.84976e+06
1537516068014938 6.22151e+06 6.85271e+06
1537516068081427 6.2233e+06 6.85469e+06
1537516068181314 6.22601e+06 6.85774e+06
1537516068281088 6.22874e+06 6.86076e+06
1537516068381088 6.2315e+06 6.86378e+06
1537516068447602 6.23334e+06 6.86578e+06
1537516068547467 6.23618e+06 6.86871e+06
1537516068647418 6.23914e+06 6.87163e+06
1537516068713932 6.24117e+06 6.8736e+06
1537516068813777 6.24421e+06 6.87653e+06
1537516068913581 6.24726e+06 6.87956e+06
1537516069013473 6.25027e+06 6.88268e+06
1537516069080121 6.25227e+06 6.88478e+06
1537516069179939 6.25528e+06 6.88793e+06
1537516069279989 6.25822e+06 6.89103e+06
1537516069346508 6.26015e+06 6.89307e+06
1537516069446519 6.26312e+06 6.89618e+06
1537516069546478 6.26606e+06 6.89928e+06
1537516069646236 6.26898e+06 6.90234e+06
1537516069712745 6.27096e+06 6.90438e+06
1537516069812665 6.27387e+06 6.90743e+06
1537516069913067 6.27678e+06 6.91054e+06
1537516069980124 6.27876e+06 6.91268e+06
1537516070080727 6.28166e+06 6.91588e+06
1537516070180580 6.28448e+06 6.91896e+06
1537516070280323 6.28731e+06 6.92201e+06
1537516070346983 6.28922e+06 6.92405e+06
1537516070446952 6.29207e+06 6.92707e+06
1537516070546747 6.29495e+06 6.93008e+06
1537516070613384 6.29686e+06 6.93203e+06
1537516070713287 6.29972e+06 6.9349e+06
1537516070813158 6.30268e+06 6.93777e+06
1537516070913070 6.30569e+06 6.94063e+06
1537516070979779 6.3077e+06 6.94249e+06
1537516071079708 6.31072e+06 6.94528e+06
1537516071179538 6.31375e+06 6.94801e+06
1537516071246067 6.31577e+06 6.94978e+06
1537516071345914 6.31887e+06 6.95239e+06
1537516071445909 6.32202e+06 6.95492e+06
1537516071512512 6.32413e+06 6.95656e+06
1537516071612399 6.3273e+06 6.95899e+06
1537516071712323 6.33048e+06 6.96139e+06
1537516071812283 6.33359e+06 6.96375e+06
1537516071878860 6.3357e+06 6.96527e+06
1537516071978698 6.33883e+06 6.96743e+06
1537516072078438 6.34192e+06 6.96956e+06
1537516072145181 6.34403e+06 6.97098e+06
1537516072245026 6.34714e+06 6.97302e+06
1537516072345018 6.3502e+06 6.97504e+06
1537516072444785 6.35326e+06 6.97702e+06
1537516072511322 6.35528e+06 6.97834e+06
1537516072611397 6.35832e+06 6.98031e+06
1537516072711256 6.36133e+06 6.98223e+06
1537516072777932 6.36328e+06 6.98348e+06
1537516072877840 6.36615e+06 6.98536e+06
1537516072977551 6.36904e+06 6.98722e+06
1537516073044095 6.37095e+06 6.98845e+06
1537516073143887 6.37378e+06 6.99026e+06
1537516073243732 6.37654e+06 6.99206e+06
1537516073343577 6.37916e+06 6.99385e+06
1537516073410152 6.38084e+06 6.99505e+06
1537516073510094 6.38319e+06 6.99685e+06
1537516073610134 6.38547e+06 6.99867e+06
1537516073676857 6.38689e+06 6.99993e+06
1537516073776908 6.38892e+06 7.00185e+06
1537516073876915 6.39081e+06 7.00383e+06
1537516073943603 6.39203e+06 7.00518e+06
1537516074043639 6.3938e+06 7.00719e+06
1537516074143669 6.39551e+06 7.00922e+06
1537516074243723 6.39712e+06 7.01128e+06
1537516074310292 6.39818e+06 7.01268e+06
1537516074410223 6.39973e+06 7.01481e+06
1537516074510212 6.40131e+06 7.01702e+06
1537516074576725 6.40235e+06 7.01851e+06
1537516074676604 6.40393e+06 7.0208e+06
1537516074776403 6.40548e+06 7.02305e+06
1537516074842983 6.40656e+06 7.0246e+06
1537516074942960 6.4083e+06 7.027e+06
1537516075042878 6.41012e+06 7.02938e+06
1537516075142694 6.41203e+06 7.03171e+06
1537516075209267 6.41335e+06 7.03329e+06
1537516075309216 6.41542e+06 7.03564e+06
1537516075409029 6.41767e+06 7.03804e+06
1537516075508950 6.4201e+06 7.04042e+06
1537516075575515 6.42176e+06 7.04199e+06
1537516075675335 6.42436e+06 7.04432e+06
1537516075775288 6.4272e+06 7.04662e+06
1537516075875133 6.43013e+06 7.0489e+06
1537516075941721 6.43217e+06 7.05046e+06
1537516076041697 6.4353e+06 7.05284e+06
1537516076141628 6.43848e+06 7.05529e+06
1537516076208184 6.44059e+06 7.05695e+06
1537516076308185 6.44376e+06 7.05954e+06
1537516076408241 6.44685e+06 7.06216e+06
1537516076474750 6.4489e+06 7.06389e+06
1537516076574685 6.452e+06 7.0665e+06
1537516076674449 6.45505e+06 7.06914e+06
1537516076740977 6.45706e+06 7.07092e+06
1537516076840811 6.46006e+06 7.07362e+06
1537516076940748 6.46292e+06 7.07639e+06
1537516077040573 6.46569e+06 7.07915e+06
1537516077140384 6.46852e+06 7.08193e+06
1537516077206990 6.47042e+06 7.08383e+06
1537516077306843 6.47331e+06 7.08672e+06
1537516077406921 6.47622e+06 7.08961e+06
1537516077473564 6.47814e+06 7.09152e+06
1537516077573568 6.48099e+06 7.09438e+06
1537516077673425 6.48391e+06 7.09718e+06
1537516077740067 6.4859e+06 7.09906e+06
1537516077840055 6.48889e+06 7.1019e+06
1537516077939802 6.49191e+06 7.10477e+06
1537516078039747 6.49488e+06 7.1077e+06
1537516078106276 6.49687e+06 7.10969e+06
1537516078206251 6.49988e+06 7.11268e+06
1537516078306223 6.50292e+06 7.11562e+06
1537516078372711 6.50494e+06 7.11756e+06
1537516078472506 6.50798e+06 7.12047e+06
1537516078572485 6.51104e+06 7.12337e+06
1537516078672287 6.51404e+06 7.12626e+06
1537516078738900 6.51605e+06 7.12815e+06
1537516078838699 6.51907e+06 7.13091e+06
1537516078938504 6.52211e+06 7.13368e+06
1537516079005188 6.5242e+06 7.13554e+06
1537516079105005 6.52734e+06 7.13828e+06
1537516079204941 6.53048e+06 7.14095e+06
1537516079271674 6.53264e+06 7.14271e+06
1537516079371559 6.53596e+06 7.14527e+06
1537516079471338 6.53935e+06 7.14777e+06
1537516079571151 6.54274e+06 7.15027e+06
1537516079637800 6.54496e+06 7.15194e+06
1537516079737713 6.54817e+06 7.15444e+06
1537516079837530 6.55133e+06 7.157e+06
1537516079937569 6.55449e+06 7.15968e+06
1537516080004099 6.55657e+06 7.16146e+06
1537516080104060 6.55962e+06 7.16408e+06
1537516080203887 6.5626e+06 7.16669e+06
1537516080270469 6.5646e+06 7.16843e+06
1537516080370410 6.56761e+06 7.17106e+06
1537516080470324 6.57061e+06 7.17372e+06
1537516080570112 6.57357e+06 7.17638e+06
1537516080636703 6.57552e+06 7.17812e+06
1537516080736608 6.57839e+06 7.18072e+06
1537516080836715 6.58134e+06 7.18334e+06
1537516080903326 6.58333e+06 7.18508e+06
1537516081003221 6.58633e+06 7.18762e+06
1537516081102994 6.58937e+06 7.1901e+06
1537516081169636 6.59143e+06 7.19175e+06
1537516081269441 6.59449e+06 7.19422e+06
1537516081369429 6.59755e+06 7.19668e+06
1537516081469291 6.60058e+06 7.19916e+06
1537516081535851 6.60256e+06 7.20082e+06
1537516081635746 6.60554e+06 7.20332e+06
1537516081735834 6.60851e+06 7.20581e+06
1537516081802430 6.61043e+06 7.20746e+06
1537516081902220 6.61324e+06 7.20983e+06
1537516082002128 6.61609e+06 7.21213e+06
1537516082102135 6.61887e+06 7.2144e+06
1537516082168733 6.6207e+06 7.21592e+06
1537516082268590 6.62342e+06 7.21823e+06
1537516082368435 6.62599e+06 7.22056e+06
1537516082434975 6.62765e+06 7.22212e+06
1537516082534744 6.63012e+06 7.22453e+06
1537516082634760 6.6326e+06 7.22703e+06
1537516082701362 6.63426e+06 7.22872e+06
1537516082801287 6.63672e+06 7.23131e+06
1537516082901087 6.63917e+06 7.23391e+06
1537516083000998 6.64161e+06 7.2365e+06
1537516083067631 6.64323e+06 7.23824e+06
1537516083167415 6.64573e+06 7.24085e+06
1537516083267314 6.64831e+06 7.24338e+06
1537516083333966 6.65004e+06 7.24504e+06
1537516083433851 6.65261e+06 7.2475e+06
1537516083533843 6.65521e+06 7.25005e+06
1537516083633605 6.65777e+06 7.25263e+06
1537516083700143 6.65944e+06 7.25436e+06
1537516083799962 6.66189e+06 7.25695e+06
1537516083899883 6.66433e+06 7.2595e+06
1537516083966428 6.66594e+06 7.26119e+06
1537516084066270 6.6684e+06 7.26376e+06
1537516084166103 6.67088e+06 7.26636e+06
1537516084232700 6.67256e+06 7.2681e+06
1537516084332548 6.67508e+06 7.27078e+06
1537516084432548 6.67761e+06 7.27355e+06
1537516084499106 6.67936e+06 7.27543e+06
1537516084599063 6.68204e+06 7.27825e+06
1537516084698989 6.68472e+06 7.28108e+06
1537516084798919 6.68743e+06 7.28394e+06
1537516084865458 6.68926e+06 7.28585e+06
1537516084965405 6.69196e+06 7.28874e+06
1537516085065418 6.69465e+06 7.29161e+06
1537516085132052 6.69646e+06 7.29352e+06
1537516085231997 6.69924e+06 7.29636e+06
1537516085331773 6.70208e+06 7.29934e+06
1537516085431568 6.70499e+06 7.30236e+06
1537516085498224 6.70696e+06 7.3044e+06
1537516085598040 6.7099e+06 7.30742e+06
1537516085698056 6.71291e+06 7.31041e+06
1537516085764582 6.71495e+06 7.31238e+06
1537516085864408 6.71801e+06 7.31536e+06
1537516085964334 6.72111e+06 7.31834e+06
1537516086064342 6.72418e+06 7.32136e+06
1537516086130960 6.72622e+06 7.3234e+06
1537516086230952 6.72934e+06 7.32651e+06
1537516086330793 6.73247e+06 7.32961e+06
1537516086397269 6.73451e+06 7.33167e+06
1537516086497072 6.7376e+06 7.33476e+06
1537516086596977 6.74066e+06 7.3379e+06
1537516086696765 6.74369e+06 7.34102e+06
1537516086763429 6.74571e+06 7.34304e+06
1537516086863355 6.74872e+06 7.34606e+06
1537516086963184 6.7517e+06 7.34908e+06
1537516087029827 6.7537e+06 7.3511e+06
1537516087129746 6.75669e+06 7.35418e+06
1537516087229653 6.75964e+06 7.35726e+06
1537516087329463 6.76263e+06 7.36022e+06
1537516087396121 6.76463e+06 7.36218e+06
1537516087496043 6.76763e+06 7.36517e+06
1537516087595937 6.77068e+06 7.36817e+06
1537516087662582 6.77267e+06 7.37019e+06
1537516087762526 6.77553e+06 7.37318e+06
1537516087862431 6.77843e+06 7.37614e+06
1537516087962313 6.78133e+06 7.37909e+06
1537516088028864 6.78326e+06 7.38108e+06
1537516088128872 6.78616e+06 7.38398e+06
1537516088228807 6.78906e+06 7.38686e+06
1537516088295307 6.79096e+06 7.38878e+06
1537516088395265 6.79385e+06 7.39156e+06
1537516088495201 6.79678e+06 7.39427e+06
1537516088561813 6.79872e+06 7.39606e+06
1537516088661861 6.80164e+06 7.39878e+06
1537516088761997 6.80455e+06 7.40155e+06
1537516088862118 6.80739e+06 7.40444e+06
1537516088928730 6.80929e+06 7.40639e+06
1537516089028620 6.81216e+06 7.40921e+06
1537516089128600 6.81502e+06 7.41195e+06
1537516089228456 6.81788e+06 7.41466e+06
1537516089295254 6.81984e+06 7.41647e+06
1537516089395056 6.82271e+06 7.41917e+06
1537516089494925 6.82554e+06 7.42187e+06
1537516089561581 6.82743e+06 7.42366e+06
1537516089661437 6.83026e+06 7.42636e+06
1537516089761287 6.83308e+06 7.42913e+06
1537516089861129 6.83587e+06 7.43187e+06
1537516089927808 6.83769e+06 7.43369e+06
1537516090027631 6.84029e+06 7.43642e+06
1537516090127636 6.84281e+06 7.4392e+06
1537516090194308 6.84442e+06 7.44101e+06
1537516090294080 6.8467e+06 7.4437e+06
1537516090393913 6.8488e+06 7.44646e+06
1537516090493736 6.8508e+06 7.44925e+06
1537516090560425 6.8521e+06 7.45116e+06
1537516090660261 6.85386e+06 7.45404e+06
1537516090760102 6.85549e+06 7.45686e+06
1537516090826766 6.85652e+06 7.45869e+06
1537516090926611 6.85796e+06 7.46137e+06
1537516091026543 6.85934e+06 7.46401e+06
1537516091093207 6.86021e+06 7.46573e+06
1537516091193001 6.86145e+06 7.46834e+06
1537516091293054 6.86259e+06 7.47096e+06
1537516091359586 6.86332e+06 7.4727e+06
1537516091459513 6.86439e+06 7.47525e+06
1537516091526053 6.86511e+06 7.47689e+06
1537516091659421 6.86654e+06 7.4801e+06
1537516091726038 6.86726e+06 7.48166e+06
1537516091825914 6.86831e+06 7.4839e+06
1537516091925742 6.86933e+06 7.4861e+06
1537516092025526 6.87033e+06 7.48826e+06
1537516092092154 6.87096e+06 7.48967e+06
1537516092192059 6.87187e+06 7.49174e+06
1537516092291852 6.87274e+06 7.4938e+06
1537516092358610 6.8733e+06 7.49516e+06
1537516092458395 6.8741e+06 7.49716e+06
1537516092558362 6.87487e+06 7.49913e+06
1537516092658231 6.8756e+06 7.5011e+06
1537516092724872 6.8761e+06 7.50242e+06
1537516092824731 6.87679e+06 7.50438e+06
1537516092924628 6.87742e+06 7.50629e+06
1537516092991150 6.87783e+06 7.50756e+06
1537516093091055 6.87837e+06 7.50947e+06
1537516093190951 6.87889e+06 7.5114e+06
1537516093290848 6.87941e+06 7.51332e+06
1537516093357379 6.87978e+06 7.51461e+06
1537516093457367 6.88043e+06 7.51654e+06
1537516093557330 6.88119e+06 7.51849e+06
1537516093623862 6.8818e+06 7.51979e+06
1537516093723728 6.88282e+06 7.5217e+06
1537516093823559 6.88399e+06 7.52355e+06
1537516093890094 6.88483e+06 7.52475e+06
1537516093990039 6.88618e+06 7.52658e+06
1537516094090057 6.88753e+06 7.52844e+06
1537516094189924 6.8889e+06 7.53033e+06
1537516094256438 6.8898e+06 7.53158e+06
1537516094356345 6.8912e+06 7.53346e+06
1537516094456229 6.89269e+06 7.53528e+06
1537516094522783 6.89372e+06 7.53644e+06
1537516094622676 6.89535e+06 7.53804e+06
1537516094722529 6.89706e+06 7.53949e+06
1537516094822379 6.89884e+06 7.54083e+06
1537516094889070 6.90005e+06 7.54167e+06
1537516094989106 6.90185e+06 7.5429e+06
1537516095055614 6.90298e+06 7.5437e+06
1537516095155452 6.9046e+06 7.54487e+06
1537516095255295 6.90614e+06 7.546e+06
1537516095355228 6.90762e+06 7.5471e+06
1537516095455175 6.9091e+06 7.54822e+06
1537516095521812 6.9101e+06 7.54899e+06
1537516095621733 6.91175e+06 7.55028e+06
1537516095721539 6.91355e+06 7.55166e+06
1537516095821406 6.91556e+06 7.55319e+06
1537516095887957 6.91699e+06 7.55427e+06
1537516095987886 6.91924e+06 7.55598e+06
1537516096087779 6.92158e+06 7.55784e+06
1537516096154455 6.92322e+06 7.55921e+06
1537516096254328 6.92573e+06 7.56133e+06
1537516096354246 6.92832e+06 7.56351e+06
1537516096420876 6.93006e+06 7.56499e+06
1537516096520877 6.93274e+06 7.56728e+06
1537516096620721 6.93545e+06 7.56958e+06
1537516096720600 6.93815e+06 7.57194e+06
1537516096787112 6.93995e+06 7.57354e+06
1537516096887069 6.94264e+06 7.57605e+06
1537516096987005 6.94529e+06 7.57864e+06
1537516097053520 6.94704e+06 7.58042e+06
1537516097153290 6.94972e+06 7.58319e+06
1537516097253124 6.9524e+06 7.58597e+06
1537516097353047 6.95506e+06 7.5887e+06
1537516097419812 6.95688e+06 7.5905e+06
1537516097519605 6.95967e+06 7.59322e+06
1537516097586207 6.96156e+06 7.59504e+06
1537516097719372 6.96542e+06 7.59875e+06
1537516097785940 6.96738e+06 7.60064e+06
1537516097885846 6.97029e+06 7.60357e+06
1537516097985679 6.97322e+06 7.60656e+06
1537516098052222 6.97519e+06 7.60857e+06
1537516098152096 6.97805e+06 7.6116e+06
1537516098252058 6.98082e+06 7.61459e+06
1537516098318637 6.98264e+06 7.61655e+06
1537516098418606 6.98544e+06 7.61947e+06
1537516098518509 6.98825e+06 7.62235e+06
1537516098618291 6.99112e+06 7.62526e+06
1537516098684877 6.99307e+06 7.62724e+06
1537516098784915 6.99605e+06 7.63026e+06
1537516098884943 6.99907e+06 7.63339e+06
1537516098951558 7.00109e+06 7.63548e+06
1537516099051458 7.00405e+06 7.63852e+06
1537516099151327 7.00704e+06 7.64151e+06
1537516099217861 7.00906e+06 7.6435e+06
1537516099317670 7.0121e+06 7.64645e+06
1537516099417596 7.01514e+06 7.64944e+06
1537516099517479 7.01813e+06 7.65241e+06
1537516099584035 7.0201e+06 7.65441e+06
1537516099683940 7.02308e+06 7.65746e+06
1537516099783895 7.02609e+06 7.66056e+06
1537516099883692 7.0291e+06 7.66362e+06
1537516099950260 7.03114e+06 7.66564e+06
1537516100016810 7.03322e+06 7.66764e+06
1537516100150030 7.03744e+06 7.67155e+06
1537516100216583 7.03958e+06 7.67349e+06
1537516100316445 7.04278e+06 7.67642e+06
1537516100383102 7.04492e+06 7.6784e+06
1537516100483130 7.04814e+06 7.68141e+06
1537516100583097 7.05135e+06 7.68442e+06
1537516100682868 7.05447e+06 7.68734e+06
1537516100782759 7.05762e+06 7.69024e+06
1537516100849403 7.05975e+06 7.69218e+06
1537516100949285 7.06298e+06 7.69512e+06
1537516101049115 7.06622e+06 7.69805e+06
1537516101115717 7.06836e+06 7.70001e+06
1537516101215512 7.07152e+06 7.70286e+06
1537516101315408 7.07474e+06 7.70574e+06
1537516101382072 7.0769e+06 7.70772e+06
1537516101481853 7.0801e+06 7.71072e+06
1537516101581713 7.08328e+06 7.71374e+06
1537516101648365 7.08536e+06 7.7158e+06
1537516101748280 7.08845e+06 7.71888e+06
1537516101848085 7.09159e+06 7.72193e+06
1537516101948072 7.09468e+06 7.72505e+06
1537516102014606 7.09675e+06 7.72716e+06
1537516102114434 7.09983e+06 7.73036e+06
1537516102214478 7.10284e+06 7.73365e+06
1537516102281150 7.10482e+06 7.73582e+06
1537516102381021 7.10791e+06 7.73909e+06
1537516102480820 7.11096e+06 7.74231e+06
1537516102580643 7.11403e+06 7.74552e+06
1537516102647222 7.11608e+06 7.74768e+06
1537516102747077 7.11917e+06 7.7509e+06
1537516102847014 7.1223e+06 7.75409e+06
1537516102947006 7.1255e+06 7.75733e+06
1537516103013869 7.12764e+06 7.75953e+06
1537516103113363 7.13086e+06 7.76281e+06
1537516103213191 7.13402e+06 7.76611e+06
1537516103279742 7.1361e+06 7.76829e+06
1537516103379624 7.13928e+06 7.77149e+06
1537516103479589 7.14247e+06 7.77466e+06
1537516103579428 7.14565e+06 7.77779e+06
1537516103646288 7.14777e+06 7.77988e+06
1537516103746534 7.1508e+06 7.78301e+06
1537516103846557 7.15378e+06 7.78611e+06
1537516103946681 7.15683e+06 7.78927e+06
1537516104013341 7.15887e+06 7.79138e+06
1537516104113183 7.16194e+06 7.79453e+06
1537516104213157 7.16508e+06 7.79771e+06
1537516104279831 7.16717e+06 7.79982e+06
1537516104379825 7.17033e+06 7.80292e+06
1537516104479724 7.17352e+06 7.80601e+06
1537516104546262 7.17559e+06 7.80806e+06
1537516104646168 7.17869e+06 7.81112e+06
1537516104745970 7.18178e+06 7.81425e+06
1537516104845823 7.18484e+06 7.81739e+06
1537516104912480 7.18691e+06 7.81944e+06
1537516105012420 7.19002e+06 7.8225e+06
1537516105112231 7.19314e+06 7.82557e+06
1537516105212182 7.19629e+06 7.82865e+06
1537516105278717 7.19837e+06 7.83072e+06
1537516105378542 7.20141e+06 7.8338e+06
1537516105478376 7.20444e+06 7.83685e+06
1537516105544968 7.20648e+06 7.8389e+06
1537516105644824 7.20954e+06 7.84205e+06
1537516105744717 7.21261e+06 7.84521e+06
1537516105844686 7.21565e+06 7.84834e+06
1537516105911370 7.21766e+06 7.85038e+06
1537516106011489 7.22073e+06 7.85344e+06
1537516106078124 7.22282e+06 7.85548e+06
1537516106177909 7.22593e+06 7.85854e+06
1537516106277701 7.22904e+06 7.86163e+06
1537516106377509 7.23213e+06 7.86477e+06
1537516106444198 7.23416e+06 7.86689e+06
1537516106544118 7.23724e+06 7.87008e+06
1537516106644079 7.24032e+06 7.87325e+06
1537516106744007 7.2434e+06 7.87636e+06
1537516106810662 7.24545e+06 7.87842e+06
1537516106910539 7.24851e+06 7.88148e+06
1537516107010396 7.25154e+06 7.8845e+06
1537516107110235 7.25456e+06 7.88749e+06
1537516107176877 7.25659e+06 7.88951e+06
1537516107276757 7.25967e+06 7.89257e+06
1537516107376660 7.26275e+06 7.89567e+06
1537516107443200 7.26478e+06 7.89774e+06
1537516107543124 7.26776e+06 7.90075e+06
1537516107642937 7.27073e+06 7.90368e+06
1537516107742812 7.2737e+06 7.90661e+06
1537516107809454 7.27567e+06 7.90855e+06
1537516107909284 7.27859e+06 7.91143e+06
1537516108009304 7.2814e+06 7.9143e+06
1537516108075942 7.28324e+06 7.91618e+06
1537516108175900 7.286e+06 7.91899e+06
1537516108275686 7.28872e+06 7.92177e+06
1537516108375496 7.29136e+06 7.92446e+06
1537516108442162 7.29309e+06 7.92621e+06
1537516108542146 7.29564e+06 7.92878e+06
1537516108641961 7.29802e+06 7.93118e+06
1537516108708489 7.2996e+06 7.93277e+06
1537516108808408 7.30177e+06 7.93496e+06
1537516108908268 7.30381e+06 7.93701e+06
1537516108975006 7.30506e+06 7.93829e+06
1537516109074754 7.30677e+06 7.94004e+06
1537516109174576 7.30832e+06 7.94162e+06
1537516109274480 7.30966e+06 7.94298e+06
1537516109341140 7.31049e+06 7.94383e+06
1537516109441046 7.31159e+06 7.94495e+06
1537516109540959 7.31251e+06 7.94587e+06
1537516109607573 7.31302e+06 7.94638e+06
1537516109707365 7.31367e+06 7.94702e+06
1537516109807255 7.31418e+06 7.9475e+06
1537516109907083 7.31464e+06 7.94793e+06
1537516109973625 7.31489e+06 7.94818e+06
1537516110073592 7.31524e+06 7.94852e+06
1537516110173604 7.31554e+06 7.9488e+06
1537516110240242 7.3157e+06 7.94896e+06
1537516110340051 7.3159e+06 7.94914e+06
1537516110439862 7.31606e+06 7.94928e+06
1537516110539793 7.31616e+06 7.94938e+06
1537516110606467 7.3162e+06 7.94942e+06
1537516110706274 7.31623e+06 7.94945e+06
1537516110806123 7.31622e+06 7.94945e+06
1537516110906057 7.3162e+06 7.94944e+06
1537516110972610 7.31618e+06 7.94942e+06
1537516111072633 7.31617e+06 7.9494e+06
1537516111172569 7.31616e+06 7.9494e+06
1537516111239195 7.31616e+06 7.9494e+06
1537516111339085 7.31616e+06 7.9494e+06
1537516111438865 7.31616e+06 7.9494e+06
1537516111505442 7.31616e+06 7.9494e+06
1537516111605270 7.31616e+06 7.94939e+06
1537516111705133 7.31616e+06 7.94938e+06
1537516111804996 7.31616e+06 7.94938e+06
1537516111904963 7.31616e+06 7.94938e+06
1537516111971519 7.31616e+06 7.94938e+06
1537516112071404 7.31616e+06 7.94938e+06
1537516112137974 7.31616e+06 7.94938e+06
1537516112238010 7.31616e+06 7.94938e+06
1537516112337899 7.31616e+06 7.94938e+06
1537516112437731 7.31616e+06 7.94938e+06
1537516112537737 7.31616e+06 7.94938e+06
1537516112604369 7.31616e+06 7.94938e+06
1537516112704236 7.31616e+06 7.94938e+06
1537516112804152 7.31616e+06 7.94938e+06
1537516112870663 7.31616e+06 7.94938e+06
1537516112970475 7.31616e+06 7.94938e+06
1537516113070291 7.31616e+06 7.94938e+06
1537516113136974 7.31616e+06 7.94938e+06
