1.33671 -0.00780529 -0.0116782
1.42872 -0.00851886 -0.00383243
1.49019 -0.00864667 -0.000326271
1.58489 -0.00895911 -0.00627244
1.68265 -0.0100315 -0.0156644
1.74795 -0.0112777 -0.0225003
1.84627 -0.0138249 -0.0293053
1.94515 -0.0168468 -0.0317989
2.04557 -0.0198197 -0.0273939
2.11373 -0.0215972 -0.0247435
2.21608 -0.0241694 -0.0255096
2.28502 -0.0260153 -0.0280314
2.42288 -0.0301096 -0.0313506
2.49218 -0.0323706 -0.033872
2.59891 -0.0362581 -0.0389447
2.70697 -0.0405099 -0.0397054
2.77779 -0.0434737 -0.0439496
2.88352 -0.0484377 -0.0498854
2.9923 -0.0538161 -0.0489211
3.06463 -0.0572615 -0.0462666
3.17651 -0.0621939 -0.0418509
3.28726 -0.0663956 -0.0339875
3.3965 -0.0699628 -0.0312985
3.47003 -0.072421 -0.0355402
3.58135 -0.0769498 -0.0457815
3.6928 -0.0828684 -0.0603334
3.76755 -0.0877695 -0.070609
3.87922 -0.096194 -0.0799876
3.9899 -0.104964 -0.0781591
4.10173 -0.113814 -0.0797782
4.17717 -0.119842 -0.0797072
4.29017 -0.128568 -0.0744279
4.4032 -0.136794 -0.070873
4.47889 -0.142132 -0.0699396
4.59234 -0.149877 -0.0663844
4.70521 -0.157619 -0.070589
4.78011 -0.16314 -0.0765536
4.89197 -0.171714 -0.0764483
5.00497 -0.180266 -0.0746177
5.11954 -0.188625 -0.0710613
5.19524 -0.193781 -0.0649551
5.30777 -0.200852 -0.0605386
5.42108 -0.207861 -0.0630185
5.49718 -0.212693 -0.0638092
5.6118 -0.220308 -0.0688743
5.72848 -0.228705 -0.0747996
5.84378 -0.237539 -0.0781397
5.9198 -0.243522 -0.0789303
6.03602 -0.252859 -0.0814073
6.15397 -0.262271 -0.0778477
6.23289 -0.268219 -0.0726006
6.34997 -0.276473 -0.0681797
6.46439 -0.284033 -0.0637615
6.57879 -0.292074 -0.0765861
6.6565 -0.298641 -0.0920319
6.77338 -0.311152 -0.121235
6.88929 -0.326944 -0.149576
6.96728 -0.33921 -0.162434
7.0853 -0.359015 -0.170081
7.20506 -0.380053 -0.177726
7.28555 -0.394795 -0.184547
7.40481 -0.417476 -0.19133
7.52255 -0.44096 -0.202426
7.63928 -0.465489 -0.211797
7.71756 -0.482493 -0.216033
7.83401 -0.509203 -0.234888
7.94773 -0.537449 -0.252021
8.02375 -0.557266 -0.257983
8.13828 -0.587744 -0.262182
8.25413 -0.618505 -0.256897
8.33092 -0.638428 -0.250787
8.44535 -0.667788 -0.251539
8.55906 -0.697629 -0.261774
8.6722 -0.728826 -0.276321
8.74764 -0.750745 -0.289179
8.85862 -0.78459 -0.302865
8.96763 -0.818908 -0.307069
9.03974 -0.841906 -0.310446
9.14861 -0.876673 -0.307752
9.25923 -0.91104 -0.294711
9.3698 -0.943558 -0.27736
9.44199 -0.963572 -0.263495
9.5497 -0.991282 -0.240113
9.65792 -1.01693 -0.225352
9.7657 -1.0411 -0.215765
9.83689 -1.05634 -0.206213
9.94477 -1.07818 -0.193177
10.0547 -1.0984 -0.170656
10.1289 -1.11042 -0.150756
10.2402 -1.12552 -0.118751
10.3518 -1.13727 -0.091057
10.4266 -1.14341 -0.0728816
10.5384 -1.15017 -0.0477739
10.6511 -1.15453 -0.029563
10.7264 -1.15629 -0.0174224
10.8368 -1.1575 -0.00438638
10.9478 -1.1576 0.00261507
11.0612 -1.15651 0.016516
11.138 -1.15471 0.0303822
11.256 -1.14984 0.0520471
11.3737 -1.14238 0.0745736
11.4874 -1.13309 0.0884751
11.5636 -1.12614 0.0937196
11.6797 -1.11547 0.0895182
11.7941 -1.10569 0.0810045
11.8702 -1.09974 0.075041
11.9839 -1.09118 0.075148
12.0965 -1.08231 0.0821512
12.2117 -1.07212 0.0943298
12.2895 -1.06445 0.102163
12.4055 -1.052 0.111756
12.5217 -1.0387 0.116176
12.5982 -1.02967 0.118835
12.7109 -1.01615 0.119803
12.8229 -1.00301 0.113874
12.9328 -0.990812 0.107081
13.0056 -0.983144 0.102839
13.118 -0.971737 0.0994961
13.2325 -0.960351 0.0987418
13.3078 -0.952888 0.0988128
13.4181 -0.942376 0.0911575
13.5286 -0.9329 0.0800535
13.6021 -0.927315 0.071501
13.7118 -0.920311 0.0560854
13.8204 -0.914866 0.0441173
13.9271 -0.910611 0.035596
14.0329 -0.907432 0.0244873
14.1058 -0.905831 0.0193828
14.2163 -0.903922 0.0151757
14.3271 -0.902378 0.0126933
14.4005 -0.901444 0.0127621
14.509 -0.899913 0.0154504
14.6146 -0.898184 0.0172738
14.6853 -0.897022 0.0156158
14.7911 -0.895775 0.00795567
14.8945 -0.895393 -0.000568818
14.9957 -0.895926 -0.00995755
15.0641 -0.896663 -0.0116177
15.1663 -0.897934 -0.0132461
15.2654 -0.899328 -0.0148775
15.3305 -0.900435 -0.0191271
15.4284 -0.902473 -0.0224839
15.5267 -0.905018 -0.0292887
15.6258 -0.908173 -0.0343687
15.6915 -0.910428 -0.034307
15.7861 -0.913141 -0.0230101
15.8789 -0.914512 -0.00654227
15.9405 -0.914568 0.00472381
16.0335 -0.912923 0.0306757
16.1227 -0.908602 0.0661078
16.1811 -0.904 0.0911653
16.2653 -0.894286 0.138663
16.3462 -0.880744 0.193056
16.4219 -0.863626 0.251755
16.4683 -0.850591 0.29577
16.5348 -0.827732 0.366532
16.5968 -0.801169 0.443327
16.6358 -0.78133 0.496821
16.6912 -0.748147 0.583098
16.74 -0.712449 0.678853
16.7694 -0.687081 0.746138
16.8075 -0.648024 0.849648
16.839 -0.608034 0.957464
16.8647 -0.566773 1.07045
16.8788 -0.538386 1.14894
16.8901 -0.510232 1.22656
16.9053 -0.455019 1.38008
16.9107 -0.414264 1.49737
16.9116 -0.386615 1.57844
16.9086 -0.345417 1.70693
16.9006 -0.305685 1.83371
16.8928 -0.280751 1.91478
16.8775 -0.244877 2.03293
16.8577 -0.210389 2.15108
16.842 -0.188322 2.22784
16.8148 -0.156914 2.33823
16.7839 -0.127884 2.43914
16.7497 -0.1017 2.53574
16.7253 -0.0859603 2.60043
16.6831 -0.0635643 2.70825
16.6364 -0.045153 2.82296
16.6032 -0.0356316 2.90231
16.5518 -0.0262442 3.01961
16.4997 -0.0228923 3.13519
16.4645 -0.0240164 -3.07123
16.4119 -0.0307473 -2.95738
16.3591 -0.0437079 -2.84438
16.307 -0.0627135 -2.74001
16.2728 -0.0785585 -2.67445
16.2239 -0.105956 -2.58818
16.177 -0.137193 -2.5183
16.1323 -0.171393 -2.45876
16.1033 -0.195687 -2.43027
16.0609 -0.233546 -2.39573
16.0191 -0.272939 -2.37585
15.9912 -0.299929 -2.36891
15.9486 -0.341534 -2.36713
15.9054 -0.383641 -2.37053
15.8762 -0.411945 -2.37566
15.8313 -0.454782 -2.38336
15.7838 -0.499061 -2.39882
15.7351 -0.542925 -2.41686
15.7005 -0.573077 -2.4332
15.6464 -0.618271 -2.45814
15.5893 -0.663338 -2.48997
15.5498 -0.692687 -2.51406
15.4875 -0.735634 -2.56227
15.4226 -0.775394 -2.62083
15.3541 -0.811425 -2.69404
15.3059 -0.832858 -2.75348
15.2306 -0.85927 -2.85427
15.1533 -0.877901 -2.95593
15.1013 -0.885873 -3.02313
15.0218 -0.891431 -3.12048
14.9413 -0.88956 3.07398
14.8874 -0.884505 3.0223
14.8049 -0.871603 2.95082
14.7211 -0.852754 2.88969
14.6377 -0.829182 2.84235
14.5822 -0.81125 2.81654
14.4986 -0.781927 2.79162
14.416 -0.751624 2.78826
14.3345 -0.722176 2.80127
14.2773 -0.702645 2.8246
14.1884 -0.675827 2.87211
14.0965 -0.653344 2.93169
14.035 -0.641515 2.97141
13.9403 -0.627679 3.0215
13.8455 -0.617983 3.0578
13.7503 -0.610695 3.07255
13.6863 -0.606381 3.07605
13.588 -0.599805 3.07356
13.4891 -0.592986 3.07193
13.4232 -0.588445 3.07372
13.3221 -0.582237 3.08674
13.2187 -0.577502 3.10495
13.1162 -0.574633 3.12228
13.0492 -0.573774 3.13528
12.9472 -0.573971 -3.13143
12.8421 -0.575542 -3.12185
12.7716 -0.577088 -3.11747
12.666 -0.579915 -3.1122
12.5598 -0.583179 -3.10951
12.4894 -0.585534 -3.10686
12.383 -0.589602 -3.09986
12.2738 -0.594591 -3.092
12.1614 -0.600371 -3.08845
12.0872 -0.604418 -3.08579
11.9767 -0.61069 -3.08396
11.8676 -0.616662 -3.08989
11.7588 -0.621967 -3.09583
11.6855 -0.6252 -3.09921
11.5763 -0.629602 -3.10341
11.4675 -0.633812 -3.10245
11.3938 -0.636955 -3.09548
11.2819 -0.642653 -3.0859
11.1706 -0.649688 -3.07113
11.0593 -0.658366 -3.05637
10.9839 -0.665071 -3.0494
10.8699 -0.675714 -3.04757
10.7536 -0.686685 -3.04746
10.6779 -0.693445 -3.05774
10.5632 -0.702149 -3.07401
10.45 -0.709028 -3.0877
10.3353 -0.714134 -3.10656
10.2587 -0.716194 -3.12287
10.1428 -0.716921 3.13542
10.029 -0.714408 3.10363
9.95413 -0.710793 3.08301
9.84304 -0.70236 3.04863
9.73044 -0.689513 3.00735
9.65729 -0.678639 2.98069
9.54806 -0.658783 2.94286
9.43953 -0.63537 2.91538
9.36775 -0.618395 2.90338
9.26034 -0.591829 2.89486
9.15123 -0.564155 2.89152
9.04346 -0.536683 2.89248
8.9716 -0.518405 2.89255
8.86201 -0.490289 2.88835
8.75311 -0.461811 2.88328
8.68126 -0.442731 2.88076
8.57229 -0.413046 2.87052
8.4626 -0.382315 2.86632
8.35075 -0.350782 2.86729
8.27412 -0.329508 2.87426
8.16036 -0.299145 2.88731
8.04998 -0.27102 2.8969
7.93938 -0.243764 2.90304
7.86525 -0.225842 2.9057
7.75392 -0.199188 2.90753
7.64251 -0.172833 2.91108
7.56954 -0.155846 2.9146
7.45989 -0.131271 2.92764
7.34741 -0.107954 2.94672
7.23177 -0.0867882 2.97442
7.15398 -0.0744902 2.99518
7.03764 -0.0590275 3.02374
6.92339 -0.0471024 3.05144
6.84986 -0.0412245 3.0722
6.73938 -0.0352723 3.10334
6.62896 -0.0328149 3.13534
6.51948 -0.0346851 -3.10118
6.44584 -0.0390015 -3.0649
6.33298 -0.0512627 -3.00186
6.25868 -0.063486 -2.95523
6.14798 -0.0886947 -2.88012
6.04031 -0.121532 -2.81104
5.9333 -0.162223 -2.74541
5.86394 -0.192979 -2.70309
5.76544 -0.242534 -2.64781
5.67045 -0.296992 -2.59425
5.609 -0.336028 -2.55711
5.51977 -0.399482 -2.48976
5.43335 -0.470715 -2.41465
5.3515 -0.548271 -2.35161
5.29979 -0.60248 -2.3136
5.22583 -0.687338 -2.26177
5.15496 -0.776515 -2.22286
5.08707 -0.8687 -2.18827
5.04348 -0.931743 -2.1632
4.98102 -1.02746 -2.13464
4.92055 -1.12648 -2.10349
4.88144 -1.19484 -2.07755
4.8251 -1.30194 -2.03261
4.77391 -1.41096 -1.9868
4.729 -1.51836 -1.94703
4.70124 -1.59082 -1.92627
4.66179 -1.70116 -1.90202
4.62437 -1.81362 -1.88208
4.60082 -1.88837 -1.86993
4.56725 -2.00103 -1.85086
4.53684 -2.1114 -1.82833
4.51803 -2.18531 -1.81188
4.49155 -2.30004 -1.78332
4.46831 -2.41469 -1.75821
4.45452 -2.49067 -1.74262
4.43565 -2.60495 -1.72613
4.41805 -2.71808 -1.72429
4.40045 -2.8312 -1.72591
4.38845 -2.90709 -1.72929
4.37026 -3.01973 -1.73263
4.35243 -3.13107 -1.72649
4.34096 -3.20646 -1.71693
4.32543 -3.3195 -1.69786
4.31255 -3.43229 -1.67103
4.30261 -3.54538 -1.64592
4.2975 -3.6207 -1.63119
4.29188 -3.73505 -1.60867
4.2885 -3.8489 -1.59218
4.28707 -3.92361 -1.5878
4.28579 -4.03194 -1.57735
4.28593 -4.13874 -1.56173
4.28789 -4.24649 -1.54352
4.29046 -4.31886 -1.52708
4.29724 -4.4291 -1.49162
4.30747 -4.5358 -1.45876
4.31613 -4.60518 -1.43456
4.3322 -4.70844 -1.39825
4.3516 -4.81034 -1.36711
4.37387 -4.91302 -1.34718
4.38959 -4.97997 -1.33333
4.41434 -5.07654 -1.30651
4.4413 -5.17052 -1.27624
4.46081 -5.23286 -1.25893
4.49114 -5.32318 -1.2347
4.52183 -5.4089 -1.2191
4.54254 -5.46473 -1.21215
4.57325 -5.54696 -1.21465
4.60307 -5.6283 -1.22405
4.63108 -5.70784 -1.24036
4.64855 -5.76013 -1.25668
4.67278 -5.83849 -1.28506
4.6944 -5.91641 -1.31516
4.71344 -5.99461 -1.34871
4.72421 -6.04534 -1.37452
4.73784 -6.12212 -1.41583
4.74812 -6.19846 -1.45801
4.75314 -6.24873 -1.48469
4.75817 -6.32655 -1.52772
4.75989 -6.40644 -1.57075
4.75843 -6.48576 -1.60775
4.75593 -6.53948 -1.62667
4.75038 -6.6217 -1.64987
4.74294 -6.70627 -1.66703
4.73727 -6.76381 -1.67129
4.72829 -6.85287 -1.6712
4.71917 -6.94347 -1.67112
4.70958 -7.03555 -1.67793
4.70277 -7.09761 -1.68218
4.69184 -7.19284 -1.68813
4.67991 -7.29046 -1.69666
4.6714 -7.35637 -1.70177
4.65831 -7.45579 -1.70167
4.64476 -7.5594 -1.69985
4.63134 -7.66322 -1.69889
4.62258 -7.73221 -1.69538
4.60991 -7.83554 -1.6901
4.59732 -7.94024 -1.69087
4.58886 -8.01062 -1.68994
4.57618 -8.11744 -1.68811
4.56345 -8.22464 -1.68974
4.55492 -8.29578 -1.69053
4.54242 -8.40165 -1.68612
4.5299 -8.511 -1.68343
4.51747 -8.6223 -1.68074
4.50931 -8.69677 -1.67895
4.49711 -8.80963 -1.67798
4.48891 -8.8841 -1.68308
4.4761 -8.99515 -1.68815
4.46222 -9.10879 -1.69666
4.44676 -9.22378 -1.71207
4.43563 -9.30019 -1.7189
4.41818 -9.4145 -1.72569
4.39999 -9.52909 -1.73075
4.38168 -9.64327 -1.72892
4.36947 -9.72029 -1.72712
4.35125 -9.83526 -1.72873
4.33315 -9.94928 -1.72776
4.32108 -10.0254 -1.72855
4.30256 -10.1399 -1.73362
4.28399 -10.2515 -1.73782
4.26513 -10.3631 -1.73858
4.25256 -10.4371 -1.73937
4.23381 -10.5496 -1.73237
4.21591 -10.6629 -1.72277
4.20436 -10.7395 -1.71839
4.18827 -10.8507 -1.71053
4.17311 -10.9616 -1.70266
4.16312 -11.0374 -1.70087
4.14833 -11.1513 -1.69903
4.13382 -11.2651 -1.69634
4.11944 -11.3783 -1.69796
4.10996 -11.4532 -1.6953
4.09641 -11.5659 -1.68571
4.08362 -11.6806 -1.67784
4.07568 -11.757 -1.67087
4.06493 -11.871 -1.65869
4.05515 -11.9837 -1.656
4.0488 -12.0586 -1.65507
4.03952 -12.1702 -1.65238
4.03016 -12.2829 -1.65486
4.02068 -12.3961 -1.65389
4.01164 -12.5094 -1.64689
4.00603 -12.5857 -1.64164
3.99848 -12.6991 -1.63291
3.99223 -12.8113 -1.61988
3.9888 -12.8865 -1.61291
3.98436 -12.999 -1.60763
3.9804 -13.1132 -1.60321
3.97629 -13.228 -1.61
3.97306 -13.3046 -1.61596
3.96799 -13.418 -1.61499
3.96306 -13.533 -1.6123
3.95851 -13.6501 -1.60702
3.95591 -13.7282 -1.60091
3.95381 -13.806 -1.5948
3.95009 -13.9586 -1.59552
3.94825 -14.0345 -1.59459
3.94549 -14.1484 -1.59534
3.94246 -14.264 -1.59868
3.94029 -14.341 -1.59947
3.93693 -14.4564 -1.60023
3.93335 -14.5715 -1.60357
3.92963 -14.6883 -1.60173
3.92731 -14.7664 -1.59907
3.92389 -14.8843 -1.60069
3.92032 -15.002 -1.60144
3.9178 -15.0809 -1.60395
3.91345 -15.1972 -1.61246
3.9084 -15.3126 -1.61667
3.9028 -15.4271 -1.62259
3.89867 -15.5036 -1.62683
3.8921 -15.6201 -1.62758
3.88511 -15.7378 -1.63265
3.88013 -15.8154 -1.63688
3.87245 -15.93 -1.6385
3.86436 -16.0465 -1.64184
3.85575 -16.164 -1.64604
3.84972 -16.2427 -1.64855
3.84054 -16.3574 -1.65276
3.83101 -16.4711 -1.6561
3.82473 -16.5469 -1.65085
3.81588 -16.6616 -1.64471
3.80771 -16.7768 -1.63857
3.80275 -16.8533 -1.63246
3.79579 -16.967 -1.63149
3.79107 -17.0425 -1.63487
3.7811 -17.192 -1.6399
3.77579 -17.2673 -1.64242
3.76732 -17.3793 -1.65007
3.75832 -17.4927 -1.64996
3.75228 -17.5697 -1.64817
3.74355 -17.6844 -1.64547
3.73558 -17.799 -1.63502
3.72845 -17.9129 -1.63146
3.7238 -17.989 -1.63225
3.71677 -18.1042 -1.63128
3.70971 -18.2193 -1.6329
3.70479 -18.2957 -1.63714
3.69712 -18.409 -1.63962
3.6895 -18.5225 -1.63606
3.68223 -18.6392 -1.62992
3.67785 -18.7179 -1.62295
3.67252 -18.8347 -1.6099
3.66824 -18.9491 -1.60635
3.66577 -19.0234 -1.60197
3.66256 -19.1356 -1.59669
3.65934 -19.2488 -1.60176
3.6558 -19.3619 -1.60251
3.65339 -19.437 -1.6033
3.64975 -19.5491 -1.6032
3.64656 -19.6611 -1.59533
3.64516 -19.7367 -1.58319
3.64465 -19.813 -1.57191
3.64639 -19.9653 -1.54677
3.64884 -20.0411 -1.53032
3.65447 -20.1545 -1.5121
3.66239 -20.2649 -1.48614
3.66925 -20.3376 -1.4671
3.68235 -20.4457 -1.43337
3.69983 -20.5543 -1.3893
3.72253 -20.6622 -1.33747
3.74079 -20.7333 -1.30119
3.77254 -20.8371 -1.24677
3.81001 -20.9386 -1.18718
3.83828 -21.0044 -1.14314
3.8871 -21.102 -1.07062
3.94273 -21.1956 -0.998961
3.98236 -21.2541 -0.952338
4.04631 -21.3375 -0.880681
4.11638 -21.4163 -0.807299
4.16704 -21.4665 -0.752916
4.24829 -21.5361 -0.664015
4.33326 -21.5966 -0.573391
4.42134 -21.6484 -0.490528
4.51355 -21.6933 -0.416287
4.57639 -21.7193 -0.367942
4.67248 -21.753 -0.305772
4.77217 -21.7816 -0.253946
4.83882 -21.7978 -0.221981
4.93821 -21.818 -0.178778
5.03993 -21.8339 -0.132126
5.14225 -21.8454 -0.0906458
5.21061 -21.8508 -0.069028
5.31093 -21.8562 -0.0387584
5.41059 -21.8589 -0.0136623
5.47724 -21.8595 -0.00411622
5.57789 -21.8593 0.00804835
5.67835 -21.8578 0.021075
5.77974 -21.8552 0.0297916
5.84828 -21.853 0.0341667
5.95289 -21.8491 0.0402999
6.05808 -21.8452 0.0352257
6.12797 -21.8429 0.0283941
6.23224 -21.8405 0.0190083
6.33634 -21.839 0.00876019
6.44237 -21.839 -0.00838338
6.51363 -21.8399 -0.0178002
6.62001 -21.8425 -0.0314948
6.72596 -21.8467 -0.0469142
6.8332 -21.8522 -0.056297
6.90549 -21.8564 -0.0588155
7.01613 -21.863 -0.0595737
7.12927 -21.8697 -0.0594673
7.20443 -21.8741 -0.0576724
7.31701 -21.8806 -0.0567045
7.42918 -21.8872 -0.0609098
7.54058 -21.8939 -0.059943
7.61364 -21.8983 -0.0590122
7.72218 -21.9046 -0.0571859
7.83114 -21.9102 -0.0467376
7.90521 -21.9134 -0.0397709
8.01828 -21.9175 -0.0319054
8.12965 -21.9205 -0.021455
8.20379 -21.9217 -0.0127639
8.31558 -21.9228 -0.00576181
8.42948 -21.9232 -0.00134418
8.54166 -21.9232 0.000485366
8.61543 -21.9232 0.00055465
8.72491 -21.9226 0.00927881
8.83458 -21.9206 0.0274872
8.94647 -21.916 0.0543187
9.02314 -21.911 0.0768072
9.13616 -21.9003 0.112262
9.24817 -21.8857 0.146854
9.32288 -21.8737 0.172789
9.43406 -21.8517 0.217727
9.54315 -21.8247 0.266976
9.65056 -21.7923 0.31881
9.72073 -21.7678 0.354229
9.82381 -21.726 0.415545
9.92791 -21.6752 0.492386
9.99544 -21.6366 0.546775
10.0911 -21.5723 0.636547
10.1775 -21.5026 0.721142
10.2576 -21.4268 0.79539
10.3085 -21.3723 0.842017
10.3808 -21.2858 0.908508
10.4466 -21.1956 0.97155
10.4873 -21.1332 1.013
10.5423 -21.0383 1.07777
10.5904 -20.9412 1.14512
10.6185 -20.8756 1.18657
10.6559 -20.7751 1.24185
10.6872 -20.675 1.2954
10.7051 -20.6072 1.32736
10.7286 -20.5038 1.36885
10.748 -20.4 1.40171
10.7638 -20.2967 1.43801
10.7721 -20.2278 1.46136
10.7822 -20.1213 1.49163
10.7891 -20.0122 1.52364
10.7929 -19.902 1.5496
10.794 -19.8285 1.5626
10.7938 -19.719 1.58167
10.7918 -19.6091 1.5973
10.7895 -19.5354 1.60426
10.7856 -19.4235 1.60868
10.7813 -19.3137 1.61051
10.7771 -19.2052 1.60802
10.7744 -19.1325 1.60723
10.7701 -19.0219 1.6125
10.7652 -18.9102 1.61778
10.7616 -18.8358 1.61958
10.7566 -18.7258 1.61364
10.7528 -18.6179 1.59823
10.7512 -18.5077 1.57247
10.7517 -18.4339 1.55529
10.7549 -18.3239 1.52694
10.7613 -18.2125 1.50032
10.7671 -18.1376 1.48746
10.7774 -18.0259 1.47032
10.7894 -17.9128 1.46008
10.8019 -17.8002 1.46019
10.8101 -17.7252 1.46285
10.8223 -17.6123 1.46382
10.8346 -17.4985 1.4622
10.843 -17.4229 1.45882
10.8563 -17.3105 1.446
10.8705 -17.2 1.44093
10.8847 -17.0911 1.44103
10.8943 -17.017 1.44196
10.9087 -16.9038 1.44724
10.9225 -16.7905 1.45252
10.9315 -16.7154 1.45087
10.945 -16.6036 1.44925
10.954 -16.5292 1.45105
10.9723 -16.3788 1.4486
10.9817 -16.3033 1.44522
10.9961 -16.1922 1.43929
11.0113 -16.0807 1.43078
11.0221 -16.0054 1.42568
11.0383 -15.8925 1.43096
11.0542 -15.7775 1.43624
11.0695 -15.6616 1.44238
11.0794 -15.5842 1.44418
11.0945 -15.4673 1.44084
11.105 -15.388 1.43747
11.121 -15.27 1.43413
11.1373 -15.1524 1.43252
11.1536 -15.035 1.43349
11.1643 -14.9568 1.43615
11.18 -14.8399 1.43799
11.1951 -14.7241 1.44499
11.2045 -14.6475 1.45196
11.2179 -14.5324 1.45811
11.2308 -14.4171 1.45994
11.2439 -14.3022 1.45488
11.2531 -14.2256 1.44805
11.2676 -14.1116 1.44126
11.2822 -13.9984 1.44309
11.292 -13.9213 1.44575
11.3064 -13.8031 1.45276
11.32 -13.6834 1.46236
11.3329 -13.5644 1.46333
11.3413 -13.4855 1.46599
11.3532 -13.3686 1.473
11.3649 -13.2504 1.47139
11.377 -13.1312 1.46805
11.3851 -13.0525 1.46813
11.3973 -12.9353 1.46565
11.4093 -12.8186 1.4718
11.4166 -12.7404 1.48308
11.4263 -12.6217 1.49526
11.4348 -12.5048 1.50227
11.4425 -12.3883 1.50582
11.4478 -12.3108 1.50072
11.4564 -12.1934 1.4948
11.4654 -12.0768 1.49232
11.4715 -11.9994 1.4924
11.4804 -11.8828 1.49682
11.4885 -11.7663 1.50555
11.4957 -11.6499 1.51342
11.4998 -11.5726 1.52125
11.5046 -11.4603 1.53429
11.5082 -11.3482 1.54301
11.5102 -11.2718 1.54826
11.5127 -11.1587 1.5475
11.5155 -11.0469 1.54416
11.5175 -10.9732 1.54423
11.5201 -10.8633 1.5495
11.5214 -10.7892 1.55647
11.5225 -10.6361 1.57127
11.5222 -10.5608 1.57824
11.5211 -10.449 1.58352
11.5191 -10.3374 1.5931
11.5171 -10.2637 1.60352
11.5126 -10.1528 1.61914
11.5063 -10.0427 1.63649
11.5011 -9.97122 1.65121
11.4911 -9.86546 1.67804
11.4773 -9.75762 1.71952
11.4581 -9.64943 1.77308
11.4417 -9.57771 1.81712
11.4111 -9.47157 1.88533
11.3741 -9.36812 1.94406
11.3314 -9.26731 1.99934
11.2996 -9.20119 2.03907
11.2476 -9.10527 2.09608
11.1903 -9.01332 2.15998
11.1491 -8.95488 2.20832
11.0822 -8.87094 2.27998
11.008 -8.79066 2.35337
10.9551 -8.74005 2.40258
10.8727 -8.66997 2.47079
10.7858 -8.60537 2.53469
10.6952 -8.54629 2.59256
10.6332 -8.50991 2.62884
10.5384 -8.46001 2.68584
10.4389 -8.41468 2.74198
10.3351 -8.37437 2.80071
10.2642 -8.35076 2.83958
10.1569 -8.32048 2.89314
10.0497 -8.29568 2.93549
9.97768 -8.28159 2.96142
9.86849 -8.26374 2.99773
9.75652 -8.24891 3.02198
9.68076 -8.24023 3.03326
9.56997 -8.22848 3.03854
9.45971 -8.21713 3.0395
9.38557 -8.20954 3.03957
9.27162 -8.19848 3.05003
9.1562 -8.18874 3.06479
9.03933 -8.18036 3.07525
8.9615 -8.17532 3.07877
8.84495 -8.168 3.07888
8.72686 -8.16038 3.07554
8.61149 -8.15266 3.07392
8.53521 -8.14749 3.074
8.42176 -8.13972 3.07238
8.30698 -8.13172 3.07162
8.22976 -8.12628 3.07084
8.11155 -8.11775 3.06836
7.9941 -8.10929 3.07106
7.9163 -8.10393 3.07458
7.79822 -8.09632 3.07986
7.68107 -8.08924 3.08256
7.5639 -8.08237 3.08353
7.48623 -8.07796 3.08619
7.37036 -8.07204 3.09492
7.25424 -8.06738 3.10796
7.17571 -8.06511 3.11752
7.05913 -8.06307 3.13056
6.94619 -8.06212 3.13584
6.87089 -8.06175 3.13764
6.75737 -8.06155 -3.14113
6.64192 -8.06196 -3.13499
6.5261 -8.06288 -3.13229
6.44965 -8.0636 -3.13222
6.33728 -8.06461 -3.13298
6.22338 -8.06564 -3.13201
6.14751 -8.0666 -3.1259
6.03535 -8.06895 -3.11545
5.92534 -8.07235 -3.10587
5.81689 -8.07656 -3.09973
5.74551 -8.07974 -3.09449
5.63847 -8.08534 -3.08404
5.53211 -8.09263 -3.06239
5.46342 -8.09877 -3.04249
5.36025 -8.11124 -3.00015
5.25642 -8.12859 -2.95177
5.15382 -8.15122 -2.89736
5.08672 -8.16949 -2.85419
4.98863 -8.20202 -2.78856
4.89311 -8.24096 -2.72036
4.83179 -8.27036 -2.66856
4.74345 -8.32019 -2.58743
4.66021 -8.37645 -2.50715
4.60684 -8.41797 -2.45364
4.53093 -8.48582 -2.37077
4.4603 -8.56074 -2.28274
4.39495 -8.64351 -2.19556
4.3555 -8.70147 -2.14118
4.30248 -8.79085 -2.07125
4.25596 -8.88356 -2.00045
4.22821 -8.94753 -1.95987
4.19044 -9.04743 -1.90459
4.15834 -9.14809 -1.85449
4.13162 -9.24872 -1.80611
4.11657 -9.31582 -1.77673
4.09767 -9.4184 -1.72921
4.08364 -9.52234 -1.68083
4.07718 -9.59138 -1.64715
4.07121 -9.69628 -1.60825
4.06874 -9.80075 -1.58056
4.06876 -9.90736 -1.56063
4.0699 -9.979 -1.54936
4.07282 -10.0871 -1.53805
4.07739 -10.195 -1.51898
4.08161 -10.2667 -1.50512
4.08952 -10.3761 -1.49208
4.09844 -10.4839 -1.48422
4.10825 -10.5914 -1.4755
4.1153 -10.6634 -1.47112
4.12637 -10.7718 -1.46671
4.1381 -10.8808 -1.46057
4.14612 -10.9538 -1.46223
4.15746 -11.0631 -1.47247
4.16772 -11.1728 -1.48271
4.17699 -11.2843 -1.49295
4.18259 -11.3593 -1.49978
4.19042 -11.4714 -1.50226
4.19776 -11.5832 -1.50819
4.20215 -11.6572 -1.51502
4.20746 -11.7687 -1.53129
4.21083 -11.8822 -1.55102
4.21174 -11.9578 -1.56646
4.21155 -12.07 -1.57843
4.21012 -12.1826 -1.58867
4.20735 -12.2964 -1.60149
4.20472 -12.3726 -1.60918
4.19985 -12.4857 -1.61856
4.19403 -12.5983 -1.62621
4.18993 -12.6717 -1.62701
4.18379 -12.7826 -1.62518
4.17739 -12.895 -1.63025
4.1704 -13.0067 -1.63618
4.16545 -13.0809 -1.63869
4.15766 -13.1928 -1.64204
4.15003 -13.3046 -1.6359
4.14329 -13.4169 -1.62544
4.13929 -13.4931 -1.62106
4.13374 -13.6036 -1.62096
4.12814 -13.7143 -1.62172
4.12422 -13.7893 -1.62423
4.11799 -13.9015 -1.62844
4.11163 -14.0125 -1.62747
4.10739 -14.0867 -1.62826
4.10081 -14.1979 -1.63161
4.09398 -14.3093 -1.63236
4.08709 -14.4228 -1.63053
4.08264 -14.4984 -1.62874
4.07645 -14.611 -1.6226
4.07061 -14.7238 -1.62249
4.06642 -14.7997 -1.62932
4.0586 -14.9132 -1.6499
4.04815 -15.0281 -1.67307
4.03984 -15.1034 -1.68852
4.026 -15.2139 -1.70221
4.01063 -15.3276 -1.70814
3.99434 -15.4422 -1.71579
3.98304 -15.5182 -1.72089
3.9654 -15.6319 -1.72854
3.94699 -15.7455 -1.73447
3.93453 -15.8205 -1.73612
3.9153 -15.9344 -1.74032
3.8956 -16.0472 -1.74711
3.87557 -16.1579 -1.75218
3.86193 -16.2318 -1.7547
3.84127 -16.344 -1.75114
3.82168 -16.4552 -1.73896
3.80928 -16.5303 -1.73027
3.79169 -16.6424 -1.72241
3.77487 -16.7535 -1.71971
3.75806 -16.8656 -1.71961
3.74679 -16.9408 -1.71954
3.73042 -17.0524 -1.7134
3.71506 -17.1635 -1.70294
3.7053 -17.2392 -1.69511
3.69171 -17.3536 -1.68293
3.67943 -17.469 -1.67076
3.66866 -17.5833 -1.65858
3.66232 -17.6591 -1.64989
3.65394 -17.7737 -1.63771
3.64648 -17.8889 -1.63329
3.6416 -17.9654 -1.6358
3.63397 -18.0781 -1.64087
3.62575 -18.1911 -1.64594
3.61738 -18.3043 -1.64324
3.61205 -18.3806 -1.638
3.60473 -18.4962 -1.63013
3.59809 -18.6097 -1.6283
3.59181 -18.7231 -1.62388
3.5878 -18.7998 -1.62209
3.58226 -18.9147 -1.61594
3.57779 -19.0291 -1.60377
3.57555 -19.1052 -1.5968
3.57331 -19.2198 -1.58376
3.57287 -19.3349 -1.56554
3.57389 -19.4129 -1.54995
3.57784 -19.5282 -1.52312
3.58527 -19.6425 -1.48852
3.59619 -19.7557 -1.46083
3.60513 -19.8312 -1.44524
3.62071 -19.944 -1.42185
3.63898 -20.0559 -1.39588
3.65272 -20.1295 -1.37684
3.67643 -20.2394 -1.33967
3.70448 -20.3484 -1.29818
3.72575 -20.4206 -1.27052
3.7615 -20.528 -1.22817
3.80166 -20.6321 -1.17719
3.83117 -20.6999 -1.1435
3.88073 -20.8006 -1.08304
3.93508 -20.8952 -1.01569
3.99519 -20.9846 -0.94231
4.06169 -21.0689 -0.863753
4.11015 -21.1225 -0.806784
4.18905 -21.1976 -0.714431
4.27352 -21.2642 -0.621218
4.33148 -21.3033 -0.565974
4.42107 -21.3552 -0.483974
4.51373 -21.3992 -0.402834
4.6108 -21.4363 -0.32773
4.67768 -21.4574 -0.28197
4.77855 -21.4839 -0.232729
4.88107 -21.5061 -0.192972
4.9504 -21.5188 -0.171352
5.05679 -21.536 -0.147973
5.16144 -21.5505 -0.127182
5.266 -21.5626 -0.104668
5.33595 -21.5696 -0.0942558
5.44022 -21.579 -0.084674
5.54495 -21.5874 -0.076816
5.61545 -21.5927 -0.0715767
5.72105 -21.5997 -0.0619937
5.82654 -21.6056 -0.0481003
5.89774 -21.6086 -0.0368253
6.00545 -21.6119 -0.0255164
6.113 -21.6142 -0.0167939
6.22036 -21.6157 -0.0106581
6.29239 -21.6164 -0.00972844
6.40149 -21.6178 -0.014799
6.5102 -21.6196 -0.0181456
6.58317 -21.6212 -0.0266986
6.69336 -21.625 -0.042114
6.80311 -21.6303 -0.054081
6.87733 -21.6344 -0.058322
6.98853 -21.6412 -0.0633903
7.09743 -21.648 -0.0615637
7.1697 -21.6525 -0.0623579
7.2778 -21.6597 -0.0708779
7.38678 -21.6681 -0.0819833
7.4949 -21.6775 -0.0913652
7.56681 -21.6842 -0.0964703
7.67313 -21.6943 -0.0929214
7.78047 -21.7038 -0.0833367
7.88961 -21.7126 -0.078061
7.96315 -21.7183 -0.0762675
8.07292 -21.7264 -0.0701291
8.18332 -21.7338 -0.063128
8.29302 -21.7399 -0.0492306
8.36595 -21.743 -0.0353675
8.47502 -21.7457 -0.0145737
8.58297 -21.7466 -0.000677985
8.65366 -21.7461 0.0149074
8.76079 -21.7427 0.0477698
8.87003 -21.7353 0.0875316
8.94359 -21.7276 0.119501
9.05207 -21.7114 0.177367
9.15874 -21.6894 0.230061
9.26446 -21.6617 0.282755
9.33397 -21.64 0.32162
9.4359 -21.6027 0.379486
9.53437 -21.5599 0.440799
9.59714 -21.5287 0.483111
9.68943 -21.4761 0.553045
9.77846 -21.416 0.633326
9.86288 -21.3484 0.717056
9.91575 -21.2998 0.770577
9.98894 -21.2228 0.850857
10.0558 -21.1407 0.924239
10.0967 -21.0838 0.969999
10.1526 -20.996 1.03734
10.2017 -20.9063 1.10296
10.2446 -20.8142 1.166
10.2708 -20.7496 1.20486
10.3056 -20.6511 1.25841
10.335 -20.5522 1.30593
10.3521 -20.4858 1.33099
10.3751 -20.3846 1.36385
10.3949 -20.283 1.3924
10.4123 -20.181 1.4106
10.4231 -20.1127 1.41756
10.4387 -20.0107 1.42025
10.4491 -19.9423 1.42204
10.4644 -19.839 1.42386
10.48 -19.7331 1.42655
10.4946 -19.6275 1.43958
10.5035 -19.5572 1.44913
10.5162 -19.4517 1.45354
10.5289 -19.3447 1.45278
10.5419 -19.2369 1.44857
10.5555 -19.1289 1.44264
10.5646 -19.058 1.4427
10.5779 -18.9522 1.44884
10.5911 -18.8453 1.44635
10.6002 -18.7731 1.44556
10.6135 -18.6655 1.44911
10.6268 -18.558 1.44749
10.6357 -18.4865 1.44669
10.6489 -18.378 1.45283
10.6618 -18.2693 1.45121
10.6753 -18.1607 1.44441
10.6845 -18.0883 1.44276
10.6986 -17.9791 1.442
10.713 -17.8682 1.4421
10.7224 -17.7935 1.44907
10.7354 -17.6819 1.46038
10.7435 -17.6084 1.46132
10.7555 -17.4996 1.46142
10.7674 -17.3909 1.46066
10.78 -17.2816 1.453
10.7929 -17.173 1.45052
10.8015 -17.1015 1.45145
10.8148 -16.9934 1.44552
10.8292 -16.8814 1.44045
10.8392 -16.8054 1.43966
10.8543 -16.6919 1.43804
10.8694 -16.5792 1.43642
10.8843 -16.468 1.43998
10.894 -16.3945 1.4366
10.9094 -16.2846 1.42808
10.9252 -16.1762 1.42301
10.9361 -16.1037 1.41963
10.9528 -15.9947 1.41801
10.9691 -15.8852 1.42846
10.9792 -15.8128 1.43629
10.9942 -15.7008 1.43984
11.0087 -15.5896 1.44167
11.0231 -15.4777 1.44436
11.0326 -15.4029 1.44357
11.0469 -15.2891 1.44799
11.0605 -15.1766 1.45327
11.0738 -15.065 1.45079
11.0828 -14.9904 1.45172
11.096 -14.8777 1.45614
11.1089 -14.7637 1.46056
11.1206 -14.6518 1.47273
11.1275 -14.5783 1.4797
11.1375 -14.4679 1.48239
11.1476 -14.3556 1.47991
11.1545 -14.2805 1.47912
11.1651 -14.1672 1.47578
11.1755 -14.054 1.48106
11.182 -13.9784 1.48889
11.191 -13.8629 1.49848
11.199 -13.7452 1.50721
11.2036 -13.6672 1.51504
11.2097 -13.5502 1.52378
11.2147 -13.4333 1.53164
11.2186 -13.3164 1.54296
11.2208 -13.239 1.54217
11.2245 -13.1232 1.53625
11.2286 -13.0102 1.53204
11.2317 -12.9342 1.52866
11.2366 -12.82 1.52619
11.2414 -12.7073 1.5306
11.2445 -12.6338 1.52636
11.2503 -12.5218 1.51267
11.2577 -12.4097 1.4964
11.2673 -12.2971 1.47581
11.275 -12.2219 1.46209
11.2879 -12.11 1.45012
11.302 -11.9991 1.43816
11.3178 -11.8867 1.42361
11.3292 -11.8113 1.41764
11.3468 -11.6999 1.40999
11.3653 -11.5905 1.39802
11.3779 -11.5186 1.39637
11.3974 -11.4102 1.38871
11.4188 -11.3001 1.36985
11.4418 -11.1915 1.35271
11.4581 -11.1194 1.34502
11.4836 -11.0103 1.33737
11.5094 -10.9006 1.34178
11.5263 -10.8268 1.35048
11.5503 -10.7176 1.3592
11.573 -10.6091 1.36879
11.5945 -10.5002 1.38269
11.6081 -10.4273 1.39138
11.6268 -10.3186 1.40873
11.643 -10.2111 1.43469
11.6521 -10.1404 1.45114
11.6634 -10.0341 1.47797
11.671 -9.92599 1.5229
11.6736 -9.81729 1.57128
11.6724 -9.74527 1.60498
11.6657 -9.63925 1.66284
11.6532 -9.53666 1.71984
11.6415 -9.46791 1.7587
11.6194 -9.36736 1.8157
11.5915 -9.26846 1.87701
11.5566 -9.17056 1.94866
11.5292 -9.10624 1.99874
11.4816 -9.01189 2.07643
11.4278 -8.92325 2.15757
11.3885 -8.86748 2.21022
11.3247 -8.78815 2.28619
11.2543 -8.71252 2.35526
11.1794 -8.64211 2.41829
11.1273 -8.59783 2.45629
11.0469 -8.53568 2.5107
10.9621 -8.47734 2.5677
10.9031 -8.44093 2.61001
10.8093 -8.38976 2.67391
10.7111 -8.34366 2.73177
10.6102 -8.30247 2.77585
10.5424 -8.27758 2.8035
10.4388 -8.24335 2.84154
10.3347 -8.21275 2.87009
10.2659 -8.19433 2.88999
10.1624 -8.16953 2.92285
10.0567 -8.14738 2.94709
9.98554 -8.13397 2.96354
9.87637 -8.11598 2.99296
9.76694 -8.10099 3.01806
9.65661 -8.08856 3.04058
9.58317 -8.08163 3.05445
9.47272 -8.07241 3.06231
9.36014 -8.06328 3.05897
9.28359 -8.05674 3.05387
9.1694 -8.04616 3.04449
9.05317 -8.03475 3.04288
8.93594 -8.0237 3.05247
8.85747 -8.01703 3.06117
8.73947 -8.00825 3.07335
8.62366 -8.00114 3.08725
8.5475 -7.99736 3.09681
8.4308 -7.99284 3.10899
8.31481 -7.98987 3.12289
8.19995 -7.98842 3.13507
8.12273 -7.98812 3.14031
8.00825 -7.98867 -3.1307
7.89264 -7.99093 -3.11334
7.81354 -7.99371 -3.09947
7.69655 -8.00017 -3.0735
7.58357 -8.00915 -3.05098
7.47119 -8.02045 -3.0319
7.39582 -8.02918 -3.02063
7.28399 -8.04361 -3.00586
7.17198 -8.05955 -2.99455
7.09865 -8.07054 -2.99103
6.98984 -8.08711 -2.99007
6.87907 -8.10359 -2.99772
6.76738 -8.11904 -3.01055
6.69362 -8.12828 -3.02341
6.58267 -8.14034 -3.04313
6.47243 -8.1498 -3.06889
6.39977 -8.15431 -3.09038
6.29014 -8.15761 -3.13252
6.18106 -8.15569 3.09731
6.10918 -8.15105 3.05686
6.00234 -8.13854 2.99316
5.89693 -8.11913 2.92601
5.79507 -8.09336 2.86145
5.72857 -8.07238 2.81065
5.63394 -8.03538 2.72711
5.54391 -7.99125 2.64444
5.4853 -7.95715 2.58502
5.40381 -7.90108 2.49286
5.32877 -7.83871 2.40329
5.26028 -7.77029 2.31027
5.21849 -7.72161 2.24997
5.16156 -7.64403 2.15781
5.11287 -7.56281 2.06393
5.08542 -7.50782 2.00364
5.05071 -7.42344 1.91837
5.02347 -7.33636 1.82965
5.00974 -7.27763 1.77108
4.99586 -7.1896 1.68323
4.98964 -7.10223 1.60054
4.99015 -7.01752 1.52906
4.9936 -6.96231 1.48773
5.00209 -6.88305 1.44039
5.01388 -6.80518 1.4008
5.02294 -6.75451 1.38706
5.03715 -6.67998 1.37764
5.05113 -6.60697 1.38547
5.05996 -6.55839 1.39673
5.07179 -6.48675 1.41749
5.08178 -6.41561 1.44514
5.08925 -6.34551 1.48401
5.09266 -6.29838 1.51336
5.09494 -6.22772 1.56344
5.0935 -6.15493 1.61782
5.09027 -6.10644 1.65666
5.08163 -6.03261 1.71794
5.06875 -5.96075 1.77836
5.05734 -5.91154 1.81893
5.03562 -5.83504 1.87591
5.00953 -5.75869 1.92426
4.97996 -5.6828 1.96055
4.95821 -5.63152 1.98302
4.92326 -5.55414 2.00724
4.88497 -5.47344 2.02026
4.84501 -5.39014 2.01603
4.8185 -5.33404 2.00833
4.77938 -5.2478 1.98514
4.74174 -5.15653 1.93868
4.70837 -5.06218 1.88273
4.68851 -4.99594 1.84141
4.66353 -4.8931 1.77685
4.64474 -4.7866 1.71402
4.63579 -4.71474 1.67529
4.627 -4.60445 1.62539
4.62323 -4.49483 1.58497
4.6232 -4.42223 1.55745
4.62698 -4.31261 1.5153
4.63496 -4.20361 1.48006
4.64227 -4.13118 1.4603
4.65575 -4.02252 1.43454
4.67085 -3.91543 1.42688
4.68612 -3.81031 1.42611
4.70188 -3.70371 1.42191
4.71271 -3.63153 1.42197
4.72917 -3.52172 1.42208
4.74576 -3.41156 1.42046
4.75681 -3.33882 1.41966
4.77327 -3.23038 1.42063
4.79027 -3.12183 1.41039
4.80248 -3.0485 1.40097
4.82212 -2.93825 1.38815
4.84338 -2.82713 1.37532
4.86558 -2.71599 1.37198
4.88068 -2.64105 1.37205
4.90352 -2.52808 1.37043
4.92686 -2.41561 1.36192
4.94289 -2.34125 1.35509
4.96797 -2.22975 1.34399
4.99448 -2.11837 1.33031
5.02194 -2.00862 1.32093
5.04084 -1.93613 1.31065
5.07059 -1.82916 1.28834
5.10294 -1.72235 1.26517
5.12648 -1.65022 1.24541
5.16442 -1.54384 1.21103
5.20581 -1.4402 1.17061
5.23634 -1.37137 1.1362
5.28722 -1.27053 1.07078
5.34522 -1.1734 0.994153
5.41049 -1.08099 0.917528
5.4573 -1.02274 0.87018
5.53053 -0.941099 0.80907
5.60839 -0.863574 0.757444
5.69147 -0.7882 0.716166
5.74802 -0.740249 0.690371
5.83327 -0.672455 0.653401
5.91955 -0.608546 0.621602
5.97842 -0.567366 0.599253
6.06886 -0.507731 0.566593
6.16143 -0.450721 0.537382
6.25488 -0.39666 0.511619
6.31699 -0.362518 0.49358
6.41009 -0.313813 0.470401
6.50614 -0.266676 0.44205
6.57122 -0.236723 0.420563
6.66921 -0.195206 0.381004
6.76855 -0.158161 0.332823
6.83631 -0.136071 0.297542
6.93862 -0.107517 0.246774
7.04207 -0.0842791 0.195145
7.14636 -0.0662181 0.147825
7.21565 -0.0568728 0.120302
7.32039 -0.0463997 0.0790177
7.42509 -0.0402809 0.0377327
7.49364 -0.0384896 0.014519
7.59314 -0.0389276 -0.0233229
7.69195 -0.0435738 -0.070648
7.78854 -0.0525422 -0.114527
7.85236 -0.0607472 -0.141193
7.94776 -0.0760281 -0.176451
8.04025 -0.0935034 -0.197054
8.10085 -0.105872 -0.205618
8.19256 -0.125244 -0.210703
8.28613 -0.145167 -0.208888
8.34909 -0.158428 -0.206242
8.44416 -0.177756 -0.194943
8.53944 -0.195926 -0.181919
8.63458 -0.212788 -0.168896
8.69826 -0.223306 -0.15849
8.79526 -0.238333 -0.148914
8.8923 -0.253101 -0.153133
8.95662 -0.263226 -0.159107
9.05195 -0.278982 -0.1685
9.14944 -0.295778 -0.172718
9.24672 -0.312658 -0.170901
9.31111 -0.323596 -0.165667
9.40669 -0.338981 -0.153506
9.50148 -0.353183 -0.143932
9.56425 -0.362057 -0.136975
9.66003 -0.374792 -0.127401
9.75688 -0.386685 -0.116964
9.82214 -0.394181 -0.111729
9.92148 -0.404628 -0.0978411
10.0229 -0.41352 -0.077054
10.0925 -0.418495 -0.0657805
10.1979 -0.424798 -0.0536113
10.3036 -0.429781 -0.0405797
10.4106 -0.433425 -0.027547
10.4824 -0.435154 -0.0205823
10.5898 -0.436479 -0.00410066
10.6966 -0.436083 0.0115183
10.768 -0.434949 0.0202068
10.8759 -0.432484 0.025481
10.9877 -0.428955 0.0376559
11.1015 -0.424121 0.0472465
11.1784 -0.420248 0.0533539
11.2927 -0.413742 0.0603584
11.4078 -0.406883 0.0587422
11.4847 -0.40259 0.0527794
11.6005 -0.396863 0.0459911
11.7172 -0.392091 0.0357548
11.8341 -0.388154 0.0315538
11.9125 -0.385679 0.0316273
12.0321 -0.38194 0.0308774
12.1517 -0.378393 0.0284033
12.2304 -0.376086 0.0302014
12.3491 -0.372494 0.0303129
12.4681 -0.368468 0.0373218
12.5861 -0.363595 0.045192
12.6637 -0.360087 0.0452648
12.7794 -0.354789 0.0462356
12.8945 -0.349258 0.0497923
12.9716 -0.345345 0.0515891
13.088 -0.338874 0.059458
13.2036 -0.331337 0.0707745
13.3176 -0.323397 0.0682953
13.3935 -0.318334 0.064918
13.5084 -0.310913 0.0641638
13.6243 -0.303705 0.0599621
13.7012 -0.298987 0.0626208
13.8133 -0.29132 0.0739343
13.9256 -0.282709 0.0792127
14.0376 -0.27357 0.083629
14.1126 -0.267084 0.0888725
14.2236 -0.257189 0.088977
14.3342 -0.247413 0.0873569
14.4072 -0.240946 0.08915
14.5158 -0.231758 0.0797685
14.6238 -0.224144 0.0609028
14.6954 -0.220244 0.0480377
14.8036 -0.215969 0.0308962
14.9127 -0.213251 0.0189286
15.0227 -0.210925 0.0233426
15.0967 -0.209037 0.0277227
15.2059 -0.206237 0.0235145
15.3135 -0.204259 0.0132696
15.4205 -0.203526 0.000437488
15.4929 -0.20396 -0.0124268
15.5999 -0.206068 -0.0269829
15.706 -0.209524 -0.0380912
15.7767 -0.212518 -0.0466464
15.8827 -0.21806 -0.0577548
15.9899 -0.224484 -0.0619648
16.0959 -0.231285 -0.0661759
16.1657 -0.235906 -0.0661103
16.2679 -0.242092 -0.054806
16.3696 -0.246525 -0.0322945
16.4353 -0.248078 -0.0149901
16.5307 -0.247817 0.0204477
16.624 -0.24325 0.077438
16.7154 -0.233008 0.145635
16.7762 -0.222457 0.198284
16.8626 -0.200699 0.294928
16.943 -0.171686 0.397605
16.9929 -0.148678 0.466628
17.0616 -0.109344 0.57361
17.1241 -0.0639752 0.682313
17.1615 -0.0312064 0.755642
17.2123 0.0226027 0.873828
17.255 0.0808329 1.00149
17.2788 0.121875 1.08861
17.3071 0.18542 1.21628
17.3211 0.228528 1.29564
17.3387 0.315915 1.44919
17.3424 0.359555 1.52165
17.3423 0.422756 1.6243
17.3358 0.484276 1.7261
17.3235 0.543705 1.82616
17.3123 0.581269 1.89345
17.2914 0.634586 1.99351
17.2657 0.684666 2.09616
17.2462 0.715918 2.16517
17.2138 0.758865 2.26867
17.1779 0.797392 2.37218
17.1388 0.831434 2.47914
17.1105 0.851951 2.54987
17.0667 0.877991 2.65941
17.0223 0.898199 2.76981
16.9918 0.9088 2.84398
16.9461 0.919921 2.96214
16.8994 0.925492 3.08375
16.8525 0.925373 -3.07869
16.8208 0.922108 -2.99934
16.7722 0.912385 -2.88894
16.7225 0.896802 -2.78629
16.6885 0.88302 -2.72677
16.6379 0.858375 -2.64999
16.5876 0.829502 -2.59131
16.5545 0.808493 -2.56023
16.5041 0.773897 -2.51879
16.4548 0.736835 -2.47476
16.4065 0.697008 -2.42987
16.3757 0.669564 -2.39966
16.3301 0.626036 -2.35822
16.2857 0.58053 -2.3297
16.2569 0.549844 -2.31846
16.2147 0.504402 -2.32099
16.1728 0.460462 -2.34335
16.1302 0.418345 -2.38122
16.1012 0.391664 -2.41309
16.0568 0.353995 -2.46217
16.0277 0.331113 -2.49059
15.9844 0.29947 -2.52934
15.9419 0.270741 -2.56464
15.9 0.244392 -2.59735
15.8568 0.219199 -2.62834
15.8271 0.202799 -2.64814
15.7769 0.176824 -2.67913
15.7218 0.150564 -2.71528
15.6593 0.123731 -2.7566
15.6143 0.1063 -2.78673
15.5424 0.0815347 -2.83321
15.4651 0.0586414 -2.87452
15.4091 0.0440315 -2.89774
15.3225 0.0240096 -2.93128
15.2325 0.00646477 -2.96655
15.1715 -0.00362542 -2.98891
15.0769 -0.0165611 -3.02244
14.9812 -0.0263145 -3.0577
14.8842 -0.0330432 -3.08692
14.819 -0.0360518 -3.1041
14.7192 -0.0390258 -3.11953
14.6185 -0.0409912 -3.1246
14.5507 -0.0422329 -3.12195
14.4461 -0.0446998 -3.1141
14.3412 -0.0480403 -3.10538
14.2378 -0.0521063 -3.09924
14.1683 -0.0549925 -3.1009
14.0625 -0.0589839 -3.10684
13.9913 -0.0612475 -3.11281
13.8459 -0.0645025 -3.1256
13.772 -0.0654643 -3.13157
13.6598 -0.0666913 -3.12974
13.5461 -0.0683393 -3.12446
13.4697 -0.0697836 -3.12094
13.3566 -0.072955 -3.10618
13.2461 -0.0779268 -3.08711
13.1736 -0.082321 -3.07497
13.064 -0.0902087 -3.06452
12.955 -0.0989587 -3.05838
12.8444 -0.108383 -3.05483
12.7692 -0.115025 -3.05217
12.6544 -0.125521 -3.04861
12.5369 -0.137054 -3.03902
12.4584 -0.145377 -3.03291
12.3438 -0.15828 -3.02591
12.2297 -0.171545 -3.0258
12.1532 -0.180348 -3.02831
12.0388 -0.192917 -3.03596
11.9236 -0.204887 -3.04017
11.8097 -0.216387 -3.04178
11.7339 -0.224087 -3.03912
11.6187 -0.236289 -3.03298
11.502 -0.24947 -3.02511
11.3863 -0.263277 -3.02069
11.3088 -0.272619 -3.02234
11.231 -0.281677 -3.02917
11.0756 -0.297133 -3.05575
10.9975 -0.303182 -3.07292
10.8799 -0.309901 -3.09608
10.8008 -0.312959 -3.1098
10.6812 -0.315686 -3.1278
10.5617 -0.316311 3.13826
10.4457 -0.314931 3.12112
10.3295 -0.311306 3.09968
10.2515 -0.307394 3.08337
10.1332 -0.299026 3.05848
10.0153 -0.287616 3.03186
9.93706 -0.278387 3.01642
9.82273 -0.262452 2.9898
9.70717 -0.243045 2.9606
9.62906 -0.228126 2.94515
9.51246 -0.203882 2.92802
9.39625 -0.177844 2.91434
9.31878 -0.159864 2.91269
9.20337 -0.132928 2.91194
9.08769 -0.105418 2.90429
8.97171 -0.0775328 2.90699
8.89358 -0.0590058 2.91051
8.77602 -0.0319926 2.92097
8.65762 -0.00694375 2.94523
8.57931 0.00796553 2.96168
8.45894 0.0288865 2.97732
8.33998 0.0477051 2.99209
8.22059 0.0649463 3.00427
8.14043 0.0756337 3.01383
8.02013 0.0903968 3.02515
7.89951 0.104182 3.03044
7.77655 0.117685 3.034
7.69364 0.12642 3.03925
7.5694 0.138847 3.04454
7.44583 0.150118 3.05673
7.36426 0.156699 3.06543
7.24206 0.165912 3.06727
7.12023 0.175082 3.06566
6.99939 0.184531 3.06146
6.91879 0.191105 3.05895
6.80083 0.200358 3.06768
6.68432 0.208373 3.07814
6.56523 0.215366 3.08773
6.48562 0.219414 3.09384
6.36626 0.224699 3.10085
6.24495 0.229428 3.10441
6.16433 0.232354 3.10621
6.04417 0.236911 3.10115
5.92366 0.2423 3.09265
5.84461 0.246238 3.091
5.72645 0.252419 3.08766
5.60713 0.258648 3.09122
5.48817 0.264227 3.09823
5.40911 0.267723 3.09658
5.29072 0.273305 3.09238
5.17198 0.279404 3.08818
5.0525 0.286147 3.08226
4.97292 0.290905 3.08147
4.85556 0.29776 3.08503
4.73896 0.304256 3.08686
4.66051 0.308517 3.0878
4.54137 0.314462 3.09567
4.4218 0.319485 3.10354
4.30335 0.323528 3.11141
4.22559 0.325772 3.11407
4.10789 0.329057 3.11332
4.02859 0.331467 3.10908
3.91014 0.335568 3.10488
3.79113 0.340035 3.10327
3.67154 0.344356 3.10769
3.59186 0.346746 3.11553
3.47145 0.349307 3.12512
3.3514 0.350811 3.133
3.2325 0.351673 3.13569
3.15356 0.352102 3.13663
3.036 0.352678 3.13674
2.91979 0.353286 3.13599
2.80435 0.354076 3.13351
2.72655 0.354736 3.13272
2.60862 0.355877 3.13111
2.48991 0.357013 3.13294
2.41116 0.357556 3.13646
2.2961 0.357991 3.13916
2.18277 0.358456 3.13582
2.06944 0.3593 3.13247
1.99434 0.360079 3.12996
1.88294 0.361561 3.12661
1.77384 0.362908 3.13189
1.70238 0.363475 3.13541
1.59539 0.363901 3.13982
1.48974 0.36381 -3.1381
1.38736 0.363227 -3.13369
1.32052 0.362639 -3.1319
1.22218 0.361597 -3.13009
1.13037 0.360457 -3.12828
1.06948 0.359618 -3.12736
0.985738 0.35835 -3.12555
0.907185 0.357054 -3.12462
0.858596 0.356165 -3.12199
0.792148 0.354745 -3.11847
0.732043 0.353276 -3.11583
0.680198 0.351894 -3.11406
0.647939 0.350977 -3.1123
0.605315 0.349691 -3.11054
0.569989 0.348593 -3.11051
0.550405 0.347984 -3.11049
0.525638 0.347223 -3.11133
0.506629 0.346672 -3.1139
0.489539 0.346221 -3.11647
0.479938 0.34598 -3.11646
0.466688 0.345652 -3.11731
0.45555 0.345391 -3.11902
0.449405 0.345252 -3.11902
0.442107 0.345094 -3.12073
0.436346 0.344979 -3.12245
0.432505 0.344905 -3.12245
0.430969 0.344876 -3.12245
0.429816 0.344854 -3.12245
0.430008 0.344857 -3.12158
0.430584 0.344869 -3.12072
0.431353 0.344885 -3.12072
0.431929 0.344897 -3.12159
0.432121 0.344901 -3.12072
0.432121 0.344901 -3.12072
0.432121 0.344901 -3.12072
0.432121 0.344901 -3.12072
0.432121 0.344901 -3.12072
0.432313 0.344905 -3.12159
0.432505 0.344909 -3.12245
0.432505 0.344909 -3.12245
0.432505 0.344909 -3.12245
0.432505 0.344909 -3.12245
0.432505 0.344909 -3.12245
0.432505 0.344909 -3.12245
0.432505 0.344909 -3.12245
0.432505 0.344909 -3.12245
0.432505 0.344909 -3.12245
0.432505 0.344909 -3.12245
0.432505 0.344909 -3.12245
0.432505 0.344909 -3.12245
0.432505 0.344909 -3.12245
0.432505 0.344909 -3.12245
0.432505 0.344909 -3.12245
0.432505 0.344909 -3.12245
0.432505 0.344909 -3.12245
0.432505 0.344909 -3.12245
