1.33913 -0.00819428 -0.012238 3478350 3930660
1.4313091 -0.0089617992 -0.0044151276 3480700 3933100
1.4928882 -0.0091262932 -0.00092738557 3482280 3934720
1.5877572 -0.0094986498 -0.0069224876 3484780 3937150
1.6857001 -0.01063941 -0.016370856 3487380 3939640
1.7511152 -0.011935334 -0.02324551 3489120 3941300
1.849607 -0.014563124 -0.030102424 3491720 3943820
1.9486625 -0.017671659 -0.032640456 3494310 3946380
2.0492608 -0.020736245 -0.028267906 3496900 3949020
2.1175507 -0.02257738 -0.025640194 3498660 3950810
2.2200831 -0.025248396 -0.026448932 3501330 3953470
2.2891419 -0.027163611 -0.029003076 3503140 3955250
2.4272445 -0.031403792 -0.032383862 3506750 3958820
2.4966744 -0.03374174 -0.034937776 3508570 3960610
2.6035933 -0.037753105 -0.040062723 3511380 3963360
2.7118468 -0.042136041 -0.040868435 3514200 3966170
2.7827888 -0.045189043 -0.045148892 3516070 3967990
2.8886989 -0.050291865 -0.051138061 3518860 3970710
2.9976688 -0.055818863 -0.050215879 3521690 3973550
3.0701315 -0.059365175 -0.047585812 3523560 3975450
3.1822049 -0.064456414 -0.043207154 3526450 3978390
3.2931548 -0.068817955 -0.035374213 3529290 3981320
3.4025873 -0.072545496 -0.032724386 3532120 3984180
3.4762452 -0.075114542 -0.03700346 3534060 3986070
3.5877585 -0.079818263 -0.047308221 3537020 3988910
3.6993965 -0.085921983 -0.061931453 3540010 3991730
3.7742773 -0.090953559 -0.072255809 3542020 3993620
3.8861348 -0.09958097 -0.081696546 3544990 3996480
3.9969997 -0.10855874 -0.079909506 3547870 3999380
4.109016 -0.11762299 -0.081576706 3550800 4002290
4.1845836 -0.12379971 -0.081536072 3552770 4004260
4.2977685 -0.13275023 -0.076292901 3555690 4007240
4.4109904 -0.14120489 -0.072777215 3558620 4010210
4.4868038 -0.14669767 -0.071872742 3560590 4012190
4.6004459 -0.15467875 -0.068356902 3563530 4015170
4.7135079 -0.16266124 -0.072614691 3566500 4018090
4.7885361 -0.16834553 -0.078620369 3568490 4020010
4.9005717 -0.1771686 -0.078560123 3571410 4022930
5.0137665 -0.18597771 -0.076771829 3574350 4025890
5.1285184 -0.19460184 -0.07325533 3577320 4028900
5.2043434 -0.19993443 -0.067168589 3579260 4030910
5.3170659 -0.20726935 -0.062789501 3582170 4033870
5.4305621 -0.21454927 -0.065319681 3585140 4036810
5.506794 -0.2195673 -0.06614249 3587130 4038790
5.6215979 -0.22746708 -0.071263056 3590150 4041750
5.7384692 -0.2361613 -0.077246285 3593230 4044760
5.8539546 -0.24529701 -0.080639038 3596260 4047750
5.9301007 -0.25148224 -0.081461821 3598250 4049730
6.0465096 -0.26113432 -0.083990307 3601300 4052750
6.1646484 -0.27087096 -0.080471951 3604360 4055850
6.2436919 -0.27703772 -0.075247172 3606390 4057940
6.3609565 -0.28561992 -0.070865584 3609420 4061020
6.475571 -0.29350354 -0.066485563 3612380 4064030
6.5901483 -0.3018748 -0.079379592 3615440 4066940
6.6679815 -0.30867379 -0.094884867 3617560 4068880
6.7850444 -0.32154796 -0.12418777 3620790 4071770
6.9011162 -0.33771657 -0.15262755 3624000 4074650
6.9792082 -0.35024565 -0.16554089 3626130 4076630
7.0973795 -0.37045702 -0.17325007 3629290 4079700
7.2172857 -0.39191775 -0.18095822 3632500 4082820
7.2978734 -0.40694815 -0.18782401 3634670 4084910
7.4172763 -0.43006606 -0.19466865 3637870 4088030
7.5351449 -0.45398994 -0.20583247 3641060 4091090
7.652007 -0.47896552 -0.2152692 3644220 4094140
7.7303635 -0.49627435 -0.21954476 3646330 4096200
7.846934 -0.52344729 -0.23848251 3649550 4099200
7.9607541 -0.55215757 -0.25569381 3652700 4102150
8.0368412 -0.57229214 -0.26169759 3654780 4104160
8.1514646 -0.60325438 -0.26595249 3657890 4107220
8.2674053 -0.63451077 -0.26070585 3660980 4110370
8.3442588 -0.65476315 -0.25461726 3663010 4112470
8.4587792 -0.68461786 -0.25541764 3666090 4115540
8.5725741 -0.71495902 -0.26571914 3669210 4118540
8.6857966 -0.74666383 -0.28033932 3672350 4121510
8.7612866 -0.76892787 -0.29325268 3674470 4123480
8.8723227 -0.80329131 -0.30700986 3677570 4126420
8.9813941 -0.83812629 -0.31126708 3680570 4129370
9.0535305 -0.86147035 -0.31468123 3682560 4131320
9.1624531 -0.89676465 -0.31202875 3685520 4134310
9.2731185 -0.93166791 -0.29901084 3688460 4137400
9.3837478 -0.9647224 -0.28167466 3691360 4140500
9.4559843 -0.98508392 -0.26781478 3693230 4142530
9.5637705 -1.0133106 -0.24443485 3695990 4145560
9.6720739 -1.0394774 -0.22969213 3698800 4148540
9.7799388 -1.064155 -0.22013183 3701620 4151470
9.8511873 -1.0797409 -0.21059189 3703460 4153420
9.9591652 -1.1020887 -0.19757693 3706250 4156360
10.069225 -1.1228354 -0.1750603 3709030 4159400
10.143444 -1.1352022 -0.15515452 3710870 4161470
10.254932 -1.1508162 -0.12313678 3713610 4164580
10.366645 -1.1630738 -0.095437678 3716370 4167660
10.441606 -1.1695627 -0.077259602 3718220 4169720
10.553563 -1.1768171 -0.052151572 3720990 4172780
10.666419 -1.1816788 -0.033953023 3723820 4175820
10.741823 -1.1837821 -0.021820761 3725710 4177850
10.852462 -1.1854765 -0.0088056713 3728510 4180800
10.963689 -1.1860683 -0.0018362763 3731360 4183730
11.077225 -1.1854889 0.012044124 3734230 4186760
11.154184 -1.1840284 0.025904566 3736150 4188840
11.272454 -1.1796821 0.047561078 3739100 4192040
11.390406 -1.172736 0.070080904 3742040 4195240
11.504374 -1.1639406 0.083961562 3744930 4198290
11.580676 -1.1573184 0.089184804 3746890 4200310
11.697043 -1.1471622 0.08492875 3749950 4203320
11.811744 -1.1378925 0.076353357 3752990 4206260
11.887935 -1.1322938 0.070348297 3755010 4208210
12.001959 -1.1242556 0.070409557 3757980 4211180
12.114803 -1.1159018 0.077379918 3760880 4214160
12.230246 -1.1062449 0.089534011 3763820 4217240
12.308226 -1.098937 0.097349419 3765810 4219320
12.424427 -1.0870278 0.10691293 3768790 4222410
12.540924 -1.0742669 0.1112943 3771810 4225480
12.617601 -1.0655956 0.11392677 3773800 4227500
12.730588 -1.0526144 0.11485137 3776750 4230460
12.842842 -1.0400053 0.1088659 3779720 4233360
12.953069 -1.0283396 0.10201559 3782640 4236200
13.026021 -1.0210291 0.097736339 3784570 4238080
13.138651 -1.0101788 0.094342155 3787530 4241000
13.253411 -0.99936623 0.093540216 3790530 4243990
13.328901 -0.99228275 0.093580777 3792500 4245960
13.439488 -0.98233371 0.085866924 3795430 4248800
13.550165 -0.9734291 0.074698139 3798380 4251620
13.623879 -0.96823117 0.066100446 3800350 4253490
13.733764 -0.96181135 0.050612604 3803300 4256260
13.842574 -0.95695566 0.038579003 3806200 4259020
13.949504 -0.95328768 0.029999278 3809030 4261750
14.055504 -0.95069933 0.018827812 3811850 4264440
14.128621 -0.94951062 0.013684672 3813780 4266310
14.239264 -0.94823208 0.0094254161 3816680 4269160
14.350296 -0.94732608 0.0068938038 3819580 4272030
14.423804 -0.94681787 0.0069332251 3821490 4273940
14.532526 -0.94592004 0.0095826141 3824300 4276780
14.638361 -0.94481141 0.011366742 3827040 4279540
14.709172 -0.9440663 0.0096772896 3828890 4281370
14.815203 -0.94344931 0.0019606004 3831690 4284080
14.918732 -0.94369055 -0.0066209806 3834430 4286720
15.02014 -0.944841 -0.016067517 3837120 4289300
15.088637 -0.94599959 -0.017758223 3838910 4291070
15.190994 -0.94790309 -0.01943077 3841580 4293720
15.290271 -0.94991551 -0.021105045 3844170 4296290
15.355489 -0.95143189 -0.025388628 3845890 4297960
15.453595 -0.95409021 -0.028790923 3848460 4300490
15.55207 -0.95726411 -0.035647772 3851060 4303010
15.651295 -0.96105757 -0.040776844 3853670 4305560
15.717053 -0.96373928 -0.040741573 3855380 4307270
15.811866 -0.96706878 -0.02946228 3857780 4309800
15.904791 -0.96904208 -0.013002042 3860100 4312310
15.966562 -0.96949742 -0.0017403966 3861640 4313980
16.059696 -0.96845052 0.024221055 3863910 4316550
16.149101 -0.96469768 0.059681339 3866030 4319080
16.207641 -0.96046246 0.084760619 3867410 4320750
16.292007 -0.95126963 0.13231048 3869340 4323230
16.373135 -0.93821558 0.18676859 3871160 4325680
16.449072 -0.92154099 0.24554294 3872840 4328040
16.495655 -0.90876986 0.28961832 3873840 4329550
16.5624 -0.88627681 0.36048001 3875260 4331790
16.624643 -0.86003916 0.43738682 3876570 4333990
16.663877 -0.84039623 0.49096066 3877400 4335440
16.71953 -0.80747578 0.5773677 3878580 4337620
16.768679 -0.77199193 0.67327162 3879600 4339750
16.798236 -0.74674186 0.7406632 3880220 4341150
16.836608 -0.70782181 0.84433831 3881040 4343170
16.868375 -0.66792634 0.95233004 3881740 4345120
16.894316 -0.62672284 1.0655028 3882350 4347040
16.908583 -0.59835492 1.1441168 3882720 4348320
16.920081 -0.57020559 1.2218685 3883060 4349560
16.935491 -0.51496517 1.3756394 3883660 4351940
16.941092 -0.47416301 1.4931278 3884050 4353690
16.942119 -0.44646955 1.5743307 3884300 4354880
16.939312 -0.40518778 1.7030464 3884630 4356700
16.931414 -0.36535595 1.8300342 3884950 4358490
16.923683 -0.3403503 1.9112374 3885160 4359640
16.908483 -0.30436048 2.0295884 3885490 4361340
16.888759 -0.26974871 2.1479387 3885840 4363060
16.87309 -0.24759433 2.2248238 3886100 4364210
16.846016 -0.21605172 2.3354005 3886540 4365930
16.815061 -0.1868855 2.4364779 3887060 4367620
16.780919 -0.16056648 2.5332371 3887620 4369300
16.756548 -0.14473931 2.5980323 3888000 4370430
16.714257 -0.12220579 2.7060213 3888620 4372300
16.667576 -0.10366245 2.8209234 3889260 4374270
16.634294 -0.094058534 2.9004026 3889700 4375630
16.582817 -0.084561311 3.0178959 3890380 4377670
16.530585 -0.081118729 3.1336628 3891070 4379700
16.495384 -0.082193194 -3.0726341 3891540 4381060
16.442689 -0.088866956 -2.9585942 3892260 4383100
16.389782 -0.10179091 -2.8454185 3893020 4385170
16.337508 -0.12078042 -2.7408792 3893860 4387220
16.303279 -0.13662562 -2.6752176 3894460 4388580
16.254224 -0.16403749 -2.5888154 3895420 4390540
16.207301 -0.19530376 -2.5188243 3896480 4392410
16.162503 -0.22954276 -2.4591984 3897600 4394220
16.133426 -0.25386832 -2.4306755 3898420 4395370
16.090911 -0.29177866 -2.3960962 3899700 4397050
16.049025 -0.33122759 -2.3762001 3901080 4398660
16.021087 -0.35825649 -2.3692695 3902050 4399710
15.978393 -0.39992137 -2.3675102 3903590 4401270
15.935113 -0.44208789 -2.3709327 3905180 4402820
15.905771 -0.47043129 -2.3760931 3906270 4403850
15.860787 -0.51332562 -2.3838333 3907930 4405420
15.813197 -0.55766108 -2.3993451 3909710 4407020
15.764438 -0.60157761 -2.4174482 3911520 4408620
15.729739 -0.63176316 -2.4338339 3912810 4409720
15.675508 -0.67700301 -2.4588438 3914790 4411410
15.618197 -0.72210959 -2.4907625 3916870 4413120
15.578647 -0.75147939 -2.5149198 3918290 4414260
15.516178 -0.79444693 -2.5632477 3920540 4415950
15.451174 -0.8342122 -2.6219396 3922860 4417590
15.382494 -0.87022685 -2.695314 3925300 4419180
15.3341 -0.89163502 -2.7548811 3927020 4420210
15.258713 -0.91798081 -2.8558929 3929680 4421700
15.181232 -0.93651209 -2.9577695 3932340 4423180
15.1291 -0.94439925 -3.025111 3934100 4424160
15.049425 -0.94980176 -3.122667 3936740 4425670
14.968823 -0.94774321 3.0715988 3939350 4427250
14.914806 -0.94254753 3.0198044 3941060 4428360
14.832137 -0.92940908 2.9481616 3943650 4430120
14.748269 -0.91029591 2.8868835 3946240 4432000
14.664826 -0.88644233 2.8394261 3948770 4433980
14.609206 -0.86831221 2.813546 3950440 4435350
14.525589 -0.83868213 2.7885458 3952890 4437510
14.442941 -0.80806771 2.7851382 3955200 4439780
14.361412 -0.77831153 2.7981408 3957380 4442110
14.3041 -0.75856722 2.8214932 3958820 4443820
14.215203 -0.73142581 2.8690479 3960960 4446510
14.123111 -0.70862372 2.9286951 3963080 4449320
14.061542 -0.69659009 2.968459 3964480 4451180
13.966756 -0.68245263 3.0186059 3966680 4453960
13.871831 -0.67246567 3.054933 3968950 4456650
13.776491 -0.66489002 3.0696674 3971350 4459220
13.712375 -0.66038289 3.0731567 3973000 4460910
13.613896 -0.65350729 3.0706185 3975580 4463460
13.514855 -0.64638279 3.0689443 3978170 4466030
13.448827 -0.64163605 3.0707072 3979880 4467760
13.347623 -0.63511143 3.0837174 3982440 4470470
13.244024 -0.63005402 3.1019109 3985030 4473270
13.141312 -0.62686718 3.1192402 3987600 4476040
13.074159 -0.62580228 3.1322321 3989270 4477860
12.971976 -0.62568702 -3.134488 3991830 4480610
12.86672 -0.62693788 -3.1249307 3994510 4483400
12.79611 -0.62826835 -3.1205743 3996320 4485260
12.6903 -0.63076994 -3.1153353 3999040 4488040
12.583922 -0.63370473 -3.1126871 4001790 4490820
12.51333 -0.63583867 -3.110058 4003610 4492670
12.406787 -0.63957112 -3.1030913 4006340 4495480
12.29739 -0.64421427 -3.0952592 4009140 4498370
12.184751 -0.64963535 -3.0917438 4012050 4501320
12.110376 -0.65344403 -3.0891128 4013970 4503270
11.999691 -0.65935727 -3.087326 4016840 4506160
11.89034 -0.66496893 -3.0933133 4019720 4508970
11.78134 -0.66990844 -3.0993009 4022590 4511770
11.707891 -0.67289097 -3.1027163 4024520 4513660
11.598469 -0.67691364 -3.1069762 4027390 4516480
11.489425 -0.68074021 -3.1060539 4030220 4519320
11.415585 -0.6836224 -3.0991046 4032100 4521280
11.303521 -0.6889235 -3.0895435 4034960 4524250
11.191913 -0.69556308 -3.0748006 4037780 4527240
11.080415 -0.70384737 -3.0600575 4040600 4530230
11.004869 -0.71028508 -3.0531072 4042530 4532240
10.890635 -0.72052257 -3.0513183 4045500 4535230
10.774111 -0.73107407 -3.0512556 4048540 4538270
10.698183 -0.73755694 -3.0615793 4050580 4540190
10.583212 -0.74583058 -3.0779281 4053670 4543090
10.469858 -0.75227433 -3.0916867 4056700 4545960
10.354875 -0.75692629 -3.110627 4059800 4548840
10.278115 -0.75867528 -3.1269962 4061890 4550740
10.162077 -0.75891939 3.1312036 4065050 4553610
10.048002 -0.75591426 3.099307 4068200 4556390
9.9730578 -0.75196629 3.0786184 4070270 4558220
9.8618049 -0.74302254 3.0441296 4073370 4560920
9.7490596 -0.72963798 3.0027317 4076560 4563630
9.6758304 -0.7184035 2.9759967 4078640 4565400
9.5664928 -0.69799096 2.9380528 4081750 4568070
9.4578821 -0.67400787 2.9104736 4084800 4570800
9.3860542 -0.65664757 2.8984211 4086790 4572650
9.278588 -0.62949747 2.8898434 4089720 4575480
9.1694233 -0.60122202 2.886449 4092670 4578390
9.0615971 -0.57315106 2.8873724 4095560 4581290
8.9897039 -0.55447171 2.8874122 4097490 4583220
8.8800632 -0.52573777 2.8831544 4100460 4586140
8.7711141 -0.49663837 2.8780325 4103420 4589040
8.699238 -0.47714513 2.8754812 4105370 4590960
8.5902237 -0.44682621 2.8651773 4108370 4593840
8.4805075 -0.41544972 2.86092 4111360 4596780
8.3686261 -0.38325233 2.8618461 4114380 4599810
8.2919775 -0.36152089 2.8687986 4116410 4601920
8.1781717 -0.33047897 2.8818175 4119400 4605060
8.0677481 -0.30169501 2.8913794 4122310 4608080
7.9571014 -0.27377679 2.8974866 4125240 4611080
7.882945 -0.25541005 2.9001187 4127210 4613080
7.7715565 -0.22808298 2.9019076 4130180 4616070
7.6600957 -0.20105146 2.9054239 4133140 4619070
7.5870984 -0.18361884 2.908919 4135070 4621040
7.4773891 -0.15837446 2.9219352 4137920 4624040
7.3648443 -0.13437159 2.9409985 4140800 4627140
7.2491193 -0.112506 2.9687007 4143700 4630360
7.1712597 -0.099740753 2.9894722 4145630 4632530
7.054796 -0.083585215 3.0180377 4148520 4635750
6.9404105 -0.070986021 3.0457383 4151350 4638900
6.8667855 -0.064677913 3.0665068 4153150 4640940
6.7561379 -0.058085571 3.0976599 4155850 4644000
6.6455297 -0.054996105 3.1296767 4158540 4647060
6.5358473 -0.056250237 -3.1068092 4161120 4650180
6.4620546 -0.060160568 -3.0704936 4162830 4652310
6.3489211 -0.071815305 -3.0073808 4165420 4655630
6.2744194 -0.08365132 -2.9606997 4167110 4657860
6.163393 -0.10830355 -2.8854963 4169630 4661250
6.0553531 -0.14062352 -2.8163379 4172160 4664580
5.9479359 -0.18082363 -2.7506343 4174760 4667940
5.8782876 -0.21127229 -2.7082716 4176490 4670160
5.7793596 -0.26040801 -2.6529352 4179040 4673350
5.6839215 -0.31447868 -2.5993256 4181580 4676510
5.6221609 -0.35327318 -2.5621466 4183260 4678620
5.5324534 -0.41639427 -2.4947187 4185720 4681860
5.4455326 -0.48732954 -2.4195154 4188200 4685210
5.3631603 -0.56462819 -2.3564037 4190770 4688510
5.3110983 -0.61868691 -2.3183595 4192500 4690680
5.2366029 -0.70334637 -2.2664763 4195130 4693910
5.1651843 -0.79235027 -2.227548 4197870 4697100
5.0967413 -0.88438259 -2.192938 4200650 4700280
5.0527805 -0.94733491 -2.1678492 4202500 4702420
4.9897666 -1.0429356 -2.1392852 4205310 4705560
4.9287253 -1.1418492 -2.108129 4208150 4708760
4.889224 -1.2101479 -2.0821753 4210050 4710960
4.8322862 -1.3171814 -2.0371971 4212940 4714370
4.7805139 -1.4261667 -1.991356 4215810 4717770
4.7350295 -1.5335491 -1.9515624 4218610 4721030
4.7068882 -1.6060217 -1.9307916 4220510 4723170
4.6668718 -1.7163757 -1.9065449 4223420 4726360
4.6288707 -1.8288647 -1.8866157 4226390 4729560
4.6049381 -1.9036411 -1.8744818 4228360 4731670
4.5707925 -2.0163548 -1.8554167 4231310 4734840
4.5398291 -2.1267884 -1.8328986 4234160 4737950
4.5206413 -2.200737 -1.8164471 4236050 4740030
4.4935911 -2.3155575 -1.7878813 4238950 4743260
4.4697884 -2.4303077 -1.762771 4241850 4746450
4.4556205 -2.5063599 -1.7471825 4243770 4748550
4.4362004 -2.6207624 -1.7307099 4246690 4751660
4.418039 -2.7340071 -1.728921 4249660 4754650
4.3998847 -2.8472517 -1.730587 4252650 4757620
4.3875074 -2.9232253 -1.7340006 4254670 4759600
4.3687436 -3.0359803 -1.7373942 4257660 4762550
4.3503517 -3.147434 -1.7312875 4260560 4765520
4.3385033 -3.2229057 -1.7217458 4262490 4767560
4.3223919 -3.336073 -1.7026826 4265350 4770640
4.3089499 -3.449006 -1.6758465 4268150 4773750
4.2984454 -3.56225 -1.6507378 4270960 4776850
4.2929612 -3.6376774 -1.6360144 4272840 4778900
4.2867755 -3.7522038 -1.6134961 4275690 4782010
4.2828435 -3.8662497 -1.5970246 4278560 4785070
4.2810434 -3.9410857 -1.5926659 4280480 4787040
4.2792355 -4.0496059 -1.5822429 4283240 4789920
4.2788456 -4.1565985 -1.5666389 4285930 4792790
4.2802765 -4.2645459 -1.548443 4288630 4795700
4.2824946 -4.3370607 -1.5319936 4290420 4797680
4.2887473 -4.4475353 -1.496522 4293090 4800760
4.2984749 -4.5544748 -1.4636429 4295690 4803740
4.3068091 -4.6240234 -1.4394217 4297370 4805700
4.3224058 -4.727542 -1.4030893 4299880 4808630
4.3413453 -4.8297176 -1.37194 4302400 4811510
4.3631663 -4.9326928 -1.3520183 4305020 4814360
4.3785841 -4.9998378 -1.3381619 4306730 4816230
4.4029112 -5.0967055 -1.311333 4309170 4818980
4.4294718 -5.1909852 -1.2810508 4311540 4821700
4.4487076 -5.2535233 -1.2637412 4313140 4823500
4.4786573 -5.3441505 -1.2395062 4315480 4826120
4.5089981 -5.4301723 -1.2239104 4317760 4828580
4.5294738 -5.4862035 -1.2169688 4319270 4830170
4.5598399 -5.5687367 -1.2195128 4321570 4832440
4.5893185 -5.6503652 -1.2289671 4323880 4834640
4.6169845 -5.7301854 -1.2453324 4326170 4836740
4.6342148 -5.7826582 -1.2617137 4327700 4838080
4.6580932 -5.8612814 -1.2901723 4330000 4840050
4.6793532 -5.9394568 -1.3203589 4332280 4841980
4.6980187 -6.0178961 -1.3540006 4334570 4843880
4.708537 -6.0687765 -1.3798838 4336070 4845080
4.7217705 -6.1457753 -1.4213003 4338340 4846870
4.731648 -6.2223061 -1.463581 4340590 4848630
4.7363904 -6.2726941 -1.4903294 4342060 4849790
4.7409891 -6.3506856 -1.5334729 4344340 4851570
4.74225 -6.4307277 -1.5766157 4346670 4853400
4.7403135 -6.5101798 -1.6137131 4348950 4855250
4.7374912 -6.5639874 -1.6326859 4350460 4856540
4.7314267 -6.6463186 -1.6559619 4352740 4858550
4.7234619 -6.7310002 -1.6731905 4355050 4860660
4.7174177 -6.7886078 -1.677478 4356580 4862140
4.7078714 -6.8777724 -1.6774299 4358910 4864470
4.6981655 -6.9684691 -1.677381 4361280 4866840
4.6879818 -7.0606621 -1.6842411 4363730 4869210
4.6807689 -7.1227863 -1.6885261 4365380 4870810
4.669204 -7.2181135 -1.6945207 4367910 4873270
4.6566255 -7.3158332 -1.703105 4370520 4875780
4.6476719 -7.381811 -1.7082516 4372280 4877480
4.6339103 -7.4813163 -1.7081977 4374890 4880090
4.6196642 -7.5850275 -1.7064142 4377600 4882820
4.6055323 -7.6889484 -1.7054943 4380320 4885550
4.5962979 -7.7579955 -1.7020021 4382110 4887380
4.5829232 -7.8614347 -1.6967639 4384790 4890120
4.569608 -7.9662384 -1.697571 4387540 4892860
4.5606618 -8.0366813 -1.6966693 4389380 4894710
4.5472283 -8.1436058 -1.6948841 4392170 4897520
4.5337532 -8.2509118 -1.6965535 4394990 4900320
4.5247209 -8.3221198 -1.6973787 4396860 4902180
4.5114696 -8.4280964 -1.6930029 4399610 4904980
4.4981729 -8.5375575 -1.6903527 4402460 4907860
4.4849396 -8.6489633 -1.6877015 4405360 4910790
4.4762518 -8.7235087 -1.6859338 4407300 4912750
4.4632383 -8.8364923 -1.6850092 4410250 4915710
4.4544936 -8.9110309 -1.6901513 4412230 4917630
4.4408731 -9.022197 -1.6952736 4415170 4920510
4.4261457 -9.1359378 -1.7038492 4418200 4923440
4.409835 -9.2510184 -1.7193337 4421310 4926370
4.3981239 -9.3274858 -1.726202 4423360 4928340
4.3798012 -9.4418748 -1.7330497 4426410 4931310
4.3607316 -9.5565297 -1.7381696 4429460 4934300
4.3415344 -9.6707754 -1.7363801 4432460 4937320
4.3287247 -9.7478471 -1.7346108 4434480 4939360
4.3096111 -9.8628849 -1.7362757 4437520 4942380
4.2906128 -9.9769676 -1.73535 4440520 4945390
4.2779407 -10.053087 -1.7361724 4442530 4947390
4.2585127 -10.167684 -1.7412924 4445580 4950380
4.2390437 -10.279344 -1.7455502 4448550 4953300
4.2192923 -10.390953 -1.7463532 4451500 4956240
4.20612 -10.465034 -1.7471765 4453460 4958190
4.1864555 -10.577636 -1.7402056 4456390 4961200
4.1676276 -10.690967 -1.7306432 4459320 4964240
4.1554507 -10.767558 -1.7262829 4461310 4966280
4.1384532 -10.878841 -1.7184493 4464190 4969250
4.1223828 -10.989874 -1.7106157 4467060 4972210
4.1117759 -11.065727 -1.7088472 4469040 4974210
4.0960419 -11.179723 -1.7070581 4472020 4977210
4.0805871 -11.293562 -1.7044054 4474990 4980210
4.0652657 -11.406837 -1.7060716 4477970 4983170
4.0551648 -11.481788 -1.7034398 4479920 4985150
4.0406628 -11.594588 -1.6938781 4482820 4988160
4.0269136 -11.709422 -1.6860427 4485780 4991210
4.0183279 -11.785917 -1.6790916 4487740 4993250
4.0066246 -11.90001 -1.6669382 4490650 4996300
3.9958938 -12.012846 -1.6642863 4493580 4999260
3.9889035 -12.087763 -1.6633823 4495530 5001220
3.9786793 -12.199485 -1.660731 4498430 5004150
3.9683566 -12.312358 -1.6632614 4501390 5007080
3.957908 -12.425607 -1.6623368 4504340 5010040
3.9478894 -12.539089 -1.6553659 4507260 5013040
3.9416194 -12.61542 -1.6501427 4509220 5015060
3.9330836 -12.729022 -1.6414445 4512130 5018070
3.9258679 -12.841367 -1.6284283 4514980 5021070
3.9217845 -12.916691 -1.6214782 4516900 5023070
3.916367 -13.029328 -1.6162355 4519800 5026030
3.9114165 -13.14372 -1.6118556 4522750 5029030
3.9062992 -13.258683 -1.6187037 4525780 5031980
3.902392 -13.335364 -1.6247085 4527810 5033940
3.8963161 -13.448931 -1.6237838 4530760 5036900
3.8903638 -13.564047 -1.6211309 4533740 5039910
3.8847652 -13.681299 -1.6158857 4536760 5042990
3.8814731 -13.759551 -1.6097977 4538760 5045060
3.8786713 -13.837437 -1.60371 4540750 5047120
3.8735771 -13.99034 -1.6044917 4544730 5051090
3.8710507 -14.066309 -1.6035872 4546700 5053070
3.8672637 -14.18036 -1.6043898 4549670 5056030
3.8631763 -14.296136 -1.6077826 4552700 5059020
3.8602912 -14.373247 -1.6086049 4554710 5061020
3.8558732 -14.488818 -1.6094067 4557720 5064020
3.8512206 -14.604185 -1.6127996 4560740 5067000
3.8464122 -14.721087 -1.6110095 4563770 5070050
3.8433666 -14.799348 -1.6083764 4565790 5072100
3.8388291 -14.917418 -1.6100405 4568870 5075160
3.8341538 -15.035287 -1.610841 4571940 5078220
3.8308867 -15.11431 -1.6133897 4574010 5080260
3.8254216 -15.230799 -1.6219644 4577090 5083240
3.8192606 -15.346289 -1.626221 4580120 5086220
3.8125533 -15.460977 -1.6322055 4583140 5089170
3.8076773 -15.537603 -1.6364828 4585160 5091140
3.7999634 -15.654156 -1.6372839 4588200 5094170
3.7918115 -15.772031 -1.642403 4591300 5097210
3.7860693 -15.849755 -1.6466797 4593350 5099210
3.7772498 -15.964493 -1.6483455 4596350 5102190
3.7679878 -16.081126 -1.6517376 4599410 5105210
3.7582 -16.198682 -1.655993 4602500 5108250
3.7513694 -16.277477 -1.6585417 4604570 5110290
3.7410236 -16.392282 -1.6627986 4607590 5113260
3.7303289 -16.506087 -1.6661921 4610580 5116210
3.7232685 -16.581963 -1.660969 4612530 5118220
3.713239 -16.696796 -1.6548612 4615490 5121250
3.7038801 -16.81207 -1.6487532 4618460 5124290
3.6981334 -16.888637 -1.6426661 4620420 5126320
3.6899917 -17.002461 -1.6417413 4623380 5129290
3.6844882 -17.07808 -1.6451554 4625370 5131240
3.6729554 -17.227735 -1.6502573 4629300 5135110
3.6668561 -17.303117 -1.652808 4631280 5137060
3.6572015 -17.415276 -1.660521 4634250 5139940
3.646997 -17.528741 -1.6604599 4637210 5142900
3.6401382 -17.605795 -1.6586911 4639210 5144920
3.630172 -17.720632 -1.6560381 4642190 5147930
3.6209724 -17.835341 -1.6456119 4645120 5150980
3.6126288 -17.949344 -1.6420958 4648070 5153970
3.6071551 -18.025543 -1.6429185 4650060 5155950
3.5988745 -18.1409 -1.6419928 4653060 5158960
3.590565 -18.256063 -1.6436584 4656070 5161950
3.5848117 -18.332629 -1.6479358 4658090 5163920
3.575904 -18.446008 -1.650466 4661060 5166860
3.5670371 -18.559584 -1.6469501 4664000 5169840
3.5584779 -18.676466 -1.6408412 4667010 5172920
3.5532296 -18.75519 -1.6338892 4669020 5175010
3.5466019 -18.872196 -1.6208707 4671990 5178130
3.5410626 -18.986753 -1.6173544 4674950 5181130
3.5377586 -19.061153 -1.6129959 4676860 5183090
3.5333119 -19.173448 -1.6077535 4679750 5186040
3.5288264 -19.286895 -1.6128749 4682730 5188960
3.5240129 -19.400139 -1.6136778 4685680 5191900
3.5207565 -19.475309 -1.6145012 4687640 5193850
3.5158497 -19.587586 -1.6144409 4690560 5196770
3.5113938 -19.699687 -1.6066073 4693430 5199730
3.5091389 -19.775473 -1.5944748 4695330 5201770
3.5077605 -19.851859 -1.5832054 4697250 5203820
3.5077842 -20.00446 -1.558076 4701070 5207930
3.5093763 -20.080457 -1.5416245 4702950 5210000
3.5137278 -20.194103 -1.5234255 4705800 5213060
3.5204138 -20.304744 -1.4974549 4708530 5216090
3.5264662 -20.377619 -1.478414 4710320 5218100
3.5383636 -20.486081 -1.4446702 4712960 5221130
3.5546431 -20.595139 -1.4005621 4715570 5224250
3.576174 -20.703481 -1.3486795 4718140 5227420
3.5936674 -20.77488 -1.3123641 4719840 5229540
3.6243064 -20.8792 -1.2578923 4722350 5232680
3.6607166 -20.981243 -1.1982373 4724820 5235840
3.6883117 -21.047506 -1.1541493 4726430 5237960
3.7361461 -21.145789 -1.0815387 4728850 5241220
3.7908468 -21.240199 -1.0097925 4731270 5244470
3.829914 -21.299267 -0.9631133 4732840 5246580
3.8930764 -21.383474 -0.89136925 4735160 5249730
3.9624346 -21.463169 -0.81789687 4737480 5252900
4.0126524 -21.513919 -0.76344372 4739020 5255070
4.0933123 -21.584511 -0.6744245 4741290 5258370
4.1778054 -21.645994 -0.58367845 4743480 5261610
4.2655003 -21.698822 -0.50070696 4745660 5264750
4.3574189 -21.744769 -0.42637241 4747900 5267850
4.420108 -21.771434 -0.37796728 4749390 5269900
4.5160269 -21.806105 -0.31572525 4751680 5272910
4.6156098 -21.835799 -0.26384717 4754080 5275910
4.6822117 -21.852652 -0.23185249 4755680 5277880
4.7815818 -21.873856 -0.18861226 4758070 5280770
4.8833232 -21.890825 -0.14191643 4760480 5283720
4.9857136 -21.903292 -0.10040293 4762920 5286640
5.0541372 -21.909439 -0.078773549 4764580 5288550
5.1545782 -21.915838 -0.048489592 4767020 5291340
5.2543894 -21.919427 -0.0233882 4769470 5294080
5.3211523 -21.92067 -0.013851687 4771150 5295870
5.4219859 -21.921455 -0.0017056385 4773700 5298560
5.5226299 -21.920972 0.011304105 4776240 5301250
5.6242227 -21.919382 0.019995624 4778830 5303940
5.6929055 -21.917858 0.024351016 4780590 5305750
5.7977447 -21.914985 0.030453178 4783280 5308510
5.9031583 -21.912044 0.025327356 4786050 5311220
5.9731879 -21.910511 0.018455186 4787910 5313000
6.0776694 -21.909076 0.0090104145 4790680 5315660
6.1819685 -21.908674 -0.0012982655 4793450 5318310
6.2881873 -21.909726 -0.018515633 4796310 5320970
6.3595614 -21.911386 -0.027978233 4798220 5322770
6.4661056 -21.915101 -0.041740535 4801070 5325460
6.5722006 -21.920356 -0.057230562 4803920 5328130
6.6795645 -21.927016 -0.066673684 4806770 5330870
6.7519463 -21.931941 -0.069225956 4808670 5332740
6.8627116 -21.939666 -0.070030155 4811560 5335620
6.9759717 -21.947607 -0.069969282 4814510 5338570
7.0512255 -21.952815 -0.06820145 4816460 5340540
7.1639262 -21.960461 -0.067277196 4819390 5343480
7.2762299 -21.968268 -0.071535438 4822340 5346380
7.3877527 -21.976208 -0.070611803 4825240 5349290
7.4608904 -21.981347 -0.069708795 4827140 5351200
7.5695512 -21.988837 -0.067922992 4829960 5354040
7.6786411 -21.995687 -0.057499736 4832740 5356940
7.752812 -21.999698 -0.050550307 4834630 5358910
7.8660336 -22.004982 -0.042716129 4837530 5361900
7.9775681 -22.009167 -0.032291735 4840370 5364860
8.0518195 -22.011243 -0.023614777 4842250 5366840
8.1637945 -22.013497 -0.016645036 4845120 5369790
8.2778971 -22.015146 -0.012265304 4848060 5372780
8.3902733 -22.016424 -0.010477645 4850970 5375710
8.4641646 -22.017197 -0.010437959 4852890 5377630
8.57385 -22.017865 -0.0017421089 4855690 5380530
8.6837294 -22.017057 0.016455047 4858440 5383490
8.795869 -22.013706 0.043290076 4861200 5386560
8.8727307 -22.00951 0.065788337 4863070 5388690
8.9860644 -22.000022 0.1012615 4865820 5391850
9.0984231 -21.986637 0.13587078 4868560 5394990
9.173404 -21.975393 0.16182249 4870380 5397110
9.2850192 -21.954585 0.2067965 4873070 5400320
9.3945937 -21.928762 0.25608858 4875710 5403530
9.5025375 -21.897485 0.3079717 4878330 5406750
9.5730968 -21.873655 0.3434245 4880060 5408890
9.6768107 -21.832937 0.40480738 4882600 5412140
9.7816374 -21.783166 0.48174097 4885170 5415600
9.8496965 -21.745189 0.53619685 4886880 5417940
9.9462053 -21.681802 0.62608502 4889360 5421460
10.033498 -21.612866 0.71078858 4891760 5424840
10.114474 -21.537737 0.78512721 4894200 5428140
10.166039 -21.483736 0.83180796 4895870 5430350
10.239302 -21.397755 0.89837434 4898420 5433670
10.306151 -21.308134 0.96148543 4900960 5436940
10.347603 -21.246031 1.0029838 4902660 5439120
10.403662 -21.151524 1.0678213 4905140 5442350
10.452745 -21.054722 1.1352486 4907570 5445560
10.481595 -20.989205 1.1767459 4909190 5447660
10.520063 -20.888951 1.2320811 4911660 5450770
10.552307 -20.78895 1.2856876 4914080 5453810
10.570982 -20.721238 1.3176827 4915720 5455820
10.595443 -20.617867 1.3591978 4918240 5458820
10.615968 -20.514036 1.3920758 4920800 5461760
10.632704 -20.410696 1.4284079 4923310 5464690
10.641758 -20.34182 1.4517651 4924980 5466630
10.652873 -20.23521 1.4820525 4927590 5469590
10.660831 -20.126003 1.5140687 4930250 5472620
10.665661 -20.015649 1.5400395 4932970 5475640
10.667449 -19.941969 1.5530345 4934810 5477630
10.668352 -19.832283 1.572095 4937550 5480590
10.66735 -19.722213 1.587701 4940320 5483540
10.665844 -19.648334 1.5946502 4942200 5485500
10.662923 -19.536181 1.5990289 4945090 5488440
10.659717 -19.426156 1.6008153 4947940 5491310
10.656591 -19.317475 1.5982825 4950780 5494120
10.654617 -19.244568 1.5974578 4952680 5496010
10.651372 -19.133772 1.6026996 4955530 5498920
10.647506 -19.021842 1.6079418 4958410 5501860
10.644667 -18.947229 1.6097092 4960340 5503810
10.640707 -18.837035 1.6037222 4963240 5506640
10.637984 -18.728921 1.5882332 4966140 5509360
10.637486 -18.618466 1.5623812 4969160 5512080
10.638745 -18.544581 1.5451463 4971180 5513900
10.64314 -18.434404 1.516703 4974210 5516600
10.650675 -18.322853 1.4899876 4977270 5519350
10.657233 -18.247899 1.4770724 4979300 5521230
10.668713 -18.136105 1.4598583 4982320 5524050
10.681909 -18.022949 1.4495548 4985340 5526950
10.695637 -17.910246 1.4496157 4988290 5529900
10.70468 -17.835161 1.4522473 4990240 5531880
10.718079 -17.722224 1.453172 4993190 5534840
10.731633 -17.608335 1.451506 4996180 5537810
10.740832 -17.532687 1.4480919 4998180 5539770
10.755429 -17.420288 1.435197 5001200 5542640
10.770801 -17.309739 1.4300746 5004130 5545510
10.786236 -17.200753 1.4301336 5006990 5548370
10.796698 -17.12663 1.4310374 5008930 5550320
10.812324 -17.013396 1.436281 5011870 5553320
10.827357 -16.900083 1.4415245 5014810 5556320
10.837195 -16.824903 1.4398377 5016790 5558280
10.852013 -16.713114 1.4381707 5019730 5561200
10.861872 -16.638714 1.4399383 5021670 5563160
10.881873 -16.488206 1.4374285 5025630 5567090
10.892135 -16.412695 1.4340145 5027630 5569050
10.907765 -16.3016 1.4280286 5030580 5571930
10.924288 -16.19005 1.4194519 5033560 5574810
10.935971 -16.114746 1.4143106 5035570 5576760
10.95349 -16.00179 1.4195541 5038510 5579760
10.9707 -15.88684 1.4247987 5041500 5582810
10.987395 -15.770842 1.4309075 5044510 5585890
10.99822 -15.693467 1.4326768 5046530 5587930
11.014687 -15.576464 1.4292852 5049620 5590980
11.026113 -15.49723 1.4258732 5051720 5593040
11.043543 -15.3792 1.4224823 5054840 5596120
11.061214 -15.261596 1.4208187 5057940 5599200
11.078901 -15.144188 1.421746 5061020 5602290
11.090543 -15.065957 1.4243796 5063060 5604360
11.107676 -14.949052 1.4261703 5066120 5607440
11.124135 -14.833213 1.4331428 5069120 5610520
11.134484 -14.75655 1.4400939 5071090 5612570
11.149256 -14.641455 1.4462021 5074070 5615620
11.163597 -14.526112 1.4479918 5077080 5618650
11.178082 -14.411174 1.4428715 5080120 5621630
11.188214 -14.334483 1.4360033 5082170 5623600
11.204069 -14.220504 1.4291553 5085200 5626550
11.220105 -14.107326 1.430944 5088160 5629530
11.230867 -14.030137 1.433577 5090170 5631570
11.246775 -13.911892 1.4405507 5093230 5634710
11.261874 -13.792183 1.4501161 5096310 5637900
11.276251 -13.673161 1.4510441 5099420 5641020
11.285642 -13.594242 1.4536778 5101470 5643100
11.298996 -13.47723 1.4606506 5104490 5646200
11.312167 -13.359037 1.4589869 5107590 5649280
11.325767 -13.239729 1.4555964 5110730 5652380
11.334879 -13.160972 1.4556389 5112790 5654440
11.348581 -13.043806 1.4531111 5115870 5657490
11.36203 -12.927001 1.45922 5118890 5660580
11.370352 -12.848736 1.4704905 5120870 5662690
11.381578 -12.729953 1.4826465 5123900 5665860
11.391504 -12.612989 1.4896191 5126910 5668950
11.400787 -12.496356 1.4931366 5129930 5672010
11.407017 -12.418863 1.487996 5131980 5674000
11.417125 -12.301333 1.4820132 5135080 5677030
11.427664 -12.184615 1.4794849 5138140 5680060
11.434751 -12.107195 1.4795266 5140160 5682080
11.445177 -11.990467 1.4839079 5143180 5685150
11.454823 -11.873863 1.4926079 5146170 5688240
11.463491 -11.757377 1.5004438 5149160 5691320
11.46864 -11.679995 1.5082589 5151130 5693380
11.474944 -11.567597 1.521275 5153980 5696380
11.480019 -11.455329 1.5299723 5156850 5699350
11.482945 -11.378795 1.5351956 5158810 5701370
11.487025 -11.265524 1.5343926 5161760 5704310
11.491291 -11.153608 1.5309978 5164690 5707200
11.49423 -11.079772 1.5310374 5166610 5709120
11.498317 -10.969775 1.5362787 5169440 5712010
11.500622 -10.895529 1.5432283 5171330 5713980
11.503718 -10.74219 1.5579935 5175230 5718050
11.504421 -10.666757 1.5649437 5177150 5720050
11.504783 -10.554761 1.570186 5180030 5722990
11.504317 -10.442957 1.5797468 5182880 5725950
11.503271 -10.369067 1.5901511 5184740 5727930
11.500251 -10.25788 1.6057576 5187540 5730910
11.495433 -10.147528 1.6230909 5190310 5733880
11.491154 -10.075877 1.6378126 5192090 5735830
11.482604 -9.969802 1.6646451 5194700 5738750
11.470148 -9.8615979 1.7061614 5197290 5741820
11.452375 -9.7529665 1.7597714 5199840 5744990
11.436937 -9.6808973 1.8038603 5201500 5747160
11.407721 -9.574173 1.8721525 5203980 5750430
11.371974 -9.4700644 1.9309441 5206500 5753630
11.330493 -9.3685205 1.9862806 5209030 5756800
11.299489 -9.3018657 2.0260514 5210710 5758940
11.248647 -9.2051045 2.0831152 5213220 5762110
11.192446 -9.1122548 2.1470877 5215670 5765300
11.151995 -9.0531903 2.1954948 5217250 5767440
11.085991 -8.9682458 2.2672408 5219630 5770650
11.012711 -8.8868836 2.3407152 5222050 5773920
10.960395 -8.8355166 2.3899855 5223670 5776110
10.878761 -8.7642838 2.4582771 5226090 5779320
10.792445 -8.6984849 2.5222501 5228540 5782510
10.70244 -8.6381725 2.5801776 5231020 5785660
10.640831 -8.6009688 2.6164917 5232680 5787740
10.546419 -8.5498109 2.673555 5235140 5790860
10.447349 -8.5031782 2.7297546 5237660 5794030
10.343798 -8.4615252 2.788547 5240220 5797270
10.273066 -8.4370136 2.8274543 5241940 5799440
10.166027 -8.4053824 2.8810648 5244530 5802650
10.058904 -8.3792429 2.9234455 5247150 5805760
9.9869341 -8.3642659 2.9493967 5248910 5807820
9.8777655 -8.3450733 2.9857318 5251580 5810910
9.7657785 -8.3288647 3.0099766 5254380 5813990
9.6899878 -8.3192656 3.0212457 5256300 5816040
9.5791465 -8.3061561 3.0264878 5259170 5818970
9.4688399 -8.2934545 3.027411 5262050 5821860
9.3946609 -8.2849491 3.0274511 5263990 5823800
9.2806487 -8.2724806 3.0378772 5266910 5826840
9.1651488 -8.2613184 3.0526224 5269840 5829940
9.0481732 -8.251498 3.06305 5272830 5833050
8.9702745 -8.245504 3.0665466 5274840 5835100
8.8536026 -8.2367355 3.0666093 5277880 5838140
8.7354107 -8.2276548 3.063218 5280980 5841200
8.6199277 -8.2184886 3.0615527 5284000 5844200
8.5435834 -8.2123665 3.0615937 5285990 5846190
8.4300346 -8.203168 3.0599273 5288960 5849140
8.3151536 -8.1937189 3.0591254 5291960 5852130
8.2378682 -8.187299 3.0583032 5293980 5854140
8.1195586 -8.1772716 3.0557758 5297080 5857210
8.0020162 -8.1673168 3.0584302 5300130 5860290
7.9241457 -8.160963 3.0619269 5302140 5862340
7.8059572 -8.1518393 3.0671727 5305190 5865450
7.6886928 -8.1432528 3.0698268 5308230 5868520
7.5714134 -8.1348763 3.0707536 5311280 5871580
7.4936663 -8.1294624 3.0733864 5313290 5873620
7.3776707 -8.1220453 3.082086 5316260 5876690
7.2614114 -8.115878 3.095104 5319210 5879790
7.1827734 -8.1125956 3.1046471 5321200 5881890
7.0660187 -8.1090409 3.1176654 5324160 5885000
6.952891 -8.1066302 3.1229083 5327070 5887970
6.8774681 -8.1052875 3.1246762 5329020 5889940
6.7637519 -8.1036128 3.1290557 5331950 5892920
6.648102 -8.102516 3.1351637 5334920 5895960
6.5320648 -8.101924 3.137817 5337920 5898990
6.455476 -8.1016364 3.137858 5339910 5900980
6.3429032 -8.1011707 3.1370547 5342840 5903900
6.2287897 -8.1007056 3.1379795 5345800 5906870
6.1527775 -8.1006623 -3.139119 5347740 5908880
6.0403981 -8.1015261 -3.1286942 5350600 5911860
5.9301495 -8.1034753 -3.1191343 5353410 5914780
5.8214585 -8.1062487 -3.11303 5356200 5917640
5.7499071 -8.1084799 -3.1078093 5358030 5919530
5.6426094 -8.112666 -3.0973872 5360760 5922380
5.5359687 -8.1185404 -3.0757371 5363410 5925280
5.4670812 -8.1237726 -3.0558342 5365090 5927190
5.3635682 -8.1348854 -3.0134568 5367550 5930140
5.2593336 -8.1508894 -2.9650323 5370010 5933160
5.1562482 -8.1721935 -2.9105618 5372430 5936210
5.0887968 -8.1896067 -2.8673387 5373990 5938270
4.9901076 -8.2209046 -2.8016403 5376300 5941340
4.893916 -8.2586678 -2.7333521 5378590 5944420
4.8321129 -8.2873246 -2.6814927 5380060 5946490
4.7429785 -8.3361025 -2.600249 5382230 5949600
4.6588766 -8.3913879 -2.5198696 5384380 5952680
4.6048893 -8.432303 -2.4662822 5385830 5954750
4.5279959 -8.499309 -2.3833117 5388000 5957880
4.4563061 -8.5734728 -2.2951567 5390170 5961070
4.3898158 -8.6555755 -2.2078649 5392410 5964320
4.3495869 -8.7131534 -2.153414 5393920 5966460
4.2953825 -8.8020392 -2.0833973 5396220 5969570
4.2476572 -8.8943499 -2.0125165 5398510 5972680
4.2190839 -8.958093 -1.971885 5400090 5974730
4.1800512 -9.057716 -1.9165494 5402550 5977830
4.1466895 -9.1581605 -1.8663977 5405010 5980870
4.118729 -9.2586456 -1.8179733 5407440 5983860
4.1028571 -9.3256848 -1.7885701 5409060 5985820
4.082713 -9.4282176 -1.7410103 5411500 5988810
4.0674268 -9.5321718 -1.6925854 5413950 5991820
4.0601509 -9.6012589 -1.6588638 5415560 5993820
4.0529348 -9.7062756 -1.61994 5418070 5996780
4.0492406 -9.8108952 -1.5922453 5420630 5999660
4.0480137 -9.9176904 -1.5723226 5423290 6002550
4.0483085 -9.9894686 -1.5610558 5425090 6004480
4.0499752 -10.097798 -1.5497693 5427840 6007360
4.0532794 -10.205897 -1.5307096 5430540 6010280
4.0566619 -10.277788 -1.5168518 5432330 6012230
4.0633003 -10.387468 -1.5038372 5435110 6015160
4.0709726 -10.495538 -1.4960057 5437880 6018020
4.0795225 -10.60335 -1.4873105 5440640 6020880
4.0857297 -10.675632 -1.4829531 5442500 6022790
4.0955399 -10.784301 -1.478576 5445310 6025650
4.1059926 -10.893683 -1.4724712 5448130 6028540
4.1131473 -10.966845 -1.4741593 5450050 6030440
4.1232031 -11.076457 -1.4844648 5452970 6033240
4.1321602 -11.186552 -1.4947703 5455900 6036050
4.1400911 -11.298267 -1.5050747 5458870 6038900
4.1447867 -11.373556 -1.511944 5460870 6040820
4.1512659 -11.485943 -1.5144748 5463810 6043730
4.1572461 -11.597975 -1.5204608 5466760 6046610
4.1607285 -11.672172 -1.5273306 5468730 6048500
4.1646734 -11.783908 -1.5436814 5471730 6051310
4.1666308 -11.89762 -1.563486 5474800 6054150
4.1665973 -11.973439 -1.5789921 5476860 6056030
4.1650002 -12.08581 -1.5910239 5479850 6058880
4.1621385 -12.198541 -1.601328 5482840 6061750
4.1579197 -12.312577 -1.6142226 5485880 6064640
4.1543081 -12.388887 -1.621955 5487910 6066580
4.1479778 -12.502056 -1.6313951 5490910 6069470
4.140702 -12.614781 -1.639108 5493890 6072360
4.1356408 -12.688309 -1.6399322 5495810 6074270
4.1280563 -12.799277 -1.6381451 5498690 6077170
4.1201792 -12.911769 -1.643267 5501650 6080070
4.1117209 -13.023641 -1.6492529 5504600 6082950
4.1057894 -13.097877 -1.6518041 5506550 6084870
4.0965054 -13.209875 -1.6551987 5509490 6087770
4.0873888 -13.321694 -1.6490925 5512370 6090720
4.0791547 -13.43416 -1.6386675 5515240 6093710
4.0741397 -13.510393 -1.6343081 5517200 6095720
4.0671079 -13.621012 -1.6342487 5520080 6098600
4.0600227 -13.73182 -1.6350529 5522970 6101480
4.0550954 -13.806901 -1.6376037 5524940 6103420
4.047341 -13.919209 -1.6418619 5527890 6106320
4.0394808 -14.030352 -1.6409385 5530780 6109220
4.0342308 -14.10464 -1.6417623 5532720 6111150
4.0261279 -14.215957 -1.6451574 5535640 6114030
4.0177767 -14.32745 -1.6459611 5538550 6116930
4.0093235 -14.441057 -1.6441727 5541500 6119900
4.003832 -14.516678 -1.6424046 5543460 6121880
3.9960941 -14.629372 -1.6362981 5546360 6124850
3.9886911 -14.742282 -1.6362374 5549300 6127790
3.9834466 -14.818307 -1.6431065 5551320 6129730
3.9740423 -14.931839 -1.6637746 5554400 6132570
3.9619663 -15.046859 -1.6870327 5557540 6135440
3.9525895 -15.122098 -1.7025391 5559600 6137320
3.937167 -15.232639 -1.7162986 5562580 6140140
3.9201702 -15.346258 -1.722283 5565600 6143090
3.9022167 -15.4609 -1.7299943 5568660 6146060
3.889819 -15.536869 -1.7351354 5570690 6148030
3.8705226 -15.650511 -1.742847 5573730 6150980
3.8504487 -15.764018 -1.7488312 5576760 6153940
3.8368898 -15.839007 -1.7505178 5578750 6155910
3.8159739 -15.952754 -1.7547744 5581780 6158890
3.7946061 -16.065437 -1.7616226 5584800 6161830
3.772934 -16.176102 -1.7667445 5587760 6164730
3.7581907 -16.249885 -1.7692953 5589730 6166670
3.7358467 -16.361987 -1.7657791 5592680 6169660
3.7145981 -16.473127 -1.7536264 5595550 6172670
3.7010686 -16.54812 -1.7449485 5597480 6174700
3.6818012 -16.660206 -1.7371141 5600390 6177700
3.6633112 -16.771253 -1.7344626 5603300 6180640
3.6448154 -16.883273 -1.7344018 5606250 6183590
3.632405 -16.95846 -1.734361 5608230 6185570
3.6143513 -17.069969 -1.7282543 5611130 6188540
3.5973075 -17.181051 -1.7178295 5613990 6191520
3.5864105 -17.256666 -1.7100152 5615930 6193550
3.571083 -17.371107 -1.6978612 5618860 6196620
3.5570548 -17.486488 -1.685707 5621810 6199710
3.5445553 -17.600884 -1.6735534 5624730 6202770
3.5370674 -17.67672 -1.6648754 5626660 6204800
3.5269535 -17.791352 -1.6527217 5629580 6207860
3.5177416 -17.906638 -1.6483411 5632560 6210890
3.5116959 -17.983181 -1.6508911 5634570 6212870
3.5023539 -18.095947 -1.6560128 5637540 6215780
3.4924007 -18.209048 -1.6611342 5640520 6218700
3.4822908 -18.322326 -1.6584821 5643460 6221670
3.4757829 -18.398639 -1.6532588 5645420 6223690
3.466678 -18.514321 -1.6454232 5648390 6226750
3.4582859 -18.627932 -1.6436347 5651340 6229720
3.4502577 -18.741379 -1.6392551 5654270 6232700
3.4450601 -18.818178 -1.6374864 5656260 6234710
3.4377298 -18.933213 -1.6313787 5659220 6237740
3.4314815 -19.047735 -1.6192251 5662130 6240790
3.428057 -19.123863 -1.6122745 5664070 6242810
3.4240404 -19.238677 -1.5992572 5666980 6245870
3.4218088 -19.353925 -1.5810574 5669870 6248970
3.4216161 -19.432053 -1.5654688 5671810 6251090
3.423784 -19.547689 -1.5386313 5674660 6254250
3.4294556 -19.662241 -1.5040214 5677440 6257430
3.4386306 -19.775793 -1.4763215 5680240 6260550
3.4464103 -19.851599 -1.460734 5682130 6262620
3.46027 -19.96487 -1.4373522 5684960 6265720
3.476836 -20.077193 -1.4113799 5687760 6268820
3.4894546 -20.151175 -1.392338 5689600 6270880
3.5114951 -20.261571 -1.3551382 5692310 6274020
3.5379081 -20.371204 -1.3136191 5695000 6277190
3.5581027 -20.443885 -1.2859402 5696800 6279310
3.5922533 -20.551964 -1.2435569 5699500 6282500
3.63088 -20.656887 -1.1925378 5702110 6285700
3.6593982 -20.725267 -1.1588132 5703840 6287820
3.707495 -20.826839 -1.0982928 5706410 6291090
3.7604936 -20.922434 -1.0308651 5708860 6294320
3.8193567 -21.012935 -0.95739078 5711240 6297550
3.8846926 -21.098394 -0.87873502 5713580 6300800
3.932435 -21.152764 -0.82169188 5715130 6303010
4.010354 -21.229149 -0.72921503 5717430 6306380
4.0939775 -21.297125 -0.63587617 5719690 6309720
4.1514636 -21.337151 -0.58056089 5721190 6311860
4.2404549 -21.390435 -0.49845318 5723410 6315030
4.3326354 -21.435857 -0.4172082 5725610 6318170
4.4293326 -21.474435 -0.34200993 5727880 6321310
4.4960278 -21.496471 -0.29619493 5729440 6323400
4.5966926 -21.524499 -0.24690728 5731870 6326400
4.6990678 -21.548147 -0.20712016 5734370 6329360
4.7683358 -21.561922 -0.18548952 5736080 6331320
4.8746654 -21.580591 -0.16211159 5738750 6334260
4.9792898 -21.596587 -0.14132571 5741380 6337130
5.0838553 -21.610265 -0.11881246 5743990 6340000
5.153833 -21.61825 -0.1084102 5745760 6341890
5.258147 -21.629099 -0.098853217 5748430 6344670
5.3629365 -21.639077 -0.091023295 5751120 6347450
5.4334764 -21.64533 -0.085803037 5752930 6349320
5.5391608 -21.653912 -0.076245307 5755630 6352130
5.6447457 -21.661242 -0.06236928 5758300 6354960
5.7160258 -21.66529 -0.051102617 5760090 6356880
5.8238699 -21.670196 -0.039816575 5762830 6359750
5.9315663 -21.674018 -0.031121673 5765580 6362600
6.0390967 -21.677037 -0.025018005 5768340 6365430
6.1112383 -21.678809 -0.024115678 5770210 6367310
6.2205027 -21.681725 -0.029239371 5773080 6370120
6.3293681 -21.685094 -0.032635825 5775930 6372930
6.4024435 -21.687794 -0.041233782 5777880 6374780
6.51277 -21.693202 -0.056721595 5780840 6377560
6.622625 -21.700103 -0.068754466 5783770 6380350
6.6969104 -21.705379 -0.073033128 5785730 6382260
6.8082053 -21.713808 -0.078155583 5788660 6385130
6.9171817 -21.722244 -0.076369592 5791490 6387980
6.9895161 -21.727809 -0.077194425 5793380 6389860
7.0976905 -21.736643 -0.085773513 5796250 6392630
7.2067295 -21.746633 -0.096943107 5799160 6395410
7.314894 -21.757667 -0.10638568 5802040 6398180
7.3868196 -21.765535 -0.11152912 5803950 6400030
7.4931709 -21.777257 -0.10801683 5806710 6402830
7.6005518 -21.788382 -0.0984582 5809460 6405690
7.7097369 -21.798878 -0.093217126 5812280 6408570
7.7833174 -21.805692 -0.091450093 5814190 6410500
7.8931538 -21.815426 -0.085344928 5817020 6413400
8.0036257 -21.82449 -0.078375739 5819860 6416320
8.1134175 -21.832346 -0.064497443 5822640 6419260
8.1864233 -21.836554 -0.050638618 5824460 6421240
8.2956377 -21.840952 -0.029851081 5827180 6424200
8.4037586 -21.843429 -0.015973684 5829910 6427090
8.474574 -21.844009 -0.00038855045 5831660 6429020
8.5819401 -21.842285 0.032490226 5834260 6432000
8.691479 -21.836542 0.072279971 5836880 6435080
8.7652791 -21.83001 0.10427722 5838620 6437190
8.8741864 -21.815412 0.16220445 5841140 6440380
8.9813645 -21.794958 0.21494953 5843670 6443520
9.0876889 -21.76879 0.26769481 5846210 6446670
9.1576368 -21.748133 0.30660107 5847880 6448790
9.2603001 -21.712329 0.36452823 5850370 6451950
9.3595807 -21.670912 0.42590963 5852810 6455100
9.4229178 -21.640544 0.46826997 5854390 6457170
9.5161404 -21.589219 0.53828723 5856750 6460340
9.6062114 -21.530403 0.61867036 5859080 6463600
9.6917627 -21.463925 0.70250876 5861410 6466900
9.7454281 -21.415966 0.75609765 5862970 6469080
9.8198544 -21.339901 0.83648086 5865270 6472310
9.8879669 -21.258636 0.9099534 5867600 6475490
9.9297976 -21.202211 0.95576792 5869160 6477580
9.9870718 -21.115042 1.0231929 5871480 6480680
10.037474 -21.025931 1.0888901 5873760 6483720
10.081787 -20.93428 1.1519964 5876040 6486730
10.108947 -20.869923 1.1909005 5877630 6488770
10.145148 -20.771694 1.2445073 5880040 6491800
10.175935 -20.673047 1.2920669 5882450 6494760
10.194006 -20.606767 1.3171511 5884090 6496690
10.218426 -20.50576 1.3500283 5886600 6499580
10.239692 -20.40424 1.3785863 5889130 6502440
10.258579 -20.302252 1.3967798 5891720 6505240
10.270336 -20.233979 1.4037266 5893480 6507080
10.287386 -20.132057 1.4063732 5896150 6509780
10.298665 -20.063704 1.4081377 5897940 6511590
10.315526 -19.960386 1.4099212 5900650 6514320
10.332555 -19.854561 1.4125699 5903420 6517120
10.348697 -19.748986 1.4255828 5906120 6519970
10.358637 -19.678675 1.4351217 5907910 6521870
10.3728 -19.573206 1.4394973 5910650 6524660
10.386977 -19.466185 1.4386914 5913460 6527460
10.401528 -19.358436 1.4344311 5916310 6530260
10.416685 -19.250383 1.4284436 5919180 6533060
10.426839 -19.179521 1.428482 5921040 6534920
10.441665 -19.073754 1.4345852 5923780 6537730
10.45646 -18.966816 1.4320519 5926600 6540520
10.466576 -18.894588 1.4312273 5928500 6542410
10.481486 -18.787083 1.4347403 5931300 6545250
10.496297 -18.679564 1.4330711 5934130 6548060
10.506234 -18.608089 1.432246 5936010 6549930
10.521025 -18.499596 1.4383507 5938820 6552810
10.535601 -18.390881 1.4366821 5941680 6555650
10.55064 -18.282228 1.4298311 5944570 6558460
10.560975 -18.209837 1.4281429 5946480 6560350
10.576695 -18.100698 1.4273383 5949350 6563210
10.592704 -17.989849 1.4273984 5952260 6566120
10.603225 -17.915151 1.4343485 5954180 6568120
10.617908 -17.803539 1.4456371 5957040 6571110
10.627123 -17.730026 1.4465405 5958960 6573040
10.640715 -17.621183 1.4465993 5961810 6575890
10.654322 -17.512537 1.4457942 5964660 6578730
10.668492 -17.403185 1.4380799 5967570 6581550
10.683119 -17.29467 1.4355475 5970430 6584380
10.692817 -17.223161 1.4364498 5972300 6586260
10.707755 -17.115079 1.4304623 5975170 6589060
10.723869 -17.003079 1.4253406 5978140 6591970
10.735029 -16.927114 1.4245181 5980140 6593960
10.751841 -16.813661 1.4228521 5983130 6596930
10.768727 -16.700996 1.4211858 5986100 6599880
10.785283 -16.58984 1.4247008 5989000 6602820
10.796222 -16.51637 1.4212857 5990950 6604730
10.813261 -16.406456 1.4127083 5993890 6607570
10.830807 -16.29818 1.4075847 5996770 6610390
10.842875 -16.225667 1.4041693 5998700 6612280
10.861286 -16.116754 1.4025012 6001580 6615140
10.879283 -16.007382 1.412925 6004400 6618080
10.890527 -15.93493 1.4207378 6006260 6620030
10.907246 -15.823021 1.4242533 6009180 6622990
10.923556 -15.711828 1.4260409 6012090 6625920
10.939703 -15.600027 1.4286926 6015010 6628870
10.950444 -15.525167 1.4278695 6016980 6630830
10.966559 -15.41142 1.4322496 6019940 6633840
10.981944 -15.29893 1.4374927 6022860 6636820
10.997048 -15.187373 1.4349619 6025800 6639730
11.007203 -15.112818 1.435866 6027750 6641690
11.022256 -15.00009 1.4402455 6030680 6644670
11.036962 -14.88615 1.4446257 6033640 6647680
11.050472 -14.774194 1.4567781 6036500 6650680
11.058624 -14.70075 1.4637274 6038380 6652640
11.070343 -14.590336 1.466378 6041250 6655540
11.082259 -14.478005 1.4638474 6044200 6658460
11.090363 -14.402813 1.4630242 6046170 6660420
11.102809 -14.289573 1.4596305 6049150 6663360
11.11515 -14.176322 1.4648739 6052080 6666350
11.122891 -14.100705 1.472688 6054010 6668370
11.133705 -13.985171 1.4822511 6056970 6671440
11.143642 -13.867434 1.4909516 6059990 6674560
11.149583 -13.789339 1.4987669 6061980 6676640
11.157522 -13.672222 1.5074669 6064980 6679740
11.16448 -13.555235 1.5153032 6067980 6682830
11.17032 -13.438186 1.5265943 6070960 6685940
11.173778 -13.360711 1.5257721 6072980 6687950
11.179348 -13.244807 1.5197883 6076030 6690930
11.185368 -13.131622 1.5155304 6079000 6693850
11.189707 -13.055541 1.5121164 6081000 6695810
11.196567 -12.941249 1.5095867 6083990 6698770
11.20323 -12.828486 1.5139658 6086900 6701730
11.207574 -12.75491 1.5096866 6088840 6703620
11.215208 -12.642789 1.4959275 6091840 6706460
11.224546 -12.530602 1.4795773 6094860 6709290
11.236018 -12.418032 1.4589085 6097920 6712110
11.245002 -12.342747 1.4451298 6099970 6714000
11.259809 -12.230957 1.4330983 6102970 6716860
11.275849 -12.120115 1.4210664 6105950 6719700
11.293635 -12.007785 1.4064442 6108990 6722570
11.306361 -11.932455 1.400439 6111010 6724520
11.325941 -11.821206 1.3927262 6113990 6727410
11.346301 -11.711858 1.3806938 6116950 6730230
11.360179 -11.640062 1.3790056 6118860 6732120
11.381615 -11.5319 1.3712913 6121770 6734940
11.40493 -11.421962 1.3523496 6124800 6737750
11.429968 -11.313589 1.335135 6127790 6740540
11.447545 -11.241618 1.3274013 6129760 6742420
11.475002 -11.13284 1.319688 6132720 6745290
11.502831 -11.023361 1.3240673 6135630 6748250
11.521029 -10.949757 1.332745 6137550 6750270
11.546966 -10.840804 1.3414422 6140410 6753230
11.571692 -10.732557 1.3510026 6143240 6756170
11.595189 -10.62384 1.3648815 6146050 6759140
11.610061 -10.551062 1.3735586 6147930 6761120
11.630767 -10.442563 1.390892 6150700 6764090
11.648864 -10.335157 1.416862 6153380 6767070
11.65923 -10.264519 1.4333109 6155140 6769020
11.672494 -10.158157 1.4601432 6157770 6771960
11.682051 -10.050042 1.505115 6160330 6775040
11.686567 -9.941217 1.553541 6162880 6778150
11.686595 -9.8690518 1.5872651 6164560 6780220
11.681762 -9.7627441 1.6451905 6166990 6783320
11.671125 -9.6597601 1.7022511 6169350 6786340
11.660623 -9.5906976 1.7411564 6170940 6788380
11.640243 -9.4895852 1.7982162 6173290 6791390
11.613963 -9.39004 1.8595958 6175610 6794420
11.580753 -9.2913705 1.9313392 6177900 6797540
11.554406 -9.2264653 1.981473 6179430 6799650
11.508409 -9.1311408 2.0592641 6181730 6802850
11.455957 -9.0414323 2.1405089 6183960 6806020
11.417605 -8.9848985 2.1932314 6185430 6808100
11.355034 -8.904354 2.2692929 6187640 6811190
11.285755 -8.8274169 2.3384456 6189930 6814280
11.211957 -8.7556288 2.401552 6192240 6817320
11.160498 -8.7104031 2.4395921 6193800 6819320
11.081007 -8.6468066 2.4940613 6196130 6822280
10.996999 -8.5869589 2.5511212 6198480 6825290
10.938485 -8.5495119 2.5934804 6200040 6827340
10.845425 -8.4967074 2.6574532 6202450 6830490
10.747768 -8.4489085 2.7153803 6204940 6833650
10.647448 -8.406001 2.7594878 6207520 6836740
10.579942 -8.3799528 2.7871654 6209240 6838780
10.476727 -8.3439756 2.8252277 6211860 6841840
10.372924 -8.3116282 2.8537886 6214520 6844830
10.304269 -8.2920457 2.873692 6216260 6846800
10.201011 -8.265519 2.9065703 6218840 6849760
10.095538 -8.2416114 2.9308123 6221510 6852710
10.024472 -8.2270166 2.9472618 6223300 6854690
9.9154106 -8.2072137 2.9766877 6226010 6857740
9.8060422 -8.1904212 3.0017945 6228740 6860760
9.6957303 -8.1761631 3.0243109 6231500 6863780
9.6222852 -8.1680252 3.0381697 6233340 6865780
9.5117978 -8.1569945 3.0460026 6236180 6868710
9.3991808 -8.1460036 3.0426084 6239140 6871630
9.3226043 -8.1382001 3.0374674 6241170 6873600
9.2083992 -8.1257201 3.0280281 6244210 6876530
9.0921643 -8.1123649 3.0263634 6247260 6879560
8.9749197 -8.0993626 3.0359275 6250270 6882680
8.8964244 -8.0913817 3.044607 6252270 6884780
8.7783743 -8.0806204 3.0567624 6255280 6887930
8.6624941 -8.0715763 3.0706443 6258220 6891030
8.5862641 -8.0665242 3.0801861 6260150 6893070
8.4694431 -8.060054 3.0923407 6263120 6896180
8.3533156 -8.0551376 3.1062224 6266060 6899280
8.238287 -8.051767 3.1183762 6268980 6902340
8.1609442 -8.0501732 3.1236 6270960 6904380
8.0462603 -8.0488065 3.1357535 6273870 6907430
7.9304152 -8.0491343 -3.1300956 6276780 6910540
7.8511437 -8.0505953 -3.1162334 6278760 6912680
7.7338446 -8.0550954 -3.0902593 6281660 6915880
7.6205293 -8.0621974 -3.0677419 6284480 6918960
7.5077687 -8.0716214 -3.0486794 6287310 6922010
7.4321251 -8.0791002 -3.0374103 6289220 6924050
7.3198682 -8.0916751 -3.0226668 6292070 6927070
7.2074005 -8.1057581 -3.0113777 6294950 6930080
7.1337671 -8.1155318 -3.0078831 6296860 6932030
7.0244925 -8.1302819 -3.0069603 6299720 6934900
6.9132607 -8.1449118 -3.0146736 6302680 6937770
6.801119 -8.1584874 -3.027569 6305690 6940630
6.7270782 -8.1664825 -3.0404846 6307700 6942490
6.6157383 -8.1766656 -3.0602901 6310720 6945280
6.5051551 -8.1842387 -3.0861421 6313750 6948010
6.4322953 -8.1874957 -3.1076959 6315770 6949780
6.3224246 -8.1888983 3.1332262 6318870 6952390
6.2131899 -8.1850613 3.0797345 6322020 6954920
6.1412699 -8.1791407 3.039178 6324130 6956560
6.0344796 -8.1647072 2.9753214 6327300 6958990
5.9292402 -8.1433821 2.9080086 6330480 6961390
5.8276801 -8.1157174 2.8432863 6333590 6963750
5.7614567 -8.0934944 2.7923645 6335700 6965270
5.6673467 -8.0546899 2.7086387 6338830 6967430
5.5779906 -8.008806 2.6257767 6341920 6969560
5.5199235 -7.9735557 2.5662159 6344030 6970980
5.4393572 -7.9158489 2.4738524 6347140 6973020
5.3653912 -7.8519344 2.3840785 6350200 6975040
5.2981089 -7.7820832 2.2908493 6353260 6977020
5.2572048 -7.7325065 2.2304228 6355280 6978340
5.2017046 -7.6536774 2.1380579 6358320 6980310
5.1545484 -7.5713583 2.0439629 6361330 6982230
5.1281556 -7.5157234 1.983536 6363280 6983480
5.0951016 -7.4305055 1.898078 6366150 6985360
5.0695932 -7.3427315 1.8091635 6369040 6987220
5.0570555 -7.2836233 1.7504633 6370950 6988450
5.0449816 -7.1951565 1.6624131 6373780 6990260
5.04058 -7.1075177 1.5795428 6376540 6992060
5.0428773 -7.0226874 1.5079006 6379160 6993850
5.0475057 -6.9674599 1.4664716 6380840 6995050
5.0577042 -6.8882542 1.4190101 6383190 6996850
5.0711789 -6.8105166 1.3793219 6385470 6998670
5.0813425 -6.7599549 1.36553 6386890 6999930
5.0971875 -6.6856136 1.35607 6388920 7001850
5.112772 -6.6127889 1.3638835 6390810 7003830
5.1226597 -6.5643312 1.3751383 6392030 7005180
5.1360598 -6.4928349 1.3959065 6393800 7007190
5.1476007 -6.4217953 1.4235837 6395510 7009220
5.1565993 -6.3517459 1.4624887 6397120 7011280
5.1610244 -6.3046133 1.4918804 6398180 7012680
5.164836 -6.2338976 1.5420143 6399730 7014810
5.1649495 -6.1609631 1.5964675 6401310 7017020
5.1627536 -6.1123261 1.6353602 6402350 7018510
5.155671 -6.0381894 1.6967239 6403930 7020800
5.1442964 -5.9659515 1.7572237 6405480 7023050
5.1339076 -5.9164183 1.7978448 6406560 7024600
5.1137669 -5.8393355 1.8548931 6408300 7027000
5.0892417 -5.7623228 1.903304 6410120 7029380
5.0612119 -5.6856939 1.9396241 6412030 7031710
5.0405086 -5.6338702 1.9621103 6413350 7033290
5.0071174 -5.5556413 1.9863399 6415420 7035640
4.9704624 -5.4740094 1.9993435 6417670 7038040
4.9321783 -5.3897364 1.9950745 6420100 7040420
4.9068105 -5.3329931 1.9873345 6421760 7041990
4.869438 -5.2457932 1.9640646 6424360 7044320
4.833673 -5.1535761 1.9174774 6427200 7046620
4.8022651 -5.0583652 1.8613897 6430130 7048900
4.7837946 -4.9915961 1.8199679 6432170 7050460
4.7609858 -4.8880481 1.7552461 6435300 7052840
4.7444795 -4.7809733 1.692253 6438480 7055290
4.7370895 -4.7088045 1.6534253 6440590 7056950
4.7307073 -4.5981468 1.6033893 6443760 7059540
4.7293531 -4.4882755 1.5628536 6446850 7062160
4.7309345 -4.4155527 1.5352537 6448900 7063890
4.7371585 -4.3058495 1.4929905 6452000 7066500
4.7475976 -4.1968523 1.4576366 6455050 7069140
4.7565509 -4.1244724 1.4378105 6457060 7070920
4.772499 -4.0159493 1.4119578 6460060 7073620
4.7900481 -3.909039 1.4042425 6462920 7076390
4.8077325 -3.8041028 1.4034358 6465690 7079150
4.8259428 -3.6976924 1.3991751 6468520 7081930
4.8384296 -3.6256419 1.3992143 6470420 7083830
4.8574175 -3.5160468 1.3992739 6473310 7086720
4.8765596 -3.4060879 1.3976063 6476220 7089610
4.8892904 -3.3334929 1.3967821 6478140 7091520
4.9082649 -3.2252628 1.3977047 6480990 7094380
4.9277813 -3.1169328 1.387399 6483910 7097180
4.9417091 -3.0437744 1.377938 6485900 7099060
4.9639214 -2.9338057 1.3650424 6488890 7101900
4.9877931 -2.8230037 1.3521476 6491910 7104770
5.0126086 -2.7122119 1.3487536 6494880 7107700
5.0294735 -2.6375035 1.3487946 6496870 7109690
5.0549899 -2.524897 1.3471291 6499880 7112680
5.0809955 -2.4127976 1.3385536 6502920 7115620
5.0987896 -2.3386988 1.3316846 6504940 7117560
5.1265279 -2.2276117 1.3205178 6507980 7120470
5.1556979 -2.1166908 1.3067597 6511040 7123370
5.1857946 -2.0074153 1.2973196 6514040 7126260
5.2064368 -1.9352603 1.2869951 6516050 7128150
5.2387746 -1.8288389 1.2645984 6519070 7130910
5.2737143 -1.7226329 1.2413377 6522110 7133680
5.2990181 -1.6509567 1.221513 6524200 7135540
5.3395684 -1.5453223 1.1870253 6527340 7138280
5.3835224 -1.4425206 1.1464907 6530480 7140950
5.4157591 -1.3743219 1.1119825 6532640 7142710
5.4691707 -1.2745711 1.0464008 6535960 7145270
5.529646 -1.1787092 0.9695902 6539350 7147770
5.5972983 -1.0877713 0.89278039 6542740 7150270
5.645622 -1.0306025 0.84531628 6544960 7151940
5.7210092 -0.9506652 0.78405201 6548170 7154440
5.8009318 -0.87498049 0.73228811 6551330 7157000
5.886041 -0.80159121 0.69089003 6554490 7159680
5.9438941 -0.75500305 0.66501839 6556570 7161460
6.0309877 -0.68927689 0.62793683 6559620 7164080
6.1190352 -0.62747808 0.59603701 6562600 7166690
6.1790446 -0.58774642 0.57361901 6564600 7168430
6.2711585 -0.53034952 0.54085604 6567610 7171060
6.3653411 -0.47564575 0.51154839 6570610 7173720
6.4603223 -0.42392716 0.48569465 6573570 7176380
6.523415 -0.39134899 0.46759495 6575520 7178120
6.6179229 -0.34499941 0.44433107 6578390 7180720
6.7153473 -0.30030575 0.41588562 6581340 7183340
6.7813146 -0.27201715 0.39433152 6583330 7185080
6.8805351 -0.23301924 0.35465731 6586330 7187620
6.9810095 -0.19854794 0.30634617 6589370 7190100
7.0494474 -0.17822506 0.27097263 6591430 7191750
7.1526716 -0.15235945 0.22007049 6594490 7194220
7.2568982 -0.13186164 0.16830453 6597550 7196680
7.3618237 -0.11658486 0.12085665 6600580 7199160
7.4314676 -0.10910044 0.093255708 6602560 7200820
7.5366438 -0.10145598 0.051853914 6605540 7203320
7.6416616 -0.098183315 0.010451913 6608510 7205810
7.7103604 -0.098265055 -0.012831569 6610430 7207460
7.8099916 -0.10143507 -0.05078205 6613240 7209830
7.9088188 -0.10881209 -0.098232799 6616090 7212130
8.005297 -0.12046805 -0.14223056 6618870 7214400
8.0689825 -0.13045831 -0.16897078 6620700 7215920
8.1640964 -0.1484205 -0.20433141 6623420 7218230
8.2562241 -0.16850711 -0.22500983 6625990 7220560
8.3165661 -0.182592 -0.23361377 6627650 7222120
8.4078676 -0.20456566 -0.23874573 6630120 7224530
8.5010024 -0.22714582 -0.23696694 6632600 7227030
8.5636867 -0.24219728 -0.23434125 6634260 7228720
8.6583375 -0.26422949 -0.22306075 6636720 7231310
8.7532471 -0.28511026 -0.21005307 6639170 7233910
8.8480452 -0.30467731 -0.19704533 6641610 7236500
8.9115167 -0.31700568 -0.18664624 6643230 7238240
9.0082298 -0.33479136 -0.17709268 6645730 7240850
9.1049901 -0.35232139 -0.18135864 6648310 7243380
9.1691201 -0.36428047 -0.18736969 6650040 7245040
9.2641346 -0.38276006 -0.19681862 6652610 7247500
9.361283 -0.40234698 -0.20108404 6655210 7250050
9.4582205 -0.42201673 -0.19930353 6657770 7252630
9.5223862 -0.43480313 -0.19408625 6659440 7254360
9.6176649 -0.45293099 -0.18194226 6661890 7256950
9.7121875 -0.46985462 -0.17238994 6664330 7259500
9.7747885 -0.4805308 -0.16544609 6665940 7261190
9.8703363 -0.49601592 -0.15589345 6668400 7263760
9.9669861 -0.51069084 -0.14547648 6670880 7266360
10.032129 -0.52006145 -0.14025892 6672560 7268100
10.131308 -0.53336313 -0.12638585 6675080 7270780
10.232614 -0.54516701 -0.10560204 6677610 7273550
10.30212 -0.55213877 -0.094336192 6679360 7275430
10.407547 -0.56146819 -0.082187577 6682040 7278250
10.513276 -0.5694852 -0.069175029 6684720 7281080
10.620254 -0.5761981 -0.056161763 6687430 7283940
10.692125 -0.57998833 -0.049213415 6689260 7285850
10.799607 -0.58439532 -0.032745191 6691960 7288740
10.906568 -0.58706383 -0.017141007 6694650 7291610
10.978149 -0.58798034 -0.0084655683 6696460 7293520
11.086296 -0.58861251 -0.0032252528 6699240 7296360
11.198292 -0.58829324 0.0089266614 6702080 7299340
11.312396 -0.58672905 0.018488682 6704990 7302360
11.389546 -0.58506756 0.024576108 6706960 7304400
11.504192 -0.58184957 0.031547227 6709900 7307420
11.6196 -0.57830377 0.029881591 6712910 7310410
11.696737 -0.57622987 0.023877029 6714950 7312380
11.812944 -0.57385272 0.017029603 6718010 7315360
11.929937 -0.57246293 0.006727689 6721110 7318340
12.047128 -0.57192387 0.0024719632 6724180 7321360
12.125643 -0.57172814 0.0025140336 6726220 7323400
12.245529 -0.57147466 0.0017145779 6729340 7326510
12.365416 -0.57142057 -0.00081231498 6732470 7329610
12.444315 -0.57141485 0.00095739894 6734510 7331670
12.563241 -0.5712972 0.0010212014 6737600 7334760
12.68255 -0.57075934 0.0079948703 6740660 7337900
12.80089 -0.56934947 0.015831656 6743690 7341020
12.878624 -0.56811708 0.015873332 6745710 7343040
12.994648 -0.56622152 0.016799266 6748720 7346060
13.110088 -0.56407898 0.020315963 6751700 7349080
13.18743 -0.56243905 0.022084852 6753700 7351100
13.3042 -0.559402 0.029920994 6756690 7354180
13.420164 -0.55527585 0.041211368 6759640 7357260
13.534572 -0.55070322 0.038681587 6762630 7360220
13.610726 -0.5478862 0.035267561 6764630 7362180
13.725925 -0.54386798 0.034465589 6767630 7365170
13.842286 -0.54010383 0.030209451 6770680 7368170
13.919414 -0.53767149 0.032841952 6772670 7370190
14.031907 -0.53333992 0.044130627 6775530 7373180
14.14455 -0.52806979 0.049373301 6778430 7376140
14.256977 -0.52226763 0.053752282 6781330 7379090
14.332291 -0.51801816 0.058974924 6783260 7381080
14.443709 -0.51143629 0.059034741 6786160 7383980
14.55475 -0.50496633 0.057366947 6789060 7386860
14.628135 -0.5006868 0.059133748 6790960 7388780
14.737084 -0.49475274 0.049691361 6793850 7391560
14.845529 -0.49038875 0.030747802 6796780 7394270
14.917286 -0.48864549 0.017830549 6798720 7396060
15.025816 -0.48764456 0.00061430437 6801640 7398780
15.135118 -0.48823505 -0.011418967 6804550 7401550
15.245378 -0.48925279 -0.0070413402 6807390 7404440
15.319465 -0.48961302 -0.0026830601 6809290 7406390
15.428959 -0.49014002 -0.0069429518 6812160 7409210
15.536715 -0.49144354 -0.017249775 6815020 7411950
15.643872 -0.49398354 -0.030148237 6817880 7414660
15.716371 -0.49663868 -0.043065034 6819840 7416470
15.823421 -0.50203615 -0.057690601 6822710 7419170
15.929624 -0.5087653 -0.068861861 6825540 7421870
16.000251 -0.51394169 -0.077461057 6827430 7423660
16.106302 -0.52276917 -0.088632358 6830260 7426360
16.21343 -0.53251926 -0.092893281 6833080 7429130
16.319366 -0.5426161 -0.097154782 6835870 7431870
16.389083 -0.54940945 -0.097117242 6837690 7433690
16.491223 -0.55877897 -0.085833765 6840290 7436420
16.592931 -0.56637825 -0.063322487 6842810 7439200
16.658645 -0.56997429 -0.046013167 6844420 7441010
16.754249 -0.5726788 -0.010549603 6846700 7443700
16.84776 -0.57099744 0.046506349 6848800 7446460
16.939638 -0.5635715 0.11478932 6850800 7449250
17.000797 -0.55488118 0.1675092 6852100 7451160
17.088016 -0.53575242 0.26429219 6853860 7454040
17.169421 -0.50916302 0.36712113 6855490 7456860
17.220078 -0.48764501 0.43624683 6856520 7458690
17.290042 -0.45034313 0.54339099 6857960 7461370
17.353986 -0.40680062 0.65225948 6859340 7464010
17.39246 -0.37511303 0.72570195 6860210 7465730
17.444877 -0.32274917 0.8440718 6861450 7468340
17.489401 -0.26571054 0.97193915 6862590 7470960
17.514457 -0.22531712 1.0591998 6863320 7472700
17.544613 -0.16251612 1.1870681 6864390 7475250
17.559929 -0.11975981 1.2665541 6865110 7476890
17.580056 -0.032763335 1.4203432 6866540 7480100
17.585054 0.01082827 1.4929187 6867260 7481660
17.58673 0.074119552 1.5957337 6868310 7483900
17.58203 0.13590808 1.6976852 6869330 7486100
17.571323 0.1957703 1.7979088 6870330 7488260
17.561199 0.23370131 1.8652995 6870960 7489670
17.541825 0.28767805 1.9655212 6871870 7491740
17.517495 0.33854598 2.0683345 6872740 7493800
17.49875 0.37038658 2.1374505 6873300 7495160
17.467507 0.41428939 2.2411251 6874100 7497160
17.432651 0.45385716 2.3448002 6874870 7499130
17.394394 0.48901686 2.4519276 6875600 7501100
17.366601 0.51033174 2.522771 6876100 7502420
17.3235 0.53759235 2.6324901 6876790 7504380
17.279566 0.55902196 2.7430729 6877420 7506290
17.249323 0.57045273 2.8173686 6877830 7507560
17.20382 0.58280386 2.9357228 6878370 7509470
17.157164 0.58961506 3.0575319 6878890 7511400
17.110219 0.59072258 -3.1047071 6879410 7513320
17.078367 0.58827708 -3.0252283 6879780 7514610
17.029445 0.57979595 -2.9146462 6880430 7516540
16.9793 0.56546604 -2.8118372 6881190 7518490
16.944893 0.55253238 -2.7522204 6881800 7519790
16.89359 0.52913848 -2.6753198 6882820 7521700
16.842467 0.5014978 -2.6165566 6883990 7523550
16.808807 0.48129372 -2.5854414 6884830 7524750
16.757516 0.44791638 -2.5439507 6886180 7526580
16.707229 0.41204001 -2.4998681 6887530 7528440
16.65783 0.37336828 -2.4549214 6888900 7530330
16.626233 0.34665688 -2.4246688 6889800 7531580
16.579521 0.30420455 -2.3831768 6891200 7533460
16.533912 0.25974027 -2.3546401 6892690 7535280
16.504327 0.22972699 -2.3433894 6893720 7536440
16.460885 0.18527237 -2.3459473 6895350 7538040
16.417845 0.14231497 -2.3683716 6897060 7539490
16.374089 0.10120481 -2.4063425 6898840 7540830
16.344412 0.075214038 -2.4382793 6900050 7541670
16.299028 0.038609583 -2.4874797 6901850 7542900
16.269235 0.016433985 -2.5159624 6902980 7543700
16.225114 -0.014155452 -2.5548007 6904600 7544870
16.181832 -0.041842441 -2.5901855 6906140 7546000
16.139122 -0.067155213 -2.62298 6907620 7547100
16.095289 -0.091277192 -2.654047 6909100 7548220
16.06504 -0.10693374 -2.6738941 6910100 7548990
16.01415 -0.13165237 -2.7049576 6911750 7550280
15.958238 -0.15652163 -2.7412009 6913550 7551660
15.894969 -0.18176873 -2.7826223 6915560 7553190
15.849496 -0.19805237 -2.8128264 6916990 7554270
15.77682 -0.22096981 -2.8594266 6919240 7555980
15.698744 -0.24186146 -2.9008415 6921580 7557840
15.642335 -0.2550161 -2.9241307 6923220 7559210
15.555027 -0.27277292 -2.9577675 6925730 7561330
15.4645 -0.28795332 -2.9931307 6928320 7563510
15.403118 -0.29643129 -3.0155544 6930060 7564990
15.308049 -0.30685636 -3.0491877 6932740 7567280
15.211909 -0.31405381 -3.0845483 6935450 7569580
15.114625 -0.3181799 -3.1138624 6938150 7571940
15.049208 -0.3194302 -3.1311018 6939950 7573540
14.949142 -0.31970481 3.1365904 6942640 7576050
14.848309 -0.31894185 3.1314622 6945290 7578640
14.780382 -0.31834295 3.1340898 6947040 7580420
14.675506 -0.31796665 -3.1412659 6949720 7583190
14.570436 -0.31845769 -3.1325724 6952400 7585970
14.466722 -0.31970969 -3.1264709 6955060 7588700
14.397066 -0.32070421 -3.128161 6956880 7590500
14.29104 -0.32181085 -3.1341503 6959670 7593220
14.219648 -0.32212773 -3.1401579 6961560 7595040
14.073975 -0.32139876 3.1301497 6965420 7598750
13.999896 -0.32032852 3.1241435 6967380 7600640
13.88753 -0.31846809 3.1259311 6970290 7603570
13.773617 -0.3169826 3.1311745 6973220 7606560
13.697029 -0.31631856 3.1346705 6975190 7608570
13.583685 -0.31636955 -3.1337709 6978050 7611600
13.472859 -0.31829282 -3.1147099 6980820 7614590
13.400157 -0.32068907 -3.1025789 6982640 7616550
13.29019 -0.32555559 -3.0921553 6985440 7619470
13.180846 -0.33130031 -3.0860507 6988250 7622350
13.069801 -0.33767009 -3.0825362 6991120 7625260
12.994311 -0.34223311 -3.0799045 6993070 7627240
12.879081 -0.3495539 -3.0763877 6996050 7630260
12.761024 -0.35782991 -3.0668235 6999070 7633390
12.682172 -0.36397805 -3.0607351 7001090 7635480
12.567121 -0.37370493 -3.0537635 7004050 7638520
12.452488 -0.38380255 -3.0537018 7007040 7641510
12.37561 -0.39047814 -3.0562517 7009060 7643500
12.260724 -0.39986036 -3.0639633 7012100 7646450
12.145016 -0.40861309 -3.0682197 7015140 7649440
12.030625 -0.4169256 -3.0698856 7018130 7652410
11.954433 -0.42249932 -3.0672535 7020100 7654410
11.83874 -0.43147106 -3.0611453 7023080 7657460
11.72158 -0.44137887 -3.0533089 7026090 7660560
11.605249 -0.45193264 -3.0489277 7029100 7663620
11.527449 -0.45909654 -3.0506134 7031140 7665640
11.449237 -0.46596124 -3.0574811 7033220 7667640
11.29318 -0.47702323 -3.0841722 7037440 7671550
11.214759 -0.48085354 -3.1014047 7039580 7673490
11.096846 -0.484222 -3.1246615 7042780 7676420
11.017566 -0.48501821 -3.1384386 7044920 7678400
10.897681 -0.48431293 3.1266729 7048140 7681410
10.778019 -0.4814974 3.1094628 7051350 7684420
10.661885 -0.47676395 3.0922507 7054470 7687340
10.545672 -0.4697703 3.0707202 7057620 7690240
10.467597 -0.46358505 3.0543518 7059750 7692180
10.349455 -0.45176318 3.0293677 7062980 7695120
10.231657 -0.43689173 3.002656 7066220 7698050
10.153606 -0.4253597 2.9871514 7068360 7700010
10.039578 -0.40604449 2.9604385 7071520 7702860
9.9244353 -0.38320618 2.9311348 7074740 7705740
9.8466565 -0.36595948 2.9156307 7076900 7707720
9.7306142 -0.3382293 2.8984204 7080100 7710720
9.615015 -0.30870582 2.884665 7083280 7713740
9.5379799 -0.28839668 2.8829803 7085360 7715800
9.4232077 -0.25798613 2.8821802 7088450 7718880
9.308193 -0.22698703 2.8744707 7091590 7721930
9.1928871 -0.19559666 2.8771259 7094680 7725050
9.1152089 -0.17470637 2.8806239 7096750 7727160
8.9982911 -0.14413466 2.8910531 7099830 7730360
8.8804842 -0.11550318 2.9153024 7102840 7733650
8.8025153 -0.098226282 2.9317555 7104820 7735820
8.682614 -0.073667463 2.9473681 7107910 7739090
8.5640566 -0.051253479 2.9621159 7110960 7742310
8.4450189 -0.030403153 2.9742727 7114030 7745520
8.3650712 -0.017292147 2.9838169 7116080 7747680
8.2450464 0.0011092874 2.9951103 7119170 7750900
8.1246832 0.018545021 3.0003577 7122300 7754090
8.001958 0.035773896 3.003879 7125500 7757330
7.9192029 0.047022631 3.009106 7127640 7759530
7.7951729 0.063220582 3.0143553 7130860 7762810
7.6717692 0.078245501 3.0265141 7134020 7766110
7.5902935 0.087305025 3.0351951 7136100 7768290
7.4682033 0.10023366 3.0369883 7139280 7771490
7.3464928 0.11311402 3.0353264 7142470 7774660
7.2257787 0.12625007 3.0310729 7145650 7777790
7.1452702 0.13528809 3.0285252 7147770 7779880
7.0274294 0.14815011 3.0372259 7150800 7783010
6.911003 0.15973214 3.0476532 7153780 7786110
6.7919737 0.17037264 3.0572182 7156830 7789270
6.7123767 0.17686058 3.0633069 7158870 7791380
6.5930162 0.18580529 3.0702808 7161940 7794530
6.4716908 0.19425733 3.0738008 7165080 7797710
6.3910486 0.19966088 3.0755715 7167170 7799820
6.2708684 0.20791579 3.0704538 7170330 7802920
6.1503614 0.2170223 3.0618814 7173520 7806010
6.0713351 0.22340198 3.0601965 7175590 7808060
5.9532038 0.23324038 3.0568052 7178690 7811120
5.8339222 0.24316691 3.0603242 7181780 7814250
5.7149726 0.2524377 3.0672978 7184840 7817390
5.6359129 0.25838924 3.0656129 7186910 7819440
5.5175411 0.26765379 3.0613579 7190020 7822500
5.3988273 0.27745348 3.0571032 7193140 7825570
5.2793996 0.28792779 3.0511215 7196290 7828650
5.1998673 0.29517578 3.0503006 7198370 7830720
5.0825683 0.30570608 3.0538185 7201410 7833800
4.9660098 0.31585813 3.0556087 7204440 7836850
4.8875913 0.32258175 3.0565145 7206480 7838900
4.7684819 0.33226987 3.064352 7209540 7842050
4.6489164 0.34105237 3.0721897 7212610 7845210
4.5304379 0.34882198 3.0800268 7215650 7848340
4.4526416 0.35351483 3.0826597 7217660 7850380
4.3348873 0.36050979 3.0818592 7220730 7853440
4.2555636 0.36542393 3.0775832 7222820 7855480
4.1370904 0.37327082 3.0733283 7225930 7858540
4.0180651 0.38150813 3.0716648 7229040 7861630
3.8984525 0.38962268 3.0760476 7232130 7864770
3.8187431 0.39454195 3.0838638 7234160 7866890
3.6982537 0.40092735 3.0934294 7237240 7870080
3.5780989 0.40624699 3.1012673 7240320 7873250
3.4590728 0.4108911 3.1039222 7243400 7876360
3.3800354 0.41383403 3.1048283 7245450 7878420
3.2623453 0.41815905 3.1048915 7248510 7881480
3.1460019 0.42247759 3.1040901 7251540 7884500
3.0304339 0.42696007 3.101561 7254560 7887490
2.9525624 0.43011112 3.100739 7256590 7889510
2.8345095 0.43503508 3.0990749 7259670 7892570
2.7156873 0.43998358 3.1008661 7262750 7895670
2.6368485 0.44305811 3.1043632 7264780 7897740
2.5216526 0.44719576 3.1070161 7267760 7900750
2.4081904 0.45131325 3.1036221 7270730 7903680
2.2947438 0.45581575 3.1002281 7273700 7906610
2.2195689 0.45902315 3.0976773 7275670 7908550
2.1080735 0.46411231 3.0942823 7278590 7911430
1.998879 0.46899545 3.0995231 7281400 7914300
1.92735 0.47188127 3.1030164 7283240 7916180
1.8202342 0.47578075 3.1073924 7286000 7918990
1.7144472 0.47912269 3.1126314 7288720 7921770
1.6119167 0.48186854 3.1170049 7291360 7924460
1.5449678 0.48345593 3.1187683 7293090 7926210
1.4464635 0.4856169 3.1205485 7295640 7928780
1.3544988 0.48747077 3.1223252 7298020 7931180
1.2935067 0.48861873 3.1232216 7299600 7932770
1.2096176 0.49008567 3.124994 7301770 7934960
1.1309217 0.49135637 3.1259 7303810 7937010
1.0822411 0.49205665 3.1285172 7305060 7938290
1.015662 0.49281104 3.1320077 7306770 7940040
0.95543219 0.49330934 3.1346311 7308320 7941620
0.90347548 0.49362544 3.1363864 7309660 7942980
0.87114614 0.49376556 3.1381312 7310490 7943830
0.82842559 0.49387605 3.1398815 7311590 7944950
0.79301782 0.4939363 3.1399005 7312510 7945870
0.77338941 0.49396941 3.139911 7313020 7946380
0.74856529 0.49402171 3.1390606 7313670 7947020
0.7295142 0.49409454 3.1364796 7314180 7947500
0.71238801 0.49420421 3.1338977 7314640 7947930
0.70276639 0.49427823 3.1339028 7314890 7948180
0.68948881 0.49438602 3.1330462 7315240 7948520
0.6783281 0.49449101 3.1313248 7315540 7948800
0.67217057 0.49455423 3.1313281 7315700 7948960
0.66485846 0.49463559 3.1296046 7315900 7949140
0.65908593 0.49470977 3.1278802 7316060 7949280
0.65523761 0.49476254 3.1278823 7316160 7949380
0.65369827 0.49478365 3.1278831 7316200 7949420
0.65254377 0.49479948 3.1278837 7316230 7949450
0.65273617 0.49479692 3.1287474 7316220 7949450
0.6533134 0.49478976 3.1296108 7316200 7949440
0.65408309 0.49478053 3.1296103 7316180 7949420
0.65466037 0.49477337 3.1287463 7316170 7949400
0.65485277 0.49477098 3.1296099 7316160 7949400
0.65485277 0.49477098 3.1296099 7316160 7949400
0.65485277 0.49477098 3.1296099 7316160 7949400
0.65485277 0.49477098 3.1296099 7316160 7949400
0.65485277 0.49477098 3.1296099 7316160 7949400
0.65504522 0.49476859 3.1287461 7316160 7949390
0.65523766 0.49476603 3.1278823 7316160 7949380
0.65523766 0.49476603 3.1278823 7316160 7949380
0.65523766 0.49476603 3.1278823 7316160 7949380
0.65523766 0.49476603 3.1278823 7316160 7949380
0.65523766 0.49476603 3.1278823 7316160 7949380
0.65523766 0.49476603 3.1278823 7316160 7949380
0.65523766 0.49476603 3.1278823 7316160 7949380
0.65523766 0.49476603 3.1278823 7316160 7949380
0.65523766 0.49476603 3.1278823 7316160 7949380
0.65523766 0.49476603 3.1278823 7316160 7949380
0.65523766 0.49476603 3.1278823 7316160 7949380
0.65523766 0.49476603 3.1278823 7316160 7949380
0.65523766 0.49476603 3.1278823 7316160 7949380
0.65523766 0.49476603 3.1278823 7316160 7949380
0.65523766 0.49476603 3.1278823 7316160 7949380
0.65523766 0.49476603 3.1278823 7316160 7949380
0.65523766 0.49476603 3.1278823 7316160 7949380
0.65523766 0.49476603 3.1278823 7316160 7949380
