1539749568724402 1580 -39
1539749568824370 1580 -40
1539749568924155 1581 -39
1539749569024029 1580 -39
1539749569123963 1579 -39
1539749569223839 1579 -39
1539749569323822 1583 -36
1539749569423686 1598 -29
1539749569523605 1610 -26
1539749569623508 1613 -29
1539749569756620 1613 -27
1539749569856431 1613 -28
1539749569956534 1613 -27
1539749570056473 1615 -28
1539749570156209 1615 -27
1539749570256031 1616 -27
1539749570355933 1616 -27
1539749570455912 1617 -27
1539749570555737 1617 -27
1539749570655653 1617 -27
1539749570755506 1617 -27
1539749570888780 1617 -27
1539749570988714 1618 -27
1539749571088687 1618 -28
1539749571188534 1619 -27
1539749571288496 1619 -27
1539749571388424 1619 -27
1539749571521623 1619 -26
1539749571621409 1619 -27
1539749571721276 1619 -27
1539749571821151 1620 -28
1539749571921126 1621 -26
1539749572021019 1620 -27
1539749572120892 1621 -27
1539749572220726 1621 -27
1539749572320683 1621 -27
1539749572420645 1621 -27
1539749572520433 1622 -27
1539749572620554 1622 -27
1539749572786747 1622 -27
1539749572886629 1622 -27
1539749572986482 1622 -27
1539749573086390 1622 -27
1539749573186184 1623 -27
1539749573286144 1623 -27
1539749573386142 1623 -28
1539749573486109 1623 -26
1539749573585853 1623 -27
1539749573685752 1623 -28
1539749573785723 1623 -28
1539749573885500 1623 -27
1539749573985520 1623 -30
1539749574085381 1621 -33
1539749574185344 1622 -36
1539749574285238 1619 -54
1539749574385255 1579 -108
1539749574485035 1398 -281
1539749574584918 1117 -578
1539749574718076 505 -1306
1539749574817925 -79 -2065
1539749574917817 -757 -2992
1539749575017611 -1565 -4128
1539749575117410 -2481 -5387
1539749575217285 -3474 -6728
1539749575317220 -4522 -8121
1539749575417543 -5592 -9587
1539749575517153 -6677 -11154
1539749575617018 -7785 -12849
1539749575750190 -9293 -15189
1539749575850153 -10445 -16911
1539749575949939 -11620 -18677
1539749576049742 -12810 -20551
1539749576149967 -14013 -22547
1539749576250097 -15210 -24535
1539749576350282 -16418 -26564
1539749576450253 -17674 -28783
1539749576550418 -18957 -31076
1539749576650213 -20268 -33309
1539749576750133 -21571 -35536
1539749576850181 -22871 -37873
1539749576950140 -24178 -40177
1539749577049896 -25521 -42384
1539749577149654 -26930 -44648
1539749577249581 -28416 -46980
1539749577349493 -29922 -49203
1539749577449417 -31472 -51366
1539749577549235 -33072 -53546
1539749577649163 -34780 -55694
1539749577749142 -36610 -57710
1539749577849040 -38469 -59649
1539749577982173 -40872 -62342
1539749578082062 -42672 -64383
1539749578181987 -44465 -66351
1539749578281924 -46169 -68292
1539749578381732 -47775 -70221
1539749578481681 -49228 -72042
1539749578581790 -50546 -73674
1539749578714879 -52097 -75619
1539749578814625 -53160 -77008
1539749578914443 -54121 -78313
1539749579014364 -54930 -79444
1539749579114447 -55514 -80262
1539749579214334 -55843 -80749
1539749579314101 -55844 -80809
1539749579414012 -55517 -80444
1539749579513959 -54796 -79593
1539749579613835 -53803 -78430
1539749579746871 -52070 -76464
1539749579846753 -50493 -74868
1539749579946866 -48663 -73160
1539749580046911 -46611 -71256
1539749580146859 -44311 -69119
1539749580246665 -41921 -66962
1539749580346580 -39567 -64798
1539749580446363 -37199 -62447
1539749580546284 -34781 -59954
1539749580646204 -32416 -57453
1539749580745898 -30065 -54857
1539749580845844 -27638 -52162
1539749580945797 -25116 -49533
1539749581045748 -22463 -46866
1539749581145606 -19609 -44127
1539749581245337 -16701 -41439
1539749581345122 -13851 -38823
1539749581478204 -9983 -35203
1539749581578071 -7089 -32512
1539749581711303 -3193 -28627
1539749581811204 -222 -25655
1539749581911134 2653 -22643
1539749582011023 5564 -19453
1539749582111016 8418 -16260
1539749582210866 11127 -12961
1539749582310750 13846 -9575
1539749582410607 16544 -6301
1539749582510586 19241 -2877
1539749582610551 22022 401
1539749582710503 24760 3622
1539749582810384 27458 6746
1539749582910244 30263 9692
1539749583010095 33077 12690
1539749583109853 35840 15535
1539749583243134 39685 19089
1539749583342931 42608 21698
1539749583442914 45665 24004
1539749583542747 48753 26204
1539749583675912 52883 29083
1539749583775957 56127 31120
1539749583876003 59397 32980
1539749583975872 62715 34804
1539749584075623 66011 36628
1539749584175483 69200 38405
1539749584275365 72411 40045
1539749584375149 75527 41653
1539749584475090 78574 43305
1539749584574961 81588 45042
1539749584674770 84504 46834
1539749584774766 87458 48652
1539749584874677 90357 50532
1539749585007910 94107 53328
1539749585107707 96980 55541
1539749585207567 99779 57801
1539749585307616 102541 60191
1539749585407496 105301 62689
1539749585507376 107966 65157
1539749585607173 110654 67690
1539749585707092 113445 70404
1539749585806875 116133 72999
1539749585906880 118828 75622
1539749586006930 121587 78409
1539749586106883 124244 81161
1539749586206780 126871 83919
1539749586306486 129470 86808
1539749586406419 131983 89657
1539749586506189 134369 92554
1539749586606178 136701 95566
1539749586706112 138863 98449
1539749586806077 140766 101412
1539749586905899 142502 104420
1539749587005699 144071 107209
1539749587105608 145474 109988
1539749587205473 146576 112642
1539749587305244 147414 115134
1539749587405176 147934 117543
1539749587505197 148129 119801
1539749587605046 148039 121732
1539749587705046 147647 123191
1539749587804992 147094 124375
1539749587904881 146355 125211
1539749588004828 145464 125734
1539749588104594 144451 126027
1539749588237751 142909 126169
1539749588337625 141629 126109
1539749588437535 140298 125996
1539749588537341 138916 125859
1539749588637274 137474 125744
1539749588737269 136043 125652
1539749588870378 134348 125546
1539749588970226 133476 125564
1539749589070166 133039 125721
1539749589170042 133042 126054
1539749589269898 133599 126755
1539749589403161 134973 128380
1539749589503161 136375 129984
1539749589636222 138713 132575
1539749589736196 140784 134897
1539749589836066 143132 137418
1539749589935953 145673 139950
1539749590035831 148139 142635
1539749590135780 150599 145369
1539749590235669 153151 147983
1539749590335636 155741 150702
1539749590435534 158425 153362
1539749590535615 161268 155820
1539749590635437 164222 158147
1539749590735157 167331 160439
1539749590834944 170694 162614
1539749590934840 174106 164674
1539749591034803 177606 166814
1539749591134738 181028 168973
1539749591234766 184409 171004
1539749591334918 187861 172997
1539749591434933 191179 175065
1539749591534819 194509 177173
1539749591634699 197805 179280
1539749591734629 201042 181459
1539749591834439 204305 183837
1539749591934336 207464 186332
1539749592034355 210660 188854
1539749592134320 213840 191511
1539749592234107 216959 194364
1539749592333874 220186 197242
1539749592433809 223313 200221
1539749592533903 226382 203206
1539749592633687 229383 206020
1539749592766930 233272 210058
1539749592866879 236239 212985
1539749592966877 239145 215957
1539749593100029 243161 220106
1539749593199978 246326 223083
1539749593333047 250645 227063
1539749593432914 254007 229846
1539749593532881 257382 232804
1539749593632694 260878 235866
1539749593732610 264312 238931
1539749593832830 267730 242087
1539749593932433 271075 245210
1539749594032410 274313 248281
1539749594132110 277667 251547
1539749594231997 280907 254654
1539749594331876 284221 257872
1539749594465031 288664 262082
1539749594598112 293254 266405
1539749594731407 297737 270716
1539749594831293 301087 274036
1539749594931150 304344 277397
1539749595031004 307575 280760
1539749595130991 310831 284274
1539749595230826 313934 287604
1539749595330642 317132 291091
1539749595430562 320304 294502
1539749595530439 323446 297911
1539749595630275 326658 301435
1539749595730123 329801 304866
1539749595863423 334123 309695
1539749595963305 337317 313196
1539749596063416 340584 316836
1539749596163178 343984 320226
1539749596263085 347428 323727
1539749596363184 350986 327124
1539749596462738 354462 330508
1539749596562678 357927 334030
1539749596662475 361390 337425
1539749596762408 364888 341043
1539749596862233 368510 344511
1539749596962350 372118 348155
1539749597062283 375831 351864
1539749597162070 379523 355541
1539749597261977 383325 359313
1539749597395148 388293 364287
1539749597494936 392096 368123
1539749597594770 395895 371902
1539749597694761 399803 375758
1539749597794719 403649 379549
1539749597894830 407580 383466
1539749597994747 411608 387345
1539749598094544 415627 391356
1539749598194562 419612 395320
1539749598294430 423607 399382
1539749598394343 427476 403252
1539749598527427 432607 408425
1539749598627218 436415 412276
1539749598727219 440159 416146
1539749598827196 443814 419918
1539749598927086 447363 423785
1539749599026921 450966 427543
1539749599126663 454480 431360
1539749599226512 458009 435002
1539749599326486 461485 438637
1539749599459707 466199 443349
1539749599559559 469586 447001
1539749599659467 472914 450499
1539749599759259 476169 454016
1539749599859043 479325 457609
1539749599959089 482516 461137
1539749600058984 485540 464770
1539749600158787 488511 468316
1539749600258749 491426 471895
1539749600358655 494160 475353
1539749600458554 496851 478846
1539749600558473 499474 482263
1539749600658460 502046 485576
1539749600758399 504623 488895
1539749600858381 507121 491916
1539749600958156 509416 494878
1539749601058045 511587 497790
1539749601157402 513583 500345
1539749601256196 515221 502742
1539749601355494 516619 505003
1539749601454926 517683 506916
1539749601553766 518570 508679
1539749601653779 519358 510437
1539749601752662 520108 512173
1539749601852567 520863 513832
1539749601952448 521553 515282
1539749602051906 522021 516635
1539749602151773 522266 517952
1539749602251732 522141 518928
1539749602351047 521694 519518
1539749602484982 520632 519745
1539749602584812 519546 519534
1539749602717980 517924 518977
1539749602817731 516502 518285
1539749602918167 514824 517408
1539749603017971 512934 516398
1539749603117755 510943 515304
1539749603218098 508980 514160
1539749603318038 507019 512974
1539749603418087 505037 511786
1539749603518772 503056 510602
1539749603618330 501164 509475
1539749603718214 499358 508420
1539749603851970 496948 507090
1539749603951938 495239 506171
1539749604052219 493749 505369
1539749604152127 492454 504693
1539749604252382 491441 504280
1539749604352300 490876 504297
1539749604452203 490700 504627
1539749604552943 490924 505253
1539749604652606 491581 506189
1539749604753038 492540 507400
1539749604852989 493794 508921
1539749604953415 495370 510790
1539749605053272 497255 512923
1539749605153450 499290 515133
1539749605253302 501368 517396
1539749605353265 503473 519760
1539749605453055 505722 522171
1539749605553123 508059 524537
1539749605652947 510550 527113
1539749605752739 513151 529763
1539749605852648 515851 532292
1539749605952592 518468 534814
1539749606052363 521110 537366
1539749606152495 523805 539878
1539749606252677 526523 542380
1539749606352747 529386 545060
1539749606452937 532326 547744
1539749606552839 535306 550510
1539749606652860 538367 553471
1539749606752734 541469 556432
1539749606852819 544562 559360
1539749606952622 547728 562343
1539749607052477 550883 565163
1539749607152392 554133 568025
1539749607252419 557435 570944
1539749607352213 560679 573731
1539749607452034 564008 576620
1539749607551892 567292 579568
1539749607685187 571714 583420
1539749607785022 575036 586443
1539749607885022 578438 589443
1539749607984838 581932 592520
1539749608085105 585324 595865
1539749608218178 589752 600250
1539749608318042 592972 603721
1539749608417815 596287 607118
1539749608517673 599543 610709
1539749608617625 602827 614121
1539749608717419 606128 617449
1539749608850663 610466 621925
1539749608950460 613711 625252
1539749609050315 616742 628749
1539749609150163 619693 632126
1539749609250104 622558 635790
1539749609350040 625198 639299
1539749609449959 627820 642804
1539749609583066 631302 647209
1539749609716334 634901 651381
1539749609816244 637810 654305
1539749609949436 641796 657914
1539749610049255 645020 660553
1539749610182523 649446 663790
1539749610282618 652842 666219
1539749610382424 656254 668701
1539749610482189 659608 671163
1539749610582082 663056 673800
1539749610682102 666454 676623
1539749610781993 669872 679498
1539749610881862 673179 682449
1539749610981693 676391 685613
1539749611081506 679603 688697
1539749611181598 682666 691954
1539749611281340 685770 695210
1539749611381229 688854 698427
1539749611481122 691962 701742
1539749611581038 695180 705023
1539749611680956 698312 708456
1539749611781122 701484 711883
1539749611880776 704677 715241
1539749611980566 707916 718593
1539749612080452 711347 721697
1539749612180429 714765 724792
1539749612280238 718342 727809
1539749612380126 722000 730794
1539749612480149 725694 733832
1539749612579947 729385 736835
1539749612679756 733017 739952
1539749612812990 737836 744185
1539749612912961 741390 747414
1539749613012867 744929 750775
1539749613112684 748306 754083
1539749613212613 751703 757565
1539749613312546 755005 761055
1539749613412439 758144 764532
1539749613512365 761219 768140
1539749613645514 765134 773060
1539749613745434 768087 776887
1539749613845329 770976 780591
1539749613945355 773847 784344
1539749614045224 776739 788045
1539749614145058 779602 791853
1539749614278266 783381 796686
1539749614378202 786264 800420
1539749614478024 789106 803956
1539749614577883 792044 807499
1539749614677659 795030 810969
1539749614777554 798012 814363
1539749614877319 801069 817777
1539749614977242 804046 821064
1539749615077137 806934 824502
1539749615177255 809934 827642
1539749615277030 813035 830717
1539749615377029 816377 833547
1539749615476775 819829 836028
1539749615576687 823283 838373
1539749615676760 826932 840692
1539749615776578 830500 842892
1539749615876379 834089 845087
1539749615976184 837593 847488
1539749616076139 841109 850005
1539749616176132 844590 852538
1539749616309356 849189 856158
1539749616409214 852549 858936
1539749616509085 855825 861755
1539749616608980 859088 864850
1539749616708765 862171 867923
1539749616808889 865225 871077
1539749616908751 868263 874422
1539749617008605 871240 877704
1539749617108561 874299 881094
1539749617208400 877348 884395
1539749617308158 880390 887684
1539749617408001 883526 891095
1539749617541193 887669 895500
1539749617641113 890849 898887
1539749617740993 894008 902147
1539749617840900 897187 905618
1539749617940791 900424 909076
1539749618040670 903589 912600
1539749618140450 906845 916120
1539749618240394 910156 919564
1539749618340379 913521 923180
1539749618440201 917002 926607
1539749618540241 920385 930118
1539749618673488 924969 934778
1539749618773313 928330 938380
1539749618873175 931797 941917
1539749618973249 935184 945447
1539749619073007 938590 948966
1539749619206141 943200 953625
1539749619305965 946640 957150
1539749619406167 950104 960595
1539749619505745 953470 964097
1539749619605693 956923 967505
1539749619705488 960318 971008
1539749619805461 963734 974423
1539749619905529 967134 977809
1539749620005287 970519 981260
1539749620138485 975103 985785
1539749620238389 978451 989212
1539749620338270 981805 992550
1539749620438047 985107 996038
1539749620537884 988465 999411
1539749620637797 991812 1.00284e+06
1539749620737815 995162 1.00625e+06
1539749620837755 998575 1.00959e+06
1539749620937623 1.00191e+06 1.01306e+06
1539749621037410 1.00525e+06 1.01634e+06
1539749621137420 1.00857e+06 1.01974e+06
1539749621237562 1.01188e+06 1.02313e+06
1539749621337631 1.01517e+06 1.02644e+06
1539749621437629 1.01843e+06 1.02975e+06
1539749621570874 1.02281e+06 1.03397e+06
1539749621704146 1.02728e+06 1.03845e+06
1539749621803985 1.03073e+06 1.04162e+06
1539749621903988 1.03405e+06 1.04491e+06
1539749622003823 1.0374e+06 1.04816e+06
1539749622103855 1.0408e+06 1.05151e+06
1539749622203847 1.04417e+06 1.05502e+06
1539749622303664 1.04757e+06 1.0584e+06
1539749622403450 1.05082e+06 1.06191e+06
1539749622503235 1.05409e+06 1.06534e+06
1539749622603169 1.05732e+06 1.06886e+06
1539749622736399 1.06157e+06 1.07344e+06
1539749622869918 1.0659e+06 1.07797e+06
1539749622969537 1.06917e+06 1.08117e+06
1539749623069439 1.0726e+06 1.08437e+06
1539749623169399 1.07605e+06 1.08756e+06
1539749623269254 1.0796e+06 1.09063e+06
1539749623402266 1.08433e+06 1.09483e+06
1539749623502187 1.08792e+06 1.09785e+06
1539749623602102 1.09133e+06 1.10098e+06
1539749623701897 1.09475e+06 1.1042e+06
1539749623801754 1.0982e+06 1.10742e+06
1539749623901778 1.1016e+06 1.11076e+06
1539749624001624 1.10505e+06 1.11402e+06
1539749624101609 1.10843e+06 1.11738e+06
1539749624201597 1.11175e+06 1.12078e+06
1539749624334735 1.11611e+06 1.12527e+06
1539749624434643 1.1194e+06 1.12871e+06
1539749624534638 1.12269e+06 1.13207e+06
1539749624634626 1.12596e+06 1.13552e+06
1539749624767848 1.13038e+06 1.13986e+06
1539749624867780 1.13366e+06 1.14311e+06
1539749624967546 1.13698e+06 1.14633e+06
1539749625067513 1.1403e+06 1.14955e+06
1539749625167454 1.14362e+06 1.15287e+06
1539749625267206 1.1469e+06 1.15607e+06
1539749625367050 1.15011e+06 1.15936e+06
1539749625466858 1.15344e+06 1.16254e+06
1539749625600131 1.15773e+06 1.16683e+06
1539749625733258 1.16206e+06 1.17111e+06
1539749625833159 1.16517e+06 1.17427e+06
1539749625966397 1.16925e+06 1.17851e+06
1539749626066275 1.17219e+06 1.18161e+06
1539749626166173 1.17505e+06 1.18479e+06
1539749626265955 1.17797e+06 1.18794e+06
1539749626399142 1.18183e+06 1.19205e+06
1539749626498968 1.18481e+06 1.19486e+06
1539749626632068 1.18887e+06 1.19836e+06
1539749626731942 1.19204e+06 1.20093e+06
1539749626831990 1.1953e+06 1.20338e+06
1539749626932024 1.19839e+06 1.20573e+06
1539749627032014 1.20139e+06 1.20817e+06
1539749627131767 1.20424e+06 1.21067e+06
1539749627231787 1.2069e+06 1.21314e+06
1539749627331636 1.20945e+06 1.21581e+06
1539749627431444 1.21176e+06 1.21854e+06
1539749627531322 1.21381e+06 1.22118e+06
1539749627631242 1.21563e+06 1.22388e+06
1539749627764391 1.2177e+06 1.22732e+06
1539749627864264 1.21907e+06 1.22973e+06
1539749627964095 1.22024e+06 1.23214e+06
1539749628063992 1.2212e+06 1.23446e+06
1539749628163928 1.22194e+06 1.23656e+06
1539749628263775 1.22253e+06 1.2386e+06
1539749628363571 1.22294e+06 1.24064e+06
1539749628463379 1.22316e+06 1.24263e+06
1539749628563246 1.22321e+06 1.24449e+06
1539749628663101 1.22311e+06 1.24628e+06
1539749628762948 1.22297e+06 1.24809e+06
1539749628862943 1.22281e+06 1.24992e+06
1539749628962848 1.22264e+06 1.25164e+06
1539749629062805 1.22248e+06 1.25327e+06
1539749629162695 1.22235e+06 1.25484e+06
1539749629295902 1.22222e+06 1.25698e+06
1539749629395798 1.22218e+06 1.25856e+06
1539749629495677 1.22219e+06 1.26009e+06
1539749629595500 1.22229e+06 1.26164e+06
1539749629695500 1.22256e+06 1.26333e+06
1539749629795341 1.22297e+06 1.26519e+06
1539749629895282 1.22356e+06 1.26726e+06
1539749629995285 1.22432e+06 1.26943e+06
1539749630095073 1.2253e+06 1.27176e+06
1539749630194977 1.22648e+06 1.27422e+06
1539749630294783 1.22803e+06 1.27658e+06
1539749630428138 1.23052e+06 1.27958e+06
1539749630528026 1.23276e+06 1.28187e+06
1539749630627918 1.23518e+06 1.28409e+06
1539749630727782 1.23761e+06 1.28623e+06
1539749630827579 1.24009e+06 1.28847e+06
1539749630927572 1.24275e+06 1.29084e+06
1539749631027446 1.24547e+06 1.29316e+06
1539749631127298 1.24823e+06 1.29546e+06
1539749631227109 1.25122e+06 1.29796e+06
1539749631327023 1.2543e+06 1.30056e+06
1539749631426858 1.2574e+06 1.30314e+06
1539749631526698 1.26054e+06 1.3059e+06
1539749631626646 1.2636e+06 1.30877e+06
1539749631726642 1.2667e+06 1.31163e+06
1539749631826548 1.26987e+06 1.31468e+06
1539749631926365 1.273e+06 1.31761e+06
1539749632026268 1.27624e+06 1.32046e+06
1539749632159483 1.28056e+06 1.32438e+06
1539749632259508 1.28395e+06 1.32724e+06
1539749632359303 1.28734e+06 1.33026e+06
1539749632459316 1.29065e+06 1.33336e+06
1539749632559216 1.29392e+06 1.33647e+06
1539749632659273 1.29708e+06 1.33974e+06
1539749632759094 1.30027e+06 1.34307e+06
1539749632859060 1.3034e+06 1.34648e+06
1539749632958868 1.30647e+06 1.34995e+06
1539749633058843 1.30956e+06 1.35332e+06
1539749633158587 1.3126e+06 1.35679e+06
1539749633258446 1.31571e+06 1.3601e+06
1539749633358340 1.31888e+06 1.36342e+06
1539749633458317 1.32203e+06 1.3668e+06
1539749633558260 1.32532e+06 1.3701e+06
1539749633658087 1.32856e+06 1.37355e+06
1539749633757966 1.33173e+06 1.37683e+06
1539749633857734 1.33491e+06 1.38016e+06
1539749633957643 1.33804e+06 1.38349e+06
1539749634057634 1.34129e+06 1.38676e+06
1539749634157418 1.34441e+06 1.39015e+06
1539749634257256 1.34742e+06 1.39347e+06
1539749634357276 1.35048e+06 1.39704e+06
1539749634457092 1.35345e+06 1.40059e+06
1539749634556993 1.35644e+06 1.40412e+06
1539749634657008 1.35946e+06 1.40764e+06
1539749634756865 1.36241e+06 1.411e+06
1539749634856688 1.36556e+06 1.41458e+06
1539749634956704 1.3687e+06 1.41794e+06
1539749635056586 1.37178e+06 1.42126e+06
1539749635156435 1.37503e+06 1.42443e+06
1539749635256338 1.37832e+06 1.42742e+06
1539749635389447 1.38298e+06 1.43149e+06
1539749635489339 1.38641e+06 1.43429e+06
1539749635589413 1.3899e+06 1.43725e+06
1539749635689256 1.39341e+06 1.44023e+06
1539749635789069 1.39688e+06 1.44317e+06
1539749635888948 1.40039e+06 1.4463e+06
1539749636022048 1.40497e+06 1.45042e+06
1539749636121929 1.40848e+06 1.4536e+06
1539749636221904 1.41183e+06 1.45672e+06
1539749636322070 1.41517e+06 1.45967e+06
1539749636422147 1.41848e+06 1.4628e+06
1539749636522156 1.4219e+06 1.46586e+06
1539749636622238 1.42539e+06 1.46893e+06
1539749636722287 1.42875e+06 1.47207e+06
1539749636822319 1.43214e+06 1.47509e+06
1539749636922262 1.43547e+06 1.47831e+06
1539749637022224 1.43881e+06 1.48155e+06
1539749637122097 1.4421e+06 1.48475e+06
1539749637221987 1.44523e+06 1.48813e+06
1539749637321859 1.44834e+06 1.49152e+06
1539749637421620 1.45127e+06 1.49514e+06
1539749637521530 1.45414e+06 1.49878e+06
1539749637621353 1.45696e+06 1.50246e+06
1539749637721230 1.45966e+06 1.50627e+06
1539749637821112 1.46234e+06 1.50997e+06
1539749637921131 1.46507e+06 1.51369e+06
1539749638021203 1.46776e+06 1.51729e+06
1539749638120990 1.47044e+06 1.52092e+06
1539749638220887 1.47317e+06 1.52448e+06
1539749638320782 1.47587e+06 1.52797e+06
1539749638420688 1.47859e+06 1.53134e+06
1539749638520676 1.48152e+06 1.53451e+06
1539749638620506 1.48457e+06 1.53755e+06
1539749638720422 1.48782e+06 1.54035e+06
1539749638820261 1.49126e+06 1.54303e+06
1539749638920294 1.49485e+06 1.54568e+06
1539749639020120 1.49863e+06 1.54814e+06
1539749639119966 1.50235e+06 1.55055e+06
1539749639219826 1.50611e+06 1.55306e+06
1539749639319802 1.50977e+06 1.55554e+06
1539749639419734 1.5134e+06 1.55809e+06
1539749639552814 1.51807e+06 1.56177e+06
1539749639652686 1.52155e+06 1.56446e+06
1539749639752491 1.52506e+06 1.56725e+06
1539749639852382 1.5287e+06 1.57019e+06
1539749639985669 1.53364e+06 1.57414e+06
1539749640085487 1.53722e+06 1.57728e+06
1539749640185307 1.54073e+06 1.58049e+06
1539749640285189 1.54406e+06 1.58373e+06
1539749640385059 1.54735e+06 1.58719e+06
1539749640484897 1.55041e+06 1.59063e+06
1539749640584913 1.55329e+06 1.59441e+06
1539749640684902 1.55596e+06 1.59812e+06
1539749640784896 1.55835e+06 1.60202e+06
1539749640918114 1.56132e+06 1.60705e+06
1539749641018029 1.56346e+06 1.61087e+06
1539749641117830 1.56554e+06 1.61435e+06
1539749641217593 1.56772e+06 1.61773e+06
1539749641317371 1.57005e+06 1.62092e+06
1539749641417423 1.57254e+06 1.62398e+06
1539749641517202 1.57502e+06 1.62705e+06
1539749641617161 1.57764e+06 1.62977e+06
1539749641717051 1.58042e+06 1.63228e+06
1539749641816835 1.5833e+06 1.63471e+06
1539749641916720 1.58641e+06 1.6369e+06
1539749642016489 1.5896e+06 1.63888e+06
1539749642116418 1.59277e+06 1.64087e+06
1539749642216317 1.59602e+06 1.6429e+06
1539749642316107 1.59918e+06 1.64481e+06
1539749642416041 1.60234e+06 1.64658e+06
1539749642515944 1.60551e+06 1.64834e+06
1539749642649063 1.60969e+06 1.65073e+06
1539749642749034 1.61291e+06 1.65247e+06
1539749642848958 1.61604e+06 1.65418e+06
1539749642948873 1.61913e+06 1.65593e+06
1539749643048764 1.62226e+06 1.65783e+06
1539749643148609 1.62534e+06 1.65986e+06
1539749643248567 1.6285e+06 1.66191e+06
1539749643348539 1.63155e+06 1.66402e+06
1539749643448530 1.63463e+06 1.66641e+06
1539749643548282 1.63777e+06 1.66895e+06
1539749643648283 1.64081e+06 1.6715e+06
1539749643748066 1.64389e+06 1.67427e+06
1539749643847954 1.64698e+06 1.67715e+06
1539749643947851 1.65008e+06 1.67993e+06
1539749644047865 1.65328e+06 1.68276e+06
1539749644181043 1.65755e+06 1.68652e+06
1539749644280916 1.66086e+06 1.68929e+06
1539749644381001 1.66418e+06 1.69219e+06
1539749644480777 1.66744e+06 1.695e+06
1539749644613929 1.67188e+06 1.6987e+06
1539749644713814 1.67527e+06 1.70149e+06
1539749644813616 1.67877e+06 1.70418e+06
1539749644913511 1.68225e+06 1.70684e+06
1539749645013473 1.68577e+06 1.70955e+06
1539749645146558 1.69039e+06 1.71285e+06
1539749645246407 1.69387e+06 1.71521e+06
1539749645346243 1.69723e+06 1.7174e+06
1539749645446260 1.70057e+06 1.71934e+06
1539749645546092 1.70389e+06 1.72108e+06
1539749645646019 1.70699e+06 1.72273e+06
1539749645746002 1.71004e+06 1.72435e+06
1539749645845917 1.71287e+06 1.72592e+06
1539749645945714 1.71553e+06 1.72741e+06
1539749646045572 1.71828e+06 1.72876e+06
1539749646145515 1.72077e+06 1.72965e+06
1539749646278789 1.72368e+06 1.73025e+06
1539749646378573 1.72541e+06 1.7301e+06
1539749646478432 1.72687e+06 1.72967e+06
1539749646578264 1.72789e+06 1.72883e+06
1539749646678092 1.72856e+06 1.72772e+06
1539749646778127 1.7289e+06 1.72639e+06
1539749646877998 1.72885e+06 1.72485e+06
1539749646977792 1.72858e+06 1.72322e+06
1539749647077819 1.72798e+06 1.72162e+06
1539749647177696 1.72707e+06 1.72013e+06
1539749647277508 1.72601e+06 1.71875e+06
1539749647377406 1.7249e+06 1.71736e+06
1539749647477516 1.72382e+06 1.71594e+06
1539749647577371 1.72283e+06 1.71453e+06
1539749647677264 1.7219e+06 1.71321e+06
1539749647777261 1.72112e+06 1.71216e+06
1539749647877200 1.72053e+06 1.71139e+06
1539749647977010 1.72033e+06 1.71112e+06
1539749648076804 1.72038e+06 1.71118e+06
1539749648210063 1.72108e+06 1.71201e+06
1539749648309931 1.72198e+06 1.71311e+06
1539749648409744 1.72318e+06 1.71459e+06
1539749648509559 1.72466e+06 1.71636e+06
1539749648609545 1.72646e+06 1.71824e+06
1539749648709357 1.72848e+06 1.72013e+06
1539749648809365 1.73078e+06 1.72214e+06
1539749648909258 1.73321e+06 1.72426e+06
1539749649009129 1.73573e+06 1.72643e+06
1539749649142192 1.739e+06 1.72924e+06
1539749649242101 1.74156e+06 1.73148e+06
1539749649342000 1.74417e+06 1.73376e+06
1539749649442085 1.74679e+06 1.73604e+06
1539749649575207 1.75034e+06 1.73915e+06
1539749649674984 1.75307e+06 1.74157e+06
1539749649774951 1.7558e+06 1.74396e+06
1539749649874754 1.75864e+06 1.74634e+06
1539749649974653 1.76151e+06 1.74888e+06
1539749650074609 1.76432e+06 1.75137e+06
1539749650174389 1.76719e+06 1.75383e+06
1539749650274186 1.7701e+06 1.75647e+06
1539749650374225 1.77301e+06 1.75911e+06
1539749650474236 1.77603e+06 1.76158e+06
1539749650574035 1.77897e+06 1.76405e+06
1539749650673900 1.78194e+06 1.76657e+06
1539749650807150 1.78607e+06 1.76975e+06
1539749650906927 1.78912e+06 1.77218e+06
1539749651006726 1.7923e+06 1.77471e+06
1539749651106667 1.79545e+06 1.7772e+06
1539749651206702 1.79864e+06 1.77973e+06
1539749651306856 1.8019e+06 1.78236e+06
1539749651406937 1.80513e+06 1.78496e+06
1539749651507005 1.8084e+06 1.78745e+06
1539749651607041 1.81164e+06 1.79006e+06
1539749651707123 1.81488e+06 1.7926e+06
1539749651807090 1.81815e+06 1.79505e+06
1539749651907008 1.82131e+06 1.79758e+06
1539749652006896 1.82447e+06 1.80012e+06
1539749652106745 1.8275e+06 1.80252e+06
1539749652206590 1.83033e+06 1.80494e+06
1539749652306362 1.83311e+06 1.80742e+06
1539749652406386 1.83567e+06 1.80976e+06
1539749652506198 1.83808e+06 1.81205e+06
1539749652606180 1.84051e+06 1.81442e+06
1539749652706091 1.84291e+06 1.8167e+06
1539749652805896 1.84525e+06 1.81888e+06
1539749652939286 1.84841e+06 1.82186e+06
1539749653039106 1.85079e+06 1.82419e+06
1539749653139034 1.85309e+06 1.82642e+06
1539749653272367 1.85618e+06 1.82944e+06
1539749653372195 1.85845e+06 1.8317e+06
1539749653472064 1.86065e+06 1.83387e+06
1539749653571944 1.86279e+06 1.83595e+06
1539749653671800 1.86496e+06 1.83811e+06
1539749653805068 1.86779e+06 1.84098e+06
1539749653904860 1.86976e+06 1.84297e+06
1539749654004679 1.87167e+06 1.84499e+06
1539749654104493 1.87358e+06 1.84708e+06
1539749654204429 1.87539e+06 1.84914e+06
1539749654304356 1.87711e+06 1.85111e+06
1539749654404237 1.87885e+06 1.85317e+06
1539749654504153 1.88072e+06 1.85544e+06
1539749654604051 1.88272e+06 1.85771e+06
1539749654703959 1.88481e+06 1.85989e+06
1539749654803905 1.88698e+06 1.86212e+06
1539749654937191 1.89009e+06 1.86525e+06
1539749655037004 1.8925e+06 1.86754e+06
1539749655137007 1.89492e+06 1.8699e+06
1539749655237010 1.89746e+06 1.87242e+06
1539749655336973 1.90004e+06 1.87489e+06
1539749655436766 1.90254e+06 1.87732e+06
1539749655536571 1.90511e+06 1.87991e+06
1539749655636380 1.90773e+06 1.88249e+06
1539749655736107 1.91029e+06 1.88504e+06
1539749655835907 1.91288e+06 1.88772e+06
1539749655935739 1.91557e+06 1.89046e+06
1539749656035554 1.91819e+06 1.8931e+06
1539749656135615 1.92077e+06 1.89582e+06
1539749656235421 1.92341e+06 1.89856e+06
1539749656335405 1.92604e+06 1.9012e+06
1539749656435272 1.92867e+06 1.90395e+06
1539749656535187 1.93142e+06 1.9067e+06
1539749656668406 1.93508e+06 1.91022e+06
1539749656768332 1.9379e+06 1.91295e+06
1539749656868268 1.9408e+06 1.9157e+06
1539749656968150 1.94361e+06 1.9184e+06
1539749657101420 1.94744e+06 1.9222e+06
1539749657201336 1.95032e+06 1.92503e+06
1539749657301321 1.95312e+06 1.92793e+06
1539749657401233 1.956e+06 1.93093e+06
1539749657501049 1.95884e+06 1.93384e+06
1539749657600817 1.96174e+06 1.93688e+06
1539749657700695 1.96469e+06 1.93996e+06
1539749657800534 1.96761e+06 1.94296e+06
1539749657900436 1.97058e+06 1.94612e+06
1539749658000303 1.97362e+06 1.94916e+06
1539749658100323 1.97661e+06 1.95221e+06
1539749658200188 1.97965e+06 1.9553e+06
1539749658300153 1.9827e+06 1.9583e+06
1539749658399897 1.98576e+06 1.96134e+06
1539749658499784 1.98894e+06 1.96442e+06
1539749658599756 1.99202e+06 1.96733e+06
1539749658699638 1.99515e+06 1.97049e+06
1539749658799543 1.99837e+06 1.97359e+06
1539749658899509 2.00164e+06 1.97678e+06
1539749658999290 2.0049e+06 1.98002e+06
1539749659099182 2.00808e+06 1.98311e+06
1539749659198992 2.01121e+06 1.98633e+06
1539749659298799 2.01444e+06 1.98955e+06
1539749659398840 2.01757e+06 1.99268e+06
1539749659498693 2.02076e+06 1.99592e+06
1539749659598523 2.02392e+06 1.99905e+06
1539749659698547 2.02704e+06 2.0023e+06
1539749659798406 2.03024e+06 2.00561e+06
1539749659898211 2.03336e+06 2.00882e+06
1539749660031378 2.03753e+06 2.01314e+06
1539749660131204 2.04067e+06 2.01632e+06
1539749660231113 2.04377e+06 2.01954e+06
1539749660331043 2.04686e+06 2.02272e+06
1539749660430848 2.0498e+06 2.02579e+06
1539749660530762 2.05277e+06 2.02903e+06
1539749660630664 2.05578e+06 2.03215e+06
1539749660730569 2.05868e+06 2.0354e+06
1539749660830500 2.06159e+06 2.03856e+06
1539749660930544 2.06448e+06 2.04161e+06
1539749661030483 2.06728e+06 2.04479e+06
1539749661130399 2.07009e+06 2.04779e+06
1539749661230242 2.0728e+06 2.05084e+06
1539749661330094 2.07531e+06 2.05404e+06
1539749661429953 2.07778e+06 2.05718e+06
1539749661529950 2.08018e+06 2.06042e+06
1539749661629807 2.08249e+06 2.06346e+06
1539749661729648 2.08483e+06 2.06633e+06
1539749661829514 2.0872e+06 2.06924e+06
1539749661929404 2.08947e+06 2.072e+06
1539749662029278 2.09163e+06 2.07459e+06
1539749662129268 2.09372e+06 2.07712e+06
1539749662229054 2.09573e+06 2.0794e+06
1539749662328335 2.09757e+06 2.08148e+06
1539749662427740 2.09921e+06 2.08357e+06
1539749662527148 2.10076e+06 2.08566e+06
1539749662626456 2.10226e+06 2.08764e+06
1539749662726342 2.10364e+06 2.08948e+06
1539749662825688 2.10467e+06 2.09112e+06
1539749662925300 2.10544e+06 2.09263e+06
1539749663025100 2.1058e+06 2.09382e+06
1539749663124419 2.10581e+06 2.09472e+06
1539749663223816 2.10548e+06 2.09538e+06
1539749663323266 2.10477e+06 2.09587e+06
1539749663423245 2.10369e+06 2.09621e+06
1539749663523115 2.10239e+06 2.09646e+06
1539749663622982 2.10084e+06 2.09656e+06
1539749663722909 2.09917e+06 2.09653e+06
1539749663823001 2.09741e+06 2.0964e+06
1539749663922907 2.09554e+06 2.09619e+06
1539749664022878 2.09361e+06 2.09594e+06
1539749664123124 2.09171e+06 2.09571e+06
1539749664223125 2.08989e+06 2.09552e+06
1539749664323089 2.08816e+06 2.09535e+06
1539749664456823 2.08607e+06 2.09516e+06
1539749664589988 2.08437e+06 2.09501e+06
1539749664690364 2.08376e+06 2.09507e+06
1539749664790304 2.08376e+06 2.09533e+06
1539749664890511 2.08422e+06 2.09583e+06
1539749664990989 2.08502e+06 2.0966e+06
1539749665091302 2.08597e+06 2.09769e+06
1539749665191668 2.08696e+06 2.09916e+06
1539749665291921 2.08802e+06 2.10092e+06
1539749665392227 2.08928e+06 2.10283e+06
1539749665492233 2.09074e+06 2.10476e+06
1539749665592206 2.09238e+06 2.10682e+06
1539749665692075 2.09422e+06 2.10909e+06
1539749665791838 2.09625e+06 2.1114e+06
1539749665891858 2.09835e+06 2.11369e+06
1539749665991785 2.10056e+06 2.11604e+06
1539749666091619 2.10304e+06 2.11856e+06
1539749666191459 2.10567e+06 2.12103e+06
1539749666291512 2.10836e+06 2.12354e+06
1539749666391621 2.11117e+06 2.12616e+06
1539749666491546 2.11398e+06 2.12878e+06
1539749666591487 2.11678e+06 2.13148e+06
1539749666691517 2.1197e+06 2.13439e+06
1539749666791435 2.12262e+06 2.13723e+06
1539749666891295 2.12559e+06 2.13998e+06
1539749666991102 2.12881e+06 2.14287e+06
1539749667090993 2.13203e+06 2.14568e+06
1539749667190924 2.13532e+06 2.14854e+06
1539749667290912 2.13857e+06 2.15161e+06
1539749667390765 2.14174e+06 2.15454e+06
1539749667490743 2.14504e+06 2.15751e+06
1539749667590795 2.14829e+06 2.16052e+06
1539749667690567 2.15159e+06 2.16336e+06
1539749667790406 2.1549e+06 2.16634e+06
1539749667890336 2.15816e+06 2.16938e+06
1539749667990315 2.16152e+06 2.17238e+06
1539749668090219 2.1648e+06 2.1755e+06
1539749668190068 2.16804e+06 2.17854e+06
1539749668289829 2.17131e+06 2.18159e+06
1539749668389853 2.1745e+06 2.18477e+06
1539749668489639 2.17778e+06 2.1878e+06
1539749668589438 2.18098e+06 2.19095e+06
1539749668689334 2.18421e+06 2.19412e+06
1539749668822438 2.18848e+06 2.19832e+06
1539749668922291 2.19161e+06 2.20166e+06
1539749669022238 2.1948e+06 2.20494e+06
1539749669122299 2.19794e+06 2.20836e+06
1539749669222268 2.2012e+06 2.21174e+06
1539749669322075 2.20441e+06 2.21518e+06
1539749669421871 2.20754e+06 2.21854e+06
1539749669555192 2.2118e+06 2.22292e+06
1539749669688349 2.21607e+06 2.22737e+06
1539749669788244 2.21936e+06 2.23062e+06
1539749669888077 2.2226e+06 2.23405e+06
1539749669987990 2.22597e+06 2.23739e+06
1539749670087879 2.22934e+06 2.2409e+06
1539749670221052 2.23384e+06 2.24539e+06
1539749670320817 2.23724e+06 2.24884e+06
1539749670420845 2.24069e+06 2.2523e+06
1539749670520722 2.24426e+06 2.25575e+06
1539749670654042 2.24891e+06 2.2604e+06
1539749670753928 2.25248e+06 2.26386e+06
1539749670853691 2.25602e+06 2.26737e+06
1539749670953610 2.25968e+06 2.27072e+06
1539749671053525 2.2633e+06 2.27415e+06
1539749671153399 2.267e+06 2.27747e+06
1539749671253355 2.27066e+06 2.28094e+06
1539749671353145 2.27431e+06 2.28447e+06
1539749671453035 2.27792e+06 2.28797e+06
1539749671552825 2.28148e+06 2.29151e+06
1539749671652751 2.28514e+06 2.29493e+06
1539749671752858 2.28874e+06 2.29851e+06
1539749671852627 2.2924e+06 2.30193e+06
1539749671952571 2.29595e+06 2.30534e+06
1539749672052354 2.29964e+06 2.30881e+06
1539749672152158 2.30333e+06 2.31225e+06
1539749672252135 2.307e+06 2.31585e+06
1539749672351969 2.31064e+06 2.31931e+06
1539749672485160 2.31543e+06 2.32408e+06
1539749672585218 2.31905e+06 2.32752e+06
1539749672718312 2.32377e+06 2.3322e+06
1539749672818351 2.3273e+06 2.33563e+06
1539749672951503 2.33195e+06 2.34035e+06
1539749673051467 2.33538e+06 2.34394e+06
1539749673151541 2.33872e+06 2.34758e+06
1539749673251370 2.34206e+06 2.35104e+06
1539749673351106 2.3454e+06 2.35454e+06
1539749673451084 2.34888e+06 2.35809e+06
1539749673550834 2.35231e+06 2.36149e+06
1539749673650662 2.35576e+06 2.36502e+06
1539749673750576 2.35925e+06 2.36844e+06
1539749673850576 2.36263e+06 2.37193e+06
1539749673950346 2.36606e+06 2.37529e+06
1539749674050351 2.36938e+06 2.37864e+06
1539749674150389 2.37277e+06 2.38212e+06
1539749674250171 2.37613e+06 2.38543e+06
1539749674350195 2.37943e+06 2.38881e+06
1539749674449976 2.38275e+06 2.39204e+06
1539749674549918 2.386e+06 2.39531e+06
1539749674649606 2.38932e+06 2.39872e+06
1539749674749578 2.39261e+06 2.40195e+06
1539749674849442 2.39583e+06 2.40527e+06
1539749674949357 2.3991e+06 2.40849e+06
1539749675049224 2.4023e+06 2.41176e+06
1539749675149157 2.40555e+06 2.41503e+06
1539749675249022 2.40876e+06 2.41817e+06
1539749675348877 2.41193e+06 2.42145e+06
1539749675448812 2.41518e+06 2.42462e+06
1539749675581887 2.41942e+06 2.42891e+06
1539749675681771 2.42256e+06 2.43204e+06
1539749675781558 2.42574e+06 2.43514e+06
1539749675881459 2.42892e+06 2.43838e+06
1539749675981483 2.43219e+06 2.4415e+06
1539749676081348 2.43534e+06 2.44466e+06
1539749676181249 2.4385e+06 2.44789e+06
1539749676281071 2.44166e+06 2.45101e+06
1539749676381027 2.44483e+06 2.45429e+06
1539749676481060 2.44803e+06 2.45744e+06
1539749676580888 2.45115e+06 2.46059e+06
1539749676680642 2.45431e+06 2.46379e+06
1539749676780498 2.4575e+06 2.46686e+06
1539749676880319 2.46057e+06 2.46995e+06
1539749676980340 2.46371e+06 2.47295e+06
1539749677080318 2.46678e+06 2.47585e+06
1539749677180048 2.46974e+06 2.47883e+06
1539749677279942 2.4726e+06 2.48163e+06
1539749677379834 2.47527e+06 2.48429e+06
1539749677479760 2.47778e+06 2.48696e+06
1539749677579684 2.48023e+06 2.48946e+06
1539749677679674 2.48251e+06 2.49186e+06
1539749677779559 2.4847e+06 2.49429e+06
1539749677879333 2.48686e+06 2.49664e+06
1539749677979218 2.48902e+06 2.49887e+06
1539749678079092 2.49108e+06 2.50112e+06
1539749678179010 2.49306e+06 2.50336e+06
1539749678278900 2.49502e+06 2.50544e+06
1539749678378911 2.49696e+06 2.50741e+06
1539749678478782 2.4988e+06 2.50941e+06
1539749678578757 2.50055e+06 2.51142e+06
1539749678678633 2.50228e+06 2.51332e+06
1539749678778586 2.50402e+06 2.51512e+06
1539749678878396 2.5057e+06 2.5169e+06
1539749678978284 2.50728e+06 2.51868e+06
1539749679078090 2.5088e+06 2.52042e+06
1539749679178007 2.5103e+06 2.52202e+06
1539749679277775 2.51179e+06 2.52357e+06
1539749679377566 2.51326e+06 2.52512e+06
1539749679477463 2.51465e+06 2.52669e+06
1539749679577466 2.51598e+06 2.52822e+06
1539749679710577 2.5177e+06 2.53012e+06
1539749679810669 2.51897e+06 2.53146e+06
1539749679910504 2.52021e+06 2.53278e+06
1539749680010576 2.52142e+06 2.53409e+06
1539749680110477 2.52256e+06 2.53537e+06
1539749680210283 2.52365e+06 2.53659e+06
1539749680310019 2.52468e+06 2.53773e+06
1539749680410058 2.52568e+06 2.53881e+06
1539749680510004 2.52667e+06 2.53984e+06
1539749680609797 2.52763e+06 2.54086e+06
1539749680709728 2.52856e+06 2.54186e+06
1539749680809463 2.52948e+06 2.54286e+06
1539749680909354 2.53033e+06 2.54382e+06
1539749681009338 2.53115e+06 2.54474e+06
1539749681109159 2.53191e+06 2.54559e+06
1539749681242607 2.53288e+06 2.54665e+06
1539749681342609 2.53355e+06 2.54738e+06
1539749681442698 2.5342e+06 2.54808e+06
1539749681542824 2.53482e+06 2.54875e+06
1539749681642917 2.53541e+06 2.54939e+06
1539749681742882 2.53597e+06 2.55e+06
1539749681842720 2.53649e+06 2.55057e+06
1539749681942679 2.53698e+06 2.55111e+06
1539749682042593 2.53743e+06 2.55161e+06
1539749682142513 2.53784e+06 2.55206e+06
1539749682242477 2.53821e+06 2.55248e+06
1539749682375632 2.53879e+06 2.55294e+06
1539749682475515 2.53946e+06 2.5533e+06
1539749682575423 2.54044e+06 2.55381e+06
1539749682675345 2.54169e+06 2.55454e+06
1539749682775136 2.5432e+06 2.55551e+06
1539749682874961 2.54493e+06 2.55677e+06
1539749682974977 2.54677e+06 2.55825e+06
1539749683074755 2.54865e+06 2.55996e+06
1539749683174665 2.55062e+06 2.56178e+06
1539749683274618 2.55279e+06 2.56362e+06
1539749683374534 2.55506e+06 2.5656e+06
1539749683474503 2.55733e+06 2.56772e+06
1539749683574391 2.55968e+06 2.56993e+06
1539749683674336 2.56216e+06 2.57214e+06
1539749683774135 2.56468e+06 2.57452e+06
1539749683874208 2.56726e+06 2.57711e+06
1539749683973929 2.56989e+06 2.57967e+06
1539749684073791 2.57257e+06 2.58222e+06
1539749684173679 2.57525e+06 2.58491e+06
1539749684273581 2.57803e+06 2.58754e+06
1539749684373431 2.58079e+06 2.59012e+06
1539749684473352 2.58348e+06 2.59282e+06
1539749684606637 2.58716e+06 2.59629e+06
1539749684706490 2.58987e+06 2.59884e+06
1539749684806262 2.5926e+06 2.60156e+06
1539749684906191 2.5954e+06 2.60422e+06
1539749685006047 2.59816e+06 2.60688e+06
1539749685105877 2.6009e+06 2.60965e+06
1539749685205837 2.60375e+06 2.61236e+06
1539749685305788 2.60653e+06 2.61504e+06
1539749685405726 2.60934e+06 2.61788e+06
1539749685505717 2.61218e+06 2.62065e+06
1539749685605657 2.61494e+06 2.62347e+06
1539749685705579 2.61779e+06 2.62657e+06
1539749685805531 2.6207e+06 2.62966e+06
1539749685905439 2.62357e+06 2.63276e+06
1539749686005233 2.62653e+06 2.6359e+06
1539749686104979 2.62956e+06 2.63891e+06
1539749686204838 2.63256e+06 2.64211e+06
1539749686338075 2.63671e+06 2.64623e+06
1539749686437937 2.63972e+06 2.64933e+06
1539749686537775 2.64277e+06 2.6525e+06
1539749686637655 2.6459e+06 2.65564e+06
1539749686737615 2.64897e+06 2.65897e+06
1539749686837600 2.65213e+06 2.66212e+06
1539749686937528 2.65525e+06 2.66518e+06
1539749687037362 2.65843e+06 2.66832e+06
1539749687137316 2.66172e+06 2.67128e+06
1539749687237054 2.66495e+06 2.6743e+06
1539749687336864 2.66815e+06 2.67732e+06
1539749687436786 2.67136e+06 2.68033e+06
1539749687536700 2.67457e+06 2.68351e+06
1539749687636566 2.67788e+06 2.68663e+06
1539749687736572 2.68102e+06 2.68974e+06
1539749687836414 2.68422e+06 2.69296e+06
1539749687936316 2.68745e+06 2.69609e+06
1539749688036109 2.69066e+06 2.69932e+06
1539749688135936 2.69394e+06 2.70249e+06
1539749688235869 2.69708e+06 2.70554e+06
1539749688335840 2.7003e+06 2.7088e+06
1539749688435767 2.70355e+06 2.7119e+06
1539749688535667 2.70674e+06 2.71502e+06
1539749688635655 2.70997e+06 2.7181e+06
1539749688735595 2.71313e+06 2.72102e+06
1539749688835366 2.71633e+06 2.72412e+06
1539749688935344 2.71955e+06 2.72717e+06
1539749689035200 2.7226e+06 2.73011e+06
1539749689135144 2.7257e+06 2.73317e+06
1539749689235008 2.72878e+06 2.73617e+06
1539749689334878 2.73186e+06 2.7393e+06
1539749689434722 2.73492e+06 2.74237e+06
1539749689534615 2.73789e+06 2.7453e+06
1539749689634512 2.74085e+06 2.74831e+06
1539749689767762 2.74481e+06 2.75222e+06
1539749689867666 2.74771e+06 2.75512e+06
1539749689967555 2.7506e+06 2.7581e+06
1539749690067334 2.75344e+06 2.76097e+06
1539749690167122 2.75618e+06 2.76394e+06
1539749690267067 2.75888e+06 2.76692e+06
1539749690400218 2.76223e+06 2.77078e+06
1539749690500149 2.76457e+06 2.77375e+06
1539749690600111 2.76681e+06 2.77661e+06
1539749690700007 2.76883e+06 2.7794e+06
1539749690799842 2.77073e+06 2.78221e+06
1539749690899726 2.77254e+06 2.78484e+06
1539749690999622 2.77437e+06 2.78742e+06
1539749691099503 2.77615e+06 2.79007e+06
1539749691199340 2.77788e+06 2.79255e+06
1539749691299293 2.77951e+06 2.7949e+06
1539749691399199 2.78099e+06 2.79719e+06
1539749691499125 2.7823e+06 2.79929e+06
1539749691599014 2.78341e+06 2.80113e+06
1539749691699005 2.78416e+06 2.80271e+06
1539749691798852 2.78455e+06 2.8041e+06
1539749691898717 2.78468e+06 2.80531e+06
1539749691998587 2.78451e+06 2.80632e+06
1539749692098402 2.78404e+06 2.80713e+06
1539749692198314 2.78327e+06 2.80776e+06
1539749692298105 2.78217e+06 2.80824e+06
1539749692398032 2.78093e+06 2.80863e+06
1539749692497853 2.77953e+06 2.80888e+06
1539749692597738 2.77799e+06 2.80898e+06
1539749692697533 2.77631e+06 2.80898e+06
1539749692797474 2.77439e+06 2.80887e+06
1539749692897481 2.77235e+06 2.80866e+06
1539749692997645 2.77032e+06 2.80839e+06
1539749693097220 2.76835e+06 2.808e+06
1539749693197129 2.76641e+06 2.80749e+06
1539749693296990 2.76473e+06 2.80692e+06
1539749693396947 2.7633e+06 2.80633e+06
1539749693496860 2.76228e+06 2.80595e+06
1539749693630126 2.76144e+06 2.80576e+06
1539749693729934 2.76139e+06 2.80594e+06
1539749693863307 2.76201e+06 2.80654e+06
1539749693963261 2.76286e+06 2.80724e+06
1539749694063140 2.764e+06 2.80814e+06
1539749694163081 2.76533e+06 2.80925e+06
1539749694262905 2.76698e+06 2.81072e+06
1539749694362638 2.76882e+06 2.81252e+06
1539749694462541 2.77075e+06 2.81454e+06
1539749694562530 2.7728e+06 2.81662e+06
1539749694662458 2.77499e+06 2.81877e+06
1539749694762318 2.77719e+06 2.82116e+06
1539749694895356 2.78013e+06 2.82448e+06
1539749694995155 2.78254e+06 2.82694e+06
1539749695095129 2.785e+06 2.82952e+06
1539749695194959 2.78756e+06 2.83222e+06
1539749695294876 2.79032e+06 2.83488e+06
1539749695394865 2.7932e+06 2.83767e+06
1539749695494763 2.79606e+06 2.84058e+06
1539749695594650 2.79904e+06 2.8434e+06
1539749695694559 2.80204e+06 2.84635e+06
1539749695794340 2.805e+06 2.84933e+06
1539749695894225 2.80805e+06 2.85221e+06
1539749695994201 2.81107e+06 2.85524e+06
1539749696094107 2.81415e+06 2.85821e+06
1539749696194115 2.81732e+06 2.86114e+06
1539749696294184 2.82045e+06 2.86411e+06
1539749696394263 2.82359e+06 2.86698e+06
1539749696494097 2.82677e+06 2.86995e+06
1539749696594063 2.82993e+06 2.8731e+06
1539749696693938 2.83313e+06 2.87617e+06
1539749696793792 2.8362e+06 2.87931e+06
1539749696893932 2.83935e+06 2.88243e+06
1539749696993933 2.8426e+06 2.88554e+06
1539749697093876 2.84578e+06 2.88886e+06
1539749697193706 2.84897e+06 2.89202e+06
1539749697293551 2.85213e+06 2.89527e+06
1539749697393371 2.85529e+06 2.89868e+06
1539749697493160 2.85848e+06 2.90209e+06
1539749697592957 2.86154e+06 2.90569e+06
1539749697692942 2.86468e+06 2.90906e+06
1539749697792712 2.86791e+06 2.91254e+06
1539749697892726 2.87123e+06 2.91588e+06
1539749697992542 2.87458e+06 2.91908e+06
1539749698092345 2.87777e+06 2.92237e+06
1539749698192222 2.88104e+06 2.92564e+06
1539749698292176 2.88432e+06 2.92909e+06
1539749698392062 2.88752e+06 2.9326e+06
1539749698491897 2.89067e+06 2.93604e+06
1539749698591861 2.89369e+06 2.93949e+06
1539749698691861 2.89681e+06 2.94287e+06
1539749698791679 2.89995e+06 2.94632e+06
1539749698891695 2.90301e+06 2.94963e+06
1539749698991564 2.90613e+06 2.95302e+06
1539749699091570 2.90931e+06 2.95655e+06
1539749699191350 2.91245e+06 2.95998e+06
1539749699291260 2.91564e+06 2.96335e+06
1539749699391096 2.91878e+06 2.96651e+06
1539749699491101 2.92213e+06 2.96965e+06
1539749699590962 2.92559e+06 2.97272e+06
1539749699690758 2.92904e+06 2.97559e+06
1539749699790688 2.93247e+06 2.97856e+06
1539749699890583 2.93581e+06 2.9815e+06
1539749699990484 2.9392e+06 2.98459e+06
1539749700090379 2.94246e+06 2.98782e+06
1539749700190302 2.94562e+06 2.99089e+06
1539749700290164 2.94883e+06 2.99405e+06
1539749700423432 2.9531e+06 2.99813e+06
1539749700523406 2.95644e+06 3.00113e+06
1539749700623252 2.95972e+06 3.0042e+06
1539749700723132 2.96309e+06 3.00712e+06
1539749700823024 2.9664e+06 3.01018e+06
1539749700923053 2.96961e+06 3.01323e+06
1539749701022940 2.97278e+06 3.01621e+06
1539749701122905 2.97581e+06 3.01947e+06
1539749701222844 2.97886e+06 3.02276e+06
1539749701322789 2.98184e+06 3.02617e+06
1539749701422613 2.98461e+06 3.0296e+06
1539749701522531 2.98746e+06 3.03291e+06
1539749701622370 2.99034e+06 3.03624e+06
1539749701722226 2.99322e+06 3.03938e+06
1539749701822103 2.99618e+06 3.04244e+06
1539749701921903 2.99912e+06 3.04549e+06
1539749702021879 3.00214e+06 3.04851e+06
1539749702121703 3.00529e+06 3.05162e+06
1539749702221577 3.00838e+06 3.05476e+06
1539749702321450 3.01146e+06 3.05784e+06
1539749702421306 3.01458e+06 3.06111e+06
1539749702521189 3.01769e+06 3.06434e+06
1539749702621170 3.02086e+06 3.06762e+06
1539749702721146 3.02398e+06 3.07087e+06
1539749702820958 3.02712e+06 3.07393e+06
1539749702920723 3.03048e+06 3.07712e+06
1539749703020676 3.03381e+06 3.08014e+06
1539749703153959 3.03823e+06 3.0843e+06
1539749703253793 3.04145e+06 3.08751e+06
1539749703353818 3.04469e+06 3.09075e+06
1539749703453666 3.04786e+06 3.0941e+06
1539749703553424 3.05086e+06 3.09719e+06
1539749703653291 3.05395e+06 3.10037e+06
1539749703753142 3.05708e+06 3.10357e+06
1539749703853044 3.06029e+06 3.10662e+06
1539749703952997 3.06357e+06 3.10982e+06
1539749704052918 3.06675e+06 3.11289e+06
1539749704152683 3.07007e+06 3.11612e+06
1539749704252555 3.07332e+06 3.1195e+06
1539749704352533 3.07653e+06 3.12268e+06
1539749704452406 3.07975e+06 3.12596e+06
1539749704585537 3.08409e+06 3.13019e+06
1539749704685312 3.08755e+06 3.13347e+06
1539749704785171 3.09091e+06 3.13668e+06
1539749704885080 3.09425e+06 3.13985e+06
1539749705018347 3.09868e+06 3.1442e+06
1539749705118285 3.102e+06 3.14736e+06
1539749705218173 3.10524e+06 3.15069e+06
1539749705318061 3.10842e+06 3.15384e+06
1539749705417932 3.11172e+06 3.15698e+06
1539749705517787 3.11504e+06 3.16019e+06
1539749705617612 3.11839e+06 3.16325e+06
1539749705717636 3.1217e+06 3.16639e+06
1539749705817469 3.12497e+06 3.16955e+06
1539749705917382 3.12843e+06 3.17286e+06
1539749706017458 3.13178e+06 3.17628e+06
1539749706117355 3.1351e+06 3.17954e+06
1539749706217209 3.13828e+06 3.18284e+06
1539749706317049 3.14131e+06 3.18596e+06
1539749706450054 3.14536e+06 3.19004e+06
1539749706549950 3.14828e+06 3.19304e+06
1539749706649848 3.15118e+06 3.19589e+06
1539749706749625 3.15404e+06 3.19883e+06
1539749706849668 3.15686e+06 3.20176e+06
1539749706949551 3.15979e+06 3.20461e+06
1539749707049533 3.16274e+06 3.20762e+06
1539749707149463 3.16584e+06 3.21058e+06
1539749707249231 3.16905e+06 3.21357e+06
1539749707349015 3.17219e+06 3.2167e+06
1539749707448966 3.17529e+06 3.21971e+06
1539749707548992 3.17838e+06 3.22278e+06
1539749707648859 3.18145e+06 3.22586e+06
1539749707748772 3.18456e+06 3.22891e+06
1539749707848572 3.18766e+06 3.23201e+06
1539749707948412 3.19076e+06 3.2351e+06
1539749708081619 3.19515e+06 3.23927e+06
1539749708181478 3.19845e+06 3.24247e+06
1539749708281620 3.20176e+06 3.24557e+06
1539749708381404 3.20491e+06 3.24883e+06
1539749708481230 3.20809e+06 3.25199e+06
1539749708581082 3.21133e+06 3.25519e+06
1539749708681049 3.21445e+06 3.2584e+06
1539749708781141 3.21763e+06 3.26143e+06
1539749708880926 3.22076e+06 3.26458e+06
1539749708980801 3.22401e+06 3.26769e+06
1539749709080751 3.2274e+06 3.27066e+06
1539749709180666 3.23065e+06 3.27374e+06
1539749709280653 3.2339e+06 3.27676e+06
1539749709380607 3.23702e+06 3.27992e+06
1539749709480536 3.24007e+06 3.28319e+06
1539749709613607 3.24411e+06 3.28735e+06
1539749709713419 3.24707e+06 3.29052e+06
1539749709813197 3.25019e+06 3.29349e+06
1539749709913007 3.25328e+06 3.29658e+06
1539749710046188 3.25734e+06 3.30063e+06
1539749710146136 3.26037e+06 3.30362e+06
1539749710245954 3.26337e+06 3.30671e+06
1539749710345974 3.26648e+06 3.30971e+06
1539749710445907 3.26948e+06 3.31278e+06
1539749710545924 3.27242e+06 3.31586e+06
1539749710645892 3.27542e+06 3.31878e+06
1539749710745714 3.27844e+06 3.32181e+06
1539749710845672 3.28152e+06 3.3248e+06
1539749710945600 3.28458e+06 3.32774e+06
1539749711045624 3.28756e+06 3.33083e+06
1539749711145447 3.2906e+06 3.33375e+06
1539749711245371 3.2937e+06 3.33667e+06
1539749711345429 3.29672e+06 3.33946e+06
1539749711445513 3.29991e+06 3.34202e+06
1539749711545521 3.30301e+06 3.34458e+06
1539749711645406 3.30605e+06 3.34722e+06
1539749711745323 3.30907e+06 3.34971e+06
1539749711845232 3.31192e+06 3.35211e+06
1539749711978603 3.31566e+06 3.35534e+06
1539749712078474 3.31841e+06 3.35764e+06
1539749712178413 3.32104e+06 3.35976e+06
1539749712278245 3.32362e+06 3.36177e+06
1539749712378167 3.32605e+06 3.36361e+06
1539749712478006 3.32827e+06 3.3651e+06
1539749712611312 3.33109e+06 3.36668e+06
1539749712711102 3.33306e+06 3.36763e+06
1539749712811131 3.33476e+06 3.36832e+06
1539749712911129 3.33615e+06 3.36868e+06
1539749713011040 3.3373e+06 3.3688e+06
1539749713110783 3.33808e+06 3.36858e+06
1539749713210680 3.33852e+06 3.36808e+06
1539749713310477 3.33865e+06 3.3673e+06
1539749713410436 3.3385e+06 3.36626e+06
1539749713510455 3.3382e+06 3.36505e+06
1539749713610424 3.33769e+06 3.3636e+06
1539749713710292 3.337e+06 3.36198e+06
1539749713843446 3.33575e+06 3.35971e+06
1539749713943184 3.33461e+06 3.35806e+06
1539749714043123 3.33328e+06 3.35637e+06
1539749714143069 3.33181e+06 3.35452e+06
1539749714276180 3.32974e+06 3.3518e+06
1539749714376163 3.32819e+06 3.34975e+06
1539749714476032 3.32665e+06 3.34762e+06
1539749714575816 3.32511e+06 3.34543e+06
1539749714675791 3.32352e+06 3.34326e+06
1539749714775734 3.32196e+06 3.34115e+06
1539749714875613 3.32043e+06 3.33897e+06
1539749714975554 3.31901e+06 3.33657e+06
1539749715075302 3.31768e+06 3.33415e+06
1539749715175114 3.3164e+06 3.33176e+06
1539749715275020 3.31511e+06 3.3293e+06
1539749715374872 3.31381e+06 3.3269e+06
1539749715508188 3.31208e+06 3.32408e+06
1539749715607996 3.31076e+06 3.32209e+06
1539749715707928 3.30935e+06 3.32017e+06
1539749715807744 3.30784e+06 3.31839e+06
1539749715907775 3.30627e+06 3.31676e+06
1539749716007745 3.30472e+06 3.31515e+06
1539749716107530 3.30324e+06 3.31351e+06
1539749716207427 3.30186e+06 3.31194e+06
1539749716307297 3.30062e+06 3.31055e+06
1539749716407205 3.29964e+06 3.30952e+06
1539749716507110 3.29902e+06 3.30888e+06
1539749716607075 3.2989e+06 3.30876e+06
1539749716706912 3.29927e+06 3.30913e+06
1539749716806777 3.30009e+06 3.30997e+06
1539749716906627 3.30122e+06 3.31117e+06
1539749717006516 3.30269e+06 3.31282e+06
1539749717106395 3.30452e+06 3.31485e+06
1539749717206368 3.30663e+06 3.31702e+06
1539749717306251 3.30898e+06 3.3194e+06
1539749717406149 3.31141e+06 3.32202e+06
1539749717506115 3.31411e+06 3.32467e+06
1539749717605849 3.31701e+06 3.32737e+06
1539749717705859 3.32001e+06 3.33039e+06
1539749717805837 3.32316e+06 3.3334e+06
1539749717905609 3.32634e+06 3.33648e+06
1539749718005610 3.32951e+06 3.33976e+06
1539749718105456 3.33277e+06 3.34291e+06
1539749718238651 3.33686e+06 3.34721e+06
1539749718338505 3.33988e+06 3.35035e+06
1539749718438405 3.34286e+06 3.35359e+06
1539749718538174 3.34586e+06 3.35689e+06
1539749718638113 3.34898e+06 3.3602e+06
1539749718738095 3.35215e+06 3.36356e+06
1539749718838024 3.35536e+06 3.36684e+06
1539749718937889 3.35866e+06 3.37006e+06
1539749719037741 3.36196e+06 3.37338e+06
1539749719137671 3.36544e+06 3.37661e+06
1539749719237504 3.36889e+06 3.37992e+06
1539749719337364 3.37234e+06 3.38323e+06
1539749719437324 3.37582e+06 3.38657e+06
1539749719537211 3.37931e+06 3.38982e+06
1539749719637087 3.38289e+06 3.39286e+06
1539749719737139 3.38643e+06 3.39596e+06
1539749719837069 3.39e+06 3.39905e+06
1539749719970037 3.39461e+06 3.40327e+06
1539749720069998 3.39802e+06 3.40656e+06
1539749720169857 3.40136e+06 3.4098e+06
1539749720269755 3.40474e+06 3.41315e+06
1539749720369535 3.40819e+06 3.4163e+06
1539749720469434 3.41162e+06 3.41934e+06
1539749720569360 3.41512e+06 3.42232e+06
1539749720702754 3.41987e+06 3.42618e+06
1539749720802604 3.42355e+06 3.42929e+06
1539749720902439 3.42716e+06 3.43241e+06
1539749721002235 3.43073e+06 3.43559e+06
1539749721102134 3.43416e+06 3.43886e+06
1539749721202119 3.43756e+06 3.44202e+06
1539749721302106 3.44087e+06 3.44537e+06
1539749721401875 3.44395e+06 3.44868e+06
1539749721501883 3.44693e+06 3.45208e+06
1539749721601733 3.44975e+06 3.45563e+06
1539749721734887 3.45317e+06 3.46043e+06
1539749721834754 3.45561e+06 3.46411e+06
1539749721934680 3.4579e+06 3.46767e+06
1539749722034451 3.46016e+06 3.4713e+06
1539749722167904 3.46329e+06 3.47599e+06
1539749722267731 3.46558e+06 3.47955e+06
1539749722367584 3.46792e+06 3.48288e+06
1539749722467454 3.47034e+06 3.48618e+06
1539749722567319 3.47289e+06 3.48934e+06
1539749722667064 3.47545e+06 3.49234e+06
1539749722766988 3.47808e+06 3.49534e+06
1539749722866884 3.48075e+06 3.49823e+06
1539749722966804 3.48335e+06 3.50114e+06
1539749723066612 3.48603e+06 3.50408e+06
1539749723166623 3.48891e+06 3.50682e+06
1539749723266446 3.49196e+06 3.50961e+06
1539749723366487 3.49525e+06 3.51238e+06
1539749723466182 3.49869e+06 3.51492e+06
1539749723566046 3.50215e+06 3.51743e+06
1539749723665868 3.50571e+06 3.51988e+06
1539749723765774 3.50919e+06 3.52212e+06
1539749723899068 3.51394e+06 3.52509e+06
1539749723998988 3.51737e+06 3.52743e+06
1539749724098875 3.52091e+06 3.52973e+06
1539749724198977 3.52446e+06 3.53206e+06
1539749724298756 3.52804e+06 3.53451e+06
1539749724398594 3.53157e+06 3.53699e+06
1539749724498436 3.53503e+06 3.53946e+06
1539749724598246 3.53854e+06 3.54215e+06
1539749724698254 3.542e+06 3.54491e+06
1539749724798022 3.54543e+06 3.54763e+06
1539749724898015 3.5487e+06 3.55053e+06
1539749724997897 3.55188e+06 3.55357e+06
1539749725097682 3.555e+06 3.55665e+06
1539749725197592 3.55788e+06 3.56004e+06
1539749725297521 3.5607e+06 3.56338e+06
1539749725397516 3.56344e+06 3.56688e+06
1539749725497524 3.56608e+06 3.57049e+06
1539749725597303 3.56872e+06 3.57398e+06
1539749725697187 3.57137e+06 3.57756e+06
1539749725797103 3.57393e+06 3.58085e+06
1539749725896987 3.57659e+06 3.58426e+06
1539749725996776 3.57928e+06 3.58756e+06
1539749726096755 3.58193e+06 3.59091e+06
1539749726196657 3.58471e+06 3.59435e+06
1539749726296617 3.5876e+06 3.59772e+06
1539749726396855 3.59061e+06 3.60126e+06
1539749726496901 3.59379e+06 3.60473e+06
1539749726597057 3.5971e+06 3.60817e+06
1539749726697070 3.60046e+06 3.61159e+06
1539749726796947 3.6039e+06 3.61487e+06
1539749726896805 3.60726e+06 3.61825e+06
1539749726996675 3.61066e+06 3.62153e+06
1539749727096573 3.61395e+06 3.62488e+06
1539749727196367 3.61724e+06 3.62823e+06
1539749727296298 3.62058e+06 3.63155e+06
1539749727396211 3.62387e+06 3.63491e+06
1539749727496430 3.62723e+06 3.63812e+06
1539749727596099 3.63051e+06 3.64136e+06
1539749727729144 3.63488e+06 3.64566e+06
1539749727862448 3.63917e+06 3.64994e+06
1539749727962349 3.64238e+06 3.65305e+06
1539749728062126 3.64559e+06 3.65617e+06
1539749728162060 3.64878e+06 3.65938e+06
1539749728262112 3.65204e+06 3.6624e+06
1539749728361975 3.6552e+06 3.66551e+06
1539749728461813 3.65839e+06 3.66863e+06
1539749728561700 3.6616e+06 3.67168e+06
1539749728661487 3.66474e+06 3.6748e+06
1539749728761521 3.66789e+06 3.67786e+06
1539749728861523 3.67097e+06 3.68091e+06
1539749728961385 3.67404e+06 3.68411e+06
1539749729061280 3.67719e+06 3.68719e+06
1539749729194519 3.68127e+06 3.69149e+06
1539749729294366 3.68443e+06 3.69459e+06
1539749729394110 3.68758e+06 3.69776e+06
1539749729494017 3.69072e+06 3.70095e+06
1539749729593912 3.6939e+06 3.70398e+06
1539749729693758 3.697e+06 3.70724e+06
1539749729793831 3.70018e+06 3.71042e+06
1539749729893677 3.70332e+06 3.71355e+06
1539749729993475 3.70638e+06 3.71671e+06
1539749730093353 3.70953e+06 3.71967e+06
1539749730226392 3.71364e+06 3.72388e+06
1539749730326285 3.71681e+06 3.72699e+06
1539749730426282 3.71992e+06 3.73006e+06
1539749730526104 3.72301e+06 3.73323e+06
1539749730626130 3.7262e+06 3.73642e+06
1539749730726081 3.72941e+06 3.73975e+06
1539749730826086 3.73269e+06 3.74309e+06
1539749730926029 3.73597e+06 3.74635e+06
1539749731025996 3.73921e+06 3.74974e+06
1539749731125757 3.74253e+06 3.753e+06
1539749731225641 3.74581e+06 3.75636e+06
1539749731325412 3.7491e+06 3.7597e+06
1539749731425343 3.75241e+06 3.76299e+06
1539749731525159 3.75566e+06 3.76632e+06
1539749731625033 3.75907e+06 3.76942e+06
1539749731724963 3.76239e+06 3.77264e+06
1539749731824936 3.7658e+06 3.77567e+06
1539749731924773 3.76926e+06 3.7786e+06
1539749732024577 3.77276e+06 3.78157e+06
1539749732124385 3.77634e+06 3.78435e+06
1539749732224290 3.77972e+06 3.78711e+06
1539749732324334 3.78318e+06 3.78999e+06
1539749732424162 3.78649e+06 3.79275e+06
1539749732524194 3.7898e+06 3.79558e+06
1539749732624001 3.79301e+06 3.79852e+06
1539749732723807 3.79614e+06 3.80144e+06
1539749732823793 3.79922e+06 3.80452e+06
1539749732923614 3.80217e+06 3.80768e+06
1539749733023526 3.80497e+06 3.81071e+06
1539749733123442 3.80774e+06 3.81388e+06
1539749733223553 3.81048e+06 3.81702e+06
1539749733323503 3.8132e+06 3.82011e+06
1539749733423274 3.81596e+06 3.82321e+06
1539749733523162 3.81865e+06 3.82609e+06
1539749733622929 3.82135e+06 3.82904e+06
1539749733722908 3.82412e+06 3.83209e+06
1539749733822695 3.82674e+06 3.83503e+06
1539749733922582 3.82932e+06 3.83814e+06
1539749734022454 3.83198e+06 3.84121e+06
1539749734122287 3.83466e+06 3.8442e+06
1539749734255614 3.83833e+06 3.84842e+06
1539749734355509 3.84119e+06 3.85152e+06
1539749734455344 3.84406e+06 3.85468e+06
1539749734555284 3.84709e+06 3.85778e+06
1539749734655082 3.85018e+06 3.86084e+06
1539749734754875 3.85313e+06 3.86391e+06
1539749734854737 3.85612e+06 3.86686e+06
1539749734954596 3.85906e+06 3.86986e+06
1539749735054497 3.862e+06 3.87293e+06
1539749735154474 3.86503e+06 3.87576e+06
1539749735254506 3.868e+06 3.87859e+06
1539749735354293 3.87106e+06 3.88127e+06
1539749735454222 3.87423e+06 3.88376e+06
1539749735554111 3.87732e+06 3.88626e+06
1539749735653982 3.88044e+06 3.88873e+06
1539749735753986 3.88351e+06 3.89111e+06
1539749735853930 3.88647e+06 3.89354e+06
1539749735953812 3.88941e+06 3.89608e+06
1539749736053704 3.8921e+06 3.89856e+06
1539749736153478 3.89449e+06 3.90104e+06
1539749736253459 3.89669e+06 3.90376e+06
1539749736353346 3.89858e+06 3.90644e+06
1539749736453217 3.90016e+06 3.90905e+06
1539749736553174 3.90152e+06 3.91175e+06
1539749736653054 3.90278e+06 3.91433e+06
1539749736753108 3.90401e+06 3.91675e+06
1539749736853140 3.90521e+06 3.91922e+06
1539749736952852 3.90636e+06 3.92164e+06
1539749737052575 3.90742e+06 3.92387e+06
1539749737152341 3.90817e+06 3.92603e+06
1539749737252167 3.90867e+06 3.92815e+06
1539749737352058 3.9088e+06 3.93006e+06
1539749737452045 3.90876e+06 3.93182e+06
1539749737552029 3.90853e+06 3.93342e+06
1539749737651861 3.90815e+06 3.93495e+06
1539749737751735 3.90759e+06 3.93635e+06
1539749737851615 3.90688e+06 3.93758e+06
1539749737951475 3.90604e+06 3.93862e+06
1539749738051338 3.90519e+06 3.93958e+06
1539749738151149 3.9044e+06 3.94049e+06
1539749738251044 3.90375e+06 3.94141e+06
1539749738351022 3.90323e+06 3.94238e+06
1539749738450997 3.90289e+06 3.94342e+06
1539749738550756 3.90277e+06 3.94462e+06
1539749738650779 3.90287e+06 3.94603e+06
1539749738750696 3.90323e+06 3.94763e+06
1539749738850459 3.90383e+06 3.94938e+06
1539749738950351 3.90481e+06 3.95136e+06
1539749739050278 3.90622e+06 3.95351e+06
1539749739150199 3.90798e+06 3.95562e+06
1539749739249976 3.91004e+06 3.95774e+06
1539749739349987 3.91242e+06 3.9601e+06
1539749739449873 3.91506e+06 3.96262e+06
1539749739549777 3.91791e+06 3.96522e+06
1539749739649710 3.92096e+06 3.96797e+06
1539749739749482 3.92414e+06 3.97081e+06
1539749739849284 3.92724e+06 3.97348e+06
1539749739949303 3.93041e+06 3.97621e+06
1539749740082546 3.93458e+06 3.97988e+06
1539749740182410 3.93781e+06 3.98256e+06
1539749740282215 3.94104e+06 3.98546e+06
1539749740382195 3.94427e+06 3.98845e+06
1539749740482045 3.94763e+06 3.9915e+06
1539749740581975 3.95091e+06 3.99476e+06
1539749740681737 3.95427e+06 3.99789e+06
1539749740781630 3.9576e+06 4.00112e+06
1539749740881414 3.96092e+06 4.00441e+06
1539749740981348 3.96438e+06 4.00771e+06
1539749741081166 3.96783e+06 4.0111e+06
1539749741181094 3.9713e+06 4.01446e+06
1539749741281019 3.97469e+06 4.01793e+06
1539749741381259 3.9781e+06 4.02149e+06
1539749741481320 3.98157e+06 4.02499e+06
1539749741614681 3.98614e+06 4.02977e+06
1539749741714699 3.98961e+06 4.03327e+06
1539749741814848 3.99307e+06 4.03692e+06
1539749741914865 3.99664e+06 4.04043e+06
1539749742014840 4.00017e+06 4.04397e+06
1539749742114699 4.0037e+06 4.04745e+06
1539749742214540 4.00728e+06 4.05112e+06
1539749742314416 4.01085e+06 4.05471e+06
1539749742414396 4.01438e+06 4.05824e+06
1539749742514334 4.0178e+06 4.06176e+06
1539749742614289 4.02132e+06 4.06523e+06
1539749742714224 4.02479e+06 4.06883e+06
1539749742814148 4.02823e+06 4.07225e+06
1539749742913883 4.03151e+06 4.07575e+06
1539749743013731 4.03476e+06 4.07926e+06
1539749743113639 4.03808e+06 4.08288e+06
1539749743213466 4.04137e+06 4.08656e+06
1539749743346649 4.0459e+06 4.09134e+06
1539749743446666 4.04931e+06 4.09492e+06
1539749743546519 4.05284e+06 4.09841e+06
1539749743646297 4.05632e+06 4.10202e+06
1539749743746264 4.05982e+06 4.1055e+06
1539749743846065 4.06333e+06 4.10902e+06
1539749743945947 4.06686e+06 4.11249e+06
1539749744045816 4.07041e+06 4.11588e+06
1539749744178848 4.07508e+06 4.12036e+06
1539749744278708 4.0787e+06 4.12367e+06
1539749744378558 4.08233e+06 4.12702e+06
1539749744478555 4.08604e+06 4.13027e+06
1539749744611748 4.09082e+06 4.13468e+06
1539749744711750 4.09433e+06 4.13793e+06
1539749744811503 4.09782e+06 4.14124e+06
1539749744911386 4.10133e+06 4.14453e+06
1539749745011399 4.1048e+06 4.14783e+06
1539749745111282 4.10818e+06 4.15126e+06
1539749745211148 4.11158e+06 4.15464e+06
1539749745311328 4.11487e+06 4.15818e+06
1539749745410977 4.11812e+06 4.16168e+06
1539749745511008 4.12138e+06 4.16527e+06
1539749745610757 4.12451e+06 4.16885e+06
1539749745710741 4.12763e+06 4.17239e+06
1539749745810617 4.13067e+06 4.17588e+06
1539749745910404 4.13369e+06 4.1793e+06
1539749746010313 4.13675e+06 4.18291e+06
1539749746110183 4.13968e+06 4.18639e+06
1539749746209980 4.14265e+06 4.18997e+06
1539749746309994 4.14547e+06 4.19352e+06
1539749746410059 4.14826e+06 4.1971e+06
1539749746509930 4.15112e+06 4.20084e+06
1539749746609850 4.15387e+06 4.20437e+06
1539749746709580 4.15658e+06 4.20806e+06
1539749746809484 4.1594e+06 4.21156e+06
1539749746909453 4.16216e+06 4.21521e+06
1539749747009310 4.16485e+06 4.21878e+06
1539749747109200 4.16756e+06 4.22228e+06
1539749747209254 4.17015e+06 4.22574e+06
1539749747309177 4.17267e+06 4.2292e+06
1539749747408874 4.17512e+06 4.23266e+06
1539749747508827 4.1775e+06 4.23602e+06
1539749747608664 4.17965e+06 4.23935e+06
1539749747708580 4.18168e+06 4.24255e+06
1539749747808449 4.1836e+06 4.24569e+06
1539749747908396 4.1854e+06 4.24884e+06
1539749748008249 4.18704e+06 4.2517e+06
1539749748108116 4.18861e+06 4.25446e+06
1539749748241286 4.19062e+06 4.25786e+06
1539749748341035 4.19206e+06 4.26007e+06
1539749748440937 4.19315e+06 4.26178e+06
1539749748540832 4.19382e+06 4.2628e+06
1539749748640625 4.19438e+06 4.26348e+06
1539749748740659 4.19482e+06 4.264e+06
1539749748840641 4.19511e+06 4.2644e+06
1539749748940547 4.1952e+06 4.26456e+06
1539749749040398 4.19523e+06 4.26458e+06
1539749749140456 4.19524e+06 4.26456e+06
1539749749240288 4.19522e+06 4.26454e+06
1539749749340158 4.19522e+06 4.26452e+06
1539749749440011 4.19522e+06 4.26452e+06
1539749749539934 4.19522e+06 4.26452e+06
1539749749639681 4.19522e+06 4.26452e+06
1539749749739645 4.19522e+06 4.26452e+06
1539749749839624 4.19522e+06 4.26452e+06
1539749749939601 4.19522e+06 4.26452e+06
1539749750039310 4.19522e+06 4.26452e+06
1539749750139151 4.19522e+06 4.26452e+06
1539749750239246 4.19522e+06 4.26452e+06
1539749750338989 4.19522e+06 4.26452e+06
1539749750438841 4.19522e+06 4.26452e+06
1539749750538636 4.19522e+06 4.26452e+06
1539749750638432 4.19522e+06 4.26452e+06
1539749750738373 4.19522e+06 4.26452e+06
1539749750838366 4.19522e+06 4.26452e+06
1539749750938460 4.19522e+06 4.26452e+06
1539749751038300 4.19522e+06 4.26452e+06
1539749751138092 4.19522e+06 4.26452e+06
1539749751237984 4.19522e+06 4.26452e+06
1539749751337870 4.19522e+06 4.26452e+06
1539749751437876 4.19522e+06 4.26452e+06
1539749751537725 4.19522e+06 4.26452e+06
1539749751637658 4.19522e+06 4.26452e+06
1539749751737473 4.19522e+06 4.26452e+06
1539749751837345 4.19522e+06 4.26452e+06
1539749751937240 4.19522e+06 4.26452e+06
1539749752037050 4.19522e+06 4.26452e+06
1539749752136976 4.19522e+06 4.26452e+06
1539749752236837 4.19522e+06 4.26452e+06
1539749752336838 4.19522e+06 4.26452e+06
1539749752436702 4.19522e+06 4.26452e+06
1539749752536563 4.19522e+06 4.26452e+06
1539749752636503 4.19522e+06 4.26452e+06
1539749752736284 4.19522e+06 4.26452e+06
1539749752836268 4.19522e+06 4.26452e+06
1539749752936090 4.19522e+06 4.26452e+06
1539749753035985 4.19522e+06 4.26452e+06
1539749753169394 4.19522e+06 4.26452e+06
1539749753269250 4.19522e+06 4.26452e+06
1539749753368995 4.19522e+06 4.26452e+06
1539749753468789 4.19522e+06 4.26452e+06
1539749753568667 4.19522e+06 4.26452e+06
1539749753668597 4.19522e+06 4.26452e+06
1539749753768421 4.19522e+06 4.26452e+06
1539749753868237 4.19522e+06 4.26452e+06
1539749753968173 4.19522e+06 4.26452e+06
1539749754068186 4.19522e+06 4.26452e+06
1539749754234630 4.19522e+06 4.26452e+06
1539749754367859 4.19522e+06 4.26452e+06
1539749754467737 4.19522e+06 4.26452e+06
1539749754634078 4.19522e+06 4.26452e+06
1539749754734112 4.19522e+06 4.26452e+06
1539749754834092 4.19522e+06 4.26452e+06
1539749754934031 4.19522e+06 4.26452e+06
1539749755033762 4.19522e+06 4.26452e+06
1539749755133648 4.19522e+06 4.26452e+06
1539749755233618 4.19522e+06 4.26452e+06
1539749755333384 4.19522e+06 4.26452e+06
1539749755433300 4.19522e+06 4.26452e+06
1539749755533113 4.19522e+06 4.26452e+06
1539749755632974 4.19522e+06 4.26452e+06
1539749755733026 4.19522e+06 4.26452e+06
1539749755866392 4.19522e+06 4.26452e+06
1539749755966347 4.19522e+06 4.26452e+06
1539749756066180 4.19522e+06 4.26452e+06
1539749756199388 4.19522e+06 4.26452e+06
1539749756299127 4.19522e+06 4.26452e+06
1539749756399364 4.19522e+06 4.26452e+06
1539749756499487 4.19522e+06 4.26452e+06
1539749756599417 4.19522e+06 4.26452e+06
1539749756699494 4.19522e+06 4.26452e+06
1539749756832803 4.19522e+06 4.26452e+06
1539749756932849 4.19522e+06 4.26452e+06
1539749757032832 4.19522e+06 4.26452e+06
1539749757132578 4.19522e+06 4.26452e+06
1539749757232609 4.19522e+06 4.26452e+06
1539749757365667 4.19522e+06 4.26452e+06
1539749757465569 4.19522e+06 4.26452e+06
1539749757565589 4.19522e+06 4.26452e+06
1539749757665381 4.19522e+06 4.26452e+06
1539749757765277 4.19522e+06 4.26452e+06
1539749757865147 4.19522e+06 4.26452e+06
1539749757965052 4.19522e+06 4.26452e+06
1539749758065055 4.19522e+06 4.26452e+06
1539749758165031 4.19522e+06 4.26452e+06
1539749758264894 4.19522e+06 4.26452e+06
1539749758364675 4.19522e+06 4.26452e+06
1539749758497833 4.19522e+06 4.26452e+06
1539749758597784 4.19522e+06 4.26452e+06
1539749758697670 4.19522e+06 4.26452e+06
1539749758797538 4.19522e+06 4.26452e+06
1539749758897456 4.19522e+06 4.26452e+06
1539749758997428 4.19522e+06 4.26452e+06
1539749759097293 4.19523e+06 4.26452e+06
1539749759197101 4.19522e+06 4.26452e+06
1539749759330346 4.19522e+06 4.26452e+06
1539749759463593 4.19522e+06 4.26452e+06
1539749759596788 4.19522e+06 4.26452e+06
1539749759730007 4.19522e+06 4.26452e+06
1539749759829845 4.19522e+06 4.26452e+06
1539749759929831 4.19522e+06 4.26452e+06
