-0.0695908 0.0028514 -0.0819017
-0.140766 0.0120015 -0.173812
-0.210328 0.0274107 -0.262181
-0.277232 0.0481415 -0.338769
-0.344622 0.0747977 -0.414564
-0.412386 0.107704 -0.489565
-0.476185 0.144348 -0.553141
-0.53745 0.184515 -0.607507
-0.59757 0.228648 -0.658953
-0.6568 0.276395 -0.698003
-0.714528 0.325642 -0.71456
-0.770954 0.374947 -0.721731
-0.845565 0.442342 -0.747526
-0.900585 0.494452 -0.768954
-0.953506 0.546465 -0.784535
-1.00386 0.597806 -0.805605
-1.05145 0.648797 -0.834287
-1.09405 0.697353 -0.866948
-1.13109 0.742245 -0.89482
-1.1733 0.796799 -0.929789
-1.20167 0.835988 -0.958712
-1.2268 0.872967 -0.989225
-1.24736 0.905248 -1.01778
-1.26165 0.928936 -1.03854
-1.26972 0.942866 -1.05254
-1.27031 0.943913 -1.05777
-1.26359 0.932029 -1.05439
-1.24812 0.905147 -1.04284
-1.22642 0.868565 -1.02774
-1.18806 0.806477 -1.00702
-1.15456 0.753594 -1.00527
-1.11747 0.69446 -1.01599
-1.07679 0.627852 -1.02901
-1.03219 0.552528 -1.04334
-0.987835 0.474553 -1.06387
-0.945213 0.396267 -1.08059
-0.901438 0.314098 -1.08199
-0.855652 0.228707 -1.07524
-0.809488 0.144532 -1.06309
-0.761109 0.0597632 -1.04128
-0.709029 -0.0268368 -1.01743
-0.655204 -0.11304 -1.00784
-0.599128 -0.201765 -1.00648
-0.540581 -0.295297 -1.01654
-0.483385 -0.389731 -1.03589
-0.429372 -0.483068 -1.05649
-0.358104 -0.612472 -1.07828
-0.306871 -0.710025 -1.09613
-0.236763 -0.846596 -1.09693
-0.183246 -0.950921 -1.09671
-0.129589 -1.05393 -1.08444
-0.0720098 -1.15964 -1.0596
-0.0120802 -1.2628 -1.02944
0.0516409 -1.36275 -0.977059
0.121954 -1.46055 -0.917857
0.195905 -1.55228 -0.866717
0.277009 -1.64176 -0.802201
0.361983 -1.72584 -0.758054
0.449073 -1.80482 -0.715149
0.537207 -1.87849 -0.677294
0.626074 -1.94903 -0.664678
0.716908 -2.01902 -0.648253
0.805351 -2.0855 -0.640865
0.921237 -2.17427 -0.666466
1.00608 -2.24292 -0.694147
1.08511 -2.31327 -0.760528
1.15781 -2.38809 -0.839041
1.24437 -2.49592 -0.949661
1.3004 -2.58375 -1.05642
1.3446 -2.6748 -1.18117
1.37685 -2.77097 -1.31334
1.39616 -2.87012 -1.44358
1.4025 -2.96788 -1.5685
1.39607 -3.06336 -1.7075
1.37725 -3.15464 -1.84094
1.34704 -3.24228 -1.96436
1.30627 -3.32667 -2.07733
1.25723 -3.40555 -2.17676
1.19979 -3.48014 -2.27724
1.13542 -3.54903 -2.36737
1.03937 -3.63535 -2.4517
0.960143 -3.69693 -2.51003
0.878208 -3.75392 -2.55764
0.792499 -3.80856 -2.59047
0.703502 -3.86186 -2.61355
0.615587 -3.91212 -2.63088
0.525384 -3.96186 -2.64449
0.429748 -4.01333 -2.65118
0.337604 -4.06205 -2.65929
0.244501 -4.11042 -2.66555
0.147313 -4.16069 -2.66295
0.0528004 -4.21025 -2.65441
-0.0407896 -4.26053 -2.64269
-0.13519 -4.31356 -2.61688
-0.225947 -4.36792 -2.58701
-0.313289 -4.4248 -2.54164
-0.398479 -4.48693 -2.4813
-0.475102 -4.55047 -2.41734
-0.543945 -4.61739 -2.32337
-0.603973 -4.6892 -2.21062
-0.651509 -4.76086 -2.10249
-0.688932 -4.8344 -1.98055
-0.713717 -4.90424 -1.84303
-0.726704 -4.96865 -1.69649
-0.729132 -5.0264 -1.52915
-0.722713 -5.07438 -1.34641
-0.711495 -5.10893 -1.16741
-0.70167 -5.12756 -1.00348
-0.694188 -5.13752 -0.849647
-0.692822 -5.13887 -0.710177
-0.698606 -5.1345 -0.584972
-0.710877 -5.12736 -0.46934
-0.736366 -5.11673 -0.32025
-0.761866 -5.10978 -0.212248
-0.789992 -5.10529 -0.104425
-0.819918 -5.10381 0.00578743
-0.850567 -5.10579 0.123261
-0.880109 -5.11125 0.241798
-0.913916 -5.12215 0.382465
-0.929284 -5.12905 0.461256
-0.934162 -5.13164 0.51385
-0.928436 -5.1283 0.543079
-0.907269 -5.11533 0.555859
-0.857359 -5.08355 0.578154
-0.807983 -5.0507 0.596109
-0.728129 -4.9952 0.618624
-0.658084 -4.94415 0.64095
-0.581532 -4.88612 0.65638
-0.502222 -4.82507 0.655698
-0.422278 -4.76232 0.675207
-0.343075 -4.6973 0.699588
-0.265278 -4.63145 0.705195
-0.185911 -4.5631 0.716738
-0.10635 -4.49392 0.714734
-0.0262076 -4.42672 0.680761
0.056541 -4.36341 0.625358
0.145126 -4.3042 0.553133
0.240974 -4.25176 0.44806
0.340892 -4.21089 0.328461
0.448176 -4.1814 0.208159
0.557006 -4.16469 0.0964438
0.663702 -4.16077 -0.0229787
0.77071 -4.17016 -0.152052
0.87469 -4.19203 -0.26262
0.976637 -4.22544 -0.370706
1.07382 -4.26922 -0.475872
1.16641 -4.32256 -0.569437
1.25771 -4.38618 -0.647678
1.34466 -4.45606 -0.706349
1.42826 -4.53181 -0.765903
1.50939 -4.61353 -0.812083
1.58945 -4.69998 -0.835503
1.66886 -4.79054 -0.866269
1.74629 -4.88282 -0.879237
1.82212 -4.9751 -0.886538
1.89391 -5.06459 -0.902965
1.99158 -5.18674 -0.889592
2.06465 -5.2772 -0.893
2.13764 -5.36731 -0.887023
2.24015 -5.49158 -0.875061
2.31705 -5.58523 -0.89157
2.41799 -5.71414 -0.921401
2.48881 -5.81254 -0.972533
2.55727 -5.91706 -1.00932
2.62405 -6.02788 -1.0476
2.6863 -6.13997 -1.08013
2.7461 -6.25507 -1.10318
2.8025 -6.36953 -1.12269
2.85561 -6.4821 -1.13734
2.91001 -6.60084 -1.14498
2.96107 -6.71518 -1.15661
3.01244 -6.83337 -1.16497
3.07823 -6.9909 -1.1854
3.14242 -7.15461 -1.20884
3.20264 -7.31733 -1.22388
3.24722 -7.44114 -1.22638
3.29188 -7.56383 -1.21702
3.33768 -7.6856 -1.20518
3.38686 -7.80979 -1.18219
3.43614 -7.92675 -1.16194
3.49013 -8.04709 -1.1362
3.54606 -8.1643 -1.11488
3.60435 -8.27966 -1.09109
3.66731 -8.3967 -1.06331
3.73179 -8.50924 -1.03766
3.82704 -8.66262 -0.992557
3.90074 -8.77223 -0.965219
3.98016 -8.88297 -0.932034
4.05998 -8.99055 -0.932765
4.14188 -9.1004 -0.927561
4.22341 -9.21077 -0.94166
4.30261 -9.32052 -0.949652
4.38313 -9.43241 -0.944446
4.46212 -9.54226 -0.950313
4.54436 -9.65605 -0.939525
4.62615 -9.76952 -0.953002
4.70922 -9.88601 -0.94965
4.79443 -10.0051 -0.949836
4.87895 -10.1234 -0.950998
4.9656 -10.2451 -0.953483
5.0792 -10.405 -0.952727
5.16672 -10.5277 -0.949631
5.25364 -10.6494 -0.951231
5.34231 -10.7743 -0.95566
5.42897 -10.8975 -0.960358
5.51765 -11.0245 -0.96142
5.60611 -11.153 -0.974435
5.69505 -11.2841 -0.974962
5.78295 -11.4139 -0.976641
5.87234 -11.5454 -0.970526
5.95861 -11.6714 -0.970262
6.07381 -11.8389 -0.96631
6.15994 -11.963 -0.962329
6.2465 -12.0858 -0.950999
6.33225 -12.2046 -0.940471
6.42015 -12.3216 -0.912143
6.50983 -12.4358 -0.898251
6.60146 -12.5477 -0.871254
6.6931 -12.6555 -0.861085
6.78528 -12.7613 -0.846845
6.90846 -12.9006 -0.846808
7.00167 -13.0036 -0.823183
7.09398 -13.1016 -0.807975
7.18742 -13.1971 -0.784621
7.28346 -13.2893 -0.745771
7.38217 -13.3778 -0.715777
7.48357 -13.4613 -0.661698
7.587 -13.5377 -0.610633
7.69409 -13.608 -0.551689
7.80014 -13.6687 -0.487436
7.9099 -13.722 -0.416278
8.02052 -13.7663 -0.345832
8.13099 -13.802 -0.280082
8.24378 -13.8305 -0.214243
8.35069 -13.8512 -0.167805
8.45342 -13.8655 -0.108622
8.55342 -13.873 -0.0428906
8.6432 -13.8747 0.00671278
8.72275 -13.8715 0.0740149
8.79449 -13.8634 0.150518
8.85219 -13.8524 0.225766
8.90266 -13.8387 0.303397
8.94991 -13.8217 0.389351
8.99443 -13.8011 0.476719
9.03584 -13.7775 0.556824
9.07092 -13.754 0.624171
9.09923 -13.7319 0.702581
9.12178 -13.7109 0.797544
9.13291 -13.6983 0.895058
9.13458 -13.696 0.986889
9.1263 -13.7103 1.10101
9.11561 -13.7335 1.17847
9.10106 -13.774 1.27273
9.09011 -13.8142 1.33732
9.08019 -13.8636 1.40819
9.07313 -13.9204 1.48605
9.07039 -13.9812 1.56541
9.07228 -14.0425 1.63787
9.07856 -14.1042 1.70642
9.08919 -14.1658 1.77666
9.1041 -14.2265 1.84717
9.12228 -14.2832 1.91484
9.14307 -14.3357 1.98128
9.17571 -14.4018 2.07683
9.20241 -14.4463 2.14672
9.22818 -14.4834 2.2076
9.25215 -14.5141 2.26237
9.27066 -14.5352 2.31546
9.27818 -14.543 2.36699
9.27596 -14.5409 2.4118
9.26327 -14.53 2.44742
9.23886 -14.5102 2.47216
9.20499 -14.484 2.49452
9.16092 -14.4515 2.51823
9.10523 -14.4125 2.54425
9.03919 -14.3687 2.5663
8.96857 -14.3236 2.5819
8.89562 -14.2788 2.59838
8.81962 -14.2341 2.62141
8.73951 -14.1889 2.63586
8.65828 -14.1441 2.63854
8.57051 -14.0962 2.64618
8.47926 -14.0472 2.65064
8.38865 -13.9979 2.63561
8.30017 -13.9484 2.62732
8.21115 -13.8976 2.61947
8.12252 -13.8457 2.60338
8.0346 -13.792 2.58437
7.94225 -13.7335 2.56829
7.84972 -13.6722 2.54575
7.7565 -13.6077 2.52693
7.65973 -13.5388 2.51821
7.56305 -13.4684 2.50586
7.46798 -13.3971 2.49139
7.37201 -13.3229 2.47532
7.28042 -13.2487 2.44579
7.18921 -13.1698 2.41157
7.09915 -13.0865 2.3778
7.01489 -13.0024 2.33746
6.93152 -12.9125 2.29864
6.85109 -12.8195 2.26903
6.74933 -12.6918 2.21874
6.67509 -12.591 2.19241
6.60337 -12.4871 2.15696
6.53366 -12.3778 2.12018
6.46448 -12.2643 2.11617
6.37456 -12.1154 2.11256
6.30522 -12.0031 2.13494
6.234 -11.8915 2.14235
6.15924 -11.779 2.17217
6.08387 -11.6705 2.18366
6.00851 -11.5636 2.1862
5.90724 -11.4222 2.19862
5.83069 -11.3175 2.20603
5.75214 -11.2155 2.24744
5.67213 -11.1196 2.28531
5.58433 -11.0254 2.35621
5.4953 -10.943 2.4333
5.40048 -10.868 2.51163
5.27109 -10.7815 2.59354
5.13824 -10.705 2.64446
5.03705 -10.6502 2.64592
4.90644 -10.5767 2.6127
4.80812 -10.5158 2.56103
4.68624 -10.4264 2.45592
4.60048 -10.3499 2.37042
4.5205 -10.2655 2.2882
4.44853 -10.1761 2.20935
4.38048 -10.0772 2.13767
4.31722 -9.97203 2.08689
4.25856 -9.86261 2.03895
4.20458 -9.75157 2.00757
4.1516 -9.63748 2.00346
4.10015 -9.52442 1.99227
4.04816 -9.41109 2.00959
3.99408 -9.29786 2.0232
3.93907 -9.18638 2.03512
3.88128 -9.0736 2.05359
3.82142 -8.96021 2.05932
3.75911 -8.84666 2.08612
3.69366 -8.73411 2.10885
3.62661 -8.62361 2.12361
3.55777 -8.51329 2.13376
3.49054 -8.40328 2.10496
3.4267 -8.29177 2.0765
3.36651 -8.17644 2.02706
3.31229 -8.05712 1.96762
3.26453 -7.93319 1.90968
3.22443 -7.80736 1.84891
3.19079 -7.67853 1.80345
3.15412 -7.50375 1.75177
3.13192 -7.37178 1.72314
3.11231 -7.23707 1.70754
3.09472 -7.10635 1.70158
3.07651 -6.97186 1.70926
3.0569 -6.8393 1.72606
3.03478 -6.71066 1.75614
3.00742 -6.58168 1.80349
2.9597 -6.41402 1.89269
2.91249 -6.28886 1.97023
2.8576 -6.17093 2.04255
2.7937 -6.05692 2.12081
2.72177 -5.94854 2.19259
2.64069 -5.84486 2.27642
2.52457 -5.72081 2.36995
2.42763 -5.63337 2.44546
2.32863 -5.55569 2.50706
2.22365 -5.48269 2.56078
2.11569 -5.4151 2.60379
2.00649 -5.35265 2.64041
1.89356 -5.29309 2.67217
1.78258 -5.23871 2.69977
1.66848 -5.18812 2.74861
1.55629 -5.14243 2.76115
1.4432 -5.09706 2.75898
1.3313 -5.04906 2.71379
1.22698 -4.99597 2.62794
1.13021 -4.93494 2.52986
1.03797 -4.86178 2.41222
0.957865 -4.78096 2.29122
0.888016 -4.69073 2.16791
0.82729 -4.59131 2.07037
0.77494 -4.48442 1.98204
0.732109 -4.37377 1.89823
0.686646 -4.21812 1.81172
0.660784 -4.09982 1.76033
0.640515 -3.98129 1.72
0.622784 -3.85712 1.70526
0.606546 -3.73675 1.70452
0.589671 -3.61544 1.71351
0.570058 -3.49104 1.74084
0.54751 -3.36963 1.76799
0.520747 -3.24524 1.79745
0.491225 -3.12349 1.81991
0.459099 -3.00278 1.84192
0.422983 -2.87876 1.86642
0.371966 -2.71802 1.88982
0.330195 -2.59537 1.9083
0.287717 -2.47607 1.91739
0.241548 -2.35326 1.94339
0.192253 -2.23071 1.96311
0.139855 -2.10959 1.99506
0.0833938 -1.98841 2.01859
0.0249748 -1.86862 2.03052
-0.0375141 -1.74588 2.0529
-0.100425 -1.62498 2.04828
-0.163622 -1.50454 2.05977
-0.249846 -1.34383 2.06671
-0.31651 -1.22371 2.0882
-0.385241 -1.10384 2.09456
-0.454251 -0.9861 2.10738
-0.52469 -0.869033 2.11754
-0.620123 -0.713036 2.12209
-0.692549 -0.596257 2.12978
-0.764748 -0.48064 2.12825
-0.837133 -0.366091 2.14045
-0.90992 -0.251965 2.13662
-0.98344 -0.137437 2.14634
-1.0568 -0.0243802 2.14641
-1.12962 0.0879687 2.14532
-1.20325 0.200965 2.15132
-1.30144 0.351485 2.1463
-1.37459 0.463358 2.15345
-1.44716 0.57365 2.15218
-1.52166 0.684988 2.16881
-1.59651 0.794684 2.17029
-1.67235 0.904777 2.1777
-1.74871 1.01412 2.18317
-1.82495 1.12339 2.17686
-1.90209 1.23327 2.18897
-1.97751 1.3399 2.1838
-2.05418 1.44807 2.19104
-2.1314 1.55535 2.19827
-2.20795 1.66069 2.20019
-2.28449 1.7653 2.20477
-2.38404 1.9027 2.1908
-2.48672 2.04635 2.19189
-2.56141 2.1535 2.16724
-2.63452 2.26148 2.16473
-2.70692 2.36971 2.15603
-2.78025 2.48088 2.15175
-2.85546 2.59388 2.16431
-2.93018 2.70483 2.16269
-3.00587 2.81464 2.18587
-3.08291 2.92205 2.20018
-3.16269 3.02869 2.22602
-3.27087 3.16525 2.25544
-3.38262 3.29966 2.27335
-3.4648 3.39733 2.2673
-3.5477 3.49851 2.24708
-3.62852 3.60161 2.22421
-3.7057 3.70697 2.18185
-3.80339 3.85359 2.13512
-3.87034 3.9655 2.0848
-3.93239 4.07863 2.06015
-3.99295 4.19479 2.04259
-4.05157 4.31261 2.02238
-4.10929 4.43241 2.01721
-4.16545 4.55229 2.00054
-4.22075 4.67322 1.99892
-4.27623 4.79363 2.00616
-4.35079 4.95151 2.01787
-4.409 5.07086 2.03131
-4.46768 5.1882 2.03766
-4.5283 5.30611 2.05375
-4.60804 5.45945 2.04686
-4.66694 5.57403 2.04435
-4.72528 5.68912 2.03565
-4.78262 5.80471 2.02694
-4.84033 5.92231 2.02709
-4.89627 6.03727 2.02015
-4.95239 6.15258 2.02738
-5.00826 6.26823 2.01425
-5.0809 6.42112 2.01444
-5.15349 6.5747 2.01021
-5.20637 6.68654 2.01478
-5.27794 6.83426 2.02913
-5.33143 6.94075 2.04344
-5.38718 7.04607 2.07191
-5.44579 7.1505 2.09242
-5.52566 7.28595 2.11473
-5.58404 7.38414 2.09981
-5.65611 7.51472 2.05039
-5.70569 7.61654 1.99739
-5.7486 7.72069 1.92579
-5.78259 7.82249 1.86039
-5.81069 7.92607 1.81092
-5.8342 8.02897 1.78005
-5.8544 8.12815 1.76334
-5.87465 8.22912 1.77409
-5.89654 8.32612 1.81139
-5.92093 8.41538 1.86375
-5.95 8.49969 1.94177
-5.99549 8.59844 2.06321
-6.03374 8.66246 2.15539
-6.07589 8.71914 2.26528
-6.12023 8.76628 2.38578
-6.16325 8.80219 2.50628
-6.20691 8.83025 2.63474
-6.25076 8.8506 2.77913
-6.29263 8.86283 2.93592
-6.33002 8.86755 3.09624
-6.36335 8.86627 -3.01954
-6.39559 8.85945 -2.84683
-6.42617 8.84713 -2.67057
-6.45217 8.83102 -2.50318
-6.47402 8.81194 -2.34463
-6.4923 8.79018 -2.19406
-6.5121 8.75581 -1.99301
-6.52254 8.72727 -1.84952
-6.52892 8.69755 -1.71488
-6.53151 8.6651 -1.58645
-6.52969 8.62646 -1.46066
-6.52192 8.58235 -1.33221
-6.5062 8.53227 -1.20109
-6.48198 8.47977 -1.07617
-6.4476 8.42424 -0.956547
-6.40294 8.36799 -0.84312
-6.3496 8.31227 -0.771304
-6.27024 8.23854 -0.726019
-6.20327 8.17936 -0.721488
-6.13508 8.11829 -0.739094
-6.06922 8.05671 -0.76467
-6.00271 7.99153 -0.785816
-5.93347 7.92044 -0.811382
-5.8663 7.84713 -0.846689
-5.80169 7.77102 -0.887308
-5.73513 7.68558 -0.930575
-5.67011 7.59431 -0.97295
-5.60917 7.50027 -1.01887
-5.54981 7.40014 -1.05238
-5.49269 7.29804 -1.06908
-5.43723 7.19435 -1.09019
-5.38107 7.08524 -1.10068
-5.32785 6.97818 -1.11825
-5.27718 6.86924 -1.15265
-5.21379 6.71954 -1.18788
-5.17041 6.60412 -1.23467
-5.13065 6.48407 -1.26729
-5.09397 6.36304 -1.28574
-5.05942 6.242 -1.29977
-5.02486 6.11994 -1.28988
-4.98842 5.99657 -1.27734
-4.94956 5.87353 -1.25239
-4.90699 5.75173 -1.21683
-4.86133 5.63273 -1.19189
-4.81154 5.51433 -1.15366
-4.75919 5.39899 -1.13581
-4.70446 5.28324 -1.12238
-4.64741 5.16772 -1.10186
-4.5886 5.05177 -1.10083
-4.52772 4.93466 -1.08208
-4.46742 4.8226 -1.07219
-4.40525 4.71021 -1.05876
-4.34181 4.59966 -1.04091
-4.27669 4.48873 -1.03899
-4.21023 4.37882 -1.01493
-4.14287 4.27366 -0.987336
-4.06835 4.16615 -0.942025
-3.99004 4.0641 -0.890518
-3.90675 3.96606 -0.842552
-3.81875 3.87169 -0.798128
-3.73024 3.78415 -0.761679
-3.63242 3.69436 -0.723449
-3.53547 3.61042 -0.703821
-3.43834 3.52974 -0.682424
-3.34032 3.44952 -0.689363
-3.24576 3.36946 -0.715786
-3.11878 3.25309 -0.767835
-3.03277 3.16529 -0.823481
-2.94848 3.06995 -0.870268
-2.86826 2.97016 -0.917053
-2.79372 2.868 -0.96384
-2.72081 2.75916 -0.99734
-2.63063 2.61312 -1.03788
-2.56523 2.49847 -1.06695
-2.50474 2.38607 -1.08717
-2.44893 2.27523 -1.12156
-2.39466 2.16035 -1.13735
-2.34281 2.04349 -1.16909
-2.29443 1.92346 -1.20613
-2.24985 1.80321 -1.22546
-2.20899 1.68353 -1.25808
-2.16982 1.56038 -1.26768
-2.13161 1.43632 -1.27638
-2.09494 1.31364 -1.2842
-2.05726 1.19085 -1.26192
-2.01675 1.06917 -1.23698
-1.97069 0.948431 -1.17573
-1.91724 0.83164 -1.1074
-1.85558 0.71919 -1.03109
-1.78423 0.612384 -0.932655
-1.70475 0.514773 -0.842188
-1.61593 0.423635 -0.754376
-1.52214 0.342363 -0.67365
-1.42166 0.268865 -0.589384
-1.31603 0.203727 -0.515743
-1.20774 0.147255 -0.445647
-1.09787 0.0986125 -0.387952
-0.985983 0.054279 -0.366561
-0.87383 0.0111739 -0.367309
-0.763303 -0.0338927 -0.407021
-0.654095 -0.0853862 -0.474182
-0.547001 -0.146098 -0.557278
-0.446499 -0.21719 -0.674026
-0.35654 -0.298014 -0.789891
-0.274454 -0.390549 -0.900438
-0.204251 -0.489264 -1.00479
-0.143855 -0.595175 -1.10029
-0.0756654 -0.745134 -1.18776
-0.0341407 -0.859557 -1.25758
0.000376596 -0.978961 -1.32119
0.0285394 -1.10568 -1.38303
0.0537136 -1.27926 -1.4705
0.0644269 -1.4114 -1.50931
0.0708258 -1.54383 -1.53572
0.0748648 -1.67338 -1.54354
0.0795061 -1.80648 -1.52833
0.0871142 -1.93449 -1.49454
0.102346 -2.06501 -1.41469
0.127629 -2.18832 -1.32245
0.166111 -2.30631 -1.1886
0.238089 -2.44679 -1.006
0.308246 -2.54117 -0.857096
0.385064 -2.61948 -0.732999
0.470379 -2.68844 -0.626611
0.560968 -2.7489 -0.550332
0.65572 -2.80379 -0.499732
0.753171 -2.85372 -0.447361
0.848362 -2.89887 -0.438385
0.942327 -2.94429 -0.462174
1.03515 -2.99286 -0.501903
1.12469 -3.04685 -0.58325
1.2067 -3.10749 -0.690281
1.2817 -3.17632 -0.794655
1.35056 -3.25448 -0.902569
1.4081 -3.33629 -1.01314
1.4544 -3.42183 -1.13612
1.48978 -3.51242 -1.26086
1.51942 -3.6386 -1.41922
1.52784 -3.73609 -1.55017
1.52381 -3.83148 -1.6758
1.50819 -3.92568 -1.79435
1.48097 -4.02111 -1.90316
1.44369 -4.11477 -1.99602
1.39674 -4.20621 -2.09419
1.34224 -4.29219 -2.17732
1.27805 -4.37894 -2.23829
1.20638 -4.46508 -2.2913
1.13184 -4.54636 -2.33456
1.05088 -4.62862 -2.36188
0.966364 -4.71065 -2.38034
0.881259 -4.78949 -2.40854
0.791565 -4.86764 -2.44117
0.668173 -4.967 -2.48615
0.571361 -5.03782 -2.53383
0.469341 -5.10602 -2.57088
0.3673 -5.1687 -2.61059
0.226239 -5.24546 -2.67594
0.115884 -5.2973 -2.72893
0.00233331 -5.34224 -2.80052
-0.113215 -5.3786 -2.87299
-0.232808 -5.40695 -2.94457
-0.387558 -5.42855 -3.06128
-0.502717 -5.4321 3.12286
-0.611937 -5.42439 3.01938
-0.714341 -5.40531 2.89552
-0.809222 -5.3743 2.75573
-0.893599 -5.33353 2.62743
-0.970791 -5.28324 2.50091
-1.03738 -5.22756 2.38943
-1.09419 -5.16861 2.28592
-1.14335 -5.10438 2.16204
-1.1765 -5.04653 2.02044
-1.20007 -4.98143 1.81596
-1.2051 -4.95067 1.64952
-1.205 -4.93036 1.48218
-1.2044 -4.92687 1.31748
-1.20723 -4.93508 1.15985
-1.21634 -4.95237 1.01194
-1.23469 -4.97782 0.879965
-1.26028 -5.00523 0.759491
-1.29305 -5.03369 0.67089
-1.33089 -5.06217 0.619476
-1.37047 -5.08956 0.591084
-1.41177 -5.11654 0.566233
-1.45379 -5.14237 0.536069
-1.49494 -5.16579 0.498823
-1.53429 -5.18635 0.464237
-1.56676 -5.20213 0.440286
-1.59113 -5.21337 0.424317
-1.59959 -5.21716 0.418107
-1.59761 -5.21628 0.418995
-1.5701 -5.20384 0.430542
-1.53439 -5.18705 0.448297
-1.48703 -5.16354 0.473152
-1.43033 -5.13359 0.498906
-1.3667 -5.09862 0.506073
-1.29902 -5.06162 0.49465
-1.22367 -5.02221 0.469068
-1.14305 -4.98273 0.44172
-1.0588 -4.94447 0.410833
-0.947883 -4.89881 0.370236
-0.859124 -4.86579 0.342008
-0.767777 -4.83476 0.312897
-0.675362 -4.80639 0.2829
-0.548502 -4.77216 0.244088
-0.449583 -4.74896 0.216754
-0.350619 -4.72872 0.186762
-0.249058 -4.71165 0.146146
-0.143247 -4.69765 0.117046
-0.0392373 -4.6869 0.0888301
0.065655 -4.67947 0.0526446
0.17506 -4.67501 0.0288612
0.284541 -4.67315 0.00507781
0.392832 -4.67523 -0.0435014
0.499346 -4.68209 -0.0849987
0.607062 -4.69342 -0.124722
0.74928 -4.71735 -0.208681
0.854395 -4.74264 -0.263459
0.962273 -4.77509 -0.320889
1.06679 -4.81325 -0.379205
1.17036 -4.85806 -0.43752
1.27421 -4.9102 -0.493174
1.37397 -4.96745 -0.54883
1.46882 -5.03004 -0.61777
1.561 -5.09948 -0.673425
1.6479 -5.17332 -0.73528
1.72879 -5.252 -0.807764
1.80409 -5.33526 -0.863423
1.8748 -5.42271 -0.918196
1.93745 -5.5096 -0.97386
1.99412 -5.5963 -1.01005
2.04814 -5.6849 -1.03649
2.09656 -5.76858 -1.05586
2.1418 -5.84952 -1.06638
2.18735 -5.93254 -1.07159
2.23113 -6.01384 -1.08211
2.27244 -6.09287 -1.09618
2.32695 -6.20105 -1.11198
2.36792 -6.28445 -1.1163
2.40691 -6.36487 -1.12239
2.45884 -6.47366 -1.12845
2.49707 -6.55445 -1.12924
2.53381 -6.63244 -1.13179
2.56901 -6.7079 -1.13701
2.60488 -6.78543 -1.1378
2.65226 -6.88742 -1.13413
2.68536 -6.95819 -1.13227
2.71863 -7.02822 -1.12244
2.75341 -7.09906 -1.10641
2.78836 -7.16695 -1.08418
2.82312 -7.23092 -1.06196
2.86057 -7.29587 -1.03354
2.90361 -7.36529 -0.998023
2.95012 -7.43553 -0.974018
2.99774 -7.50502 -0.965952
3.0473 -7.5763 -0.960539
3.11795 -7.67712 -0.958627
3.17083 -7.75329 -0.969147
3.22401 -7.83117 -0.974352
3.28002 -7.91381 -0.976008
3.33544 -7.9966 -0.985634
3.38892 -8.07785 -0.991721
3.44471 -8.163 -0.989834
3.50087 -8.24886 -0.993258
3.55588 -8.33335 -0.994028
3.61293 -8.42027 -0.985939
3.67228 -8.50946 -0.981389
3.73005 -8.59567 -0.979498
3.78888 -8.68212 -0.966981
3.84954 -8.76922 -0.958004
3.90938 -8.85425 -0.957
3.97098 -8.94069 -0.946252
4.03444 -9.02871 -0.946127
4.11658 -9.14412 -0.958362
4.17917 -9.23396 -0.966206
4.24193 -9.32609 -0.979361
4.30211 -9.41662 -0.988977
4.38468 -9.54249 -0.991461
4.44615 -9.63689 -0.995759
4.50773 -9.73099 -0.986775
4.57222 -9.82742 -0.976016
4.63608 -9.92118 -0.969687
4.70296 -10.0174 -0.957155
4.77204 -10.1143 -0.945507
4.84074 -10.2087 -0.938289
4.91307 -10.3057 -0.921326
4.98562 -10.4012 -0.921188
5.05795 -10.4959 -0.915738
5.13185 -10.5916 -0.911172
5.2048 -10.6861 -0.915463
5.27806 -10.7816 -0.917095
5.35274 -10.88 -0.925809
5.42308 -10.9749 -0.940727
5.49634 -11.0751 -0.937928
5.56956 -11.176 -0.948412
5.6435 -11.2798 -0.95535
5.71745 -11.3846 -0.956974
5.78831 -11.486 -0.964801
5.86008 -11.5887 -0.956688
5.93337 -11.6927 -0.957427
6.00447 -11.7937 -0.957286
6.07775 -11.8973 -0.952713
6.14953 -11.9985 -0.955227
6.2227 -12.1007 -0.943571
6.29859 -12.2043 -0.933683
6.37329 -12.3044 -0.92557
6.47492 -12.4375 -0.912095
6.55143 -12.536 -0.90841
6.62864 -12.6339 -0.897641
6.70615 -12.7303 -0.889529
6.78136 -12.822 -0.877882
6.86076 -12.9153 -0.853832
6.94067 -13.006 -0.843953
7.02271 -13.0955 -0.81282
7.106 -13.1815 -0.790545
7.18903 -13.2642 -0.776242
7.2746 -13.3454 -0.742457
7.35972 -13.4222 -0.725501
7.44587 -13.4963 -0.695263
7.53455 -13.5658 -0.634033
7.62563 -13.6287 -0.574577
7.72123 -13.6857 -0.500066
7.81545 -13.7332 -0.435301
7.90965 -13.7744 -0.388251
8.00699 -13.8115 -0.340314
8.10123 -13.8426 -0.29681
8.19136 -13.8683 -0.258625
8.27992 -13.8899 -0.219558
8.36274 -13.9073 -0.195551
8.43876 -13.9215 -0.174211
8.51148 -13.9328 -0.134278
8.58286 -13.9407 -0.0863776
8.65138 -13.9452 -0.043794
8.71489 -13.9467 -0.0029868
8.76756 -13.9454 0.0510897
8.81238 -13.9416 0.11667
8.84261 -13.937 0.190203
8.8601 -13.9329 0.269035
8.8663 -13.9309 0.356708
8.86232 -13.9326 0.462965
8.8497 -13.9399 0.588693
8.83331 -13.9526 0.725923
8.81336 -13.9731 0.872001
8.79371 -14.0002 1.01719
8.77644 -14.0333 1.16148
8.76292 -14.072 1.30843
8.75489 -14.1143 1.45715
8.75322 -14.1562 1.60498
8.75743 -14.1957 1.74928
8.76661 -14.232 1.88737
8.78415 -14.2734 2.05557
8.80333 -14.3045 2.19279
8.80991 -14.3131 2.2521
8.80663 -14.3091 2.27513
8.79434 -14.2947 2.2787
8.77423 -14.2712 2.27607
8.74795 -14.2407 2.28852
8.71526 -14.2048 2.33108
8.67568 -14.1657 2.39313
8.62864 -14.1245 2.45076
8.57622 -14.0829 2.49245
8.51725 -14.0399 2.52973
8.45 -13.9946 2.5679
8.37751 -13.949 2.59279
8.30323 -13.9045 2.60972
8.22541 -13.8593 2.62222
8.13968 -13.8105 2.62587
8.0525 -13.7603 2.61182
7.96439 -13.7077 2.596
7.87328 -13.6514 2.5793
7.78312 -13.5935 2.56259
7.69256 -13.5338 2.55386
7.59686 -13.4699 2.55311
7.50256 -13.4065 2.54616
7.40974 -13.3423 2.5268
7.31229 -13.2714 2.49772
7.21845 -13.1983 2.46155
7.12558 -13.1202 2.42361
7.03232 -13.0374 2.40782
6.9438 -12.9559 2.3867
6.85494 -12.8698 2.35762
6.76841 -12.7817 2.33651
6.68625 -12.6927 2.29592
6.60531 -12.5986 2.26684
6.52654 -12.5025 2.2475
6.44952 -12.4034 2.21576
6.37432 -12.302 2.20174
6.30212 -12.2013 2.18417
6.23133 -12.0987 2.16483
6.16103 -11.9945 2.16409
6.09257 -11.8905 2.1421
6.02505 -11.785 2.13781
5.9575 -11.6783 2.13264
5.8689 -11.5366 2.12664
5.80053 -11.4288 2.14538
5.73072 -11.3219 2.1535
5.65816 -11.2148 2.17844
5.58279 -11.1076 2.18921
5.50563 -11.0015 2.20973
5.42822 -10.8995 2.23025
5.32306 -10.7654 2.24107
5.2151 -10.6314 2.2572
5.1335 -10.5315 2.25381
5.04958 -10.4301 2.27079
4.96442 -10.3287 2.26828
4.87659 -10.2252 2.28083
4.76101 -10.0907 2.28015
4.67275 -9.98835 2.28473
4.58343 -9.88536 2.28578
4.49318 -9.78031 2.27531
4.37433 -9.64052 2.27552
4.28498 -9.53443 2.26594
4.19603 -9.4275 2.26344
4.10917 -9.31988 2.23615
4.02422 -9.20974 2.21948
3.94241 -9.09799 2.18599
3.86219 -8.98244 2.16933
3.78299 -8.86499 2.15887
3.70573 -8.74791 2.14929
3.62924 -8.63056 2.14768
3.55429 -8.51269 2.12658
3.47965 -8.39229 2.12497
3.4074 -8.27275 2.10388
3.33834 -8.15406 2.09164
3.26923 -8.03086 2.07232
3.20296 -7.90678 2.05035
3.13717 -7.77933 2.04431
3.07428 -7.65416 2.02853
2.99106 -7.4849 2.02698
2.93069 -7.35938 2.0112
2.85191 -7.19149 2.00787
2.79432 -7.06683 1.99917
2.71699 -6.89891 2.00558
2.65776 -6.77372 2.01991
2.59631 -6.65047 2.04663
2.53421 -6.53155 2.05741
2.47025 -6.41272 2.07174
2.40326 -6.29128 2.0781
2.33794 -6.17342 2.07559
2.2709 -6.05312 2.08284
2.20447 -5.93408 2.07679
2.13819 -5.81585 2.08669
2.07246 -5.69912 2.08064
2.00807 -5.58435 2.08345
1.94111 -5.46651 2.09158
1.87588 -5.35222 2.0873
1.81038 -5.23785 2.09454
1.74619 -5.1257 2.08671
1.68262 -5.01387 2.08863
1.61643 -4.89876 2.09675
1.55213 -4.78735 2.09159
1.48743 -4.67571 2.10059
1.42296 -4.56509 2.09631
1.35857 -4.45487 2.10266
1.29323 -4.34406 2.10457
1.22982 -4.23602 2.09852
1.16519 -4.12639 2.10841
1.10071 -4.01737 2.10147
1.0152 -3.87242 2.10609
0.952139 -3.766 2.10534
0.889389 -3.65917 2.0984
0.825319 -3.5499 2.10386
0.761968 -3.44091 2.09072
0.700063 -3.3329 2.09175
0.636971 -3.22375 2.09809
0.574806 -3.11657 2.09469
0.510601 -3.0067 2.10458
0.447091 -2.89872 2.1003
0.384458 -2.79204 2.1031
0.320577 -2.68404 2.10678
0.258062 -2.57753 2.0963
0.196995 -2.47245 2.09821
0.13667 -2.3674 2.08595
0.0794072 -2.26447 2.07103
0.0231002 -2.16169 2.07294
-0.0303917 -2.06367 2.06775
-0.0804902 -1.97122 2.06699
-0.129785 -1.88169 2.08127
-0.177694 -1.79659 2.08581
-0.223604 -1.71648 2.09654
-0.270188 -1.63813 2.1179
-0.317118 -1.56253 2.13483
-0.363652 -1.48948 2.14113
-0.410166 -1.4183 2.15805
-0.457096 -1.34953 2.18117
-0.503131 -1.28446 2.19188
-0.548107 -1.22178 2.19463
-0.592801 -1.16061 2.20888
-0.637674 -1.10154 2.23199
-0.682079 -1.04535 2.24713
-0.725942 -0.990997 2.25252
-0.769194 -0.938184 2.26146
-0.811878 -0.887462 2.27924
-0.854203 -0.839031 2.2988
-0.895101 -0.793556 2.30772
-0.935526 -0.749249 2.3131
-0.975961 -0.705486 2.32026
-1.01609 -0.663054 2.33626
-1.05554 -0.622716 2.35404
-1.10634 -0.57251 2.37006
-1.14337 -0.536722 2.37632
-1.17992 -0.501865 2.38346
-1.21617 -0.467841 2.39237
-1.25133 -0.435541 2.40482
-1.28526 -0.405115 2.41639
-1.31744 -0.376874 2.42618
-1.34851 -0.350067 2.43331
-1.37883 -0.324196 2.4369
-1.40865 -0.29897 2.44225
-1.43787 -0.274549 2.4485
-1.4671 -0.250451 2.45562
-1.49484 -0.227966 2.46541
-1.52171 -0.206601 2.4743
-1.54674 -0.187043 2.48231
-1.5785 -0.162637 2.49032
-1.60051 -0.145952 2.49567
-1.62181 -0.129967 2.50012
-1.64224 -0.114783 2.50458
-1.66178 -0.100392 2.50904
-1.68043 -0.0867866 2.51349
-1.69786 -0.0741888 2.51794
-1.71438 -0.0623576 2.52239
-1.72967 -0.0515136 2.52684
-1.74354 -0.0417521 2.5304
-1.75633 -0.0328364 2.53485
-1.77312 -0.0210481 2.52425
-1.78953 -0.00905954 2.49682
-1.81265 0.00909182 2.45523
-1.84229 0.0345345 2.40923
-1.87788 0.0681072 2.36147
-1.91894 0.110459 2.31992
-1.96277 0.159127 2.28812
-2.00893 0.212848 2.27314
-2.05686 0.270242 2.25995
-2.10627 0.332026 2.23081
-2.15683 0.398917 2.20523
-2.20771 0.469012 2.19205
-2.25962 0.542487 2.17975
-2.31164 0.619008 2.15595
-2.36454 0.699923 2.14366
-2.41987 0.785613 2.14467
-2.4752 0.871773 2.13859
-2.53019 0.95908 2.12719
-2.58619 1.04902 2.1282
-2.64205 1.13997 2.11504
-2.69589 1.23053 2.09922
-2.74955 1.32234 2.10023
-2.81967 1.44474 2.08179
-2.86978 1.53561 2.06774
-2.92101 1.63015 2.06698
-2.97171 1.72519 2.05471
-3.02104 1.82007 2.04598
-3.07091 1.91666 2.04876
-3.12077 2.01437 2.03649
-3.16872 2.11083 2.02775
-3.21804 2.2108 2.03054
-3.26685 2.31013 2.02447
-3.31537 2.40896 2.02991
-3.36856 2.51361 2.05218
-3.42421 2.61809 2.06825
-3.48147 2.72101 2.08876
-3.5419 2.82509 2.10483
-3.60247 2.92772 2.1032
-3.6655 3.03255 2.12105
-3.75065 3.17173 2.11858
-3.81384 3.27439 2.12669
-3.87916 3.37827 2.13746
-3.94562 3.48261 2.13848
-4.01474 3.58828 2.16165
-4.08406 3.69169 2.16091
-4.15164 3.79317 2.15573
-4.22031 3.89725 2.15234
-4.28654 4.00126 2.12325
-4.35028 4.10682 2.1048
-4.4119 4.21294 2.089
-4.47175 4.32007 2.07143
-4.53212 4.43075 2.06892
-4.5918 4.54269 2.05224
-4.64876 4.65205 2.04973
-4.70724 4.76441 2.05164
-4.76479 4.87591 2.04293
-4.82268 4.98901 2.04485
-4.88023 5.10251 2.03525
-4.9345 5.21191 2.02742
-4.99109 5.32655 2.03111
-5.046 5.43916 2.01797
-5.09949 5.55157 2.01192
-5.15191 5.66449 1.99878
-5.20054 5.77414 1.97766
-5.24922 5.8885 1.96895
-5.29633 6.00288 1.95404
-5.34 6.1127 1.94443
-5.38417 6.22592 1.94103
-5.42718 6.3379 1.93408
-5.47098 6.45232 1.93865
-5.51453 6.56515 1.93968
-5.55631 6.67379 1.93627
-5.59866 6.7837 1.94083
-5.65451 6.92858 1.93658
-5.69544 7.03544 1.93671
-5.73732 7.14341 1.94481
-5.77862 7.24822 1.9476
-5.82115 7.35255 1.9681
-5.86579 7.45533 1.99302
-5.92701 7.58374 2.03834
-5.97682 7.6759 2.09425
-6.0295 7.76164 2.14927
-6.08407 7.83928 2.21756
-6.14302 7.91112 2.29825
-6.20361 7.97439 2.37096
-6.26802 8.03289 2.43748
-6.33677 8.08686 2.51462
-6.40562 8.13333 2.58113
-6.47343 8.17293 2.64498
-6.54006 8.206 2.71679
-6.60229 8.23157 2.78682
-6.6575 8.25001 2.85153
-6.702 8.26153 2.92508
-6.73661 8.26755 3.01367
-6.76296 8.26966 3.10934
-6.77954 8.26933 -3.06934
-6.7862 8.26847 -2.95598
-6.78353 8.26914 -2.83201
-6.77217 8.27367 -2.69211
-6.75764 8.28202 -2.54779
-6.73982 8.29605 -2.40171
-6.72029 8.31667 -2.25652
-6.70127 8.34381 -2.10779
-6.6836 8.37974 -1.94756
-6.67067 8.4222 -1.78556
-6.66448 8.46714 -1.62976
-6.66499 8.51369 -1.4899
-6.67193 8.56152 -1.36333
-6.6832 8.60445 -1.26509
-6.69659 8.64198 -1.19075
-6.70756 8.66733 -1.13411
-6.71668 8.68548 -1.07657
-6.71544 8.68324 -1.0562
-6.70361 8.66227 -1.05795
-6.68878 8.63553 -1.07119
-6.66988 8.6 -1.0924
-6.64813 8.55705 -1.11183
-6.6213 8.50165 -1.12769
-6.59062 8.43672 -1.13115
-6.55717 8.36634 -1.1231
-6.5218 8.29293 -1.12035
-6.48465 8.21578 -1.12379
-6.44482 8.13446 -1.10686
-6.38769 8.02495 -1.07307
-6.34163 7.94064 -1.06853
-6.29329 7.85374 -1.05779
-6.24179 7.76364 -1.04527
-6.18855 7.6709 -1.05401
-6.13366 7.57343 -1.06185
-6.07797 7.47415 -1.05729
-6.02246 7.37408 -1.07133
-5.96645 7.27092 -1.07562
-5.91067 7.16785 -1.07371
-5.85565 7.0646 -1.08863
-5.80024 6.95888 -1.08761
-5.7453 6.85292 -1.09722
-5.69154 6.74524 -1.11833
-5.63969 6.63663 -1.13236
-5.59063 6.52869 -1.15613
-5.54277 6.41719 -1.17459
-5.49477 6.30232 -1.17533
-5.44777 6.1879 -1.1867
-5.4015 6.07445 -1.18036
-5.35456 5.96 -1.18288
-5.30781 5.84356 -1.19513
-5.26001 5.72456 -1.18259
-5.21274 5.60854 -1.1851
-5.16468 5.49156 -1.17699
-5.11362 5.37242 -1.1547
-5.05982 5.25384 -1.13507
-5.00152 5.13608 -1.0871
-4.94062 5.02299 -1.06659
-4.87538 4.9078 -1.0443
-4.80924 4.79426 -1.04237
-4.74482 4.68224 -1.05551
-4.68132 4.57128 -1.04651
-4.61672 4.45958 -1.04636
-4.54936 4.34516 -1.03115
-4.47978 4.23254 -1.00355
-4.40851 4.12379 -0.97772
-4.33515 4.01932 -0.939496
-4.25827 3.91668 -0.916326
-4.17771 3.81463 -0.888726
-4.0974 3.71796 -0.866443
-4.01306 3.62109 -0.842387
-3.9234 3.52369 -0.811242
-3.83294 3.43085 -0.785414
-3.74069 3.34007 -0.769326
-3.65131 3.25369 -0.767412
-3.55998 3.16395 -0.785862
-3.47051 3.07126 -0.820249
-3.38783 2.97793 -0.871466
-3.30853 2.87967 -0.912055
-3.23443 2.78037 -0.947333
-3.16117 2.6756 -0.973752
-3.08931 2.56962 -0.976262
-3.02087 2.46753 -0.984091
-2.95151 2.36272 -0.988374
-2.86205 2.2244 -1.00501
-2.79658 2.11781 -1.03497
-2.73362 2.00951 -1.05343
-2.67439 1.90045 -1.09313
-2.61785 1.78822 -1.11513
-2.56428 1.67694 -1.12915
-2.51334 1.56681 -1.14584
-2.46101 1.45428 -1.12533
-2.40591 1.34199 -1.10393
-2.34703 1.23051 -1.06571
-2.28473 1.12524 -1.00713
-2.21771 1.02386 -0.966253
-2.14607 0.924463 -0.926264
-2.07361 0.830353 -0.903105
-1.99965 0.737418 -0.894113
-1.92519 0.645647 -0.884237
-1.84965 0.553485 -0.884101
-1.77151 0.45784 -0.887501
-1.69369 0.362698 -0.882932
-1.61653 0.268806 -0.882793
-1.53582 0.171955 -0.869366
-1.45459 0.0768356 -0.858596
-1.37095 -0.0190736 -0.848709
-1.28734 -0.112899 -0.837053
-1.20574 -0.204028 -0.843997
-1.12059 -0.301237 -0.858903
-1.04006 -0.397197 -0.88621
-0.934517 -0.529546 -0.90904
-0.856598 -0.629657 -0.90978
-0.778103 -0.730569 -0.909633
-0.698302 -0.83146 -0.893546
-0.62263 -0.924787 -0.885439
-0.543943 -1.02024 -0.877327
-0.463811 -1.11603 -0.870985
-0.38493 -1.21106 -0.885012
-0.30431 -1.31028 -0.891949
-0.227347 -1.40662 -0.901549
-0.147573 -1.50829 -0.90937
-0.0666262 -1.61104 -0.897708
0.0118426 -1.70971 -0.90022
0.0918111 -1.80997 -0.89476
0.196975 -1.94236 -0.904307
0.278356 -2.04753 -0.920094
0.356194 -2.15117 -0.933228
0.431874 -2.25494 -0.948134
0.532412 -2.396 -0.955019
0.605522 -2.50088 -0.969041
0.679333 -2.60744 -0.960923
0.750734 -2.7099 -0.963436
0.822512 -2.81474 -0.977459
0.894033 -2.9219 -0.987052
0.962381 -3.0283 -1.01259
1.02898 -3.13673 -1.02749
1.09404 -3.24564 -1.03709
1.16123 -3.36107 -1.05022
1.22803 -3.47674 -1.04387
1.29302 -3.58911 -1.04903
1.35734 -3.69961 -1.03826
1.41937 -3.80389 -1.03015
1.50212 -3.94129 -1.02731
1.56288 -4.04104 -1.02009
1.62204 -4.13784 -1.02439
1.68185 -4.2354 -1.01717
1.74197 -4.3316 -1.0073
1.80254 -4.42821 -1.01426
1.86493 -4.52789 -1.00881
1.92802 -4.62945 -1.02107
1.99092 -4.73436 -1.04041
2.05345 -4.84109 -1.04115
2.11395 -4.94536 -1.04898
2.17444 -5.05076 -1.05062
2.2348 -5.15602 -1.04959
2.29504 -5.26157 -1.05476
2.35541 -5.36796 -1.05462
2.41565 -5.4742 -1.05537
2.49747 -5.62193 -1.07466
2.55802 -5.73498 -1.08337
2.61622 -5.84725 -1.10182
2.67394 -5.95978 -1.09193
2.73148 -6.07084 -1.09356
2.78965 -6.1838 -1.09695
2.84709 -6.2947 -1.08884
2.90316 -6.40363 -1.10198
2.95925 -6.51411 -1.10007
3.01547 -6.62628 -1.11232
3.06891 -6.73981 -1.14937
3.11914 -6.85415 -1.16428
3.16691 -6.96826 -1.18451
3.2138 -7.08294 -1.18082
3.26233 -7.1978 -1.1612
3.32756 -7.34585 -1.15039
3.37795 -7.45579 -1.13165
3.42832 -7.56488 -1.1448
3.47871 -7.6759 -1.14466
3.5448 -7.82162 -1.14536
3.59363 -7.92989 -1.14877
3.64329 -8.0393 -1.14066
3.69303 -8.1491 -1.15026
3.74227 -8.25827 -1.14392
3.79212 -8.36607 -1.13139
3.84144 -8.47195 -1.13834
3.89152 -8.5803 -1.13732
3.94139 -8.68917 -1.14515
3.98971 -8.79724 -1.15564
4.03855 -8.90658 -1.14576
4.08647 -9.01396 -1.15625
4.13345 -9.12305 -1.17206
4.17688 -9.22912 -1.19229
4.21585 -9.33566 -1.24795
4.24875 -9.44237 -1.29564
4.27729 -9.55074 -1.33093
4.30063 -9.65691 -1.37774
4.31848 -9.75893 -1.41747
4.33642 -9.89527 -1.46247
4.34522 -9.99451 -1.50221
4.34954 -10.0881 -1.54726
4.34939 -10.1787 -1.59763
4.34493 -10.2628 -1.64978
4.33681 -10.3355 -1.71434
4.3197 -10.4206 -1.82404
4.30276 -10.4757 -1.9143
4.28492 -10.5193 -2.00368
4.26902 -10.55 -2.09485
4.25551 -10.5711 -2.18603
4.24874 -10.5798 -2.27457
4.24955 -10.5789 -2.35781
4.25899 -10.5702 -2.43841
4.27749 -10.5558 -2.51725
4.30235 -10.5394 -2.59786
4.33625 -10.5207 -2.68115
4.37788 -10.5022 -2.76355
4.44352 -10.4795 -2.85395
4.49665 -10.4651 -2.89918
4.55471 -10.4517 -2.93112
4.61899 -10.4391 -2.96485
4.71246 -10.4252 -3.02252
4.78316 -10.4183 -3.06687
4.85548 -10.4148 -3.1192
4.92908 -10.4153 3.10634
5.00312 -10.4198 3.05489
5.07509 -10.4278 3.00611
5.1473 -10.4398 2.94847
5.22057 -10.4574 2.8616
5.29061 -10.4813 2.76499
5.35656 -10.5112 2.66662
5.42052 -10.5484 2.56293
5.47962 -10.5913 2.46544
5.54684 -10.6508 2.36881
5.59223 -10.6977 2.30941
5.63535 -10.7473 2.26417
5.67624 -10.7977 2.24019
5.71528 -10.8473 2.2348
5.75357 -10.8965 2.22942
5.79089 -10.9455 2.21518
5.82546 -10.9923 2.19829
5.85565 -11.0345 2.18494
5.87843 -11.067 2.18047
5.89264 -11.0874 2.17867
5.89535 -11.0912 2.17867
5.88701 -11.0793 2.17868
5.86828 -11.0524 2.18049
5.84184 -11.0148 2.18674
5.80587 -10.9648 2.20275
5.76034 -10.9038 2.22055
5.70907 -10.8367 2.22596
5.65211 -10.7628 2.22872
5.59052 -10.6845 2.24566
5.52475 -10.6019 2.24136
5.45686 -10.5147 2.22377
5.38461 -10.4205 2.22568
5.31118 -10.3236 2.21342
5.2376 -10.2244 2.20471
5.16172 -10.1223 2.2146
5.08629 -10.0208 2.205
4.98696 -9.88835 2.22379
4.91261 -9.79222 2.23455
4.83589 -9.69644 2.25772
4.75579 -9.60139 2.28442
4.67194 -9.5062 2.30139
4.58515 -9.41098 2.31837
4.4978 -9.31735 2.32471
4.41008 -9.22327 2.31778
4.32125 -9.12752 2.3197
4.23219 -9.02958 2.29771
4.14417 -8.92938 2.28547
4.05738 -8.82811 2.27322
3.97108 -8.72488 2.26098
3.8875 -8.62145 2.23988
3.80896 -8.5171 2.19221
3.73477 -8.40913 2.1534
3.66482 -8.29791 2.11104
3.57779 -8.14699 2.07671
3.51434 -8.03103 2.06623
3.45312 -7.91656 2.05753
3.39116 -7.79912 2.05502
3.33207 -7.68309 2.02861
3.27763 -7.56763 1.99422
3.22779 -7.4499 1.94832
3.17143 -7.28966 1.8697
3.13522 -7.16069 1.81938
3.10534 -7.03132 1.77614
3.08043 -6.9005 1.74176
3.05885 -6.77009 1.72774
3.03997 -6.64205 1.70664
3.02194 -6.51189 1.71033
3.00313 -6.38723 1.73084
2.98075 -6.26336 1.76818
2.95212 -6.14099 1.83297
2.90059 -5.98721 1.95535
2.84921 -5.87794 2.0653
2.7888 -5.77959 2.17789
2.71683 -5.68834 2.29934
2.6064 -5.58059 2.43766
2.51435 -5.51095 2.55025
2.41883 -5.45272 2.63805
2.31793 -5.40217 2.7161
2.2141 -5.35846 2.77025
2.11112 -5.32066 2.80933
2.00553 -5.28616 2.84223
1.9004 -5.25484 2.86183
1.79551 -5.22626 2.88941
1.68783 -5.19984 2.91256
1.58 -5.17401 2.90029
1.46845 -5.14519 2.8774
1.35378 -5.11133 2.83149
1.24295 -5.07089 2.75193
1.13598 -5.02161 2.66794
1.03325 -4.96242 2.56978
0.94184 -4.89624 2.46011
0.831469 -4.7913 2.30266
0.759568 -4.70305 2.20627
0.696366 -4.60671 2.0966
0.643639 -4.50339 1.9887
0.60085 -4.39239 1.88877
0.569047 -4.27817 1.79593
0.547945 -4.16309 1.70839
0.535568 -4.0414 1.63592
0.531372 -3.91876 1.57408
0.534779 -3.79748 1.51134
0.543993 -3.6761 1.47872
0.556025 -3.55398 1.46646
0.568971 -3.43234 1.46306
0.579483 -3.30908 1.50837
0.584263 -3.18764 1.55455
0.582112 -3.06455 1.62199
0.570511 -2.94178 1.70803
0.549461 -2.82268 1.78344
0.518588 -2.7037 1.86593
0.481457 -2.59442 1.93071
0.435573 -2.48379 1.99726
0.383793 -2.37756 2.05141
0.325829 -2.27434 2.11353
0.259396 -2.17116 2.17212
0.187369 -2.07083 2.21476
0.107372 -1.96934 2.26184
0.0224522 -1.86932 2.28767
-0.0656305 -1.76944 2.29934
-0.154961 -1.66988 2.3048
-0.243079 -1.57082 2.29079
-0.330856 -1.47093 2.29271
-0.417428 -1.37156 2.28224
-0.503233 -1.27257 2.2877
-0.589579 -1.17405 2.29316
-0.676373 -1.0754 2.29154
-0.763271 -0.9771 2.29789
-0.848793 -0.879695 2.28476
-0.932862 -0.782333 2.28136
-1.04404 -0.652342 2.27536
-1.15351 -0.523482 2.27467
-1.23379 -0.428076 2.26596
-1.31341 -0.331858 2.25813
-1.39362 -0.234337 2.26005
-1.4714 -0.137896 2.23894
-1.54783 -0.0406272 2.23465
-1.62424 0.0576571 2.22859
-1.69906 0.155918 2.21457
-1.77311 0.254762 2.21294
-1.8461 0.353164 2.20511
-1.91765 0.450669 2.20259
-1.99129 0.550066 2.21425
-2.06473 0.648625 2.20819
-2.16442 0.780519 2.22786
-2.23961 0.878504 2.22269
-2.31535 0.977553 2.2246
-2.39153 1.07651 2.22917
-2.46586 1.17391 2.21603
-2.54203 1.27362 2.23034
-2.61893 1.37278 2.23049
-2.69471 1.47056 2.22974
-2.77028 1.56724 2.23874
-2.84415 1.6625 2.22205
-2.94424 1.7926 2.2311
-3.01998 1.89065 2.22592
-3.0941 1.98746 2.22252
-3.16937 2.08539 2.22975
-3.24645 2.1849 2.22989
-3.32602 2.28648 2.24067
-3.40739 2.38864 2.24613
-3.48797 2.48941 2.24451
-3.57027 2.59109 2.25794
-3.65235 2.69166 2.25277
-3.7353 2.79306 2.26001
-3.81871 2.89382 2.26459
-3.9019 2.994 2.26297
-3.98511 3.09364 2.2702
-4.06644 3.19304 2.24289
-4.14634 3.29436 2.23419
-4.22289 3.39576 2.20068
-4.29475 3.49935 2.1539
-4.36252 3.60752 2.10711
-4.42278 3.71757 2.03641
-4.47418 3.82726 1.98165
-4.52119 3.94317 1.93043
-4.5606 4.05626 1.88187
-4.59522 4.17234 1.8395
-4.62604 4.28969 1.81573
-4.65392 4.40575 1.79727
-4.68121 4.52418 1.79741
-4.7094 4.64139 1.81615
-4.73848 4.75267 1.83664
-4.77127 4.86519 1.8722
-4.80768 4.97534 1.90775
-4.84735 5.08288 1.94065
-4.89077 5.19004 1.97089
-4.93443 5.29088 1.98784
-4.98071 5.39229 2.01011
-5.03084 5.4956 2.03503
-5.08135 5.59298 2.06349
-5.13676 5.69061 2.11056
-5.19662 5.78651 2.14699
-5.25885 5.87947 2.17457
-5.35034 6.00542 2.22345
-5.42275 6.09807 2.24484
-5.49819 6.19005 2.27066
-5.57639 6.28232 2.27699
-5.65501 6.37473 2.27448
-5.73235 6.46488 2.28524
-5.80898 6.55354 2.28183
-5.8857 6.64213 2.28728
-5.96409 6.73109 2.29893
-6.04027 6.81806 2.28135
-6.11437 6.90525 2.26908
-6.18571 6.9932 2.23556
-6.25193 7.08312 2.17548
-6.31224 7.17545 2.12336
-6.3674 7.27094 2.06592
-6.41558 7.36707 2.00495
-6.45804 7.46456 1.95814
-6.49711 7.56537 1.92284
-6.53139 7.66144 1.90436
-6.56322 7.75209 1.91244
-6.59784 7.84278 1.9586
-6.63484 7.925 2.02866
-6.67473 7.99742 2.11996
-6.72053 8.06314 2.23871
-6.77085 8.11978 2.35569
-6.82436 8.16798 2.46115
-6.88312 8.2103 2.57369
-6.94454 8.24479 2.68623
-7.00424 8.27028 2.78991
-7.05928 8.28665 2.91484
-7.11036 8.29464 3.05835
-7.15061 8.29481 -3.06717
-7.18415 8.2896 -2.90773
-7.20986 8.28123 -2.74566
-7.22999 8.27073 -2.57649
-7.24317 8.26067 -2.40291
-7.25014 8.25313 -2.23111
-7.2523 8.24982 -2.06463
-7.25318 8.24782 -1.90435
-7.25379 8.24553 -1.75381
-7.25439 8.24023 -1.61478
-7.25419 8.23134 -1.48282
-7.25214 8.21768 -1.36061
-7.24648 8.19713 -1.24369
-7.23529 8.16951 -1.12766
-7.21681 8.13554 -1.01781
-7.19048 8.09737 -0.915921
-7.15289 8.05267 -0.827302
-7.10368 8.00255 -0.761694
-7.04761 7.95072 -0.730613
-6.98604 7.89585 -0.725205
-6.91611 7.83377 -0.726869
-6.84039 7.76572 -0.737379
-6.7616 7.69255 -0.759394
-6.67966 7.61268 -0.785828
-6.59698 7.52741 -0.815799
-6.52056 7.44304 -0.853746
-6.44578 7.35384 -0.892575
-6.35142 7.23128 -0.936674
-6.28464 7.1357 -0.985243
-6.21927 7.03395 -1.01433
-6.15556 6.92907 -1.03544
-6.09253 6.81943 -1.06274
-6.02986 6.70665 -1.06437
-5.96888 6.59406 -1.08459
-5.90891 6.47937 -1.09329
-5.84912 6.36347 -1.0958
-5.78896 6.24444 -1.10982
-5.72924 6.12342 -1.11497
-5.6705 6.00215 -1.12456
-5.61165 5.88027 -1.11732
-5.55058 5.75706 -1.10388
-5.48851 5.63436 -1.10107
-5.40346 5.47066 -1.08226
-5.33875 5.34932 -1.07944
-5.27152 5.22621 -1.06246
-5.20385 5.10401 -1.06761
-5.13652 4.98185 -1.06657
-5.06996 4.86062 -1.07084
-5.00088 4.73537 -1.0627
-4.93203 4.61201 -1.06077
-4.86402 4.49046 -1.06061
-4.79662 4.37128 -1.0516
-4.72845 4.2514 -1.05587
-4.65905 4.1304 -1.04419
-4.59112 4.01334 -1.04581
-4.52294 3.89825 -1.02617
-4.45252 3.78498 -1.003
-4.37736 3.67054 -0.976276
-4.29837 3.55797 -0.941583
-4.18862 3.41068 -0.919234
-4.10415 3.30167 -0.904023
-4.01868 3.19269 -0.907406
-3.9319 3.08298 -0.895734
-3.84593 2.9754 -0.897347
-3.75937 2.86703 -0.896302
-3.6734 2.75895 -0.901457
-3.5892 2.65098 -0.915468
-3.48038 2.50694 -0.932086
-3.40037 2.39607 -0.95938
-3.32272 2.28234 -0.984017
-3.24903 2.16648 -1.02459
-3.15738 2.01003 -1.05715
-3.09318 1.89313 -1.08002
-3.03089 1.77431 -1.09581
-2.97069 1.65442 -1.11513
-2.9128 1.53405 -1.13003
-2.85521 1.41266 -1.12545
-2.79768 1.2919 -1.12707
-2.73848 1.17085 -1.10478
-2.67732 1.05255 -1.08249
-2.61217 0.934142 -1.05311
-2.54437 0.820437 -1.01311
-2.47276 0.710264 -0.975766
-2.39842 0.605037 -0.93577
-2.32124 0.504104 -0.900203
-2.23697 0.403032 -0.851349
-2.15133 0.30997 -0.8025
-2.05904 0.219507 -0.748335
-1.96422 0.13702 -0.683548
-1.86406 0.061111 -0.613448
-1.75474 -0.00964099 -0.535374
-1.64605 -0.0691278 -0.466161
-1.53089 -0.120928 -0.379235
-1.41372 -0.163574 -0.318878
-1.29215 -0.198451 -0.239922
-1.17112 -0.223096 -0.161855
-1.04958 -0.238592 -0.0917574
-0.930387 -0.244935 -0.0145812
-0.812442 -0.241737 0.0687938
-0.69659 -0.228522 0.158364
-0.585636 -0.20582 0.245275
-0.482267 -0.174118 0.349889
-0.387293 -0.133768 0.453613
-0.300048 -0.0852313 0.561761
-0.220649 -0.0283565 0.681419
-0.154813 0.0312151 0.789553
-0.0979345 0.0949633 0.895027
-0.0364209 0.1822 1.01824
-0.000736426 0.244752 1.0865
0.0236315 0.294333 1.14147
0.0370394 0.324863 1.1725
0.0464078 0.347463 1.18316
0.0535051 0.365024 1.19026
0.0584998 0.377688 1.20002
0.0602728 0.382291 1.20622
0.0606249 0.383212 1.20534
0.0605541 0.383028 1.20268
0.0602701 0.382292 1.20268
0.0601278 0.381924 1.20091
0.0601278 0.381924 1.20091
0.0601278 0.381924 1.20091
0.0601278 0.381924 1.20091
0.0601278 0.381924 1.20091
0.0601278 0.381924 1.20091
0.0601278 0.381924 1.20091
0.0601278 0.381924 1.20091
0.0601278 0.381924 1.20091
0.0601278 0.381924 1.20091
0.0601278 0.381924 1.20091
0.0601278 0.381924 1.20091
0.0601278 0.381924 1.20091
0.0601278 0.381924 1.20091
0.0601278 0.381924 1.20091
0.0601278 0.381924 1.20091
0.0601278 0.381924 1.20091
0.0601278 0.381924 1.20091
0.0601278 0.381924 1.20091
0.0601278 0.381924 1.20091
0.0601278 0.381924 1.20091
0.0601278 0.381924 1.20091
0.0601278 0.381924 1.20091
0.0601278 0.381924 1.20091
0.0601278 0.381924 1.20091
0.0601278 0.381924 1.20091
0.0601278 0.381924 1.20091
0.0601278 0.381924 1.20091
0.0601278 0.381924 1.20091
0.0601278 0.381924 1.20091
0.0601278 0.381924 1.20091
0.0601278 0.381924 1.20091
0.0601278 0.381924 1.20091
0.0601278 0.381924 1.20091
0.0601278 0.381924 1.20091
0.0601278 0.381924 1.20091
0.0601278 0.381924 1.20091
0.0601278 0.381924 1.20091
0.0601278 0.381924 1.20091
0.0601278 0.381924 1.20091
0.0601278 0.381924 1.20091
0.0601278 0.381924 1.20091
0.0601278 0.381924 1.20091
0.0601278 0.381924 1.20091
0.0601278 0.381924 1.20091
0.0601278 0.381924 1.20091
0.0601278 0.381924 1.20091
0.0601278 0.381924 1.20091
0.0601278 0.381924 1.20091
0.0601278 0.381924 1.20091
0.0601278 0.381924 1.20091
0.0601278 0.381924 1.20091
0.0601278 0.381924 1.20091
0.0601278 0.381924 1.20091
0.0601278 0.381924 1.20091
0.0601278 0.381924 1.20091
0.0601278 0.381924 1.20091
0.0601278 0.381924 1.20091
0.0601278 0.381924 1.20091
0.0601278 0.381924 1.20091
0.0601278 0.381924 1.20091
0.0601278 0.381924 1.20091
0.0601278 0.381924 1.20091
0.0601278 0.381924 1.20091
0.0601278 0.381924 1.20091
0.0601278 0.381924 1.20091
0.0601278 0.381924 1.20091
0.0601278 0.381924 1.20091
0.0601278 0.381924 1.20091
0.0601278 0.381924 1.20091
0.0601278 0.381924 1.20091
0.0601278 0.381924 1.20091
0.0601278 0.381924 1.20091
0.0601278 0.381924 1.20091
0.0601278 0.381924 1.20091
0.0601278 0.381924 1.20091
0.0601278 0.381924 1.20091
0.0601278 0.381924 1.20091
0.0601278 0.381924 1.20091
0.0601278 0.381924 1.20091
0.0601278 0.381924 1.20091
0.0601278 0.381924 1.20091
0.0601278 0.381924 1.20091
0.0601278 0.381924 1.20091
0.0601278 0.381924 1.20091
0.0601278 0.381924 1.20091
0.0601278 0.381924 1.20091
0.0601278 0.381924 1.20091
0.0601278 0.381924 1.20091
0.0601278 0.381924 1.20091
0.0601278 0.381924 1.20091
0.0601278 0.381924 1.20091
0.0601278 0.381924 1.20091
0.0601278 0.381924 1.20091
0.0601991 0.382108 1.20002
0.0601278 0.381924 1.20091
0.0601278 0.381924 1.20091
0.0601278 0.381924 1.20091
0.0601278 0.381924 1.20091
0.0601278 0.381924 1.20091
0.0601278 0.381924 1.20091
