-0.0676334 0.00269059 -0.0795219 -21571 -35536
-0.13683529 0.01132609 -0.16876887 -22871 -37873
-0.20453062 0.025873171 -0.25457405 -24178.013 -40177.021
-0.26972382 0.045452165 -0.32893147 -25521 -42384
-0.33549492 0.070639285 -0.40251504 -26930 -44648
-0.40176475 0.1017504 -0.47532405 -28416 -46980
-0.4643013 0.13641759 -0.53703098 -29922 -49203
-0.52449309 0.17444129 -0.58978738 -31472 -51366
-0.58370395 0.21624452 -0.63970373 -33072 -53546
-0.64217601 0.26149745 -0.67757129 -34780 -55694
-0.69926011 0.30818791 -0.69357901 -36610.018 -57710.018
-0.7550998 0.35493744 -0.70046414 -38469.017 -59649.019
-0.82901502 0.41884893 -0.72542233 -40872.017 -62342.019
-0.88361135 0.46828067 -0.74616323 -42672 -64383
-0.93619609 0.51763248 -0.7612242 -44465 -66351
-0.98630304 0.5663581 -0.78162105 -46169 -68292
-1.0337455 0.61477088 -0.80941959 -47775.014 -70221.017
-1.0763319 0.66089486 -0.84109034 -49228 -72042
-1.1134686 0.70356317 -0.86811426 -50546.011 -73674.014
-1.1559175 0.75544542 -0.90202297 -52097.01 -75619.013
-1.1845483 0.7927387 -0.93007913 -53160 -77008
-1.2100032 0.82795208 -0.95968495 -54121.008 -78313.011
-1.2309228 0.85871101 -0.98739686 -54930 -79444
-1.245505 0.88129541 -1.0075355 -55514 -80262
-1.2537693 0.8945814 -1.0211335 -55843 -80749.001
-1.2543778 0.89558021 -1.0262111 -55843.997 -80808.997
-1.247485 0.88424184 -1.0229406 -55516.993 -80443.992
-1.2316411 0.85859885 -1.0117524 -54795.991 -79592.989
-1.2094594 0.82371334 -0.99712194 -53803 -78430
-1.1703699 0.76452896 -0.97706932 -52069.985 -76463.985
-1.1362909 0.71412811 -0.97543415 -50493 -74868
-1.0985405 0.65776048 -0.98593391 -48662.98 -73159.982
-1.0570655 0.5942477 -0.9986712 -46610.978 -71255.98
-1.0115052 0.52239648 -1.0126995 -44310.977 -69118.979
-0.96607686 0.4479791 -1.032752 -41920.978 -66961.979
-0.92229153 0.37322698 -1.0491038 -39566.977 -64797.978
-0.87725552 0.29474498 -1.0505668 -37198.977 -62446.976
-0.83018347 0.21318708 -1.044112 -34780.977 -59953.976
-0.78281094 0.13280329 -1.0324074 -32415.978 -57452.975
-0.73331653 0.051881961 -1.0113221 -30064.977 -54856.974
-0.68023489 -0.030749584 -0.98825748 -27638 -52162
-0.62551771 -0.11297838 -0.97904877 -25115.975 -49532.975
-0.56856441 -0.19760885 -0.977844 -22462.973 -46865.974
-0.50907637 -0.28684069 -0.98774111 -19609 -44127
-0.45084847 -0.3769708 -1.0066751 -16700.973 -41438.975
-0.39570494 -0.46609968 -1.0268136 -13851 -38823
-0.32271038 -0.58974103 -1.0481571 -9983 -35203
-0.27006651 -0.68299934 -1.0656278 -7089 -32512
-0.1979223 -0.81359727 -1.0665745 -3192.9717 -28626.972
-0.14286306 -0.91336879 -1.0664883 -221.97258 -25654.971
-0.087737234 -1.0118736 -1.0546979 2653 -22643
-0.028788768 -1.1129212 -1.0306864 5564 -19453
0.032280986 -1.2114864 -1.0015106 8418.0259 -16259.968
0.096821614 -1.3069118 -0.95073362 11127.026 -12960.968
0.16755069 -1.4001903 -0.8933299 13846.026 -9574.9688
0.2415175 -1.4876064 -0.84375828 16544 -6301
0.32223243 -1.5728151 -0.78119073 19241 -2877
0.40645946 -1.6528374 -0.73841759 22022 401
0.49254064 -1.7279768 -0.69684933 24760 3622
0.57944926 -1.7980436 -0.66018664 27458 6746
0.66696184 -1.8651417 -0.64805165 30263.027 9692.0286
0.75634059 -1.9317067 -0.63221627 33077 12690
0.84331251 -1.9949445 -0.62515914 35840 15535
0.95730604 -2.0794076 -0.65020363 39685.028 19089.025
1.040862 -2.1447547 -0.67722766 42608.029 21698.022
1.1188781 -2.21175 -0.74186083 45665.03 24004.021
1.1909562 -2.2830643 -0.81828374 48753 26204
1.2774007 -2.3859701 -0.92594812 52883 29083
1.3339834 -2.4699485 -1.0298257 56127 31120
1.3794333 -2.5571865 -1.1511753 59397.032 32980.017
1.4137349 -2.649623 -1.2797517 62715 34804
1.435897 -2.7452645 -1.4064371 66011.03 36628.017
1.4457443 -2.8399758 -1.5279577 69200.031 38405.016
1.4434412 -2.9329632 -1.6631608 72411 40045
1.4292552 -3.0224279 -1.7929445 75527.029 41653.016
1.4041668 -3.1089659 -1.9130007 78574 43305
1.3689295 -3.1929752 -2.0229037 81588.028 45042.017
1.3256123 -3.2721775 -2.1196372 84504 46834
1.2741179 -3.3478154 -2.2174052 87458.028 48652.018
1.2157557 -3.4184628 -2.3051028 90357.027 50532.02
1.1278966 -3.508104 -2.3872065 94107.027 53328.021
1.0549646 -3.5728467 -2.4440078 96980.027 55541.022
0.97919511 -3.6334188 -2.4903954 99779.026 57801.023
0.89967449 -3.692033 -2.5224106 102541.03 60191.024
0.81691622 -3.749617 -2.544959 105301.03 62689.024
0.73503086 -3.8042254 -2.5619133 107966.03 65157.024
0.65090988 -3.8585022 -2.5752529 110654.03 67690.026
0.56164707 -3.9148425 -2.5818797 113445 70404
0.47558909 -3.9682837 -2.5898836 116133.03 72999.025
0.38858287 -4.0214615 -2.59608 118828 75622
0.2977407 -4.0767479 -2.5936703 121587 78409
0.20942919 -4.1311367 -2.5854943 124244 81161
0.12203942 -4.1861372 -2.5742199 126871.02 83919.028
0.034009846 -4.2437927 -2.5492619 129470 86808
-0.050450993 -4.3024212 -2.5203449 131983 89657
-0.13150726 -4.36318 -2.4763669 134369 92554
-0.210244 -4.4287605 -2.4178437 136701.02 95566.028
-0.28070885 -4.4950365 -2.3557931 138863 98449
-0.34358038 -4.5639776 -2.2645667 140766 101412
-0.39783383 -4.6369927 -2.155095 142502 104420
-0.44020776 -4.7090158 -2.0500985 144071 107209
-0.4729125 -4.782233 -1.931675 145474.01 109988.03
-0.49378924 -4.8511611 -1.7981057 146576.01 112642.02
-0.50371833 -4.9142363 -1.6557579 147414 115134.02
-0.50392473 -4.9703988 -1.493185 147934 117543.03
-0.4961349 -5.0167844 -1.3156398 148129 119801
-0.48429194 -5.0500392 -1.1417072 148039 121732
-0.47432653 -5.0679078 -0.9824038 147646.99 123191.01
-0.46687836 -5.0774427 -0.8329131 147093.99 124375.01
-0.46553682 -5.078731 -0.6973657 146355 125211
-0.4712114 -5.0745366 -0.57567203 145463.99 125734
-0.48319603 -5.0676831 -0.46327424 144450.99 126027
-0.50801668 -5.0574569 -0.31834476 142908.99 126169
-0.53280799 -5.0507065 -0.21334933 141629 126109
-0.56013854 -5.0462696 -0.10852501 140298 125996
-0.58922104 -5.0446699 -0.0013770025 138916 125859
-0.61903007 -5.0463327 0.11282924 137473.99 125744
-0.64781008 -5.0512863 0.22806726 136042.98 125652
-0.68083721 -5.0613742 0.3648196 134348 125546
-0.69589986 -5.067798 0.44141536 133476 125564
-0.70069396 -5.0702151 0.49253658 133039 125721
-0.69506088 -5.0670882 0.52093726 133042 126054
-0.67421316 -5.0549533 0.53333044 133599.01 126755.01
-0.62501344 -5.0251846 0.55493201 134973 128380
-0.57628894 -4.9943902 0.57231682 136375.02 129984.02
-0.49739976 -4.9423425 0.59409052 138713 132575
-0.42811133 -4.8944405 0.61569224 140784 134897
-0.35229661 -4.8399559 0.63058108 143132 137418
-0.27370801 -4.7826325 0.62980652 145673 139950
-0.19443953 -4.7237084 0.64865447 148139.02 142635.03
-0.11578921 -4.6626114 0.67223541 150599 145369
-0.038448887 -4.6007185 0.67757129 153151 147983
0.040506835 -4.5364613 0.68867338 155741 150702
0.11969002 -4.471422 0.68660787 158425 153362
0.19936009 -4.4082978 0.65347323 161268.03 155820.02
0.28139126 -4.3489273 0.59951179 164222.03 158147.02
0.36889505 -4.2935345 0.5291983 167331.03 160439.02
0.46317808 -4.2446799 0.42695684 170694 162614
0.56104911 -4.2068568 0.31059901 174106.03 164674.02
0.66577598 -4.1798838 0.19355491 177606 166814
0.77175609 -4.1650348 0.084856671 181028.03 168973.02
0.87549273 -4.1622576 -0.031328003 184409.03 171004.02
0.97943727 -4.1720689 -0.15689325 187861.03 172997.02
1.080429 -4.1936666 -0.26447155 191179.03 175065.02
1.1795032 -4.2261753 -0.36963911 194509 177173
1.2740663 -4.2684957 -0.47196761 197805 179280
1.3643188 -4.319871 -0.5630219 201042 181459
1.4535235 -4.3810441 -0.63918735 204305 183837
1.5386522 -4.4481779 -0.69633351 207464.03 186332.02
1.6206944 -4.5209127 -0.75433972 210660.04 188854.03
1.7005098 -4.5993743 -0.79935017 213840.03 191511.03
1.7793986 -4.6823757 -0.82224262 216959 194364
1.8577723 -4.7693315 -0.85227861 220186.03 197242.03
1.9342796 -4.8579563 -0.86501576 223313 200221
2.0092551 -4.94658 -0.87224502 226382 203206
2.0802732 -5.0325391 -0.88833874 229383 206020
2.1768932 -5.1498765 -0.8755154 233272 210058
2.2491426 -5.2367839 -0.87895786 236239.03 212985.03
2.3212921 -5.3233738 -0.87327769 239145.03 215957.03
2.4225397 -5.4427914 -0.8618316 243161.03 220106.03
2.4984882 -5.5328007 -0.87801122 246326 223083
2.5983257 -5.656717 -0.90718646 250645 227063
2.6685691 -5.7513188 -0.95701674 254007 229846
2.7367178 -5.8518271 -0.99290487 257382 232804
2.8034299 -5.9584201 -1.0302561 260878 235866
2.8658535 -6.0662762 -1.0620134 264312.03 238931.03
2.9260117 -6.1770499 -1.0845618 267730.03 242087.03
2.9829167 -6.2872455 -1.1036675 271075 245210
3.0366165 -6.3956473 -1.11804 274313 248281
3.0917118 -6.5100041 -1.1256135 277667 251547
3.1434906 -6.6201434 -1.1370599 280907.03 254654.03
3.1956581 -6.7340104 -1.1453218 284221 257872
3.2626231 -6.8858158 -1.1653744 288664 262082
3.3282201 -7.0436303 -1.1883532 293254 266405
3.3899892 -7.200534 -1.203156 297737.04 270716.04
3.4358021 -7.3199412 -1.2057378 301087 274036
3.4816358 -7.4382747 -1.1967872 304344.03 277397.03
3.5284979 -7.5557082 -1.1854268 307575.03 280760.03
3.5786273 -7.6754515 -1.1632227 310831.03 284274.03
3.628625 -7.7882144 -1.1436866 313934 287604
3.6831711 -7.9042143 -1.1188143 317132.03 291091.03
3.7394652 -8.0171923 -1.0982456 320304 294502
3.7979208 -8.1283759 -1.0752668 323446 297911
3.8608571 -8.2411675 -1.048415 326658.03 301435.03
3.9251006 -8.3496231 -1.0236289 329801.03 304866.03
4.0196381 -8.497445 -0.97999547 334123 309695
4.0925493 -8.6031069 -0.95357393 337317.03 313196.03
4.1709255 -8.7098662 -0.92147287 340584.03 316836.03
4.2496039 -8.8136007 -0.92233344 343984.03 320226.03
4.3302921 -8.9195393 -0.91742792 347428 323727
4.4106224 -9.0259931 -0.93128408 350986.03 327124.03
4.4887061 -9.1318471 -0.93920177 354462 330508
4.5680737 -9.2397814 -0.9342962 357927 334030
4.6459258 -9.3457599 -0.94014846 361390 337425
4.7269526 -9.4555443 -0.92982094 364888 341043
4.8075242 -9.5650468 -0.94307455 368510.04 344511.04
4.889365 -9.6774658 -0.93997633 372118 348155
4.9732836 -9.7924059 -0.94032058 375831 351864
5.0565105 -9.9065945 -0.94161155 379523.04 355541.04
5.1418244 -10.024124 -0.9441934 383325.04 359313.04
5.2536523 -10.178514 -0.943677 388293.04 364287.04
5.3397749 -10.296997 -0.94083698 392096.04 368123.04
5.4252755 -10.414486 -0.94255826 395895.04 371902.04
5.5125005 -10.535128 -0.94703347 399803 375758
5.597753 -10.654192 -0.95176693 403649.04 379549.04
5.6849965 -10.776805 -0.95297192 407580.04 383466.04
5.7720274 -10.900953 -0.96579514 411608.05 387345.05
5.8595579 -11.027626 -0.96648365 415627.04 391356.04
5.9460492 -11.15313 -0.96829089 419612.04 395320.04
6.0339663 -11.280164 -0.96252475 423607 399382
6.118771 -11.401937 -0.96243869 427476 403252
6.2319838 -11.563863 -0.95882402 432607.04 408425.04
6.3165736 -11.683913 -0.95512336 436415 412276
6.4015328 -11.802643 -0.94427947 440159 416146
6.4856119 -11.917585 -0.93421014 443814 419918
6.5717 -12.030765 -0.90684221 447363 423785
6.6594192 -12.141344 -0.89350225 450966.03 427543.04
6.7489333 -12.249728 -0.86742542 454480.03 431360.03
6.8383775 -12.354163 -0.8577003 458009.03 435002.03
6.9282786 -12.456678 -0.84401647 461485 438637
7.0483643 -12.59176 -0.84418838 466199.03 443349.03
7.1391745 -12.691612 -0.82138199 469586 447001
7.2290354 -12.786779 -0.80675113 472914.03 450499.03
7.3199242 -12.879518 -0.78420257 476169.03 454016.03
7.413242 -12.969176 -0.74659354 479325 457609
7.5090668 -13.055293 -0.71759043 482516 461137
7.6074019 -13.136682 -0.6651778 485540.03 464770.03
7.7076009 -13.211352 -0.6156917 488511.03 468316.03
7.8112685 -13.280331 -0.55854664 491426 471895
7.9138669 -13.340087 -0.49623662 494160.03 475353.03
8.0200268 -13.392912 -0.42721437 496851.03 478846.03
8.1270099 -13.437269 -0.35888128 499474 482263
8.233874 -13.473515 -0.29510885 502046 485576
8.3430357 -13.502926 -0.23125036 504623 488895
8.4465649 -13.524857 -0.18623904 507121.02 491916.03
8.5461174 -13.540671 -0.1288358 509416 494878
8.643125 -13.550105 -0.065063368 511587 497790
8.7303159 -13.553683 -0.016954343 513583 500345
8.8076765 -13.552468 0.048367213 515221 502742
8.8775807 -13.546476 0.12263929 516619 505003
8.9339428 -13.537428 0.19570721 517683.01 506916.02
8.9833777 -13.525676 0.27109737 518570 508679
9.0298276 -13.510651 0.35457896 519358.01 510437.02
9.0737884 -13.49222 0.43943667 520108.01 512173.02
9.114881 -13.470913 0.51723719 520863.01 513832.01
9.1498644 -13.449467 0.58264418 521553 515282
9.178268 -13.429159 0.65880963 522021 516635
9.2010803 -13.409751 0.75106971 522266 517952.01
9.2124671 -13.398063 0.84582379 522141 518928
9.214192 -13.395931 0.93507076 521694 519518
9.2054141 -13.409322 1.0460055 520632 519745
9.1937725 -13.431299 1.1213112 519545.99 519534
9.1773614 -13.469722 1.2129671 517924 518977
9.1643637 -13.508117 1.2757928 516502 518285
9.1517436 -13.555455 1.344729 514824 517408
9.14134 -13.610081 1.4204649 512933.98 516397.99
9.1347443 -13.668866 1.497663 510942.98 515303.99
9.1324875 -13.7284 1.5681485 508979.98 514159.99
9.1343398 -13.788714 1.6348469 507018.98 512973.99
9.1403002 -13.849205 1.7031806 505036.98 511785.99
9.1503688 -13.909051 1.7717719 503056 510602
9.1637857 -13.965364 1.8376105 501163.98 509474.99
9.1799519 -14.017787 1.9022429 499358 508420
9.2064136 -14.08444 1.9951912 496947.98 507089.99
9.2287117 -14.129629 2.0631801 495239 506171
9.2506247 -14.167725 2.1223912 493749 505369
9.2712806 -14.199374 2.1756644 492453.99 504693
9.2874048 -14.221457 2.2273015 491441 504280
9.2940246 -14.229618 2.2773904 490876 504297
9.292059 -14.227414 2.3209377 490700 504627
9.2807428 -14.215684 2.3555351 490924.01 505253.01
9.2589005 -14.194332 2.3795464 491581 506189
9.2284892 -14.165932 2.4012344 492540.01 507400.01
9.1887983 -14.130493 2.4242131 493794.01 508921.02
9.1384792 -14.087698 2.4494293 495370 510790
9.0786435 -14.039163 2.4707729 497255.02 512923.02
9.0145057 -13.989046 2.4858338 499290 515133
8.9481308 -13.938818 2.5017554 501368 517396
8.8788234 -13.888424 2.5240456 503473 519760
8.8056137 -13.837193 2.5379877 505722 522171
8.7313053 -13.786099 2.5404836 508059.02 524537.02
8.6509774 -13.731443 2.5477989 510550.02 527113.03
8.5674072 -13.675284 2.5520158 513151.03 529763.02
8.4844828 -13.618925 2.5372992 515851 532292
8.4036241 -13.562606 2.5291233 518468 534814
8.3223558 -13.505035 2.5213776 521110 537366
8.2415678 -13.446368 2.5056282 523805 539878
8.1615989 -13.386171 2.4870385 526523.03 542380.03
8.0777925 -13.320802 2.471289 529386.03 545060.03
7.9940303 -13.252883 2.4492571 532326 547744
7.9098703 -13.181774 2.4308396 535306.03 550510.03
7.8226834 -13.106064 2.4222333 538367.04 553471.04
7.7356985 -13.028934 2.4100985 541469.03 556432.03
7.6503321 -12.951206 2.3958981 544562.03 559360.03
7.5643493 -12.87053 2.3801486 547728.03 562343.03
7.4825684 -12.790294 2.3513178 550883 565163
7.4015051 -12.705656 2.3179255 554133 568025
7.3218984 -12.616818 2.2849632 557435.03 570944.03
7.2478873 -12.527962 2.2456329 560679 573731
7.1751721 -12.433472 2.207765 564008.03 576620.03
7.1054968 -12.336392 2.1788483 567292 579568
7.0180846 -12.203992 2.1297926 571714 583420
6.9548943 -12.100026 2.1040598 575036 586443
6.8943285 -11.993248 2.0694622 578438.04 589443.04
6.836065 -11.881532 2.0335745 581932.03 592520.03
6.7786282 -11.765823 2.0295295 585324.03 595865.03
6.704079 -11.614168 2.0258291 589752.03 600250.03
6.6464516 -11.49954 2.0474307 592972.03 603721.03
6.5870015 -11.385393 2.054488 596287.03 607118.03
6.5242768 -11.270058 2.0833187 599543 610709
6.4606992 -11.158508 2.0943348 602827.03 614121.03
6.3970239 -11.048499 2.0966584 606128 617449
6.3113225 -10.902832 2.1085351 610466.03 621925.03
6.2463959 -10.794829 2.1155926 613711.03 625252.03
6.1793931 -10.6891 2.1556974 616742 628749
6.1105565 -10.589177 2.1923608 619693.03 632126.03
6.0342007 -10.489966 2.2611249 622558.03 635790.03
5.9557733 -10.401927 2.3359133 625198.03 639299.03
5.8712412 -10.320338 2.4119065 627820.02 642804.03
5.7546016 -10.224077 2.4913421 631302.03 647209.03
5.633815 -10.136823 2.5406557 634901 651381
5.5415227 -10.073643 2.5419466 637810 654305
5.4226463 -9.9895148 2.5095005 641796.03 657914.03
5.3336467 -9.920831 2.4591543 645020 660553
5.2245066 -9.8224492 2.3568251 649446.03 663790.02
5.1488298 -9.7403009 2.2736025 652842.03 666219.02
5.0792898 -9.6512135 2.193565 656254 668701
5.0177649 -9.5581987 2.1167964 659608.03 671163.03
4.9606935 -9.4564321 2.0470003 663056 673800
4.9086508 -9.3490961 1.9975138 666454.03 676623.03
4.8612892 -9.2381138 1.9507822 669872 679498
4.8184937 -9.1260074 1.9201439 673179.04 682449.04
4.7768844 -9.0110491 1.9160129 676391 685613
4.7366575 -8.897224 1.9049969 679603 688697
4.6959526 -8.7830791 1.9216932 682666.03 691954.03
4.6532853 -8.6688365 1.9347746 685770 695210
4.6096279 -8.5561781 1.9462211 688854.04 698427.04
4.5634506 -8.4420035 1.9640359 691962.03 701742.03
4.5153877 -8.3270283 1.9694581 695180.03 705023.03
4.4650241 -8.2116612 1.9953627 698312 708456
4.4116388 -8.0969388 2.0173088 701484.03 711883.03
4.3565929 -7.9840283 2.0315091 704677.03 715241.03
4.2998559 -7.871099 2.0412338 707916.03 718593.03
4.2446344 -7.7586159 2.0130913 711347.03 721697.03
4.1927556 -7.6450162 1.9852929 714765.03 724792.03
4.1446389 -7.5280925 1.9370983 718342 727809
4.102479 -7.4078927 1.8791776 722000.04 730794.03
4.0667872 -7.283842 1.822721 725694 733832
4.0384855 -7.1586439 1.7635095 729385.03 736835.03
4.016521 -7.0311107 1.7191872 733017.04 739952.04
3.9951957 -6.8588562 1.6687546 737836.03 744185.03
3.9842868 -6.729252 1.6407844 741390.03 747414.03
3.9760457 -6.5972031 1.6254653 744929.03 750775.03
3.9694216 -6.4691924 1.6195271 748306 754083
3.9625146 -6.3374702 1.6268424 751703 757565
3.9541676 -6.207503 1.6430222 755005 761055
3.9431737 -6.08112 1.6721114 758144 764532
3.9272925 -5.953963 1.7179827 761219 768140
3.8952258 -5.7876153 1.8044764 765134.03 773060.04
3.8603879 -5.6623652 1.8796951 768087.03 776887.04
3.8177564 -5.5433524 1.9498355 770976 780591
3.7663138 -5.4272213 2.0257435 773847.03 784344.04
3.7068444 -5.3156632 2.0953683 776739.03 788045.04
3.6383319 -5.207645 2.1766967 779602 791853
3.5382299 -5.0763099 2.2674074 783381.03 796686.04
3.453313 -4.9820365 2.3406466 786264.03 800420.03
3.3656071 -4.8968066 2.400374 789106.03 803956.03
3.2717864 -4.8153153 2.4524415 792044 807499
3.1746266 -4.7386048 2.4940958 795030 810969
3.0758209 -4.6665992 2.5295539 798012.03 814363.03
2.9731821 -4.5968799 2.560278 801069 817777
2.8719287 -4.5322686 2.5869578 804046.03 821064.03
2.7673301 -4.4708464 2.634292 806934.03 824502.03
2.6640827 -4.4142709 2.6463406 809934 827642
2.5599502 -4.3578727 2.6441026 813035.03 830717.03
2.4572187 -4.2991177 2.6000381 816377.03 833547.02
2.3622681 -4.2364551 2.5164712 819829.03 836028.02
2.275309 -4.1671581 2.4210286 823283 838373
2.1937777 -4.0868571 2.3065641 826932.03 840692.02
2.1245 -4.0006424 2.1888304 830500.03 842892.02
2.0657713 -3.9065612 2.0688593 834089.03 845087.02
2.0164608 -3.8046369 1.9739331 837593 847488
1.9756929 -3.6963761 1.8879557 841109.03 850005.02
1.9442273 -3.585435 1.8063685 844590.03 852538.03
1.9139308 -3.4307771 1.7221133 849189.03 856158.03
1.8991086 -3.3140195 1.6720249 852549.03 858936.03
1.8895868 -3.1975379 1.6326945 855825.03 861755.03
1.8829253 -3.0758069 1.6182361 859088.03 864850.03
1.8773784 -2.9578986 1.6173755 862171 867923
1.8713241 -2.8390158 1.6259818 865225 871077
1.8629595 -2.7169094 1.652403 868263 874422
1.8516073 -2.5974327 1.6786521 871240 877704
1.8365463 -2.4746953 1.7071389 874299 881094
1.8186895 -2.3542521 1.7288266 877348 884395
1.798312 -2.2345792 1.7500841 880390 887684
1.7744648 -2.1113267 1.7737515 883526.03 891095.03
1.7396193 -1.9511676 1.7962999 887669.03 895500.03
1.7103717 -1.8286908 1.8141148 890849.03 898887.03
1.6801991 -1.7093635 1.8228073 894008.03 902147.03
1.6468546 -1.5862883 1.8479375 897187.03 905618.03
1.610558 -1.4631527 1.8669572 900424 909076
1.5712347 -1.3410695 1.8978537 903589 912600
1.5280992 -1.2185107 1.9205742 906845 916120
1.4830166 -1.0970842 1.9320206 910156 919564
1.4343584 -0.97238205 1.9536223 913521 923180
1.3851648 -0.84939653 1.9489749 917002 926607
1.3356803 -0.72681721 1.9599909 920385 930118
1.2678874 -0.56304232 1.9665317 924969 934778
1.2151443 -0.4403865 1.9872729 928330.03 938380.03
1.1604453 -0.31773182 1.9932972 931797 941917
1.1053167 -0.1970986 2.0056042 935184.03 945447.03
1.0487984 -0.076943476 2.0153292 938590 948966
0.97202896 0.083353637 2.0195464 943200.03 953625.03
0.91364899 0.20347011 2.0268616 946640.03 957150.03
0.8554008 0.32245475 2.0252264 950104 960595
0.7969024 0.44044253 2.0369309 953470.03 964097.03
0.73800365 0.55807807 2.0330581 956923 967505
0.67846573 0.67618927 2.0423529 960318.03 971008.03
0.61896874 0.79287945 2.0422668 963734.03 974423.03
0.55993852 0.90883905 2.041062 967134.03 977809.03
0.50021213 1.0255197 2.0467421 970519.03 981260.03
0.42057963 1.1809732 2.0416645 975103.03 985785.03
0.36125245 1.2965427 2.0484633 978451 989212
0.30234169 1.4105393 2.0470865 981805.03 992550.03
0.24172428 1.5257638 2.063094 985107.03 996038.03
0.1806479 1.6394631 2.064385 988465.03 999411.03
0.11868657 1.7536638 2.0714421 991812 1002840
0.05617594 1.8672161 2.0766058 995162 1006250
-0.0062070988 1.9806868 2.0703234 998575.03 1009590
-0.069374134 2.0948609 2.0819417 1001910 1013060
-0.13118324 2.2057344 2.076778 1005250 1016340
-0.19402226 2.3182276 2.083663 1008570 1019740
-0.25744496 2.4299519 2.090548 1011880 1023130
-0.32039408 2.5397388 2.0922693 1015170 1026440
-0.38338595 2.6488375 2.0965723 1018430 1029750
-0.46516421 2.7920342 2.0828024 1022810 1033970
-0.54930636 2.9416039 2.083663 1027280 1038450
-0.61025425 3.0529517 2.0595654 1030730 1041620
-0.66962159 3.1649332 2.0569836 1034050 1044910
-0.72827329 3.2770762 2.0483772 1037400 1048160
-0.78751528 3.3921505 2.0440742 1040800 1051510
-0.84835318 3.5092086 2.0561229 1044170 1055020
-0.90890112 3.6242529 2.0544019 1047570 1058400
-0.97045183 3.7383284 2.0767781 1050820 1061910
-1.033489 3.8502693 2.090548 1054090 1065340
-1.0991695 3.9617969 2.1155064 1057320 1068860
-1.18895 4.1053463 2.143907 1061570 1073440
-1.282296 4.2472905 2.1611194 1065900 1077970
-1.3510411 4.3505628 2.155095 1069170 1081170
-1.4201149 4.4572906 2.1353004 1072600 1084370
-1.4870232 4.5656131 2.1129239 1076050 1087560
-1.5502577 4.6756784 2.0716139 1079600 1090630
-1.6290262 4.827716 2.0260005 1084330 1094830
-1.6819405 4.9428873 1.9769451 1087920 1097850
-1.7300923 5.0586771 1.9528476 1091330 1100980
-1.7765416 5.177221 1.9356352 1094750 1104200
-1.8209903 5.2971456 1.9158407 1098200 1107420
-1.8643894 5.4188788 1.9106769 1101600 1110760
-1.9062886 5.5405266 1.8943251 1105050 1114020
-1.9472701 5.6630961 1.8926039 1108430 1117380
-1.988445 5.7851947 1.899489 1111750 1120780
-2.0441213 5.9454966 1.910677 1116110 1125270
-2.0879268 6.0668815 1.9235865 1119400 1128710
-2.1323447 6.1864072 1.929611 1122690 1132070
-2.1785265 6.3067001 1.9451021 1125960 1135520
-2.2394026 6.4632515 1.9382171 1130380 1139860
-2.2842291 6.5801648 1.9356351 1133660 1143110
-2.3284682 6.6975053 1.9270289 1136980 1146330
-2.3716958 6.8152222 1.9184227 1140300 1149550
-2.4150693 6.9349257 1.9184227 1143620 1152870
-2.456996 7.051892 1.9115377 1146900 1156070
-2.4990517 7.1692182 1.9184226 1150110 1159360
-2.5408176 7.2868501 1.9055133 1153440 1162540
-2.5948625 7.4422392 1.9055133 1157730 1166830
-2.6487608 7.598288 1.9012101 1162060 1171110
-2.6880112 7.7119274 1.9055134 1165170 1174270
-2.7414542 7.8622424 1.9192833 1169250 1178510
-2.781751 7.9708214 1.9330533 1172190 1181610
-2.8242821 8.0785461 1.9605936 1175050 1184790
-2.869574 8.1857629 1.9803879 1177970 1187940
-2.9319374 8.325281 2.0019035 1181830 1192050
-2.9775918 8.4264814 1.9872728 1184810 1194860
-3.0330232 8.5604259 1.9390777 1188870 1198360
-3.0699835 8.6640987 1.8874395 1192040 1200930
-3.1004292 8.7692683 1.8177288 1195300 1203380
-3.1226925 8.8711744 1.754043 1198390 1205730
-3.1392235 8.9741669 1.7058479 1201390 1208170
-3.1515033 9.0760152 1.6757258 1204240 1210670
-3.1610058 9.1739216 1.6593742 1206900 1213140
-3.1703749 9.2735744 1.6697019 1209450 1215810
-3.181654 9.3695546 1.7058484 1211760 1218540
-3.1960206 9.4583293 1.7566256 1213810 1221180
-3.2152469 9.5428389 1.83236 1215630 1223880
-3.2485338 9.6431119 1.9502667 1217700 1227320
-3.2783677 9.7091677 2.039772 1219070 1229730
-3.312615 9.7686593 2.1464887 1220240 1232140
-3.3498824 9.8193225 2.263535 1221200 1234460
-3.3870518 9.8591204 2.3805791 1221940 1236560
-3.4256674 9.8915547 2.50537 1222530 1238600
-3.4653177 9.9167507 2.6456536 1222940 1240640
-3.5040145 9.9340211 2.797983 1223160 1242630
-3.5393532 9.9436388 2.953758 1223210 1244490
-3.5715749 9.9470837 3.1164165 1223110 1246280
-3.6035416 9.9452039 -2.9989466 1222970 1248090
-3.6347327 9.9379574 -2.827682 1222810 1249920
-3.6621622 9.926514 -2.6650237 1222640 1251640
-3.6861391 9.9116947 -2.5109716 1222480 1253270
-3.7071903 9.8938272 -2.3646651 1222350 1254840
-3.7319066 9.864255 -2.1693043 1222220 1256980
-3.746804 9.8387589 -2.0298815 1222180 1258560
-3.758131 9.8114886 -1.8990663 1222190 1260090
-3.7664441 9.7809619 -1.7742755 1222290 1261640
-3.7717768 9.74376 -1.6520677 1222560 1263330
-3.7725984 9.700241 -1.5272769 1222970 1265190
-3.7671409 9.649529 -1.3999041 1223560 1267260
-3.7542469 9.5948465 -1.2785558 1224320 1269430
-3.7324636 9.5352326 -1.1623701 1225300 1271760
-3.701259 9.4728012 -1.052211 1226480 1274220
-3.6618517 9.4090199 -0.98250024 1228030 1276580
-3.6015249 9.3227499 -0.93860824 1230520 1279580
-3.5500472 9.2527867 -0.93430515 1232760 1281870
-3.4977827 9.1807851 -0.95151768 1235180 1284090
-3.4478132 9.1088001 -0.97647585 1237610 1286230
-3.397912 9.0332941 -0.99713113 1240090 1288470
-3.3465827 8.9516379 -1.0220894 1242750 1290840
-3.2976035 8.8683295 -1.0565141 1245470 1293160
-3.2515576 8.7829276 -1.0961029 1248230 1295460
-3.2054269 8.6883029 -1.138274 1251220 1297960
-3.1618272 8.588499 -1.1795837 1254300 1300560
-3.1225606 8.48691 -1.2243366 1257400 1303140
-3.08589 8.3798882 -1.2570401 1260540 1305900
-3.0516819 8.2714496 -1.273392 1263600 1308770
-3.0193231 8.161845 -1.2940471 1266700 1311630
-2.9873286 8.0469495 -1.3043746 1269870 1314680
-2.9577014 7.9345909 -1.3215871 1273000 1317610
-2.9308034 7.8209555 -1.3551518 1276240 1320460
-2.8996565 7.6660559 -1.389577 1280560 1324380
-2.8807514 7.5477154 -1.4351898 1283950 1327240
-2.8660759 7.4256833 -1.4670332 1287340 1330260
-2.8544505 7.3033253 -1.4851061 1290650 1333360
-2.8448199 7.18137 -1.4988762 1293920 1336470
-2.8353782 7.0584383 -1.4894093 1297080 1339740
-2.824464 6.9338962 -1.4773605 1300270 1343070
-2.8112605 6.8091903 -1.453263 1303400 1346480
-2.794414 6.6849241 -1.4188379 1306470 1349950
-2.7741896 6.5627173 -1.3947404 1309560 1353320
-2.7500559 6.4402436 -1.3577333 1312600 1356790
-2.7229909 6.3201537 -1.3405208 1315710 1360100
-2.6938058 6.1991814 -1.3276115 1318880 1363420
-2.662454 6.0779577 -1.3078171 1322030 1366800
-2.6295527 5.9559545 -1.3069563 1325320 1370100
-2.5949811 5.8324217 -1.2888832 1328560 1373550
-2.5600133 5.713792 -1.2794164 1331730 1376830
-2.5233822 5.5944588 -1.2665068 1334910 1380160
-2.4852535 5.4766042 -1.2492945 1338040 1383490
-2.4456467 5.3580257 -1.2475732 1341290 1386760
-2.4046258 5.2401306 -1.2243363 1344410 1390150
-2.3618904 5.1265253 -1.1976565 1347420 1393470
-2.3129602 5.0091902 -1.1537644 1350480 1397040
-2.259485 4.8961859 -1.1038486 1353450 1400590
-2.2006273 4.7858881 -1.0573747 1356440 1404120
-2.1366979 4.6780029 -1.0143431 1359460 1407640
-2.0709896 4.5764072 -0.97905738 1362410 1411000
-1.9970377 4.4706527 -0.94205061 1365560 1414580
-1.9227852 4.3705508 -0.923117 1368700 1417940
-1.8477378 4.2734544 -0.90246197 1371780 1421260
-1.7717864 4.1765743 -0.90934722 1375030 1424430
-1.6990521 4.0806065 -0.93516578 1378320 1427420
-1.6031227 3.9434232 -0.98594326 1382980 1431490
-1.539897 3.8420693 -1.0401622 1386410 1434290
-1.4797547 3.7339987 -1.0857759 1389900 1437250
-1.4242613 3.6226128 -1.1313891 1393410 1440230
-1.3745251 3.510215 -1.1770022 1396880 1443170
-1.3276019 3.3918567 -1.2097059 1400390 1446300
-1.2717657 3.2346582 -1.2492947 1404970 1450420
-1.2329629 3.1123885 -1.2776953 1408480 1453600
-1.1982965 2.9932709 -1.2974896 1411830 1456720
-1.1676955 2.8766083 -1.331054 1415170 1459670
-1.1393033 2.75643 -1.3465456 1418480 1462800
-1.1135524 2.6348752 -1.3775282 1421900 1465860
-1.091628 2.5110154 -1.4136741 1425390 1468930
-1.0732915 2.3877345 -1.4326082 1428750 1472070
-1.0583011 2.2657418 -1.4644512 1432140 1475090
-1.0455612 2.1407949 -1.4739181 1435470 1478310
-1.0338977 2.0151653 -1.4825243 1438810 1481550
-1.0234071 1.8911641 -1.4902697 1442100 1484750
-1.0120281 1.7668561 -1.468754 1445230 1488130
-0.99783924 1.6430317 -1.4446567 1448340 1491520
-0.97834678 1.5189588 -1.3852735 1451270 1495140
-0.95126931 1.3971033 -1.3190052 1454140 1498780
-0.91577296 1.277629 -1.2449913 1456960 1502460
-0.87021818 1.1614106 -1.1494618 1459660 1506270
-0.81533563 1.0520774 -1.0616779 1462340 1509970
-0.75050994 0.94675082 -0.97647585 1465070 1513690
-0.6791143 0.84954213 -0.89815805 1467760 1517290
-0.59992563 0.75806472 -0.81639931 1470440 1520920
-0.51424003 0.67318339 -0.74496666 1473170 1524480
-0.42430398 0.59572865 -0.67697727 1475870 1527970
-0.33127263 0.52515144 -0.62103708 1478590 1531340
-0.23544922 0.45807739 -0.60038204 1481520 1534510
-0.13912484 0.3920634 -0.60124267 1484570 1537550
-0.044749023 0.32460112 -0.63997149 1487820 1540350
0.047036807 0.25148288 -0.70537925 1491260 1543030
0.13492238 0.17029116 -0.78627738 1494850 1545680
0.21450996 0.080948782 -0.89988009 1498630 1548140
0.28228335 -0.015087619 -1.0126232 1502350 1550550
0.34038462 -0.12034191 -1.1202015 1506110 1553060
0.38621228 -0.22878956 -1.2217553 1509770 1555540
0.42152196 -0.34190669 -1.3147027 1513400 1558090
0.45544502 -0.49838093 -1.3999048 1518070 1561770
0.47159038 -0.61558122 -1.4678936 1521550 1564460
0.48027097 -0.73607112 -1.5298593 1525060 1567250
0.48163548 -0.86223368 -1.5901032 1528700 1570190
0.47108931 -1.0323695 -1.6753046 1533640 1574140
0.45522362 -1.1602434 -1.7131722 1537220 1577280
0.43529456 -1.2875485 -1.7389911 1540730 1580490
0.41372482 -1.4116652 -1.7467366 1544060 1583730
0.39200304 -1.5392591 -1.732106 1547350 1587190
0.3739993 -1.6625878 -1.6994022 1550410 1590630
0.36253702 -1.7897763 -1.6219458 1553290 1594410
0.36175453 -1.9121099 -1.5324394 1555960 1598120
0.37419524 -2.0320746 -1.402486 1558350 1602020
0.41317968 -2.1804374 -1.2251955 1561320 1607050
0.45955922 -2.2848845 -1.0806105 1563460 1610870
0.51532224 -2.3757488 -0.96012395 1565540 1614350
0.58088268 -2.4598207 -0.85684805 1567720 1617730
0.65310374 -2.5371964 -0.78283487 1570050 1620920
0.73036473 -2.6103807 -0.73377916 1572540 1623980
0.81118107 -2.6796188 -0.68300219 1575020 1627050
0.89088294 -2.7438994 -0.67439593 1577640 1629770
0.96937133 -2.8081545 -0.69763321 1580420 1632280
1.0461201 -2.8750617 -0.73636198 1583300 1634710
1.1186555 -2.9462394 -0.81553868 1586410 1636900
1.1827612 -3.0218575 -0.91967547 1589600 1638880
1.2386555 -3.1034976 -1.0212284 1592770 1640870
1.2869337 -3.1924892 -1.1262259 1596020 1642900
1.323964 -3.2823754 -1.2338032 1599180 1644810
1.349832 -3.3732988 -1.3534303 1602340 1646580
1.3645838 -3.4666722 -1.4747786 1605510 1648340
1.3669762 -3.5926277 -1.6288308 1609690 1650730
1.3554281 -3.6870317 -1.7562047 1612910 1652470
1.3327813 -3.7770319 -1.8784136 1616040 1654180
1.2996305 -3.863714 -1.9937364 1619130 1655930
1.2554456 -3.9494479 -2.0995944 1622260 1657830
1.2022427 -4.031729 -2.1899604 1625340 1659860
1.1404475 -4.1102224 -2.2854889 1628500 1661910
1.0726336 -4.1822692 -2.3663878 1631550 1664020
0.99556893 -4.2534192 -2.4257715 1634630 1666410
0.91157148 -4.3227457 -2.4774086 1637770 1668950
0.82579522 -4.387024 -2.5195795 1640810 1671500
0.73376819 -4.4511619 -2.5462589 1643890 1674270
0.6384125 -4.5144977 -2.5643321 1646980 1677150
0.54309613 -4.5747207 -2.5918722 1650080 1679930
0.44355882 -4.6335504 -2.6237151 1653280 1682760
0.30813532 -4.7068188 -2.667607 1657550 1686520
0.20319587 -4.7576073 -2.7140812 1660860 1689290
0.093786948 -4.8050867 -2.7502276 1664180 1692190
-0.014642943 -4.8473925 -2.7889559 1667440 1695000
-0.16276194 -4.8966081 -2.8526418 1671880 1698700
-0.27718319 -4.9274307 -2.9042794 1675270 1701490
-0.39345182 -4.9512971 -2.9739908 1678770 1704180
-0.51015462 -4.9668296 -3.0445615 1682250 1706840
-0.62938254 -4.9742522 -3.1142722 1685770 1709550
-0.78118065 -4.9697758 3.0553104 1690390 1712850
-0.89215023 -4.9547623 2.9589202 1693870 1715210
-0.99569401 -4.9301882 2.8582269 1697230 1717400
-1.0910194 -4.8960804 2.7377379 1700570 1719340
-1.177442 -4.85198 2.601759 1703890 1721080
-1.2524988 -4.8003849 2.4769681 1706990 1722730
-1.3194551 -4.740926 2.3538987 1710040 1724350
-1.3756479 -4.6779937 2.2454598 1712870 1725920
-1.422163 -4.6134293 2.1447663 1715530 1727410
-1.4607972 -4.5449607 2.0242784 1718280 1728760
-1.4851152 -4.4848855 1.8865781 1720770 1729650
-1.4995649 -4.4191517 1.6877732 1723680 1730250
-1.5006577 -4.3888754 1.5259754 1725410 1730100
-1.4981728 -4.3692825 1.363317 1726870 1729670
-1.4971941 -4.3659728 1.2032405 1727890 1728830
-1.5008194 -4.3735912 1.0500491 1728560 1727720
-1.511422 -4.3893374 0.90632461 1728900 1726390
-1.5317212 -4.4120847 0.77809248 1728850 1724850
-1.5591216 -4.4360959 0.66104644 1728580 1723220
-1.5935029 -4.4605381 0.57498461 1727980 1721620
-1.6327353 -4.4845932 0.525068 1727070 1720130
-1.6735382 -4.5074862 0.49752799 1726010 1718750
-1.7159357 -4.5298549 0.47343067 1724900 1717360
-1.7589156 -4.551085 0.44416902 1723820 1715940
-1.8008198 -4.5701056 0.40802305 1722830 1714530
-1.8407033 -4.5865577 0.3744584 1721900 1713210
-1.8735084 -4.5990121 0.35122155 1721120 1712160
-1.8980627 -4.607794 0.33573042 1720530 1711390
-1.9065805 -4.6107375 0.32970604 1720330 1711120
-1.904585 -4.6100537 0.33056676 1720380 1711180
-1.8768896 -4.6003763 0.34175497 1721080 1712010
-1.8408702 -4.5872134 0.35896734 1721980 1713110
-1.7929783 -4.5685819 0.38306488 1723180 1714590
-1.7354721 -4.5445702 0.40802305 1724660 1716360
-1.6707978 -4.516348 0.41490796 1726460 1718240
-1.6020177 -4.4865101 0.40371968 1728480 1720130
-1.52562 -4.4549956 0.37876175 1730780 1722140
-1.4441354 -4.4238191 0.35208233 1733210 1724260
-1.3592649 -4.3940814 0.3219604 1735730 1726430
-1.2479642 -4.3593877 0.28237158 1739000 1729240
-1.1592247 -4.3349619 0.25483125 1741560 1731480
-1.0681626 -4.3126166 0.22643085 1744170 1733760
-0.9763049 -4.2928649 0.19716927 1746790 1736040
-0.85062404 -4.2702238 0.15930172 1750340 1739150
-0.7529241 -4.2558612 0.13262227 1753070 1741570
-0.65543191 -4.2443042 0.10336087 1755800 1743960
-0.55568892 -4.2359496 0.063772157 1758640 1746340
-0.45208092 -4.2308094 0.035371489 1761510 1748880
-0.35047938 -4.2286143 0.0078317017 1764320 1751370
-0.24828282 -4.229617 -0.027453987 1767190 1753830
-0.14194413 -4.233774 -0.050690905 1770100 1756470
-0.035730731 -4.2404007 -0.073927822 1773010 1759110
0.069037763 -4.2506581 -0.12126228 1776030 1761580
0.17173762 -4.2652866 -0.1617121 1778970 1764050
0.27528496 -4.2842442 -0.20043993 1781940 1766570
0.41139088 -4.317742 -0.28219945 1786070 1769750
0.51149576 -4.3496847 -0.3355583 1789120 1772180
0.61382933 -4.3886162 -0.39149957 1792300 1774710
0.7125794 -4.4327034 -0.44830038 1795450 1777200
0.81003217 -4.4830304 -0.50510225 1798640 1779730
0.90734958 -4.5403399 -0.5593212 1801900 1782360
1.0004609 -4.6022029 -0.61354068 1805130 1784960
1.0885796 -4.6687896 -0.68067007 1808400 1787450
1.1738082 -4.7417175 -0.73488902 1811640 1790060
1.2537582 -4.8184723 -0.79513288 1814880 1792600
1.3277451 -4.8994401 -0.86570478 1818150 1795050
1.3961778 -4.984415 -0.91992424 1821310 1797580
1.4600551 -5.0731017 -0.9732831 1824470 1800120
1.5162759 -5.160736 -1.0275021 1827500 1802520
1.5667889 -5.247814 -1.062788 1830330 1804940
1.6147086 -5.3365613 -1.0886065 1833110 1807420
1.6574881 -5.4202137 -1.1075403 1835670 1809760
1.6973435 -5.5010441 -1.1178679 1838080 1812050
1.737406 -5.5839063 -1.1230317 1840510 1814420
1.7758399 -5.6649971 -1.1333593 1842910 1816700
1.8120135 -5.7437571 -1.1471293 1845250 1818880
1.8595816 -5.8514528 -1.1626205 1848410 1821860
1.8952513 -5.9344225 -1.1669236 1850790 1824190
1.9291457 -6.0143982 -1.1729479 1853090 1826420
1.9742112 -6.1225419 -1.1789723 1856180 1829440
2.0073473 -6.2028356 -1.179833 1858450 1831700
2.039179 -6.2803469 -1.1824148 1860650 1833870
2.0696285 -6.3553175 -1.1875786 1862790 1835950
2.1006393 -6.4323346 -1.1884392 1864960 1838110
2.1415934 -6.5336685 -1.1849967 1867790 1840980
2.1702272 -6.6039948 -1.1832754 1869760 1842970
2.199034 -6.6736282 -1.1738084 1871670 1844990
2.2292358 -6.7441299 -1.1583173 1873580 1847080
2.2597134 -6.8117885 -1.1368016 1875390 1849140
2.2901545 -6.8756602 -1.115286 1877110 1851110
2.3231073 -6.9406479 -1.0877456 1878850 1853170
2.3611841 -7.0103035 -1.0533206 1880720 1855440
2.4025109 -7.0809836 -1.0300839 1882720 1857710
2.4449283 -7.1510165 -1.0223382 1884810 1859890
2.4891017 -7.2228973 -1.0171745 1886980 1862120
2.5520977 -7.3246202 -1.0154533 1890090 1865250
2.5992172 -7.4014432 -1.0257809 1892500 1867540
2.6465317 -7.4799419 -1.0309446 1894920 1869900
2.6963314 -7.5632107 -1.0326659 1897460 1872420
2.745567 -7.6465917 -1.0421328 1900040 1874890
2.7930003 -7.7283605 -1.0481571 1902540 1877320
2.8424627 -7.8140515 -1.0464358 1905110 1879910
2.8922346 -7.9004504 -1.0498784 1907730 1882490
2.9409614 -7.9854574 -1.050739 1910290 1885040
2.9915164 -8.0729542 -1.0429933 1912880 1887720
3.0441474 -8.1627903 -1.0386902 1915570 1890460
3.0953936 -8.2496615 -1.0369688 1918190 1893100
3.1476299 -8.3368342 -1.0249202 1920770 1895820
3.2015667 -8.4247719 -1.0163139 1923410 1898560
3.2548068 -8.510659 -1.0154533 1926040 1901200
3.3096489 -8.5980351 -1.0051258 1928670 1903950
3.3661737 -8.6870677 -1.0051258 1931420 1906700
3.4392633 -8.8037392 -1.0171745 1935080 1910220
3.4948649 -8.8944788 -1.0249202 1937900 1912950
3.5505118 -8.9874338 -1.0378297 1940800 1915700
3.6037612 -9.0786852 -1.0472965 1943610 1918400
3.6767374 -9.2054904 -1.0498784 1947440 1922200
3.7310219 -9.3005719 -1.0541815 1950320 1925030
3.7854165 -9.3953723 -1.0455751 1953120 1927930
3.8424516 -9.4926297 -1.0352476 1956000 1930930
3.8990009 -9.5872768 -1.0292233 1958840 1933840
3.9583011 -9.6845214 -1.0171744 1961740 1936880
4.019642 -9.7825324 -1.0059863 1964690 1939960
4.0807305 -9.8782064 -0.99910138 1967610 1942960
4.145134 -9.9765348 -0.98274947 1970580 1946120
4.2098065 -10.073534 -0.98274942 1973620 1949160
4.2743022 -10.16973 -0.97758567 1976610 1952210
4.3402205 -10.267048 -0.97328263 1979650 1955300
4.4052783 -10.363095 -0.97758573 1982700 1958300
4.4705812 -10.460133 -0.97930697 1985760 1961340
4.5370831 -10.560062 -0.98791337 1988940 1964420
4.599601 -10.656414 -1.0025439 1992020 1967330
4.6646386 -10.757984 -0.999962 1995150 1970490
4.7295913 -10.860291 -1.0102895 1998370 1973590
4.7950811 -10.965433 -1.0171746 2001640 1976780
4.8605198 -11.071508 -1.0188959 2004900 1980020
4.9231574 -11.174126 -1.0266414 2008080 1983110
4.9865954 -11.278056 -1.0188958 2011210 1986330
5.0513942 -11.383398 -1.0197564 2014440 1989550
5.1142414 -11.485665 -1.0197564 2017570 1992680
5.1790206 -11.59057 -1.0154533 2020760 1995920
5.242477 -11.693135 -1.0180352 2023920 1999050
5.3071875 -11.796728 -1.006847 2027040 2002300
5.3744101 -11.901909 -0.99738013 2030240 2005610
5.4406517 -12.003616 -0.98963449 2033360 2008820
5.5309011 -12.139103 -0.97672509 2037530 2013140
5.5989055 -12.239408 -0.97328258 2040670 2016320
5.6675996 -12.339243 -0.96295499 2043770 2019540
5.7366412 -12.437667 -0.95520942 2046860 2022720
5.8037106 -12.53138 -0.94402128 2049800 2025790
5.874669 -12.627004 -0.92078427 2052770 2029030
5.9462459 -12.720237 -0.91131747 2055780 2032150
6.0198944 -12.812336 -0.88119554 2058680 2035400
6.0949073 -12.90133 -0.85967987 2061590 2038560
6.1698387 -12.987109 -0.84590985 2064480 2041610
6.2472615 -13.07169 -0.81320588 2067280 2044790
6.3244754 -13.151997 -0.79685386 2070090 2047790
6.4028197 -13.229846 -0.76759283 2072800 2050840
6.4838279 -13.303502 -0.7082096 2075310 2054040
6.5675137 -13.37109 -0.65054762 2077780 2057180
6.6558815 -13.433432 -0.57825499 2080180 2060420
6.7435074 -13.486776 -0.51542881 2082490 2063460
6.8315285 -13.534022 -0.46981604 2084830 2066330
6.9228432 -13.577748 -0.4233418 2087200 2069240
7.0115928 -13.615507 -0.38117151 2089470 2072000
7.0967492 -13.64782 -0.3441642 2091630 2074590
7.1806926 -13.676126 -0.30629677 2093720 2077120
7.2594065 -13.700017 -0.28305988 2095730 2079400
7.3317926 -13.720263 -0.26240504 2097570 2081480
7.4012125 -13.737475 -0.22367684 2099210 2083570
7.4696112 -13.751372 -0.17720301 2100760 2085660
7.5355234 -13.761775 -0.13589293 2102260 2087640
7.596851 -13.768927 -0.096303609 2103640 2089480
7.6479215 -13.772511 -0.043805892 2104670 2091120
7.6916369 -13.773034 0.019880474 2105440 2092630
7.721312 -13.771382 0.091313213 2105800 2093820
7.7386145 -13.769127 0.16790906 2105810 2094720
7.7448025 -13.767805 0.25311027 2105480 2095380
7.7407784 -13.769071 0.35638546 2104770 2095870
7.7278076 -13.774824 0.47859571 2103690 2096210
7.7105942 -13.785267 0.61199155 2102390 2096460
7.6890274 -13.802814 0.75399493 2100840 2096560
7.6668978 -13.826749 0.89513903 2099170 2096530
7.6462705 -13.856545 1.0354198 2097410 2096400
7.6284235 -13.892213 1.1782838 2095540 2096190
7.6152655 -13.931889 1.3228705 2093610 2095940
7.6081118 -13.9721 1.4665937 2091710 2095710
7.6067993 -14.010619 1.6068771 2089890 2095520
7.6105527 -14.046857 1.7411336 2088160 2095350
7.6214576 -14.089194 1.9046526 2086070 2095160
7.6352897 -14.121859 2.0380503 2084370 2095010
7.6403095 -14.131134 2.0957117 2083760 2095070
7.6377629 -14.126848 2.1180881 2083760 2095330
7.628157 -14.111145 2.1215305 2084220 2095830
7.6124359 -14.085471 2.1189488 2085020 2096600
7.5918513 -14.05221 2.1309974 2085970 2097690
7.5659673 -14.012776 2.1723075 2086960 2099160
7.5340392 -13.969136 2.2325514 2088020 2100920
7.4953604 -13.922245 2.2884925 2089280 2102830
7.4516299 -13.874152 2.3289419 2090740 2104760
7.4019257 -13.823527 2.3650882 2092380 2106820
7.3446941 -13.769348 2.402095 2094220 2109090
7.2825405 -13.714011 2.4261925 2096250 2111400
7.2185523 -13.659319 2.4425443 2098350 2113690
7.1512855 -13.603459 2.454593 2100560 2116040
7.0770559 -13.542781 2.4580355 2103040 2118560
7.0016616 -13.480499 2.4442654 2105670 2121030
6.9257277 -13.41588 2.4287742 2108360 2123540
6.8475188 -13.347148 2.4124223 2111170 2126160
6.7704442 -13.277146 2.3960704 2113980 2128780
6.6932661 -13.205272 2.3874641 2116780 2131480
6.6118204 -13.128701 2.3866035 2119700 2134390
6.5316455 -13.052738 2.3797185 2122620 2137230
6.453007 -12.97628 2.3607845 2125590 2139980
6.3709639 -12.892644 2.3323837 2128810 2142870
6.292664 -12.807568 2.297098 2132030 2145680
6.2159937 -12.717969 2.2600913 2135320 2148540
6.1396485 -12.623858 2.2446001 2138570 2151610
6.0676132 -12.531705 2.2239448 2141740 2154540
5.9959163 -12.435197 2.1955442 2145040 2157510
5.9267186 -12.337116 2.174889 2148290 2160520
5.8617754 -12.238915 2.1353003 2151590 2163360
5.7987033 -12.136112 2.1068997 2154900 2166340
5.7379853 -12.031679 2.0879658 2158160 2169380
5.6793391 -11.924755 2.0569834 2161520 2172380
5.6227462 -11.815865 2.0432134 2164800 2175500
5.5688763 -11.708169 2.0260008 2168040 2178540
5.5166308 -11.598825 2.0070672 2171310 2181590
5.4650653 -11.4881 2.0062064 2174500 2184770
5.4152163 -11.377855 1.9846909 2177780 2187800
5.3664867 -11.26627 1.9803877 2180980 2190950
5.3179073 -11.153578 1.975224 2184210 2194120
5.2544496 -11.004077 1.9691998 2188480 2198320
5.2052893 -10.890172 1.9872729 2191610 2201660
5.1546631 -10.776912 1.9950184 2194800 2204940
5.10151 -10.662907 2.0191161 2197940 2208360
5.0457315 -10.548456 2.0294435 2201200 2211740
4.9881485 -10.434686 2.0492379 2204410 2215180
4.9297638 -10.324787 2.0690324 2207540 2218540
4.8498436 -10.179669 2.07936 2211800 2222920
4.7672994 -10.034261 2.0948511 2216070 2227370
4.7047353 -9.9255792 2.0914088 2219360 2230620
4.6402142 -9.8151527 2.1077605 2222600 2234050
4.5745422 -9.7045124 2.1051786 2225970 2237390
4.5066695 -9.591388 2.1172274 2229340 2240900
4.4171566 -9.4440697 2.1163668 2233840 2245390
4.3487584 -9.331937 2.1206699 2237240 2248840
4.2794692 -9.2190006 2.1215304 2240690 2252300
4.2096216 -9.1039356 2.111203 2244260 2255750
4.117876 -8.9510217 2.111203 2248910 2260400
4.0490715 -8.8351039 2.1017361 2252480 2263860
3.980774 -8.718445 2.0991543 2256020 2267370
3.9145672 -8.6014647 2.0724747 2259680 2270720
3.8505296 -8.4824126 2.0561226 2263300 2274150
3.7896912 -8.362339 2.023419 2267000 2277470
3.730909 -8.2389051 2.0070671 2270660 2280940
3.6733784 -8.1138282 1.9967397 2274310 2284470
3.6176368 -7.9894119 1.9872728 2277920 2287970
3.562669 -7.8648598 1.9855513 2281480 2291510
3.5092495 -7.7400544 1.9648965 2285140 2294930
3.4564948 -7.6128877 1.963175 2288740 2298510
3.4058813 -7.4869185 1.9425201 2292400 2301930
3.3581574 -7.3622883 1.9304714 2295950 2305340
3.3110537 -7.2333305 1.9115377 2299640 2308810
3.2667535 -7.1039893 1.8900219 2303330 2312250
3.2234045 -6.9715016 1.8839976 2307000 2315850
3.1824628 -6.8416615 1.8685063 2310640 2319310
3.1288432 -6.6663695 1.8667851 2315430 2324080
3.0903604 -6.5365794 1.8512938 2319050 2327520
3.0407616 -6.3632965 1.8478513 2323770 2332200
3.0048105 -6.2347724 1.8392451 2327300 2335630
2.9566346 -6.0616843 1.8452695 2331950 2340350
2.9192595 -5.9323703 1.8590397 2335380 2343940
2.8795598 -5.804554 1.8848583 2338720 2347580
2.8386398 -5.680753 1.8951859 2342060 2351040
2.7959817 -5.5567287 1.9089558 2345400 2354540
2.7508797 -5.4297007 1.9149802 2348880 2358090
2.7068476 -5.3063598 1.9123984 2352310 2361490
2.6615778 -5.1804085 1.9192832 2355760 2365020
2.6167084 -5.0557395 1.913259 2359250 2368440
2.5718853 -4.9318689 1.9227257 2362630 2371930
2.5273737 -4.8095178 1.9167014 2366060 2375290
2.4838561 -4.6892548 1.9192833 2369380 2378640
2.4383936 -4.5656165 1.9270289 2372770 2382120
2.3940486 -4.4456548 1.9227259 2376130 2385430
2.3494819 -4.3255707 1.9296107 2379430 2388810
2.3058333 -4.2078047 1.9218652 2382750 2392040
2.2627379 -4.0904478 1.9235865 2386000 2395310
2.2176816 -3.9695229 1.931332 2389320 2398720
2.1738799 -3.8524277 1.9261684 2392610 2401950
2.1297418 -3.7350492 1.9347745 2395830 2405270
2.0856907 -3.6186626 1.9304715 2399100 2408490
2.0416759 -3.5026735 1.9364958 2402300 2411760
1.9968681 -3.3859597 1.9382171 2405550 2415030
1.9534733 -3.2721953 1.9321927 2408760 2418170
1.9091959 -3.1567144 1.9416595 2411930 2421450
1.8649765 -3.0418286 1.9347746 2415180 2424620
1.8064211 -2.8891088 1.9390777 2419420 2428910
1.7631866 -2.7769258 1.938217 2422560 2432040
1.720319 -2.6643982 1.9313321 2425740 2435140
1.676594 -2.5493221 1.9364957 2428920 2438380
1.6335176 -2.4346172 1.9235864 2432190 2441500
1.5916636 -2.3210941 1.9244471 2435340 2444660
1.548884 -2.2062795 1.9304714 2438500 2447890
1.5066942 -2.0934935 1.927029 2441660 2451010
1.4630141 -1.9777865 1.9364958 2444830 2454290
1.4197177 -1.863986 1.9321927 2448030 2457440
1.3770627 -1.7515802 1.9347746 2451150 2460590
1.3334529 -1.637694 1.9382171 2454310 2463790
1.2909146 -1.5254503 1.9278896 2457500 2466860
1.2495314 -1.4148205 1.9296108 2460570 2469950
1.2088526 -1.3043384 1.917562 2463710 2472950
1.1707362 -1.1963961 1.9029314 2466780 2475850
1.1335057 -1.0887548 1.9046526 2469740 2478830
1.0982068 -0.98612663 1.8994889 2472600 2481630
1.0652572 -0.88938233 1.8986284 2475270 2484290
1.0326287 -0.79556934 1.9123983 2477780 2486960
1.0006404 -0.70620801 1.9167014 2480230 2489460
0.96977939 -0.62194364 1.9270289 2482510 2491860
0.93802912 -0.53924149 1.947684 2484700 2494290
0.90554636 -0.45909572 1.9640359 2486860 2496640
0.87305674 -0.38144034 1.9700604 2489020 2498870
0.84030884 -0.30556317 1.9864122 2491080 2501120
0.80681195 -0.23190451 2.0087885 2493060 2503360
0.77359508 -0.16192148 2.019116 2495020 2505440
0.74101057 -0.094399281 2.0216979 2496960 2507410
0.708468 -0.028349164 2.0354681 2498800 2509410
0.67544042 0.035737274 2.0578442 2500550 2511420
0.64241484 0.097008562 2.0724749 2502280 2513320
0.60961891 0.15643793 2.0776386 2504020 2515120
0.57716465 0.21430274 2.0862449 2505700 2516900
0.54492561 0.27008363 2.1034574 2507280 2518680
0.5126728 0.32363073 2.1223913 2508800 2520420
0.48130531 0.37412168 2.1309974 2510300 2522020
0.45020447 0.42342289 2.1361612 2511790 2523570
0.41901375 0.47221273 2.1430462 2513260 2525120
0.3879096 0.51968823 2.1585375 2514650 2526690
0.35711024 0.56506228 2.17575 2515980 2528220
0.3171923 0.62184905 2.1912414 2517700 2530120
0.2879731 0.66247973 2.1972657 2518970 2531460
0.2590573 0.70214585 2.2041507 2520210 2532780
0.23029145 0.74097093 2.212757 2521420 2534090
0.20228327 0.77796839 2.2248058 2522560 2535370
0.17514019 0.81297049 2.2359939 2523650 2536590
0.14930346 0.84558679 2.2454608 2524680 2537730
0.12428398 0.87664623 2.2523458 2525680 2538810
0.099830324 0.90668443 2.2557883 2526670 2539840
0.075734879 0.93602384 2.260952 2527630 2540860
0.05208784 0.96449106 2.2669765 2528560 2541860
0.028381472 0.99265782 2.2738614 2529480 2542860
0.0058165124 1.0190277 2.2833284 2530330 2543820
-0.016103549 1.0441803 2.2919346 2531150 2544740
-0.036575885 1.0672875 2.2996803 2531910 2545590
-0.062613305 1.0962214 2.3074259 2532880 2546650
-0.080698865 1.1160597 2.3125897 2533550 2547380
-0.09822854 1.1351065 2.3168928 2534200 2548080
-0.11505744 1.1532347 2.3211959 2534820 2548750
-0.13117783 1.1704504 2.325499 2535410 2549390
-0.14658233 1.1867604 2.3298022 2535970 2550000
-0.16099851 1.201893 2.3341053 2536490 2550570
-0.1746828 1.2161342 2.3384085 2536980 2551110
-0.1873604 1.2292145 2.3427116 2537430 2551610
-0.19888295 1.2410113 2.3461541 2537840 2552060
-0.20950941 1.2518068 2.3504571 2538210 2552480
-0.22345571 1.2660605 2.3401297 2538790 2552940
-0.23700445 1.2804304 2.3134503 2539460 2553300
-0.25589568 1.3018643 2.2730004 2540440 2553810
-0.27976343 1.3313898 2.2282478 2541690 2554540
-0.30794102 1.3696959 2.181774 2543200 2555510
-0.33987417 1.4173114 2.141325 2544930 2556770
-0.37342185 1.4714155 2.1103423 2546770 2558250
-0.40835386 1.5307311 2.0957116 2548650 2559960
-0.44436619 1.5938531 2.0828021 2550620 2561780
-0.48108108 1.6614112 2.0544017 2552790 2563620
-0.51806983 1.734026 2.0294435 2555060 2565600
-0.55485046 1.8097434 2.016534 2557330 2567720
-0.59207025 1.888862 2.0044853 2559680 2569930
-0.6289103 1.9709004 1.9812483 2562160 2572140
-0.66588107 2.0572763 1.9691996 2564680 2574520
-0.70437932 2.1486301 1.9700602 2567260 2577110
-0.74278922 2.240436 1.9640358 2569890 2579670
-0.78069717 2.3332782 1.9528477 2572570 2582220
-0.81912747 2.4288063 1.9537084 2575250 2584910
-0.8572639 2.5252783 1.9407988 2578030 2587540
-0.89355058 2.6210262 1.9253077 2580790 2590120
-0.92946907 2.7179359 1.9261682 2583480 2592820
-0.97600791 2.8468948 1.908095 2587160 2596290
-1.0087301 2.9422984 1.8943251 2589870 2598840
-1.0419103 3.0413935 1.8934644 2592600 2601560
-1.0745095 3.140882 1.8814157 2595400 2604220
-1.1058486 3.2399715 1.8728095 2598160 2606880
-1.1374049 3.3408031 1.8753912 2600900 2609650
-1.1687651 3.4426977 1.8633425 2603750 2612360
-1.1985263 3.5430728 1.8547363 2606530 2615040
-1.2290102 3.647033 1.8573181 2609340 2617880
-1.2591003 3.7503081 1.8512938 2612180 2620650
-1.2889855 3.8530449 1.8564576 2614940 2623470
-1.3223111 3.9621601 1.8779734 2617790 2626570
-1.3579466 4.0715506 1.8934647 2620700 2629660
-1.3953183 4.1797507 1.9132589 2623570 2632760
-1.4354485 4.289617 1.9287502 2626530 2635900
-1.4759321 4.3981266 1.9270289 2629560 2638910
-1.51835 4.5091864 1.9442415 2632560 2642110
-1.5760117 4.6569068 1.9416597 2636710 2646230
-1.6188941 4.765933 1.9494052 2639720 2649330
-1.6635502 4.8765244 1.9597327 2642770 2652500
-1.7091887 4.9877523 1.9605936 2645900 2655640
-1.7570884 5.1007353 1.9829697 2648970 2658970
-1.805511 5.211617 1.982109 2652130 2662120
-1.8526078 5.3203547 1.9769453 2655250 2665180
-1.900293 5.4317629 1.9735028 2658430 2668320
-1.9456905 5.5426751 1.9451019 2661720 2671280
-1.9884978 5.65461 1.9270289 2664950 2674300
-2.029225 5.766709 1.9115375 2668150 2677320
-2.0681135 5.8794579 1.8943251 2671360 2680330
-2.1069164 5.9956781 1.8917431 2674570 2683510
-2.1448535 6.1129904 1.8753913 2677880 2686630
-2.1806473 6.2273622 1.8728095 2681020 2689740
-2.2173639 6.3448598 1.8745307 2684220 2692960
-2.2533371 6.4613861 1.8659245 2687450 2696090
-2.2893561 6.5795017 1.8676456 2690660 2699320
-2.3249725 6.6979395 1.8581787 2693940 2702490
-2.3581738 6.8118931 1.8504332 2697080 2705540
-2.3926738 6.9312598 1.8538756 2700300 2708800
-2.4259276 7.0483906 1.8409662 2703550 2711900
-2.4578686 7.1650911 1.8349418 2706740 2715020
-2.4887034 7.282089 1.8220323 2709970 2718100
-2.5165182 7.3953046 1.8013774 2713130 2721020
-2.5436202 7.5130261 1.7927711 2716330 2724120
-2.56923 7.6304925 1.7781405 2719550 2727170
-2.5923421 7.7429988 1.7686737 2722600 2730110
-2.6153633 7.8588513 1.7652311 2725700 2733170
-2.6374945 7.973314 1.7583462 2728780 2736170
-2.659948 8.0902531 1.7626493 2731860 2739300
-2.6824102 8.2056281 1.7635099 2734920 2742370
-2.7038863 8.3167021 1.7600674 2737890 2745300
-2.7256655 8.4290845 1.7643705 2740850 2748310
-2.7543761 8.5772335 1.7600674 2744810 2752220
-2.7753 8.6864599 1.7600674 2747710 2755120
-2.7969045 8.7969229 1.767813 2750600 2758100
-2.818475 8.904266 1.7703951 2753440 2760970
-2.8412446 9.011359 1.7901893 2756180 2763940
-2.8662274 9.1173686 1.8142872 2758880 2766920
-2.9024946 9.2507768 1.8581793 2762230 2770780
-2.9339904 9.3476009 1.9123988 2764570 2773750
-2.9691965 9.4388349 1.9657578 2766810 2776610
-3.007485 9.5227425 2.0320261 2768830 2779400
-3.0508137 9.6019821 2.1103424 2770730 2782210
-3.0971016 9.6734353 2.1809138 2772540 2784840
-3.1477629 9.7411402 2.2454608 2774370 2787420
-3.2032682 9.8054426 2.3203359 2776150 2790070
-3.2601443 9.8627281 2.3848823 2777880 2792550
-3.3172301 9.9133776 2.4468481 2779510 2794900
-3.3743421 9.9576924 2.5165581 2780990 2797190
-3.4286365 9.9941274 2.5845482 2782300 2799290
-3.4775661 10.02251 2.6473741 2783410 2801130
-3.5176284 10.042284 2.7188054 2784160 2802710
-3.5493281 10.054936 2.8048689 2784550 2804100
-3.5739475 10.06229 2.8978169 2784680 2805310
-3.589755 10.065379 2.9993696 2784510 2806320
-3.5962497 10.065946 3.1095298 2784040 2807130
-3.5935662 10.066022 -3.0531664 2783270 2807760
-3.5818229 10.067874 -2.9171874 2782170 2808240
-3.5662263 10.072605 -2.7769053 2780930 2808630
-3.5462352 10.081912 -2.6349019 2779530 2808880
-3.5230978 10.09698 -2.4937591 2777990 2808980
-3.4988823 10.118224 -2.3491752 2776310 2808980
-3.4737916 10.147983 -2.1934018 2774390 2808870
-3.4514673 10.184902 -2.0359057 2772350 2808660
-3.4347259 10.225702 -1.8844369 2770320 2808390
-3.423721 10.269597 -1.7484567 2768350 2808000
-3.4182779 10.316259 -1.6253874 2766410 2807490
-3.4179834 10.3594 -1.5298587 2764730 2806920
-3.4209661 10.398018 -1.4575661 2763300 2806330
-3.4247326 10.424598 -1.4024856 2762280 2805950
-3.4285843 10.443968 -1.3465451 2761440 2805760
-3.4280059 10.441543 -1.3267509 2761390 2805940
-3.4223729 10.418838 -1.3284722 2762010 2806540
-3.4154276 10.389941 -1.3413815 2762860 2807240
-3.406926 10.351759 -1.3620366 2764000 2808140
-3.3976633 10.305898 -1.3809705 2765330 2809250
-3.3868305 10.247063 -1.3964616 2766980 2810720
-3.3748424 10.178303 -1.399904 2768820 2812520
-3.361673 10.103717 -1.3921585 2770750 2814540
-3.3475007 10.025803 -1.3895766 2772800 2816620
-3.3326432 9.9439215 -1.393019 2774990 2818770
-3.3163714 9.8574275 -1.3766672 2777190 2821160
-3.2912925 9.7400417 -1.3439634 2780130 2824480
-3.2700962 9.649099 -1.3396603 2782540 2826940
-3.2474717 9.5551428 -1.3293326 2785000 2829520
-3.2227642 9.4573564 -1.3172841 2787560 2832220
-3.1971322 9.3566409 -1.3258902 2790320 2834880
-3.1711796 9.2510619 -1.3336358 2793200 2837670
-3.1449547 9.1435777 -1.3293327 2796060 2840580
-3.1191048 9.0354089 -1.3431028 2799040 2843400
-3.0935906 8.9242097 -1.3474059 2802040 2846350
-3.0682624 8.8131635 -1.3456846 2805000 2849330
-3.0436929 8.7021434 -1.3603153 2808050 2852210
-3.0194064 8.5887056 -1.3594548 2811070 2855240
-2.9956087 8.4751666 -1.3689216 2814150 2858210
-2.9733407 8.3603384 -1.3895768 2817320 2861140
-2.9530526 8.2451456 -1.4033468 2820450 2864110
-2.9351674 8.1313028 -1.4265835 2823590 2866980
-2.9192751 8.0144526 -1.4446567 2826770 2869950
-2.9041052 7.8944147 -1.4455174 2829930 2873100
-2.8897505 7.7750501 -1.4567055 2833130 2876170
-2.8758381 7.6567892 -1.4506811 2836200 2879310
-2.8615861 7.5374124 -1.453263 2839350 2882430
-2.8480155 7.4162171 -1.4653116 2842600 2885540
-2.8341463 7.2923564 -1.453263 2845780 2888860
-2.8200245 7.1714184 -1.4558448 2848970 2892020
-2.805454 7.0493737 -1.448099 2852130 2895270
-2.7886916 6.9245169 -1.4265835 2855290 2898680
-2.7693192 6.7994538 -1.4076493 2858480 2902090
-2.7456548 6.6739616 -1.3611757 2861540 2905690
-2.7184727 6.5521307 -1.3413815 2864680 2909060
-2.6878674 6.4271598 -1.3198658 2867910 2912540
-2.6560514 6.3034828 -1.3181447 2871230 2915880
-2.6254418 6.1816752 -1.3310539 2874580 2919080
-2.5954187 6.0611046 -1.3224477 2877770 2922370
-2.5645945 5.9395502 -1.3224477 2881040 2925640
-2.5319603 5.8146986 -1.3078171 2884320 2929090
-2.4968587 5.6909155 -1.2811374 2887520 2932600
-2.4592586 5.5702789 -1.2561795 2890670 2936040
-2.4186916 5.4530382 -1.2191725 2893690 2939490
-2.3744577 5.3365157 -1.1967963 2896810 2942870
-2.3267276 5.2195153 -1.1701168 2899950 2946320
-2.2778787 5.1075642 -1.1486009 2903010 2949630
-2.2254093 4.9942994 -1.125364 2906130 2953020
-2.1682335 4.8790402 -1.0952423 2909310 2956550
-2.109163 4.7677681 -1.070284 2912450 2959980
-2.0479489 4.6578829 -1.0547929 2915640 2963350
-1.9882543 4.5528618 -1.0530716 2918780 2966510
-1.9276455 4.4441731 -1.0711451 2922130 2969650
-1.8695072 4.3332778 -1.1047097 2925590 2972720
-1.8177662 4.2236943 -1.1546259 2929040 2975590
-1.7703874 4.1104906 -1.1942147 2932470 2978560
-1.7280389 3.9977666 -1.2286394 2935810 2981500
-1.6878638 3.8801872 -1.2544583 2939200 2984590
-1.6493037 3.761869 -1.2570401 2942460 2987820
-1.6128751 3.6481002 -1.2647857 2945620 2990890
-1.5763289 3.5315514 -1.269089 2948830 2994050
-1.5300041 3.3782914 -1.2854408 2953100 2998130
-1.4974932 3.2611513 -1.3147021 2956440 3001130
-1.4677166 3.1430887 -1.3327752 2959720 3004200
-1.4415542 3.0253512 -1.3715034 2963090 3007120
-1.4186621 2.9053723 -1.3930191 2966400 3010180
-1.398249 2.7870868 -1.4067891 2969610 3013230
-1.3799469 2.670591 -1.423141 2972780 3016210
-1.3610229 2.5514744 -1.4033464 2975810 3019470
-1.3395247 2.4318236 -1.3826916 2978860 3022760
-1.3143892 2.3119016 -1.3456841 2981840 3026170
-1.2845728 2.196819 -1.2888833 2984610 3029600
-1.2494743 2.0840378 -1.2492945 2987460 3032910
-1.2096667 1.9718124 -1.2105661 2990340 3036240
-1.1677725 1.8642523 -1.18819 2993220 3039380
-1.1242163 1.757352 -1.1795836 2996180 3042440
-1.0799186 1.6513824 -1.1701168 2999120 3045490
-1.034745 1.5447389 -1.1701169 3002140 3048510
-0.98811721 1.4341327 -1.1735593 3005290 3051620
-0.94166462 1.3240744 -1.1692562 3008380 3054760
-0.89550036 1.2153528 -1.1692561 3011460 3057840
-0.84688595 1.1028844 -1.1563468 3014580 3061110
-0.79735778 0.99186176 -1.1460192 3017690 3064340
-0.74585589 0.87941928 -1.1365524 3020860 3067620
-0.69384817 0.76890157 -1.1253642 3023980 3070870
-0.64299709 0.66144247 -1.1322493 3027120 3073930
-0.59049929 0.54734473 -1.1468802 3030480 3077120
-0.54190082 0.43570542 -1.1735593 3033810 3080140
-0.47995415 0.28329395 -1.1959356 3038230 3084300
-0.43485997 0.16854141 -1.1967963 3041450 3087510
-0.38946534 0.052878106 -1.1967961 3044690 3090750
-0.34289048 -0.063141815 -1.1813049 3047860 3094100
-0.29813157 -0.17099641 -1.1735593 3050860 3097190
-0.25119014 -0.28168069 -1.1658136 3053950 3100370
-0.2030322 -0.39309309 -1.1597893 3057080 3103570
-0.15583344 -0.5034581 -1.1735593 3060290 3106620
-0.10815794 -0.6182013 -1.1804444 3063570 3109820
-0.06308138 -0.7292431 -1.1899113 3066750 3112890
-0.016844872 -0.84601599 -1.1976569 3070070 3116120
0.030160191 -0.9641355 -1.1864687 3073320 3119500
0.075953177 -1.0777832 -1.1890506 3076530 3122680
0.1226841 -1.1933281 -1.1838869 3079750 3125960
0.18396854 -1.3458005 -1.1933539 3084090 3130190
0.2306664 -1.4663067 -1.2088451 3087550 3133470
0.27451384 -1.5844079 -1.2217546 3090910 3136680
0.31634498 -1.7020166 -1.2363851 3094250 3139850
0.37105331 -1.8612341 -1.2432701 3098680 3144200
0.41021498 -1.9791549 -1.25704 3102000 3147360
0.44955985 -2.0988314 -1.2492945 3105240 3150690
0.48776469 -2.2140369 -1.2518764 3108420 3153840
0.52567423 -2.3315594 -1.2656464 3111720 3156980
0.56272681 -2.4511639 -1.2751135 3115040 3160190
0.59707169 -2.5691768 -1.3000714 3118390 3163250
0.62927402 -2.6885881 -1.3147021 3121700 3166390
0.6599399 -2.8080073 -1.324169 3124970 3169550
0.69081859 -2.9340944 -1.3370784 3128430 3172860
0.72126332 -3.0602882 -1.331054 3131780 3176280
0.75090584 -3.1829254 -1.3362178 3135100 3179540
0.78040988 -3.3036241 -1.3258902 3138280 3182840
0.80944539 -3.4179184 -1.3181446 3141310 3185960
0.84860888 -3.5688107 -1.3155627 3145360 3190040
0.87764575 -3.6785476 -1.3086777 3148280 3193040
0.9059869 -3.7850987 -1.3129808 3151180 3195890
0.93471294 -3.8925384 -1.3060957 3154040 3198830
0.96406123 -3.9988155 -1.296629 3156860 3201760
0.99370024 -4.1056078 -1.3035139 3159790 3204610
1.0241678 -4.2157532 -1.2983502 3162740 3207620
1.0547611 -4.3278537 -1.3103991 3165840 3210580
1.0842802 -4.4430129 -1.3293327 3169050 3213570
1.1129791 -4.5597643 -1.3301934 3172190 3216700
1.1404553 -4.6736534 -1.337939 3175290 3219710
1.1676128 -4.7886055 -1.3396603 3178380 3222780
1.1946768 -4.9033827 -1.3387996 3181450 3225860
1.2215374 -5.0184045 -1.3439634 3184560 3228910
1.2482737 -5.1342437 -1.3439634 3187660 3232010
1.2749168 -5.2499066 -1.3448242 3190760 3235100
1.3101759 -5.4102095 -1.3637578 3195150 3239270
1.3352715 -5.5322939 -1.3723642 3198450 3242470
1.358411 -5.6530051 -1.3904372 3201760 3245570
1.3810314 -5.7738174 -1.3809704 3204910 3248830
1.4038668 -5.8932199 -1.3826916 3208090 3251990
1.4267494 -6.0145667 -1.3861341 3211330 3255190
1.4494977 -6.1337921 -1.3783885 3214450 3258400
1.471513 -6.2508157 -1.3912978 3217630 3261430
1.4931136 -6.3692788 -1.3895766 3220760 3264580
1.5143698 -6.4893635 -1.4016254 3224010 3267690
1.5327265 -6.6099267 -1.4377718 3227400 3270660
1.5479445 -6.7303451 -1.4524025 3230650 3273740
1.5609629 -6.8498628 -1.4721968 3233900 3276760
1.573023 -6.9696748 -1.4687542 3237020 3279920
1.5865083 -7.0901078 -1.4498204 3240070 3283190
1.6062891 -7.2460916 -1.4394928 3244110 3287350
1.6227307 -7.3624773 -1.4214199 3247070 3290520
1.6393634 -7.4780598 -1.4343292 3250190 3293490
1.6554846 -7.5954581 -1.4343292 3253280 3296580
1.6765742 -7.7495287 -1.4351898 3257340 3300630
1.6919828 -7.8639288 -1.4386322 3260370 3303620
1.7078193 -7.9796232 -1.4308867 3263370 3306710
1.7236083 -8.0957133 -1.4403535 3266480 3309710
1.739095 -8.2110681 -1.4343292 3269480 3312780
1.7554876 -8.3253313 -1.4222805 3272420 3315860
1.7718977 -8.4376524 -1.4291654 3275420 3318780
1.7883226 -8.5524922 -1.4283049 3278440 3321810
1.8044048 -8.6677654 -1.4360504 3281520 3324800
1.8192713 -8.7818494 -1.446378 3284580 3327740
1.8342618 -8.8972719 -1.4369112 3287560 3330830
1.8489315 -9.0106069 -1.4472386 3290600 3333750
1.8622701 -9.1252657 -1.4627299 3293700 3336670
1.8731892 -9.2361357 -1.4825248 3296720 3339460
1.8799283 -9.3461834 -1.5367437 3299910 3342020
1.8811021 -9.4547072 -1.5832179 3303010 3344580
1.8778751 -9.563572 -1.6176431 3306050 3347220
1.8705219 -9.6689687 -1.6632562 3309070 3349710
1.8592884 -9.7690075 -1.7019844 3311920 3352110
1.8389024 -9.9010906 -1.745876 3315660 3355340
1.8201923 -9.9960984 -1.7846042 3318410 3357640
1.7989182 -10.084659 -1.8284961 3321040 3359760
1.7744069 -10.16919 -1.8775523 3323620 3361770
1.7477097 -10.246591 -1.9283288 3326050 3363610
1.7207331 -10.312416 -1.9911546 3328270 3365100
1.6822443 -10.387494 -2.0978723 3331090 3366680
1.6519842 -10.434603 -2.185657 3333060 3367630
1.6239474 -10.470854 -2.2725803 3334760 3368320
1.6011702 -10.495495 -2.3612248 3336150 3368680
1.5831224 -10.511844 -2.4498694 3337300 3368800
1.5745657 -10.518331 -2.5359312 3338080 3368580
1.5755373 -10.517715 -2.6168301 3338520 3368080
1.58656 -10.511897 -2.6951471 3338650 3367300
1.6075037 -10.502841 -2.7717429 3338500 3366260
1.6348888 -10.493439 -2.8500599 3338200 3365050
1.6712933 -10.484102 -2.9309595 3337690 3363600
1.7149434 -10.476581 -3.010997 3337000 3361980
1.7821851 -10.470737 -3.098781 3335750 3359710
1.835671 -10.46962 3.1405124 3334610 3358060
1.8935708 -10.47058 3.1095298 3333280 3356370
1.9571564 -10.473661 3.076826 3331810 3354520
2.0486089 -10.482166 3.0208853 3329740 3351800
2.116941 -10.491951 2.977854 3328190 3349750
2.1860582 -10.505181 2.9270765 3326650 3347620
2.255487 -10.522354 2.8711363 3325110 3345430
2.324461 -10.543344 2.8212199 3323520 3343260
2.3907092 -10.56708 2.7738849 3321960 3341150
2.4563511 -10.5945 2.7179439 3320430 3338970
2.5217944 -10.627399 2.6336025 3319010 3336570
2.5829102 -10.665282 2.5397951 3317680 3334150
2.6389504 -10.707846 2.4442655 3316400 3331760
2.6916766 -10.756737 2.3435722 3315110 3329300
2.7387476 -10.80982 2.2489026 3313810 3326900
2.7902323 -10.880254 2.1550944 3312080 3324080
2.8237018 -10.934181 2.0974326 3310760 3322090
2.8545766 -10.990072 2.0535408 3309350 3320170
2.8832099 -11.046284 2.0303041 3307840 3318390
2.9102814 -11.101349 2.0251403 3306270 3316760
2.9367327 -11.155862 2.0199766 3304720 3315150
2.9623388 -11.20993 2.0062066 3303240 3313510
2.9857773 -11.261412 1.9898546 3301860 3311940
3.0059993 -11.307609 1.9769452 3300620 3310550
3.0211496 -11.343047 1.9726421 3299640 3309520
3.0305799 -11.365291 1.9709209 3299020 3308880
3.0323725 -11.369529 1.9709209 3298900 3308760
3.0268452 -11.356461 1.9709209 3299270 3309130
3.0144211 -11.327155 1.9726422 3300090 3309970
2.9968232 -11.28609 1.9786667 3301220 3311170
2.9726685 -11.231358 1.994158 3302690 3312820
2.9416816 -11.164142 2.0113704 3304520 3314850
2.9064914 -11.090001 2.0165341 3306630 3317020
2.8672847 -11.008218 2.019116 3308980 3319400
2.8246004 -10.9213 2.0354679 3311410 3322020
2.7788261 -10.829493 2.0311646 3314110 3324670
2.7319497 -10.732887 2.0139522 3317010 3327370
2.6823636 -10.628648 2.0156734 3320010 3330390
2.6321762 -10.521725 2.0036247 3323160 3333400
2.5822985 -10.412544 1.9950184 3326340 3336480
2.530858 -10.300071 2.0044852 3329510 3339760
2.4797376 -10.188298 1.9950184 3332770 3342910
2.4121968 -10.042286 2.0130916 3336860 3347210
2.3610906 -9.935798 2.0234191 3339880 3350350
2.3077354 -9.8291311 2.0457954 3342860 3353590
2.2511063 -9.7224257 2.0716142 3345860 3356890
2.1910255 -9.6147613 2.0879661 3348980 3360200
2.1282299 -9.5064337 2.1043181 3352150 3363560
2.0646196 -9.3994768 2.1103424 3355360 3366840
2.000761 -9.2919969 2.1034574 3358660 3370060
1.9362042 -9.1827004 2.1051784 3361960 3373380
1.87187 -9.0712769 2.0836629 3365440 3376610
1.8089494 -8.9579513 2.0716141 3368890 3379920
1.7473987 -8.8438759 2.0595653 3372340 3383230
1.6866934 -8.7280492 2.0475167 3375820 3386570
1.6285788 -8.6126133 2.0268612 3379310 3389820
1.5753369 -8.4973832 1.9803878 3382890 3392860
1.5268533 -8.3796541 1.9425198 3386430 3395960
1.4829362 -8.2597406 1.9012101 3390000 3399050
1.4307002 -8.0986855 1.8676456 3394610 3403270
1.3937562 -7.9756411 1.8573181 3398020 3406560
1.3586198 -7.8544637 1.8487119 3401360 3409800
1.323376 -7.7303235 1.84613 3404740 3413150
1.2905449 -7.6081016 1.8203109 3408190 3416300
1.2619321 -7.4873868 1.7867468 3411620 3419340
1.2380298 -7.3654539 1.7419937 3415120 3422320
1.2161533 -7.201815 1.665398 3419870 3426180
1.2070374 -7.0719379 1.6163423 3423550 3429290
1.2038812 -6.9429316 1.574172 3427160 3432410
1.2056163 -6.8135123 1.5406075 3430730 3435590
1.2103782 -6.6851298 1.5268374 3434160 3438860
1.2172032 -6.5595298 1.5061825 3437560 3442020
1.2252296 -6.4320784 1.5096251 3440870 3445370
1.2315093 -6.3097116 1.5294198 3443950 3448680
1.2343598 -6.1874098 1.5655664 3446930 3452080
1.2311621 -6.0653085 1.6283924 3449750 3455630
1.2127665 -5.9087703 1.747158 3453170 3460430
1.186045 -5.7945025 1.8538767 3455610 3464110
1.1488771 -5.6886668 1.9631764 3457900 3467670
1.0996169 -5.5870365 2.0810821 3460160 3471300
1.0177678 -5.4614006 2.2153388 3463290 3475990
0.94557298 -5.3755473 2.3246392 3465580 3479550
0.86785124 -5.2995239 2.4098412 3467920 3482880
0.78353307 -5.2293807 2.4855761 3470340 3486180
0.69504971 -5.1648977 2.5380738 3472890 3489340
0.60614099 -5.1060631 2.5759417 3475450 3492340
0.5140924 -5.0496619 2.6077847 3478080 3495340
0.42180358 -4.9962876 2.6267186 3480750 3498230
0.32916223 -4.9454926 2.653398 3483350 3501140
0.23343013 -4.8960171 2.6757741 3486030 3504080
0.13744293 -4.8470361 2.6637253 3488910 3506820
0.038589035 -4.7944285 2.641349 3491960 3509610
-0.062100039 -4.7364269 2.5965957 3495250 3512380
-0.15777833 -4.6732309 2.5191392 3498690 3514920
-0.24797608 -4.602745 2.4373805 3502150 3517430
-0.33214067 -4.5240262 2.3418509 3505710 3519880
-0.40427219 -4.4414012 2.2351322 3509190 3522120
-0.48635113 -4.3182129 2.0819417 3513940 3525090
-0.53588885 -4.2192843 1.9881334 3517370 3527430
-0.57575367 -4.1146387 1.8814147 3520910 3529730
-0.60453403 -4.0056263 1.7764184 3524460 3532060
-0.62261197 -3.8914256 1.6791685 3528040 3534510
-0.62988908 -3.7764153 1.5888027 3531570 3536990
-0.62709273 -3.6627422 1.5036 3535030 3539460
-0.61493078 -3.5444836 1.4330293 3538540 3542150
-0.5950011 -3.4268935 1.3727854 3542000 3544910
-0.56828164 -3.3120345 1.3116806 3545430 3547630
-0.53615115 -3.1981728 1.2798376 3548700 3550530
-0.50124959 -3.084128 1.267789 3551880 3553570
-0.46558014 -2.9707205 1.2643469 3555000 3556650
-0.43183508 -2.8553277 1.3082389 3557880 3560040
-0.40373793 -2.7406029 1.352991 3560700 3563380
-0.3817167 -2.6229963 1.4183986 3563440 3566880
-0.36848224 -2.5038859 1.5018801 3566080 3570490
-0.36468167 -2.3864072 1.5750327 3568720 3573980
-0.36996673 -2.2670643 1.6550715 3571370 3577560
-0.38291481 -2.1556418 1.7178973 3573930 3580850
-0.40368056 -2.0411184 1.7824442 3576590 3584260
-0.43074736 -1.9294975 1.8349419 3579280 3587560
-0.46411627 -1.8193933 1.8951863 3581930 3590910
-0.50532516 -1.7074716 1.9519875 3584710 3594350
-0.55227216 -1.5970005 1.9932972 3587600 3597720
-0.60637023 -1.4836541 2.0389104 3590610 3601260
-0.66532034 -1.3705853 2.0638687 3593790 3604730
-0.72722009 -1.2569185 2.0750567 3597100 3608170
-0.79032691 -1.1432577 2.0802205 3600460 3611590
-0.85239052 -1.0303334 2.0664505 3603900 3614870
-0.91395421 -0.91670236 2.0681717 3607260 3618250
-0.97448583 -0.80381917 2.0578442 3610660 3621530
-1.0343639 -0.69145909 2.0630079 3613950 3624880
-1.0948226 -0.57940755 2.0681717 3617240 3628230
-1.1556556 -0.4671252 2.0664504 3620580 3631550
-1.2166388 -0.35514133 2.0724748 3623870 3634910
-1.2765073 -0.24429788 2.0595654 3627230 3638120
-1.3350188 -0.13381591 2.0561229 3630510 3641360
-1.4121284 0.013464645 2.0500985 3634880 3645660
-1.4878475 0.15930902 2.0492378 3639170 3649940
-1.543177 0.26712521 2.0406316 3642380 3653050
-1.5977087 0.37556043 2.032886 3645590 3656170
-1.652514 0.48536243 2.0346071 3648780 3659380
-1.7052684 0.59360788 2.0139522 3652040 3662400
-1.756587 0.70233188 2.009649 3655200 3665510
-1.8076668 0.81201367 2.0036246 3658390 3668630
-1.8572619 0.92132151 1.9898547 3661600 3671680
-1.9060094 1.0310113 1.9881334 3664740 3674800
-1.953852 1.1400526 1.9803878 3667890 3677860
-2.0005218 1.2479316 1.9778059 3670970 3680910
-2.0487318 1.358068 1.9889941 3674040 3684110
-2.0969171 1.4673787 1.9829698 3677190 3687190
-2.162678 1.6139893 2.0019035 3681270 3691490
-2.2125557 1.7231697 1.9967397 3684430 3694590
-2.2627222 1.8334842 1.998461 3687580 3697760
-2.3132996 1.9438193 2.0027641 3690720 3700950
-2.3624525 2.0522763 1.9898547 3693900 3703980
-2.4128404 2.1633313 2.0036247 3697000 3707240
-2.4639917 2.2740368 2.0036247 3700180 3710420
-2.5143727 2.3831984 2.0027642 3703320 3713550
-2.5647705 2.4912941 2.0113702 3706380 3716710
-2.6138649 2.5976681 1.9950184 3709530 3719670
-2.6801565 2.742778 2.0036247 3713640 3723880
-2.7303815 2.8522199 1.9984609 3716810 3726990
-2.7793438 2.9601329 1.9950185 3719920 3730060
-2.8291276 3.0693563 2.0019035 3723010 3733230
-2.880248 3.180497 2.0019035 3726200 3736420
-2.9332386 3.2941539 2.012231 3729410 3739750
-2.9877674 3.4087833 2.0173947 3732690 3743090
-3.0418316 3.5219335 2.0156736 3735970 3746350
-3.0972806 3.6363323 2.0285828 3739210 3749740
-3.1527507 3.7496545 2.0234192 3742530 3753000
-3.2088251 3.8639618 2.0303042 3745810 3756360
-3.2654525 3.9777819 2.0346072 3749100 3759700
-3.32197 4.0910142 2.0328861 3752410 3762990
-3.3786069 4.2037564 2.039771 3755660 3766320
-3.4335352 4.3158494 2.0130916 3759070 3769420
-3.4867218 4.429416 2.004485 3762390 3772640
-3.5367734 4.5423018 1.9717815 3765800 3775670
-3.5820141 4.6561717 1.9261679 3769260 3778600
-3.6225157 4.7734338 1.8805551 3772760 3781570
-3.6556704 4.8907919 1.811705 3776340 3784350
-3.6806998 5.0058336 1.7583461 3779720 3787110
-3.7003787 5.1257982 1.7084298 3783180 3789990
-3.7136147 5.241434 1.6610953 3786490 3792750
-3.7218074 5.3588816 1.6197853 3789800 3795580
-3.7262133 5.476724 1.5965483 3793010 3798520
-3.7281523 5.5927151 1.5784752 3796140 3801440
-3.7290593 5.7108293 1.5784754 3799220 3804520
-3.7310176 5.8279696 1.5965483 3802170 3807680
-3.735002 5.9396885 1.6163431 3804970 3810710
-3.7421454 6.0533623 1.6507681 3807740 3813880
-3.7530855 6.1655779 1.6851932 3810480 3817020
-3.7675626 6.2760386 1.7170363 3813200 3820110
-3.7855608 6.3869518 1.7462975 3815960 3823210
-3.8050679 6.4919576 1.7626493 3818650 3826090
-3.8268683 6.5980789 1.7841649 3821350 3829040
-3.8518117 6.7068527 1.8082625 3824120 3832090
-3.8783158 6.8101184 1.835803 3826740 3835030
-3.9092855 6.914734 1.8814157 3829320 3838140
-3.9447078 7.0187387 1.9167014 3831980 3841210
-3.9829305 7.1205191 1.9433808 3834660 3844200
-4.0413229 7.2600862 1.9907155 3838330 3848420
-4.0889892 7.3639525 2.0113706 3841190 3851520
-4.1395992 7.4679116 2.0363286 3844060 3854680
-4.1926795 7.5727851 2.0423529 3847090 3857780
-4.2461139 7.6779088 2.0397711 3850180 3860840
-4.2988169 7.7806072 2.0500985 3853130 3863910
-4.3511682 7.8817611 2.0466561 3856120 3866860
-4.4036059 7.982869 2.0518198 3859060 3869860
-4.4574972 8.0847331 2.0630078 3862000 3872930
-4.5097431 8.1842108 2.0457954 3865030 3875760
-4.5600086 8.2834169 2.0337466 3868000 3878590
-4.6075448 8.3826852 2.0010428 3871060 3881270
-4.6499069 8.4826065 1.9425197 3874230 3883760
-4.6862915 8.583428 1.8917433 3877320 3886260
-4.7172477 8.6860487 1.8358018 3880440 3888730
-4.741612 8.78767 1.7764193 3883510 3891110
-4.7604015 8.8893006 1.7308058 3886470 3893540
-4.7753552 8.9933078 1.696381 3889410 3896080
-4.786883 9.0917697 1.6783079 3892100 3898560
-4.7972626 9.1845712 1.6860535 3894490 3901040
-4.8102061 9.2780197 1.7308067 3896690 3903760
-4.8270999 9.3640036 1.7987956 3898580 3906440
-4.8487094 9.4413852 1.8874401 3900160 3909050
-4.8771733 9.5138445 2.0027641 3901520 3911750
-4.9117463 9.5788548 2.1163678 3902780 3914330
-4.9510777 9.6367448 2.2187813 3904010 3916750
-4.9965539 9.6904481 2.3280809 3905210 3919220
-5.0462254 9.737551 2.4373805 3906360 3921640
-5.0962983 9.775923 2.5380738 3907420 3923870
-5.1440754 9.8047471 2.6594221 3908170 3926030
-5.1901006 9.8248857 2.7988451 3908670 3928150
-5.2278398 9.8351742 2.9520367 3908800 3930060
-5.2606133 9.8388635 3.1069495 3908760 3931820
-5.2868569 9.8377054 -3.0187427 3908530 3933420
-5.3084461 9.8332156 -2.8543614 3908150 3934950
-5.3234537 9.8273675 -2.6856786 3907590 3936350
-5.3320088 9.8222464 -2.5187171 3906880 3937580
-5.3349326 9.8197648 -2.3569209 3906040 3938620
-5.3363047 9.8181628 -2.2011461 3905190 3939580
-5.3375214 9.8162099 -2.0548409 3904400 3940490
-5.3396159 9.8114753 -1.9197226 3903750 3941410
-5.3420403 9.8031942 -1.7914892 3903230 3942380
-5.3441961 9.7899461 -1.6727227 3902890 3943420
-5.3451302 9.7692582 -1.559119 3902770 3944620
-5.3431615 9.7403716 -1.446378 3902870 3946030
-5.3365152 9.703381 -1.3396593 3903230 3947630
-5.3240356 9.6600833 -1.2406882 3903830 3949380
-5.303345 9.6072311 -1.1546249 3904810 3951360
-5.2737754 9.5457057 -1.0909389 3906220 3953510
-5.2385304 9.4804036 -1.0608172 3907980 3955620
-5.1992241 9.4105538 -1.0556535 3910040 3957740
-5.1545152 9.3314222 -1.0573747 3912420 3960100
-5.1063641 9.2449864 -1.0677025 3915060 3962620
-5.0569673 9.1528955 -1.0892182 3917910 3965220
-5.0067322 9.053674 -1.115037 3920960 3967970
-4.9574477 8.9492932 -1.144298 3924140 3970810
-4.9135494 8.8477353 -1.1813053 3927240 3973480
-4.8725811 8.7422839 -1.2191725 3930410 3976210
-4.8238519 8.6000695 -1.2622043 3934580 3979880
-4.7919985 8.4913155 -1.3095386 3937810 3982560
-4.7632539 8.3773443 -1.337939 3941040 3985460
-4.7369317 8.261017 -1.3585943 3944270 3988450
-4.7126502 8.140529 -1.3852735 3947630 3991500
-4.6896244 8.0172582 -1.3869949 3950910 3994760
-4.668092 7.894691 -1.4067892 3954270 3997890
-4.6480887 7.7705053 -1.4153954 3957600 4001120
-4.6286332 7.6452622 -1.4179774 3960920 4004410
-4.6097841 7.5170186 -1.4317474 3964380 4007710
-4.5919412 7.3870826 -1.4369112 3967830 4011100
-4.575074 7.2572098 -1.4463779 3971300 4014460
-4.5583011 7.1267447 -1.4394928 3974690 4017930
-4.5399482 6.9943627 -1.4265835 3978100 4021490
-4.5205706 6.8621282 -1.4240017 3981570 4024990
-4.4927453 6.6850153 -1.4059285 3986140 4029770
-4.4706405 6.5532079 -1.4033465 3989610 4033270
-4.4468199 6.4189725 -1.3869948 3993070 4036920
-4.4223525 6.2854383 -1.3921585 3996640 4040430
-4.3982067 6.1520417 -1.3912979 4000170 4043970
-4.3744934 6.0197349 -1.395601 4003700 4047450
-4.3497327 5.8829407 -1.3878553 4007280 4051120
-4.32464 5.7479607 -1.3861341 4010850 4054710
-4.2997836 5.6148898 -1.3861341 4014380 4058240
-4.2747866 5.4841845 -1.3775279 4017800 4061760
-4.2493268 5.3525945 -1.381831 4021320 4065230
-4.2231173 5.2195867 -1.3706428 4024790 4068830
-4.1970755 5.0906502 -1.3723639 4028230 4072250
-4.1702418 4.9634448 -1.3534301 4031510 4075750
-4.1408736 4.8371942 -1.3310537 4034760 4079260
-4.1076093 4.7083473 -1.3052352 4038080 4082880
-4.0703737 4.5799897 -1.2716706 4041370 4086560
-4.0159353 4.4099756 -1.250155 4045900 4091340
-3.9727625 4.2830876 -1.2355245 4049310 4094920
-3.9286922 4.1558995 -1.2389668 4052840 4098410
-3.8836854 4.0276166 -1.2277788 4056320 4102020
-3.8387794 3.901535 -1.2295001 4059820 4105500
-3.7936069 3.774532 -1.2286394 4063330 4109020
-3.7488986 3.6479722 -1.2338033 4066860 4112490
-3.7057637 3.5220843 -1.2475733 4070410 4115880
-3.6513988 3.3552705 -1.2639254 4075080 4120360
-3.6129518 3.228073 -1.2906048 4078700 4123670
-3.5774924 3.0990172 -1.3147021 4082330 4127020
-3.5462491 2.9692683 -1.3542911 4086040 4130270
-3.5111396 2.7965853 -1.3861343 4090820 4134680
-3.4887665 2.6689107 -1.4085104 4094330 4137930
-3.4686962 2.540075 -1.4240018 4097820 4141240
-3.4508466 2.4109154 -1.4429354 4101330 4144530
-3.4352359 2.2820431 -1.4575661 4104800 4147830
-3.4202029 2.1523324 -1.453263 4108180 4151260
-3.4050693 2.0232114 -1.4549842 4111580 4154640
-3.3885373 1.8932942 -1.4334683 4114870 4158180
-3.3694408 1.7652824 -1.4119529 4118120 4161680
-3.346825 1.6358957 -1.3835518 4121380 4165270
-3.3204312 1.5099706 -1.344824 4124510 4168850
-3.2895738 1.3860496 -1.3086773 4127630 4172390
-3.2547925 1.2657662 -1.2699492 4130670 4175880
-3.2161756 1.1484742 -1.235524 4133690 4179300
-3.1712482 1.0287294 -1.1881895 4136750 4182910
-3.1226754 0.91582414 -1.140855 4139680 4186390
-3.067347 0.80307316 -1.0883567 4142650 4189970
-3.0073093 0.69670384 -1.0255309 4145470 4193520
-2.9404474 0.59448607 -0.95754134 4148260 4197100
-2.8637468 0.49382592 -0.88180693 4151120 4200840
-2.7841136 0.40349758 -0.81467725 4153870 4204370
-2.6962271 0.31784837 -0.73033609 4156580 4208060
-2.603625 0.23968033 -0.67181405 4159400 4211560
-2.5045653 0.16691967 -0.59521828 4162160 4215210
-2.4026974 0.10342892 -0.51948314 4164850 4218780
-2.2973806 0.047863119 -0.45149293 4167560 4222280
-2.1911773 0.0011908221 -0.37661913 4170150 4225740
-2.0829293 -0.036634547 -0.2957192 4172670 4229200
-1.9731943 -0.064918591 -0.20879695 4175120 4232660
-1.8646546 -0.083173364 -0.12445458 4177500 4236020
-1.759863 -0.090908212 -0.022901617 4179650 4239350
-1.6596168 -0.08815626 0.077791691 4181680 4242550
-1.5634148 -0.075550709 0.18278813 4183600 4245690
-1.4712393 -0.052907745 0.29897372 4185400 4248840
-1.3902286 -0.023201369 0.40396916 4187040 4251700
-1.3156554 0.013298899 0.50638372 4188610 4254460
-1.2281076 0.068945744 0.62601145 4190620 4257860
-1.1727816 0.1118088 0.69227906 4192060 4260070
-1.1323808 0.14716866 0.7456379 4193150 4261780
-1.1089077 0.16950997 0.77575993 4193820 4262800
-1.09202 0.1862472 0.78608742 4194380 4263480
-1.0790577 0.1993171 0.79297246 4194820 4264000
-1.0698182 0.20878691 0.80243932 4195110 4264400
-1.0664972 0.21224382 0.80846364 4195200 4264560
-1.0658348 0.21293691 0.80760302 4195230 4264580
-1.0659675 0.21279852 0.80502114 4195240 4264560
-1.0664991 0.21224564 0.80502112 4195220 4264540
-1.0667651 0.21196943 0.80329988 4195220 4264520
-1.0667651 0.21196943 0.80329988 4195220 4264520
-1.0667651 0.21196943 0.80329988 4195220 4264520
-1.0667651 0.21196943 0.80329988 4195220 4264520
-1.0667651 0.21196943 0.80329988 4195220 4264520
-1.0667651 0.21196943 0.80329988 4195220 4264520
-1.0667651 0.21196943 0.80329988 4195220 4264520
-1.0667651 0.21196943 0.80329988 4195220 4264520
-1.0667651 0.21196943 0.80329988 4195220 4264520
-1.0667651 0.21196943 0.80329988 4195220 4264520
-1.0667651 0.21196943 0.80329988 4195220 4264520
-1.0667651 0.21196943 0.80329988 4195220 4264520
-1.0667651 0.21196943 0.80329988 4195220 4264520
-1.0667651 0.21196943 0.80329988 4195220 4264520
-1.0667651 0.21196943 0.80329988 4195220 4264520
-1.0667651 0.21196943 0.80329988 4195220 4264520
-1.0667651 0.21196943 0.80329988 4195220 4264520
-1.0667651 0.21196943 0.80329988 4195220 4264520
-1.0667651 0.21196943 0.80329988 4195220 4264520
-1.0667651 0.21196943 0.80329988 4195220 4264520
-1.0667651 0.21196943 0.80329988 4195220 4264520
-1.0667651 0.21196943 0.80329988 4195220 4264520
-1.0667651 0.21196943 0.80329988 4195220 4264520
-1.0667651 0.21196943 0.80329988 4195220 4264520
-1.0667651 0.21196943 0.80329988 4195220 4264520
-1.0667651 0.21196943 0.80329988 4195220 4264520
-1.0667651 0.21196943 0.80329988 4195220 4264520
-1.0667651 0.21196943 0.80329988 4195220 4264520
-1.0667651 0.21196943 0.80329988 4195220 4264520
-1.0667651 0.21196943 0.80329988 4195220 4264520
-1.0667651 0.21196943 0.80329988 4195220 4264520
-1.0667651 0.21196943 0.80329988 4195220 4264520
-1.0667651 0.21196943 0.80329988 4195220 4264520
-1.0667651 0.21196943 0.80329988 4195220 4264520
-1.0667651 0.21196943 0.80329988 4195220 4264520
-1.0667651 0.21196943 0.80329988 4195220 4264520
-1.0667651 0.21196943 0.80329988 4195220 4264520
-1.0667651 0.21196943 0.80329988 4195220 4264520
-1.0667651 0.21196943 0.80329988 4195220 4264520
-1.0667651 0.21196943 0.80329988 4195220 4264520
-1.0667651 0.21196943 0.80329988 4195220 4264520
-1.0667651 0.21196943 0.80329988 4195220 4264520
-1.0667651 0.21196943 0.80329988 4195220 4264520
-1.0667651 0.21196943 0.80329988 4195220 4264520
-1.0667651 0.21196943 0.80329988 4195220 4264520
-1.0667651 0.21196943 0.80329988 4195220 4264520
-1.0667651 0.21196943 0.80329988 4195220 4264520
-1.0667651 0.21196943 0.80329988 4195220 4264520
-1.0667651 0.21196943 0.80329988 4195220 4264520
-1.0667651 0.21196943 0.80329988 4195220 4264520
-1.0667651 0.21196943 0.80329988 4195220 4264520
-1.0667651 0.21196943 0.80329988 4195220 4264520
-1.0667651 0.21196943 0.80329988 4195220 4264520
-1.0667651 0.21196943 0.80329988 4195220 4264520
-1.0667651 0.21196943 0.80329988 4195220 4264520
-1.0667651 0.21196943 0.80329988 4195220 4264520
-1.0667651 0.21196943 0.80329988 4195220 4264520
-1.0667651 0.21196943 0.80329988 4195220 4264520
-1.0667651 0.21196943 0.80329988 4195220 4264520
-1.0667651 0.21196943 0.80329988 4195220 4264520
-1.0667651 0.21196943 0.80329988 4195220 4264520
-1.0667651 0.21196943 0.80329988 4195220 4264520
-1.0667651 0.21196943 0.80329988 4195220 4264520
-1.0667651 0.21196943 0.80329988 4195220 4264520
-1.0667651 0.21196943 0.80329988 4195220 4264520
-1.0667651 0.21196943 0.80329988 4195220 4264520
-1.0667651 0.21196943 0.80329988 4195220 4264520
-1.0667651 0.21196943 0.80329988 4195220 4264520
-1.0667651 0.21196943 0.80329988 4195220 4264520
-1.0667651 0.21196943 0.80329988 4195220 4264520
-1.0667651 0.21196943 0.80329988 4195220 4264520
-1.0667651 0.21196943 0.80329988 4195220 4264520
-1.0667651 0.21196943 0.80329988 4195220 4264520
-1.0667651 0.21196943 0.80329988 4195220 4264520
-1.0667651 0.21196943 0.80329988 4195220 4264520
-1.0667651 0.21196943 0.80329988 4195220 4264520
-1.0667651 0.21196943 0.80329988 4195220 4264520
-1.0667651 0.21196943 0.80329988 4195220 4264520
-1.0667651 0.21196943 0.80329988 4195220 4264520
-1.0667651 0.21196943 0.80329988 4195220 4264520
-1.0667651 0.21196943 0.80329988 4195220 4264520
-1.0667651 0.21196943 0.80329988 4195220 4264520
-1.0667651 0.21196943 0.80329988 4195220 4264520
-1.0667651 0.21196943 0.80329988 4195220 4264520
-1.0667651 0.21196943 0.80329988 4195220 4264520
-1.0667651 0.21196943 0.80329988 4195220 4264520
-1.0667651 0.21196943 0.80329988 4195220 4264520
-1.0667651 0.21196943 0.80329988 4195220 4264520
-1.0667651 0.21196943 0.80329988 4195220 4264520
-1.0667651 0.21196943 0.80329988 4195220 4264520
-1.0667651 0.21196943 0.80329988 4195220 4264520
-1.0667651 0.21196943 0.80329988 4195220 4264520
-1.0667651 0.21196943 0.80329988 4195220 4264520
-1.0667651 0.21196943 0.80329988 4195220 4264520
-1.066632 0.21210736 0.80243926 4195230 4264520
-1.0667651 0.21196943 0.80329988 4195220 4264520
-1.0667651 0.21196943 0.80329988 4195220 4264520
-1.0667651 0.21196943 0.80329988 4195220 4264520
-1.0667651 0.21196943 0.80329988 4195220 4264520
-1.0667651 0.21196943 0.80329988 4195220 4264520
-1.0667651 0.21196943 0.80329988 4195220 4264520
