-0.0688237 0.00278692 -0.080943 -21571 -35536
-0.13922588 0.011730801 -0.17178288 -22871 -37873
-0.20805814 0.02679463 -0.25912025 -24178.013 -40177.021
-0.27429574 0.047064193 -0.33480791 -25521 -42384
-0.34105719 0.073132102 -0.40970881 -26930 -44648
-0.40824455 0.1053197 -0.48382236 -28416 -46980
-0.47156121 0.14117247 -0.5466378 -29922 -49203
-0.53242044 0.18048177 -0.600345 -31472 -51366
-0.59220269 0.22368229 -0.65116252 -33072 -53546
-0.6511572 0.27043159 -0.68971954 -34780 -55694
-0.70865793 0.31865533 -0.70603169 -36610.018 -57710.018
-0.76488077 0.36693611 -0.71306032 -38469.017 -59649.019
-0.83925727 0.43293305 -0.73848789 -40872.017 -62342.019
-0.89414343 0.48396772 -0.75961655 -42672 -64383
-0.94696657 0.53491169 -0.77496478 -44465 -66351
-0.99726045 0.58520107 -0.79574218 -46169 -68292
-1.0448255 0.63515564 -0.82405097 -47775.014 -70221.017
-1.087457 0.68273355 -0.85629863 -49228 -72042
-1.1245724 0.7267324 -0.88381573 -50546.011 -73674.014
-1.1669184 0.78021348 -0.91834206 -52097.01 -75619.013
-1.1954207 0.81864147 -0.94690666 -53160 -77008
-1.2207078 0.85491288 -0.97704711 -54121.008 -78313.011
-1.2414415 0.88658387 -1.0052584 -54930 -79444
-1.2558636 0.90983022 -1.0257599 -55514 -80262
-1.2640241 0.92350237 -1.0396021 -55843 -80749.001
-1.2646244 0.92453012 -1.0447695 -55843.997 -80808.997
-1.2578251 0.91286408 -1.0414374 -55516.993 -80443.992
-1.2421849 0.88647724 -1.030043 -54795.991 -79592.989
-1.2202606 0.85057327 -1.0151422 -53803 -78430
-1.1815628 0.78964666 -0.99471477 -52069.985 -76463.985
-1.1477929 0.73775512 -0.9930322 -50493 -74868
-1.1103979 0.67972481 -1.0036961 -48662.98 -73159.982
-1.0693538 0.61435017 -1.0166345 -46610.978 -71255.98
-1.0243203 0.54040788 -1.0308838 -44310.977 -69118.979
-0.97948918 0.46384489 -1.0512629 -41920.978 -66961.979
-0.93635862 0.38695927 -1.0678761 -39566.977 -64797.978
-0.89203668 0.30624906 -1.0693372 -37198.977 -62446.976
-0.84569586 0.2223737 -1.06274 -34780.977 -59953.976
-0.79901134 0.13969593 -1.0508008 -32415.978 -57452.975
-0.75015157 0.056446662 -1.0293151 -30064.977 -54856.974
-0.69763807 -0.028587123 -1.0058143 -27638 -52162
-0.64342671 -0.1132235 -0.99641327 -25115.975 -49532.975
-0.58697229 -0.20033619 -0.9951561 -22462.973 -46865.974
-0.52802423 -0.29217778 -1.0051947 -19609 -44127
-0.47039477 -0.38492366 -1.0244293 -16700.973 -41438.975
-0.41591416 -0.47661255 -1.0448904 -13851 -38823
-0.34394185 -0.60376501 -1.0665659 -9983 -35203
-0.29214021 -0.69964252 -1.0843116 -7089 -32512
-0.2212193 -0.83388763 -1.0852293 -3192.9717 -28626.972
-0.16709225 -0.93644262 -1.0851068 -221.97258 -25654.971
-0.11285924 -1.0377027 -1.0730742 2653 -22643
-0.054748294 -1.1416017 -1.0486041 5564 -19453
0.0056179206 -1.2429837 -1.0188792 8418.0259 -16259.968
0.069644763 -1.3411864 -0.96717274 11127.026 -12960.968
0.14010009 -1.4372417 -0.90872237 13846.026 -9574.9688
0.21403272 -1.5273123 -0.8582428 16544 -6301
0.29495515 -1.6151567 -0.79453756 19241 -2877
0.37960398 -1.697692 -0.75097568 22022 401
0.46626415 -1.7752157 -0.70864048 24760 3622
0.55388138 -1.8475249 -0.67129804 27458 6746
0.64217961 -1.916779 -0.65891565 30263.027 9692.0286
0.73240201 -1.9854863 -0.64276735 33077 12690
0.82022682 -2.0507612 -0.63555307 35840 15535
0.93531053 -2.1379353 -0.66099523 39685.028 19089.025
1.0196001 -2.2053653 -0.68846273 42608.029 21698.022
1.0981802 -2.2744709 -0.75420266 45665.03 24004.021
1.1705771 -2.3479875 -0.83194038 48753 26204
1.2570064 -2.453976 -0.94145965 52883 29083
1.3131746 -2.5403652 -1.0471356 56127 31120
1.3577861 -2.6299721 -1.1705921 59397.032 32980.017
1.3907524 -2.7247314 -1.3014025 62715 34804
1.4110845 -2.8225432 -1.4302889 66011.03 36628.017
1.4187016 -2.9191402 -1.5539203 69200.031 38405.016
1.4137912 -3.0136646 -1.691476 72411 40045
1.3966818 -3.1042383 -1.8235174 75527.029 41653.016
1.3683812 -3.1914475 -1.9456603 78574 43305
1.3296713 -3.2756814 -2.0574708 81588.028 45042.017
1.2827668 -3.3546663 -2.1558802 84504 46834
1.2275483 -3.4296389 -2.2553419 87458.028 48652.018
1.1654226 -3.4991781 -2.3445558 90357.027 50532.02
1.0724271 -3.5867342 -2.428067 94107.027 53328.021
0.99555169 -3.6494925 -2.4858388 96980.027 55541.022
0.91591532 -3.7078212 -2.5330136 99779.026 57801.023
0.832512 -3.7639432 -2.5655624 102541.03 60191.024
0.74583715 -3.8188377 -2.5884771 105301.03 62689.024
0.6601644 -3.8707185 -2.6056998 107966.03 65157.024
0.57222135 -3.922142 -2.6192438 110654.03 67690.026
0.47895106 -3.9754204 -2.625955 113445 70404
0.38906383 -4.0258863 -2.6340689 116133.03 72999.025
0.2982197 -4.0760333 -2.6403433 118828 75622
0.20338084 -4.1281513 -2.6378586 121587 78409
0.11116141 -4.1794823 -2.629507 124244 81161
0.019862117 -4.231495 -2.6180024 126871.02 83919.028
-0.072187175 -4.2862108 -2.5925728 129470 86808
-0.16062319 -4.3421186 -2.5631151 131983 89657
-0.24565213 -4.4003986 -2.5183317 134369 92554
-0.32847166 -4.4637584 -2.4587466 136701.02 95566.028
-0.4028398 -4.5282553 -2.3955737 138863 98449
-0.46950368 -4.595866 -2.3027123 140766 101412
-0.52743641 -4.6680654 -2.191285 142502 104420
-0.57311379 -4.7397928 -2.084414 144071 107209
-0.60885451 -4.813153 -1.9638806 145474.01 109988.03
-0.63226467 -4.8826043 -1.8279371 146576.01 112642.02
-0.64419831 -4.9464775 -1.683063 147414 115134.02
-0.64588641 -5.003607 -1.51761 147934 117543.03
-0.63903979 -5.0509809 -1.3369239 148129 119801
-0.627658 -5.0850553 -1.1599176 148039 121732
-0.61782293 -5.1034085 -0.99780259 147646.99 123191.01
-0.61037961 -5.1132189 -0.84567567 147093.99 124375.01
-0.60902823 -5.114547 -0.70774073 146355 125211
-0.6147613 -5.1102263 -0.58390619 145463.99 125734
-0.62690464 -5.1031647 -0.4695333 144450.99 126027
-0.65210814 -5.0926335 -0.32205982 142908.99 126169
-0.6773152 -5.0856941 -0.21522327 141629 126109
-0.70512115 -5.0811528 -0.10856147 140298 125996
-0.73471562 -5.0795517 0.00046450697 138916 125859
-0.76504293 -5.08133 0.11667279 137473.99 125744
-0.79430321 -5.0865125 0.23393123 136042.98 125652
-0.82783663 -5.0970146 0.37308121 134348 125546
-0.84310446 -5.1036877 0.45102082 133476 125564
-0.84795731 -5.1061959 0.50304064 133039 125721
-0.84225921 -5.1029523 0.53194342 133042 126054
-0.82118281 -5.0903685 0.54456221 133599.01 126755.01
-0.77146595 -5.0595051 0.56656176 134973 128380
-0.72225615 -5.0275858 0.58427034 136375.02 129984.02
-0.6426274 -4.9736492 0.60645635 138713 132575
-0.57273677 -4.9240211 0.62846423 140784 134897
-0.49630938 -4.867585 0.6436438 143132 137418
-0.41710611 -4.8082118 0.64288533 145673 139950
-0.33724365 -4.7471856 0.66209537 148139.02 142635.03
-0.25806497 -4.6839247 0.68612202 150599 145369
-0.18024879 -4.6198502 0.69158214 153151 147983
-0.10083407 -4.553333 0.70291085 155741 150702
-0.021206765 -4.4860082 0.70084029 158425 153362
0.058961544 -4.4206475 0.66715322 161268.03 155820.02
0.14163063 -4.3591336 0.61227247 164222.03 158147.02
0.22998261 -4.3016876 0.54075241 167331.03 160439.02
0.32538867 -4.2509525 0.43674294 170694 162614
0.4246399 -4.2115914 0.31836812 174106.03 164674.02
0.53102144 -4.1834246 0.19929594 177606 166814
0.63879245 -4.1677967 0.088716234 181028.03 168973.02
0.74434563 -4.1646697 -0.029482729 184409.03 171004.02
0.85012625 -4.1745736 -0.15722726 187861.03 172997.02
0.95286691 -4.1966813 -0.26666844 191179.03 175065.02
1.053581 -4.230075 -0.37365613 194509 177173
1.1495958 -4.2736113 -0.47775497 197805 179280
1.2410907 -4.3264932 -0.57038098 201042 181459
1.3313637 -4.3894682 -0.64785464 204305 183837
1.4173619 -4.4585738 -0.705974 207464.03 186332.02
1.5000937 -4.5334312 -0.76496819 210660.04 188854.03
1.5804304 -4.6141632 -0.81073706 213840.03 191511.03
1.6597255 -4.6995492 -0.83399765 216959 194364
1.7384114 -4.7889868 -0.86452679 220186.03 197242.03
1.8151469 -4.8801261 -0.87745245 223313 200221
1.890311 -4.9712557 -0.88477354 226382 203206
1.9614669 -5.0596357 -0.90111659 229383 206020
2.0582712 -5.180273 -0.88802098 233272 210058
2.13068 -5.2696242 -0.89148951 236239.03 212985.03
2.2029962 -5.3586473 -0.88567487 239145.03 215957.03
2.3045278 -5.4814232 -0.87397936 243161.03 220106.03
2.3806837 -5.5739589 -0.89040791 246326 223083
2.4806785 -5.7013301 -0.92004828 250645 227063
2.5508735 -5.7985381 -0.97072006 254007 229846
2.6187833 -5.9017768 -1.0072031 257382 232804
2.6850781 -6.0112265 -1.0451736 260878 235866
2.7469277 -6.1219329 -1.0774521 264312.03 238931.03
2.8063771 -6.2355994 -1.100359 267730.03 242087.03
2.8624887 -6.3486444 -1.1197633 271075 245210
2.9153395 -6.4598258 -1.1343519 274313 248281
2.9694939 -6.5770979 -1.1420199 277667 251547
3.0203293 -6.6900302 -1.1536307 280907.03 254654.03
3.0714818 -6.8067688 -1.1619999 284221 257872
3.1370166 -6.962372 -1.1823549 288664 262082
3.2010038 -7.1240869 -1.205686 293254 266405
3.2610669 -7.2848251 -1.220698 297737.04 270716.04
3.3055476 -7.4071343 -1.2232862 301087 274036
3.3500802 -7.5283473 -1.2141392 304344.03 277397.03
3.3957013 -7.6486529 -1.2025401 307575.03 280760.03
3.4446474 -7.7713498 -1.1799053 310831.03 284274.03
3.4936264 -7.8869221 -1.1599875 313934 287604
3.5472302 -8.0058414 -1.134638 317132.03 291091.03
3.6027126 -8.1216902 -1.1136684 320304 294502
3.660471 -8.2357232 -1.0902467 323446 297911
3.722819 -8.3514319 -1.0628825 326658.03 301435.03
3.786617 -8.4627168 -1.0376214 329801.03 304866.03
3.8807678 -8.614435 -0.99316594 334123 309695
3.953568 -8.7229074 -0.96623988 337317.03 313196.03
4.0319755 -8.8325248 -0.93353304 340584.03 316836.03
4.1107619 -8.9390431 -0.93436897 343984.03 320226.03
4.1915746 -9.0478225 -0.92933636 347428 323727
4.2720124 -9.1571247 -0.94339577 350986.03 327124.03
4.3501553 -9.265801 -0.95141268 354462 330508
4.4295805 -9.3766091 -0.94637978 357927 334030
4.5074912 -9.4854056 -0.9522949 361390 337425
4.5885945 -9.5981076 -0.94174381 364888 341043
4.6692397 -9.7105157 -0.95518927 368510.04 344511.04
4.7511353 -9.8259109 -0.95199399 372118 348155
4.8351222 -9.9438913 -0.9523008 375831 351864
4.9184178 -10.061096 -0.95357131 379523.04 355541.04
5.0037975 -10.181725 -0.95615424 383325.04 359313.04
5.1157127 -10.34018 -0.95557048 388293.04 364287.04
5.2019175 -10.461779 -0.95263568 392096.04 368123.04
5.287508 -10.582354 -0.95434286 395895.04 371902.04
5.374814 -10.70616 -0.95885138 399803 375758
5.4601276 -10.82834 -0.96362343 403649.04 379549.04
5.5474234 -10.954154 -0.96480365 407580.04 383466.04
5.6344744 -11.081535 -0.97780634 411608.05 387345.05
5.7219939 -11.211498 -0.97845992 415627.04 391356.04
5.8084734 -11.340256 -0.9802524 419612.04 395320.04
5.8963959 -11.470581 -0.9743375 423607 399382
5.9812271 -11.595508 -0.97420456 427476 403252
6.0944972 -11.761623 -0.97046585 432607.04 408425.04
6.1791554 -11.884775 -0.96665514 436415 412276
6.2642262 -12.006576 -0.95557566 440159 416146
6.3484723 -12.124491 -0.94528548 443814 419918
6.4348263 -12.240605 -0.91739215 447363 423785
6.522914 -12.354055 -0.90377413 450966.03 427543.04
6.612895 -12.465256 -0.87719512 454480.03 431360.03
6.7028832 -12.572404 -0.86725672 458009.03 435002.03
6.7933813 -12.677581 -0.85329024 461485 438637
6.9143054 -12.816166 -0.85340993 466199.03 443349.03
7.0057967 -12.918604 -0.83016067 469586 447001
7.0964011 -13.016233 -0.81523215 472914.03 450499.03
7.1881077 -13.111366 -0.79224683 476169.03 454016.03
7.2823646 -13.203331 -0.75393596 479325 457609
7.3792554 -13.291652 -0.72438272 482516 461137
7.4787981 -13.375104 -0.67100809 485540.03 464770.03
7.5803522 -13.451637 -0.62061235 488511.03 468316.03
7.6855364 -13.522295 -0.56242291 491426 471895
7.7897405 -13.583448 -0.49897932 494160.03 475353.03
7.8976568 -13.637433 -0.42870536 496851.03 478846.03
8.0064855 -13.682667 -0.35913352 499474 482263
8.1152444 -13.719515 -0.29420357 502046 485576
8.2263737 -13.74928 -0.22918598 504623 488895
8.3317816 -13.771335 -0.18334967 507121.02 491916.03
8.4331423 -13.787083 -0.12490475 509416 494878
8.5319015 -13.796238 -0.059979501 511587 497790
8.6206474 -13.799389 -0.010996606 513583 500345
8.6993615 -13.797637 0.055498908 515221 502742
8.7704481 -13.790986 0.13110035 516619 505003
8.8277176 -13.781256 0.20547245 517683.01 506916.02
8.8778965 -13.768772 0.28220575 518570 508679
8.9249811 -13.752923 0.36717238 519358.01 510437.02
8.969463 -13.733571 0.45353899 520108.01 512173.02
9.0109548 -13.711273 0.53272373 520863.01 513832.01
9.0461999 -13.68888 0.59929508 521553 515282
9.0747422 -13.667715 0.67681247 522021 516635
9.0975815 -13.647531 0.77070639 522266 517952.01
9.1089239 -13.635401 0.86713407 522141 518928
9.1106316 -13.633193 0.95795352 521694 519518
9.1020277 -13.647027 1.0708369 520632 519745
9.0907554 -13.669685 1.1474611 519545.99 519534
9.0751155 -13.709219 1.2407183 517924 518977
9.063 -13.748648 1.304638 516502 518285
9.0515817 -13.797176 1.3747732 514824 517408
9.0427064 -13.853061 1.4518258 512933.98 516397.99
9.0379139 -13.913065 1.5303653 510942.98 515303.99
9.0376365 -13.973688 1.6020738 508979.98 514159.99
9.0416375 -14.034962 1.6699283 507018.98 512973.99
9.0498944 -14.096262 1.7394468 505036.98 511785.99
9.0623775 -14.156743 1.8092275 503056 510602
9.078199 -14.213486 1.8762077 501163.98 509474.99
9.0967254 -14.266145 1.9419616 499358 508420
9.1263784 -14.332825 2.0365248 496947.98 507089.99
9.1509761 -14.377817 2.1056955 495239 506171
9.1749214 -14.415588 2.1659359 493749 505369
9.1973372 -14.446838 2.2201358 492453.99 504693
9.2147373 -14.46855 2.2726738 491441 504280
9.2218465 -14.476536 2.3236416 490876 504297
9.2197434 -14.474389 2.3679566 490700 504627
9.2076758 -14.46301 2.4031683 490924.01 505253.01
9.1844347 -14.442369 2.4276117 491581 506189
9.1521294 -14.414996 2.4496944 492540.01 507400.01
9.1100326 -14.38094 2.473094 493794.01 508921.02
9.0567509 -14.339958 2.4987744 495370 510790
8.9934899 -14.293644 2.5205175 497255.02 512923.02
8.9257604 -14.245963 2.5358684 499290 515133
8.8557374 -14.198303 2.5520958 501368 517396
8.782708 -14.15065 2.5748048 503473 519760
8.7056533 -14.102375 2.5890197 505722 522171
8.6274808 -14.054308 2.5915871 508059.02 524537.02
8.5429998 -14.002945 2.599061 510550.02 527113.03
8.4551386 -13.950234 2.6033829 513151.03 529763.02
8.3679267 -13.897281 2.5884378 515851 532292
8.2828254 -13.844246 2.580148 518468 534814
8.1972486 -13.789952 2.5722964 521110 537366
8.1121128 -13.734502 2.5563001 523805 539878
8.0277462 -13.677433 2.5374136 526523.03 542380.03
7.9392304 -13.615281 2.5214192 529386.03 545060.03
7.8506488 -13.550509 2.4990324 532326 547744
7.7615225 -13.482485 2.4803242 535306.03 550510.03
7.6691023 -13.40992 2.4716016 538367.04 553471.04
7.576827 -13.335887 2.4592887 541469.03 556432.03
7.4861813 -13.261148 2.4448735 544562.03 559360.03
7.3947797 -13.183422 2.4288826 547728.03 562343.03
7.3076986 -13.105904 2.3995792 550883 565163
7.2211717 -13.023832 2.3656347 554133 568025
7.1359678 -12.937372 2.3321283 557435.03 570944.03
7.056503 -12.850577 2.2921408 560679 573731
6.9781465 -12.757944 2.2536425 564008.03 576620.03
6.902811 -12.662492 2.2242531 567292 579568
6.8078895 -12.531899 2.174382 571714 583420
6.7389561 -12.429059 2.1482333 575036 586443
6.6726162 -12.323211 2.1130639 578438.04 589443.04
6.608461 -12.2122 2.0765827 581932.03 592520.03
6.5450061 -12.097075 2.072506 585324.03 595865.03
6.4625849 -11.946151 2.0687921 589752.03 600250.03
6.3989627 -11.832144 2.0908133 592972.03 603721.03
6.3334757 -11.718724 2.0980342 596287.03 607118.03
6.264566 -11.604266 2.1274128 599543 610709
6.1949151 -11.493723 2.138662 602827.03 614121.03
6.1252171 -11.384761 2.1410655 606128 617449
6.0314932 -11.240558 2.153203 610466.03 621925.03
5.9605729 -11.133719 2.1604233 613711.03 625252.03
5.8875976 -11.029319 2.2012726 616742 628749
5.812955 -10.930957 2.2386186 619693.03 632126.03
5.7306079 -10.833751 2.308632 622558.03 635790.03
5.6465762 -10.748109 2.3847735 625198.03 639299.03
5.5565482 -10.669444 2.4621408 627820.02 642804.03
5.4330183 -10.577661 2.5430215 631302.03 647209.03
5.3056439 -10.495395 2.593249 634901 651381
5.2084746 -10.436131 2.5945969 637810 654305
5.0831884 -10.356974 2.5616239 641796.03 657914.03
4.9891316 -10.291854 2.5104255 645020 660553
4.8731688 -10.197462 2.4063391 649446.03 663790.02
4.7921742 -10.117724 2.3216851 652842.03 666219.02
4.7171948 -10.030523 2.2402727 656254 668701
4.6502964 -9.9388541 2.1621863 659608.03 671163.03
4.5876417 -9.8380007 2.0911967 663056 673800
4.5299533 -9.7311975 2.0408753 666454.03 676623.03
4.4769512 -9.620436 1.9933576 669872 679498
4.4286143 -9.5083006 1.9622164 673179.04 682449.04
4.3813915 -9.3932016 1.9580501 676391 685613
4.3356337 -9.2791912 1.946877 679603 688697
4.2893662 -9.1648797 1.9639043 682666.03 691954.03
4.241065 -9.0505673 1.9772533 685770 695210
4.191797 -8.9379208 1.9889384 688854.04 698427.04
4.1398676 -8.8238571 2.0071046 691962.03 701742.03
4.0859585 -8.709075 2.0126603 695180.03 705023.03
4.0296569 -8.5940129 2.0390595 698312 708456
3.9702593 -8.4797671 2.0614308 701484.03 711883.03
3.9092142 -8.3674594 2.0759196 704677.03 715241.03
3.8464213 -8.2552244 2.0858542 707916.03 718593.03
3.7852034 -8.1433674 2.0572544 711347.03 721697.03
3.7273845 -8.0301979 2.0290046 714765.03 724792.03
3.6733157 -7.9134472 1.9799999 718342 727809
3.6252662 -7.7930605 1.9210982 722000.04 730794.03
3.5837472 -7.6684393 1.8636868 725694 733832
3.549817 -7.5423067 1.8034718 729385.03 736835.03
3.5223466 -7.4135147 1.7584086 733017.04 739952.04
3.4938621 -7.2392013 1.707141 737836.03 744185.03
3.4777376 -7.1078348 1.6787179 741390.03 747414.03
3.4642767 -6.9738739 1.6631695 744929.03 750775.03
3.4526347 -6.8439553 1.6571659 748306 754083
3.4405557 -6.7102738 1.6646503 751703 757565
3.4270472 -6.5784354 1.6811549 755005 761055
3.4109295 -6.4503509 1.7107951 758144 764532
3.3897219 -6.3216847 1.7575134 761219 768140
3.3502936 -6.1538592 1.845582 765134.03 773060.04
3.3095482 -6.0279947 1.9221651 768087.03 776887.04
3.2609869 -5.908867 1.9935793 770976 780591
3.2034405 -5.7931317 2.0708628 773847.03 784344.04
3.1377947 -5.6824946 2.1417523 776739.03 788045.04
3.0629749 -5.5759792 2.224552 779602 791853
2.9547266 -5.4474453 2.3169107 783381.03 796686.04
2.8636114 -5.3559649 2.3914784 786264.03 800420.03
2.7700241 -5.2739312 2.4522949 789106.03 803956.03
2.6703385 -5.1961186 2.5053172 792044 807499
2.5674517 -5.1234311 2.5477429 795030 810969
2.4630988 -5.0556885 2.5838628 798012.03 814363.03
2.3549361 -4.9905467 2.6151659 801069 817777
2.2484323 -4.930576 2.6423523 804046.03 821064.03
2.1386691 -4.8741087 2.690557 806934.03 824502.03
2.0305257 -4.8225497 2.7028539 809934 827642
1.9214869 -4.7712351 2.7006126 813035.03 830717.03
1.8137568 -4.7174058 2.6558083 816377.03 833547.02
1.713773 -4.6590535 2.5708045 819829.03 836028.02
1.6216388 -4.5933708 2.4737152 823283 838373
1.5345614 -4.5160532 2.35727 826932.03 840692.02
1.4597946 -4.4319312 2.2374968 830500.03 842892.02
1.3955425 -4.3391486 2.1154469 834089.03 845087.02
1.3406714 -4.2378351 2.0188837 837593 847488
1.2943575 -4.1296103 1.9314276 841109.03 850005.02
1.2575404 -4.018189 1.8484389 844590.03 852538.03
1.2202307 -3.862218 1.7627481 849189.03 856158.03
1.2003834 -3.7441074 1.7118137 852549.03 858936.03
1.1860254 -3.6260496 1.6718264 855825.03 861755.03
1.174419 -3.502534 1.6571506 859088.03 864850.03
1.1641095 -3.3828599 1.6563109 862171 867923
1.1532329 -3.2622159 1.6651051 865225 871077
1.1398362 -3.1383903 1.6920291 868263 874422
1.1234464 -3.0173663 1.7187771 871240 877704
1.1030887 -2.8931879 1.7478033 874299 881094
1.0799243 -2.7714683 1.7699102 877348 884395
1.0541788 -2.6506474 1.7915791 880390 887684
1.0247011 -2.5263454 1.8157017 883526.03 891095.03
0.98240206 -2.3650055 1.8386973 887669.03 895500.03
0.94736181 -2.2417512 1.8568644 890849.03 898887.03
0.91148501 -2.121749 1.8657475 894008.03 902147.03
0.87217847 -1.9980876 1.8913593 897187.03 905618.03
0.82981507 -1.8745127 1.9107531 900424 909076
0.78436265 -1.7521635 1.9422329 903589 912600
0.73495063 -1.6295272 1.9653933 906845 916120
0.68356922 -1.5081479 1.9770808 910156 919564
0.62836201 -1.3836203 1.9991038 913521 923180
0.57266632 -1.2608734 1.9944151 917002 926607
0.51668181 -1.138558 2.0056655 920385 930118
0.44014375 -0.97522908 2.0123756 924969 934778
0.3807832 -0.85301587 2.0335228 928330.03 938380.03
0.31940083 -0.73091261 2.0396943 931797 941917
0.25765273 -0.61089684 2.0522586 935184.03 945447.03
0.19448657 -0.49144768 2.0621954 938590 948966
0.10879874 -0.33217222 2.0665412 943200.03 953625.03
0.043703977 -0.21287172 2.074026 946640.03 957150.03
-0.021213278 -0.094721393 2.0724026 950104 960595
-0.086352241 0.022395413 2.0843534 953470.03 964097.03
-0.15189384 0.13912755 2.0804526 956923 967505
-0.21811849 0.2563067 2.0899515 960318.03 971008.03
-0.28424683 0.37203526 2.089904 963734.03 974423.03
-0.34986862 0.48704195 2.0887177 967134.03 977809.03
-0.41624221 0.60274263 2.0945378 970519.03 981260.03
-0.50473966 0.75688286 2.0894242 975103.03 985785.03
-0.57066658 0.87146602 2.0963825 978451 989212
-0.63610347 0.98446484 2.0950207 981805.03 992550.03
-0.70335427 1.0986175 2.1113499 985107.03 996038.03
-0.77101848 1.2111842 2.112703 988465.03 999411.03
-0.83961962 1.3242094 2.1199241 991812 1002840
-0.90876368 1.4365384 2.1252184 995162 1006250
-0.97777728 1.5487885 2.1188649 998575.03 1009590
-1.0476324 1.661709 2.1307277 1001910 1013060
-1.1159544 1.7713351 2.1255119 1005250 1016340
-1.1854096 1.8825528 2.1325575 1008570 1019740
-1.2554377 1.9929488 2.139603 1011880 1023130
-1.3249003 2.1013912 2.1413933 1015170 1026440
-1.3943818 2.2091256 2.1458105 1018430 1029750
-1.4846577 2.3505801 2.1318485 1022810 1033970
-1.5776456 2.4983996 2.1327768 1027280 1038450
-1.6451334 2.6085395 2.1082937 1030730 1041620
-1.7110246 2.7194152 2.1057051 1034050 1044910
-1.7761898 2.8304945 2.0969859 1037400 1048160
-1.8420916 2.9445288 2.0926466 1040800 1051510
-1.9097262 3.0604935 2.1049478 1044170 1055020
-1.9769812 3.1744168 2.1032362 1047570 1058400
-2.0452324 3.2872907 2.1260461 1050820 1061910
-2.1149274 3.397896 2.1400977 1054090 1065340
-2.1873304 3.5079208 2.1655352 1057320 1068860
-2.2859218 3.6492196 2.1944877 1061570 1073440
-2.388118 3.7886582 2.2120551 1065900 1077970
-2.46333 3.8900536 2.2059626 1069170 1081170
-2.5390351 3.994958 2.1858582 1072600 1084370
-2.6125861 4.1016191 2.1631266 1076050 1087560
-2.6824359 4.210276 2.1211279 1079600 1090630
-2.7700938 4.3608665 2.0747637 1084330 1094830
-2.8295411 4.4753258 2.0248831 1087920 1097850
-2.8841085 4.5906815 2.0003996 1091330 1100980
-2.9370407 4.7089365 1.982923 1094750 1104200
-2.9879716 4.8287061 1.962819 1098200 1107420
-3.0379004 4.9503735 1.9576037 1101600 1110760
-3.0862823 5.072033 1.9410034 1105050 1114020
-3.1337606 5.1946789 1.9392914 1108430 1117380
-3.1814235 5.3168331 1.946337 1111750 1120780
-3.2456774 5.4771177 1.957774 1116110 1125270
-3.2960365 5.5983981 1.9709502 1119400 1128710
-3.3469534 5.7177486 1.9771197 1122690 1132070
-3.3997276 5.8377818 1.9929231 1125960 1135520
-3.4692148 5.993949 1.9859681 1130380 1139860
-3.5204572 6.1106083 1.983379 1133660 1143110
-3.5711161 6.2277333 1.9746595 1136980 1146330
-3.6207519 6.3452956 1.9659401 1140300 1149550
-3.6706276 6.4648721 1.965979 1143620 1152870
-3.7188978 6.5817373 1.9590108 1146900 1156070
-3.7673211 6.6989604 1.9660549 1150110 1159360
-3.8154627 6.8165087 1.9529565 1153440 1162540
-3.8779005 6.9718466 1.9530068 1157730 1166830
-3.9402231 7.1278611 1.9486783 1162060 1171110
-3.9856133 7.2414737 1.9530941 1165170 1174270
-4.0472331 7.3916671 1.9671553 1169250 1178510
-4.0934951 7.5000631 1.9812032 1172190 1181610
-4.1420294 7.6074624 2.0092638 1175050 1184790
-4.193393 7.7141863 2.0294423 1177970 1187940
-4.2637697 7.8528639 2.0513834 1181830 1192050
-4.3152533 7.9534282 2.0365291 1184810 1194860
-4.3782495 8.0868135 1.9875296 1188870 1198360
-4.4208805 8.1903845 1.9350156 1192040 1200930
-4.4568537 8.2958321 1.8641108 1195300 1203380
-4.4842368 8.3983848 1.7993354 1198390 1205730
-4.5057443 8.5023299 1.7503235 1201390 1208170
-4.5228102 8.6053175 1.7197023 1204240 1210670
-4.5368379 8.7044282 1.7030928 1206900 1213140
-4.5508056 8.805321 1.713633 1209450 1215810
-4.5665941 8.9023884 1.7504455 1211760 1218540
-4.585268 8.9919769 1.8021444 1213810 1221180
-4.6087839 9.0769806 1.879239 1215630 1223880
-4.6475079 9.1772808 1.9992543 1217700 1227320
-4.6811755 9.2429069 2.090358 1219070 1229730
-4.719099 9.3015719 2.1989749 1220240 1232140
-4.7597278 9.3510259 2.3181016 1221200 1234460
-4.7997453 9.3893611 2.4372235 1221940 1236560
-4.840882 9.4200446 2.5642273 1222530 1238600
-4.8826996 9.4432155 2.7069957 1222940 1240640
-4.9231036 9.4582894 2.8620206 1223160 1242630
-4.9596298 9.4657053 3.0205499 1223210 1244490
-4.9925841 9.4669673 -3.0971026 1223110 1246280
-5.0248979 9.4627465 -2.9263153 1222970 1248090
-5.0560073 9.4530406 -2.7520249 1222810 1249920
-5.0829423 9.4392793 -2.5864931 1222640 1251640
-5.106062 9.4222987 -2.4297195 1222480 1253270
-5.1259135 9.4024106 -2.2808281 1222350 1254840
-5.148403 9.3702759 -2.0820152 1222220 1256980
-5.1612106 9.3430902 -1.9401282 1222180 1258560
-5.1701708 9.3144059 -1.8070004 1222190 1260090
-5.1757038 9.2826875 -1.6800023 1222290 1261640
-5.1775015 9.2444839 -1.5556309 1222560 1263330
-5.1740205 9.2003258 -1.4286292 1222970 1265190
-5.1633537 9.1495287 -1.2989979 1223560 1267260
-5.1446352 9.0955065 -1.1754954 1224320 1269430
-5.1162842 9.0374728 -1.0572443 1225300 1271760
-5.0779794 8.9776609 -0.94512397 1226480 1274220
-5.0311324 8.9174427 -0.8741627 1228030 1276580
-4.960578 8.8368339 -0.82946559 1230520 1279580
-4.9007471 8.7717712 -0.82506017 1232760 1281870
-4.8399002 8.7047289 -0.84254862 1235180 1284090
-4.7814 8.637429 -0.86791952 1237610 1286230
-4.7226064 8.5665376 -0.88891087 1240090 1288470
-4.6617199 8.4895591 -0.91427917 1242750 1290840
-4.6030686 8.4106224 -0.94928058 1245470 1293160
-4.5472072 8.3292125 -0.98953691 1248230 1295460
-4.490321 8.2384412 -1.0324185 1251220 1297960
-4.4355049 8.1421176 -1.0744223 1254300 1300560
-4.3849537 8.0434865 -1.11993 1257400 1303140
-4.3365191 7.9390494 -1.1531748 1260540 1305900
-4.290469 7.8328994 -1.1697799 1263600 1308770
-4.246199 7.7253615 -1.1907638 1266700 1311630
-4.2017686 7.6124194 -1.2012367 1269870 1314680
-4.1600232 7.5017884 -1.2187169 1273000 1317610
-4.120953 7.3895636 -1.2528369 1276240 1320460
-4.0733668 7.2359851 -1.2878201 1280560 1324380
-4.0420408 7.1181263 -1.3341995 1283950 1327240
-4.0146952 6.9960769 -1.366566 1287340 1330260
-3.9904536 6.8733754 -1.3849197 1290650 1333360
-3.9683025 6.750873 -1.3988948 1293920 1336470
-3.9462434 6.6273623 -1.3892236 1297080 1339740
-3.9225012 6.5023762 -1.3769244 1300270 1343070
-3.8963797 6.3774666 -1.3523642 1303400 1346480
-3.8665462 6.2533911 -1.3172945 1306470 1349950
-3.8334373 6.1317664 -1.2927348 1309560 1353320
-3.7962732 6.0102968 -1.2550378 1312600 1356790
-3.7563286 5.891566 -1.2374846 1315710 1360100
-3.7141096 5.7721764 -1.22431 1318880 1363420
-3.6696321 5.6527736 -1.2041287 1322030 1366800
-3.623478 5.5327553 -1.2032141 1325320 1370100
-3.5754471 5.4113745 -1.1847836 1328560 1373550
-3.5275001 5.2950116 -1.1751123 1331730 1376830
-3.4777677 5.1781243 -1.1619372 1334910 1380160
-3.4266415 5.0629078 -1.1443839 1338040 1383490
-3.3739188 4.9471269 -1.1425941 1341290 1386760
-3.3198082 4.8322021 -1.1189098 1344410 1390150
-3.2643682 4.7218281 -1.0917231 1347420 1393470
-3.2021841 4.6083855 -1.0470192 1350480 1397040
-3.135775 4.4998732 -0.99618615 1353450 1400590
-3.0641214 4.3947489 -0.94885571 1356440 1404120
-2.9875175 4.2926855 -0.90502793 1359460 1407640
-2.9097404 4.1972378 -0.86908386 1362410 1411000
-2.8230952 4.09856 -0.83138596 1365560 1414580
-2.73673 4.005679 -0.81208084 1368700 1417940
-2.6498646 3.9159607 -0.79102456 1371780 1421260
-2.5620954 3.8265775 -0.79799344 1375030 1424430
-2.4777054 3.737732 -0.82422985 1378320 1427420
-2.3652865 3.6097515 -0.87585036 1382980 1431490
-2.2900493 3.5142722 -0.9309876 1386410 1434290
-2.2172695 3.4115943 -0.9773667 1389900 1437250
-2.1489076 3.3049966 -1.0237451 1393410 1440230
-2.0863421 3.1966958 -1.0701239 1396880 1443170
-2.0260479 3.0820184 -1.1033647 1400390 1446300
-1.95262 2.9289629 -1.1435996 1404970 1450420
-1.9002555 2.8093885 -1.1724612 1408480 1453600
-1.8524596 2.6925421 -1.192566 1411830 1456720
-1.8090896 2.5777277 -1.2266847 1415170 1459670
-1.767628 2.4591039 -1.2424113 1418480 1462800
-1.7287387 2.338793 -1.2739015 1421900 1465860
-1.693547 2.215726 -1.3106456 1425390 1468930
-1.6621024 2.0928541 -1.329875 1428750 1472070
-1.6342295 1.9709252 -1.3622412 1432140 1475090
-1.6083678 1.8457628 -1.3718364 1435470 1478310
-1.5835402 1.7197946 -1.3805556 1438810 1481550
-1.5600819 1.5953508 -1.3883994 1442100 1484750
-1.5356724 1.4706919 -1.3664666 1445230 1488130
-1.5084142 1.3468257 -1.3419069 1448340 1491520
-1.4756657 1.2232853 -1.2814395 1451270 1495140
-1.4353345 1.102831 -1.2139661 1454140 1498780
-1.3865862 0.98574162 -1.1386108 1456960 1502460
-1.3278363 0.87311659 -1.0413608 1459660 1506270
-1.260226 0.76858543 -0.95199362 1462340 1509970
-1.1828454 0.66932772 -0.86525338 1465070 1513690
-1.0995972 0.57914043 -0.78551955 1467760 1517290
-1.0089991 0.49576563 -0.70228406 1470440 1520920
-0.91248625 0.41994177 -0.62955661 1473170 1524480
-0.81245633 0.35224737 -0.56033366 1475870 1527970
-0.71004013 0.29198475 -0.50337267 1478590 1531340
-0.60517929 0.23566938 -0.48231815 1481520 1534510
-0.49992775 0.18050744 -0.48315824 1484570 1537550
-0.39648997 0.1236163 -0.52253362 1487820 1540350
-0.29504913 0.060610612 -0.58905734 1491260 1543030
-0.196682 -0.011140516 -0.67134351 1494850 1545680
-0.10588182 -0.092256523 -0.78691019 1498630 1548140
-0.026426 -0.18166277 -0.90160277 1502350 1550550
0.044107417 -0.28162486 -1.0110387 1506110 1553060
0.10239508 -0.38629448 -1.114345 1509770 1555540
0.15037056 -0.49692537 -1.2088929 1513400 1558090
0.2014019 -0.65165467 -1.2955465 1518070 1561770
0.23009771 -0.76857422 -1.3646964 1521550 1564460
0.25145093 -0.88963401 -1.4277164 1525060 1567250
0.26585766 -1.017214 -1.4889826 1528700 1570190
0.2725324 -1.1905485 -1.5756324 1533640 1574140
0.2693748 -1.3216334 -1.6141274 1537220 1577280
0.26197701 -1.4525489 -1.6403615 1540730 1580490
0.2525648 -1.5803982 -1.648205 1544060 1583730
0.24335995 -1.7117853 -1.6332771 1547350 1587190
0.23755034 -1.8384834 -1.5999593 1550410 1590630
0.23888451 -1.9684305 -1.5210999 1553290 1594410
0.25072523 -2.0923579 -1.4299799 1555960 1598120
0.2759448 -2.2124729 -1.2977012 1558350 1602020
0.33142139 -2.3583857 -1.1172418 1561320 1607050
0.38992553 -2.4588948 -0.97007568 1563460 1610870
0.4566173 -2.544465 -0.84743476 1565540 1614350
0.53260235 -2.6219035 -0.7423076 1567720 1617730
0.61466013 -2.6916722 -0.6669587 1570050 1620920
0.70139447 -2.7565174 -0.61700659 1572540 1623980
0.79131133 -2.8168723 -0.56530292 1575020 1627050
0.87954203 -2.8723002 -0.5565138 1577640 1629770
0.96653757 -2.9278558 -0.58012929 1580420 1632280
1.0520617 -2.9863433 -0.61950895 1583300 1634710
1.1337715 -3.0497297 -0.70004889 1586410 1636900
1.2073754 -3.1187151 -0.80598922 1589600 1638880
1.2732433 -3.1948609 -0.90930029 1592770 1640870
1.3321015 -3.2794178 -1.0161158 1596020 1642900
1.3795253 -3.366235 -1.1255578 1599180 1644810
1.4155973 -3.45541 -1.2472626 1602340 1646580
1.4404948 -3.5483265 -1.370719 1605510 1648340
1.4560593 -3.6755725 -1.5274455 1609690 1650730
1.4539842 -3.7723308 -1.6570334 1612910 1652470
1.4400206 -3.8657311 -1.7813661 1616040 1654180
1.4149011 -3.9567665 -1.8986914 1619130 1655930
1.3783377 -4.0478485 -2.006384 1622260 1657830
1.3321578 -4.1362169 -2.0983114 1625340 1659860
1.2767789 -4.2214656 -2.1954916 1628500 1661910
1.2145849 -4.3006423 -2.2777848 1631550 1664020
1.142838 -4.3796635 -2.3381823 1634630 1666410
1.0638268 -4.4573825 -2.3906954 1637770 1668950
0.98250752 -4.5300771 -2.4335762 1640810 1671500
0.89479672 -4.6031279 -2.4606911 1643890 1674270
0.80361499 -4.6756231 -2.4790476 1646980 1677150
0.71217756 -4.7449252 -2.5070382 1650080 1679930
0.6163067 -4.8131327 -2.5394065 1653280 1682760
0.48523574 -4.8989833 -2.5840244 1657550 1686520
0.38311284 -4.9593605 -2.6312813 1660860 1689290
0.2761379 -5.0166863 -2.6680277 1664180 1692190
0.16968964 -5.0686167 -2.7074025 1667440 1695000
0.023510616 -5.1307324 -2.7721622 1671880 1698700
-0.090044153 -5.171307 -2.8246729 1675270 1701490
-0.20607322 -5.2048562 -2.8955756 1678770 1704180
-0.32324211 -5.2298456 -2.9673531 1682250 1706840
-0.44363457 -5.2466628 -3.0382549 1685770 1709550
-0.59801091 -5.253701 3.1293735 1690390 1712850
-0.71174837 -5.2467263 3.0313202 1693870 1715210
-0.81863181 -5.2293141 2.9288862 1697230 1717400
-0.91781343 -5.2014376 2.8063063 1700570 1719340
-1.0085782 -5.162585 2.6679625 1703890 1721080
-1.0882098 -5.1151637 2.5410019 1706990 1722730
-1.1600159 -5.059066 2.4157926 1710040 1724350
-1.2209918 -4.9986288 2.3054699 1712870 1725920
-1.2721254 -4.9358409 2.2030275 1715530 1727410
-1.3153586 -4.8685302 2.0804419 1718280 1728760
-1.343425 -4.8088506 1.9403364 1720770 1729650
-1.3615864 -4.7428172 1.7380512 1723680 1730250
-1.3642015 -4.7121013 1.5734134 1725410 1730100
-1.3625928 -4.6920706 1.4078966 1726870 1729670
-1.3617437 -4.6886652 1.2450023 1727890 1728830
-1.3651176 -4.6965626 1.0891106 1728560 1727720
-1.3752949 -4.7129842 0.94284928 1728900 1726390
-1.3951208 -4.7368499 0.81234967 1728850 1724850
-1.4221781 -4.7621978 0.69323133 1728580 1723220
-1.4563672 -4.7881581 0.60564105 1727980 1721620
-1.4955335 -4.8138319 0.55483135 1727070 1720130
-1.5363498 -4.8383434 0.52679206 1726010 1718750
-1.578815 -4.8623495 0.50225574 1724900 1717360
-1.6219174 -4.8851939 0.47246414 1723820 1715940
-1.6640021 -4.9057346 0.43566758 1722830 1714530
-1.7041155 -4.92358 0.40149866 1721900 1713210
-1.7371466 -4.9371449 0.37784189 1721120 1712160
-1.7618881 -4.9467399 0.36206999 1720530 1711390
-1.7704743 -4.949962 0.35593677 1720330 1711120
-1.7684626 -4.9492131 0.35681329 1720380 1711180
-1.7405485 -4.9386261 0.36820749 1721080 1712010
-1.704264 -4.9242609 0.38573469 1721980 1713110
-1.6560577 -4.903993 0.4102723 1723180 1714590
-1.5982308 -4.8779621 0.43568903 1724660 1716360
-1.5332394 -4.8474286 0.44271674 1726460 1718240
-1.4641167 -4.815137 0.43135436 1728480 1720130
-1.3872827 -4.7809477 0.40598218 1730780 1722140
-1.3052502 -4.7469954 0.3788596 1733210 1724260
-1.2197185 -4.7144542 0.34823471 1735730 1726430
-1.1074123 -4.6762236 0.30798436 1739000 1729240
-1.0177705 -4.6490838 0.27998719 1741560 1731480
-0.92570058 -4.6240431 0.25111531 1744170 1733760
-0.83274485 -4.6016653 0.22136716 1746790 1736040
-0.70543803 -4.5755779 0.18287179 1750340 1739150
-0.60638634 -4.5586451 0.1557527 1753070 1741570
-0.50747289 -4.5446173 0.12600602 1755800 1743960
-0.40618897 -4.5338533 0.085750738 1758640 1746340
-0.30089552 -4.5263314 0.056881641 1761510 1748880
-0.19757615 -4.5218979 0.028887941 1764320 1751370
-0.093581683 -4.5207591 -0.0069878905 1767190 1753830
0.014692806 -4.5227943 -0.030601482 1770100 1756470
0.12288905 -4.5273855 -0.054215074 1773010 1759110
0.22968349 -4.5357628 -0.10235092 1776030 1761580
0.33444969 -4.5487055 -0.14348135 1778970 1764050
0.44014843 -4.5661071 -0.18285899 1781940 1766570
0.57920568 -4.5978515 -0.26601546 1786070 1769750
0.68157132 -4.6287501 -0.32028184 1789120 1772180
0.78628112 -4.6668213 -0.37717476 1792300 1774710
0.88738069 -4.7102894 -0.43494278 1795450 1777200
0.98719993 -4.7602214 -0.4927114 1798640 1779730
1.0869191 -4.817354 -0.54785064 1801900 1782360
1.1823567 -4.879259 -0.60299074 1805130 1784960
1.2726979 -4.9461197 -0.67126852 1808400 1787450
1.3600868 -5.019553 -0.72640799 1811640 1790060
1.4420638 -5.0970081 -0.78767886 1814880 1792600
1.5179155 -5.1788834 -0.85946 1818150 1795050
1.5880518 -5.2649498 -0.91460092 1821310 1797580
1.6534922 -5.3548799 -0.96886602 1824470 1800120
1.7110548 -5.4438298 -1.0240079 1827500 1802520
1.7627404 -5.5322758 -1.0598845 1830330 1804940
1.8117466 -5.6224541 -1.0861269 1833110 1807420
1.8554773 -5.7074778 -1.1053654 1835670 1809760
1.896207 -5.7896462 -1.1158473 1838080 1812050
1.9371425 -5.8738863 -1.1210739 1840510 1814420
1.9764083 -5.9563313 -1.1315559 1842910 1816700
2.0133547 -6.0364155 -1.1455419 1845250 1818880
2.0619213 -6.1459363 -1.1612699 1848410 1821860
2.0983311 -6.2303188 -1.1656212 1850790 1824190
2.132925 -6.3116592 -1.1717251 1853090 1826420
2.1789148 -6.4216526 -1.1778198 1856180 1829440
2.212729 -6.5033212 -1.178669 1858450 1831700
2.2452122 -6.58216 -1.1812707 1860650 1833870
2.2762827 -6.6584163 -1.1865007 1862790 1835950
2.3079245 -6.7367554 -1.1873511 1864960 1838110
2.3497168 -6.8398265 -1.1838145 1867790 1840980
2.3789413 -6.9113559 -1.1820397 1869760 1842970
2.4083498 -6.9821767 -1.172383 1871670 1844990
2.4391963 -7.0538716 -1.1565956 1873580 1847080
2.4703431 -7.1226623 -1.1346784 1875390 1849140
2.5014714 -7.1875869 -1.1127622 1877110 1851110
2.5351882 -7.253626 -1.0847146 1878850 1853170
2.5741727 -7.3243786 -1.0496591 1880720 1855440
2.6165061 -7.3961401 -1.0259882 1882720 1857710
2.6599679 -7.4672255 -1.0180811 1884810 1859890
2.7052344 -7.5401774 -1.0128007 1886980 1862120
2.7697953 -7.6434081 -1.0110125 1890090 1865250
2.8180852 -7.7213739 -1.0214944 1892500 1867540
2.8665723 -7.8010493 -1.0267211 1894920 1869900
2.9176064 -7.8855697 -1.0284431 1897460 1872420
2.968061 -7.9702101 -1.038047 1900040 1874890
3.0166659 -8.0532227 -1.0441486 1902540 1877320
3.0673511 -8.1402187 -1.0423667 1905110 1879910
3.1183555 -8.227933 -1.0458394 1907730 1882490
3.16829 -8.3142356 -1.0466852 1910290 1885040
3.2201033 -8.4030597 -1.0387723 1912880 1887720
3.2740515 -8.4942481 -1.0343616 1915570 1890460
3.3265849 -8.582421 -1.0325791 1918190 1893100
3.3801409 -8.6708881 -1.0202872 1920770 1895820
3.4354497 -8.7601143 -1.0114978 1923410 1898560
3.4900497 -8.8472507 -1.0105912 1926040 1901200
3.5462988 -8.9358872 -1.0000502 1928670 1903950
3.6042795 -9.0261936 -1.000018 1931420 1906700
3.6792516 -9.1445445 -1.0122369 1935080 1910220
3.7362826 -9.2366043 -1.0200864 1937900 1912950
3.7933568 -9.3309268 -1.0331901 1940800 1915700
3.8479679 -9.4235363 -1.0427913 1943610 1918400
3.9228097 -9.5522386 -1.045374 1947440 1922200
3.9784833 -9.6487459 -1.0497194 1950320 1925030
4.0342747 -9.7449626 -1.0409281 1953120 1927930
4.0927842 -9.8436558 -1.0303843 1956000 1930930
4.1508039 -9.9396847 -1.0242201 1958840 1933840
4.2116549 -10.038331 -1.0119243 1961740 1936880
4.2746105 -10.137732 -1.0005038 1964690 1939960
4.3373151 -10.234744 -0.99346292 1967610 1942960
4.4034322 -10.334422 -0.97678713 1970580 1946120
4.4698327 -10.432734 -0.97675145 1973620 1949160
4.5360564 -10.530224 -0.97146137 1976610 1952210
4.6037463 -10.628839 -0.96704663 1979650 1955300
4.6705559 -10.726165 -0.97139004 1982700 1958300
4.7376196 -10.824498 -0.97310584 1985760 1961340
4.805916 -10.925769 -0.98182712 1988940 1964420
4.8701194 -11.023435 -0.99668014 1992020 1967330
4.9369115 -11.126401 -0.99401596 1995150 1970490
5.0036183 -11.23012 -1.0044883 1998370 1973590
5.0708764 -11.336728 -1.0114567 2001640 1976780
5.138084 -11.444288 -1.0131702 2004900 1980020
5.2024162 -11.54835 -1.0210155 2008080 1983110
5.2675745 -11.653739 -1.0130962 2011210 1986330
5.3341363 -11.760551 -1.0139342 2014440 1989550
5.398697 -11.864244 -1.0138975 2017570 1992680
5.4652473 -11.970605 -1.0094809 2020760 1995920
5.5304429 -12.074589 -1.0120714 2023920 1999050
5.5969328 -12.179604 -1.0006489 2027040 2002300
5.6660122 -12.286204 -0.99097713 2030240 2005610
5.7340907 -12.389262 -0.98305799 2033360 2008820
5.8268532 -12.526516 -0.9698715 2037530 2013140
5.8967581 -12.628107 -0.96633134 2040670 2016320
5.9673776 -12.729204 -0.95578484 2043770 2019540
6.03836 -12.828849 -0.94786613 2046860 2022720
6.1073201 -12.9237 -0.93644573 2049800 2025790
6.1802848 -13.020443 -0.91276313 2052770 2029030
6.2538905 -13.114723 -0.90309369 2055780 2032150
6.3296308 -13.207803 -0.87240527 2058680 2035400
6.4067767 -13.297674 -0.85047514 2061590 2038560
6.4838399 -13.384248 -0.83642782 2064480 2041610
6.5634651 -13.469544 -0.80311289 2067280 2044790
6.6428727 -13.550455 -0.78643885 2070090 2047790
6.7234393 -13.628818 -0.75662879 2072800 2050840
6.8067314 -13.702819 -0.69616635 2075310 2054040
6.8927492 -13.770521 -0.63745607 2077780 2057180
6.9835376 -13.832721 -0.56385731 2080180 2060420
7.0735098 -13.885664 -0.49989342 2082490 2063460
7.1638371 -13.932307 -0.45344687 2084830 2066330
7.2574945 -13.975236 -0.40612328 2087200 2069240
7.34847 -14.012065 -0.36318089 2089470 2072000
7.4357148 -14.043353 -0.32549405 2091630 2074590
7.5216692 -14.070528 -0.2869327 2093720 2077120
7.6022303 -14.093267 -0.26326146 2095730 2079400
7.6762886 -14.112393 -0.24221992 2097570 2081480
7.7472763 -14.128454 -0.20278786 2099210 2083570
7.8171657 -14.141109 -0.15547429 2100760 2085660
7.8844568 -14.150211 -0.11341635 2102260 2087640
7.9470149 -14.156062 -0.073110989 2103640 2089480
7.9990573 -14.158479 -0.019673142 2104670 2091120
8.043543 -14.157912 0.0451481 2105440 2092630
8.0736881 -14.15545 0.11784785 2105800 2093820
8.0912276 -14.152676 0.19579788 2105810 2094720
8.0974846 -14.151151 0.28250142 2105480 2095380
8.0934321 -14.152562 0.38759399 2104770 2095870
8.0804304 -14.158839 0.51195201 2103690 2096210
8.0632928 -14.170062 0.6476908 2102390 2096460
8.0420224 -14.188716 0.79218636 2100840 2096560
8.0204821 -14.213939 0.93580603 2099170 2096530
8.0007811 -14.245111 1.0785461 2097410 2096400
7.9842487 -14.282175 1.2239137 2095540 2096190
7.9727671 -14.323131 1.3710337 2093610 2095940
7.967518 -14.364357 1.5172755 2091710 2095710
7.9682181 -14.403569 1.6600175 2089890 2095520
7.9740336 -14.440181 1.7966271 2088160 2095350
7.987563 -14.48256 1.9630123 2086070 2095160
8.0035905 -14.514903 2.0987483 2084370 2095010
8.0092659 -14.52401 2.1574219 2083760 2095070
8.0064094 -14.519817 2.1801938 2083760 2095330
7.9956609 -14.504476 2.1837025 2084220 2095830
7.9780711 -14.479394 2.1810845 2085020 2096600
7.9550589 -14.446915 2.1933573 2085970 2097690
7.9262549 -14.408516 2.2354092 2086960 2099160
7.8910055 -14.366263 2.2967305 2088020 2100920
7.8486431 -14.32119 2.3536753 2089280 2102830
7.801032 -14.275269 2.3948569 2090740 2104760
7.7471527 -14.227213 2.4316615 2092380 2106820
7.685357 -14.176098 2.4693441 2094220 2109090
7.6184558 -14.124178 2.4938913 2096250 2111400
7.5497168 -14.073066 2.5105568 2098350 2113690
7.4775543 -14.021014 2.5228444 2100560 2116040
7.3979798 -13.964567 2.5263769 2103040 2118560
7.3171152 -13.906567 2.5123941 2105670 2121030
7.2355543 -13.846213 2.4966606 2108360 2123540
7.1514154 -13.781819 2.4800526 2111170 2126160
7.0683575 -13.716037 2.4634446 2113980 2128780
6.9850787 -13.648346 2.454719 2116780 2131480
6.8971489 -13.576174 2.4538774 2119700 2134390
6.8105535 -13.504528 2.4469049 2122620 2137230
6.7254983 -13.432259 2.4276709 2125590 2139980
6.6365275 -13.352901 2.3988058 2128810 2142870
6.5513023 -13.271781 2.3629341 2132030 2145680
6.4674794 -13.18591 2.3253117 2135320 2148540
6.3837242 -13.095399 2.3095848 2138570 2151610
6.3045001 -13.006568 2.2886015 2141740 2154540
6.2253696 -12.913262 2.2597375 2145040 2157510
6.1487116 -12.818165 2.2387553 2148290 2160520
6.0764135 -12.722632 2.1985054 2151590 2163360
6.0057746 -12.622266 2.1696415 2154900 2166340
5.937461 -12.520067 2.1504111 2158160 2169380
5.8711352 -12.41518 2.1189204 2161520 2172380
5.8068085 -12.308143 2.1049454 2164800 2175500
5.7453476 -12.202133 2.0874665 2168040 2178540
5.6854636 -12.094331 2.0682365 2171310 2181590
5.626199 -11.985076 2.0673979 2174500 2184770
5.5687253 -11.876191 2.0455405 2177780 2187800
5.5123263 -11.765866 2.0411987 2180980 2190950
5.4560164 -11.654404 2.0359816 2184210 2194120
5.3823271 -11.50647 2.029901 2188480 2198320
5.3253414 -11.393818 2.0483302 2191610 2201660
5.2668772 -11.281927 2.0562501 2194800 2204940
5.2057639 -11.169455 2.0808105 2197940 2208360
5.1419179 -11.056717 2.0913587 2201200 2211740
5.0762478 -10.944804 2.1115407 2204410 2215180
5.0099661 -10.836898 2.1317218 2207540 2218540
4.91953 -10.694619 2.1422819 2211800 2222920
4.8263709 -10.55224 2.1580969 2216070 2227370
4.7558436 -10.445889 2.1546323 2219360 2230620
4.6831999 -10.337902 2.1713111 2222600 2234050
4.6093564 -10.229785 2.1687231 2225970 2237390
4.5331038 -10.119296 2.1810243 2229340 2240900
4.4326396 -9.9754977 2.1802013 2233840 2245390
4.3558933 -9.8660672 2.1846203 2237240 2248840
4.2781805 -9.7558851 2.1855365 2240690 2252300
4.199767 -9.6435744 2.1750683 2244260 2255750
4.0966609 -9.4942463 2.1751228 2248910 2260400
4.0192601 -9.3809957 2.1655304 2252480 2263860
3.9423335 -9.2669545 2.1629444 2256020 2267370
3.8675341 -9.1524353 2.1358361 2259680 2270720
3.7948432 -9.0356474 2.1192374 2263300 2274150
3.7253817 -8.9175892 2.0859989 2267000 2277470
3.6578411 -8.7959603 2.0694009 2270660 2280940
3.5914911 -8.6725705 2.0589337 2274310 2284470
3.5270162 -8.5497296 2.0493418 2277920 2287970
3.4633255 -8.4266983 2.0476316 2281480 2291510
3.4012107 -8.3033025 2.0266545 2285140 2294930
3.3396418 -8.1774567 2.0249448 2288740 2298510
3.2803424 -8.0526839 2.0039677 2292400 2301930
3.2240922 -7.929076 1.9917476 2295950 2305340
3.1682316 -7.8010209 1.9725224 2299640 2308810
3.1152351 -7.6723856 1.9506696 2303330 2312250
3.0630366 -7.5404848 1.9445818 2307000 2315850
3.0134655 -7.4111176 1.9288593 2310640 2319310
2.9482396 -7.2363555 1.9271638 2315430 2324080
2.9011958 -7.1068782 1.911441 2319050 2327520
2.8402157 -6.9338965 1.907993 2323770 2332200
2.7958437 -6.8055422 1.899276 2327300 2335630
2.7363265 -6.6326692 1.9054615 2331950 2340350
2.6904279 -6.5036105 1.9195153 2335380 2343940
2.6422101 -6.3762343 1.9458295 2338720 2347580
2.5929567 -6.2530299 1.9563788 2342060 2351040
2.5418929 -6.1297195 1.9704313 2345400 2354540
2.4881324 -6.0035223 1.9766029 2348880 2358090
2.4356808 -5.881007 1.9740157 2352310 2361490
2.3817986 -5.7559218 1.9810627 2355760 2365020
2.3283976 -5.6321169 1.9749729 2359250 2368440
2.275085 -5.5091234 1.9846466 2362630 2371930
2.2221759 -5.3876576 1.978556 2366060 2375290
2.1704065 -5.2682504 1.9812224 2369380 2378640
2.1164333 -5.1455443 1.9891447 2372770 2382120
2.0638187 -5.0265059 1.984805 2376130 2385430
2.010964 -4.9073602 1.9918502 2379430 2388810
1.9591845 -4.7905127 1.9840067 2382750 2392040
1.9079944 -4.6740448 1.9857965 2386000 2395310
1.8545725 -4.5540835 1.9937179 2389320 2398720
1.8026604 -4.4379358 1.9885015 2392610 2401950
1.7503806 -4.3215249 1.9972975 2395830 2405270
1.6982433 -4.2061201 1.9929568 2399100 2408490
1.6461621 -4.0911194 1.9991251 2402300 2411760
1.5932171 -3.9754387 2.0009149 2405550 2415030
1.5418952 -3.8626636 1.9948216 2408760 2418170
1.4895597 -3.7482046 2.0044929 2411930 2421450
1.4373142 -3.6343499 1.9975244 2415180 2424620
1.3680898 -3.4829874 2.0019533 2419420 2428910
1.3170067 -3.3718195 2.0011142 2422560 2432040
1.2662776 -3.2602766 1.9941448 2425740 2435140
1.2145123 -3.1462013 1.999437 2428920 2438380
1.1634331 -3.0324601 1.9863378 2432190 2441500
1.1136785 -2.9198374 1.9872507 2435340 2444660
1.0628902 -2.805967 1.9934185 2438500 2447890
1.0128241 -2.6941223 1.9899523 2441660 2451010
0.96104699 -2.579411 1.9996236 2444830 2454290
0.90977244 -2.4666156 1.9952819 2448030 2457440
0.85923629 -2.3551967 1.997946 2451150 2460590
0.80762537 -2.2423401 2.0014864 2454310 2463790
0.75721087 -2.1310817 1.9910137 2457500 2466860
0.70807754 -2.0213861 1.9928014 2460570 2469950
0.65967508 -1.9117927 1.9805764 2463710 2472950
0.61405933 -1.8046053 1.9657231 2466780 2475850
0.5693709 -1.6976631 1.9675094 2469740 2478830
0.52696413 -1.5956891 1.9622879 2472600 2481630
0.48732124 -1.4995398 1.9614435 2475270 2484290
0.44817811 -1.4063525 1.9754863 2477780 2486960
0.40995349 -1.3176526 1.9798942 2480230 2489460
0.37318783 -1.2340624 1.990431 2482510 2491860
0.33559496 -1.1521271 2.0114769 2484700 2494290
0.29739561 -1.0728489 2.0281432 2486860 2496640
0.2593342 -0.99610883 2.0342995 2489020 2498870
0.22110979 -0.92119976 2.0509645 2491080 2501120
0.18224344 -0.84860679 2.0737595 2493060 2503360
0.14388211 -0.77974001 2.0842926 2495020 2505440
0.1063167 -0.71333551 2.0869429 2496960 2507410
0.068880589 -0.64842914 2.1009781 2498800 2509410
0.031061058 -0.58556177 2.1237703 2500550 2511420
-0.0065891121 -0.52556599 2.1386799 2502280 2513320
-0.043893645 -0.46743245 2.1439553 2504020 2515120
-0.080753873 -0.41086969 2.1527334 2505700 2516900
-0.1172684 -0.35641727 2.1702687 2507280 2518680
-0.15366316 -0.30424612 2.1895551 2508800 2520420
-0.1889636 -0.25512702 2.198331 2510300 2522020
-0.2239186 -0.20720253 2.2036035 2511790 2523570
-0.2589357 -0.15980771 2.2106275 2513260 2525120
-0.29378462 -0.11374878 2.2264089 2514650 2526690
-0.32819281 -0.069812873 2.2439413 2515980 2528220
-0.37266502 -0.014934593 2.2597267 2517700 2530120
-0.40516089 0.024278033 2.2658724 2518970 2531460
-0.43728647 0.062528442 2.2728936 2520210 2532780
-0.46920675 0.099930667 2.2816662 2521420 2534090
-0.50023697 0.13552447 2.2939415 2522560 2535370
-0.53025625 0.16914675 2.3053401 2523650 2536590
-0.55878748 0.20043343 2.3149864 2524680 2537730
-0.58638378 0.230193 2.3220048 2525680 2538810
-0.61333635 0.25895308 2.3255198 2526670 2539840
-0.63987824 0.28702688 2.3307861 2527630 2540860
-0.66590606 0.31424426 2.3369279 2528560 2541860
-0.69197612 0.34114916 2.3439454 2529480 2542860
-0.71676353 0.36630752 2.3535897 2530330 2543820
-0.74081349 0.39027205 2.3623576 2531150 2544740
-0.76325095 0.41226041 2.3702492 2531910 2545590
-0.79175913 0.43976024 2.378143 2532880 2546650
-0.8115446 0.4585962 2.383406 2533550 2547380
-0.83071049 0.47666684 2.3877928 2534200 2548080
-0.84910031 0.493854 2.3921792 2534820 2548750
-0.8667065 0.5101647 2.3965653 2535410 2549390
-0.8835219 0.52560628 2.4009512 2535970 2550000
-0.89925017 0.53992294 2.4053364 2536490 2550570
-0.91417213 0.55338646 2.4097214 2536980 2551110
-0.92798917 0.56574358 2.4141058 2537430 2551610
-0.94054149 0.57688078 2.417614 2537840 2552060
-0.95211231 0.58706581 2.4219975 2538210 2552480
-0.96730339 0.60052024 2.4114943 2538790 2552940
-0.98209485 0.61412605 2.384351 2539460 2553300
-1.002808 0.63452754 2.3431976 2540440 2553810
-1.0291322 0.66280519 2.2976685 2541690 2554540
-1.0604255 0.69971507 2.2503909 2543200 2555510
-1.0961503 0.74583893 2.209247 2544930 2556770
-1.1339326 0.79846148 2.1777382 2546770 2558250
-1.173457 0.85629521 2.1628709 2548650 2559960
-1.2143251 0.91792871 2.1497563 2550620 2561780
-1.2561864 0.98403245 2.1208792 2552790 2563620
-1.2986371 1.0552708 2.0955064 2555060 2565600
-1.3410626 1.1296868 2.0823953 2557330 2567720
-1.3841472 1.2075352 2.0701612 2559680 2569930
-1.4270185 1.2883859 2.0465425 2562160 2572140
-1.4702873 1.3736446 2.0343104 2564680 2574520
-1.5154312 1.4638602 2.0352164 2567260 2577110
-1.5605138 1.5545412 2.0291163 2569890 2579670
-1.6051442 1.6463132 2.0177619 2572570 2582220
-1.650477 1.7407809 2.0186691 2575250 2584910
-1.6955665 1.8362298 2.0055639 2578030 2587540
-1.7387092 1.9310747 1.9898313 2580790 2590120
-1.781545 2.027128 1.9907385 2583480 2592820
-1.8372546 2.155036 1.972389 2587160 2596290
-1.8767118 2.2497837 1.9584075 2589870 2598840
-1.9168654 2.3482543 1.9575635 2592600 2601560
-1.9564466 2.4471653 1.9453347 2595400 2604220
-1.9947073 2.5457589 1.9366086 2598160 2606880
-2.0332997 2.6461086 1.9392681 2600900 2609650
-2.0717567 2.7475524 1.9270398 2603750 2612360
-2.1084764 2.8475622 1.9183141 2606530 2615040
-2.14616 2.951167 1.9209745 2609340 2617880
-2.1833994 3.0541014 1.9148769 2612180 2620650
-2.2203987 3.1565015 1.9201643 2614940 2623470
-2.2613341 3.2651459 1.9420939 2617790 2626570
-2.3046722 3.373904 1.9578932 2620700 2629660
-2.3497328 3.4813241 1.978071 2623570 2632760
-2.3977419 3.5902384 1.9938708 2626530 2635900
-2.4460369 3.6977437 1.9921546 2629560 2638910
-2.4964841 3.8077022 2.0097066 2632560 2642110
-2.5648695 3.9538633 2.0071278 2636710 2646230
-2.6156812 4.0617127 2.0150456 2639720 2649330
-2.6684196 4.1710229 2.0255914 2642770 2652500
-2.7222129 4.2809063 2.0265042 2645900 2655640
-2.7784469 4.3924071 2.0493118 2648970 2658970
-2.8350952 4.501726 2.0484729 2652130 2662120
-2.8902509 4.6089581 2.0432545 2655250 2665180
-2.9461798 4.7188644 2.0397884 2658430 2668320
-2.9997255 4.828434 2.0109241 2661720 2671280
-3.0506688 4.9392351 1.9925695 2664950 2674300
-3.099482 5.0503545 1.9768417 2668150 2677320
-3.1464432 5.1622679 1.9593626 2671360 2680330
-3.1935319 5.2777185 1.9567726 2674570 2683510
-3.2397984 5.3943412 1.9401705 2677880 2686630
-3.2836798 5.5081252 1.9375799 2681020 2689740
-3.3287076 5.6250214 1.939369 2684220 2692960
-3.3729137 5.7409812 1.9306485 2687450 2696090
-3.4172683 5.8585529 1.9324377 2690660 2699320
-3.4612317 5.9764795 1.9228419 2693940 2702490
-3.5024345 6.0900162 1.9149963 2697080 2705540
-3.5453117 6.2089648 1.9185372 2700300 2708800
-3.5867711 6.3257263 1.9054378 2703550 2711900
-3.6268541 6.4421424 1.8993442 2706740 2715020
-3.665818 6.5589379 1.8862443 2709970 2718100
-3.7014384 6.6720991 1.8652614 2713130 2721020
-3.7366023 6.7898906 1.8565404 2716330 2724120
-3.7702146 6.9075253 1.8416889 2719550 2727170
-3.8009494 7.02029 1.8320905 2722600 2730110
-3.8317988 7.1364614 1.8286234 2725700 2733170
-3.8616485 7.2512803 1.8216529 2728780 2736170
-3.8919866 7.3685931 1.8260682 2731860 2739300
-3.9222422 7.4843144 1.8269798 2734920 2742370
-3.9512201 7.595731 1.8235113 2737890 2745300
-3.9805952 7.7084556 1.8279252 2740850 2748310
-4.0193251 7.8570541 1.8235924 2744810 2752220
-4.0476324 7.9666277 1.8236264 2747710 2755120
-4.0767223 8.0774101 1.8315428 2750600 2758100
-4.105589 8.1850227 1.8342038 2753440 2760970
-4.1356821 8.2922969 1.8543801 2756180 2763940
-4.1679967 8.3983134 1.8789356 2758880 2766920
-4.2136504 8.5313851 1.923643 2762230 2770780
-4.2521254 8.6275884 1.9788484 2764570 2773750
-4.2940812 8.7178257 2.0331769 2766810 2776610
-4.3387575 8.8003662 2.1006404 2768830 2779400
-4.388329 8.8777547 2.1803634 2770730 2782210
-4.4404483 8.9469603 2.2522036 2772540 2784840
-4.4968167 9.0119783 2.3179131 2774370 2787420
-4.5579299 9.0731125 2.3941327 2776150 2790070
-4.6199801 9.1269454 2.4598404 2777880 2792550
-4.6817949 9.1739579 2.5229208 2779510 2794900
-4.7431979 9.214468 2.5938805 2780990 2797190
-4.8011682 9.2471311 2.6630879 2782300 2799290
-4.8530868 9.2719888 2.7270374 2783410 2801130
-4.8953383 9.2887767 2.7997403 2784160 2802710
-4.9285406 9.2989768 2.8873298 2784550 2804100
-4.9541305 9.30435 2.9819225 2784680 2805310
-4.9704268 9.3061168 3.0852685 2784510 2806320
-4.9770627 9.3061186 -3.0858147 2784040 2807130
-4.9743514 9.3064375 -2.9632047 2783270 2807760
-4.9626245 9.3094016 -2.8248348 2782170 2808240
-4.9472745 9.3156778 -2.6820872 2780930 2808630
-4.9279355 9.3270545 -2.5375899 2779530 2808880
-4.9060152 9.3446293 -2.39397 2777990 2808980
-4.8836814 9.3686215 -2.2468499 2776310 2808980
-4.8614218 9.4013826 -2.0883452 2774390 2808870
-4.8428252 9.4411502 -1.9280888 2772350 2808660
-4.8304135 9.4842755 -1.7739661 2770320 2808390
-4.8242621 9.5299105 -1.6356051 2768350 2808000
-4.824157 9.5777139 -1.5103829 2766410 2807490
-4.8289333 9.6213544 -1.4131852 2764730 2806920
-4.8365467 9.6600261 -1.3396314 2763300 2806330
-4.8435478 9.6864304 -1.2835891 2762280 2805950
-4.8497869 9.7055342 -1.2266695 2761440 2805760
-4.848907 9.7031546 -1.206526 2761390 2805940
-4.8404453 9.680904 -1.2082705 2762010 2806540
-4.8299056 9.6525562 -1.221398 2762860 2807240
-4.8166726 9.6150151 -1.2424048 2764000 2808140
-4.8017517 9.569803 -1.2616579 2765330 2809250
-4.7836875 9.5116669 -1.2774035 2766980 2810720
-4.763265 9.4436404 -1.2808852 2768820 2812520
-4.7409405 9.3698709 -1.2729801 2770750 2814540
-4.7171915 9.2928626 -1.2703286 2772800 2816620
-4.6922685 9.2119292 -1.2738061 2774990 2818770
-4.6653462 9.12651 -1.2571395 2777190 2821160
-4.6257282 9.0109642 -1.2238231 2780130 2824480
-4.5932179 8.9216738 -1.2194157 2782540 2826940
-4.5588824 8.8295187 -1.2088766 2785000 2829520
-4.5219529 8.7337569 -1.1965851 2787560 2832220
-4.4837249 8.6351519 -1.205311 2790320 2834880
-4.444589 8.5316686 -1.2131598 2793200 2837670
-4.4049445 8.4262938 -1.2087471 2796060 2840580
-4.3656003 8.3201799 -1.2227257 2799040 2843400
-4.3262382 8.2109585 -1.2270697 2802040 2846350
-4.2870814 8.1018693 -1.2252833 2805000 2849330
-4.2487029 7.992711 -1.2401368 2808050 2852210
-4.2103247 7.8810721 -1.2392257 2811070 2855240
-4.1724325 7.76927 -1.2488237 2814150 2858210
-4.1359545 7.6559705 -1.2698069 2817320 2861140
-4.1014629 7.5420524 -1.2837837 2820450 2864110
-4.0695957 7.4291971 -1.3073944 2823590 2866980
-4.0394158 7.3130518 -1.3257498 2826770 2869950
-4.0095959 7.1935941 -1.3265887 2829930 2873100
-3.9806893 7.0747165 -1.337937 2833130 2876170
-3.9523639 6.9569003 -1.3317702 2836200 2879310
-3.9235527 6.8379995 -1.3343607 2839350 2882430
-3.8952215 6.7171766 -1.3465843 2842600 2885540
-3.8662625 6.5936972 -1.3342854 2845780 2888860
-3.8373864 6.4732051 -1.3368755 2848970 2892020
-3.807913 6.3516513 -1.3289557 2852130 2895270
-3.7758484 6.2275304 -1.3070228 2855290 2898680
-3.7410726 6.103531 -1.2877165 2858480 2902090
-3.7018322 5.9796436 -1.2403855 2861540 2905690
-3.659411 5.8599115 -1.2202045 2864680 2909060
-3.6130968 5.7374466 -1.1982706 2867910 2912540
-3.5656897 5.6164495 -1.1964802 2871230 2915880
-3.5197392 5.4971894 -1.2095783 2874580 2919080
-3.4745335 5.379106 -1.2007826 2877770 2922370
-3.4283839 5.2601332 -1.2007443 2881040 2925640
-3.3799781 5.1380614 -1.1858165 2884320 2929090
-3.3291635 5.0173943 -1.1586277 2887520 2932600
-3.2761581 4.9002414 -1.1331917 2890670 2936040
-3.2205131 4.7869203 -1.0954951 2893690 2939490
-3.1611921 4.674817 -1.0726867 2896810 2942870
-3.0982276 4.5627003 -1.0454988 2899950 2946320
-3.0347215 4.4558527 -1.0235667 2903010 2949630
-2.9673468 4.3481665 -0.99988237 2906130 2953020
-2.8949112 4.2391017 -0.96919096 2909310 2956550
-2.821017 4.1343428 -0.94375462 2912450 2959980
-2.7450959 4.0312888 -0.92795225 2915640 2963350
-2.6713155 3.9329637 -0.92616376 2918780 2966510
-2.5961511 3.8310464 -0.94451748 2922130 2969650
-2.5232403 3.7265536 -0.97863487 2925590 2972720
-2.4570285 3.6225186 -1.0293931 2929040 2975590
-2.3948401 3.5142258 -1.0696415 2932470 2978560
-2.3378582 3.4057443 -1.1046357 2935810 2981500
-2.2825144 3.2920585 -1.1308712 2939200 2984590
-2.2287327 3.177412 -1.1334605 2942460 2987820
-2.1776801 3.0670897 -1.141306 2945620 2990890
-2.1261681 2.9539711 -1.1456477 2948830 2994050
-2.0602012 2.8049956 -1.1622385 2953100 2998130
-2.0127471 2.6907508 -1.1919779 2956440 3001130
-1.9679831 2.575216 -1.2103321 2959720 3004200
-1.9269634 2.4595412 -1.2497055 2963090 3007120
-1.8890273 2.3411782 -1.2715627 2966400 3010180
-1.8538361 2.2242097 -1.2855385 2969610 3013230
-1.8210243 2.1087815 -1.3021423 2972780 3016210
-1.7872541 1.9907842 -1.2819623 2975810 3019470
-1.7507713 1.8725782 -1.2609066 2978860 3022760
-1.7105166 1.754569 -1.2232099 2981840 3026170
-1.6660367 1.642066 -1.1653725 2984610 3029600
-1.6164129 1.5325908 -1.1250504 2987460 3032910
-1.5620249 1.4243084 -1.0856036 2990340 3036240
-1.506061 1.3210329 -1.0627982 2993220 3039380
-1.4484714 1.2186527 -1.054005 2996180 3042440
-1.390232 1.1173179 -1.0443364 2999120 3045490
-1.3310103 1.0154214 -1.044301 3002140 3048510
-1.269814 0.90971053 -1.0477675 3005290 3051620
-1.2088598 0.80453303 -1.043352 3008380 3054760
-1.1483598 0.7006727 -1.0433158 3011460 3057840
-1.0848911 0.59335225 -1.0301417 3014580 3061110
-1.0206594 0.48762389 -1.0195951 3017690 3064340
-0.95423058 0.38072926 -1.0099238 3020860 3067620
-0.88751525 0.27585722 -0.9985013 3023980 3070870
-0.82235346 0.173929 -1.0054712 3027120 3073930
-0.75469151 0.065501241 -1.0203214 3030480 3077120
-0.69131658 -0.040966616 -1.0474332 3033810 3080140
-0.60929525 -0.18691425 -1.0701532 3038230 3084300
-0.54911893 -0.29700762 -1.0709913 3041450 3087510
-0.48851963 -0.40798029 -1.0709532 3044690 3090750
-0.42666376 -0.51915169 -1.055151 3047860 3094100
-0.36766049 -0.62229771 -1.0472333 3050860 3097190
-0.30607313 -0.72801007 -1.0393145 3053950 3100370
-0.24314751 -0.83429141 -1.033147 3057080 3103570
-0.18132814 -0.93964033 -1.0471228 3060290 3106620
-0.11848105 -1.0493569 -1.0540912 3063570 3109820
-0.058743746 -1.1556766 -1.0636881 3066750 3112890
0.0028863379 -1.2676403 -1.0715317 3070070 3116120
0.065472682 -1.3808609 -1.0601077 3073320 3119500
0.12627477 -1.4897154 -1.0626976 3076530 3122680
0.18827375 -1.6003612 -1.0574048 3079750 3125960
0.269703 -1.7464169 -1.0669883 3084090 3130190
0.33228549 -1.8620856 -1.0827129 3087550 3133470
0.39165834 -1.9757042 -1.0958111 3090910 3136680
0.4489095 -2.0890952 -1.1106611 3094250 3139850
0.52445276 -2.2428593 -1.1176159 3098680 3144200
0.57901666 -2.3569218 -1.1315904 3102000 3147360
0.63398766 -2.4727345 -1.1236699 3105240 3150690
0.68724722 -2.5841739 -1.1262601 3108420 3153840
0.74049185 -2.6979957 -1.1402349 3111720 3156980
0.79311724 -2.8140376 -1.1498305 3115040 3160190
0.84277584 -2.92883 -1.1751904 3118390 3163250
0.89041258 -3.0453212 -1.1900409 3121700 3166390
0.93647864 -3.1620231 -1.1996368 3124970 3169550
0.98358326 -3.2854381 -1.2127338 3128430 3172860
1.0302607 -3.409017 -1.2065637 3131780 3176280
1.0756845 -3.5291036 -1.2117798 3135100 3179540
1.1207335 -3.6472469 -1.2012324 3138280 3182840
1.1645218 -3.758974 -1.1933144 3141310 3185960
1.2231897 -3.9063641 -1.1906393 3145360 3190040
1.2664298 -4.0134783 -1.1835984 3148280 3193040
1.3085692 -4.1174616 -1.1879436 3151180 3195890
1.351216 -4.222291 -1.1809033 3154040 3198830
1.3943619 -4.3258599 -1.1712361 3156860 3201760
1.4378726 -4.4299093 -1.1782085 3159790 3204610
1.4826485 -4.537238 -1.1729188 3162740 3207620
1.5277973 -4.6465256 -1.1851445 3165840 3210580
1.572224 -4.7590483 -1.2043751 3169050 3213570
1.6160091 -4.873289 -1.2052143 3172190 3216700
1.6581921 -4.9847964 -1.2130604 3175290 3219710
1.7001829 -5.0974196 -1.2147759 3178380 3222780
1.7420603 -5.2098768 -1.213864 3181450 3225860
1.7837631 -5.3226069 -1.2190826 3184560 3228910
1.825443 -5.4361785 -1.2190463 3187660 3232010
1.8670098 -5.5495826 -1.2198859 3190760 3235100
1.9229154 -5.7069734 -1.2391028 3195150 3239270
1.9636943 -5.8270709 -1.2478227 3198450 3242470
2.0023009 -5.9460365 -1.2661764 3201760 3245570
2.0403916 -6.0651716 -1.2565053 3204910 3248830
2.0785339 -6.1828519 -1.2582197 3208090 3251990
2.1169686 -6.3024898 -1.2616851 3211330 3255190
2.1550085 -6.4199998 -1.2537659 3214450 3258400
2.1920289 -6.5353793 -1.2668662 3217630 3261430
2.2288053 -6.6522672 -1.2650779 3220760 3264580
2.2654324 -6.7708378 -1.2773016 3224010 3267690
2.2991458 -6.8902703 -1.3140473 3227400 3270660
2.3296226 -7.0099647 -1.3288985 3230650 3273740
2.3577334 -7.1290328 -1.3490046 3233900 3276760
2.3849006 -7.2485214 -1.3454646 3237020 3279920
2.4136128 -7.3684523 -1.3261603 3240070 3283190
2.4531848 -7.5234836 -1.3156028 3244110 3287350
2.4844436 -7.6389383 -1.2971757 3247070 3290520
2.5158035 -7.7535549 -1.3102766 3250190 3293490
2.5468667 -7.8700721 -1.3102404 3253280 3296580
2.5875703 -8.0229935 -1.3110687 3257340 3300630
2.6175407 -8.1365717 -1.3145365 3260370 3303620
2.6481146 -8.2514008 -1.3066188 3263370 3306710
2.6786926 -8.3666347 -1.3162165 3266480 3309710
2.7088735 -8.4811642 -1.3100505 3269480 3312780
2.7398536 -8.5944713 -1.2977544 3272420 3315860
2.770615 -8.7058124 -1.3047259 3275420 3318780
2.8017075 -8.8196956 -1.3038147 3278440 3321810
2.8325058 -8.9340604 -1.3116611 3281520 3324800
2.8619125 -9.0473814 -1.3221353 3284580 3327740
2.8916164 -9.1620379 -1.3124662 3287560 3330830
2.920736 -9.2746259 -1.3229406 3290600 3333750
2.9486567 -9.388724 -1.3386694 3293700 3336670
2.9736261 -9.499308 -1.3587789 3296720 3339460
2.994203 -9.6095995 -1.4139189 3299910 3342020
3.0088755 -9.7190612 -1.4611783 3303010 3344580
3.0190706 -9.8294213 -1.4961764 3306050 3347220
3.0245973 -9.9367919 -1.5425605 3309070 3349710
3.0254727 -10.039228 -1.5819399 3311920 3352110
3.0209237 -10.175152 -1.6265636 3315660 3355340
3.0134953 -10.273408 -1.6659442 3318410 3357640
3.0026332 -10.365453 -1.7105813 3321040 3359760
2.9879461 -10.453803 -1.7604744 3323620 3361770
2.97013 -10.535192 -1.8121201 3326050 3363610
2.9505926 -10.604896 -1.8760304 3328270 3365100
2.9203874 -10.68526 -1.9846016 3331090 3366680
2.8951718 -10.736352 -2.0739151 3333060 3367630
2.8709031 -10.776172 -2.1623551 3334760 3368320
2.8506033 -10.803628 -2.2525504 3336150 3368680
2.834137 -10.822145 -2.3427485 3337300 3368800
2.8261806 -10.829633 -2.4303226 3338080 3368580
2.8270992 -10.828905 -2.5126465 3338520 3368080
2.8376454 -10.821857 -2.5923465 3338650 3367300
2.8579083 -10.810516 -2.6702981 3338500 3366260
2.8846732 -10.798194 -2.7500031 3338200 3365050
2.9205949 -10.785065 -2.8323389 3337690 3363600
2.9640541 -10.773106 -2.9137994 3337000 3361980
3.0315908 -10.760599 -3.0031498 3335750 3359710
3.0856646 -10.754292 -3.047831 3334610 3358060
3.1444135 -10.749701 -3.0793769 3333280 3356370
3.209128 -10.74675 -3.1126761 3331810 3354520
3.3025934 -10.746709 3.1135553 3329740 3351800
3.3727512 -10.750216 3.0697451 3328190 3349750
3.4440218 -10.757201 3.0180519 3326650 3347620
3.515964 -10.768222 2.9611047 3325110 3345430
3.5877818 -10.783222 2.9102873 3323520 3343260
3.6570709 -10.801313 2.8620973 3321960 3341150
3.7260569 -10.823257 2.8051494 3320430 3338970
3.7952958 -10.850861 2.7193003 3319010 3336570
3.8605329 -10.884002 2.623819 3317680 3334150
3.9209622 -10.922429 2.5265856 3316400 3331760
3.9784869 -10.967653 2.4240971 3315110 3329300
4.0305355 -11.017688 2.3277387 3313810 3326900
4.0883533 -11.085064 2.2322519 3312080 3324080
4.1265143 -11.137171 2.1735553 3310760 3322090
4.1621459 -11.191507 2.1288711 3309350 3320170
4.1954942 -11.246361 2.1052059 3307840 3318390
4.2271555 -11.30018 2.0999324 3306270 3316760
4.2581395 -11.353488 2.0946592 3304720 3315150
4.2882224 -11.406415 2.0806284 3303240 3313510
4.3158952 -11.456889 2.0639712 3301860 3311940
4.3398925 -11.50225 2.0508191 3300620 3310550
4.3579277 -11.537077 2.0464284 3299640 3309520
4.3691663 -11.558944 2.0446695 3299020 3308880
4.3713032 -11.563111 2.0446681 3298900 3308760
4.364714 -11.550262 2.0446724 3299270 3309130
4.3499075 -11.521454 2.0464338 3300090 3309970
4.3289651 -11.4811 2.052578 3301220 3311170
4.3003314 -11.427375 2.0683604 3302690 3312820
4.263804 -11.361507 2.0858985 3304520 3314850
4.2224716 -11.288939 2.0911783 3306630 3317020
4.1764763 -11.208924 2.0938333 3308980 3319400
4.1265454 -11.123973 2.1105028 3311410 3322020
4.0730946 -11.034303 2.1061551 3314110 3324670
4.0181745 -10.939838 2.0886724 3317010 3327370
3.959934 -10.837828 2.0904591 3320010 3330390
3.9008854 -10.733137 2.0782344 3323160 3333400
3.8419951 -10.626124 2.0695133 3326340 3336480
3.7812642 -10.515889 2.0791846 3329510 3339760
3.7209072 -10.406343 2.0695886 3332770 3342910
3.6412721 -10.263308 2.0880292 3336860 3347210
3.5812875 -10.159149 2.0985747 3339880 3350350
3.5189733 -10.055 2.1213815 3342860 3353590
3.4532861 -9.9510927 2.1476919 3345860 3356890
3.3839798 -9.8465071 2.1643694 3348980 3360200
3.3118335 -9.7414826 2.1810476 3352150 3363560
3.2389429 -9.6379294 2.1872161 3355360 3366840
3.1657563 -9.5338675 2.180248 3358660 3370060
3.0917203 -9.4280163 2.1820382 3361960 3373380
3.0177588 -9.3199799 2.160183 3365440 3376610
2.9451113 -9.2098847 2.1479617 3368890 3379920
2.8738147 -9.0989099 2.1357404 3372340 3383230
2.8032595 -8.9860805 2.1235195 3375820 3386570
2.7353913 -8.8734305 2.1025398 3379310 3389820
2.6725457 -8.7605793 2.0552868 3382890 3392860
2.6144186 -8.644787 2.0167909 3386430 3395960
2.5608376 -8.5263965 1.9747928 3390000 3399050
2.4958201 -8.3668394 1.9406889 3394610 3403270
2.4491968 -8.2447026 1.9302188 3398020 3406560
2.404562 -8.1243206 1.9214997 3401360 3409800
2.359606 -8.0009369 1.9189118 3404740 3413150
2.3172664 -7.879313 1.8926767 3408190 3416300
2.2793778 -7.7588891 1.8585594 3411620 3419340
2.2462603 -7.6368621 1.8130561 3415120 3422320
2.2123384 -7.4723216 1.7351621 3419870 3426180
2.1939259 -7.3411186 1.6852823 3423550 3429290
2.1817246 -7.2103699 1.6424089 3427160 3432410
2.1745428 -7.0788563 1.6082928 3430730 3435590
2.1705548 -6.9481841 1.5943195 3434160 3438860
2.1688866 -6.820195 1.5733394 3437560 3442020
2.1683259 -6.6902434 1.5768815 3440870 3445370
2.1663092 -6.5655738 1.5970623 3443950 3448680
2.1607493 -6.4412082 1.6338828 3446930 3452080
2.1489502 -6.3174744 1.6978525 3449750 3455630
2.119051 -6.159893 1.8187577 3453170 3460430
2.0835005 -6.0458886 1.9273917 3455610 3464110
2.0377668 -5.9413014 2.0386504 3457900 3467670
1.9798779 -5.842015 2.1586669 3460160 3471300
1.8867818 -5.7211173 2.2953337 3463290 3475990
1.8064886 -5.6399796 2.4065932 3465580 3479550
1.7212755 -5.5694161 2.4933288 3467920 3482880
1.6297744 -5.5055034 2.5704309 3470340 3486180
1.5344671 -5.4477974 2.6238865 3472890 3489340
1.4391756 -5.3959344 2.6624539 3475450 3492340
1.3408823 -5.3468771 2.6948907 3478080 3495340
1.2425905 -5.3009567 2.7141905 3480750 3498230
1.1441513 -5.2577252 2.741372 3483350 3501140
1.0426775 -5.2161538 2.7641751 3486030 3504080
0.9409847 -5.1751194 2.7519471 3488910 3506820
0.83607278 -5.130638 2.729211 3491960 3509610
0.72884596 -5.0807936 2.6837051 3495250 3512380
0.62629512 -5.0251314 2.6049197 3498690 3514920
0.52874697 -4.961464 2.5217561 3502150 3517430
0.43671499 -4.8887869 2.4245795 3505710 3519880
0.35668931 -4.8109872 2.316015 3509190 3522120
0.26346808 -4.6926657 2.1601721 3513940 3525090
0.20542347 -4.5961967 2.0647457 3517370 3527430
0.15692108 -4.4930823 1.9561819 3520910 3529730
0.11952829 -4.3846153 1.849371 3524460 3532060
0.0928069 -4.2700325 1.7504439 3528040 3534510
0.077176352 -4.1538105 1.658522 3531570 3536990
0.072041564 -4.038216 1.5718536 3535030 3539460
0.076254417 -3.9173145 1.5000765 3538540 3542150
0.088534331 -3.796571 1.4388082 3542000 3544910
0.10801526 -3.6781611 1.3766634 3545430 3547630
0.13314929 -3.5604228 1.3442958 3548700 3550530
0.16112665 -3.4423255 1.3320714 3551880 3553570
0.1899373 -3.324828 1.3286051 3555000 3556650
0.21661723 -3.205429 1.3733067 3557880 3560040
0.23750901 -3.0870625 1.4188831 3560700 3563380
0.25191758 -2.9661595 1.4854791 3563440 3566880
0.25713849 -2.8443162 1.5704673 3566080 3570490
0.25272472 -2.7247866 1.644944 3568720 3573980
0.23878885 -2.6040233 1.7264289 3571370 3577560
0.21749818 -2.4918777 1.7903953 3573930 3580850
0.18791326 -2.3771907 1.8561144 3576590 3584260
0.15203054 -2.265956 1.9095717 3579280 3587560
0.10975435 -2.1567788 1.9709121 3581930 3590910
0.059266009 -2.0464106 2.0287501 3584710 3594350
0.0029703368 -1.9380097 2.0708239 3587600 3597720
-0.060895151 -1.8273035 2.1172787 3590610 3601260
-0.1297336 -1.7173093 2.1427155 3593790 3604730
-0.20165148 -1.60697 2.1541401 3597100 3608170
-0.2748136 -1.4967471 2.1594346 3600460 3611590
-0.34685405 -1.3871851 2.1454614 3603900 3614870
-0.418437 -1.2768609 2.1472525 3607260 3618250
-0.48890879 -1.1672101 2.1367823 3610660 3621530
-0.55867505 -1.0580368 2.1420759 3613950 3624880
-0.62901959 -0.94923219 2.1473695 3617240 3628230
-0.69976989 -0.84022859 2.1456569 3620580 3631550
-0.77065708 -0.73154522 2.1518264 3623870 3634910
-0.84031891 -0.62392757 2.1387282 3627230 3638120
-0.90856386 -0.51655997 2.1352632 3630510 3641360
-0.99863049 -0.37335596 2.1291836 3634880 3645660
-1.0871697 -0.23149608 2.1283579 3639170 3649940
-1.1519629 -0.12657099 2.1196372 3642380 3653050
-1.2159853 -0.020946975 2.1117923 3645590 3656170
-1.2803933 0.08604274 2.1135812 3648780 3659380
-1.342582 0.19162577 2.0925994 3652040 3662400
-1.4033333 0.29782062 2.0882572 3655200 3665510
-1.463913 0.40500946 2.0821636 3658390 3668630
-1.522942 0.51194554 2.0681879 3661600 3671680
-1.5811309 0.6193426 2.066473 3664740 3674800
-1.638345 0.7261565 2.0586274 3667890 3677860
-1.6942711 0.83188773 2.056036 3670970 3680910
-1.7519515 0.93978027 2.0674579 3674040 3684110
-1.8095498 1.0468322 2.0613641 3677190 3687190
-1.8879746 1.1903109 2.0806802 3681270 3691490
-1.9473136 1.2970768 2.0754622 3684430 3694590
-2.0070371 1.4049696 2.0772509 3687580 3697760
-2.0671889 1.512845 2.0816669 3690720 3700950
-2.1257407 1.6189315 2.0685665 3693900 3703980
-2.1857586 1.7275523 2.0826163 3697000 3707240
-2.2465399 1.8357475 2.0826536 3700180 3710420
-2.306419 1.9424366 2.0818146 3703320 3713550
-2.3662405 2.0480369 2.0906087 3706380 3716710
-2.4245979 2.1519971 2.0740048 3709530 3719670
-2.5035122 2.2938714 2.0828113 3713640 3723880
-2.5632684 2.4008502 2.0775935 3716810 3726990
-2.6216164 2.506382 2.0741266 3719920 3730060
-2.6809103 2.6131731 2.0811695 3723010 3733230
-2.7417252 2.7217956 2.0812069 3726200 3736420
-2.8046542 2.8328118 2.0917546 3729410 3739750
-2.8692417 2.944679 2.0970481 3732690 3743090
-2.9332458 3.0550788 2.095335 3735970 3746350
-2.9987711 3.1666243 2.1085104 3739210 3749740
-3.0642422 3.2770687 2.1032944 3742530 3753000
-3.1304122 3.3884599 2.1103395 3745810 3756360
-3.197119 3.4993028 2.1147572 3749100 3759700
-3.263673 3.6095541 2.1130444 3752410 3762990
-3.3303176 3.7192931 2.1200892 3755660 3766320
-3.395161 3.8285214 2.0929781 3759070 3769420
-3.4583277 3.9394037 2.0842583 3762390 3772640
-3.5182228 4.049869 2.0510166 3765800 3775670
-3.5732445 4.1617571 2.0046372 3769260 3778600
-3.6236418 4.2775048 1.9582591 3772760 3781570
-3.6664802 4.3939745 1.8882338 3776340 3784350
-3.700774 4.5087669 1.8339713 3779720 3787110
-3.7299148 4.6289937 1.7832131 3783180 3789990
-3.7520913 4.7453387 1.7350806 3786490 3792750
-3.7691988 4.8639167 1.6930791 3789800 3795580
-3.7824293 4.9831862 1.669469 3793010 3798520
-3.79298 5.1007636 1.651113 3796140 3801440
-3.8026257 5.2205737 1.6511493 3799220 3804520
-3.8132896 5.3393159 1.6695764 3802170 3807680
-3.8256499 5.4524012 1.6897539 3804970 3810710
-3.8414207 5.5672276 1.7248199 3807740 3813880
-3.8610075 5.6802769 1.7598857 3810480 3817020
-3.8841197 5.7912637 1.7923236 3813200 3820110
-3.910903 5.9024258 1.8221344 3815960 3823210
-3.9388092 6.0074655 1.8388068 3818650 3826090
-3.9691675 6.1134488 1.8607345 3821350 3829040
-4.0029679 6.2218647 1.8852905 3824120 3832090
-4.0379719 6.3245532 1.9133485 3826740 3835030
-4.0776829 6.4282338 1.9597979 3829320 3838140
-4.1219394 6.5309085 1.9957385 3831980 3841210
-4.1689167 6.6310755 2.022921 3834660 3844200
-4.2394948 6.7678996 2.0711355 3838330 3848420
-4.2963549 6.8693457 2.0921892 3841190 3851520
-4.3562528 6.9706186 2.1176221 3844060 3854680
-4.4187628 7.0725958 2.1237884 3847090 3857780
-4.4816595 7.1747934 2.1211972 3850180 3860840
-4.543624 7.2745852 2.1317417 3853130 3863910
-4.605113 7.3728338 2.1282735 3856120 3866860
-4.666691 7.4710255 2.133563 3859060 3869860
-4.7298237 7.5698523 2.1449832 3862000 3872930
-4.791087 7.6663965 2.127502 3865030 3875760
-4.8502976 7.7628432 2.1152751 3868000 3878590
-4.9067104 7.8595995 2.082029 3871060 3881270
-4.9578537 7.9574845 2.0225085 3874230 3883760
-5.0029154 8.0568137 1.9708706 3877320 3886260
-5.042524 8.1584429 1.9139768 3880440 3888730
-5.075266 8.2596173 1.8535805 3883510 3891110
-5.1022622 8.3612658 1.8071953 3886470 3893540
-5.1254819 8.4656408 1.7721965 3889410 3896080
-5.1447538 8.5646628 1.7538354 3892100 3898560
-5.1624195 8.658031 1.7617459 3894490 3901040
-5.1827827 8.7518491 1.8073161 3896690 3903760
-5.2066645 8.8377636 1.876529 3898580 3906440
-5.2347644 8.9145415 1.9667591 3900160 3909050
-5.2695548 8.9857158 2.0841377 3901520 3911750
-5.3100623 9.0487528 2.1997645 3902780 3914330
-5.3549059 9.1040838 2.3040029 3904010 3916750
-5.4057169 9.1545472 2.4152488 3905210 3919220
-5.4602875 9.1978451 2.526494 3906360 3921640
-5.5145472 9.2321554 2.6289798 3907420 3923870
-5.565656 9.2568981 2.7524822 3908170 3926030
-5.6142151 9.2728911 2.8943757 3908670 3928150
-5.6534538 9.2795971 3.0502769 3908800 3930060
-5.6870149 9.2800163 -3.0752575 3908760 3931820
-5.7134628 9.2761145 -2.9149829 3908530 3933420
-5.7348333 9.269263 -2.7477001 3908150 3934950
-5.7493758 9.2616971 -2.5760419 3907590 3936350
-5.7574521 9.2555511 -2.4061371 3906880 3937580
-5.7601225 9.2527019 -2.2414905 3906040 3938620
-5.7613205 9.2509182 -2.0829719 3905190 3939580
-5.762314 9.2487955 -1.9340896 3904400 3940490
-5.763844 9.243752 -1.7965902 3903750 3941410
-5.765248 9.2350824 -1.666096 3903230 3942380
-5.7657242 9.2214302 -1.545234 3902890 3943420
-5.7639692 9.200428 -1.4296233 3902770 3944620
-5.7581575 9.1715416 -1.3148881 3902870 3946030
-5.7464824 9.1351208 -1.2062787 3903230 3947630
-5.727999 9.0931557 -1.1055509 3903830 3949380
-5.6998507 9.0427201 -1.0179547 3904810 3951360
-5.6614772 8.9848159 -0.95312633 3906220 3953510
-5.6168054 8.9239329 -0.92245151 3907980 3955620
-5.5673818 8.8590519 -0.91717237 3910040 3957740
-5.5112056 8.7855779 -0.91889616 3912420 3960100
-5.4505405 8.7052212 -0.92937551 3915060 3962620
-5.3878473 8.6193242 -0.95123817 3917910 3965220
-5.3233457 8.5263329 -0.97747767 3920960 3967970
-5.2591256 8.4279795 -1.0072187 3924140 3970810
-5.2007809 8.3316894 -1.0448439 3927240 3973480
-5.1449128 8.2310329 -1.0833434 3930410 3976210
-5.0762346 8.0943378 -1.127087 3934580 3979880
-5.0292501 7.9890257 -1.1752202 3937810 3982560
-4.9847575 7.8779993 -1.2040848 3941040 3985460
-4.9424322 7.7642504 -1.2250674 3944270 3988450
-4.9016457 7.6460132 -1.2521788 3947630 3991500
-4.8617748 7.5247905 -1.2538922 3950910 3994760
-4.8235235 7.4040704 -1.2739971 3954270 3997890
-4.7866221 7.2815035 -1.2827164 3957600 4001120
-4.7501383 7.1577941 -1.2853051 3960920 4004410
-4.7138755 7.0309728 -1.2992779 3964380 4007710
-4.6784163 6.9023045 -1.3044925 3967830 4011100
-4.6439612 6.7735658 -1.314086 3971300 4014460
-4.6095193 6.6442173 -1.3070394 3974690 4017930
-4.5731981 6.5131553 -1.293862 3978100 4021490
-4.53584 6.3823865 -1.2911938 3981570 4024990
-4.4838754 6.2075007 -1.2727475 3986140 4029770
-4.4437643 6.0775486 -1.2700792 3989610 4033270
-4.401567 5.9453881 -1.2533979 3993070 4036920
-4.3587938 5.8140287 -1.258611 3996640 4040430
-4.3163633 5.6827645 -1.2576938 4000170 4043970
-4.2745152 5.5525414 -1.2620317 4003700 4047450
-4.2309928 5.4179375 -1.2541071 4007280 4051120
-4.1873648 5.2852138 -1.2523136 4010850 4054710
-4.144227 5.1543858 -1.2522722 4014380 4058240
-4.1012536 5.0259677 -1.2434738 4017800 4061760
-4.057683 4.8967238 -1.2478117 4021320 4065230
-4.0131503 4.7661563 -1.2363851 4024790 4068830
-3.969325 4.6396774 -1.2380962 4028230 4072250
-3.9249131 4.5150603 -1.2187893 4031510 4075750
-3.8780256 4.3917707 -1.1959793 4034760 4079260
-3.8267961 4.2664198 -1.1696654 4038080 4082880
-3.7715593 4.1421385 -1.1354689 4041370 4086560
-3.6931485 3.9782713 -1.1135198 4045900 4091340
-3.6320187 3.8563453 -1.0985907 4049310 4094920
-3.5699257 3.7342502 -1.1020525 4052840 4098410
-3.5067228 3.6111883 -1.0906259 4056320 4102020
-3.4439127 3.4903394 -1.0923366 4059820 4105500
-3.3807016 3.3686009 -1.0914196 4063330 4109020
-3.3180197 3.2472448 -1.0966334 4066860 4112490
-3.2570327 3.1263395 -1.1106052 4070410 4115880
-3.1790697 2.9657227 -1.1271916 4075080 4120360
-3.1226939 2.8428146 -1.1543002 4078700 4123670
-3.0691237 2.7175975 -1.178781 4082330 4127020
-3.0197742 2.5910739 -1.2190264 4086040 4130270
-2.960719 2.4217586 -1.2513765 4090820 4134680
-2.9207254 2.2960654 -1.274107 4094330 4137930
-2.8829329 2.1688759 -1.2898314 4097820 4141240
-2.8473694 2.0410479 -1.3090585 4101330 4144530
-2.8141355 1.9131966 -1.3239071 4104800 4147830
-2.7813769 1.7844194 -1.3194883 4108180 4151260
-2.7485888 1.6562527 -1.3212002 4111580 4154640
-2.7142548 1.5274799 -1.2992654 4114870 4158180
-2.6775405 1.4009925 -1.2773315 4118120 4161680
-2.6370286 1.273618 -1.2483901 4121380 4165270
-2.593103 1.1502786 -1.208941 4124510 4168850
-2.5448681 1.0296073 -1.1721187 4127630 4172390
-2.4930986 0.9131816 -1.1326703 4130670 4175880
-2.4378009 0.8003421 -1.0976012 4133690 4179300
-2.3757132 0.68595786 -1.049394 4136750 4182910
-2.3108178 0.57903524 -1.0011884 4139680 4186390
-2.2390392 0.47328792 -0.94772721 4142650 4189970
-2.1633183 0.37472002 -0.88375773 4145470 4193520
-2.0812058 0.28140957 -0.81453353 4148260 4197100
-1.9892897 0.19120864 -0.73742675 4151120 4200840
-1.895823 0.11196163 -0.66907812 4153870 4204370
-1.7946331 0.038778195 -0.58321421 4156580 4208060
-1.6897222 -0.026037787 -0.52362455 4159400 4211560
-1.5790494 -0.084308616 -0.44564237 4162160 4215210
-1.4668829 -0.13267208 -0.36853686 4164850 4218780
-1.3524018 -0.17238741 -0.29931294 4167560 4222280
-1.2383558 -0.20287258 -0.22308517 4170150 4225740
-1.1235941 -0.22398169 -0.14072554 4172670 4229200
-1.008812 -0.23509056 -0.052237961 4175120 4232660
-0.89681326 -0.236133 0.033623319 4177500 4236020
-0.79027351 -0.22702197 0.13699674 4179650 4239350
-0.69002482 -0.20792451 0.23949391 4181680 4242550
-0.59549629 -0.17941394 0.34636898 4183600 4245690
-0.50674002 -0.1413117 0.46462961 4185400 4248840
-0.43045542 -0.097829837 0.57150038 4187040 4251700
-0.3618688 -0.048489215 0.67574384 4188610 4254460
-0.28367291 0.022428441 0.79750991 4190620 4257860
-0.2356729 0.075043875 0.86496588 4192060 4260070
-0.20137482 0.11757258 0.91928078 4193150 4261780
-0.18178236 0.14409799 0.94994317 4193820 4262800
-0.1678108 0.16385194 0.96045979 4194380 4263480
-0.15712857 0.17923951 0.96747169 4194820 4264000
-0.14954304 0.19036287 0.97710931 4195110 4264400
-0.1468265 0.19441465 0.98324118 4195200 4264560
-0.14628535 0.1952264 0.9823657 4195230 4264580
-0.14639389 0.1950642 0.9797383 4195240 4264560
-0.14682881 0.19441611 0.97973804 4195220 4264540
-0.14704657 0.19409224 0.97798638 4195220 4264520
-0.14704657 0.19409224 0.97798638 4195220 4264520
-0.14704657 0.19409224 0.97798638 4195220 4264520
-0.14704657 0.19409224 0.97798638 4195220 4264520
-0.14704657 0.19409224 0.97798638 4195220 4264520
-0.14704657 0.19409224 0.97798638 4195220 4264520
-0.14704657 0.19409224 0.97798638 4195220 4264520
-0.14704657 0.19409224 0.97798638 4195220 4264520
-0.14704657 0.19409224 0.97798638 4195220 4264520
-0.14704657 0.19409224 0.97798638 4195220 4264520
-0.14704657 0.19409224 0.97798638 4195220 4264520
-0.14704657 0.19409224 0.97798638 4195220 4264520
-0.14704657 0.19409224 0.97798638 4195220 4264520
-0.14704657 0.19409224 0.97798638 4195220 4264520
-0.14704657 0.19409224 0.97798638 4195220 4264520
-0.14704657 0.19409224 0.97798638 4195220 4264520
-0.14704657 0.19409224 0.97798638 4195220 4264520
-0.14704657 0.19409224 0.97798638 4195220 4264520
-0.14704657 0.19409224 0.97798638 4195220 4264520
-0.14704657 0.19409224 0.97798638 4195220 4264520
-0.14704657 0.19409224 0.97798638 4195220 4264520
-0.14704657 0.19409224 0.97798638 4195220 4264520
-0.14704657 0.19409224 0.97798638 4195220 4264520
-0.14704657 0.19409224 0.97798638 4195220 4264520
-0.14704657 0.19409224 0.97798638 4195220 4264520
-0.14704657 0.19409224 0.97798638 4195220 4264520
-0.14704657 0.19409224 0.97798638 4195220 4264520
-0.14704657 0.19409224 0.97798638 4195220 4264520
-0.14704657 0.19409224 0.97798638 4195220 4264520
-0.14704657 0.19409224 0.97798638 4195220 4264520
-0.14704657 0.19409224 0.97798638 4195220 4264520
-0.14704657 0.19409224 0.97798638 4195220 4264520
-0.14704657 0.19409224 0.97798638 4195220 4264520
-0.14704657 0.19409224 0.97798638 4195220 4264520
-0.14704657 0.19409224 0.97798638 4195220 4264520
-0.14704657 0.19409224 0.97798638 4195220 4264520
-0.14704657 0.19409224 0.97798638 4195220 4264520
-0.14704657 0.19409224 0.97798638 4195220 4264520
-0.14704657 0.19409224 0.97798638 4195220 4264520
-0.14704657 0.19409224 0.97798638 4195220 4264520
-0.14704657 0.19409224 0.97798638 4195220 4264520
-0.14704657 0.19409224 0.97798638 4195220 4264520
-0.14704657 0.19409224 0.97798638 4195220 4264520
-0.14704657 0.19409224 0.97798638 4195220 4264520
-0.14704657 0.19409224 0.97798638 4195220 4264520
-0.14704657 0.19409224 0.97798638 4195220 4264520
-0.14704657 0.19409224 0.97798638 4195220 4264520
-0.14704657 0.19409224 0.97798638 4195220 4264520
-0.14704657 0.19409224 0.97798638 4195220 4264520
-0.14704657 0.19409224 0.97798638 4195220 4264520
-0.14704657 0.19409224 0.97798638 4195220 4264520
-0.14704657 0.19409224 0.97798638 4195220 4264520
-0.14704657 0.19409224 0.97798638 4195220 4264520
-0.14704657 0.19409224 0.97798638 4195220 4264520
-0.14704657 0.19409224 0.97798638 4195220 4264520
-0.14704657 0.19409224 0.97798638 4195220 4264520
-0.14704657 0.19409224 0.97798638 4195220 4264520
-0.14704657 0.19409224 0.97798638 4195220 4264520
-0.14704657 0.19409224 0.97798638 4195220 4264520
-0.14704657 0.19409224 0.97798638 4195220 4264520
-0.14704657 0.19409224 0.97798638 4195220 4264520
-0.14704657 0.19409224 0.97798638 4195220 4264520
-0.14704657 0.19409224 0.97798638 4195220 4264520
-0.14704657 0.19409224 0.97798638 4195220 4264520
-0.14704657 0.19409224 0.97798638 4195220 4264520
-0.14704657 0.19409224 0.97798638 4195220 4264520
-0.14704657 0.19409224 0.97798638 4195220 4264520
-0.14704657 0.19409224 0.97798638 4195220 4264520
-0.14704657 0.19409224 0.97798638 4195220 4264520
-0.14704657 0.19409224 0.97798638 4195220 4264520
-0.14704657 0.19409224 0.97798638 4195220 4264520
-0.14704657 0.19409224 0.97798638 4195220 4264520
-0.14704657 0.19409224 0.97798638 4195220 4264520
-0.14704657 0.19409224 0.97798638 4195220 4264520
-0.14704657 0.19409224 0.97798638 4195220 4264520
-0.14704657 0.19409224 0.97798638 4195220 4264520
-0.14704657 0.19409224 0.97798638 4195220 4264520
-0.14704657 0.19409224 0.97798638 4195220 4264520
-0.14704657 0.19409224 0.97798638 4195220 4264520
-0.14704657 0.19409224 0.97798638 4195220 4264520
-0.14704657 0.19409224 0.97798638 4195220 4264520
-0.14704657 0.19409224 0.97798638 4195220 4264520
-0.14704657 0.19409224 0.97798638 4195220 4264520
-0.14704657 0.19409224 0.97798638 4195220 4264520
-0.14704657 0.19409224 0.97798638 4195220 4264520
-0.14704657 0.19409224 0.97798638 4195220 4264520
-0.14704657 0.19409224 0.97798638 4195220 4264520
-0.14704657 0.19409224 0.97798638 4195220 4264520
-0.14704657 0.19409224 0.97798638 4195220 4264520
-0.14704657 0.19409224 0.97798638 4195220 4264520
-0.14704657 0.19409224 0.97798638 4195220 4264520
-0.14704657 0.19409224 0.97798638 4195220 4264520
-0.14704657 0.19409224 0.97798638 4195220 4264520
-0.14704657 0.19409224 0.97798637 4195220 4264520
-0.14693749 0.19425401 0.97711066 4195230 4264520
-0.14704657 0.19409224 0.97798638 4195220 4264520
-0.14704657 0.19409224 0.97798638 4195220 4264520
-0.14704657 0.19409224 0.97798638 4195220 4264520
-0.14704657 0.19409224 0.97798638 4195220 4264520
-0.14704657 0.19409224 0.97798638 4195220 4264520
-0.14704657 0.19409224 0.97798638 4195220 4264520
