-0.0669339 -0.02549 -0.0867248
-0.136427 -0.0504077 -0.185938
-0.203182 -0.0600809 -0.271264
-0.268848 -0.0639284 -0.336268
-0.342799 -0.0657602 -0.418394
-0.415081 -0.061905 -0.494688
-0.474546 -0.0519525 -0.551073
-0.544097 -0.0347491 -0.608086
-0.616779 -0.00254179 -0.668202
-0.678839 0.0306584 -0.703787
-0.732123 0.0771477 -0.708906
-0.791273 0.120092 -0.723478
-0.873765 0.177747 -0.754189
-0.930377 0.222834 -0.766685
-0.9814 0.265462 -0.776636
-1.04358 0.314468 -0.804404
-1.09724 0.357352 -0.841119
-1.14168 0.39852 -0.868556
-1.18297 0.438412 -0.890298
-1.23491 0.486347 -0.923227
-1.27 0.516683 -0.961126
-1.30294 0.548246 -0.992434
-1.32816 0.576236 -1.01888
-1.34823 0.600887 -1.03573
-1.36106 0.615409 -1.0477
-1.36541 0.620367 -1.05567
-1.35311 0.606415 -1.04841
-1.33497 0.58366 -1.03846
-1.30956 0.546467 -1.02574
-1.26928 0.489567 -1.00758
-1.24063 0.442815 -1.01042
-1.20404 0.382292 -1.01825
-1.16667 0.316892 -1.02622
-1.12728 0.236411 -1.04069
-1.09524 0.156693 -1.07011
-1.06176 0.0840332 -1.08116
-1.01934 0.0028088 -1.07621
-0.974506 -0.0829795 -1.07407
-0.932159 -0.164703 -1.07046
-0.880744 -0.243416 -1.04165
-0.818501 -0.331141 -1.0087
-0.770297 -0.415687 -1.01456
-0.715553 -0.496455 -1.00308
-0.654336 -0.597951 -1.00881
-0.609571 -0.693931 -1.04403
-0.564645 -0.783008 -1.05544
-0.497187 -0.92022 -1.07583
-0.458637 -1.01995 -1.09714
-0.393659 -1.14939 -1.09156
-0.344621 -1.25873 -1.0977
-0.293721 -1.3562 -1.08782
-0.23106 -1.45682 -1.0589
-0.171485 -1.55248 -1.03631
-0.0971746 -1.63479 -0.972459
-0.0165435 -1.72658 -0.918503
0.0558655 -1.8064 -0.873624
0.148809 -1.87989 -0.789981
0.237923 -1.959 -0.770346
0.330673 -2.02576 -0.717759
0.425431 -2.09241 -0.671167
0.507153 -2.1664 -0.67676
0.602514 -2.23106 -0.643443
0.68649 -2.29509 -0.637865
0.792197 -2.39265 -0.677401
0.880079 -2.46345 -0.683229
0.942313 -2.54719 -0.760529
0.998712 -2.6429 -0.850841
1.06833 -2.76138 -0.936738
1.09722 -2.86943 -1.05439
1.10607 -2.98205 -1.18492
1.10166 -3.09254 -1.31028
1.0925 -3.20132 -1.43635
1.0619 -3.29998 -1.56194
1.01526 -3.39745 -1.71357
0.965339 -3.48321 -1.8372
0.905376 -3.56124 -1.9617
0.83372 -3.63486 -2.07434
0.761335 -3.69434 -2.17101
0.678914 -3.75242 -2.28054
0.590169 -3.80469 -2.36373
0.483951 -3.8749 -2.44059
0.392732 -3.91881 -2.51316
0.305682 -3.96593 -2.55851
0.213013 -4.0107 -2.58752
0.119328 -4.05987 -2.61308
0.0350768 -4.10274 -2.63054
-0.0565809 -4.15481 -2.64193
-0.153018 -4.20957 -2.64718
-0.2404 -4.25391 -2.65814
-0.329665 -4.2998 -2.66993
-0.432153 -4.35486 -2.66304
-0.525183 -4.40329 -2.65405
-0.612235 -4.45188 -2.64302
-0.708939 -4.51188 -2.61343
-0.790217 -4.56568 -2.58922
-0.867958 -4.6257 -2.54843
-0.949644 -4.70285 -2.48116
-1.01479 -4.77023 -2.42583
-1.05957 -4.85057 -2.32093
-1.1048 -4.94008 -2.2119
-1.13416 -5.01878 -2.12286
-1.14013 -5.10335 -1.98305
-1.14209 -5.18345 -1.84747
-1.12429 -5.24735 -1.7076
-1.08364 -5.3023 -1.52989
-1.04141 -5.34044 -1.347
-0.99599 -5.35571 -1.17469
-0.951606 -5.35074 -1.0093
-0.913795 -5.33689 -0.848921
-0.886957 -5.31213 -0.704424
-0.871765 -5.26955 -0.576687
-0.870561 -5.23239 -0.460245
-0.883159 -5.18407 -0.312651
-0.895137 -5.14877 -0.204464
-0.916108 -5.11725 -0.0957955
-0.944823 -5.08206 0.0170642
-0.982486 -5.04427 0.141729
-1.01987 -5.014 0.258813
-1.06962 -4.98714 0.400438
-1.09565 -4.97712 0.477781
-1.11276 -4.97402 0.536989
-1.11824 -4.97463 0.562583
-1.10207 -4.96821 0.576256
-1.07378 -4.93642 0.592632
-1.02746 -4.89157 0.615867
-0.955392 -4.82827 0.635584
-0.89761 -4.77061 0.669687
-0.824682 -4.70919 0.674619
-0.74596 -4.64908 0.666882
-0.674927 -4.57812 0.696811
-0.603117 -4.51063 0.721452
-0.523193 -4.45037 0.713303
-0.450641 -4.37332 0.740024
-0.374002 -4.30334 0.744064
-0.284936 -4.24434 0.700124
-0.18842 -4.19253 0.638144
-0.0902966 -4.14226 0.584065
0.0268224 -4.11855 0.459909
0.138935 -4.10157 0.351868
0.255727 -4.09484 0.237337
0.375155 -4.10811 0.123177
0.474318 -4.13153 -0.000592946
0.580684 -4.1693 -0.130022
0.684587 -4.21074 -0.238631
0.783104 -4.27021 -0.338912
0.87265 -4.3402 -0.458629
0.953811 -4.40582 -0.549193
1.04019 -4.48192 -0.625315
1.11553 -4.56292 -0.676805
1.18522 -4.65418 -0.756365
1.25755 -4.74342 -0.787774
1.32352 -4.83133 -0.809512
1.38965 -4.93244 -0.858194
1.46563 -5.01541 -0.84716
1.53499 -5.1034 -0.864539
1.60459 -5.19606 -0.886326
1.7127 -5.31171 -0.861453
1.78164 -5.40906 -0.884007
1.85859 -5.49097 -0.861298
1.96968 -5.61385 -0.848913
2.03911 -5.71136 -0.878251
2.14232 -5.83716 -0.887709
2.19883 -5.95151 -0.965991
2.26271 -6.0489 -0.979707
2.31771 -6.16516 -1.02732
2.36609 -6.27822 -1.06217
2.42399 -6.39526 -1.08069
2.47272 -6.50989 -1.10585
2.52068 -6.61199 -1.11569
2.58044 -6.73807 -1.12147
2.62725 -6.8485 -1.13843
2.67654 -6.96039 -1.14388
2.74065 -7.11746 -1.16533
2.80064 -7.2755 -1.1901
2.86223 -7.43448 -1.20135
2.90678 -7.55494 -1.20854
2.95694 -7.67677 -1.19711
3.00192 -7.78766 -1.19476
3.06625 -7.90909 -1.16018
3.11923 -8.02172 -1.15092
3.18077 -8.13014 -1.12202
3.2427 -8.24676 -1.1054
3.30516 -8.35132 -1.07983
3.38146 -8.46958 -1.04689
3.44221 -8.57169 -1.03135
3.54988 -8.71356 -0.973236
3.62093 -8.82157 -0.963149
3.70923 -8.9188 -0.907386
3.78277 -9.03634 -0.928981
3.85924 -9.13146 -0.910192
3.93951 -9.25781 -0.933371
4.01137 -9.36074 -0.936949
4.09373 -9.46482 -0.919168
4.16395 -9.58137 -0.942894
4.24864 -9.68181 -0.918914
4.32278 -9.80352 -0.943205
4.40485 -9.9054 -0.925435
4.49201 -10.0268 -0.937622
4.56873 -10.1333 -0.93551
4.65744 -10.2548 -0.938737
4.77274 -10.4145 -0.935381
4.85734 -10.5268 -0.936356
4.9448 -10.6479 -0.935862
5.03127 -10.7703 -0.942247
5.1152 -10.8945 -0.953485
5.21123 -11.0172 -0.93726
5.28989 -11.1516 -0.96665
5.38065 -11.2749 -0.953892
5.45113 -11.398 -0.971932
5.54366 -11.5246 -0.951823
5.62535 -11.6518 -0.961918
5.74559 -11.8191 -0.950631
5.82622 -11.9373 -0.950583
5.92022 -12.0559 -0.929353
6.00001 -12.1763 -0.945548
6.10607 -12.2821 -0.887554
6.18944 -12.3997 -0.897283
6.29444 -12.4967 -0.842912
6.37568 -12.6044 -0.85718
6.47267 -12.6999 -0.828164
6.59075 -12.8426 -0.840834
6.69287 -12.9419 -0.803754
6.77736 -13.041 -0.802627
6.86777 -13.1305 -0.782567
6.97076 -13.2062 -0.726811
7.06631 -13.2989 -0.71288
7.17721 -13.3625 -0.638307
7.27635 -13.431 -0.612066
7.38836 -13.4814 -0.542669
7.49477 -13.5232 -0.47786
7.60927 -13.5612 -0.408599
7.7273 -13.591 -0.337167
7.83222 -13.6089 -0.273182
7.94773 -13.6214 -0.205673
8.05696 -13.6359 -0.164548
8.15519 -13.6292 -0.0928688
8.25442 -13.6214 -0.0318892
8.34255 -13.6182 0.00731612
8.41275 -13.5943 0.085323
8.48167 -13.5672 0.162119
8.5355 -13.5394 0.230673
8.57558 -13.5099 0.305655
8.61113 -13.4662 0.400843
8.64604 -13.4283 0.485958
8.6725 -13.393 0.56202
8.69569 -13.3637 0.62195
8.71159 -13.3287 0.708154
8.71336 -13.2929 0.809775
8.70301 -13.2716 0.907555
8.68587 -13.2603 0.99866
8.64758 -13.2619 1.10976
8.62207 -13.2744 1.18873
8.5836 -13.3096 1.27702
8.55331 -13.3439 1.34553
8.52336 -13.3845 1.4207
8.49289 -13.4353 1.49843
8.46934 -13.4913 1.5768
8.45077 -13.5477 1.63948
8.43439 -13.6137 1.70804
8.42174 -13.6854 1.78219
8.41557 -13.7535 1.85373
8.41229 -13.8165 1.92132
8.40961 -13.8776 1.99104
8.4152 -13.9625 2.08836
8.42684 -14.0177 2.15372
8.44292 -14.0639 2.20612
8.45126 -14.1068 2.25829
8.46489 -14.1369 2.31525
8.46739 -14.1633 2.37128
8.45023 -14.163 2.41476
8.43362 -14.1631 2.45028
8.40713 -14.1544 2.47519
8.36891 -14.1314 2.49672
8.32108 -14.105 2.52332
8.26443 -14.0721 2.55113
8.19948 -14.0318 2.57359
8.12646 -13.9821 2.58136
8.05457 -13.9401 2.60027
7.97509 -13.9008 2.62866
7.89778 -13.8547 2.63597
7.82355 -13.8105 2.64058
7.73699 -13.7659 2.65598
7.64644 -13.7166 2.66107
7.56458 -13.6602 2.63313
7.47708 -13.6098 2.63468
7.386 -13.5565 2.62796
7.30361 -13.499 2.60707
7.22232 -13.4417 2.59002
7.12641 -13.3778 2.58102
7.04247 -13.3091 2.5488
6.95651 -13.2407 2.53466
6.86022 -13.1667 2.5292
6.76782 -13.089 2.51381
6.68463 -13.0219 2.50219
6.59054 -12.9409 2.48986
6.5089 -12.8577 2.45715
6.42864 -12.7696 2.42253
6.33879 -12.6761 2.39324
6.27105 -12.5864 2.35265
6.1957 -12.4842 2.31123
6.1156 -12.3882 2.29455
6.03482 -12.2504 2.22463
5.95899 -12.1454 2.21796
5.89964 -12.0407 2.16691
5.83438 -11.9355 2.13499
5.7609 -11.834 2.13629
5.67943 -11.6857 2.10926
5.59532 -11.5845 2.15665
5.52907 -11.4743 2.14717
5.4426 -11.3705 2.18774
5.36169 -11.2682 2.20215
5.28887 -11.1581 2.18889
5.17453 -11.0215 2.22149
5.10778 -10.911 2.19986
5.01038 -10.8259 2.27355
4.93775 -10.7379 2.28362
4.83718 -10.6625 2.36837
4.73907 -10.5909 2.4404
4.63202 -10.5338 2.51988
4.49207 -10.462 2.60121
4.35882 -10.3992 2.65822
4.25687 -10.3362 2.65111
4.13381 -10.2558 2.62325
4.03541 -10.1864 2.58071
3.93138 -10.0712 2.46662
3.8654 -9.98034 2.38004
3.79475 -9.8802 2.30541
3.74612 -9.78598 2.22217
3.69643 -9.67135 2.14167
3.63617 -9.56591 2.11179
3.60024 -9.45126 2.04224
3.55282 -9.34169 2.02253
3.50268 -9.23327 2.02103
3.46146 -9.11641 1.99385
3.40234 -9.01147 2.0308
3.34849 -8.89665 2.03195
3.29648 -8.78883 2.03543
3.2242 -8.68775 2.08103
3.17107 -8.56715 2.05646
3.09717 -8.4646 2.10411
3.02647 -8.35478 2.12061
2.95981 -8.2465 2.13024
2.88476 -8.14016 2.14711
2.82555 -8.02436 2.10801
2.76171 -7.91438 2.09443
2.71027 -7.79333 2.03958
2.67219 -7.66943 1.97174
2.62862 -7.54373 1.92856
2.60825 -7.41021 1.8497
2.58407 -7.29033 1.81427
2.55668 -7.11063 1.76414
2.54662 -6.98787 1.72684
2.5277 -6.85067 1.719
2.50935 -6.7227 1.71039
2.49076 -6.59608 1.71723
2.46397 -6.46638 1.73552
2.43703 -6.34654 1.75844
2.39488 -6.21583 1.80725
2.32946 -6.06246 1.88594
2.25131 -5.9437 1.99364
2.19108 -5.83196 2.03397
2.09782 -5.74097 2.14415
2.01681 -5.62784 2.1808
1.91297 -5.55337 2.2917
1.78832 -5.44104 2.36691
1.68509 -5.37484 2.45702
1.58603 -5.30818 2.50805
1.46943 -5.24451 2.57329
1.36338 -5.18211 2.60454
1.25341 -5.12767 2.64659
1.14034 -5.07091 2.67629
1.03797 -5.02034 2.70132
0.923161 -4.98457 2.75895
0.810052 -4.93072 2.76523
0.701948 -4.88672 2.76307
0.594665 -4.82895 2.72467
0.51111 -4.74815 2.62574
0.418271 -4.66537 2.54433
0.339939 -4.56332 2.42318
0.277936 -4.46175 2.30165
0.225137 -4.35015 2.17163
0.174572 -4.23895 2.08857
0.140287 -4.1234 1.99091
0.119669 -4.00785 1.90074
0.0894298 -3.84657 1.82607
0.0788982 -3.72313 1.76344
0.0710168 -3.61233 1.7252
0.0592107 -3.49182 1.70491
0.0414388 -3.37669 1.71261
0.0266216 -3.26204 1.71234
-0.00719137 -3.13871 1.74998
-0.0294765 -3.03015 1.76504
-0.0637879 -2.90656 1.79872
-0.0964391 -2.7852 1.81948
-0.131815 -2.67314 1.8416
-0.181677 -2.54151 1.8702
-0.2311 -2.39058 1.88171
-0.282361 -2.26676 1.91489
-0.31619 -2.14685 1.90619
-0.368335 -2.03682 1.95261
-0.411589 -1.91135 1.95602
-0.466234 -1.80295 1.99475
-0.525811 -1.68075 2.02233
-0.574022 -1.56583 2.01438
-0.64495 -1.45495 2.06588
-0.693936 -1.32776 2.03563
-0.759016 -1.21959 2.06248
-0.842746 -1.05003 2.06065
-0.910509 -0.941074 2.09736
-0.974982 -0.823354 2.09991
-1.03333 -0.70299 2.08523
-1.11173 -0.591658 2.12346
-1.18741 -0.431677 2.10122
-1.27299 -0.322998 2.15746
-1.32473 -0.196752 2.11022
-1.40029 -0.0983024 2.14965
-1.46392 0.0216101 2.12068
-1.54679 0.12799 2.15411
-1.6154 0.240217 2.14193
-1.68266 0.350651 2.1333
-1.76032 0.453288 2.16042
-1.84294 0.608205 2.12335
-1.92558 0.706232 2.17358
-1.98564 0.822911 2.14066
-2.06517 0.924845 2.17619
-2.13538 1.03777 2.16409
-2.21233 1.14436 2.17562
-2.28932 1.25063 2.1891
-2.35684 1.36157 2.17104
-2.43765 1.46436 2.19603
-2.50261 1.57196 2.17222
-2.58157 1.67536 2.1957
-2.6554 1.77576 2.20106
-2.72123 1.87888 2.18585
-2.80787 1.97689 2.21911
-2.89722 2.11986 2.18433
-3.00921 2.25961 2.20668
-3.06487 2.37264 2.15404
-3.14295 2.47344 2.17245
-3.2118 2.58841 2.15031
-3.28033 2.6958 2.14271
-3.36394 2.79711 2.18482
-3.42278 2.90935 2.14532
-3.50928 3.00443 2.19707
-3.58081 3.10911 2.19143
-3.66732 3.20704 2.22897
-3.77752 3.33844 2.25291
-3.88385 3.46342 2.26736
-3.96546 3.55983 2.26575
-4.0421 3.67199 2.23803
-4.12442 3.77065 2.23748
-4.17897 3.88548 2.17099
-4.27159 4.0324 2.14019
-4.32048 4.15723 2.07302
-4.37592 4.2712 2.04978
-4.43754 4.38608 2.05436
-4.48354 4.50691 2.00699
-4.54974 4.62236 2.02436
-4.59658 4.74821 1.98397
-4.65218 4.85832 2.0005
-4.70616 4.97464 2.00091
-4.77882 5.12911 2.00526
-4.8425 5.24372 2.0274
-4.8914 5.36142 2.01697
-4.96218 5.46749 2.06033
-5.03331 5.62782 2.0296
-5.0952 5.73808 2.0482
-5.1449 5.86252 2.02573
-5.19253 5.97733 2.01237
-5.25704 6.09037 2.03794
-5.29786 6.20984 2.00202
-5.35666 6.31732 2.02654
-5.40389 6.44277 2.00273
-5.4698 6.59031 2.00953
-5.53913 6.74383 2.00506
-5.57877 6.84954 2.00355
-5.6551 6.99731 2.03168
-5.69756 7.11442 2.01696
-5.76634 7.20425 2.08288
-5.81951 7.31675 2.07352
-5.89876 7.44342 2.10667
-5.94988 7.54669 2.09051
-6.00843 7.68593 2.04188
-6.05144 7.7941 2.01061
-6.06578 7.91995 1.90779
-6.08382 8.01567 1.85217
-6.10189 8.12258 1.80832
-6.11712 8.22356 1.77197
-6.13436 8.32075 1.75576
-6.15172 8.42223 1.76069
-6.18419 8.51144 1.80235
-6.21373 8.58492 1.84631
-6.26214 8.66071 1.93033
-6.33099 8.75101 2.04637
-6.3862 8.799 2.13258
-6.45344 8.83315 2.25765
-6.519 8.86063 2.37579
-6.57607 8.87701 2.48563
-6.63758 8.87718 2.61324
-6.69911 8.86273 2.76752
-6.74663 8.83229 2.92008
-6.77944 8.79347 3.07741
-6.80868 8.74885 -3.03337
-6.82854 8.69787 -2.85333
-6.8366 8.64619 -2.67818
-6.83722 8.59798 -2.51276
-6.82788 8.54997 -2.35725
-6.81448 8.50517 -2.19889
-6.78201 8.45111 -1.9934
-6.76062 8.41812 -1.84941
-6.7309 8.38988 -1.71745
-6.69734 8.35928 -1.58612
-6.6616 8.32727 -1.45536
-6.62027 8.29227 -1.32617
-6.5764 8.26032 -1.19992
-6.53391 8.23102 -1.08326
-6.47606 8.19804 -0.958245
-6.40986 8.16411 -0.840779
-6.34972 8.12601 -0.759956
-6.26914 8.05876 -0.731561
-6.19612 8.00412 -0.714317
-6.13443 7.93874 -0.736065
-6.0794 7.87385 -0.769077
-6.0139 7.80644 -0.779966
-5.9486 7.72824 -0.80753
-5.89481 7.65149 -0.847333
-5.83915 7.57063 -0.883457
-5.77834 7.47789 -0.922927
-5.72698 7.38228 -0.966453
-5.68272 7.28356 -1.01797
-5.62696 7.17403 -1.04736
-5.57484 7.07484 -1.06021
-5.53259 6.97378 -1.09155
-5.4748 6.86487 -1.09584
-5.42318 6.76138 -1.10462
-5.387 6.64939 -1.15858
-5.3246 6.50063 -1.17584
-5.29857 6.37952 -1.24135
-5.26456 6.26011 -1.26158
-5.23336 6.14375 -1.27799
-5.21167 6.02297 -1.31053
-5.17107 5.90666 -1.28726
-5.13177 5.78178 -1.27835
-5.08896 5.66529 -1.2542
-5.03322 5.55435 -1.20662
-4.98981 5.4371 -1.20168
-4.92808 5.32882 -1.15059
-4.87711 5.21343 -1.14078
-4.82015 5.09841 -1.1268
-4.75481 4.98794 -1.09761
-4.70535 4.87584 -1.11291
-4.63221 4.76483 -1.0748
-4.57806 4.65784 -1.0775
-4.5147 4.54925 -1.06531
-4.44447 4.43867 -1.04069
-4.38803 4.32917 -1.0509
-4.3169 4.22451 -1.01487
-4.25566 4.12718 -0.998908
-4.17082 4.0234 -0.947505
-4.08299 3.93194 -0.893424
-3.99677 3.844 -0.850743
-3.90358 3.75198 -0.798466
-3.8235 3.67912 -0.777062
-3.71275 3.59516 -0.717454
-3.62402 3.51111 -0.717186
-3.53063 3.4462 -0.682708
-3.43277 3.35699 -0.686219
-3.35127 3.26734 -0.731504
-3.22631 3.14599 -0.766528
-3.1585 3.04821 -0.829729
-3.08279 2.94477 -0.87267
-3.01236 2.83486 -0.920765
-2.95573 2.7312 -0.96956
-2.88223 2.60992 -0.999762
-2.80813 2.47026 -1.03625
-2.75817 2.35496 -1.08258
-2.69863 2.2441 -1.08513
-2.66038 2.12737 -1.1375
-2.60067 2.00703 -1.13617
-2.56556 1.89055 -1.17915
-2.52988 1.7658 -1.22454
-2.48327 1.64726 -1.21939
-2.46071 1.52128 -1.27606
-2.41744 1.39636 -1.26827
-2.38483 1.28078 -1.27658
-2.36707 1.15819 -1.31596
-2.31486 1.04581 -1.25687
-2.27986 0.921692 -1.25429
-2.21968 0.80934 -1.18556
-2.15319 0.704003 -1.12164
-2.08069 0.601513 -1.04852
-1.99133 0.507986 -0.942014
-1.90471 0.422112 -0.86241
-1.79853 0.340715 -0.758728
-1.7057 0.272325 -0.690197
-1.59816 0.217628 -0.587889
-1.48939 0.159842 -0.539416
-1.37936 0.126361 -0.446637
-1.26943 0.0865881 -0.394181
-1.16284 0.0417172 -0.384333
-1.05253 0.00265246 -0.361537
-0.949481 -0.0609999 -0.416387
-0.845365 -0.126697 -0.476394
-0.746456 -0.205318 -0.548666
-0.671047 -0.312587 -0.690543
-0.5997 -0.410751 -0.789179
-0.536475 -0.527696 -0.904538
-0.488443 -0.642233 -1.01052
-0.456318 -0.764082 -1.10858
-0.406009 -0.922468 -1.18655
-0.387459 -1.04615 -1.269
-0.368105 -1.16792 -1.32974
-0.358657 -1.29769 -1.38068
-0.372895 -1.47453 -1.49548
-0.361024 -1.60108 -1.50474
-0.368431 -1.72596 -1.54536
-0.366871 -1.84968 -1.55234
-0.359935 -1.9832 -1.53872
-0.345418 -2.10338 -1.50528
-0.312206 -2.22236 -1.42208
-0.273111 -2.34367 -1.34531
-0.198057 -2.43938 -1.19281
-0.0974624 -2.56109 -1.02696
-0.00326291 -2.63357 -0.863542
0.0772382 -2.69837 -0.752855
0.177551 -2.75601 -0.632155
0.276182 -2.81313 -0.548626
0.367532 -2.87289 -0.529677
0.473675 -2.9029 -0.448716
0.564546 -2.95379 -0.445805
0.65082 -3.00844 -0.476558
0.738234 -3.06434 -0.505155
0.812049 -3.13844 -0.597346
0.879281 -3.21774 -0.700127
0.932118 -3.29856 -0.792062
0.982302 -3.39632 -0.906836
1.01533 -3.49138 -1.0184
1.03318 -3.5938 -1.14647
1.0457 -3.69917 -1.26728
1.03816 -3.83248 -1.41884
1.01026 -3.9365 -1.56575
0.978232 -4.02757 -1.68547
0.934997 -4.11578 -1.80694
0.878326 -4.20896 -1.91191
0.823151 -4.28778 -1.9984
0.744929 -4.36086 -2.11333
0.670707 -4.43337 -2.1901
0.592524 -4.50712 -2.2501
0.50112 -4.58438 -2.30544
0.42138 -4.6476 -2.34807
0.331302 -4.72246 -2.37571
0.243071 -4.80266 -2.39092
0.157787 -4.86594 -2.42254
0.0571032 -4.94027 -2.45361
-0.0718424 -5.03369 -2.48965
-0.182937 -5.07954 -2.55967
-0.286364 -5.14762 -2.57939
-0.391634 -5.1992 -2.61747
-0.543612 -5.25388 -2.70433
-0.654001 -5.29827 -2.72893
-0.775646 -5.32215 -2.82219
-0.890099 -5.34416 -2.87837
-1.01321 -5.35557 -2.95515
-1.17132 -5.34928 -3.07401
-1.28054 -5.32794 3.10871
-1.3924 -5.2962 3.00915
-1.49237 -5.24411 2.87621
-1.58327 -5.18058 2.73998
-1.66103 -5.1128 2.62118
-1.72204 -5.02968 2.48775
-1.76807 -4.94557 2.37427
-1.80268 -4.86462 2.26851
-1.82534 -4.77094 2.14131
-1.83302 -4.69094 2.01012
-1.8045 -4.6036 1.80521
-1.76453 -4.55706 1.62833
-1.72167 -4.52559 1.46379
-1.68005 -4.52353 1.29963
-1.64514 -4.53561 1.13921
-1.59688 -4.57463 0.988986
-1.57461 -4.618 0.85081
-1.57111 -4.66367 0.726742
-1.59025 -4.70332 0.647724
-1.61916 -4.74172 0.608335
-1.64743 -4.77556 0.565669
-1.67896 -4.8058 0.536326
-1.70627 -4.83737 0.499802
-1.7366 -4.86547 0.464202
-1.76909 -4.89493 0.433676
-1.80188 -4.91984 0.413779
-1.82565 -4.93671 0.39768
-1.83778 -4.94138 0.389609
-1.83419 -4.93855 0.389544
-1.81186 -4.92429 0.400472
-1.77317 -4.9049 0.42007
-1.72697 -4.87697 0.444738
-1.67483 -4.84495 0.469644
-1.61142 -4.81767 0.473179
-1.5456 -4.78798 0.466222
-1.4676 -4.75794 0.445033
-1.38393 -4.72602 0.419899
-1.29283 -4.69968 0.382002
-1.18332 -4.67138 0.341341
-1.0923 -4.64687 0.316464
-0.997751 -4.62651 0.288373
-0.905806 -4.61004 0.256348
-0.774703 -4.59231 0.213769
-0.675073 -4.57716 0.196125
-0.580476 -4.57563 0.161148
-0.47399 -4.57693 0.116597
-0.36429 -4.57492 0.0954125
-0.265389 -4.57711 0.0705984
-0.163979 -4.58811 0.0222036
-0.0515135 -4.58858 0.0116544
0.0523291 -4.59367 -0.00997964
0.154103 -4.62102 -0.078317
0.259909 -4.63792 -0.103933
0.363166 -4.66139 -0.142899
0.498654 -4.71626 -0.237329
0.601215 -4.75764 -0.277714
0.707581 -4.81143 -0.339025
0.796438 -4.86829 -0.401739
0.89051 -4.92754 -0.459573
0.991685 -4.99586 -0.511793
1.07367 -5.06602 -0.563625
1.15008 -5.14732 -0.642333
1.23593 -5.22402 -0.681785
1.30947 -5.31608 -0.753307
1.37362 -5.41361 -0.835949
1.43954 -5.50359 -0.869478
1.49867 -5.60498 -0.931595
1.54121 -5.70093 -0.991063
1.59238 -5.79169 -1.01677
1.64191 -5.88906 -1.04773
1.68265 -5.97206 -1.07408
1.72627 -6.04909 -1.08043
1.77203 -6.13845 -1.08549
1.80855 -6.22355 -1.09775
1.8411 -6.30445 -1.11182
1.89239 -6.4196 -1.12427
1.92846 -6.50889 -1.1302
1.95821 -6.58556 -1.13847
2.00584 -6.69718 -1.14555
2.04755 -6.7843 -1.14253
2.07894 -6.85785 -1.1475
2.11205 -6.93674 -1.15232
2.15156 -7.01755 -1.14909
2.19693 -7.11575 -1.14566
2.22289 -7.18035 -1.14859
2.25946 -7.25452 -1.14299
2.30111 -7.32788 -1.12053
2.33528 -7.38316 -1.09978
2.37346 -7.44219 -1.08058
2.42197 -7.50588 -1.0481
2.47238 -7.57032 -1.0114
2.52068 -7.63526 -0.990157
2.56517 -7.70328 -0.98772
2.61623 -7.77493 -0.973854
2.68 -7.87332 -0.971728
2.72264 -7.95429 -0.990918
2.77398 -8.03189 -0.986928
2.82741 -8.11668 -0.987812
2.87199 -8.19819 -1.00268
2.91641 -8.27622 -1.0118
2.97623 -8.36495 -1.00107
3.02655 -8.45251 -1.01208
3.07337 -8.53019 -1.01645
3.13345 -8.61504 -0.997237
3.1935 -8.70875 -0.995681
3.24139 -8.78805 -0.998866
3.30295 -8.86954 -0.97741
3.3662 -8.96448 -0.975036
3.41813 -9.04415 -0.975379
3.47948 -9.12468 -0.957561
3.54726 -9.22037 -0.956018
3.61145 -9.33473 -0.982199
3.67214 -9.4213 -0.976801
3.73201 -9.5225 -0.996758
3.78386 -9.61057 -1.00719
3.86734 -9.73524 -0.99838
3.918 -9.83249 -1.01516
3.97731 -9.91974 -0.998176
4.04336 -10.0191 -0.99043
4.10078 -10.1086 -0.993514
4.17228 -10.1987 -0.965371
4.24155 -10.2975 -0.957884
4.30351 -10.3905 -0.965395
4.3829 -10.4799 -0.928502
4.44797 -10.5809 -0.944426
4.5176 -10.67 -0.929517
4.59299 -10.7642 -0.919362
4.65756 -10.8611 -0.935994
4.72847 -10.9528 -0.928315
4.79936 -11.0603 -0.941847
4.85925 -11.1585 -0.961574
4.93505 -11.2581 -0.946858
4.99526 -11.3606 -0.965334
5.05535 -11.462 -0.979529
5.13157 -11.5686 -0.966475
5.18419 -11.6677 -0.988174
5.26163 -11.7675 -0.966184
5.32981 -11.8785 -0.976655
5.39442 -11.977 -0.974505
5.46887 -12.0821 -0.968739
5.53063 -12.1797 -0.97897
5.60831 -12.2791 -0.955414
5.68309 -12.3842 -0.951513
5.75069 -12.4801 -0.944929
5.85271 -12.6092 -0.924523
5.91532 -12.7057 -0.939006
5.99724 -12.7981 -0.906254
6.07451 -12.9043 -0.911746
6.14486 -12.9916 -0.901536
6.22868 -13.0808 -0.866666
6.30153 -13.1733 -0.872755
6.39113 -13.2504 -0.825944
6.47606 -13.3357 -0.814233
6.55326 -13.413 -0.805497
6.64854 -13.4857 -0.753205
6.72761 -13.5625 -0.756945
6.81246 -13.6294 -0.730782
6.91646 -13.6739 -0.635811
6.9998 -13.7315 -0.607706
7.10576 -13.7688 -0.522536
7.2027 -13.8018 -0.457724
7.2963 -13.8375 -0.417398
7.39815 -13.8658 -0.360277
7.48536 -13.8895 -0.321159
7.57198 -13.911 -0.285874
7.66785 -13.9262 -0.23872
7.74798 -13.9447 -0.224436
7.8199 -13.9528 -0.197173
7.89318 -13.9527 -0.151143
7.96508 -13.9502 -0.106768
8.0279 -13.9459 -0.073756
8.08778 -13.9369 -0.033733
8.14419 -13.9193 0.0292292
8.18174 -13.8983 0.0963746
8.20964 -13.8774 0.164681
8.22055 -13.8564 0.240273
8.21826 -13.8335 0.328562
8.20277 -13.8089 0.440093
8.17095 -13.7858 0.566499
8.12626 -13.7698 0.706577
8.0729 -13.7645 0.851621
8.0162 -13.7722 0.994471
7.95802 -13.788 1.13739
7.89669 -13.8159 1.28724
7.8423 -13.8545 1.436
7.80176 -13.8973 1.58145
7.76097 -13.9406 1.72331
7.72911 -13.992 1.86474
7.70065 -14.0631 2.04488
7.68954 -14.1101 2.1662
7.68307 -14.1346 2.23679
7.66947 -14.1326 2.25095
7.65715 -14.12 2.25428
7.63087 -14.0994 2.25463
7.60482 -14.0689 2.27172
7.56886 -14.0328 2.32082
7.52612 -14.0128 2.38477
7.4759 -13.9855 2.44002
7.41967 -13.948 2.47139
7.35908 -13.9116 2.51029
7.28905 -13.8745 2.55256
7.22174 -13.8377 2.57678
7.15345 -13.7983 2.59403
7.07142 -13.7529 2.60819
6.98282 -13.7018 2.61479
6.90832 -13.646 2.59137
6.8268 -13.5908 2.58098
6.73439 -13.526 2.56529
6.65166 -13.4616 2.54553
6.56906 -13.3987 2.5363
6.46903 -13.3305 2.5422
6.38641 -13.2656 2.53063
6.30586 -13.1975 2.50923
6.20905 -13.1163 2.4858
6.12606 -13.0307 2.44676
6.04766 -12.9409 2.40571
5.95608 -12.8519 2.4008
5.88238 -12.763 2.37078
5.80448 -12.6687 2.34163
5.72042 -12.5748 2.32578
5.65249 -12.4743 2.27939
5.58027 -12.3745 2.25553
5.51127 -12.2758 2.24008
5.44951 -12.1679 2.19028
5.37434 -12.0688 2.19141
5.31068 -11.9649 2.17213
5.24912 -11.8571 2.14491
5.17457 -11.7601 2.16246
5.11502 -11.6489 2.12337
5.04811 -11.5449 2.12424
4.98213 -11.44 2.11408
4.89606 -11.2981 2.10878
4.81775 -11.1939 2.13855
4.76152 -11.0835 2.11387
4.6807 -10.9912 2.16821
4.61227 -10.8803 2.16786
4.53751 -10.7769 2.19203
4.46225 -10.68 2.21949
4.36708 -10.5362 2.21214
4.25265 -10.4048 2.25598
4.19043 -10.2895 2.21633
4.0978 -10.1974 2.27014
4.02806 -10.0869 2.23848
3.94231 -9.99231 2.26752
3.83603 -9.85547 2.25991
3.75116 -9.74768 2.27089
3.66707 -9.64143 2.27053
3.59052 -9.53506 2.25459
3.46992 -9.39884 2.26562
3.39209 -9.2829 2.23801
3.30155 -9.18075 2.25356
3.23063 -9.06238 2.2072
3.14827 -8.95406 2.20702
3.07944 -8.83555 2.16527
3.00505 -8.72107 2.153
2.92607 -8.60233 2.14651
2.86166 -8.4842 2.12303
2.78324 -8.37275 2.14015
2.72513 -8.24268 2.09061
2.64215 -8.12509 2.1196
2.58384 -8.00041 2.07692
2.51882 -7.88147 2.06433
2.44763 -7.75737 2.07225
2.40362 -7.62235 2.01226
2.33278 -7.50205 2.03687
2.28509 -7.37363 2.00155
2.20018 -7.21278 2.02075
2.15698 -7.08143 1.97678
2.07321 -6.91605 1.99096
2.02622 -6.78991 1.96509
1.94428 -6.63108 1.99356
1.89109 -6.50676 1.98568
1.81834 -6.38838 2.02799
1.75479 -6.26896 2.02939
1.68933 -6.15364 2.045
1.61952 -6.03164 2.05289
1.56163 -5.91744 2.04665
1.49363 -5.8061 2.07398
1.44181 -5.67889 2.03423
1.37024 -5.57308 2.06954
1.30906 -5.45454 2.06138
1.25815 -5.3402 2.03
1.17123 -5.23208 2.08803
1.12358 -5.10681 2.04068
1.05483 -5.00166 2.06817
0.996588 -4.88072 2.04706
0.933679 -4.77469 2.06273
0.8677 -4.65663 2.06563
0.812684 -4.54471 2.05354
0.747998 -4.4411 2.07781
0.695793 -4.3244 2.05237
0.634259 -4.21894 2.07323
0.565562 -4.10035 2.089
0.522133 -3.98404 2.04146
0.450113 -3.88197 2.08489
0.39907 -3.76354 2.05862
0.320812 -3.62057 2.06746
0.259234 -3.51138 2.07428
0.212412 -3.40413 2.05804
0.1466 -3.29147 2.08189
0.103199 -3.17643 2.04606
0.0435211 -3.07837 2.06908
-0.0123668 -2.9612 2.06436
-0.0613561 -2.85215 2.05603
-0.123299 -2.74279 2.0779
-0.173614 -2.62754 2.05742
-0.231886 -2.52551 2.07368
-0.29419 -2.41297 2.08007
-0.342622 -2.30482 2.05834
-0.405447 -2.19736 2.0711
-0.457779 -2.08563 2.05003
-0.503533 -1.98677 2.03516
-0.561657 -1.88398 2.04957
-0.603783 -1.77941 2.02502
-0.652133 -1.6876 2.02815
-0.708597 -1.59981 2.05549
-0.747224 -1.51005 2.04181
-0.796327 -1.43322 2.0577
-0.850079 -1.35841 2.08978
-0.897755 -1.27837 2.09536
-0.941639 -1.20393 2.09838
-0.989403 -1.13406 2.12157
-1.04312 -1.06369 2.14726
-1.08275 -0.998255 2.14643
-1.12415 -0.932723 2.15198
-1.1709 -0.873734 2.17561
-1.21861 -0.814186 2.20164
-1.25991 -0.756187 2.2034
-1.29932 -0.698455 2.20727
-1.34025 -0.647023 2.22208
-1.3854 -0.595767 2.24572
-1.42857 -0.544976 2.25943
-1.46436 -0.500114 2.26214
-1.50409 -0.45379 2.26932
-1.54564 -0.409724 2.28516
-1.58627 -0.370358 2.30465
-1.62508 -0.330779 2.31846
-1.67235 -0.28061 2.32772
-1.70916 -0.243998 2.33218
-1.74684 -0.208621 2.34212
-1.78446 -0.176846 2.35543
-1.82055 -0.147699 2.36815
-1.85487 -0.118712 2.37634
-1.88772 -0.0893727 2.38221
-1.91992 -0.061064 2.38781
-1.95064 -0.0341617 2.39436
-1.98104 -0.00943562 2.40138
-2.01047 0.0141382 2.41062
-2.04053 0.0382537 2.41975
-2.06825 0.0604524 2.4272
-2.09456 0.0820211 2.43397
-2.12005 0.102413 2.43905
-2.1511 0.127438 2.44528
-2.17488 0.144708 2.45123
-2.198 0.161465 2.4561
-2.21844 0.176382 2.46299
-2.23912 0.191561 2.46823
-2.25643 0.204481 2.4739
-2.27289 0.216811 2.47877
-2.28979 0.228334 2.48328
-2.30245 0.238561 2.48725
-2.3164 0.248196 2.49041
-2.32928 0.256607 2.49368
-2.34393 0.271151 2.48452
-2.35647 0.289383 2.45547
-2.36971 0.318145 2.41365
-2.38651 0.354887 2.36732
-2.40991 0.396904 2.31951
-2.43916 0.448181 2.27916
-2.47157 0.499594 2.25429
-2.50736 0.550711 2.24277
-2.5453 0.609519 2.22032
-2.58249 0.676886 2.18546
-2.62322 0.745298 2.16206
-2.66935 0.814445 2.16205
-2.70968 0.889094 2.14361
-2.74694 0.970943 2.11116
-2.79631 1.05214 2.11039
-2.85105 1.13681 2.11758
-2.8946 1.22558 2.09538
-2.93824 1.31369 2.08367
-2.99503 1.39968 2.09751
-3.0385 1.49243 2.07031
-3.08379 1.58319 2.05511
-3.13777 1.67218 2.07318
-3.19725 1.8022 2.04312
-3.23442 1.89009 2.02401
-3.28146 1.98477 2.03077
-3.32406 2.0913 2.00868
-3.36288 2.18334 2.00537
-3.4106 2.2777 2.01631
-3.44859 2.38033 1.99015
-3.48848 2.47767 1.98235
-3.53775 2.57828 1.99842
-3.57318 2.67856 1.97534
-3.61303 2.77113 1.98053
-3.67423 2.86911 2.0287
-3.72161 2.97784 2.01731
-3.77693 3.0704 2.04767
-3.83303 3.17318 2.06481
-3.88186 3.2792 2.04845
-3.94681 3.37697 2.08646
-4.0162 3.52133 2.0685
-4.07919 3.62146 2.0839
-4.14229 3.72297 2.09488
-4.19987 3.82669 2.08896
-4.27148 3.92608 2.12521
-4.33001 4.0288 2.1148
-4.38843 4.12601 2.10825
-4.45568 4.23203 2.11566
-4.50173 4.34339 2.06984
-4.55701 4.44925 2.06923
-4.60943 4.55863 2.05123
-4.65106 4.66831 2.016
-4.71577 4.77649 2.03773
-4.75735 4.8913 2.00234
-4.80867 4.99771 2.01232
-4.86321 5.1089 2.0113
-4.90887 5.22183 1.99167
-4.96572 5.32845 2.01047
-5.00824 5.44177 1.98694
-5.05573 5.54646 1.98769
-5.11153 5.66108 1.99347
-5.15445 5.78022 1.97068
-5.20139 5.88821 1.97351
-5.24481 6.00521 1.95379
-5.27982 6.11121 1.931
-5.3206 6.22862 1.93246
-5.35405 6.34744 1.90799
-5.38496 6.44991 1.89607
-5.42115 6.56703 1.90114
-5.44695 6.67579 1.88499
-5.48534 6.78422 1.89858
-5.51757 6.89652 1.89601
-5.54689 7.00186 1.88775
-5.58641 7.11487 1.90094
-5.62606 7.26135 1.88661
-5.66258 7.36744 1.89585
-5.70033 7.47649 1.90244
-5.72714 7.57067 1.89726
-5.77048 7.67355 1.92546
-5.81253 7.77937 1.94472
-5.86966 7.89949 1.98321
-5.93049 7.98198 2.05518
-5.98158 8.06252 2.09812
-6.03641 8.12689 2.15651
-6.11467 8.1844 2.26176
-6.18032 8.24158 2.3145
-6.25321 8.28971 2.38579
-6.33315 8.32481 2.47127
-6.40457 8.36352 2.53856
-6.4703 8.39326 2.58762
-6.54568 8.40928 2.67193
-6.61258 8.42643 2.73616
-6.66105 8.42832 2.79881
-6.70744 8.42093 2.88062
-6.74997 8.40558 2.96859
-6.77027 8.3766 3.06751
-6.78384 8.35029 -3.11784
-6.78536 8.31826 -3.00842
-6.77125 8.28288 -2.88533
-6.74343 8.24901 -2.74653
-6.70845 8.2225 -2.60468
-6.66471 8.20416 -2.4608
-6.61221 8.19599 -2.31275
-6.5559 8.19722 -2.16099
-6.49294 8.21283 -1.99654
-6.43143 8.24176 -1.83372
-6.38396 8.27817 -1.68706
-6.33538 8.32374 -1.54177
-6.30033 8.37828 -1.41488
-6.27798 8.43475 -1.30639
-6.27736 8.4691 -1.24755
-6.27465 8.50322 -1.18748
-6.2666 8.5361 -1.12064
-6.25826 8.52958 -1.10483
-6.24979 8.5161 -1.09777
-6.24008 8.48913 -1.11556
-6.23325 8.45253 -1.13763
-6.21921 8.403 -1.15779
-6.20095 8.35099 -1.17123
-6.17154 8.2869 -1.16656
-6.14092 8.21921 -1.15763
-6.11398 8.14613 -1.16652
-6.08202 8.06987 -1.16918
-6.04122 7.9927 -1.1482
-5.97932 7.89098 -1.10615
-5.94403 7.80672 -1.11794
-5.89768 7.72171 -1.10084
-5.84358 7.62901 -1.07799
-5.80371 7.53217 -1.10568
-5.75206 7.43473 -1.10246
-5.7026 7.33626 -1.09426
-5.66403 7.2323 -1.12153
-5.61351 7.1228 -1.12164
-5.5581 7.02126 -1.10704
-5.51919 6.91376 -1.14109
-5.46395 6.8126 -1.12725
-5.41159 6.71286 -1.12184
-5.37654 6.59384 -1.17873
-5.3226 6.48732 -1.16721
-5.28956 6.37565 -1.20733
-5.2502 6.26104 -1.21922
-5.20588 6.14912 -1.20928
-5.17823 6.0355 -1.239
-5.13483 5.92519 -1.22429
-5.0952 5.80784 -1.22329
-5.06589 5.68744 -1.25056
-5.01664 5.5747 -1.22147
-4.98043 5.45599 -1.23608
-4.93853 5.34313 -1.22427
-4.8892 5.22745 -1.19824
-4.84478 5.10558 -1.19495
-4.77436 4.9967 -1.12321
-4.72677 4.88375 -1.12406
-4.66227 4.77438 -1.08974
-4.60342 4.66022 -1.08569
-4.55669 4.54317 -1.11655
-4.48821 4.43213 -1.08352
-4.43919 4.31579 -1.10919
-4.36996 4.2074 -1.07488
-4.30837 4.10102 -1.05728
-4.2412 3.99271 -1.03461
-4.1588 3.89457 -0.979235
-4.0942 3.79362 -0.978034
-4.01051 3.69411 -0.937867
-3.93821 3.60178 -0.921873
-3.85509 3.50338 -0.895099
-3.76176 3.40839 -0.858239
-3.68317 3.32018 -0.841224
-3.58744 3.22607 -0.811342
-3.51013 3.13561 -0.82499
-3.42314 3.0392 -0.831637
-3.34402 2.93243 -0.873734
-3.28734 2.83485 -0.926521
-3.21542 2.725 -0.962216
-3.16108 2.61685 -0.999553
-3.09891 2.50674 -1.02793
-3.02975 2.39921 -1.02246
-2.9827 2.3036 -1.04403
-2.91771 2.19262 -1.04083
-2.84471 2.05732 -1.05224
-2.79778 1.93355 -1.09741
-2.73675 1.81884 -1.09727
-2.70762 1.70753 -1.15607
-2.66296 1.58987 -1.175
-2.61285 1.47846 -1.16752
-2.58206 1.35612 -1.21577
-2.52177 1.25316 -1.1663
-2.47788 1.14734 -1.16295
-2.42378 1.03884 -1.13605
-2.34939 0.950864 -1.04509
-2.29198 0.842872 -1.02744
-2.2148 0.747652 -0.970019
-2.15197 0.652162 -0.961784
-2.08574 0.553889 -0.951106
-2.0148 0.456395 -0.932536
-1.95267 0.360461 -0.939322
-1.87672 0.252841 -0.941382
-1.80597 0.160682 -0.932177
-1.74159 0.0675876 -0.94026
-1.65989 -0.0256441 -0.922277
-1.59004 -0.112602 -0.912916
-1.51231 -0.211639 -0.901437
-1.43391 -0.303239 -0.885311
-1.37015 -0.39796 -0.902263
-1.29263 -0.505206 -0.911987
-1.2275 -0.610903 -0.942137
-1.13624 -0.754655 -0.967258
-1.06753 -0.85215 -0.961769
-1.00306 -0.954424 -0.972928
-0.917181 -1.06179 -0.942282
-0.856406 -1.1494 -0.941828
-0.781626 -1.24724 -0.93192
-0.707142 -1.34597 -0.922774
-0.645799 -1.44662 -0.943825
-0.565633 -1.55669 -0.944525
-0.503004 -1.65089 -0.956139
-0.435584 -1.75503 -0.969878
-0.356592 -1.85559 -0.946134
-0.292699 -1.95789 -0.961177
-0.216258 -2.06129 -0.950412
-0.127399 -2.18797 -0.958742
-0.056083 -2.30586 -0.97604
0.0138716 -2.41445 -0.987143
0.0716719 -2.52024 -1.01663
0.16958 -2.66652 -1.007
0.226554 -2.7748 -1.03193
0.299225 -2.88222 -1.0143
0.361639 -2.98594 -1.02042
0.416774 -3.09631 -1.0457
0.48477 -3.20795 -1.03979
0.529003 -3.32016 -1.08282
0.591884 -3.43763 -1.08126
0.643766 -3.54861 -1.09744
0.696846 -3.66728 -1.12112
0.767307 -3.78292 -1.08993
0.815909 -3.89761 -1.11945
0.881012 -4.0043 -1.09281
0.93429 -4.1064 -1.08508
1.0013 -4.25312 -1.10456
1.06614 -4.35146 -1.07568
1.11417 -4.45035 -1.09212
1.16947 -4.55566 -1.08055
1.22538 -4.64998 -1.06194
1.27166 -4.75458 -1.0882
1.33383 -4.85646 -1.06678
1.38139 -4.95472 -1.07501
1.42163 -5.07169 -1.12031
1.48533 -5.17362 -1.0886
1.52628 -5.28005 -1.11838
1.57513 -5.38811 -1.12766
1.63967 -5.49194 -1.09412
1.68008 -5.60488 -1.12775
1.73672 -5.7088 -1.10989
1.78766 -5.81578 -1.1157
1.84803 -5.96863 -1.15335
1.90966 -6.07702 -1.13042
1.94129 -6.19631 -1.18017
2.00079 -6.30494 -1.14307
2.04232 -6.41936 -1.1621
2.09294 -6.53426 -1.1626
2.14868 -6.64547 -1.14489
2.18656 -6.76119 -1.1796
2.24248 -6.87396 -1.15656
2.28203 -6.98641 -1.1758
2.31398 -7.10663 -1.21872
2.35725 -7.21969 -1.21962
2.38323 -7.33375 -1.25529
2.42207 -7.44525 -1.24693
2.47056 -7.55593 -1.21787
2.51892 -7.70512 -1.22597
2.57109 -7.80806 -1.18969
2.60267 -7.92382 -1.22448
2.65061 -8.03633 -1.21146
2.712 -8.18383 -1.20797
2.74592 -8.29426 -1.23064
2.79821 -8.39964 -1.20122
2.83197 -8.51314 -1.22807
2.8764 -8.62116 -1.21873
2.92897 -8.72326 -1.18385
2.95295 -8.83055 -1.22311
2.99875 -8.93901 -1.2021
3.03837 -9.04918 -1.2071
3.06456 -9.16396 -1.24603
3.11494 -9.26952 -1.21132
3.146 -9.37975 -1.23138
3.17945 -9.49178 -1.2467
3.21185 -9.59801 -1.25073
3.21736 -9.71536 -1.33574
3.2387 -9.82612 -1.36958
3.25177 -9.93777 -1.39289
3.24921 -10.0482 -1.45561
3.24808 -10.143 -1.48925
3.24464 -10.2845 -1.53132
3.2292 -10.3833 -1.57884
3.21196 -10.4725 -1.6191
3.19023 -10.5667 -1.66838
3.16533 -10.6458 -1.71897
3.13748 -10.7175 -1.7824
3.08003 -10.7972 -1.90408
3.03828 -10.8503 -1.98516
2.99419 -10.8836 -2.06964
2.94905 -10.9031 -2.16087
2.9085 -10.9094 -2.255
2.87887 -10.9001 -2.34457
2.85954 -10.8823 -2.42727
2.85223 -10.8602 -2.50829
2.85466 -10.8294 -2.58894
2.87053 -10.7929 -2.67374
2.89259 -10.7571 -2.75995
2.92539 -10.7235 -2.84308
2.97884 -10.6851 -2.93174
3.02979 -10.6675 -2.96815
3.08882 -10.6478 -3.00368
3.15376 -10.6287 -3.04161
3.24013 -10.6048 -3.09793
3.30687 -10.589 -3.14017
3.37708 -10.5732 3.08673
3.45229 -10.5609 3.02935
3.52644 -10.5565 2.98508
3.59596 -10.5554 2.94089
3.67092 -10.5527 2.87355
3.74741 -10.5477 2.77993
3.8198 -10.551 2.69371
3.89323 -10.5584 2.59986
3.96836 -10.5736 2.48718
4.03419 -10.5973 2.39258
4.11064 -10.6383 2.30017
4.16863 -10.6818 2.23048
4.22014 -10.7275 2.18428
4.25296 -10.7775 2.16997
4.28903 -10.8286 2.16557
4.32649 -10.8781 2.15471
4.3631 -10.9214 2.13474
4.39702 -10.9658 2.11957
4.42228 -11.007 2.11821
4.43884 -11.0353 2.1162
4.45161 -11.0548 2.11117
4.45764 -11.0648 2.1069
4.44703 -11.0464 2.10643
4.43102 -11.0213 2.10966
4.40515 -10.9843 2.11928
4.3697 -10.9372 2.137
4.32886 -10.8791 2.14823
4.28594 -10.81 2.14401
4.24302 -10.7455 2.15096
4.18387 -10.6662 2.17681
4.12288 -10.5792 2.18128
4.06506 -10.4675 2.13245
3.99384 -10.3772 2.15998
3.9373 -10.2749 2.14
3.88033 -10.1682 2.11972
3.80739 -10.0699 2.15149
3.75421 -9.96205 2.12069
3.65462 -9.82771 2.15883
3.59407 -9.7247 2.15186
3.52241 -9.62601 2.1769
3.4437 -9.53116 2.22288
3.3741 -9.42817 2.20707
3.285 -9.33596 2.25357
3.2128 -9.23722 2.24467
3.13807 -9.13427 2.2353
3.05347 -9.03334 2.24635
2.98317 -8.92498 2.20741
2.89969 -8.823 2.21904
2.83047 -8.71774 2.19329
2.758 -8.60842 2.17736
2.68374 -8.49915 2.16578
2.63155 -8.38063 2.10357
2.56713 -8.26693 2.08426
2.52348 -8.14567 2.02393
2.45901 -7.98919 1.98861
2.40262 -7.86728 1.99198
2.35689 -7.75014 1.97236
2.29751 -7.63421 1.99217
2.26256 -7.51163 1.93963
2.22029 -7.39579 1.92254
2.19223 -7.26651 1.86883
2.16951 -7.10152 1.79179
2.15432 -6.96498 1.74324
2.14538 -6.83748 1.69647
2.13782 -6.71113 1.66187
2.12217 -6.58025 1.65289
2.12523 -6.46114 1.62118
2.10947 -6.32522 1.63573
2.09855 -6.20866 1.64691
2.08649 -6.08801 1.66974
2.03995 -5.96749 1.76269
1.981 -5.83179 1.86908
1.91612 -5.72568 1.98596
1.84256 -5.64681 2.08685
1.75234 -5.5632 2.22386
1.63303 -5.46516 2.34162
1.53542 -5.41748 2.47645
1.4461 -5.37057 2.54589
1.33341 -5.3303 2.63668
1.23205 -5.28529 2.68105
1.13585 -5.25135 2.72606
1.02379 -5.21764 2.7656
0.928771 -5.17426 2.77198
0.836057 -5.14993 2.80853
0.728571 -5.11431 2.83217
0.630823 -5.06989 2.80774
0.528646 -5.03254 2.80391
0.419904 -4.9722 2.7469
0.32124 -4.90152 2.66441
0.236737 -4.82847 2.5899
0.152349 -4.73413 2.48447
0.0815705 -4.63506 2.37528
0.00777738 -4.48976 2.21619
-0.0465073 -4.38415 2.13543
-0.0752166 -4.264 2.00792
-0.0988624 -4.14817 1.90305
-0.110802 -4.02418 1.81414
-0.109346 -3.89534 1.71288
-0.0974873 -3.78298 1.62765
-0.0816782 -3.65958 1.5422
-0.0656283 -3.53965 1.51069
-0.0300824 -3.42779 1.41959
-0.0055192 -3.31054 1.39414
0.0136659 -3.19324 1.38857
0.0401699 -3.07618 1.36753
0.0409807 -2.95772 1.4305
0.0465184 -2.83626 1.45806
0.0402719 -2.71601 1.5203
0.00968738 -2.59696 1.63039
-0.00949846 -2.47898 1.68058
-0.0556295 -2.36363 1.77879
-0.0935122 -2.25564 1.83236
-0.143904 -2.14833 1.90273
-0.201449 -2.03563 1.95385
-0.262223 -1.9433 2.01587
-0.335009 -1.84552 2.08673
-0.395156 -1.74659 2.11039
-0.478477 -1.65426 2.17679
-0.549478 -1.54342 2.18304
-0.625537 -1.44568 2.20738
-0.704433 -1.34595 2.2135
-0.770849 -1.23895 2.18591
-0.854283 -1.13679 2.20862
-0.918381 -1.02598 2.18155
-0.991148 -0.926769 2.19303
-1.06992 -0.822705 2.20354
-1.13914 -0.711986 2.17671
-1.22559 -0.611536 2.218
-1.28488 -0.501713 2.17214
-1.36236 -0.40083 2.19327
-1.45468 -0.261 2.17615
-1.54488 -0.125835 2.17917
-1.60822 -0.0238738 2.16548
-1.67177 0.0818022 2.15429
-1.74569 0.184204 2.16928
-1.80337 0.294942 2.13454
-1.86623 0.397307 2.13969
-1.92673 0.503474 2.12874
-1.9812 0.611319 2.10784
-2.04697 0.712161 2.12957
-2.09709 0.820992 2.10112
-2.15339 0.9227 2.09881
-2.22368 1.02135 2.12924
-2.27516 1.13579 2.09843
-2.36955 1.26558 2.14025
-2.4227 1.3713 2.11625
-2.48757 1.47171 2.12419
-2.55339 1.57375 2.1344
-2.60907 1.68261 2.11053
-2.67831 1.78197 2.13949
-2.7345 1.88346 2.13222
-2.79325 1.98784 2.1234
-2.86785 2.08794 2.14838
-2.92431 2.19609 2.1146
-3.01312 2.33177 2.14039
-3.06947 2.43753 2.12224
-3.12821 2.53855 2.12279
-3.19655 2.64222 2.13791
-3.25534 2.75391 2.12036
-3.32514 2.85087 2.14695
-3.39182 2.95393 2.15013
-3.45524 3.0638 2.14076
-3.53199 3.16381 2.16317
-3.59435 3.27249 2.14271
-3.67623 3.37509 2.1714
-3.74804 3.48354 2.16527
-3.81462 3.58828 2.15829
-3.89184 3.68985 2.17505
-3.95355 3.8045 2.13682
-4.02466 3.90932 2.1411
-4.08062 4.01971 2.10521
-4.12166 4.13397 2.0467
-4.17338 4.24865 2.01552
-4.20044 4.37335 1.93271
-4.23141 4.48931 1.88553
-4.25539 4.61646 1.83835
-4.26754 4.73358 1.7812
-4.28206 4.853 1.73918
-4.29894 4.97964 1.71758
-4.30609 5.09083 1.69517
-4.31953 5.21004 1.69088
-4.34444 5.32857 1.72249
-4.36062 5.43573 1.72751
-4.39302 5.55179 1.7701
-4.42473 5.65873 1.80148
-4.46114 5.76658 1.83564
-4.50147 5.87714 1.86911
-4.53412 5.9821 1.87476
-4.57824 6.08525 1.90479
-4.62152 6.19118 1.9258
-4.66271 6.2866 1.95099
-4.72237 6.37701 2.01646
-4.77032 6.47322 2.03809
-4.82278 6.56604 2.06378
-4.91542 6.68906 2.13193
-4.96957 6.79134 2.12529
-5.04085 6.87628 2.17253
-5.10378 6.97502 2.16638
-5.16815 7.0762 2.16529
-5.23644 7.16577 2.18981
-5.29166 7.26662 2.16684
-5.36039 7.36376 2.18045
-5.43254 7.45122 2.1993
-5.48794 7.55069 2.1642
-5.55343 7.64694 2.16571
-5.60768 7.74535 2.13535
-5.64065 7.85441 2.05431
-5.68708 7.95626 2.0261
-5.72113 8.06521 1.96742
-5.73184 8.17437 1.88805
-5.75882 8.27415 1.85368
-5.7792 8.38383 1.8139
-5.79618 8.48292 1.79549
-5.81715 8.57197 1.80531
-5.85254 8.66516 1.8552
-5.89064 8.74166 1.91461
-5.94107 8.79622 2.00603
-6.00558 8.84986 2.13517
-6.0678 8.89647 2.24148
-6.12936 8.93286 2.34508
-6.20759 8.95717 2.46463
-6.27816 8.97691 2.5764
-6.34251 8.98468 2.67446
-6.40708 8.97463 2.80059
-6.46312 8.95045 2.94979
-6.49906 8.91814 3.09915
-6.52117 8.87421 -3.02773
-6.53709 8.82508 -2.86132
-6.53485 8.77258 -2.68475
-6.52059 8.73065 -2.51404
-6.49582 8.69378 -2.3464
-6.46496 8.66581 -2.18119
-6.42123 8.64183 -2.01894
-6.39312 8.62688 -1.86874
-6.35811 8.61428 -1.72649
-6.32294 8.60409 -1.58963
-6.28797 8.59276 -1.47322
-6.25383 8.58154 -1.35441
-6.21908 8.56417 -1.24107
-6.17816 8.54299 -1.13096
-6.13551 8.51243 -1.0282
-6.08622 8.47856 -0.932102
-6.03626 8.4395 -0.866081
-5.98893 8.39028 -0.839595
-5.93126 8.33697 -0.830441
-5.86469 8.26682 -0.832792
-5.80022 8.19309 -0.844466
-5.74088 8.11957 -0.863944
-5.67084 8.02528 -0.89185
-5.5997 7.92297 -0.91869
-5.55101 7.83517 -0.960281
-5.49335 7.73172 -0.999545
-5.41703 7.59509 -1.03241
-5.38151 7.48708 -1.09661
-5.32717 7.3714 -1.1149
-5.28173 7.2595 -1.13871
-5.24275 7.14321 -1.17351
-5.18869 7.02898 -1.16372
-5.14765 6.90772 -1.19461
-5.10065 6.78452 -1.19988
-5.05125 6.67116 -1.19475
-5.01559 6.54189 -1.2302
-4.96672 6.42335 -1.21137
-4.93394 6.29857 -1.23706
-4.88461 6.17401 -1.22079
-4.83415 6.04853 -1.20776
-4.7915 5.91835 -1.21429
-4.71629 5.75518 -1.18076
-4.67433 5.62665 -1.1992
-4.61083 5.50544 -1.16117
-4.57224 5.37522 -1.19116
-4.51076 5.24639 -1.16453
-4.46716 5.11819 -1.18445
-4.41136 4.99338 -1.16674
-4.35838 4.87015 -1.16767
-4.30777 4.74328 -1.17448
-4.24979 4.61737 -1.15787
-4.20519 4.48975 -1.17841
-4.14172 4.37412 -1.13622
-4.10084 4.25239 -1.16512
-4.03586 4.13365 -1.1309
-3.97528 4.0139 -1.11442
-3.91108 3.8983 -1.08734
-3.837 3.78552 -1.04707
-3.74569 3.6322 -1.03553
-3.66638 3.52056 -1.00646
-3.60547 3.40343 -1.03422
-3.51731 3.28411 -0.996677
-3.45299 3.1703 -1.01766
-3.37705 3.05931 -1.01192
-3.30227 2.94836 -1.00893
-3.23749 2.83073 -1.02827
-3.14114 2.67852 -1.03136
-3.09107 2.55752 -1.09059
-3.02699 2.43997 -1.09569
-2.98529 2.31217 -1.15179
-2.91287 2.14927 -1.15865
-2.87706 2.02024 -1.20921
-2.83311 1.89488 -1.2124
-2.79579 1.76541 -1.23004
-2.76923 1.64143 -1.2526
-2.71891 1.51504 -1.22943
-2.6872 1.39025 -1.25319
-2.63418 1.27009 -1.2166
-2.58859 1.15167 -1.20855
-2.53512 1.03105 -1.17238
-2.47198 0.920616 -1.11218
-2.41531 0.8099 -1.11714
-2.33269 0.698314 -1.04878
-2.2686 0.589613 -1.02508
-2.19013 0.490118 -0.969052
-2.10933 0.397365 -0.924564
-2.02113 0.305649 -0.870776
-1.92783 0.222899 -0.807502
-1.83791 0.15608 -0.740122
-1.7194 0.0894776 -0.646114
-1.62864 0.0326769 -0.598758
-1.51494 -0.00203496 -0.492814
-1.40001 -0.0591529 -0.44361
-1.28453 -0.084337 -0.360526
-1.16786 -0.103708 -0.274395
-1.05701 -0.125868 -0.219535
-0.93982 -0.128601 -0.127902
-0.831022 -0.127418 -0.0528442
-0.716433 -0.102644 0.0467617
-0.613026 -0.0813645 0.122505
-0.530316 -0.0292524 0.23916
-0.436875 0.0224365 0.337038
-0.359847 0.0757159 0.436999
-0.295404 0.144644 0.571208
-0.24905 0.211167 0.670829
-0.20627 0.28134 0.771061
-0.157752 0.380483 0.906674
-0.127711 0.433782 0.954829
-0.106142 0.491037 1.02112
-0.0965357 0.52369 1.05284
-0.0806845 0.542585 1.05979
-0.0718167 0.563994 1.06452
-0.0672663 0.578309 1.07087
-0.0645876 0.584995 1.07834
-0.0625852 0.582399 1.07245
-0.0627398 0.582883 1.07111
-0.0627039 0.582918 1.07028
-0.0627629 0.583104 1.06979
-0.0621922 0.583968 1.06824
-0.0624396 0.585911 1.06894
-0.0622736 0.585355 1.06873
-0.0623372 0.584709 1.06837
-0.0624222 0.584823 1.06852
-0.062602 0.584591 1.06858
-0.0625952 0.584461 1.06834
-0.0627514 0.58429 1.06854
-0.0626973 0.584356 1.06847
-0.062772 0.584264 1.06854
-0.0628756 0.584033 1.06847
-0.062889 0.583995 1.06848
-0.0629082 0.584001 1.06852
-0.0628515 0.584131 1.06855
-0.0628686 0.584052 1.06848
-0.0629037 0.583925 1.0684
-0.0629905 0.583858 1.06855
-0.0629915 0.583827 1.06849
-0.0629772 0.583779 1.06837
-0.0630578 0.5837 1.06848
-0.063082 0.583602 1.06842
-0.0631865 0.583519 1.06859
-0.0632831 0.583307 1.06853
-0.0633915 0.583151 1.06859
-0.0634718 0.582987 1.06856
-0.0634208 0.583012 1.06846
-0.0634702 0.582933 1.06849
-0.0635766 0.582841 1.06864
-0.0635878 0.582781 1.06858
-0.0636176 0.582578 1.06835
-0.0637601 0.582476 1.0686
-0.0638726 0.58228 1.06862
-0.0639322 0.582172 1.06863
-0.0639201 0.582115 1.06849
-0.0639675 0.582045 1.06851
-0.0641608 0.581769 1.06866
-0.0641849 0.581671 1.06857
-0.06427 0.581582 1.06868
-0.0643288 0.581506 1.06871
-0.0644883 0.581208 1.06871
-0.0644858 0.581218 1.06871
-0.064494 0.581104 1.06856
-0.0645578 0.58104 1.06863
-0.0646428 0.580866 1.06861
-0.0647281 0.580745 1.06866
-0.0647451 0.580698 1.06866
-0.0648441 0.580539 1.06869
-0.0650245 0.58027 1.06878
-0.0651601 0.580039 1.0688
-0.0651722 0.579947 1.06871
-0.0652266 0.579912 1.0688
-0.0652183 0.579877 1.06873
-0.0653177 0.579804 1.06889
-0.0654209 0.579604 1.06889
-0.0654671 0.579417 1.06873
-0.065617 0.579233 1.06887
-0.0656154 0.57918 1.06879
-0.0656715 0.579081 1.0688
-0.0657779 0.578989 1.06895
-0.0657592 0.578983 1.06889
-0.0658166 0.578885 1.0689
-0.0658106 0.57884 1.06882
-0.0658048 0.578828 1.06877
-0.0659068 0.57866 1.0688
-0.0659826 0.578536 1.06884
-0.0661419 0.578355 1.06899
-0.0661196 0.578359 1.06894
-0.0661147 0.578314 1.06886
-0.0661758 0.57826 1.06896
-0.0662194 0.578168 1.06895
-0.066302 0.578026 1.06897
-0.0663431 0.577912 1.06888
-0.0663201 0.577946 1.06889
-0.0664487 0.577734 1.06891
-0.0665431 0.577617 1.069
-0.0665909 0.577484 1.06893
-0.0665344 0.577433 1.0687
-0.0666012 0.577455 1.06893
-0.0666751 0.577395 1.06906
-0.0667518 0.57724 1.06903
-0.0668227 0.577072 1.06895
-0.0669087 0.576919 1.06897
-0.0669161 0.576986 1.06912
-0.0668592 0.576999 1.06897
-0.0669435 0.57691 1.06906
-0.0669153 0.5769 1.06897
-0.0669913 0.576777 1.06899
-0.0669928 0.576682 1.06883
-0.0669947 0.576767 1.06899
-0.0670244 0.576713 1.06899
-0.0669872 0.576786 1.06898
-0.0669853 0.576733 1.0689
-0.0670509 0.576669 1.06899
-0.0671006 0.576653 1.06912
-0.0672022 0.576454 1.06909
-0.0672339 0.576273 1.0689
-0.0672322 0.5764 1.0691
-0.0672078 0.576317 1.0689
-0.0671635 0.576441 1.06894
-0.0672366 0.576295 1.06894
