1.76216 -0.0112515 -0.01277 1.10326e+07 1.1562e+07
1.81444 -0.0121428 -0.0213246 1.1034e+07 1.15633e+07
1.89382 -0.0134825 -0.0124252 1.1036e+07 1.15654e+07
1.97515 -0.0144844 -0.0122124 1.10381e+07 1.15675e+07
2.06228 -0.0159173 -0.0206758 1.10404e+07 1.15697e+07
2.12036 -0.0171139 -0.0205237 1.10419e+07 1.15712e+07
2.21137 -0.0185755 -0.0115939 1.10442e+07 1.15736e+07
2.30237 -0.0200153 -0.0200471 1.10466e+07 1.15759e+07
2.36432 -0.0212525 -0.0198849 1.10482e+07 1.15775e+07
2.46113 -0.0231654 -0.0196315 1.10507e+07 1.158e+07
2.55793 -0.0250538 -0.019378 1.10532e+07 1.15825e+07
2.62376 -0.0263239 -0.0192056 1.10549e+07 1.15842e+07
2.72055 -0.0290124 -0.0363353 1.10575e+07 1.15866e+07
2.82118 -0.0326571 -0.0360717 1.10601e+07 1.15892e+07
2.88892 -0.0348011 -0.0272027 1.10618e+07 1.1591e+07
2.99345 -0.037631 -0.0269289 1.10645e+07 1.15937e+07
3.09991 -0.0409466 -0.0353417 1.10673e+07 1.15964e+07
3.20249 -0.0441135 -0.0263814 1.10699e+07 1.15991e+07
3.27218 -0.0459461 -0.026199 1.10717e+07 1.16009e+07
3.37864 -0.0491839 -0.0346117 1.10745e+07 1.16036e+07
3.4851 -0.0523922 -0.0256413 1.10772e+07 1.16064e+07
3.55866 -0.0542717 -0.0254487 1.10791e+07 1.16083e+07
3.66512 -0.0574297 -0.0338614 1.10819e+07 1.1611e+07
3.7735 -0.0610857 -0.0335775 1.10847e+07 1.16138e+07
3.88188 -0.0647109 -0.0332938 1.10875e+07 1.16166e+07
3.95348 -0.0674003 -0.0417976 1.10894e+07 1.16184e+07
4.0657 -0.072077 -0.0415035 1.10923e+07 1.16213e+07
4.17601 -0.0761616 -0.0325231 1.10951e+07 1.16242e+07
4.24955 -0.0785473 -0.0323304 1.1097e+07 1.16261e+07
4.36177 -0.0831369 -0.0494196 1.11e+07 1.16289e+07
4.47199 -0.0890527 -0.0578222 1.11029e+07 1.16317e+07
4.54546 -0.0932981 -0.0576295 1.11048e+07 1.16336e+07
4.66139 -0.10098 -0.0747085 1.11079e+07 1.16365e+07
4.77339 -0.109347 -0.0744145 1.11108e+07 1.16394e+07
4.88532 -0.118654 -0.0915036 1.11138e+07 1.16422e+07
4.9605 -0.125874 -0.0999975 1.11158e+07 1.16441e+07
5.07423 -0.136769 -0.0910068 1.11187e+07 1.16471e+07
5.18796 -0.14763 -0.0993993 1.11217e+07 1.165e+07
5.26112 -0.155561 -0.11659 1.11237e+07 1.16518e+07
5.37267 -0.16861 -0.116296 1.11266e+07 1.16547e+07
5.44773 -0.17704 -0.107407 1.11285e+07 1.16567e+07
5.59976 -0.19407 -0.115698 1.11325e+07 1.16606e+07
5.6767 -0.203004 -0.115495 1.11345e+07 1.16626e+07
5.79025 -0.21566 -0.106504 1.11374e+07 1.16656e+07
5.9038 -0.228282 -0.114897 1.11404e+07 1.16685e+07
5.98271 -0.237033 -0.105997 1.11424e+07 1.16706e+07
6.10221 -0.248679 -0.0882997 1.11454e+07 1.16738e+07
6.21992 -0.258566 -0.0792989 1.11484e+07 1.16769e+07
6.2991 -0.264503 -0.0703994 1.11504e+07 1.1679e+07
6.41697 -0.272282 -0.0613987 1.11534e+07 1.16821e+07
6.53294 -0.279394 -0.0610945 1.11564e+07 1.16851e+07
6.65088 -0.286076 -0.0520936 1.11594e+07 1.16882e+07
6.73018 -0.289857 -0.0431943 1.11614e+07 1.16903e+07
6.85204 -0.295635 -0.0515665 1.11646e+07 1.16934e+07
6.972 -0.300762 -0.033869 1.11676e+07 1.16966e+07
7.09586 -0.304939 -0.0335446 1.11708e+07 1.16998e+07
7.17715 -0.307658 -0.0333315 1.11729e+07 1.17019e+07
7.30492 -0.310786 -0.0156139 1.11761e+07 1.17053e+07
7.43272 -0.31276 -0.0152793 1.11794e+07 1.17086e+07
7.51791 -0.314052 -0.0150563 1.11816e+07 1.17108e+07
7.6457 -0.315955 -0.0147217 1.11849e+07 1.17141e+07
7.77348 -0.318926 -0.0317703 1.11883e+07 1.17173e+07
7.90122 -0.322964 -0.0314357 1.11916e+07 1.17206e+07
7.98638 -0.325633 -0.0312128 1.11938e+07 1.17228e+07
8.11022 -0.330557 -0.0482713 1.11971e+07 1.17259e+07
8.23401 -0.336517 -0.0479469 1.12003e+07 1.17291e+07
8.3172 -0.340137 -0.0390373 1.12024e+07 1.17313e+07
8.43903 -0.346468 -0.0647926 1.12057e+07 1.17343e+07
8.56467 -0.354051 -0.0557716 1.12089e+07 1.17376e+07
8.64588 -0.358576 -0.0555587 1.1211e+07 1.17397e+07
8.77153 -0.366091 -0.0639207 1.12143e+07 1.17429e+07
8.89521 -0.373987 -0.0635963 1.12175e+07 1.17461e+07
9.0189 -0.381844 -0.0632718 1.12207e+07 1.17493e+07
9.10007 -0.386978 -0.0630588 1.12228e+07 1.17514e+07
9.22572 -0.394343 -0.0540378 1.1226e+07 1.17547e+07
9.35144 -0.400575 -0.0450167 1.12292e+07 1.1758e+07
9.43656 -0.4044 -0.0447936 1.12314e+07 1.17602e+07
9.55846 -0.409314 -0.0357827 1.12345e+07 1.17634e+07
9.68232 -0.413727 -0.0354583 1.12377e+07 1.17666e+07
9.80426 -0.417503 -0.0264472 1.12408e+07 1.17698e+07
9.88751 -0.419334 -0.0175378 1.12429e+07 1.1772e+07
10.0114 -0.421487 -0.0172133 1.12461e+07 1.17752e+07
10.1334 -0.423038 -0.00820238 1.12492e+07 1.17784e+07
10.2167 -0.42335 0.000707105 1.12513e+07 1.17806e+07
10.3426 -0.423787 -0.00765488 1.12546e+07 1.17838e+07
10.4665 -0.423638 0.0100527 1.12577e+07 1.17871e+07
10.5498 -0.42243 0.0189623 1.12598e+07 1.17893e+07
10.6717 -0.420628 0.0105902 1.1263e+07 1.17924e+07
10.7937 -0.418786 0.019601 1.12661e+07 1.17956e+07
10.9176 -0.416337 0.0199255 1.12693e+07 1.17988e+07
10.9989 -0.414708 0.0201385 1.12714e+07 1.18009e+07
11.1248 -0.411606 0.0291594 1.12746e+07 1.18042e+07
11.2467 -0.408559 0.0207874 1.12778e+07 1.18073e+07
11.33 -0.406458 0.0296968 1.12799e+07 1.18095e+07
11.4558 -0.402153 0.0387179 1.12831e+07 1.18128e+07
11.5796 -0.397335 0.0390426 1.12863e+07 1.1816e+07
11.7053 -0.390762 0.0654468 1.12894e+07 1.18194e+07
11.7884 -0.384946 0.0743562 1.12915e+07 1.18216e+07
11.912 -0.375719 0.0746807 1.12947e+07 1.18248e+07
12.0375 -0.365761 0.0837017 1.12979e+07 1.18281e+07
12.1185 -0.358953 0.0839146 1.13e+07 1.18302e+07
12.2381 -0.348871 0.084229 1.13031e+07 1.18333e+07
12.3635 -0.337716 0.09325 1.13063e+07 1.18366e+07
12.4889 -0.32652 0.084888 1.13096e+07 1.18398e+07
12.5738 -0.319286 0.085111 1.13118e+07 1.1842e+07
12.6992 -0.30802 0.094132 1.1315e+07 1.18453e+07
12.8226 -0.297424 0.0770733 1.13183e+07 1.18484e+07
12.9096 -0.291082 0.0686099 1.13206e+07 1.18506e+07
13.0352 -0.282978 0.0602478 1.13239e+07 1.18538e+07
13.1608 -0.275925 0.0518858 1.13272e+07 1.1857e+07
13.2459 -0.271496 0.0521089 1.13294e+07 1.18592e+07
13.3716 -0.264373 0.0611298 1.13326e+07 1.18625e+07
13.4992 -0.257653 0.0440816 1.1336e+07 1.18657e+07
13.6269 -0.25089 0.0617992 1.13392e+07 1.18691e+07
13.7119 -0.245618 0.0620222 1.13414e+07 1.18713e+07
13.8395 -0.237675 0.0623568 1.13447e+07 1.18746e+07
13.967 -0.229689 0.0626914 1.1348e+07 1.18779e+07
14.0482 -0.224585 0.0629043 1.13501e+07 1.188e+07
14.1738 -0.217198 0.0545423 1.13534e+07 1.18832e+07
14.2995 -0.209769 0.0635633 1.13566e+07 1.18865e+07
14.4232 -0.201876 0.0638878 1.13598e+07 1.18897e+07
14.5063 -0.196912 0.0554142 1.1362e+07 1.18918e+07
14.6319 -0.189374 0.0644352 1.13652e+07 1.18951e+07
14.7537 -0.182028 0.0560629 1.13684e+07 1.18982e+07
14.8369 -0.177715 0.0475895 1.13706e+07 1.19003e+07
14.9607 -0.171799 0.0479138 1.13738e+07 1.19035e+07
15.0864 -0.166296 0.0395518 1.13771e+07 1.19067e+07
15.2122 -0.161845 0.0311898 1.13804e+07 1.19099e+07
15.2935 -0.1593 0.0314027 1.13825e+07 1.1912e+07
15.4193 -0.155874 0.0230407 1.13858e+07 1.19152e+07
15.5432 -0.152998 0.023365 1.1389e+07 1.19184e+07
15.6265 -0.151406 0.0148915 1.13912e+07 1.19205e+07
15.7504 -0.14954 0.015216 1.13944e+07 1.19237e+07
15.8743 -0.147634 0.0155404 1.13976e+07 1.19269e+07
15.9963 -0.146249 0.0071682 1.14008e+07 1.193e+07
16.0796 -0.146005 -0.00130539 1.1403e+07 1.19321e+07
16.2035 -0.14507 0.0164022 1.14061e+07 1.19354e+07
16.2868 -0.144057 0.00792862 1.14083e+07 1.19375e+07
16.4088 -0.14254 0.0169396 1.14114e+07 1.19407e+07
16.5327 -0.14042 0.017264 1.14146e+07 1.19439e+07
16.6547 -0.138825 0.00889169 1.14178e+07 1.1947e+07
16.7341 -0.138456 0.000408085 1.14199e+07 1.1949e+07
16.8541 -0.137344 0.0181055 1.14229e+07 1.19522e+07
16.9722 -0.135701 0.0097232 1.1426e+07 1.19552e+07
17.0923 -0.134514 0.0100375 1.14291e+07 1.19583e+07
17.1697 -0.133729 0.0102402 1.14311e+07 1.19603e+07
17.2879 -0.133015 0.00185803 1.14342e+07 1.19633e+07
17.406 -0.132263 0.0108588 1.14372e+07 1.19664e+07
17.4834 -0.131415 0.0110615 1.14392e+07 1.19684e+07
17.5958 -0.130156 0.0113557 1.14421e+07 1.19713e+07
17.7061 -0.128407 0.0203362 1.14449e+07 1.19742e+07
17.7777 -0.126632 0.0292152 1.14467e+07 1.19761e+07
17.8803 -0.121391 0.0729418 1.14491e+07 1.1979e+07
17.9805 -0.112295 0.107972 1.14515e+07 1.19818e+07
18.0782 -0.0978065 0.186455 1.14536e+07 1.19848e+07
18.137 -0.0853933 0.23007 1.14549e+07 1.19866e+07
18.2247 -0.0611756 0.308532 1.14568e+07 1.19894e+07
18.3045 -0.0310917 0.413055 1.14584e+07 1.19922e+07
18.3552 -0.00698824 0.474043 1.14595e+07 1.1994e+07
18.4218 0.0325104 0.595927 1.14608e+07 1.19967e+07
18.4801 0.0774546 0.717802 1.1462e+07 1.19993e+07
18.5321 0.129606 0.857059 1.14631e+07 1.2002e+07
18.5585 0.163002 0.944087 1.14637e+07 1.20036e+07
18.5929 0.219205 1.10071 1.14645e+07 1.20062e+07
18.6175 0.278179 1.24863 1.14653e+07 1.20087e+07
18.6286 0.317336 1.34435 1.14658e+07 1.20103e+07
18.6372 0.376769 1.50964 1.14664e+07 1.20128e+07
18.6359 0.436808 1.67494 1.1467e+07 1.20153e+07
18.6289 0.478847 1.79673 1.14674e+07 1.20171e+07
18.6113 0.532225 1.97941 1.14678e+07 1.20196e+07
18.5855 0.579942 2.15338 1.14682e+07 1.2022e+07
18.5519 0.622475 2.32735 1.14686e+07 1.20244e+07
18.5267 0.646549 2.43174 1.14689e+07 1.20259e+07
18.4857 0.675934 2.6057 1.14692e+07 1.20282e+07
18.4406 0.698187 2.76229 1.14696e+07 1.20304e+07
18.4075 0.709391 2.86668 1.14699e+07 1.20319e+07
18.3582 0.71966 3.00587 1.14704e+07 1.2034e+07
18.3061 0.723342 3.13638 1.1471e+07 1.20361e+07
18.248 0.720107 -3.02497 1.14718e+07 1.20383e+07
18.2079 0.713795 -2.94664 1.14724e+07 1.20398e+07
18.1459 0.697887 -2.83348 1.14734e+07 1.20421e+07
18.0803 0.67444 -2.76377 1.14748e+07 1.20443e+07
18.0126 0.645511 -2.71142 1.14764e+07 1.20465e+07
17.9637 0.622041 -2.67652 1.14776e+07 1.20481e+07
17.8936 0.584889 -2.63285 1.14794e+07 1.20504e+07
17.8431 0.556147 -2.61531 1.14808e+07 1.2052e+07
17.7675 0.512694 -2.62378 1.14831e+07 1.20542e+07
17.6883 0.467978 -2.63223 1.14855e+07 1.20565e+07
17.6067 0.423352 -2.64937 1.1488e+07 1.20588e+07
17.5256 0.382085 -2.69259 1.14906e+07 1.20609e+07
17.4696 0.35567 -2.70981 1.14923e+07 1.20624e+07
17.3829 0.317078 -2.73564 1.14949e+07 1.20647e+07
17.2933 0.280385 -2.77015 1.14976e+07 1.2067e+07
17.2334 0.257965 -2.79606 1.14994e+07 1.20685e+07
17.1398 0.226531 -2.83926 1.15022e+07 1.20708e+07
17.0452 0.198346 -2.86507 1.15049e+07 1.20732e+07
16.9817 0.180917 -2.88228 1.15067e+07 1.20748e+07
16.8839 0.156781 -2.91679 1.15095e+07 1.20772e+07
16.7838 0.134324 -2.92521 1.15122e+07 1.20798e+07
16.6833 0.113585 -2.95102 1.1515e+07 1.20823e+07
16.6147 0.100969 -2.96822 1.15169e+07 1.2084e+07
16.5152 0.0853126 -3.00272 1.15197e+07 1.20864e+07
16.4077 0.07122 -3.01982 1.15226e+07 1.20891e+07
16.3366 0.0628192 -3.02832 1.15245e+07 1.20909e+07
16.2267 0.0517585 -3.05411 1.15275e+07 1.20936e+07
16.1186 0.0432078 -3.07121 1.15304e+07 1.20963e+07
16.0065 0.0362667 -3.0883 1.15334e+07 1.20991e+07
15.9331 0.0323397 -3.0881 1.15353e+07 1.2101e+07
15.8247 0.0274681 -3.1052 1.15382e+07 1.21037e+07
15.7086 0.0232235 -3.1049 1.15412e+07 1.21067e+07
15.6351 0.0205168 -3.10471 1.15431e+07 1.21086e+07
15.5267 0.0165024 -3.10442 1.15459e+07 1.21114e+07
15.4493 0.0136161 -3.10422 1.15479e+07 1.21134e+07
15.3351 0.00982635 -3.11261 1.15509e+07 1.21163e+07
15.2228 0.00655536 -3.11232 1.15538e+07 1.21192e+07
15.1048 0.00256651 -3.10332 1.15568e+07 1.21223e+07
14.9906 -0.00132626 -3.11171 1.15598e+07 1.21252e+07
14.9132 -0.00364846 -3.11151 1.15618e+07 1.21272e+07
14.7951 -0.00773311 -3.10251 1.15648e+07 1.21303e+07
14.6771 -0.0128801 -3.09351 1.15678e+07 1.21334e+07
14.6017 -0.0161899 -3.102 1.15698e+07 1.21353e+07
14.4836 -0.0203709 -3.11038 1.15729e+07 1.21383e+07
14.3655 -0.0235621 -3.11876 1.1576e+07 1.21413e+07
14.2474 -0.0257635 -3.12715 1.15791e+07 1.21443e+07
14.168 -0.0265736 -3.13563 1.15812e+07 1.21463e+07
14.0499 -0.0267827 3.13917 1.15843e+07 1.21493e+07
13.9318 -0.0260018 3.13079 1.15874e+07 1.21523e+07
13.8505 -0.0251319 3.131 1.15895e+07 1.21544e+07
13.7304 -0.0238793 3.13132 1.15926e+07 1.21575e+07
13.6142 -0.0227031 3.13162 1.15956e+07 1.21605e+07
13.4903 -0.0214875 3.13195 1.15988e+07 1.21637e+07
13.409 -0.0214184 -3.13364 1.16008e+07 1.21659e+07
13.2908 -0.022889 -3.12464 1.16038e+07 1.2169e+07
13.1708 -0.0249429 -3.12433 1.16069e+07 1.21721e+07
13.0933 -0.0262879 -3.12413 1.16089e+07 1.21741e+07
12.9753 -0.0288827 -3.11512 1.16119e+07 1.21772e+07
12.8494 -0.0327814 -3.1061 1.16151e+07 1.21805e+07
12.7701 -0.0359516 -3.0972 1.16171e+07 1.21826e+07
12.6502 -0.0412981 -3.09689 1.16202e+07 1.21857e+07
12.5264 -0.0468565 -3.09657 1.16234e+07 1.21889e+07
12.4064 -0.0522796 -3.09625 1.16265e+07 1.2192e+07
12.3232 -0.0557013 -3.10472 1.16287e+07 1.21941e+07
12.1994 -0.0602896 -3.1044 1.16319e+07 1.21973e+07
12.0794 -0.0637298 -3.12147 1.16351e+07 1.22003e+07
11.9554 -0.0651667 -3.13853 1.16384e+07 1.22034e+07
11.8702 -0.0654373 -3.1383 1.16406e+07 1.22056e+07
11.7463 -0.0647877 3.12782 1.16439e+07 1.22087e+07
11.6204 -0.0625282 3.11946 1.16472e+07 1.22119e+07
11.5353 -0.060652 3.11968 1.16494e+07 1.22141e+07
11.4114 -0.0568802 3.10262 1.16527e+07 1.22172e+07
11.2837 -0.0519224 3.10296 1.1656e+07 1.22205e+07
11.2005 -0.0483537 3.09449 1.16582e+07 1.22226e+07
11.0767 -0.0425377 3.09481 1.16614e+07 1.22258e+07
10.9529 -0.0367618 3.09513 1.16646e+07 1.2229e+07
10.8252 -0.0308475 3.09547 1.16679e+07 1.22323e+07
10.744 -0.0271061 3.09568 1.167e+07 1.22344e+07
10.6143 -0.0217368 3.10471 1.16733e+07 1.22378e+07
10.4924 -0.0167282 3.09634 1.16765e+07 1.22409e+07
10.4073 -0.0128834 3.09656 1.16787e+07 1.22431e+07
10.2777 -0.00762833 3.10559 1.1682e+07 1.22465e+07
10.15 -0.00304987 3.10593 1.16853e+07 1.22498e+07
10.0223 0.00259571 3.08888 1.16887e+07 1.2253e+07
9.9391 0.00661244 3.09779 1.16908e+07 1.22552e+07
9.81141 0.0121876 3.09812 1.16941e+07 1.22585e+07
9.68373 0.01772 3.09846 1.16974e+07 1.22618e+07
9.60052 0.0209399 3.10737 1.16995e+07 1.2264e+07
9.47666 0.0251605 3.10769 1.17027e+07 1.22672e+07
9.34892 0.0294708 3.10803 1.1706e+07 1.22705e+07
9.26569 0.0318945 3.11694 1.17081e+07 1.22727e+07
9.13987 0.0355236 3.10858 1.17114e+07 1.22759e+07
9.01017 0.039221 3.11761 1.17147e+07 1.22793e+07
8.88433 0.0416722 3.12663 1.17179e+07 1.22826e+07
8.80106 0.0425473 3.13554 1.172e+07 1.22848e+07
8.66938 0.0421774 -3.12992 1.17233e+07 1.22883e+07
8.54547 0.0396336 -3.11221 1.17264e+07 1.22916e+07
8.46032 0.0363808 -3.09461 1.17285e+07 1.22939e+07
8.33467 0.0288092 -3.0682 1.17316e+07 1.22973e+07
8.20918 0.0190135 -3.05918 1.17348e+07 1.23006e+07
8.08379 0.00808603 -3.05016 1.1738e+07 1.23039e+07
8.00279 0.000651306 -3.04995 1.17401e+07 1.2306e+07
7.87938 -0.0107108 -3.04962 1.17433e+07 1.23092e+07
7.754 -0.0217468 -3.05798 1.17466e+07 1.23124e+07
7.63238 -0.0314258 -3.06636 1.17498e+07 1.23155e+07
7.55128 -0.0375479 -3.06614 1.17519e+07 1.23176e+07
7.42573 -0.0465108 -3.07451 1.17552e+07 1.23208e+07
7.30398 -0.0541794 -3.08288 1.17584e+07 1.23239e+07
7.22278 -0.0589608 -3.08267 1.17605e+07 1.2326e+07
7.10097 -0.0656357 -3.09104 1.17637e+07 1.23291e+07
6.98297 -0.0711105 -3.09942 1.17668e+07 1.23321e+07
6.90366 -0.0748109 -3.09052 1.17688e+07 1.23342e+07
6.78376 -0.080959 -3.09021 1.17719e+07 1.23373e+07
6.66582 -0.0875573 -3.0812 1.17749e+07 1.23404e+07
6.548 -0.0962414 -3.05482 1.17778e+07 1.23436e+07
6.46704 -0.104003 -3.03722 1.17798e+07 1.23458e+07
6.34973 -0.117858 -3.01084 1.17827e+07 1.2349e+07
6.23297 -0.135819 -2.96707 1.17855e+07 1.23523e+07
6.15497 -0.150632 -2.94079 1.17874e+07 1.23545e+07
6.04153 -0.1758 -2.90572 1.17902e+07 1.23577e+07
5.92583 -0.207919 -2.83587 1.17929e+07 1.23612e+07
5.81598 -0.245785 -2.78342 1.17956e+07 1.23645e+07
5.7425 -0.275878 -2.72237 1.17973e+07 1.23669e+07
5.64048 -0.327339 -2.62646 1.17997e+07 1.23704e+07
5.54282 -0.386641 -2.56532 1.18023e+07 1.23737e+07
5.47937 -0.431093 -2.49559 1.18039e+07 1.23761e+07
5.3939 -0.500956 -2.41708 1.18063e+07 1.23794e+07
5.31311 -0.578999 -2.32987 1.18087e+07 1.23828e+07
5.24034 -0.662004 -2.25135 1.18111e+07 1.23861e+07
5.19554 -0.720395 -2.19901 1.18127e+07 1.23883e+07
5.13355 -0.814068 -2.1118 1.18151e+07 1.23917e+07
5.07723 -0.915699 -2.04196 1.18177e+07 1.23951e+07
5.04274 -0.987219 -1.9983 1.18195e+07 1.23974e+07
4.99856 -1.0926 -1.93716 1.18221e+07 1.24007e+07
4.9598 -1.20214 -1.8847 1.18248e+07 1.2404e+07
4.92579 -1.31526 -1.84094 1.18276e+07 1.24073e+07
4.90561 -1.39206 -1.81466 1.18295e+07 1.24095e+07
4.88045 -1.50351 -1.7709 1.18322e+07 1.24127e+07
4.8585 -1.61958 -1.74451 1.18351e+07 1.24159e+07
4.84581 -1.69796 -1.71823 1.1837e+07 1.24181e+07
4.83076 -1.81317 -1.68316 1.18398e+07 1.24213e+07
4.81906 -1.93072 -1.65678 1.18427e+07 1.24245e+07
4.80981 -2.05043 -1.63908 1.18457e+07 1.24277e+07
4.8052 -2.12776 -1.62149 1.18476e+07 1.24298e+07
4.79975 -2.24576 -1.61249 1.18506e+07 1.24329e+07
4.79476 -2.36571 -1.61218 1.18537e+07 1.2436e+07
4.79141 -2.44698 -1.61197 1.18558e+07 1.24381e+07
4.78708 -2.56503 -1.60297 1.18588e+07 1.24412e+07
4.78311 -2.6889 -1.60264 1.1862e+07 1.24444e+07
4.78035 -2.80893 -1.58494 1.1865e+07 1.24476e+07
4.77954 -2.89219 -1.57603 1.18671e+07 1.24498e+07
4.77945 -3.01032 -1.56703 1.18701e+07 1.24529e+07
4.78097 -3.13038 -1.54934 1.18731e+07 1.24561e+07
4.78313 -3.21362 -1.54043 1.18752e+07 1.24583e+07
4.78679 -3.33362 -1.54011 1.18783e+07 1.24614e+07
4.79095 -3.45168 -1.53111 1.18813e+07 1.24645e+07
4.79489 -3.53292 -1.51351 1.18833e+07 1.24667e+07
4.80282 -3.65272 -1.49582 1.18863e+07 1.24699e+07
4.8132 -3.77622 -1.47811 1.18894e+07 1.24732e+07
4.8265 -3.90139 -1.45171 1.18925e+07 1.24766e+07
4.83688 -3.98206 -1.43411 1.18945e+07 1.24788e+07
4.85405 -4.10284 -1.4251 1.18976e+07 1.2482e+07
4.87312 -4.2253 -1.40739 1.19007e+07 1.24853e+07
4.88636 -4.30555 -1.40718 1.19028e+07 1.24874e+07
4.90782 -4.42565 -1.38078 1.19058e+07 1.24907e+07
4.93141 -4.54535 -1.37177 1.19089e+07 1.24939e+07
4.94823 -4.6269 -1.36286 1.1911e+07 1.24961e+07
4.97489 -4.74794 -1.34516 1.19141e+07 1.24994e+07
5.00369 -4.86849 -1.32745 1.19172e+07 1.25027e+07
5.03362 -4.98676 -1.31844 1.19203e+07 1.25059e+07
5.06363 -5.10101 -1.30944 1.19233e+07 1.2509e+07
5.08365 -5.17583 -1.30923 1.19253e+07 1.2511e+07
5.11369 -5.28607 -1.30024 1.19282e+07 1.2514e+07
5.14372 -5.39429 -1.29995 1.19311e+07 1.25169e+07
5.16342 -5.46519 -1.29976 1.1933e+07 1.25188e+07
5.1916 -5.57191 -1.32554 1.1936e+07 1.25215e+07
5.21791 -5.68309 -1.35132 1.19391e+07 1.25243e+07
5.23331 -5.75505 -1.36851 1.19411e+07 1.25261e+07
5.25301 -5.86561 -1.42036 1.19443e+07 1.25287e+07
5.26889 -5.9768 -1.43745 1.19473e+07 1.25315e+07
5.27805 -6.04981 -1.45464 1.19493e+07 1.25333e+07
5.28838 -6.15387 -1.48914 1.19522e+07 1.25358e+07
5.29511 -6.25821 -1.52363 1.19551e+07 1.25383e+07
5.29801 -6.32593 -1.53214 1.19569e+07 1.254e+07
5.30076 -6.4324 -1.55794 1.19598e+07 1.25426e+07
5.30075 -6.5389 -1.58373 1.19627e+07 1.25452e+07
5.29851 -6.64344 -1.60084 1.19655e+07 1.25478e+07
5.29605 -6.71505 -1.60935 1.19674e+07 1.25496e+07
5.29094 -6.82337 -1.62645 1.19703e+07 1.25523e+07
5.28399 -6.93159 -1.64355 1.19732e+07 1.2555e+07
5.27491 -7.04936 -1.65193 1.19763e+07 1.2558e+07
5.26895 -7.12271 -1.65174 1.19782e+07 1.25599e+07
5.25923 -7.23655 -1.66013 1.19812e+07 1.25628e+07
5.24889 -7.35227 -1.65982 1.19842e+07 1.25658e+07
5.24134 -7.42936 -1.677 1.19863e+07 1.25677e+07
5.22904 -7.5449 -1.6767 1.19893e+07 1.25707e+07
5.21708 -7.66242 -1.6677 1.19923e+07 1.25738e+07
5.20959 -7.73951 -1.6675 1.19943e+07 1.25758e+07
5.19839 -7.85516 -1.66719 1.19973e+07 1.25788e+07
5.18648 -7.97852 -1.66687 1.20005e+07 1.2582e+07
5.17395 -8.09793 -1.68394 1.20037e+07 1.2585e+07
5.16477 -8.17874 -1.68372 1.20058e+07 1.25871e+07
5.15083 -8.30189 -1.6834 1.2009e+07 1.25903e+07
5.13692 -8.42504 -1.68308 1.20122e+07 1.25935e+07
5.12738 -8.50971 -1.68285 1.20144e+07 1.25957e+07
5.11387 -8.63485 -1.67383 1.20176e+07 1.2599e+07
5.10115 -8.75813 -1.67351 1.20208e+07 1.26022e+07
5.08843 -8.88725 -1.66448 1.20241e+07 1.26056e+07
5.08011 -8.97594 -1.66424 1.20264e+07 1.26079e+07
5.06784 -9.10121 -1.6726 1.20297e+07 1.26111e+07
5.05523 -9.23035 -1.66357 1.2033e+07 1.26145e+07
5.04735 -9.31519 -1.66335 1.20352e+07 1.26167e+07
5.03556 -9.44245 -1.66302 1.20385e+07 1.262e+07
5.02419 -9.57169 -1.65398 1.20418e+07 1.26234e+07
5.01764 -9.65471 -1.64507 1.20439e+07 1.26256e+07
5.00818 -9.78216 -1.64474 1.20472e+07 1.26289e+07
4.99876 -9.90962 -1.64441 1.20505e+07 1.26322e+07
4.98967 -10.0332 -1.64408 1.20537e+07 1.26354e+07
4.98344 -10.1182 -1.64386 1.20559e+07 1.26376e+07
4.97413 -10.2457 -1.64352 1.20592e+07 1.26409e+07
4.96514 -10.3693 -1.6432 1.20624e+07 1.26441e+07
4.95634 -10.4987 -1.63417 1.20657e+07 1.26475e+07
4.95095 -10.5838 -1.63394 1.20679e+07 1.26497e+07
4.94315 -10.7075 -1.63362 1.20711e+07 1.26529e+07
4.93582 -10.8331 -1.6246 1.20743e+07 1.26562e+07
4.93171 -10.9163 -1.61569 1.20764e+07 1.26584e+07
4.926 -11.044 -1.61535 1.20797e+07 1.26617e+07
4.92096 -11.1697 -1.60633 1.20829e+07 1.2665e+07
4.91794 -11.2549 -1.60611 1.20851e+07 1.26672e+07
4.91406 -11.3807 -1.59709 1.20883e+07 1.26705e+07
4.91124 -11.5104 -1.58806 1.20916e+07 1.26739e+07
4.90905 -11.6382 -1.58772 1.20949e+07 1.26772e+07
4.90762 -11.7234 -1.5875 1.20971e+07 1.26794e+07
4.90608 -11.8493 -1.57848 1.21003e+07 1.26827e+07
4.90459 -11.9751 -1.58684 1.21036e+07 1.26859e+07
4.90323 -12.0603 -1.58662 1.21058e+07 1.26881e+07
4.90072 -12.1862 -1.59498 1.21091e+07 1.26913e+07
4.89765 -12.3139 -1.59465 1.21124e+07 1.26946e+07
4.89401 -12.4436 -1.603 1.21158e+07 1.26979e+07
4.8914 -12.5249 -1.60279 1.21179e+07 1.27e+07
4.88721 -12.6565 -1.60244 1.21213e+07 1.27034e+07
4.88369 -12.7862 -1.59341 1.21246e+07 1.27068e+07
4.88146 -12.8695 -1.60188 1.21268e+07 1.27089e+07
4.87751 -12.9972 -1.60155 1.21301e+07 1.27122e+07
4.8736 -13.125 -1.60121 1.21334e+07 1.27155e+07
4.86862 -13.2527 -1.61826 1.21368e+07 1.27187e+07
4.86441 -13.3416 -1.61803 1.21391e+07 1.2721e+07
4.85794 -13.4673 -1.62639 1.21424e+07 1.27242e+07
4.85131 -13.5969 -1.61736 1.21457e+07 1.27276e+07
4.84736 -13.682 -1.61714 1.21479e+07 1.27298e+07
4.84146 -13.8097 -1.6168 1.21512e+07 1.27331e+07
4.83623 -13.9355 -1.60778 1.21544e+07 1.27364e+07
4.83153 -14.0632 -1.60745 1.21577e+07 1.27397e+07
4.82842 -14.1483 -1.60722 1.21599e+07 1.27419e+07
4.82331 -14.2741 -1.61559 1.21632e+07 1.27451e+07
4.81715 -14.3998 -1.62395 1.21665e+07 1.27483e+07
4.81283 -14.481 -1.62373 1.21686e+07 1.27504e+07
4.80609 -14.6087 -1.6234 1.21719e+07 1.27537e+07
4.7996 -14.7324 -1.62308 1.21751e+07 1.27569e+07
4.79515 -14.8175 -1.62285 1.21773e+07 1.27591e+07
4.78917 -14.9433 -1.61383 1.21805e+07 1.27624e+07
4.78386 -15.0671 -1.61351 1.21837e+07 1.27656e+07
4.77842 -15.1948 -1.61317 1.2187e+07 1.27689e+07
4.77482 -15.2799 -1.61295 1.21892e+07 1.27711e+07
4.76962 -15.4037 -1.61263 1.21924e+07 1.27743e+07
4.76446 -15.5276 -1.6123 1.21956e+07 1.27775e+07
4.76093 -15.6127 -1.61208 1.21978e+07 1.27797e+07
4.75645 -15.7346 -1.60307 1.22009e+07 1.27829e+07
4.75336 -15.8663 -1.58534 1.22042e+07 1.27864e+07
4.75266 -15.9902 -1.56763 1.22073e+07 1.27897e+07
4.75329 -16.0735 -1.55872 1.22094e+07 1.27919e+07
4.75486 -16.2013 -1.55839 1.22127e+07 1.27952e+07
4.75642 -16.3252 -1.55806 1.22159e+07 1.27984e+07
4.75785 -16.4084 -1.54915 1.2218e+07 1.28006e+07
4.76064 -16.5362 -1.54882 1.22213e+07 1.28039e+07
4.76338 -16.6601 -1.54849 1.22245e+07 1.28071e+07
4.76625 -16.7879 -1.54816 1.22278e+07 1.28104e+07
4.76819 -16.8731 -1.54794 1.223e+07 1.28126e+07
4.77104 -16.997 -1.54761 1.22332e+07 1.28158e+07
4.77403 -17.1248 -1.54728 1.22365e+07 1.28191e+07
4.77604 -17.2099 -1.54705 1.22387e+07 1.28213e+07
4.779 -17.3338 -1.54673 1.22419e+07 1.28245e+07
4.7821 -17.4616 -1.5464 1.22452e+07 1.28278e+07
4.78464 -17.5874 -1.55476 1.22485e+07 1.2831e+07
4.78596 -17.6688 -1.55454 1.22506e+07 1.28331e+07
4.78805 -17.7966 -1.55421 1.22539e+07 1.28364e+07
4.78957 -17.9185 -1.56258 1.22571e+07 1.28395e+07
4.79028 -18.0037 -1.56236 1.22593e+07 1.28417e+07
4.79191 -18.1296 -1.55334 1.22625e+07 1.2845e+07
4.79402 -18.2497 -1.55302 1.22656e+07 1.28481e+07
4.79548 -18.331 -1.55281 1.22677e+07 1.28502e+07
4.79831 -18.4568 -1.54379 1.22709e+07 1.28535e+07
4.80109 -18.5788 -1.55216 1.22741e+07 1.28566e+07
4.80335 -18.6988 -1.55185 1.22772e+07 1.28597e+07
4.8049 -18.7801 -1.55163 1.22793e+07 1.28618e+07
4.80769 -18.8982 -1.54263 1.22823e+07 1.28649e+07
4.81168 -19.0202 -1.53362 1.22854e+07 1.28681e+07
4.81676 -19.1421 -1.52461 1.22885e+07 1.28713e+07
4.82009 -19.2214 -1.5331 1.22906e+07 1.28733e+07
4.82568 -19.3413 -1.5154 1.22936e+07 1.28765e+07
4.8313 -19.4612 -1.53247 1.22968e+07 1.28795e+07
4.8347 -19.5406 -1.52357 1.22988e+07 1.28816e+07
4.84038 -19.6605 -1.52325 1.23019e+07 1.28847e+07
4.84611 -19.7804 -1.52294 1.2305e+07 1.28878e+07
4.85187 -19.9003 -1.52262 1.23081e+07 1.28909e+07
4.85605 -19.9796 -1.51373 1.23101e+07 1.2893e+07
4.86291 -20.0995 -1.51341 1.23132e+07 1.28961e+07
4.87086 -20.2193 -1.49571 1.23162e+07 1.28993e+07
4.87767 -20.3003 -1.47812 1.23182e+07 1.29015e+07
4.88945 -20.4159 -1.46043 1.23211e+07 1.29046e+07
4.90452 -20.5292 -1.41667 1.23238e+07 1.29078e+07
4.91773 -20.6075 -1.39039 1.23257e+07 1.291e+07
4.94078 -20.7174 -1.33795 1.23283e+07 1.29132e+07
4.96952 -20.824 -1.27682 1.23308e+07 1.29164e+07
5.00801 -20.9336 -1.1896 1.23333e+07 1.29199e+07
5.0387 -21.0048 -1.13724 1.2335e+07 1.29222e+07
5.09162 -21.106 -1.04134 1.23374e+07 1.29257e+07
5.15188 -21.1985 -0.945441 1.23397e+07 1.29291e+07
5.21987 -21.283 -0.840858 1.23419e+07 1.29325e+07
5.27351 -21.3389 -0.771124 1.23435e+07 1.29349e+07
5.35337 -21.4094 -0.675237 1.23457e+07 1.29382e+07
5.43961 -21.4719 -0.579352 1.23479e+07 1.29415e+07
5.50256 -21.5101 -0.509626 1.23494e+07 1.29438e+07
5.59599 -21.5571 -0.422437 1.23516e+07 1.2947e+07
5.69873 -21.5974 -0.32654 1.23539e+07 1.29504e+07
5.77098 -21.6195 -0.265502 1.23555e+07 1.29527e+07
5.87279 -21.6434 -0.195695 1.23578e+07 1.29558e+07
5.98168 -21.6615 -0.134565 1.23603e+07 1.2959e+07
6.09147 -21.673 -0.0734354 1.23628e+07 1.29622e+07
6.1649 -21.6777 -0.0558592 1.23646e+07 1.29642e+07
6.27909 -21.6816 -0.0121023 1.23673e+07 1.29674e+07
6.39335 -21.6815 0.0142712 1.23701e+07 1.29705e+07
6.46886 -21.6801 0.0231608 1.2372e+07 1.29725e+07
6.58304 -21.6759 0.0495344 1.23748e+07 1.29756e+07
6.69717 -21.6707 0.0411419 1.23778e+07 1.29785e+07
6.81131 -21.6655 0.0501325 1.23807e+07 1.29815e+07
6.88867 -21.6616 0.0503352 1.23827e+07 1.29835e+07
7.00089 -21.657 0.0332462 1.23857e+07 1.29863e+07
7.11509 -21.6536 0.0248536 1.23887e+07 1.29892e+07
7.1906 -21.6521 0.0163599 1.23907e+07 1.29911e+07
7.30291 -21.6512 -0.00072927 1.23937e+07 1.29939e+07
7.41522 -21.6513 -0.000435118 1.23966e+07 1.29968e+07
7.49075 -21.651 0.00845388 1.23985e+07 1.29988e+07
7.60693 -21.651 -0.00862495 1.24016e+07 1.30017e+07
7.72312 -21.652 -0.00832078 1.24046e+07 1.30047e+07
7.84124 -21.6524 0.000680035 1.24076e+07 1.30078e+07
7.92064 -21.6527 -0.00780369 1.24097e+07 1.30098e+07
8.03681 -21.6546 -0.0248827 1.24128e+07 1.30127e+07
8.15683 -21.6576 -0.0245684 1.24159e+07 1.30158e+07
8.23619 -21.6598 -0.0330521 1.2418e+07 1.30178e+07
8.35424 -21.6642 -0.0414344 1.24211e+07 1.30208e+07
8.47228 -21.6686 -0.0324336 1.24241e+07 1.30239e+07
8.59224 -21.6735 -0.0495025 1.24273e+07 1.30269e+07
8.67348 -21.6775 -0.0492896 1.24294e+07 1.3029e+07
8.79726 -21.6836 -0.0489651 1.24326e+07 1.30322e+07
8.92105 -21.6897 -0.0486407 1.24358e+07 1.30354e+07
9.00229 -21.6936 -0.0484278 1.24379e+07 1.30375e+07
9.12608 -21.6996 -0.0481033 1.24411e+07 1.30407e+07
9.24791 -21.706 -0.0564755 1.24443e+07 1.30438e+07
9.3272 -21.7101 -0.047576 1.24463e+07 1.30459e+07
9.44908 -21.7154 -0.0385651 1.24494e+07 1.30491e+07
9.57101 -21.7195 -0.0295542 1.24525e+07 1.30523e+07
9.69492 -21.7221 -0.0118466 1.24556e+07 1.30556e+07
9.77819 -21.7227 -0.00293702 1.24577e+07 1.30578e+07
9.89825 -21.723 -0.00262255 1.24608e+07 1.30609e+07
10.0222 -21.7223 0.0150851 1.24639e+07 1.30642e+07
10.1035 -21.7203 0.032681 1.24659e+07 1.30664e+07
10.2235 -21.7164 0.0329955 1.2469e+07 1.30695e+07
10.3415 -21.7109 0.0593792 1.24719e+07 1.30727e+07
10.4593 -21.7023 0.0857632 1.24748e+07 1.30759e+07
10.5365 -21.6957 0.085966 1.24768e+07 1.30779e+07
10.6501 -21.6834 0.129723 1.24795e+07 1.30811e+07
10.767 -21.6666 0.156107 1.24824e+07 1.30843e+07
10.8433 -21.6532 0.191076 1.24842e+07 1.30865e+07
10.955 -21.6291 0.234833 1.24869e+07 1.30897e+07
11.0635 -21.6001 0.287277 1.24895e+07 1.30929e+07
11.1704 -21.5654 0.339721 1.24921e+07 1.30961e+07
11.241 -21.5387 0.383376 1.24938e+07 1.30983e+07
11.3417 -21.4934 0.461889 1.24962e+07 1.31016e+07
11.4385 -21.4404 0.540402 1.24986e+07 1.31049e+07
11.5024 -21.4001 0.584058 1.25003e+07 1.31071e+07
11.592 -21.3357 0.662571 1.25027e+07 1.31104e+07
11.6745 -21.2653 0.74977 1.2505e+07 1.31137e+07
11.7523 -21.187 0.828284 1.25074e+07 1.3117e+07
11.797 -21.1361 0.871919 1.25089e+07 1.3119e+07
11.8623 -21.0519 0.950422 1.25112e+07 1.31222e+07
11.9208 -20.9628 1.02893 1.25135e+07 1.31254e+07
11.9564 -20.9007 1.07257 1.25151e+07 1.31275e+07
12.0031 -20.8071 1.14238 1.25174e+07 1.31306e+07
12.0444 -20.7089 1.2035 1.25198e+07 1.31337e+07
12.0796 -20.6084 1.26462 1.25222e+07 1.31368e+07
12.0994 -20.5416 1.29957 1.25238e+07 1.31388e+07
12.1257 -20.4403 1.33461 1.25263e+07 1.31417e+07
12.1493 -20.3365 1.36096 1.25289e+07 1.31446e+07
12.1633 -20.2662 1.38722 1.25306e+07 1.31466e+07
12.1837 -20.1557 1.38751 1.25335e+07 1.31495e+07
12.2035 -20.0491 1.3878 1.25363e+07 1.31523e+07
12.2239 -19.9387 1.38809 1.25392e+07 1.31552e+07
12.2373 -19.8663 1.38829 1.25411e+07 1.31571e+07
12.2576 -19.7559 1.38858 1.2544e+07 1.316e+07
12.2769 -19.6432 1.41495 1.25468e+07 1.31631e+07
12.2889 -19.5667 1.41516 1.25488e+07 1.31651e+07
12.3061 -19.4538 1.42415 1.25517e+07 1.31681e+07
12.323 -19.3388 1.42445 1.25547e+07 1.31711e+07
12.3349 -19.2583 1.42466 1.25568e+07 1.31732e+07
12.352 -19.1454 1.41627 1.25598e+07 1.31761e+07
12.3697 -19.0286 1.42527 1.25628e+07 1.31792e+07
12.3871 -18.9098 1.42559 1.25659e+07 1.31823e+07
12.3983 -18.8331 1.42579 1.25679e+07 1.31843e+07
12.4153 -18.7123 1.4348 1.2571e+07 1.31875e+07
12.4313 -18.5914 1.44381 1.25741e+07 1.31907e+07
12.4417 -18.5127 1.43533 1.25762e+07 1.31927e+07
12.4577 -18.3917 1.44434 1.25793e+07 1.31959e+07
12.4725 -18.2706 1.45335 1.25824e+07 1.31991e+07
12.4863 -18.1494 1.46236 1.25855e+07 1.32023e+07
12.4949 -18.0666 1.47127 1.25876e+07 1.32045e+07
12.5072 -17.9433 1.47159 1.25908e+07 1.32077e+07
12.5194 -17.8199 1.47192 1.2594e+07 1.32109e+07
12.5273 -17.737 1.48083 1.25961e+07 1.32131e+07
12.5388 -17.6098 1.48116 1.25994e+07 1.32164e+07
12.5488 -17.4862 1.49887 1.26025e+07 1.32197e+07
12.5549 -17.4012 1.49909 1.26047e+07 1.32219e+07
12.564 -17.2738 1.49943 1.2608e+07 1.32252e+07
12.572 -17.1462 1.51715 1.26112e+07 1.32286e+07
12.5765 -17.0611 1.51737 1.26134e+07 1.32308e+07
12.5831 -16.9374 1.51769 1.26166e+07 1.3234e+07
12.5891 -16.8155 1.5267 1.26197e+07 1.32372e+07
12.5945 -16.6917 1.52703 1.26229e+07 1.32404e+07
12.5981 -16.6104 1.52724 1.2625e+07 1.32425e+07
12.6024 -16.4866 1.54495 1.26281e+07 1.32458e+07
12.6051 -16.3607 1.55397 1.26313e+07 1.32491e+07
12.6064 -16.2794 1.55418 1.26334e+07 1.32512e+07
12.608 -16.1497 1.56321 1.26367e+07 1.32546e+07
12.6095 -16.0238 1.55485 1.264e+07 1.32578e+07
12.6109 -15.8941 1.56388 1.26433e+07 1.32612e+07
12.6111 -15.8108 1.57279 1.26454e+07 1.32634e+07
12.612 -15.683 1.55574 1.26488e+07 1.32666e+07
12.6128 -15.5552 1.57346 1.2652e+07 1.327e+07
12.6124 -15.4274 1.5738 1.26553e+07 1.32733e+07
12.6125 -15.3441 1.56532 1.26575e+07 1.32754e+07
12.6121 -15.2124 1.58305 1.26608e+07 1.32789e+07
12.611 -15.0827 1.5747 1.26642e+07 1.32822e+07
12.6107 -14.9936 1.57493 1.26665e+07 1.32845e+07
12.6101 -14.8619 1.57528 1.26699e+07 1.32879e+07
12.6095 -14.7303 1.57562 1.26733e+07 1.32913e+07
12.6077 -14.5986 1.59335 1.26766e+07 1.32948e+07
12.6053 -14.5115 1.60227 1.26788e+07 1.32971e+07
12.6012 -14.3799 1.60261 1.26822e+07 1.33005e+07
12.5964 -14.2502 1.61165 1.26855e+07 1.33039e+07
12.5925 -14.1631 1.62057 1.26877e+07 1.33062e+07
12.5859 -14.0316 1.62091 1.26911e+07 1.33096e+07
12.5815 -13.9427 1.62114 1.26934e+07 1.33119e+07
12.5755 -13.8131 1.61279 1.26968e+07 1.33152e+07
12.5694 -13.6834 1.62182 1.27001e+07 1.33186e+07
12.5638 -13.5519 1.60478 1.27036e+07 1.33219e+07
12.5593 -13.4203 1.60513 1.2707e+07 1.33253e+07
12.5563 -13.3313 1.60536 1.27093e+07 1.33276e+07
12.551 -13.1977 1.6144 1.27127e+07 1.33311e+07
12.5463 -13.0623 1.59738 1.27163e+07 1.33345e+07
12.5435 -12.9713 1.6063 1.27186e+07 1.33369e+07
12.5393 -12.8378 1.59796 1.27221e+07 1.33403e+07
12.5356 -12.7023 1.59832 1.27256e+07 1.33438e+07
12.5331 -12.6132 1.59855 1.27279e+07 1.33461e+07
12.53 -12.4796 1.59021 1.27314e+07 1.33495e+07
12.5268 -12.346 1.59925 1.27348e+07 1.3353e+07
12.5243 -12.2609 1.59947 1.2737e+07 1.33552e+07
12.5212 -12.1312 1.59112 1.27404e+07 1.33585e+07
12.5185 -11.9995 1.59147 1.27438e+07 1.33619e+07
12.5158 -11.8717 1.5918 1.27471e+07 1.33652e+07
12.5136 -11.7846 1.60072 1.27493e+07 1.33675e+07
12.5108 -11.6568 1.58367 1.27527e+07 1.33707e+07
12.5086 -11.5271 1.5927 1.2756e+07 1.33741e+07
12.5052 -11.3974 1.60173 1.27593e+07 1.33775e+07
12.5025 -11.3123 1.60196 1.27615e+07 1.33797e+07
12.4985 -11.1845 1.60229 1.27648e+07 1.3383e+07
12.494 -11.0587 1.61131 1.2768e+07 1.33863e+07
12.4905 -10.9736 1.61154 1.27702e+07 1.33885e+07
12.4848 -10.8478 1.62056 1.27734e+07 1.33918e+07
12.478 -10.7222 1.62958 1.27766e+07 1.33951e+07
12.47 -10.5965 1.6386 1.27798e+07 1.33984e+07
12.464 -10.5135 1.64751 1.27819e+07 1.34006e+07
12.4541 -10.3919 1.65652 1.2785e+07 1.34038e+07
12.4428 -10.2665 1.66554 1.27882e+07 1.34071e+07
12.4345 -10.1837 1.67445 1.27903e+07 1.34093e+07
12.4228 -10.0603 1.65739 1.27936e+07 1.34124e+07
12.4124 -9.93485 1.64903 1.27969e+07 1.34156e+07
12.4024 -9.80743 1.64936 1.28002e+07 1.34189e+07
12.3964 -9.72244 1.6322 1.28025e+07 1.3421e+07
12.3888 -9.59874 1.63253 1.28057e+07 1.34242e+07
12.3805 -9.47314 1.64155 1.28089e+07 1.34275e+07
12.3749 -9.39006 1.63308 1.28111e+07 1.34296e+07
12.3661 -9.26644 1.65078 1.28142e+07 1.34329e+07
12.3555 -9.14684 1.66848 1.28172e+07 1.34361e+07
12.3468 -9.06597 1.68608 1.28192e+07 1.34383e+07
12.3304 -8.94312 1.72117 1.28222e+07 1.34417e+07
12.3104 -8.82475 1.75625 1.28251e+07 1.3445e+07
12.2851 -8.70736 1.80871 1.28279e+07 1.34484e+07
12.2647 -8.63062 1.85238 1.28297e+07 1.34507e+07
12.2286 -8.52019 1.92222 1.28323e+07 1.34541e+07
12.1821 -8.40738 2.00076 1.2835e+07 1.34577e+07
12.1463 -8.33435 2.05312 1.28368e+07 1.34601e+07
12.0893 -8.23528 2.13165 1.28393e+07 1.34635e+07
12.0233 -8.13967 2.21887 1.28418e+07 1.3467e+07
11.9508 -8.05136 2.29739 1.28443e+07 1.34704e+07
11.8963 -7.99364 2.35844 1.2846e+07 1.34728e+07
11.8133 -7.91794 2.44565 1.28484e+07 1.34762e+07
11.7228 -7.84818 2.52417 1.28509e+07 1.34796e+07
11.6599 -7.80636 2.58521 1.28525e+07 1.34819e+07
11.5606 -7.74987 2.66373 1.2855e+07 1.34853e+07
11.4587 -7.70261 2.75094 1.28574e+07 1.34887e+07
11.3478 -7.66194 2.82948 1.286e+07 1.34922e+07
11.2754 -7.64033 2.87313 1.28617e+07 1.34944e+07
11.1623 -7.61343 2.94297 1.28643e+07 1.34978e+07
11.044 -7.59284 2.99543 1.28671e+07 1.35012e+07
10.9654 -7.58231 3.02171 1.2869e+07 1.35034e+07
10.8459 -7.57004 3.05679 1.28719e+07 1.35067e+07
10.7261 -7.56197 3.09188 1.28748e+07 1.351e+07
10.6062 -7.55707 3.10957 1.28778e+07 1.35132e+07
10.5248 -7.55518 3.12717 1.28798e+07 1.35154e+07
10.4048 -7.55555 -3.12094 1.28827e+07 1.35187e+07
10.2828 -7.55862 -3.11192 1.28858e+07 1.35219e+07
10.2015 -7.56175 -3.09433 1.28878e+07 1.35241e+07
10.0816 -7.56744 -3.09401 1.28909e+07 1.35272e+07
9.95395 -7.57354 -3.09368 1.28942e+07 1.35305e+07
9.87076 -7.57718 -3.10215 1.28964e+07 1.35326e+07
9.74497 -7.58161 -3.11052 1.28997e+07 1.35358e+07
9.61723 -7.58561 -3.11018 1.2903e+07 1.35391e+07
9.48756 -7.59027 -3.10115 1.29063e+07 1.35425e+07
9.40243 -7.59372 -3.10093 1.29085e+07 1.35447e+07
9.27473 -7.59894 -3.10059 1.29118e+07 1.3548e+07
9.14899 -7.60466 -3.09157 1.2915e+07 1.35513e+07
9.06389 -7.60893 -3.09135 1.29172e+07 1.35535e+07
8.93624 -7.61537 -3.09101 1.29205e+07 1.35568e+07
8.81247 -7.62166 -3.09069 1.29237e+07 1.356e+07
8.68482 -7.62819 -3.09035 1.2927e+07 1.35633e+07
8.59973 -7.63256 -3.09013 1.29292e+07 1.35655e+07
8.47596 -7.63895 -3.08981 1.29324e+07 1.35687e+07
8.34642 -7.64625 -3.08078 1.29357e+07 1.35721e+07
8.26333 -7.65169 -3.07187 1.29378e+07 1.35743e+07
8.1397 -7.66034 -3.07154 1.2941e+07 1.35775e+07
8.0122 -7.66931 -3.07121 1.29443e+07 1.35808e+07
7.92917 -7.67553 -3.0623 1.29464e+07 1.3583e+07
7.80555 -7.6843 -3.07936 1.29497e+07 1.35861e+07
7.67995 -7.69269 -3.07034 1.29529e+07 1.35894e+07
7.55436 -7.70113 -3.0787 1.29562e+07 1.35926e+07
7.47124 -7.70601 -3.08717 1.29584e+07 1.35947e+07
7.34559 -7.71342 -3.07815 1.29616e+07 1.3598e+07
7.2219 -7.7213 -3.07783 1.29648e+07 1.36012e+07
7.13883 -7.72698 -3.06892 1.29669e+07 1.36034e+07
7.01719 -7.73638 -3.0599 1.297e+07 1.36066e+07
6.90139 -7.74588 -3.0596 1.2973e+07 1.36096e+07
6.82224 -7.75205 -3.06808 1.29751e+07 1.36116e+07
6.70833 -7.76095 -3.05909 1.2978e+07 1.36146e+07
6.5964 -7.77022 -3.0588 1.29809e+07 1.36175e+07
6.48455 -7.7805 -3.04112 1.29837e+07 1.36205e+07
6.40944 -7.78841 -3.03223 1.29856e+07 1.36225e+07
6.29989 -7.8019 -3.00587 1.29883e+07 1.36255e+07
6.18675 -7.81787 -2.99688 1.29912e+07 1.36285e+07
6.11217 -7.82974 -2.97061 1.2993e+07 1.36306e+07
6.00547 -7.84914 -2.95294 1.29957e+07 1.36335e+07
5.89174 -7.87293 -2.91787 1.29985e+07 1.36367e+07
5.78091 -7.90071 -2.87411 1.30012e+07 1.36399e+07
5.71028 -7.9214 -2.83915 1.30029e+07 1.3642e+07
5.60596 -7.95748 -2.77802 1.30054e+07 1.36452e+07
5.49887 -8.00257 -2.70819 1.3008e+07 1.36486e+07
5.39759 -8.05547 -2.61228 1.30104e+07 1.36521e+07
5.33394 -8.09614 -2.53386 1.30119e+07 1.36545e+07
5.24214 -8.16739 -2.42925 1.30143e+07 1.36581e+07
5.18695 -8.21896 -2.35083 1.30158e+07 1.36605e+07
5.10966 -8.30573 -2.24623 1.30182e+07 1.36641e+07
5.04338 -8.39881 -2.13294 1.30205e+07 1.36677e+07
4.98527 -8.50167 -2.03702 1.3023e+07 1.36713e+07
4.95176 -8.57365 -1.97597 1.30247e+07 1.36737e+07
4.90971 -8.68198 -1.90614 1.30273e+07 1.36771e+07
4.87418 -8.79667 -1.83629 1.303e+07 1.36806e+07
4.84481 -8.91708 -1.78382 1.30329e+07 1.36841e+07
4.82972 -8.99504 -1.74015 1.30347e+07 1.36864e+07
4.81204 -9.11771 -1.68768 1.30376e+07 1.36899e+07
4.79975 -9.24104 -1.65259 1.30406e+07 1.36933e+07
4.79404 -9.32411 -1.62629 1.30426e+07 1.36956e+07
4.78872 -9.44988 -1.59989 1.30457e+07 1.3699e+07
4.78572 -9.57184 -1.59088 1.30488e+07 1.37022e+07
4.78376 -9.6977 -1.58186 1.3052e+07 1.37055e+07
4.78357 -9.77903 -1.56426 1.3054e+07 1.37077e+07
4.78497 -9.9049 -1.55524 1.30572e+07 1.3711e+07
4.78749 -10.0307 -1.54622 1.30604e+07 1.37143e+07
4.7895 -10.1121 -1.54601 1.30625e+07 1.37164e+07
4.7938 -10.2398 -1.52829 1.30657e+07 1.37198e+07
4.7999 -10.3694 -1.51926 1.3069e+07 1.37232e+07
4.80695 -10.4951 -1.51024 1.30722e+07 1.37265e+07
4.81261 -10.582 -1.50132 1.30744e+07 1.37288e+07
4.8215 -10.7095 -1.50098 1.30777e+07 1.37321e+07
4.83114 -10.8389 -1.49195 1.3081e+07 1.37355e+07
4.83817 -10.9277 -1.49172 1.30833e+07 1.37378e+07
4.84828 -11.0551 -1.49138 1.30866e+07 1.37411e+07
4.85989 -11.1863 -1.47366 1.30899e+07 1.37446e+07
4.86798 -11.2731 -1.48212 1.30922e+07 1.37468e+07
4.87932 -11.4004 -1.48178 1.30955e+07 1.37501e+07
4.89105 -11.5315 -1.48144 1.30989e+07 1.37535e+07
4.89901 -11.6202 -1.48121 1.31012e+07 1.37558e+07
4.90974 -11.7456 -1.48957 1.31045e+07 1.3759e+07
4.92085 -11.8749 -1.48054 1.31078e+07 1.37624e+07
4.9324 -12.0022 -1.4802 1.31111e+07 1.37657e+07
4.94011 -12.0871 -1.47998 1.31133e+07 1.37679e+07
4.95246 -12.2162 -1.47095 1.31166e+07 1.37713e+07
4.96449 -12.3415 -1.47931 1.31199e+07 1.37745e+07
4.9754 -12.4727 -1.49635 1.31234e+07 1.37778e+07
4.98101 -12.5578 -1.51351 1.31257e+07 1.37799e+07
4.98677 -12.6874 -1.53924 1.31292e+07 1.37831e+07
4.9898 -12.819 -1.55628 1.31327e+07 1.37864e+07
4.99066 -12.9023 -1.56476 1.31349e+07 1.37885e+07
4.99033 -13.0339 -1.58179 1.31384e+07 1.37918e+07
4.98842 -13.1598 -1.59016 1.31417e+07 1.3795e+07
4.98678 -13.245 -1.58993 1.31439e+07 1.37972e+07
4.98325 -13.3728 -1.60698 1.31473e+07 1.38004e+07
4.97801 -13.5024 -1.61533 1.31507e+07 1.38037e+07
4.97169 -13.632 -1.62369 1.31541e+07 1.3807e+07
4.96699 -13.7209 -1.62345 1.31564e+07 1.38093e+07
4.96029 -13.8486 -1.62312 1.31597e+07 1.38126e+07
4.9551 -13.9336 -1.64028 1.3162e+07 1.38147e+07
4.94668 -14.0631 -1.63125 1.31653e+07 1.38181e+07
4.93943 -14.1926 -1.62222 1.31686e+07 1.38215e+07
4.93222 -14.3222 -1.63057 1.3172e+07 1.38248e+07
4.92526 -14.4478 -1.62155 1.31752e+07 1.38281e+07
4.92047 -14.5349 -1.63001 1.31775e+07 1.38303e+07
4.91338 -14.6644 -1.62098 1.31808e+07 1.38337e+07
4.90746 -14.794 -1.61195 1.31841e+07 1.38371e+07
4.90351 -14.8811 -1.62041 1.31864e+07 1.38393e+07
4.89814 -15.0126 -1.60268 1.31897e+07 1.38428e+07
4.89346 -15.1423 -1.61104 1.31931e+07 1.38461e+07
4.88883 -15.272 -1.602 1.31964e+07 1.38495e+07
4.88606 -15.361 -1.60177 1.31987e+07 1.38518e+07
4.88212 -15.4887 -1.60144 1.3202e+07 1.38551e+07
4.87811 -15.6204 -1.60109 1.32054e+07 1.38585e+07
4.8751 -15.7075 -1.60955 1.32077e+07 1.38607e+07
4.87002 -15.839 -1.60921 1.32111e+07 1.38641e+07
4.86499 -15.9706 -1.60887 1.32145e+07 1.38675e+07
4.86015 -16.0983 -1.60853 1.32178e+07 1.38708e+07
4.85694 -16.1835 -1.60831 1.322e+07 1.3873e+07
4.85406 -16.2706 -1.59939 1.32222e+07 1.38753e+07
4.84842 -16.4428 -1.60763 1.32267e+07 1.38797e+07
4.8456 -16.5299 -1.59871 1.32289e+07 1.3882e+07
4.84257 -16.6596 -1.58968 1.32322e+07 1.38854e+07
4.83958 -16.7893 -1.59803 1.32356e+07 1.38887e+07
4.83716 -16.8784 -1.5978 1.32379e+07 1.3891e+07
4.83373 -17.0062 -1.59746 1.32412e+07 1.38943e+07
4.83035 -17.1339 -1.59713 1.32445e+07 1.38976e+07
4.82844 -17.221 -1.58821 1.32467e+07 1.38999e+07
4.82732 -17.3527 -1.57048 1.325e+07 1.39034e+07
4.82853 -17.4844 -1.55275 1.32533e+07 1.39069e+07
4.83145 -17.6141 -1.54372 1.32566e+07 1.39103e+07
4.8342 -17.7012 -1.5348 1.32588e+07 1.39126e+07
4.83961 -17.8347 -1.52576 1.32622e+07 1.39161e+07
4.84604 -17.9643 -1.51673 1.32655e+07 1.39195e+07
4.85318 -18.0958 -1.51638 1.32689e+07 1.39229e+07
4.85782 -18.1809 -1.51616 1.32711e+07 1.39251e+07
4.86549 -18.3104 -1.50713 1.32744e+07 1.39285e+07
4.87433 -18.4398 -1.4981 1.32777e+07 1.39319e+07
4.88105 -18.5267 -1.48918 1.32799e+07 1.39342e+07
4.89079 -18.6522 -1.49754 1.32832e+07 1.39374e+07
4.90087 -18.7816 -1.48851 1.32865e+07 1.39408e+07
4.90788 -18.8665 -1.48829 1.32887e+07 1.3943e+07
4.91843 -18.9938 -1.48795 1.3292e+07 1.39463e+07
4.92832 -19.1193 -1.49631 1.32953e+07 1.39495e+07
4.93826 -19.2448 -1.48729 1.32985e+07 1.39528e+07
4.94557 -19.3278 -1.47838 1.33006e+07 1.3955e+07
4.95739 -19.455 -1.47805 1.33039e+07 1.39583e+07
4.96923 -19.5764 -1.46904 1.3307e+07 1.39615e+07
4.97806 -19.6592 -1.46013 1.33091e+07 1.39637e+07
4.9933 -19.7861 -1.44241 1.33123e+07 1.39671e+07
5.00973 -19.9051 -1.42471 1.33153e+07 1.39703e+07
5.02969 -20.0294 -1.39831 1.33184e+07 1.39737e+07
5.04506 -20.1112 -1.37202 1.33204e+07 1.3976e+07
5.07092 -20.2265 -1.32825 1.33232e+07 1.39793e+07
5.10383 -20.346 -1.27577 1.33261e+07 1.39828e+07
5.12765 -20.4197 -1.2408 1.33279e+07 1.3985e+07
5.16912 -20.5282 -1.17097 1.33305e+07 1.39884e+07
5.21806 -20.6336 -1.10113 1.33331e+07 1.39918e+07
5.27286 -20.7339 -1.03999 1.33357e+07 1.39951e+07
5.31381 -20.7996 -0.987639 1.33374e+07 1.39974e+07
5.38114 -20.8943 -0.917803 1.334e+07 1.40008e+07
5.45246 -20.9811 -0.847976 1.33425e+07 1.40041e+07
5.53135 -21.0638 -0.769452 1.3345e+07 1.40075e+07
5.58553 -21.1136 -0.717111 1.33466e+07 1.40097e+07
5.67091 -21.1835 -0.655981 1.33491e+07 1.40129e+07
5.76096 -21.2474 -0.577467 1.33515e+07 1.40162e+07
5.82184 -21.2852 -0.533822 1.33531e+07 1.40183e+07
5.91559 -21.3357 -0.455319 1.33554e+07 1.40215e+07
6.0146 -21.38 -0.385502 1.33578e+07 1.40247e+07
6.08157 -21.4055 -0.341857 1.33594e+07 1.40268e+07
6.18665 -21.4393 -0.280727 1.33619e+07 1.403e+07
6.2936 -21.4666 -0.219597 1.33644e+07 1.40332e+07
6.40544 -21.49 -0.193223 1.33672e+07 1.40363e+07
6.47974 -21.5036 -0.166951 1.3369e+07 1.40384e+07
6.59448 -21.5219 -0.149264 1.33719e+07 1.40415e+07
6.70754 -21.5383 -0.140273 1.33748e+07 1.40445e+07
6.78237 -21.5486 -0.131384 1.33767e+07 1.40465e+07
6.89769 -21.5628 -0.113696 1.33796e+07 1.40496e+07
7.01313 -21.5759 -0.113392 1.33826e+07 1.40526e+07
7.08821 -21.5842 -0.104503 1.33845e+07 1.40546e+07
7.20574 -21.5959 -0.0955018 1.33875e+07 1.40577e+07
7.3215 -21.606 -0.0778146 1.33904e+07 1.40608e+07
7.43931 -21.6147 -0.0688137 1.33934e+07 1.40639e+07
7.51854 -21.6198 -0.0599143 1.33954e+07 1.4066e+07
7.63649 -21.6263 -0.0509135 1.33984e+07 1.40691e+07
7.75835 -21.632 -0.0419025 1.34015e+07 1.40723e+07
7.83769 -21.6349 -0.0330032 1.34035e+07 1.40744e+07
7.95769 -21.6389 -0.0326889 1.34066e+07 1.40775e+07
8.07964 -21.6423 -0.023678 1.34097e+07 1.40807e+07
8.20162 -21.6447 -0.014667 1.34128e+07 1.40839e+07
8.28294 -21.6458 -0.014454 1.34149e+07 1.4086e+07
8.40881 -21.6471 -0.00543299 1.34181e+07 1.40893e+07
8.53081 -21.6472 0.00357796 1.34212e+07 1.40925e+07
8.61214 -21.6469 0.00379096 1.34233e+07 1.40946e+07
8.74188 -21.6458 0.0128221 1.34266e+07 1.4098e+07
8.86386 -21.6437 0.0218332 1.34297e+07 1.41012e+07
8.94711 -21.6415 0.0307426 1.34318e+07 1.41034e+07
9.07485 -21.6376 0.0310772 1.34351e+07 1.41067e+07
9.19873 -21.6337 0.0314017 1.34383e+07 1.41099e+07
9.28194 -21.6307 0.0403113 1.34404e+07 1.41121e+07
9.40769 -21.6251 0.0493323 1.34436e+07 1.41154e+07
9.53338 -21.6183 0.0583534 1.34468e+07 1.41187e+07
9.62035 -21.6128 0.0672731 1.3449e+07 1.4121e+07
9.744 -21.6045 0.0675977 1.34522e+07 1.41242e+07
9.86758 -21.595 0.0853051 1.34553e+07 1.41275e+07
9.99482 -21.583 0.103023 1.34585e+07 1.41309e+07
10.0738 -21.5745 0.111922 1.34605e+07 1.4133e+07
10.193 -21.56 0.12962 1.34635e+07 1.41362e+07
10.3137 -21.5427 0.156014 1.34665e+07 1.41395e+07
10.3901 -21.5299 0.1736 1.34684e+07 1.41416e+07
10.508 -21.5071 0.20868 1.34713e+07 1.41449e+07
10.6268 -21.4793 0.252458 1.34742e+07 1.41483e+07
10.7405 -21.4472 0.296225 1.3477e+07 1.41516e+07
10.8142 -21.4233 0.331194 1.34788e+07 1.41538e+07
10.925 -21.3825 0.374961 1.34816e+07 1.41571e+07
11.032 -21.3371 0.427415 1.34843e+07 1.41604e+07
11.1016 -21.3032 0.479767 1.3486e+07 1.41627e+07
11.2033 -21.2469 0.532221 1.34887e+07 1.4166e+07
11.3013 -21.1844 0.602058 1.34913e+07 1.41694e+07
11.3626 -21.1403 0.645713 1.3493e+07 1.41716e+07
11.4529 -21.0672 0.71555 1.34956e+07 1.4175e+07
11.5396 -20.987 0.7767 1.34983e+07 1.41784e+07
11.6186 -20.9045 0.837841 1.35009e+07 1.41817e+07
11.6694 -20.846 0.872809 1.35027e+07 1.41839e+07
11.741 -20.7544 0.942646 1.35053e+07 1.41873e+07
11.8068 -20.6586 0.9951 1.3508e+07 1.41906e+07
11.8478 -20.5929 1.03007 1.35098e+07 1.41928e+07
11.906 -20.4879 1.09992 1.35125e+07 1.41963e+07
11.9556 -20.385 1.14367 1.35152e+07 1.41995e+07
12.0024 -20.2744 1.19614 1.3518e+07 1.42029e+07
12.0299 -20.1999 1.2398 1.35198e+07 1.42052e+07
12.0658 -20.0874 1.28357 1.35226e+07 1.42085e+07
12.0978 -19.9696 1.32735 1.35255e+07 1.42119e+07
12.1158 -19.8943 1.34493 1.35274e+07 1.4214e+07
12.1416 -19.7771 1.36263 1.35304e+07 1.42172e+07
12.1671 -19.6538 1.37165 1.35336e+07 1.42205e+07
12.1908 -19.5361 1.37197 1.35367e+07 1.42236e+07
12.2069 -19.4564 1.37218 1.35388e+07 1.42257e+07
12.2303 -19.3346 1.38989 1.35419e+07 1.4229e+07
12.2519 -19.2165 1.3902 1.3545e+07 1.42321e+07
12.2664 -19.1346 1.39911 1.35471e+07 1.42343e+07
12.2867 -19.0143 1.40812 1.35502e+07 1.42375e+07
12.3068 -18.892 1.40844 1.35534e+07 1.42407e+07
12.3268 -18.7696 1.40877 1.35566e+07 1.42439e+07
12.3405 -18.6856 1.40899 1.35588e+07 1.42461e+07
12.3605 -18.5632 1.40932 1.3562e+07 1.42493e+07
12.381 -18.4371 1.40965 1.35653e+07 1.42526e+07
12.3947 -18.353 1.40987 1.35675e+07 1.42548e+07
12.4143 -18.2287 1.4189 1.35707e+07 1.42581e+07
12.4333 -18.1003 1.42793 1.3574e+07 1.42615e+07
12.4499 -17.9775 1.44563 1.35771e+07 1.42648e+07
12.4599 -17.8948 1.45454 1.35792e+07 1.4267e+07
12.4744 -17.7659 1.46358 1.35825e+07 1.42704e+07
12.4866 -17.6425 1.48128 1.35856e+07 1.42737e+07
12.4942 -17.5577 1.48151 1.35878e+07 1.42759e+07
12.5044 -17.4303 1.49922 1.3591e+07 1.42793e+07
12.5131 -17.3008 1.50826 1.35943e+07 1.42827e+07
12.5202 -17.1693 1.52598 1.35976e+07 1.42862e+07
12.5236 -17.0861 1.53489 1.35997e+07 1.42884e+07
12.5276 -16.9565 1.54392 1.3603e+07 1.42918e+07
12.5317 -16.8268 1.53557 1.36064e+07 1.42951e+07
12.5347 -16.7416 1.53579 1.36086e+07 1.42973e+07
12.5391 -16.6139 1.53613 1.36119e+07 1.43006e+07
12.5436 -16.4823 1.53647 1.36153e+07 1.4304e+07
12.5481 -16.3507 1.53682 1.36187e+07 1.43074e+07
12.5512 -16.2617 1.53705 1.3621e+07 1.43097e+07
12.5556 -16.1301 1.5374 1.36244e+07 1.43131e+07
12.5594 -15.9965 1.54644 1.36278e+07 1.43166e+07
12.5616 -15.9074 1.54667 1.36301e+07 1.43189e+07
12.5647 -15.7797 1.54701 1.36334e+07 1.43222e+07
12.5672 -15.6499 1.55604 1.36367e+07 1.43256e+07
12.5681 -15.5589 1.56497 1.3639e+07 1.4328e+07
12.5688 -15.4273 1.56531 1.36424e+07 1.43314e+07
12.5695 -15.2956 1.56566 1.36458e+07 1.43348e+07
12.5696 -15.162 1.5747 1.36492e+07 1.43383e+07
12.5693 -15.0729 1.57493 1.36515e+07 1.43406e+07
12.5675 -14.9335 1.59268 1.3655e+07 1.43443e+07
12.5633 -14.798 1.61042 1.36584e+07 1.43479e+07
12.5594 -14.7109 1.61934 1.36606e+07 1.43502e+07
12.5524 -14.5775 1.62838 1.3664e+07 1.43537e+07
12.5448 -14.446 1.62872 1.36674e+07 1.43571e+07
12.5374 -14.3087 1.62039 1.3671e+07 1.43606e+07
12.5334 -14.2217 1.61193 1.36733e+07 1.43628e+07
12.5291 -14.0901 1.59489 1.36768e+07 1.43661e+07
12.5271 -13.9584 1.57785 1.36803e+07 1.43694e+07
12.5268 -13.8713 1.56939 1.36826e+07 1.43716e+07
12.5276 -13.7377 1.56105 1.36861e+07 1.4375e+07
12.5294 -13.6079 1.55269 1.36895e+07 1.43783e+07
12.5323 -13.4782 1.54434 1.36929e+07 1.43816e+07
12.5346 -13.3892 1.54457 1.36952e+07 1.43839e+07
12.5381 -13.2537 1.54493 1.36987e+07 1.43874e+07
12.5422 -13.1201 1.53659 1.37022e+07 1.43908e+07
12.5452 -13.0311 1.53682 1.37045e+07 1.43931e+07
12.5496 -12.8995 1.53717 1.37079e+07 1.43965e+07
12.5542 -12.764 1.53752 1.37114e+07 1.44e+07
12.5571 -12.675 1.53775 1.37137e+07 1.44023e+07
12.562 -12.5453 1.5294 1.37171e+07 1.44056e+07
12.5669 -12.4118 1.53844 1.37205e+07 1.44091e+07
12.5716 -12.2821 1.53009 1.37239e+07 1.44124e+07
12.5755 -12.1951 1.52163 1.37262e+07 1.44146e+07
12.582 -12.0635 1.52197 1.37296e+07 1.4418e+07
12.5889 -11.934 1.51362 1.3733e+07 1.44213e+07
12.5937 -11.8489 1.51384 1.37352e+07 1.44235e+07
12.6005 -11.7194 1.52288 1.37385e+07 1.44269e+07
12.6062 -11.5897 1.53191 1.37418e+07 1.44303e+07
12.6107 -11.4562 1.54095 1.37452e+07 1.44338e+07
12.6133 -11.371 1.54117 1.37474e+07 1.4436e+07
12.6164 -11.2452 1.55019 1.37506e+07 1.44393e+07
12.6191 -11.1135 1.55054 1.3754e+07 1.44427e+07
12.6201 -11.0283 1.56814 1.37561e+07 1.4445e+07
12.6204 -10.9005 1.56848 1.37594e+07 1.44483e+07
12.6201 -10.7708 1.57751 1.37627e+07 1.44517e+07
12.6192 -10.6875 1.58642 1.37648e+07 1.44539e+07
12.6166 -10.5578 1.59545 1.37681e+07 1.44573e+07
12.6123 -10.4301 1.61317 1.37713e+07 1.44607e+07
12.6064 -10.3043 1.62219 1.37745e+07 1.4464e+07
12.6015 -10.2173 1.63111 1.37767e+07 1.44663e+07
12.5938 -10.0897 1.63144 1.378e+07 1.44696e+07
12.5854 -9.96027 1.64047 1.37833e+07 1.4473e+07
12.5789 -9.87337 1.64939 1.37855e+07 1.44753e+07
12.5685 -9.74793 1.65841 1.37887e+07 1.44786e+07
12.5562 -9.62071 1.67613 1.37919e+07 1.4482e+07
12.5465 -9.53606 1.69374 1.3794e+07 1.44843e+07
12.5302 -9.4132 1.71145 1.37971e+07 1.44876e+07
12.5109 -9.28881 1.73785 1.38002e+07 1.4491e+07
12.489 -9.16879 1.76424 1.38032e+07 1.44943e+07
12.4719 -9.08728 1.79054 1.38052e+07 1.44966e+07
12.4417 -8.96707 1.84301 1.38081e+07 1.45001e+07
12.4064 -8.85031 1.88679 1.3811e+07 1.45035e+07
12.3788 -8.77174 1.93046 1.38129e+07 1.45059e+07
12.3311 -8.65732 2.00032 1.38157e+07 1.45095e+07
12.2743 -8.54502 2.07888 1.38185e+07 1.45132e+07
12.2087 -8.43753 2.15743 1.38213e+07 1.45169e+07
12.1605 -8.36962 2.21849 1.38231e+07 1.45194e+07
12.0799 -8.27298 2.31442 1.38258e+07 1.45232e+07
12.0227 -8.21507 2.38417 1.38275e+07 1.45257e+07
11.9284 -8.13474 2.48879 1.38301e+07 1.45295e+07
11.8274 -8.06623 2.6021 1.38326e+07 1.45333e+07
11.7184 -8.00726 2.68934 1.38353e+07 1.4537e+07
11.6062 -7.95927 2.78527 1.38379e+07 1.45407e+07
11.5293 -7.9329 2.83763 1.38397e+07 1.45431e+07
11.4098 -7.89995 2.90749 1.38425e+07 1.45467e+07
11.2885 -7.87438 2.95996 1.38454e+07 1.45502e+07
11.2102 -7.86106 2.98625 1.38473e+07 1.45524e+07
11.0835 -7.84461 3.03873 1.38503e+07 1.4556e+07
10.962 -7.83368 3.06512 1.38533e+07 1.45593e+07
10.8422 -7.82557 3.08282 1.38563e+07 1.45625e+07
10.7609 -7.82151 3.10042 1.38583e+07 1.45647e+07
10.6409 -7.81762 3.11812 1.38613e+07 1.45679e+07
10.5189 -7.81637 -3.13868 1.38643e+07 1.45712e+07
10.4357 -7.81698 -3.12977 1.38664e+07 1.45734e+07
10.3176 -7.81891 -3.12077 1.38694e+07 1.45765e+07
10.1956 -7.822 -3.11175 1.38725e+07 1.45797e+07
10.0717 -7.82572 -3.11143 1.38757e+07 1.45829e+07
9.99042 -7.82818 -3.11122 1.38778e+07 1.4585e+07
9.86271 -7.8332 -3.0935 1.3881e+07 1.45884e+07
9.73696 -7.83872 -3.10186 1.38843e+07 1.45916e+07
9.65375 -7.84168 -3.11034 1.38865e+07 1.45937e+07
9.52408 -7.84632 -3.1013 1.38898e+07 1.45971e+07
9.39442 -7.851 -3.10966 1.38932e+07 1.46004e+07
9.26668 -7.8551 -3.10932 1.38965e+07 1.46037e+07
9.17958 -7.85755 -3.11778 1.38988e+07 1.46059e+07
9.05372 -7.85892 3.13966 1.39022e+07 1.4609e+07
8.92397 -7.85813 3.1313 1.39056e+07 1.46123e+07
8.83684 -7.85686 3.12284 1.39079e+07 1.46145e+07
8.70713 -7.85389 3.11449 1.39113e+07 1.46178e+07
8.5755 -7.85034 3.11483 1.39147e+07 1.46212e+07
8.49032 -7.84807 3.11506 1.39169e+07 1.46234e+07
8.36064 -7.84409 3.1067 1.39203e+07 1.46267e+07
8.23096 -7.84015 3.11574 1.39236e+07 1.46301e+07
8.10319 -7.83687 3.11607 1.39269e+07 1.46334e+07
8.01607 -7.83503 3.12499 1.39291e+07 1.46357e+07
7.8902 -7.83351 3.13401 1.39323e+07 1.4639e+07
7.76627 -7.83259 3.13434 1.39355e+07 1.46422e+07
7.683 -7.83236 -3.13994 1.39376e+07 1.46444e+07
7.5552 -7.83259 -3.13961 1.39409e+07 1.46477e+07
7.42933 -7.83341 -3.13059 1.39441e+07 1.4651e+07
7.34607 -7.83469 -3.12168 1.39462e+07 1.46532e+07
7.22023 -7.83777 -3.11265 1.39494e+07 1.46565e+07
7.10214 -7.84069 -3.12104 1.39525e+07 1.46595e+07
6.98405 -7.84365 -3.11204 1.39555e+07 1.46626e+07
6.90468 -7.84566 -3.12052 1.39576e+07 1.46646e+07
6.79044 -7.84659 3.13689 1.39607e+07 1.46674e+07
6.67621 -7.84459 3.11111 1.39638e+07 1.46702e+07
6.59881 -7.84156 3.09393 1.39659e+07 1.46721e+07
6.4906 -7.83453 3.05945 1.39689e+07 1.46747e+07
6.3827 -7.82377 3.02497 1.39719e+07 1.46773e+07
6.27721 -7.80909 2.98179 1.39749e+07 1.46798e+07
6.2087 -7.79622 2.92982 1.3977e+07 1.46813e+07
6.11326 -7.77089 2.83447 1.39801e+07 1.46833e+07
6.019 -7.7355 2.73044 1.39833e+07 1.46853e+07
5.96147 -7.7077 2.65238 1.39854e+07 1.46865e+07
5.87706 -7.65646 2.53965 1.39886e+07 1.46884e+07
5.80252 -7.59777 2.40952 1.39918e+07 1.46901e+07
5.7567 -7.55324 2.33147 1.39939e+07 1.46913e+07
5.69778 -7.48389 2.21872 1.39969e+07 1.4693e+07
5.64703 -7.40835 2.10596 1.39999e+07 1.46947e+07
5.6069 -7.33102 1.9932 1.40028e+07 1.46963e+07
5.58493 -7.27725 1.92382 1.40047e+07 1.46974e+07
5.55968 -7.19589 1.81974 1.40075e+07 1.4699e+07
5.54308 -7.11628 1.73304 1.40101e+07 1.47006e+07
5.53525 -7.06263 1.69842 1.40117e+07 1.47018e+07
5.52716 -6.97976 1.63779 1.40142e+07 1.47036e+07
5.52382 -6.8985 1.58586 1.40166e+07 1.47054e+07
5.52347 -6.84429 1.56862 1.40181e+07 1.47067e+07
5.52398 -6.76489 1.56013 1.40202e+07 1.47087e+07
5.5245 -6.68162 1.56904 1.40223e+07 1.47109e+07
5.52463 -6.60029 1.56926 1.40244e+07 1.4713e+07
5.52471 -6.54994 1.56939 1.40257e+07 1.47143e+07
5.52447 -6.47055 1.57829 1.40277e+07 1.47164e+07
5.52352 -6.39116 1.58719 1.40297e+07 1.47185e+07
5.52117 -6.31179 1.61347 1.40316e+07 1.47207e+07
5.51871 -6.25956 1.6223 1.40329e+07 1.47221e+07
5.51404 -6.18224 1.63988 1.40348e+07 1.47242e+07
5.50683 -6.10317 1.68355 1.40366e+07 1.47265e+07
5.49979 -6.04745 1.70977 1.40379e+07 1.47281e+07
5.48781 -5.967 1.72737 1.40399e+07 1.47303e+07
5.4744 -5.88875 1.75365 1.40418e+07 1.47325e+07
5.46394 -5.83357 1.76249 1.40432e+07 1.4734e+07
5.44625 -5.75022 1.79748 1.40452e+07 1.47364e+07
5.42796 -5.67097 1.79769 1.40473e+07 1.47385e+07
5.40878 -5.58795 1.79791 1.40495e+07 1.47407e+07
5.3959 -5.53329 1.80675 1.40509e+07 1.47422e+07
5.37597 -5.45044 1.80697 1.40531e+07 1.47444e+07
5.35683 -5.36941 1.7985 1.40553e+07 1.47465e+07
5.34353 -5.31087 1.78997 1.40569e+07 1.4748e+07
5.32499 -5.2277 1.79019 1.40591e+07 1.47502e+07
5.30475 -5.13698 1.79043 1.40615e+07 1.47526e+07
5.2911 -5.07456 1.78191 1.40632e+07 1.47542e+07
5.2724 -4.98351 1.76477 1.40657e+07 1.47565e+07
5.25377 -4.88652 1.75634 1.40683e+07 1.4759e+07
5.23526 -4.78557 1.74791 1.4071e+07 1.47616e+07
5.22357 -4.71685 1.73071 1.40729e+07 1.47633e+07
5.2078 -4.61347 1.7136 1.40757e+07 1.47659e+07
5.19732 -4.54064 1.7138 1.40776e+07 1.47678e+07
5.18227 -4.42934 1.69671 1.40806e+07 1.47706e+07
5.16887 -4.31978 1.6883 1.40835e+07 1.47734e+07
5.15665 -4.20813 1.67121 1.40865e+07 1.47762e+07
5.14635 -4.09629 1.65413 1.40895e+07 1.4779e+07
5.14085 -4.02291 1.63694 1.40915e+07 1.47808e+07
5.13439 -3.91078 1.61985 1.40945e+07 1.47836e+07
5.12927 -3.79665 1.61145 1.40975e+07 1.47865e+07
5.1251 -3.68247 1.60306 1.41005e+07 1.47894e+07
5.12259 -3.60505 1.60326 1.41025e+07 1.47914e+07
5.1188 -3.48893 1.60357 1.41055e+07 1.47944e+07
5.11543 -3.37085 1.59519 1.41086e+07 1.47974e+07
5.11353 -3.29341 1.59539 1.41106e+07 1.47994e+07
5.11112 -3.17531 1.58701 1.41137e+07 1.48024e+07
5.10922 -3.05914 1.58731 1.41167e+07 1.48054e+07
5.10825 -2.97975 1.57883 1.41188e+07 1.48074e+07
5.10779 -2.86163 1.57044 1.41219e+07 1.48104e+07
5.10833 -2.7435 1.56206 1.4125e+07 1.48134e+07
5.10883 -2.62538 1.57106 1.4128e+07 1.48165e+07
5.10846 -2.54598 1.57996 1.413e+07 1.48186e+07
5.10684 -2.42787 1.58896 1.4133e+07 1.48217e+07
5.10471 -2.3117 1.58927 1.4136e+07 1.48247e+07
5.10289 -2.23232 1.59817 1.4138e+07 1.48268e+07
5.10025 -2.1181 1.58977 1.4141e+07 1.48297e+07
5.09802 -2.00193 1.59008 1.4144e+07 1.48327e+07
5.09645 -1.92062 1.59029 1.41461e+07 1.48348e+07
5.0947 -1.80638 1.5819 1.41491e+07 1.48377e+07
5.0944 -1.69019 1.56482 1.41522e+07 1.48406e+07
5.0956 -1.57207 1.55644 1.41553e+07 1.48436e+07
5.09766 -1.49658 1.53056 1.41574e+07 1.48454e+07
5.10394 -1.37863 1.50479 1.41606e+07 1.48483e+07
5.11427 -1.26096 1.46165 1.41639e+07 1.48511e+07
5.12991 -1.14584 1.4098 1.41672e+07 1.48538e+07
5.14433 -1.06776 1.36655 1.41695e+07 1.48556e+07
5.17172 -0.950877 1.31472 1.41729e+07 1.48584e+07
5.19348 -0.874527 1.27147 1.41752e+07 1.48602e+07
5.23268 -0.763106 1.19355 1.41787e+07 1.48628e+07
5.27919 -0.656642 1.12432 1.41821e+07 1.48654e+07
5.3343 -0.552172 1.04641 1.41856e+07 1.4868e+07
5.37408 -0.48798 0.985763 1.41879e+07 1.48696e+07
5.43856 -0.39841 0.907828 1.41912e+07 1.4872e+07
5.51396 -0.310024 0.821217 1.41947e+07 1.48745e+07
5.59397 -0.23121 0.734596 1.41981e+07 1.48769e+07
5.65152 -0.182316 0.673952 1.42004e+07 1.48785e+07
5.74349 -0.11455 0.596026 1.42038e+07 1.4881e+07
5.83856 -0.0547602 0.526788 1.42071e+07 1.48835e+07
5.90464 -0.0182145 0.483528 1.42093e+07 1.48852e+07
6.00582 0.0305253 0.414289 1.42126e+07 1.48877e+07
6.10977 0.0730533 0.362434 1.42158e+07 1.48903e+07
6.21578 0.110137 0.310578 1.4219e+07 1.48929e+07
6.28817 0.131655 0.267318 1.42212e+07 1.48946e+07
6.39722 0.158503 0.215463 1.42244e+07 1.48972e+07
6.51493 0.182148 0.181011 1.42277e+07 1.49001e+07
6.5932 0.195429 0.155144 1.42299e+07 1.4902e+07
6.70444 0.210869 0.120672 1.4233e+07 1.49047e+07
6.82188 0.223576 0.0949064 1.42362e+07 1.49076e+07
6.90291 0.230588 0.0777362 1.42384e+07 1.49096e+07
7.02078 0.238243 0.0519709 1.42416e+07 1.49125e+07
7.13877 0.243885 0.0435886 1.42447e+07 1.49155e+07
7.26067 0.248691 0.0352164 1.42479e+07 1.49186e+07
7.3439 0.25127 0.0267427 1.42501e+07 1.49207e+07
7.46974 0.25411 0.0183808 1.42534e+07 1.49239e+07
7.553 0.255287 0.00990716 1.42556e+07 1.4926e+07
7.7176 0.256238 0.00164649 1.42599e+07 1.49302e+07
7.8028 0.256388 0.00186954 1.42621e+07 1.49324e+07
7.9248 0.257166 0.0108806 1.42652e+07 1.49356e+07
8.04678 0.259043 0.0198914 1.42683e+07 1.49388e+07
8.13003 0.26107 0.028801 1.42704e+07 1.4941e+07
8.25004 0.264546 0.0291153 1.42735e+07 1.49441e+07
8.37005 0.26806 0.0294296 1.42766e+07 1.49472e+07
8.45522 0.270577 0.0296527 1.42788e+07 1.49494e+07
8.57523 0.274155 0.0299669 1.42819e+07 1.49525e+07
8.69718 0.2773 0.0215949 1.42851e+07 1.49556e+07
8.81914 0.280484 0.0306057 1.42882e+07 1.49588e+07
8.90044 0.282981 0.0308187 1.42903e+07 1.49609e+07
9.02044 0.2867 0.031133 1.42934e+07 1.4964e+07
9.14236 0.291047 0.0401439 1.42965e+07 1.49672e+07
9.21976 0.294163 0.0403466 1.42985e+07 1.49692e+07
9.34168 0.298574 0.0319745 1.43017e+07 1.49723e+07
9.46168 0.302431 0.0322888 1.43048e+07 1.49754e+07
9.58168 0.306326 0.0326031 1.43079e+07 1.49785e+07
9.65909 0.308859 0.0328059 1.43099e+07 1.49805e+07
9.78101 0.31341 0.0418168 1.4313e+07 1.49837e+07
9.89709 0.318284 0.042121 1.4316e+07 1.49867e+07
9.97835 0.321718 0.0423339 1.43181e+07 1.49888e+07
10.0983 0.326818 0.0426482 1.43212e+07 1.49919e+07
10.2163 0.33136 0.0342659 1.43243e+07 1.49949e+07
10.3383 0.335029 0.0258936 1.43275e+07 1.4998e+07
10.4177 0.336748 0.0174099 1.43296e+07 1.5e+07
10.5358 0.338309 0.00902745 1.43327e+07 1.5003e+07
10.6558 0.338368 -0.00804111 1.43359e+07 1.5006e+07
10.7352 0.338083 0.000858186 1.43379e+07 1.50081e+07
10.8514 0.3382 0.00116244 1.43409e+07 1.50111e+07
10.9734 0.338892 0.0101733 1.4344e+07 1.50143e+07
11.0915 0.340625 0.0191741 1.4347e+07 1.50174e+07
11.1709 0.341811 0.0106904 1.43491e+07 1.50194e+07
11.2929 0.343664 0.0197013 1.43522e+07 1.50226e+07
11.4091 0.345971 0.0200055 1.43552e+07 1.50256e+07
11.4865 0.347528 0.0202085 1.43572e+07 1.50276e+07
11.6065 0.351017 0.0379058 1.43602e+07 1.50308e+07
11.7245 0.356024 0.0469066 1.43632e+07 1.50339e+07
11.7981 0.359482 0.0470992 1.43651e+07 1.50358e+07
11.9179 0.366196 0.0647967 1.43681e+07 1.5039e+07
12.0319 0.374106 0.0737874 1.4371e+07 1.5042e+07
12.1497 0.383345 0.0827881 1.4374e+07 1.50451e+07
12.2269 0.389758 0.0829911 1.4376e+07 1.50471e+07
12.3426 0.400413 0.100678 1.43789e+07 1.50502e+07
12.4601 0.411793 0.0922959 1.4382e+07 1.50532e+07
12.5392 0.419463 0.101195 1.4384e+07 1.50553e+07
12.6566 0.431925 0.110196 1.4387e+07 1.50584e+07
12.7741 0.444423 0.101814 1.43901e+07 1.50614e+07
12.8916 0.456958 0.110815 1.43931e+07 1.50645e+07
12.9685 0.465532 0.111017 1.43951e+07 1.50665e+07
13.082 0.4787 0.120008 1.4398e+07 1.50695e+07
13.1974 0.492628 0.120312 1.4401e+07 1.50725e+07
13.3109 0.505865 0.11192 1.4404e+07 1.50754e+07
13.3898 0.514397 0.103436 1.44061e+07 1.50774e+07
13.5111 0.52754 0.112447 1.44092e+07 1.50806e+07
13.6285 0.540303 0.104065 1.44123e+07 1.50836e+07
13.7094 0.54876 0.104277 1.44144e+07 1.50857e+07
13.8308 0.560951 0.0959054 1.44176e+07 1.50888e+07
13.9503 0.572466 0.0962197 1.44207e+07 1.50919e+07
14.0718 0.583679 0.0878475 1.44239e+07 1.5095e+07
14.1528 0.590823 0.0880604 1.4426e+07 1.50971e+07
14.2724 0.601401 0.0883747 1.44291e+07 1.51002e+07
14.394 0.611659 0.0800025 1.44323e+07 1.51033e+07
14.475 0.618168 0.0802154 1.44344e+07 1.51054e+07
14.5948 0.626766 0.0631465 1.44376e+07 1.51084e+07
14.7165 0.635014 0.0721575 1.44407e+07 1.51116e+07
14.8015 0.641166 0.0723806 1.44429e+07 1.51138e+07
14.9212 0.649867 0.0726949 1.4446e+07 1.51169e+07
15.0448 0.658889 0.0730194 1.44492e+07 1.51201e+07
15.1665 0.668337 0.0820303 1.44523e+07 1.51233e+07
15.2437 0.674692 0.082233 1.44543e+07 1.51253e+07
15.3672 0.684892 0.0825575 1.44575e+07 1.51285e+07
15.4868 0.695851 0.100255 1.44605e+07 1.51317e+07
15.5658 0.703463 0.0917712 1.44626e+07 1.51337e+07
15.6853 0.714484 0.0920855 1.44657e+07 1.51368e+07
15.8049 0.725543 0.0923998 1.44688e+07 1.51399e+07
15.9226 0.73595 0.0840175 1.44719e+07 1.51429e+07
16.0036 0.742783 0.0842304 1.4474e+07 1.5145e+07
16.1232 0.752903 0.0845446 1.44771e+07 1.51481e+07
16.241 0.762385 0.0761624 1.44802e+07 1.51511e+07
16.3202 0.76809 0.0676786 1.44823e+07 1.51531e+07
16.4419 0.775831 0.0593063 1.44855e+07 1.51562e+07
16.5618 0.781924 0.0422375 1.44887e+07 1.51592e+07
16.6837 0.786565 0.0338653 1.44919e+07 1.51623e+07
16.7631 0.788916 0.0253816 1.4494e+07 1.51643e+07
16.8812 0.791419 0.0169992 1.44971e+07 1.51673e+07
17.0032 0.792982 0.008627 1.45003e+07 1.51704e+07
17.0826 0.79333 0.000143391 1.45024e+07 1.51724e+07
17.1988 0.792355 -0.0169356 1.45055e+07 1.51753e+07
17.3169 0.78986 -0.0253179 1.45086e+07 1.51783e+07
17.3943 0.787907 -0.0251152 1.45106e+07 1.51803e+07
17.5085 0.784558 -0.0335076 1.45136e+07 1.51832e+07
17.6227 0.781244 -0.024517 1.45165e+07 1.51862e+07
17.6982 0.779728 -0.0156277 1.45184e+07 1.51882e+07
17.8047 0.778541 -0.00665695 1.45211e+07 1.5191e+07
17.9131 0.77972 0.0283929 1.45237e+07 1.5194e+07
18.0157 0.784876 0.07212 1.45261e+07 1.51969e+07
18.112 0.794381 0.124522 1.45283e+07 1.51997e+07
18.1752 0.8037 0.168148 1.45297e+07 1.52016e+07
18.2681 0.82324 0.24662 1.45317e+07 1.52045e+07
18.3515 0.84854 0.342456 1.45334e+07 1.52073e+07
18.4053 0.870416 0.429523 1.45344e+07 1.52093e+07
18.4805 0.910559 0.551429 1.45359e+07 1.52122e+07
18.5449 0.957051 0.699395 1.45371e+07 1.52151e+07
18.6006 1.01093 0.838663 1.45383e+07 1.52179e+07
18.6319 1.05037 0.960475 1.45389e+07 1.52199e+07
18.6665 1.10865 1.10841 1.45398e+07 1.52225e+07
18.6917 1.17161 1.27373 1.45406e+07 1.52252e+07
18.7023 1.21489 1.38683 1.45411e+07 1.5227e+07
18.7078 1.27468 1.56951 1.45416e+07 1.52296e+07
18.703 1.33454 1.73481 1.45422e+07 1.52321e+07
18.6943 1.37231 1.8566 1.45425e+07 1.52338e+07
18.6732 1.42643 2.03058 1.4543e+07 1.52363e+07
18.6442 1.47455 2.19587 1.45435e+07 1.52387e+07
18.6062 1.51854 2.36985 1.4544e+07 1.52412e+07
18.5768 1.54382 2.49163 1.45443e+07 1.52429e+07
18.5277 1.57484 2.66562 1.45448e+07 1.52454e+07
18.4758 1.59637 2.8309 1.45453e+07 1.52478e+07
18.4383 1.60628 2.9353 1.45457e+07 1.52494e+07
18.375 1.61471 3.08323 1.45465e+07 1.52519e+07
18.3091 1.61397 -3.06072 1.45474e+07 1.52544e+07
18.2629 1.6086 -2.99107 1.45482e+07 1.5256e+07
18.1946 1.59456 -2.88658 1.45494e+07 1.52584e+07
18.1206 1.57177 -2.79947 1.45509e+07 1.52609e+07
18.0447 1.54249 -2.7471 1.45527e+07 1.52633e+07
17.9967 1.52176 -2.72089 1.45539e+07 1.52648e+07
17.9173 1.48582 -2.71197 1.45561e+07 1.52671e+07
17.8367 1.448 -2.69436 1.45583e+07 1.52695e+07
17.7806 1.42168 -2.71158 1.456e+07 1.5271e+07
17.6957 1.38366 -2.72872 1.45625e+07 1.52733e+07
17.6048 1.34521 -2.75453 1.45652e+07 1.52757e+07
17.5148 1.30943 -2.77166 1.45678e+07 1.52781e+07
17.4532 1.28615 -2.78887 1.45696e+07 1.52797e+07
17.3601 1.25324 -2.81469 1.45723e+07 1.52821e+07
17.2608 1.22051 -2.8318 1.45751e+07 1.52847e+07
17.1962 1.20012 -2.84031 1.45769e+07 1.52864e+07
17.0978 1.17093 -2.86612 1.45797e+07 1.52889e+07
16.9952 1.14239 -2.87453 1.45825e+07 1.52916e+07
16.8906 1.11376 -2.87425 1.45853e+07 1.52944e+07
16.8214 1.09513 -2.88275 1.45872e+07 1.52962e+07
16.7146 1.06732 -2.89115 1.45901e+07 1.5299e+07
16.6095 1.04043 -2.89087 1.45929e+07 1.53018e+07
16.5382 1.02217 -2.89068 1.45948e+07 1.53037e+07
16.431 0.996145 -2.91646 1.45978e+07 1.53064e+07
16.3215 0.971056 -2.91617 1.46007e+07 1.53093e+07
16.2138 0.946837 -2.92457 1.46036e+07 1.53121e+07
16.1419 0.930985 -2.92438 1.46055e+07 1.5314e+07
16.0341 0.907651 -2.93278 1.46084e+07 1.53168e+07
15.9222 0.884436 -2.94118 1.46114e+07 1.53197e+07
15.8499 0.870408 -2.95837 1.46134e+07 1.53215e+07
15.7395 0.849927 -2.95807 1.46163e+07 1.53244e+07
15.6273 0.828572 -2.94908 1.46192e+07 1.53274e+07
15.5531 0.814438 -2.95757 1.46212e+07 1.53293e+07
15.4447 0.793753 -2.94859 1.4624e+07 1.53322e+07
15.3364 0.772096 -2.93961 1.46268e+07 1.53351e+07
15.2262 0.750505 -2.9567 1.46298e+07 1.53379e+07
15.1539 0.736971 -2.95651 1.46317e+07 1.53398e+07
15.0397 0.715571 -2.95621 1.46347e+07 1.53428e+07
14.9271 0.695961 -2.98198 1.46378e+07 1.53456e+07
14.8162 0.678094 -2.98169 1.46407e+07 1.53485e+07
14.7416 0.666385 -2.99018 1.46427e+07 1.53504e+07
14.6306 0.649428 -2.98989 1.46456e+07 1.53533e+07
14.5214 0.633206 -2.99829 1.46485e+07 1.53561e+07
14.4486 0.62269 -2.9981 1.46504e+07 1.5358e+07
14.3373 0.607579 -3.01519 1.46534e+07 1.53608e+07
14.2238 0.594638 -3.04096 1.46565e+07 1.53636e+07
14.112 0.583338 -3.04067 1.46594e+07 1.53665e+07
14.0369 0.576048 -3.04916 1.46614e+07 1.53684e+07
13.925 0.566637 -3.06625 1.46644e+07 1.53712e+07
13.813 0.558167 -3.06596 1.46673e+07 1.53741e+07
13.7376 0.55278 -3.07445 1.46693e+07 1.5376e+07
13.6236 0.545593 -3.08284 1.46723e+07 1.53789e+07
13.5096 0.538372 -3.07385 1.46752e+07 1.53819e+07
13.4303 0.533334 -3.08234 1.46773e+07 1.53839e+07
13.3163 0.527047 -3.09073 1.46803e+07 1.53868e+07
13.2021 0.521717 -3.09912 1.46833e+07 1.53897e+07
13.0861 0.516766 -3.09882 1.46863e+07 1.53927e+07
13.0106 0.513201 -3.08993 1.46882e+07 1.53947e+07
12.8965 0.506788 -3.08094 1.46911e+07 1.53977e+07
12.8192 0.502085 -3.08073 1.46931e+07 1.53997e+07
12.6626 0.493193 -3.08902 1.46972e+07 1.54037e+07
12.5853 0.489114 -3.08881 1.46992e+07 1.54057e+07
12.4635 0.482129 -3.0798 1.47023e+07 1.54089e+07
12.3455 0.475329 -3.08818 1.47054e+07 1.54119e+07
12.2643 0.470979 -3.08797 1.47075e+07 1.5414e+07
12.1444 0.464525 -3.08766 1.47106e+07 1.54171e+07
12.0284 0.458244 -3.08735 1.47136e+07 1.54201e+07
11.9066 0.451081 -3.07834 1.47167e+07 1.54233e+07
11.8274 0.44571 -3.06944 1.47187e+07 1.54254e+07
11.7057 0.437425 -3.07781 1.47219e+07 1.54285e+07
11.5859 0.429754 -3.0775 1.4725e+07 1.54316e+07
11.5028 0.42405 -3.06859 1.47271e+07 1.54338e+07
11.3831 0.415275 -3.06828 1.47302e+07 1.54369e+07
11.2595 0.406176 -3.06795 1.47334e+07 1.54401e+07
11.1764 0.400402 -3.07643 1.47356e+07 1.54422e+07
11.0547 0.391909 -3.06741 1.47387e+07 1.54454e+07
10.9311 0.382704 -3.06709 1.47419e+07 1.54486e+07
10.8075 0.373459 -3.06677 1.47451e+07 1.54518e+07
10.7264 0.36737 -3.06655 1.47472e+07 1.54539e+07
10.6048 0.357676 -3.05754 1.47503e+07 1.54571e+07
10.4832 0.347943 -3.06591 1.47535e+07 1.54602e+07
10.4021 0.341785 -3.0657 1.47556e+07 1.54623e+07
10.2785 0.332368 -3.06538 1.47588e+07 1.54655e+07
10.153 0.323309 -3.07374 1.47621e+07 1.54687e+07
10.0313 0.314489 -3.06473 1.47652e+07 1.54719e+07
9.94633 0.307937 -3.0645 1.47674e+07 1.54741e+07
9.82277 0.298372 -3.06418 1.47706e+07 1.54773e+07
9.74168 0.292074 -3.06397 1.47727e+07 1.54794e+07
9.61812 0.282443 -3.06364 1.47759e+07 1.54826e+07
9.49645 0.273452 -3.07202 1.47791e+07 1.54857e+07
9.37282 0.264816 -3.07169 1.47823e+07 1.54889e+07
9.24532 0.255868 -3.07136 1.47856e+07 1.54922e+07
9.16224 0.250376 -3.07983 1.47878e+07 1.54943e+07
9.03658 0.243132 -3.08819 1.47911e+07 1.54975e+07
8.91282 0.236497 -3.08787 1.47943e+07 1.55007e+07
8.82965 0.232378 -3.09634 1.47965e+07 1.55028e+07
8.70394 0.226117 -3.08732 1.47997e+07 1.55061e+07
8.57632 0.219162 -3.08699 1.4803e+07 1.55094e+07
8.45061 0.212818 -3.09535 1.48063e+07 1.55126e+07
8.36163 0.20869 -3.09511 1.48086e+07 1.55149e+07
8.23391 0.20384 -3.11216 1.4812e+07 1.55181e+07
8.10616 0.200058 -3.11183 1.48153e+07 1.55214e+07
8.01907 0.197076 -3.10291 1.48175e+07 1.55237e+07
7.8894 0.1926 -3.11126 1.48209e+07 1.5527e+07
7.76165 0.188702 -3.11093 1.48242e+07 1.55303e+07
7.63004 0.184642 -3.11058 1.48276e+07 1.55337e+07
7.54487 0.18199 -3.11036 1.48298e+07 1.55359e+07
7.45779 0.178881 -3.10144 1.4832e+07 1.55382e+07
7.28751 0.172002 -3.10099 1.48364e+07 1.55426e+07
7.20238 0.168534 -3.10077 1.48386e+07 1.55448e+07
7.07277 0.162653 -3.09174 1.48419e+07 1.55482e+07
6.94703 0.156906 -3.1001 1.48452e+07 1.55514e+07
6.86384 0.153082 -3.09119 1.48473e+07 1.55536e+07
6.7362 0.146621 -3.09086 1.48506e+07 1.55569e+07
6.61047 0.140763 -3.09922 1.48539e+07 1.55601e+07
6.48277 0.135328 -3.09888 1.48572e+07 1.55634e+07
6.39765 0.13168 -3.09866 1.48594e+07 1.55656e+07
6.27574 0.126954 -3.10703 1.48626e+07 1.55687e+07
6.14801 0.122517 -3.1067 1.48659e+07 1.5572e+07
6.06286 0.119535 -3.10647 1.48681e+07 1.55742e+07
5.939 0.115163 -3.10615 1.48713e+07 1.55774e+07
5.81323 0.110136 -3.09713 1.48745e+07 1.55807e+07
5.69133 0.105223 -3.1055 1.48777e+07 1.55838e+07
5.61005 0.10228 -3.10529 1.48798e+07 1.55859e+07
5.48815 0.0973025 -3.09628 1.48829e+07 1.55891e+07
5.36817 0.0928876 -3.11335 1.48861e+07 1.55921e+07
5.28687 0.0905819 -3.11313 1.48882e+07 1.55942e+07
5.16299 0.0870352 -3.11281 1.48914e+07 1.55974e+07
5.04103 0.0840346 -3.12118 1.48946e+07 1.56005e+07
4.92099 0.0815653 -3.12087 1.48977e+07 1.56036e+07
4.83581 0.07979 -3.12064 1.48999e+07 1.56058e+07
4.71577 0.0772561 -3.12033 1.4903e+07 1.56089e+07
4.59379 0.0751729 -3.1287 1.49062e+07 1.5612e+07
4.50859 0.0740651 -3.12848 1.49084e+07 1.56142e+07
4.4292 0.0733607 -3.13696 1.49105e+07 1.56162e+07
4.26654 0.0725729 -3.13654 1.49147e+07 1.56204e+07
4.18521 0.072153 -3.13632 1.49168e+07 1.56225e+07
4.06515 0.0715015 -3.13601 1.49199e+07 1.56256e+07
3.94509 0.0708123 -3.1357 1.4923e+07 1.56287e+07
3.82696 0.0706108 3.13911 1.49261e+07 1.56317e+07
3.7495 0.0707954 3.13931 1.49281e+07 1.56337e+07
3.62751 0.0705241 -3.13486 1.49312e+07 1.56369e+07
3.51132 0.0697246 -3.13456 1.49342e+07 1.56399e+07
3.43386 0.0698452 3.13145 1.49363e+07 1.56418e+07
3.31575 0.0715389 3.12306 1.49394e+07 1.56448e+07
3.19573 0.0747878 3.10599 1.49426e+07 1.56478e+07
3.11832 0.0775368 3.1062 1.49446e+07 1.56498e+07
3.00225 0.0826398 3.08912 1.49477e+07 1.56527e+07
2.88045 0.0895486 3.08075 1.49509e+07 1.56558e+07
2.76454 0.097604 3.06367 1.4954e+07 1.56587e+07
2.68345 0.103927 3.06388 1.49561e+07 1.56608e+07
2.56375 0.113229 3.06419 1.49592e+07 1.56639e+07
2.44791 0.122195 3.0645 1.49622e+07 1.56669e+07
2.32623 0.131043 3.07351 1.49653e+07 1.56701e+07
2.247 0.136092 3.08241 1.49673e+07 1.56722e+07
2.13095 0.141939 3.1001 1.49702e+07 1.56753e+07
2.01486 0.146741 3.1004 1.49732e+07 1.56783e+07
1.93747 0.149923 3.1006 1.49752e+07 1.56803e+07
1.82329 0.154092 3.10959 1.49781e+07 1.56833e+07
1.70521 0.15734 3.11859 1.49811e+07 1.56864e+07
1.6297 0.158741 3.12748 1.4983e+07 1.56884e+07
1.52127 0.160256 3.12777 1.49858e+07 1.56912e+07
1.41089 0.161286 3.13675 1.49886e+07 1.56941e+07
1.30632 0.161778 3.13702 1.49913e+07 1.56968e+07
1.23854 0.161787 -3.13729 1.4993e+07 1.56986e+07
1.14172 0.160517 -3.11966 1.49954e+07 1.57012e+07
1.0488 0.158467 -3.11941 1.49978e+07 1.57036e+07
0.961685 0.156146 -3.11049 1.5e+07 1.57059e+07
0.909431 0.15429 -3.10167 1.50013e+07 1.57073e+07
0.835929 0.150707 -3.08409 1.50031e+07 1.57093e+07
0.766367 0.146089 -3.06652 1.50048e+07 1.57112e+07
0.723885 0.142891 -3.06641 1.50059e+07 1.57123e+07
0.669817 0.138815 -3.06627 1.50073e+07 1.57137e+07
0.623473 0.135315 -3.06615 1.50085e+07 1.57149e+07
0.579075 0.131762 -3.05734 1.50096e+07 1.57161e+07
0.555919 0.129806 -3.05728 1.50102e+07 1.57167e+07
0.526985 0.127233 -3.04851 1.50109e+07 1.57175e+07
0.505784 0.12516 -3.03977 1.50114e+07 1.57181e+07
0.494225 0.123979 -3.03974 1.50117e+07 1.57184e+07
0.482667 0.122798 -3.0397 1.5012e+07 1.57187e+07
0.474961 0.12201 -3.03968 1.50122e+07 1.57189e+07
0.471108 0.121616 -3.03967 1.50123e+07 1.5719e+07
0.46533 0.120999 -3.03097 1.50124e+07 1.57192e+07
0.461481 0.120572 -3.03096 1.50125e+07 1.57193e+07
0.457632 0.120144 -3.03095 1.50126e+07 1.57194e+07
0.457632 0.120144 -3.03095 1.50126e+07 1.57194e+07
0.457632 0.120144 -3.03095 1.50126e+07 1.57194e+07
0.457632 0.120144 -3.03095 1.50126e+07 1.57194e+07
0.457632 0.120144 -3.03095 1.50126e+07 1.57194e+07
0.457632 0.120144 -3.03095 1.50126e+07 1.57194e+07
0.459558 0.12035 -3.03964 1.50126e+07 1.57193e+07
0.459558 0.12035 -3.03964 1.50126e+07 1.57193e+07
0.459558 0.12035 -3.03964 1.50126e+07 1.57193e+07
0.459558 0.12035 -3.03964 1.50126e+07 1.57193e+07
0.459558 0.12035 -3.03964 1.50126e+07 1.57193e+07
0.459558 0.12035 -3.03964 1.50126e+07 1.57193e+07
0.459558 0.12035 -3.03964 1.50126e+07 1.57193e+07
0.459558 0.12035 -3.03964 1.50126e+07 1.57193e+07
0.459558 0.12035 -3.03964 1.50126e+07 1.57193e+07
0.459558 0.12035 -3.03964 1.50126e+07 1.57193e+07
0.459558 0.12035 -3.03964 1.50126e+07 1.57193e+07
0.459558 0.12035 -3.03964 1.50126e+07 1.57193e+07
0.459558 0.12035 -3.03964 1.50126e+07 1.57193e+07
0.459558 0.12035 -3.03964 1.50126e+07 1.57193e+07
0.459558 0.12035 -3.03964 1.50126e+07 1.57193e+07
0.459558 0.12035 -3.03964 1.50126e+07 1.57193e+07
0.459558 0.12035 -3.03964 1.50126e+07 1.57193e+07
0.459558 0.12035 -3.03964 1.50126e+07 1.57193e+07
0.459558 0.12035 -3.03964 1.50126e+07 1.57193e+07
0.459558 0.12035 -3.03964 1.50126e+07 1.57193e+07
0.459558 0.12035 -3.03964 1.50126e+07 1.57193e+07
0.459558 0.12035 -3.03964 1.50126e+07 1.57193e+07
0.459558 0.12035 -3.03964 1.50126e+07 1.57193e+07
0.459558 0.12035 -3.03964 1.50126e+07 1.57193e+07
0.459558 0.12035 -3.03964 1.50126e+07 1.57193e+07
0.459558 0.12035 -3.03964 1.50126e+07 1.57193e+07
0.459558 0.12035 -3.03964 1.50126e+07 1.57193e+07
0.459558 0.12035 -3.03964 1.50126e+07 1.57193e+07
0.459558 0.12035 -3.03964 1.50126e+07 1.57193e+07
0.459558 0.12035 -3.03964 1.50126e+07 1.57193e+07
0.459558 0.12035 -3.03964 1.50126e+07 1.57193e+07
0.459558 0.12035 -3.03964 1.50126e+07 1.57193e+07
0.459558 0.12035 -3.03964 1.50126e+07 1.57193e+07
0.459558 0.12035 -3.03964 1.50126e+07 1.57193e+07
0.459558 0.12035 -3.03964 1.50126e+07 1.57193e+07
0.459558 0.12035 -3.03964 1.50126e+07 1.57193e+07
0.459558 0.12035 -3.03964 1.50126e+07 1.57193e+07
0.459558 0.12035 -3.03964 1.50126e+07 1.57193e+07
0.459558 0.12035 -3.03964 1.50126e+07 1.57193e+07
0.459558 0.12035 -3.03964 1.50126e+07 1.57193e+07
0.459558 0.12035 -3.03964 1.50126e+07 1.57193e+07
0.459558 0.12035 -3.03964 1.50126e+07 1.57193e+07
0.459558 0.12035 -3.03964 1.50126e+07 1.57193e+07
0.459558 0.12035 -3.03964 1.50126e+07 1.57193e+07
0.459558 0.12035 -3.03964 1.50126e+07 1.57193e+07
0.459558 0.12035 -3.03964 1.50126e+07 1.57193e+07
0.459558 0.12035 -3.03964 1.50126e+07 1.57193e+07
0.459558 0.12035 -3.03964 1.50126e+07 1.57193e+07
0.459558 0.12035 -3.03964 1.50126e+07 1.57193e+07
