1.73523 -0.0112687 -0.0221834
1.78563 -0.0042841 -0.0182163
1.86432 -0.00476578 -0.0150075
1.93707 -0.00808694 -0.0189082
2.02107 -0.0190381 -0.0266786
2.09378 -0.0186994 -0.0245305
2.18497 -0.0174691 -0.0136505
2.282 -0.0180192 -0.0144327
2.3205 -0.0191355 -0.028836
2.41433 -0.0247107 -0.0370909
2.51902 -0.0131178 -0.0254768
2.58402 -0.0184076 -0.0385129
2.68046 -0.0267999 -0.0528314
2.78662 -0.0293094 -0.0434103
2.8571 -0.0281044 -0.0351958
2.95809 -0.0336437 -0.0418556
3.05727 -0.0388415 -0.0575262
3.15716 -0.0368454 -0.0307812
3.23233 -0.0488838 -0.0439909
3.33516 -0.0582137 -0.0585966
3.4466 -0.0560731 -0.0294384
3.51089 -0.0627925 -0.0397007
3.61741 -0.0710576 -0.0528497
3.72525 -0.0753966 -0.0443378
3.83062 -0.076995 -0.0404195
3.90236 -0.0869614 -0.0649756
4.01311 -0.0949116 -0.0667288
4.12819 -0.0895528 -0.0373877
4.19771 -0.102668 -0.0636202
4.30765 -0.113654 -0.0753
4.42058 -0.114849 -0.0577825
4.49522 -0.129817 -0.0816157
4.607 -0.146615 -0.106134
4.72273 -0.147693 -0.0807082
4.8321 -0.164536 -0.106723
4.90531 -0.175224 -0.116815
5.01708 -0.18769 -0.114689
5.13358 -0.200019 -0.123966
5.20596 -0.216673 -0.137893
5.31679 -0.231604 -0.13609
5.39256 -0.239122 -0.129399
5.54044 -0.263483 -0.145778
5.6178 -0.267182 -0.128328
5.73228 -0.279023 -0.120483
5.84144 -0.300986 -0.14218
5.91636 -0.30075 -0.112972
6.03397 -0.306927 -0.090876
6.14917 -0.328567 -0.12226
6.22373 -0.331701 -0.090363
6.33782 -0.337268 -0.0768191
6.45008 -0.358412 -0.0938838
6.56964 -0.359597 -0.0637475
6.64646 -0.367713 -0.0670956
6.7665 -0.379526 -0.0781294
6.88516 -0.382317 -0.0546118
7.00435 -0.391378 -0.0556511
7.09317 -0.400439 -0.0652454
7.21969 -0.401516 -0.0446013
7.33965 -0.401867 -0.0395464
7.42073 -0.409265 -0.0466353
7.54597 -0.412918 -0.0397927
7.67895 -0.42927 -0.065559
7.80725 -0.431998 -0.0523139
7.89393 -0.43421 -0.0504962
8.01471 -0.447797 -0.0727741
8.14003 -0.451946 -0.0660338
8.22422 -0.463237 -0.0742807
8.34671 -0.479317 -0.0942235
8.47149 -0.486308 -0.0790791
8.55009 -0.491331 -0.0776326
8.67228 -0.505777 -0.0916339
8.79697 -0.516143 -0.0797314
8.91893 -0.533455 -0.0950607
9.00326 -0.541995 -0.095543
9.127 -0.548032 -0.0772367
9.25147 -0.560969 -0.0894732
9.33613 -0.564506 -0.0774814
9.45969 -0.568161 -0.0592439
9.57978 -0.58493 -0.0798254
9.70947 -0.583819 -0.0499759
9.79345 -0.588742 -0.0447503
9.91614 -0.597062 -0.0530911
10.041 -0.596057 -0.0338907
10.1189 -0.6 -0.0361506
10.241 -0.606968 -0.0432648
10.3637 -0.603936 -0.0158546
10.444 -0.607455 -0.0160508
10.5657 -0.610882 -0.0201051
10.6895 -0.610496 -0.00130109
10.8147 -0.618084 -0.0169896
10.9026 -0.620791 -0.0147801
11.027 -0.618102 -0.00072181
11.1457 -0.624635 -0.0140889
11.2291 -0.62324 -0.00767061
11.3524 -0.61622 0.0150265
11.4803 -0.62194 0.00311913
11.6076 -0.611352 0.0325509
11.6868 -0.60868 0.0379145
11.8107 -0.604658 0.0358627
11.9347 -0.595404 0.0500871
12.011 -0.59072 0.0502688
12.133 -0.587223 0.0429457
12.2583 -0.576427 0.0598857
12.3803 -0.573271 0.0522024
12.4629 -0.572 0.0449854
12.5874 -0.564402 0.0513003
12.7049 -0.566376 0.0336708
12.7951 -0.562836 0.0307654
12.9231 -0.55604 0.038794
13.0547 -0.558087 0.00844168
13.1401 -0.550473 0.0161005
13.265 -0.54704 0.0201373
13.3995 -0.555189 -0.000427609
13.5299 -0.548098 0.0235285
13.6039 -0.545657 0.0241651
13.729 -0.545231 0.0160653
13.8635 -0.534891 0.0372062
13.9442 -0.541385 0.0159565
14.0693 -0.542775 0.00682019
14.1951 -0.533548 0.0290041
14.3174 -0.542008 0.00654626
14.4034 -0.539205 0.014902
14.5242 -0.532824 0.0275482
14.641 -0.538977 -0.000184104
14.727 -0.533703 0.0089622
14.8504 -0.530726 0.0136435
14.9779 -0.541556 -0.0212285
15.1015 -0.539333 -0.0127756
15.1803 -0.541832 -0.0180867
15.3034 -0.550015 -0.0367058
15.4351 -0.545396 -0.0108246
15.5142 -0.554958 -0.0294
15.6375 -0.562719 -0.0408164
15.7618 -0.563211 -0.0251907
15.8846 -0.579158 -0.0514512
15.9708 -0.584026 -0.0503563
16.0949 -0.583298 -0.0305018
16.1744 -0.592999 -0.0479906
16.2968 -0.599822 -0.0502754
16.415 -0.59806 -0.0281476
16.536 -0.616588 -0.0508354
16.6191 -0.618489 -0.0379007
16.7373 -0.61866 -0.0259854
16.8516 -0.633754 -0.0512995
16.9757 -0.640273 -0.0438811
17.0513 -0.642529 -0.0379504
17.1661 -0.650773 -0.0492286
17.2846 -0.657287 -0.0416135
17.3577 -0.660658 -0.0367235
17.4665 -0.667349 -0.0454611
17.5771 -0.668808 -0.0365473
17.6483 -0.667489 -0.0146636
17.7514 -0.660026 0.0112622
17.8505 -0.645749 0.0599218
17.9439 -0.620438 0.135355
17.9956 -0.601417 0.177697
18.0745 -0.559418 0.258808
18.1528 -0.513384 0.362558
18.2009 -0.485108 0.427492
18.2506 -0.42301 0.534635
18.2882 -0.360243 0.679548
18.3226 -0.291231 0.81551
18.3416 -0.249638 0.902481
18.3387 -0.178522 1.04809
18.3419 -0.105706 1.21697
18.3377 -0.0618027 1.31025
18.3047 -0.00531954 1.45823
18.264 0.0580136 1.65394
18.2273 0.0911055 1.77236
18.1673 0.11812 1.94541
18.1017 0.133962 2.12292
18.0307 0.143672 2.30575
17.9958 0.145282 2.41541
17.9374 0.134911 2.57255
17.8843 0.125509 2.74041
17.8469 0.113062 2.84894
17.7961 0.0842507 2.99756
17.755 0.0586111 3.11591
17.7091 0.0245804 -3.03494
17.6661 -0.00114776 -2.95143
17.6158 -0.0411785 -2.84958
17.5621 -0.0708586 -2.78371
17.4976 -0.111851 -2.71472
17.4553 -0.150559 -2.67243
17.39 -0.197923 -2.63194
17.3328 -0.207574 -2.63044
17.2556 -0.250212 -2.63239
17.18 -0.302037 -2.62846
17.1007 -0.346447 -2.64716
17.0131 -0.380958 -2.69814
16.9566 -0.404651 -2.71855
16.8645 -0.437219 -2.74294
16.7732 -0.467713 -2.77234
16.7069 -0.480192 -2.81325
16.6109 -0.497708 -2.85631
16.5131 -0.528107 -2.86033
16.4415 -0.536744 -2.8916
16.3411 -0.550911 -2.92624
16.2434 -0.57003 -2.93271
16.1386 -0.58387 -2.9505
16.0671 -0.580168 -2.98755
15.9646 -0.586359 -3.01599
15.8622 -0.599374 -3.02046
15.7846 -0.59967 -3.04316
15.6758 -0.601663 -3.06905
15.569 -0.603574 -3.07889
15.4575 -0.604894 -3.09416
15.3827 -0.604865 -3.11014
15.2738 -0.605031 -3.11922
15.157 -0.606128 -3.11639
15.0837 -0.604574 -3.12221
14.9753 -0.605872 -3.12448
14.9004 -0.609444 -3.11716
14.785 -0.612325 -3.11708
14.6729 -0.609527 -3.12618
14.5592 -0.613855 -3.12109
14.439 -0.61464 -3.12462
14.3669 -0.618682 -3.12478
14.2488 -0.622296 -3.11959
14.1311 -0.627376 -3.11784
14.0552 -0.628424 -3.12178
13.938 -0.630566 -3.12225
13.8152 -0.629977 -3.13452
13.6961 -0.628824 3.13566
13.6165 -0.628067 3.13176
13.498 -0.624413 3.12459
13.3748 -0.616469 3.1107
13.2964 -0.61439 3.11171
13.1768 -0.61081 3.11153
13.056 -0.607042 3.1077
12.9394 -0.603436 3.11793
12.8618 -0.599486 3.12251
12.7472 -0.598916 3.12756
12.6284 -0.594282 3.14077
12.5488 -0.590826 3.14026
12.432 -0.591756 -3.13965
12.3066 -0.597503 -3.12286
12.2296 -0.596123 -3.12856
12.1112 -0.59788 -3.12792
11.9852 -0.604767 -3.12203
11.8663 -0.602962 -3.1294
11.7854 -0.599901 -3.13023
11.6616 -0.600576 -3.13251
11.546 -0.597038 3.13498
11.4199 -0.593979 3.12483
11.3273 -0.587632 3.11858
11.2049 -0.580137 3.10415
11.0805 -0.571259 3.09665
11.002 -0.567612 3.09406
10.8795 -0.558575 3.08425
10.7426 -0.54806 3.07461
10.6643 -0.542882 3.07368
10.5441 -0.532272 3.06632
10.4141 -0.526712 3.06932
10.2912 -0.519517 3.07314
10.2111 -0.511346 3.06046
10.0847 -0.502867 3.06568
9.96423 -0.497586 3.06943
9.87565 -0.491537 3.06961
9.74604 -0.483477 3.07322
9.61969 -0.471991 3.06644
9.49459 -0.458062 3.05975
9.40743 -0.452137 3.06811
9.28656 -0.442254 3.06496
9.14836 -0.431471 3.07168
9.06838 -0.424828 3.07403
8.94528 -0.41587 3.07199
8.81444 -0.407809 3.07654
8.73308 -0.398909 3.0761
8.61015 -0.388986 3.07099
8.4796 -0.386006 3.08374
8.35698 -0.377361 3.08483
8.27096 -0.379264 3.09401
8.14289 -0.380498 3.11419
8.02202 -0.383959 3.13344
7.93822 -0.389175 -3.12796
7.81417 -0.398435 -3.10715
7.69245 -0.401085 -3.09683
7.55706 -0.407786 -3.08523
7.47592 -0.407211 -3.09312
7.35496 -0.412203 -3.09511
7.22158 -0.420524 -3.09185
7.10186 -0.418812 -3.10763
7.01862 -0.422151 -3.1072
6.89391 -0.423696 -3.1151
6.78068 -0.416798 -3.13028
6.69738 -0.416814 -3.12466
6.57491 -0.418054 -3.12724
6.45846 -0.412479 -3.14043
6.37821 -0.416959 -3.13269
6.25711 -0.419742 -3.12796
6.13957 -0.423182 -3.12519
6.01595 -0.435909 -3.0928
5.93712 -0.437086 -3.08428
5.82335 -0.451934 -3.05972
5.70065 -0.474042 -3.00966
5.62529 -0.483578 -2.99707
5.51653 -0.513545 -2.95724
5.4097 -0.562094 -2.87221
5.30339 -0.600635 -2.82734
5.23411 -0.639373 -2.75934
5.14357 -0.710115 -2.67025
5.04988 -0.76343 -2.6067
4.99276 -0.82137 -2.53125
4.92352 -0.906365 -2.44681
4.85123 -0.981057 -2.37361
4.79118 -1.07836 -2.27776
4.75168 -1.13658 -2.23684
4.7077 -1.23684 -2.15544
4.66448 -1.3458 -2.06271
4.63021 -1.41262 -2.03738
4.6008 -1.52201 -1.9718
4.5805 -1.62603 -1.9109
4.54917 -1.73695 -1.87642
4.53665 -1.81439 -1.83571
4.51988 -1.92515 -1.79906
4.49492 -2.03487 -1.77864
4.48922 -2.11651 -1.7445
4.47972 -2.22971 -1.71484
4.46388 -2.33849 -1.68556
4.45873 -2.45679 -1.658
4.44822 -2.52718 -1.65282
4.44327 -2.64461 -1.63849
4.42894 -2.77149 -1.63942
4.42553 -2.85032 -1.64006
4.41871 -2.97041 -1.63525
4.41142 -3.08963 -1.62969
4.40609 -3.20832 -1.62269
4.41196 -3.2909 -1.59923
4.41138 -3.41159 -1.59139
4.41001 -3.52616 -1.58159
4.41127 -3.60502 -1.56924
4.41305 -3.72563 -1.56493
4.41069 -3.84697 -1.55814
4.415 -3.92866 -1.53685
4.42237 -4.04841 -1.52694
4.43043 -4.16795 -1.50213
4.44699 -4.29393 -1.47103
4.44512 -4.37261 -1.47864
4.46245 -4.49259 -1.45977
4.48058 -4.61672 -1.44151
4.48713 -4.70101 -1.44291
4.51126 -4.81928 -1.41735
4.53459 -4.94115 -1.40232
4.54756 -5.0144 -1.39621
4.57872 -5.13137 -1.36691
4.59865 -5.24872 -1.36485
4.62384 -5.3641 -1.35463
4.66098 -5.4736 -1.32206
4.66778 -5.55098 -1.34628
4.69134 -5.66342 -1.3512
4.73105 -5.77545 -1.3163
4.73995 -5.8487 -1.34296
4.75722 -5.95921 -1.36712
4.78151 -6.06981 -1.36703
4.78122 -6.14405 -1.40775
4.78273 -6.25563 -1.45472
4.79305 -6.35967 -1.46477
4.79286 -6.42903 -1.49444
4.78697 -6.53537 -1.53544
4.78593 -6.63999 -1.55099
4.77954 -6.70783 -1.56813
4.77044 -6.81531 -1.59561
4.75914 -6.91264 -1.62551
4.75062 -7.01798 -1.63338
4.73493 -7.09404 -1.65227
4.72017 -7.19976 -1.67011
4.70542 -7.30896 -1.67531
4.68971 -7.42594 -1.68467
4.67865 -7.4927 -1.69657
4.66149 -7.6037 -1.70523
4.64962 -7.72195 -1.70652
4.63839 -7.80067 -1.71172
4.62215 -7.9135 -1.71211
4.61016 -8.03027 -1.70276
4.59591 -8.10258 -1.70625
4.57903 -8.2167 -1.70996
4.56073 -8.33636 -1.71183
4.53603 -8.45938 -1.72205
4.52169 -8.5348 -1.72362
4.50318 -8.65849 -1.72181
4.48301 -8.7801 -1.72647
4.47194 -8.86538 -1.72437
4.45439 -8.99164 -1.71847
4.43501 -9.10952 -1.72082
4.41735 -9.24147 -1.71074
4.40302 -9.32679 -1.7121
4.38417 -9.45048 -1.71552
4.36602 -9.57987 -1.71349
4.35304 -9.65641 -1.71509
4.33601 -9.77974 -1.71229
4.32202 -9.91282 -1.69973
4.30829 -9.99167 -1.70421
4.29313 -10.116 -1.69977
4.27749 -10.238 -1.69231
4.25379 -10.3555 -1.69741
4.2417 -10.4418 -1.69009
4.22729 -10.569 -1.68805
4.20743 -10.685 -1.69478
4.19175 -10.8133 -1.6887
4.17881 -10.8966 -1.69066
4.16582 -11.0188 -1.68544
4.15781 -11.1466 -1.66987
4.14869 -11.2225 -1.67476
4.13798 -11.3434 -1.66881
4.13118 -11.4814 -1.65555
4.12184 -11.5583 -1.66304
4.11315 -11.6842 -1.65452
4.1087 -11.8106 -1.64699
4.10362 -11.9353 -1.64754
4.10291 -12.024 -1.63923
4.09241 -12.1496 -1.64504
4.09059 -12.2695 -1.64499
4.08918 -12.3567 -1.64629
4.07703 -12.4825 -1.65414
4.07349 -12.6097 -1.65681
4.06189 -12.7381 -1.66122
4.05219 -12.8168 -1.67068
4.0411 -12.9436 -1.66592
4.04117 -13.0845 -1.66287
4.02856 -13.1623 -1.6699
4.01611 -13.2889 -1.66957
4.00182 -13.4153 -1.67801
3.99305 -13.5429 -1.6814
3.97611 -13.632 -1.68253
3.95994 -13.7574 -1.68877
3.93828 -13.8777 -1.69147
3.92074 -13.9628 -1.69288
3.90564 -14.0865 -1.69255
3.88768 -14.2122 -1.67981
3.87441 -14.3421 -1.67727
3.85658 -14.4093 -1.68699
3.84123 -14.5361 -1.68863
3.82756 -14.6699 -1.69802
3.81506 -14.7514 -1.70043
3.79871 -14.8766 -1.70043
3.78705 -15.0082 -1.70514
3.78182 -15.0703 -1.70309
3.76705 -15.1972 -1.69671
3.75289 -15.3144 -1.70276
3.74084 -15.4445 -1.69222
3.72999 -15.5207 -1.69522
3.71397 -15.6418 -1.69782
3.70459 -15.7702 -1.69074
3.69289 -15.8489 -1.69191
3.6801 -15.9685 -1.6866
3.68182 -16.0969 -1.66376
3.67129 -16.2226 -1.66009
3.66619 -16.2935 -1.65081
3.65941 -16.4194 -1.64178
3.64742 -16.5414 -1.64656
3.63707 -16.6237 -1.63234
3.63153 -16.752 -1.62533
3.61139 -16.8658 -1.64394
3.60701 -16.987 -1.62959
3.59723 -17.0742 -1.63916
3.58804 -17.1969 -1.64122
3.5852 -17.3242 -1.62308
3.57396 -17.4059 -1.63525
3.56523 -17.5266 -1.63748
3.5556 -17.6502 -1.63351
3.53724 -17.7734 -1.64998
3.52657 -17.8487 -1.64278
3.51696 -17.9742 -1.64462
3.49183 -18.0939 -1.66112
3.48361 -18.1763 -1.65071
3.47537 -18.3026 -1.64513
3.45267 -18.415 -1.65514
3.44833 -18.496 -1.64787
3.44366 -18.623 -1.63585
3.42415 -18.7417 -1.65073
3.42008 -18.8616 -1.63821
3.40885 -18.944 -1.64548
3.40003 -19.0591 -1.64563
3.39526 -19.1814 -1.62344
3.38523 -19.3008 -1.62569
3.38011 -19.3724 -1.61807
3.37701 -19.492 -1.61106
3.36348 -19.6127 -1.6216
3.35789 -19.6939 -1.61477
3.35459 -19.8148 -1.60858
3.34535 -19.9251 -1.6238
3.34785 -20.0421 -1.61166
3.34895 -20.1226 -1.60665
3.34415 -20.2417 -1.60823
3.34812 -20.3561 -1.58417
3.35359 -20.4327 -1.57174
3.35951 -20.5469 -1.55439
3.37484 -20.6659 -1.50794
3.38546 -20.7419 -1.48246
3.40793 -20.8505 -1.44555
3.44483 -20.9586 -1.36306
3.48817 -21.0624 -1.28359
3.5222 -21.1312 -1.23798
3.5883 -21.2239 -1.13976
3.6599 -21.3049 -1.03235
3.73784 -21.381 -0.927003
3.79526 -21.4328 -0.857059
3.88215 -21.4881 -0.769018
3.97523 -21.5325 -0.649599
4.03759 -21.5652 -0.590515
4.135 -21.5972 -0.510128
4.23993 -21.6213 -0.395928
4.30934 -21.6325 -0.341423
4.41243 -21.6437 -0.270698
4.52038 -21.6615 -0.203066
4.62663 -21.6729 -0.1562
4.69532 -21.6741 -0.11779
4.80734 -21.6723 -0.0719089
4.91862 -21.6847 -0.0714596
4.98775 -21.6693 -0.0405448
5.10031 -21.6672 -0.0215059
5.21211 -21.6717 -0.0379789
5.32231 -21.6727 -0.0293404
5.40056 -21.6721 -0.0193672
5.51119 -21.6809 -0.0393912
5.62195 -21.6947 -0.0552106
5.7038 -21.6974 -0.0489068
5.81217 -21.7084 -0.0658522
5.92165 -21.72 -0.0744837
5.99456 -21.7242 -0.0703708
6.11005 -21.7351 -0.0787131
6.23034 -21.7473 -0.0909733
6.34714 -21.7518 -0.0759825
6.42775 -21.7687 -0.0980343
6.54002 -21.785 -0.112532
6.65976 -21.7927 -0.0932748
6.74012 -21.8129 -0.116724
6.85539 -21.8304 -0.128308
6.97624 -21.8402 -0.116067
7.09473 -21.8673 -0.137673
7.17242 -21.8798 -0.131254
7.29371 -21.8927 -0.121609
7.41527 -21.9198 -0.141563
7.49299 -21.9271 -0.130976
7.61541 -21.9407 -0.123916
7.73115 -21.9652 -0.135627
7.81347 -21.972 -0.118974
7.93519 -21.9814 -0.102972
8.05517 -22.0058 -0.119176
8.17854 -22.0063 -0.0880948
8.25815 -22.0157 -0.0856681
8.37749 -22.0266 -0.0871053
8.49599 -22.0244 -0.0496823
8.57638 -22.0309 -0.0522742
8.69385 -22.0363 -0.0496919
8.81244 -22.0373 -0.015072
8.92969 -22.0422 -0.00705416
9.00019 -22.0412 0.0036561
9.11474 -22.0278 0.0442685
9.23264 -22.0089 0.0763546
9.30702 -21.9979 0.0960959
9.41614 -21.9702 0.148731
9.51664 -21.9428 0.19417
9.62345 -21.9022 0.254567
9.69193 -21.8711 0.313319
9.78175 -21.8181 0.378841
9.87592 -21.7665 0.449778
9.9357 -21.7218 0.503532
10.0142 -21.6502 0.577838
10.0849 -21.5704 0.678786
10.158 -21.4935 0.744706
10.1941 -21.442 0.787672
10.2461 -21.3532 0.868759
10.3027 -21.2589 0.94947
10.339 -21.2002 0.988467
10.3736 -21.1012 1.06375
10.3973 -21.0122 1.13716
10.4243 -20.911 1.19106
10.4376 -20.8378 1.22556
10.4619 -20.7392 1.25753
10.4832 -20.6412 1.29355
10.4958 -20.5669 1.31276
10.5226 -20.4601 1.31613
10.5462 -20.354 1.31753
10.5693 -20.2476 1.32557
10.5934 -20.1737 1.31149
10.6203 -20.0678 1.31534
10.6389 -19.9549 1.34793
10.6614 -19.8829 1.34044
10.6869 -19.7735 1.34095
10.7061 -19.6664 1.36829
10.7337 -19.5858 1.34702
10.7636 -19.4726 1.33481
10.781 -19.3575 1.36177
10.8158 -19.2429 1.34868
10.8352 -19.1774 1.34322
10.8558 -19.06 1.36137
10.8862 -18.9414 1.35812
10.9031 -18.8572 1.37015
10.9207 -18.7377 1.38865
10.9502 -18.6266 1.38065
10.9697 -18.5093 1.38982
10.9812 -18.429 1.40224
11.0041 -18.3087 1.39459
11.0229 -18.1913 1.40739
11.0343 -18.1084 1.41285
11.0551 -17.9861 1.40884
11.0722 -17.8631 1.43374
11.087 -17.7811 1.43275
11.1083 -17.6588 1.42099
11.1189 -17.5388 1.45734
11.1364 -17.4564 1.44178
11.1535 -17.3355 1.43804
11.1615 -17.2088 1.46774
11.1848 -17.0835 1.45403
11.1927 -17.0051 1.4685
11.1974 -16.8806 1.49362
11.2213 -16.752 1.46852
11.2213 -16.6718 1.48921
11.2285 -16.5473 1.49698
11.2498 -16.4272 1.47596
11.2498 -16.3029 1.50885
11.264 -16.2171 1.49347
11.2767 -16.0919 1.48454
11.2809 -15.9639 1.51616
11.2988 -15.8374 1.4975
11.307 -15.7561 1.49772
11.3102 -15.6284 1.51445
11.329 -15.4999 1.49734
11.3298 -15.4134 1.51398
11.3356 -15.2839 1.51771
11.3549 -15.1526 1.49815
11.3485 -15.0227 1.54604
11.3616 -14.9408 1.52136
11.3675 -14.81 1.52308
11.3596 -14.6763 1.55969
11.3722 -14.5885 1.53578
11.3755 -14.4585 1.53991
11.3697 -14.3736 1.55627
11.3768 -14.2434 1.54086
11.378 -14.1109 1.55509
11.3851 -13.9838 1.53202
11.3897 -13.8544 1.52652
11.3832 -13.7643 1.55852
11.3889 -13.6313 1.54714
11.4019 -13.5023 1.53946
11.4067 -13.4181 1.53618
11.4169 -13.2865 1.52077
11.4156 -13.1522 1.53985
11.4265 -13.0628 1.51705
11.4366 -12.9326 1.50795
11.4297 -12.8034 1.54075
11.4461 -12.7158 1.51131
11.4539 -12.5868 1.51171
11.4538 -12.4579 1.52903
11.466 -12.3284 1.50947
11.4652 -12.2412 1.52754
11.4727 -12.1116 1.52116
11.4866 -11.9816 1.50581
11.4764 -11.8555 1.54892
11.4961 -11.7772 1.51034
11.5031 -11.6514 1.51231
11.4936 -11.5279 1.55023
11.5079 -11.4419 1.5271
11.5083 -11.3163 1.54213
11.5055 -11.194 1.55964
11.507 -11.0718 1.55334
11.496 -10.9919 1.58043
11.4927 -10.8689 1.58506
11.4929 -10.7401 1.58354
11.4867 -10.6571 1.60042
11.487 -10.5354 1.58862
11.4941 -10.4145 1.5745
11.4948 -10.2875 1.57257
11.5076 -10.2048 1.53825
11.5135 -10.0813 1.5326
11.4997 -9.96487 1.56928
11.5104 -9.88181 1.54398
11.5078 -9.75775 1.56134
11.501 -9.62822 1.58578
11.4985 -9.54731 1.59074
11.4833 -9.42673 1.62984
11.4627 -9.31294 1.67249
11.4438 -9.19195 1.70836
11.4079 -9.1162 1.7823
11.3626 -9.01173 1.84615
11.3184 -8.89777 1.91812
11.2821 -8.82889 1.97085
11.2143 -8.7393 2.05013
11.1417 -8.65162 2.14893
11.0675 -8.57125 2.20751
11.0092 -8.52506 2.28249
10.9096 -8.46629 2.38741
10.8272 -8.39227 2.43572
10.7569 -8.35777 2.51274
10.6538 -8.31814 2.59905
10.5553 -8.27212 2.67751
10.4433 -8.24443 2.76367
10.3734 -8.22067 2.80087
10.2617 -8.206 2.86896
10.1443 -8.19135 2.93474
10.0695 -8.17495 2.9366
9.9536 -8.16787 2.98563
9.83658 -8.15899 3.03462
9.71824 -8.14241 3.03391
9.64123 -8.14724 3.0818
9.52388 -8.14727 3.10351
9.40568 -8.13658 3.10086
9.3221 -8.14208 3.1352
9.20107 -8.14283 3.13814
9.07077 -8.12531 3.11907
8.98631 -8.13005 3.13017
8.8628 -8.12281 3.11292
8.73759 -8.11818 3.1133
8.60935 -8.12052 3.1295
8.52843 -8.10647 3.10286
8.40088 -8.10334 3.10862
8.27645 -8.11274 3.1348
8.19 -8.10117 3.11316
8.06271 -8.10111 3.12369
7.93375 -8.10076 3.12522
7.81022 -8.09735 3.11718
7.73111 -8.10315 3.13749
7.60978 -8.10143 3.13319
7.4778 -8.10074 3.1404
7.39439 -8.10303 -3.13049
7.27131 -8.10141 -3.13952
7.14829 -8.10259 -3.13156
7.06854 -8.09942 -3.13399
6.94591 -8.09477 3.13331
6.81382 -8.09793 -3.13891
6.69722 -8.09155 -3.13825
6.61575 -8.07723 3.12764
6.49031 -8.07894 3.13759
6.36894 -8.07673 3.13812
6.28774 -8.07468 3.13984
6.16767 -8.07914 -3.12989
6.0506 -8.07363 -3.13633
5.96823 -8.07094 -3.1344
5.85254 -8.07487 -3.12487
5.7429 -8.06786 -3.13228
5.62761 -8.07346 -3.11519
5.5511 -8.08064 -3.09164
5.44254 -8.09166 -3.07602
5.32683 -8.09754 -3.06998
5.25293 -8.11516 -3.03862
5.14631 -8.1342 -3.01582
5.03572 -8.15061 -2.99347
4.92964 -8.1862 -2.93281
4.86476 -8.20137 -2.91189
4.76536 -8.24473 -2.85168
4.66312 -8.29927 -2.76738
4.56551 -8.35486 -2.68981
4.52716 -8.42081 -2.57859
4.45617 -8.50902 -2.47452
4.39509 -8.55403 -2.4186
4.34062 -8.65466 -2.30078
4.29275 -8.74803 -2.20144
4.24264 -8.86327 -2.08807
4.21811 -8.93813 -2.04084
4.19143 -9.04743 -1.96585
4.16861 -9.16317 -1.87409
4.13848 -9.27967 -1.84982
4.14278 -9.35796 -1.77889
4.13703 -9.47629 -1.72439
4.1155 -9.59897 -1.70435
4.11917 -9.67999 -1.66206
4.11668 -9.80022 -1.63922
4.10055 -9.92512 -1.64401
4.10272 -10.0425 -1.61413
4.09191 -10.1169 -1.62187
4.08802 -10.2418 -1.61405
4.08185 -10.3684 -1.58594
4.08005 -10.4489 -1.59413
4.08119 -10.5766 -1.58183
4.08659 -10.7058 -1.55926
4.07767 -10.8339 -1.57178
4.08292 -10.9183 -1.55212
4.08746 -11.0423 -1.54532
4.08742 -11.1732 -1.54532
4.09463 -11.259 -1.53092
4.10095 -11.3847 -1.52712
4.10796 -11.5152 -1.52849
4.11145 -11.6013 -1.52603
4.1143 -11.7258 -1.53386
4.12126 -11.8577 -1.52524
4.11765 -11.9408 -1.52995
4.12199 -12.0663 -1.53208
4.12605 -12.1881 -1.52147
4.12904 -12.3176 -1.52405
4.13272 -12.4075 -1.51938
4.1406 -12.5356 -1.51602
4.13816 -12.6568 -1.52818
4.13802 -12.7905 -1.54063
4.13398 -12.8783 -1.55432
4.12355 -13.0057 -1.58971
4.11624 -13.142 -1.59494
4.10663 -13.2253 -1.61404
4.09383 -13.3538 -1.63532
4.08281 -13.4829 -1.62918
4.06714 -13.5672 -1.64685
4.05138 -13.6949 -1.66301
4.03913 -13.8194 -1.64901
4.01302 -13.9451 -1.67588
4.00206 -14.036 -1.67097
3.98926 -14.1624 -1.67164
3.97353 -14.2399 -1.68806
3.95942 -14.3696 -1.68413
3.94404 -14.4939 -1.67391
3.9282 -14.6228 -1.6931
3.92689 -14.7548 -1.66277
3.91253 -14.834 -1.67974
3.89799 -14.9633 -1.68034
3.89286 -15.0911 -1.65686
3.87935 -15.182 -1.67437
3.86734 -15.3114 -1.6694
3.86384 -15.4393 -1.6536
3.8417 -15.5706 -1.67672
3.84424 -15.6591 -1.6404
3.8364 -15.7856 -1.63746
3.80795 -15.9168 -1.66833
3.80428 -16.0037 -1.65085
3.79022 -16.1308 -1.66272
3.77162 -16.2624 -1.65911
3.76069 -16.3885 -1.64629
3.74315 -16.4676 -1.67735
3.73654 -16.5544 -1.66939
3.72456 -16.7277 -1.65504
3.71593 -16.8161 -1.65666
3.70952 -16.9456 -1.64353
3.69 -17.0712 -1.66209
3.6859 -17.1589 -1.65506
3.67826 -17.2861 -1.64675
3.65961 -17.4129 -1.65793
3.6592 -17.5009 -1.63013
3.65799 -17.6282 -1.61286
3.64485 -17.7601 -1.61766
3.6491 -17.8886 -1.58266
3.64178 -17.9735 -1.59065
3.63853 -18.1069 -1.59161
3.6414 -18.2362 -1.56953
3.63426 -18.3669 -1.58125
3.64182 -18.4545 -1.5672
3.64455 -18.5803 -1.56135
3.64739 -18.7078 -1.5632
3.65265 -18.7966 -1.53799
3.65689 -18.9209 -1.53794
3.65494 -19.0467 -1.54954
3.65752 -19.1325 -1.54227
3.65838 -19.2576 -1.54993
3.65561 -19.3897 -1.54723
3.65712 -19.5102 -1.53795
3.64855 -19.5888 -1.54337
3.65678 -19.7176 -1.52998
3.6629 -19.8431 -1.51861
3.66749 -19.9276 -1.51065
3.68112 -20.052 -1.4926
3.6916 -20.1695 -1.48055
3.70594 -20.291 -1.45213
3.72427 -20.3752 -1.42333
3.75449 -20.4861 -1.38445
3.79263 -20.5962 -1.32568
3.81724 -20.668 -1.29712
3.86901 -20.7696 -1.23297
3.92937 -20.8704 -1.1485
3.98493 -20.9676 -1.10576
4.04117 -21.0262 -1.02851
4.12103 -21.105 -0.945596
4.186 -21.1947 -0.906538
4.27625 -21.265 -0.812506
4.3278 -21.3116 -0.771738
4.41785 -21.3668 -0.704888
4.51575 -21.423 -0.6233
4.57347 -21.4577 -0.583899
4.67202 -21.4914 -0.507747
4.77158 -21.5249 -0.415849
4.83756 -21.5503 -0.39166
4.94311 -21.5692 -0.325783
5.04799 -21.582 -0.242735
5.15015 -21.6127 -0.241336
5.23207 -21.6222 -0.20776
5.3435 -21.6368 -0.180831
5.4488 -21.6614 -0.183391
5.52438 -21.669 -0.164428
5.63825 -21.6802 -0.142835
5.74947 -21.6988 -0.153051
5.83381 -21.7062 -0.140699
5.94893 -21.7179 -0.127064
6.06201 -21.7334 -0.127953
6.18218 -21.7462 -0.109773
6.26442 -21.7528 -0.0928796
6.37922 -21.7611 -0.0858739
6.49634 -21.7731 -0.0799035
6.57352 -21.7778 -0.072429
6.69045 -21.7854 -0.0696282
6.81883 -21.7903 -0.0579706
6.93954 -21.7971 -0.0536889
7.01574 -21.8022 -0.055688
7.14149 -21.8062 -0.046784
7.25777 -21.8133 -0.0412749
7.34233 -21.8145 -0.0350746
7.46945 -21.8139 -0.0207423
7.58907 -21.8185 -0.0173368
7.67144 -21.8222 -0.0135164
7.79735 -21.8222 -0.00896343
7.92227 -21.8271 -0.00770898
8.00921 -21.8237 0.000595754
8.1363 -21.8205 0.00892604
8.25615 -21.8224 0.011349
8.34714 -21.8169 0.0267144
8.4706 -21.8104 0.0356835
8.58903 -21.806 0.0455169
8.71366 -21.7917 0.0681056
8.79254 -21.7886 0.0695615
8.91007 -21.7733 0.0913728
9.03499 -21.7542 0.117936
9.10979 -21.7474 0.129148
9.22363 -21.7187 0.169505
9.33471 -21.687 0.209401
9.44184 -21.6536 0.24835
9.51327 -21.6221 0.293205
9.61857 -21.5753 0.337775
9.71724 -21.5276 0.380657
9.78236 -21.4767 0.452976
9.87265 -21.4101 0.511471
9.97156 -21.3535 0.554961
10.0249 -21.3003 0.614203
10.1016 -21.2219 0.675319
10.1843 -21.1428 0.741931
10.2628 -21.0566 0.803729
10.3056 -21.0048 0.845401
10.3626 -20.9069 0.912569
10.4342 -20.8146 0.954493
10.4632 -20.7454 1.00363
10.5033 -20.6378 1.07356
10.5544 -20.5395 1.10603
10.5836 -20.4273 1.16571
10.603 -20.3484 1.21152
10.6304 -20.2367 1.25145
10.6549 -20.1194 1.30544
10.6696 -20.046 1.32291
10.6935 -19.9316 1.33782
10.7255 -19.8042 1.35197
10.7528 -19.6901 1.34735
10.7695 -19.6157 1.35103
10.7927 -19.4942 1.36298
10.8184 -19.3749 1.36355
10.8306 -19.292 1.36724
10.852 -19.1702 1.3775
10.8758 -19.0546 1.37793
10.9021 -18.9322 1.37892
10.9131 -18.848 1.38646
10.9373 -18.7279 1.38166
10.9599 -18.6035 1.37851
10.9724 -18.5235 1.38306
10.9948 -18.4023 1.38497
11.0192 -18.272 1.40587
11.0395 -18.159 1.41069
11.0518 -18.082 1.4194
11.0658 -17.9552 1.43428
11.0834 -17.8372 1.44217
11.093 -17.7513 1.45838
11.1019 -17.6237 1.47365
11.1169 -17.5069 1.48268
11.1266 -17.3788 1.50149
11.138 -17.2959 1.49744
11.1457 -17.1705 1.5024
11.1536 -17.0305 1.51641
11.1667 -16.9505 1.50508
11.1751 -16.8191 1.50591
11.1882 -16.6889 1.50473
11.1961 -16.5637 1.50368
11.1982 -16.4785 1.51109
11.2063 -16.3508 1.50936
11.2139 -16.2282 1.51332
11.2211 -16.1389 1.51576
11.229 -16.0112 1.51348
11.2343 -15.8811 1.52962
11.2436 -15.7945 1.52574
11.2494 -15.6658 1.52589
11.2521 -15.5345 1.53836
11.2612 -15.4 1.52974
11.2547 -15.3208 1.55291
11.2509 -15.1845 1.57186
11.2592 -15.0486 1.56584
11.2538 -14.9593 1.59145
11.25 -14.8255 1.59394
11.2507 -14.6915 1.59237
11.2443 -14.5578 1.60176
11.2565 -14.4719 1.56247
11.2615 -14.3415 1.55204
11.265 -14.2087 1.54145
11.2703 -14.1222 1.53284
11.2768 -13.9896 1.52891
11.2871 -13.8589 1.51587
11.2968 -13.7342 1.5109
11.303 -13.6421 1.51165
11.3137 -13.5114 1.50278
11.3239 -13.3887 1.50811
11.3301 -13.3052 1.50347
11.3407 -13.1777 1.49762
11.3485 -13.0399 1.50315
11.3577 -12.9504 1.49341
11.3693 -12.8252 1.48844
11.3759 -12.6932 1.49783
11.3869 -12.5653 1.48521
11.3903 -12.4837 1.48674
11.4038 -12.3518 1.47996
11.419 -12.2212 1.46861
11.4223 -12.1329 1.47865
11.4327 -12.0004 1.48437
11.445 -11.8789 1.48087
11.4497 -11.7534 1.50026
11.4577 -11.6706 1.49502
11.4648 -11.5452 1.50256
11.4657 -11.4162 1.51759
11.4738 -11.3339 1.51371
11.4774 -11.208 1.52435
11.4816 -11.0856 1.52592
11.4848 -11.0029 1.53435
11.4822 -10.8743 1.55491
11.4833 -10.753 1.55608
11.4805 -10.6306 1.57193
11.4768 -10.5407 1.58031
11.4766 -10.414 1.57715
11.4701 -10.2985 1.60198
11.4682 -10.209 1.60198
11.4615 -10.0861 1.61052
11.4477 -9.96428 1.63982
11.4436 -9.87989 1.63448
11.432 -9.7571 1.6461
11.4053 -9.63238 1.70272
11.3952 -9.51204 1.70638
11.3726 -9.43851 1.74815
11.3323 -9.32448 1.8027
11.3023 -9.20681 1.83148
11.265 -9.13332 1.89231
11.2039 -9.02815 1.96176
11.1502 -8.91642 2.01478
11.0648 -8.82551 2.12882
11.0194 -8.76587 2.17184
10.9251 -8.68764 2.2748
10.862 -8.64103 2.34635
10.7557 -8.58537 2.45332
10.6466 -8.52519 2.57125
10.5407 -8.47574 2.64391
10.4223 -8.44886 2.76889
10.3469 -8.43119 2.8049
10.2267 -8.41254 2.86814
10.1061 -8.39234 2.92859
10.0261 -8.38369 2.96208
9.90424 -8.37883 3.01069
9.78552 -8.36253 3.03397
9.66884 -8.35784 3.0612
9.58293 -8.354 3.07593
9.46295 -8.34893 3.0847
9.3483 -8.3496 3.12326
9.27327 -8.34729 3.12455
9.15483 -8.34589 3.12631
9.03107 -8.34982 -3.12613
8.90419 -8.34301 -3.13968
8.82434 -8.34508 -3.13896
8.69896 -8.35065 -3.1238
8.5724 -8.34717 -3.13959
8.48983 -8.34813 -3.13625
8.36361 -8.35258 -3.1258
8.23805 -8.34358 3.13475
8.11172 -8.34197 -3.13966
8.02021 -8.34256 3.14069
7.89053 -8.33454 3.11621
7.76122 -8.32823 3.11354
7.67538 -8.31694 3.09076
7.54858 -8.30303 3.06846
7.42414 -8.30399 3.09458
7.33688 -8.29202 3.07731
7.20994 -8.28172 3.07224
7.07675 -8.28337 3.09426
6.95292 -8.26907 3.07712
6.87216 -8.27196 3.09638
6.74401 -8.27052 3.10802
6.61656 -8.25528 3.0912
6.53565 -8.26098 3.11376
6.40958 -8.25918 3.11802
6.28377 -8.24945 3.107
6.19841 -8.25599 3.1402
6.07405 -8.2595 -3.1319
5.96112 -8.24534 3.12537
5.84316 -8.24788 -3.1381
5.75695 -8.23444 3.11199
5.64355 -8.22221 3.08562
5.52974 -8.21792 3.08879
5.45062 -8.19958 3.0559
5.34025 -8.1774 3.02009
5.2419 -8.16869 3.0005
5.14163 -8.13547 2.94466
5.06972 -8.09913 2.88342
4.98023 -8.04274 2.79041
4.88344 -7.98609 2.68883
4.83377 -7.93755 2.61717
4.76982 -7.85509 2.49981
4.71779 -7.76887 2.35603
4.68303 -7.70904 2.28654
4.64836 -7.61573 2.17551
4.61988 -7.52193 2.05008
4.5996 -7.43259 1.94546
4.59565 -7.37375 1.86437
4.60405 -7.28293 1.7579
4.62028 -7.19128 1.68751
4.63977 -7.134 1.63698
4.65404 -7.04846 1.57447
4.68641 -6.96547 1.51134
4.70035 -6.91506 1.50697
4.7072 -6.83469 1.50195
4.72801 -6.75012 1.49908
4.7309 -6.6724 1.49661
4.72464 -6.62556 1.49975
4.72911 -6.54693 1.50358
4.72516 -6.46789 1.52258
4.72249 -6.38861 1.53513
4.71233 -6.33849 1.5471
4.70548 -6.26144 1.57406
4.68457 -6.17801 1.61672
4.67538 -6.11687 1.63348
4.66326 -6.03719 1.65479
4.65294 -5.95563 1.67999
4.63996 -5.89169 1.70662
4.62052 -5.81055 1.73089
4.61726 -5.73023 1.72439
4.61022 -5.6553 1.72355
4.60044 -5.59186 1.7385
4.58463 -5.51034 1.74466
4.58259 -5.41794 1.71666
4.57601 -5.36105 1.71304
4.56434 -5.27489 1.71153
4.54767 -5.18575 1.72425
4.5457 -5.11994 1.7029
4.53966 -5.0249 1.68309
4.52637 -4.93051 1.68737
4.51885 -4.82677 1.67323
4.52343 -4.76226 1.64356
4.52071 -4.66052 1.63031
4.51202 -4.59803 1.64355
4.50836 -4.48883 1.63049
4.51753 -4.38561 1.60461
4.51456 -4.27451 1.59861
4.52165 -4.15431 1.56728
4.52737 -4.08557 1.55709
4.53282 -3.97378 1.54534
4.54066 -3.84976 1.5347
4.55268 -3.73678 1.51916
4.55557 -3.66142 1.52305
4.56206 -3.54676 1.52787
4.57861 -3.43338 1.5129
4.58456 -3.35697 1.51727
4.5923 -3.23688 1.51332
4.61112 -3.11651 1.4968
4.61758 -3.04403 1.49766
4.62793 -2.92574 1.49273
4.64327 -2.81101 1.4814
4.64926 -2.69408 1.49329
4.65295 -2.60973 1.49725
4.65983 -2.49342 1.50241
4.66469 -2.37379 1.51263
4.66592 -2.29694 1.51162
4.67515 -2.18329 1.50436
4.67619 -2.06421 1.51058
4.67894 -1.9859 1.50543
4.69026 -1.87107 1.49449
4.69703 -1.7538 1.48515
4.71404 -1.63412 1.46788
4.72886 -1.56168 1.44183
4.75483 -1.44936 1.40913
4.78056 -1.32961 1.3792
4.82044 -1.21871 1.32568
4.856 -1.14659 1.27868
4.90963 -1.03681 1.21926
4.94464 -0.968194 1.18118
5.01263 -0.870629 1.10095
5.08499 -0.778338 1.03392
5.16523 -0.682919 0.958056
5.22561 -0.632809 0.885904
5.31812 -0.563722 0.802474
5.41014 -0.492587 0.723416
5.51332 -0.438864 0.633463
5.58348 -0.418446 0.572644
5.6948 -0.38024 0.48705
5.80658 -0.338494 0.428095
5.88282 -0.327947 0.375221
5.99716 -0.30834 0.302742
6.10891 -0.290747 0.253083
6.21991 -0.288497 0.194935
6.29577 -0.286675 0.149078
6.40749 -0.285153 0.103672
6.52377 -0.281454 0.0704833
6.60106 -0.287761 0.0366259
6.7165 -0.294756 0.00261786
6.84117 -0.299833 -0.020301
6.92229 -0.308495 -0.0370872
7.04049 -0.320681 -0.0605146
7.1619 -0.334883 -0.0745895
7.28785 -0.345431 -0.0768396
7.36608 -0.359808 -0.0983769
7.49173 -0.376596 -0.111974
7.57153 -0.382143 -0.10712
7.73305 -0.403475 -0.118078
7.81714 -0.416588 -0.10928
7.93719 -0.42567 -0.0977703
8.06424 -0.441585 -0.10751
8.15057 -0.442277 -0.0953798
8.26995 -0.453102 -0.093962
8.39304 -0.470295 -0.102034
8.48463 -0.474878 -0.0889664
8.60383 -0.485854 -0.0901508
8.72227 -0.504834 -0.100414
8.84557 -0.512746 -0.0922945
8.9272 -0.523017 -0.0993464
9.04754 -0.535523 -0.10079
9.17119 -0.538238 -0.0780255
9.24639 -0.547905 -0.0907798
9.36545 -0.55991 -0.0942566
9.48953 -0.566384 -0.0831656
9.60899 -0.581477 -0.0943491
9.69248 -0.589048 -0.0875343
9.81178 -0.596128 -0.0780888
9.92551 -0.609547 -0.0859081
10.0122 -0.616014 -0.083997
10.1306 -0.625866 -0.083933
10.249 -0.641362 -0.097496
10.3655 -0.652311 -0.0994007
10.4456 -0.662902 -0.104232
10.5606 -0.679913 -0.119582
10.6841 -0.699849 -0.128331
10.7604 -0.71199 -0.126773
10.8751 -0.72858 -0.132837
10.9974 -0.741666 -0.121425
11.1127 -0.753668 -0.115335
11.1889 -0.766016 -0.120821
11.3096 -0.778326 -0.113865
11.424 -0.78736 -0.105129
11.5044 -0.797598 -0.105454
11.6237 -0.806756 -0.0952153
11.7389 -0.812122 -0.0817352
11.8125 -0.820955 -0.0856037
11.9317 -0.826743 -0.0730204
12.0495 -0.828529 -0.0571971
12.1661 -0.836789 -0.0543322
12.2501 -0.83549 -0.0411221
12.3656 -0.8368 -0.0321183
12.4817 -0.845292 -0.0376925
12.5565 -0.846692 -0.0304613
12.6706 -0.848927 -0.026896
12.7919 -0.856519 -0.0260007
12.9151 -0.855021 -0.0150346
12.9907 -0.857261 -0.0181969
13.1055 -0.859505 -0.0185999
13.2234 -0.85916 -0.0146531
13.3378 -0.86649 -0.0235293
13.4161 -0.870008 -0.0281152
13.5387 -0.873826 -0.0266193
13.6554 -0.886935 -0.0344136
13.734 -0.891165 -0.038675
13.8547 -0.897938 -0.0401903
13.9721 -0.905612 -0.0457461
14.0905 -0.913463 -0.0474657
14.1801 -0.915864 -0.0355692
14.2974 -0.921591 -0.0402162
14.4123 -0.934465 -0.0563439
14.4933 -0.938765 -0.0540828
14.6114 -0.94875 -0.0642453
14.7404 -0.955007 -0.0692729
14.8184 -0.956773 -0.0651103
14.9383 -0.963573 -0.0621869
15.0659 -0.972092 -0.0656643
15.1842 -0.973983 -0.0522164
15.2611 -0.98081 -0.0577228
15.3825 -0.985942 -0.0522979
15.5012 -0.986652 -0.0437312
15.5825 -0.993233 -0.0512774
15.7036 -0.999651 -0.0517234
15.8253 -1.00518 -0.0493848
15.9407 -1.01611 -0.0562899
16.0284 -1.0228 -0.0510854
16.1458 -1.02929 -0.0528804
16.255 -1.04305 -0.0711146
16.3377 -1.05243 -0.0747976
16.4558 -1.06501 -0.0854871
16.5774 -1.08378 -0.106178
16.6973 -1.09776 -0.104953
16.7723 -1.10943 -0.11636
16.8889 -1.12882 -0.133587
17.01 -1.14582 -0.137898
17.0871 -1.15994 -0.146983
17.1996 -1.18474 -0.169746
17.3133 -1.20356 -0.165038
17.391 -1.2196 -0.172366
17.5012 -1.24223 -0.182454
17.6065 -1.26098 -0.170427
17.674 -1.27564 -0.163249
17.7797 -1.2896 -0.153388
17.8957 -1.30349 -0.118065
17.9976 -1.30466 -0.0754536
18.0919 -1.30101 -0.0322743
18.1574 -1.2864 0.0243421
18.2489 -1.25742 0.104365
18.3248 -1.23376 0.197399
18.3701 -1.20076 0.286239
18.4307 -1.13244 0.425002
18.5002 -1.08457 0.545103
18.5382 -1.0137 0.701761
18.5599 -0.955282 0.827897
18.56 -0.878621 0.981204
18.5666 -0.821104 1.15011
18.5613 -0.771907 1.27415
18.5224 -0.711906 1.45056
18.5009 -0.659694 1.60775
18.4683 -0.626765 1.7358
18.4081 -0.595763 1.91015
18.359 -0.557771 2.07499
18.2953 -0.546437 2.25361
18.2485 -0.535689 2.38073
18.1825 -0.54322 2.55608
18.119 -0.554393 2.70805
18.0771 -0.568902 2.80764
18.0081 -0.590997 2.97065
17.9375 -0.619631 3.10831
17.901 -0.644479 -3.0936
17.8368 -0.67765 -2.99373
17.7683 -0.723697 -2.89704
17.7073 -0.764639 -2.84462
17.663 -0.781017 -2.83263
17.5842 -0.812915 -2.81062
17.502 -0.851668 -2.79435
17.4488 -0.876961 -2.81311
17.3556 -0.899724 -2.83984
17.2565 -0.925808 -2.85222
17.1581 -0.94113 -2.86715
17.0948 -0.946542 -2.89472
16.9929 -0.961273 -2.9267
16.8913 -0.982053 -2.92712
16.8203 -0.987571 -2.94615
16.7178 -0.999003 -2.97242
16.6062 -1.0173 -2.97208
16.4984 -1.02999 -2.96962
16.4282 -1.02517 -2.99622
16.3194 -1.03594 -3.01243
16.2099 -1.05575 -2.98245
16.1368 -1.06384 -2.99357
16.0243 -1.05961 -3.03042
15.9146 -1.08112 -3.0017
15.8078 -1.08574 -3.0285
15.7351 -1.08924 -3.04374
15.6268 -1.0999 -3.043
15.5146 -1.10589 -3.05253
15.4398 -1.10789 -3.06733
15.3283 -1.1141 -3.06509
15.2152 -1.12369 -3.04729
15.1412 -1.11984 -3.07404
15.0303 -1.12623 -3.07751
14.92 -1.14683 -3.04293
14.804 -1.14629 -3.07079
14.7311 -1.15035 -3.07353
14.6177 -1.16794 -3.05649
14.5023 -1.16273 -3.09561
14.3907 -1.16638 -3.10039
14.3167 -1.17402 -3.08622
14.2059 -1.18253 -3.09349
14.0934 -1.17839 -3.11327
14.018 -1.18133 -3.1108
13.9023 -1.18175 -3.12309
13.7906 -1.16859 3.12609
13.6791 -1.17172 3.13857
13.6029 -1.16736 3.12621
13.4853 -1.15085 3.09316
13.3711 -1.14886 3.10797
13.2936 -1.14574 3.1061
13.1832 -1.13145 3.08383
13.0747 -1.12619 3.09575
12.9975 -1.12198 3.09349
12.8849 -1.10497 3.06904
12.7701 -1.09876 3.08216
12.6518 -1.08749 3.0779
12.5716 -1.07858 3.06977
12.458 -1.07308 3.07778
12.3801 -1.07063 3.0855
12.2273 -1.05769 3.07388
12.1503 -1.0548 3.08107
12.0309 -1.05018 3.09898
11.9179 -1.02747 3.06422
11.8408 -1.02362 3.0706
11.7124 -1.0235 3.0906
11.5935 -1.00255 3.06641
11.4711 -1.0081 3.09626
11.3894 -1.0063 3.10225
11.2684 -0.993981 3.08257
11.1517 -0.994793 3.10157
11.0665 -0.985282 3.09037
10.9465 -0.975195 3.07983
10.8246 -0.972515 3.10058
10.7369 -0.964049 3.08966
10.6162 -0.955699 3.08426
10.4961 -0.955049 3.10283
10.3732 -0.941121 3.08318
10.2927 -0.93893 3.09639
10.1702 -0.937612 3.10796
10.0509 -0.924613 3.09223
9.96875 -0.921172 3.09898
9.84663 -0.918085 3.10511
9.72083 -0.899813 3.07714
9.59802 -0.900043 3.09769
9.51431 -0.896638 3.09587
9.39217 -0.888181 3.08789
9.31028 -0.88575 3.09371
9.18216 -0.886972 3.10335
9.06192 -0.87525 3.08162
8.93793 -0.874753 3.09461
8.80433 -0.860621 3.07579
8.73005 -0.851332 3.06845
8.60684 -0.843979 3.07355
8.48238 -0.830745 3.05578
8.40134 -0.823067 3.05396
8.27325 -0.821289 3.07403
8.15007 -0.806358 3.05233
8.02615 -0.80138 3.06178
7.9384 -0.793003 3.05522
7.8128 -0.775867 3.03804
7.68482 -0.764616 3.04888
7.59736 -0.756467 3.04863
7.4677 -0.733718 3.03355
7.3387 -0.722541 3.04818
7.20779 -0.701864 3.02975
7.12721 -0.694917 3.03532
7.04247 -0.690322 3.0479
6.87042 -0.665479 3.034
6.78425 -0.660983 3.0469
6.65675 -0.651461 3.0543
6.53487 -0.63346 3.0366
6.44883 -0.631574 3.05544
6.32012 -0.622338 3.0597
6.19488 -0.600926 3.04216
6.0679 -0.592154 3.05451
5.97575 -0.57463 3.03255
5.85231 -0.558962 3.0271
5.72507 -0.554395 3.04799
5.64392 -0.539389 3.02789
5.52404 -0.526165 3.0295
5.39921 -0.518913 3.04402
5.27481 -0.498789 3.02342
5.19338 -0.49706 3.04072
5.06947 -0.487662 3.04851
4.95041 -0.464968 3.02261
4.86773 -0.461138 3.03337
4.74594 -0.446677 3.02931
4.63284 -0.424614 3.00815
4.50931 -0.411016 3.01927
4.42225 -0.394221 3.01189
4.30359 -0.375103 3.00087
4.19108 -0.359045 3.01529
4.11235 -0.340854 2.99819
4.03483 -0.32739 2.99139
3.87047 -0.308789 3.00735
3.79211 -0.291328 2.99421
3.67657 -0.271791 2.98716
3.55754 -0.25779 3.00588
3.43981 -0.232476 2.98747
3.35944 -0.222692 2.9932
3.24016 -0.208113 3.00205
3.12238 -0.183685 2.98541
3.04411 -0.170693 2.98307
2.92809 -0.150963 2.9796
2.81158 -0.12053 2.95637
2.73511 -0.103292 2.95014
2.61903 -0.0775593 2.94127
2.50346 -0.0475355 2.92389
2.39336 -0.0185518 2.91066
2.31015 0.00182878 2.91245
2.19474 0.0302737 2.90789
2.08757 0.0605287 2.9056
1.96756 0.0821422 2.92363
1.88778 0.101523 2.92408
1.77904 0.122258 2.93342
1.66436 0.141343 2.95325
1.58442 0.157491 2.94383
1.47334 0.179137 2.94579
1.35492 0.194707 2.96629
1.2845 0.211327 2.9623
1.17864 0.229346 2.96582
1.06955 0.242078 2.9819
0.962426 0.26273 2.97667
0.900698 0.272269 2.9845
0.805063 0.283023 2.99784
0.710988 0.293734 3.01044
0.622934 0.311709 3.01075
0.572969 0.317228 3.02688
0.497064 0.320272 3.04389
0.41889 0.335985 3.0526
0.377384 0.339802 3.05429
0.321187 0.344604 3.0545
0.265487 0.351485 3.06608
0.221394 0.353749 3.07196
0.19176 0.353575 3.07488
0.160006 0.353256 3.08242
0.140158 0.353852 3.08626
0.131345 0.353872 3.08629
0.11957 0.354067 3.08766
0.107449 0.355994 3.08568
0.103776 0.355556 3.08548
0.0989257 0.355455 3.08663
0.090664 0.355702 3.08778
0.0888295 0.355163 3.08798
0.0882437 0.355039 3.0868
0.0884759 0.354814 3.08748
0.0894408 0.353821 3.08789
0.0898906 0.353391 3.08793
0.0915061 0.35332 3.08789
0.0921005 0.353159 3.08698
0.0914929 0.353112 3.08723
0.0922307 0.353084 3.0872
0.0926709 0.352909 3.08731
0.0919183 0.353286 3.08746
0.0924815 0.3533 3.0873
0.0930727 0.353248 3.08737
0.0937022 0.353211 3.08739
0.0940422 0.353186 3.08741
0.0946487 0.353152 3.08743
0.095266 0.353143 3.08736
0.095884 0.35308 3.08746
0.0960894 0.353088 3.08738
0.0965612 0.353009 3.08757
0.0970607 0.353071 3.0873
0.0973145 0.35299 3.08752
0.0977495 0.352972 3.08751
0.0981696 0.353014 3.08727
0.0985403 0.352915 3.08752
0.0986989 0.352903 3.08756
0.0990581 0.352909 3.08745
0.099615 0.35281 3.08772
0.099966 0.352835 3.08756
0.10033 0.35283 3.08753
0.100703 0.352776 3.08763
0.100963 0.352785 3.08757
0.101153 0.352775 3.08756
0.101355 0.352738 3.08764
0.101785 0.352707 3.08766
0.101965 0.352695 3.08767
0.102198 0.352637 3.08783
0.102549 0.352661 3.08769
0.102872 0.352674 3.08758
0.103196 0.352632 3.08766
0.103439 0.352602 3.08775
0.10356 0.352629 3.08762
0.10375 0.352619 3.08764
0.103874 0.352584 3.08773
0.104046 0.352567 3.08774
0.104337 0.352577 3.08767
0.10445 0.352569 3.08766
0.104631 0.352556 3.08767
0.10482 0.352525 3.08776
0.104813 0.352565 3.08761
0.104992 0.352584 3.08753
0.105122 0.352614 3.08738
0.105189 0.352533 3.08767
0.105262 0.352542 3.08761
0.105262 0.352542 3.08761
