17.5968 -0.385762 -0.0438377
17.6793 -0.389023 -0.0351388
17.735 -0.390739 -0.0264646
17.8195 -0.391515 0.00810042
17.9039 -0.387913 0.0771527
17.986 -0.378354 0.154824
18.0407 -0.368105 0.215227
18.1186 -0.346819 0.31876
18.194 -0.318253 0.405051
18.2427 -0.295364 0.474075
18.3106 -0.255537 0.586228
18.3737 -0.208356 0.698381
18.4121 -0.17349 0.776025
18.4626 -0.115575 0.931284
18.5028 -0.0523457 1.07792
18.5322 0.0144516 1.23318
18.5459 0.0624919 1.35392
18.5554 0.134871 1.52642
18.5521 0.205877 1.70754
18.5361 0.275129 1.88866
18.52 0.316262 2.00078
18.4877 0.373068 2.17327
18.4462 0.423497 2.34577
18.4164 0.450693 2.45788
18.3642 0.486582 2.62175
18.3102 0.511836 2.78562
18.251 0.528218 2.95811
18.211 0.533345 3.07022
18.1495 0.53349 -3.07496
18.0905 0.525692 -2.94558
18.0493 0.516036 -2.87657
17.9871 0.496226 -2.79029
17.9263 0.472171 -2.7385
17.8667 0.445518 -2.70396
17.825 0.425979 -2.70391
17.764 0.397745 -2.71247
17.7008 0.369515 -2.72965
17.662 0.352929 -2.74685
17.5996 0.327877 -2.77266
17.5366 0.304444 -2.79846
17.471 0.282303 -2.83288
17.427 0.268674 -2.85008
17.3587 0.249128 -2.87588
17.2879 0.231175 -2.91029
17.241 0.220771 -2.93611
17.1657 0.20574 -2.95328
17.0919 0.192667 -2.97908
17.0407 0.184937 -3.00489
16.9644 0.17512 -3.02207
16.8842 0.16688 -3.05648
16.8286 0.162861 -3.08229
16.7461 0.159029 -3.10807
16.6635 0.157325 -3.13386
16.579 0.157397 3.13216
16.4926 0.158582 3.12362
16.435 0.159616 3.12367
16.3466 0.161195 3.12376
16.2564 0.162413 3.13246
16.1987 0.162937 3.13252
16.1104 0.162212 -3.1161
16.0221 0.159956 -3.11602
15.9625 0.158175 -3.10734
15.8723 0.15469 -3.09863
15.784 0.150892 -3.09855
15.6938 0.147392 -3.10709
15.6343 0.145593 -3.11565
15.5421 0.143197 -3.11557
15.4499 0.141589 -3.13272
15.3866 0.141298 -3.14128
15.2944 0.14206 3.12474
15.2003 0.144048 3.11621
15.1042 0.146481 3.1163
15.0409 0.148355 3.10774
14.9449 0.152429 3.09059
14.8471 0.156997 3.0993
14.7799 0.159548 3.10798
14.6781 0.162526 3.1167
14.5763 0.163738 -3.14052
14.4707 0.162254 -3.11456
14.4016 0.159787 -3.09725
14.2942 0.154087 -3.07991
14.1869 0.1456 -3.04532
14.1162 0.138461 -3.03663
14.0093 0.126264 -3.01929
13.9027 0.112216 -3.00195
13.8 0.0977724 -3.00185
13.7296 0.087567 -2.99316
13.6232 0.0716535 -2.99306
13.5207 0.0562979 -2.99296
13.4485 0.0454863 -2.99289
13.3441 0.029379 -2.98417
13.2398 0.0123615 -2.97545
13.1696 0.000907852 -2.98401
13.0634 -0.0159789 -2.98391
12.961 -0.0322726 -2.98381
12.8566 -0.0484283 -2.99233
12.7862 -0.0586966 -3.00089
12.6835 -0.0732486 -3.00079
12.5807 -0.0869244 -3.01793
12.4777 -0.0988356 -3.03508
12.4089 -0.105596 -3.05226
12.3074 -0.114247 -3.06078
12.204 -0.121733 -3.07793
12.1369 -0.125723 -3.08649
12.0371 -0.130369 -3.10364
11.9391 -0.132824 -3.12941
11.8738 -0.133059 3.13659
11.7797 -0.131375 3.11082
11.6857 -0.127267 3.08504
11.5899 -0.12019 3.05064
11.5269 -0.113619 3.02484
11.4316 -0.101613 3.00769
11.3327 -0.0874297 2.99054
11.2682 -0.0770478 2.97336
11.1717 -0.0602324 2.96483
11.0734 -0.0426724 2.96492
10.9751 -0.0251213 2.96501
10.9088 -0.0135989 2.9737
10.8084 0.00297598 2.98241
10.7058 0.0185291 2.99976
10.6354 0.0282704 3.00844
10.5305 0.0409354 3.03441
10.4234 0.0505921 3.06899
10.3524 0.0548279 3.09493
10.2449 0.0570601 -3.13643
10.1355 0.0531859 -3.07598
10.0264 0.0436481 -3.03277
9.9539 0.0350923 -3.01545
9.84547 0.0199086 -2.98949
9.73929 0.00268839 -2.97214
9.63145 -0.0162468 -2.96342
9.55961 -0.029186 -2.96335
9.45541 -0.046576 -2.98912
9.34882 -0.0610838 -3.0235
9.27626 -0.0690609 -3.04068
9.16907 -0.0780564 -3.07506
9.0616 -0.082435 -3.12669
8.99053 -0.0825774 3.1307
8.88491 -0.0800657 3.10493
8.77755 -0.0733498 3.0533
8.6744 -0.0624288 3.01892
8.60779 -0.0533419 2.99311
8.53755 -0.0425274 2.98456
8.39735 -0.0190974 2.96745
8.32729 -0.00708725 2.97614
8.21922 0.0104745 2.98486
8.10903 0.0269095 3.00221
8.00226 0.0400102 3.0368
7.92578 0.0473857 3.05411
7.81081 0.055468 3.08871
7.69947 0.0594325 3.1233
7.58806 0.0605045 3.14064
7.51315 0.06025 -3.13385
7.40366 0.0589245 -3.12512
7.29227 0.0570841 -3.12502
7.21928 0.055872 -3.12495
7.11172 0.055004 3.14109
7.00416 0.0559799 3.12395
6.89856 0.0592045 3.09818
6.83141 0.0624093 3.08963
6.72787 0.0686851 3.07248
6.62258 0.077338 3.04671
6.55185 0.0843738 3.03816
6.45064 0.0953168 3.02963
6.34374 0.10733 3.02973
6.23695 0.120253 3.01259
6.16838 0.129146 3.01266
6.05777 0.142513 3.03
5.94509 0.154641 3.03873
5.87047 0.161367 3.06467
5.75926 0.168006 3.09926
5.64598 0.171332 3.12523
5.56914 0.171924 -3.14064
5.45389 0.170815 -3.12329
5.33868 0.167706 -3.10594
5.22354 0.162598 -3.08859
5.14875 0.158304 -3.0799
5.03561 0.151798 -3.08841
4.92241 0.146256 -3.09693
4.84756 0.143231 -3.10548
4.73426 0.140598 -3.13124
4.62093 0.140884 3.12619
4.50955 0.143554 3.10905
4.43469 0.146312 3.1005
4.32152 0.152425 3.07474
4.20848 0.160477 3.06623
4.1338 0.166437 3.05768
4.01895 0.176091 3.05778
3.90598 0.185085 3.06651
3.82931 0.190185 3.08383
3.71614 0.196234 3.09256
3.60288 0.200319 3.11853
3.48957 0.202439 3.12725
3.41274 0.202875 -3.13862
3.30133 0.201577 -3.12127
3.19187 0.198874 -3.11254
3.12084 0.196502 -3.10386
3.01335 0.192438 -3.10376
2.90586 0.188363 -3.10365
2.83483 0.185971 -3.11221
2.73305 0.183414 -3.12074
2.63126 0.181725 -3.12926
2.5333 0.181779 3.12815
2.468 0.183218 3.11097
2.37394 0.186501 3.10244
2.27607 0.190753 3.09391
2.2166 0.193847 3.08534
2.12454 0.199026 3.08543
2.03434 0.202925 3.11138
1.94599 0.204067 -3.13724
1.88838 0.202821 -3.1027
1.79831 0.196586 -3.04226
1.70888 0.184152 -2.96459
1.6505 0.172403 -2.92142
1.55931 0.149081 -2.86098
1.4697 0.120292 -2.80054
1.3817 0.0869016 -2.75735
1.32491 0.0633673 -2.74005
1.23843 0.0262031 -2.73134
1.15196 -0.0109689 -2.73987
1.09706 -0.0340165 -2.74844
1.01487 -0.0664587 -2.78284
0.927996 -0.097341 -2.81724
0.84011 -0.125218 -2.85164
0.78475 -0.141218 -2.86883
0.699074 -0.162816 -2.92047
0.610743 -0.18148 -2.94625
0.552185 -0.192283 -2.97206
0.46485 -0.20569 -3.00647
0.377105 -0.216086 -3.04087
0.291 -0.223668 -3.06665
0.233501 -0.227488 -3.08384
0.149085 -0.231642 -3.10101
0.0665048 -0.233218 3.13915
-0.0160812 -0.231951 3.11336
-0.071739 -0.22966 3.08755
-0.15415 -0.224136 3.06176
-0.234511 -0.217012 3.0446
-0.314661 -0.207819 3.01019
-0.367981 -0.200773 3.01024
-0.447869 -0.18952 2.99307
-0.529504 -0.176949 2.98452
-0.582627 -0.168537 2.98458
-0.662418 -0.156612 3.00189
-0.746212 -0.145568 3.01922
-0.832137 -0.13613 3.04516
-0.891432 -0.130654 3.05384
-0.983406 -0.124162 3.08841
-1.07939 -0.120715 3.12299
-1.18119 -0.119265 3.13171
-1.24842 -0.118892 3.14039
-1.35213 -0.120561 -3.10821
-1.45771 -0.124548 -3.09949
-1.5287 -0.127847 -3.0908
-1.63803 -0.133883 -3.08208
-1.74729 -0.140872 -3.07335
-1.85844 -0.148474 -3.07325
-1.92933 -0.153636 -3.06456
-2.03853 -0.161597 -3.07308
-2.15163 -0.168874 -3.0816
-2.22832 -0.173483 -3.08152
-2.34148 -0.179805 -3.09004
-2.45662 -0.184758 -3.10717
-2.568 -0.187638 -3.12431
-2.64482 -0.188968 -3.12424
-2.75814 -0.190452 -3.13276
-2.87147 -0.190971 -3.14127
-2.9483 -0.191661 -3.12396
-3.06162 -0.193177 -3.13247
-3.17303 -0.194199 -3.13237
-3.24794 -0.195216 -3.12367
-3.36124 -0.197741 -3.11495
-3.47452 -0.201255 -3.10622
-3.58772 -0.206734 -3.08025
-3.66247 -0.211651 -3.07156
-3.77549 -0.220075 -3.06283
-3.88835 -0.230459 -3.03686
-3.99904 -0.243067 -3.01951
-4.07336 -0.252513 -3.01082
-4.18369 -0.267999 -2.99347
-4.29191 -0.28463 -2.98475
-4.36401 -0.296034 -2.98468
-4.47419 -0.312501 -3.00182
-4.5828 -0.326358 -3.02758
-4.65733 -0.33392 -3.05337
-4.76651 -0.342161 -3.07913
-4.87401 -0.346101 -3.13076
-4.98156 -0.34449 3.10079
-5.05443 -0.340258 3.06638
-5.16154 -0.330332 3.03199
-5.23394 -0.321101 2.99757
-5.34012 -0.303835 2.96319
-5.44383 -0.283749 2.93742
-5.54898 -0.261037 2.92028
-5.61631 -0.245279 2.9031
-5.71731 -0.221649 2.92044
-5.82246 -0.198965 2.93779
-5.92817 -0.179018 2.97237
-5.99847 -0.168563 3.01555
-6.10354 -0.157549 3.05876
-6.21283 -0.150849 3.10197
-6.28388 -0.148954 3.1279
-6.38952 -0.14979 -3.11208
-6.49504 -0.155188 -3.06887
-6.6003 -0.164231 -3.04291
-6.67093 -0.17215 -3.01698
-6.77581 -0.184834 -3.0255
-6.87698 -0.196195 -3.03403
-6.9458 -0.203028 -3.05121
-7.04729 -0.21091 -3.07698
-7.1471 -0.214785 -3.12861
-7.21433 -0.21479 3.12877
-7.3122 -0.210584 3.06851
-7.40973 -0.201332 3.0255
-7.50468 -0.186929 2.95662
-7.56866 -0.173814 2.92219
-7.66183 -0.150498 2.87055
-7.75195 -0.123354 2.82753
-7.81198 -0.102996 2.80173
-7.90031 -0.0704787 2.77595
-7.99359 -0.0347692 2.77605
-8.08523 -0.000149873 2.78476
-8.14473 0.0217346 2.79344
-8.23778 0.0523594 2.85388
-8.33252 0.0773073 2.91433
-8.42679 0.0957044 2.98339
-8.4916 0.103762 3.05242
-8.58755 0.108181 3.13873
-8.68162 0.104795 -3.06678
-8.74278 0.0986151 -3.01499
-8.83352 0.0822548 -2.91145
-8.9186 0.0584046 -2.82515
-9.00132 0.0273093 -2.73885
-9.05373 0.00335745 -2.68707
-9.12463 -0.0351585 -2.60077
-9.19052 -0.0782977 -2.52311
-9.23185 -0.109632 -2.46271
-9.28375 -0.155337 -2.37643
-9.32998 -0.204156 -2.28153
-9.35536 -0.23551 -2.22114
-9.38828 -0.285139 -2.09176
-9.41177 -0.333529 -1.95377
-9.42641 -0.379273 -1.80715
-9.43205 -0.40949 -1.70367
-9.43402 -0.451711 -1.5312
-9.42872 -0.493644 -1.35873
-9.4221 -0.517729 -1.24662
-9.40616 -0.554793 -1.08278
-9.38439 -0.588762 -0.918929
-9.36018 -0.616081 -0.772328
-9.33997 -0.633828 -0.668847
-9.31143 -0.65335 -0.530869
-9.2806 -0.669027 -0.410136
-9.25908 -0.6773 -0.323899
-9.2257 -0.686308 -0.203164
-9.19151 -0.691524 -0.0996736
-9.1589 -0.69323 -0.00480635
-9.13969 -0.692825 0.0469407
-9.10713 -0.690309 0.107322
-9.07667 -0.686226 0.15908
-9.05394 -0.682379 0.176344
-9.02181 -0.676511 0.184996
-8.98969 -0.670642 0.176405
-8.96887 -0.667024 0.167804
-8.93849 -0.662414 0.133346
-8.90415 -0.658408 0.0988927
-8.88119 -0.65633 0.0816709
-8.84669 -0.654103 0.0472176
-8.81213 -0.653066 0.0127639
-8.77372 -0.653238 -0.0216861
-8.74876 -0.654102 -0.0475273
-8.70276 -0.657085 -0.0819703
-8.65685 -0.661254 -0.0991699
-8.62244 -0.664677 -0.0991375
-8.56892 -0.669999 -0.099087
-8.50959 -0.675121 -0.0731666
-8.44825 -0.679084 -0.0558659
-8.40604 -0.681079 -0.038583
-8.33308 -0.683263 -0.0212715
-8.28506 -0.684077 -0.0126049
-8.21015 -0.684696 -0.00391324
-8.13523 -0.684663 0.0047784
-8.05456 -0.68497 -0.0123888
-7.97199 -0.687058 -0.0381759
-7.91443 -0.689752 -0.0553649
-7.82441 -0.696686 -0.0983878
-7.73097 -0.707944 -0.141407
-7.66639 -0.717703 -0.158589
-7.56987 -0.734419 -0.184362
-7.50577 -0.746943 -0.201543
-7.40414 -0.767702 -0.201446
-7.30054 -0.788389 -0.192725
-7.19462 -0.807164 -0.158138
-7.08811 -0.822265 -0.123551
-7.01553 -0.830008 -0.0889964
-6.9044 -0.837989 -0.0544061
-6.78729 -0.841832 -0.0111883
-6.70661 -0.842036 0.00613041
-6.58946 -0.839796 0.0321049
-6.46857 -0.83434 0.0580829
-6.34974 -0.826396 0.0754376
-6.27123 -0.820119 0.084133
-6.15256 -0.810104 0.0842445
-6.03381 -0.8011 0.0671134
-5.95714 -0.795944 0.0671855
-5.84209 -0.789192 0.0500506
-5.72694 -0.784413 0.0329156
-5.61747 -0.782219 0.00715377
-5.54256 -0.782649 -0.0186408
-5.42928 -0.786221 -0.044399
-5.31998 -0.792489 -0.0701606
-5.24721 -0.798231 -0.0873352
-5.13435 -0.808597 -0.0958505
-5.02923 -0.819156 -0.104373
-4.92421 -0.83061 -0.112895
-4.85362 -0.838919 -0.12145
-4.75056 -0.850593 -0.10411
-4.64348 -0.860843 -0.0867654
-4.57259 -0.866084 -0.0608341
-4.46513 -0.870766 -0.0262472
-4.35949 -0.872167 -0.000283507
-4.25 -0.870777 0.0256838
-4.17705 -0.868271 0.0429951
-4.06773 -0.862145 0.0689624
-3.95666 -0.853504 0.0863101
-3.88205 -0.846722 0.0950018
-3.77506 -0.83559 0.112346
-3.70253 -0.827404 0.112414
-3.59564 -0.815332 0.112515
-3.48865 -0.804171 0.0953728
-3.38531 -0.795178 0.0782271
-3.278 -0.787692 0.0610849
-3.20511 -0.783862 0.0439106
-3.09952 -0.780584 0.0181451
-2.98811 -0.780478 -0.0162366
-2.91705 -0.781936 -0.0247913
-2.8057 -0.785652 -0.0419299
-2.69443 -0.791275 -0.0590685
-2.58328 -0.798805 -0.076207
-2.51244 -0.804519 -0.0847618
-2.40161 -0.815858 -0.119143
-2.2911 -0.830048 -0.136282
-2.17706 -0.846684 -0.153417
-2.10307 -0.858448 -0.161968
-1.98752 -0.877836 -0.17048
-1.87575 -0.896575 -0.161752
-1.79796 -0.908921 -0.153056
-1.67813 -0.925816 -0.127078
-1.56172 -0.939155 -0.101103
-1.44117 -0.949805 -0.0751256
-1.35873 -0.954935 -0.0491832
-1.24354 -0.95861 -0.0145893
-1.16479 -0.959416 -0.00589392
-1.04569 -0.959085 0.011461
-0.926618 -0.956687 0.0288157
-0.80951 -0.952799 0.0375471
-0.732728 -0.949912 0.0376193
-0.619496 -0.945156 0.046347
-0.506266 -0.940387 0.0378318
-0.392998 -0.936583 0.0293166
-0.320036 -0.934441 0.029385
-0.20674 -0.931593 0.02087
-0.0934456 -0.928734 0.0295978
-0.0204833 -0.926571 0.0296661
0.0909009 -0.924221 0.0125277
0.202303 -0.922819 0.0126322
0.277214 -0.922193 0.004081
0.388624 -0.921733 0.00418552
0.501955 -0.921741 -0.00432968
0.613357 -0.923178 -0.0214682
0.686332 -0.924743 -0.0213997
0.797719 -0.927121 -0.0212952
0.909104 -0.929487 -0.0211908
1.01856 -0.932273 -0.0297095
1.09343 -0.934819 -0.0382607
1.20476 -0.939075 -0.0381564
1.31221 -0.944099 -0.0552983
1.38509 -0.948131 -0.0552299
1.49633 -0.954275 -0.0551253
1.60374 -0.960197 -0.0550244
1.67662 -0.964209 -0.0549559
1.78597 -0.969746 -0.0462316
1.89153 -0.974168 -0.037511
1.99902 -0.978197 -0.0374101
2.07196 -0.980924 -0.0373416
2.17946 -0.984935 -0.0372407
2.29079 -0.989077 -0.0371362
2.36373 -0.991785 -0.0370677
2.47123 -0.995766 -0.0369668
2.57682 -0.99921 -0.0282462
2.64979 -1.00127 -0.0281777
2.76115 -1.0044 -0.0280731
2.86677 -1.00691 -0.0193525
2.97816 -1.00906 -0.0192479
3.04923 -1.01012 -0.0105597
3.15487 -1.01077 -0.00183905
3.26436 -1.01049 0.00688519
3.37385 -1.00926 0.0156094
3.44683 -1.00812 0.0156779
3.5563 -1.00593 0.0244021
3.66768 -1.0032 0.0245065
3.74257 -1.00169 0.0159554
3.85397 -0.999905 0.0160599
3.96537 -0.99811 0.0161643
4.04028 -0.997219 0.00761309
4.14977 -0.996852 -0.000905715
4.2631 -0.997437 -0.00942091
4.37257 -0.998935 -0.0179396
4.44363 -1.00051 -0.0264945
4.55307 -1.00388 -0.0350135
4.66053 -1.00857 -0.0521554
4.73339 -1.013 -0.0693303
4.84251 -1.02199 -0.0950918
4.9495 -1.03312 -0.112234
5.05443 -1.0454 -0.120757
5.12495 -1.05426 -0.129311
5.23346 -1.06884 -0.13783
5.34198 -1.08341 -0.129106
5.41437 -1.09281 -0.129037
5.51919 -1.10595 -0.120317
5.62424 -1.11727 -0.0943528
5.69502 -1.12365 -0.0856648
5.80422 -1.1316 -0.0596975
5.91554 -1.13633 -0.0251066
6.02886 -1.1377 0.000864056
6.10761 -1.13661 0.0268025
6.22279 -1.13252 0.0441537
6.29952 -1.12847 0.0614688
6.41254 -1.12004 0.0874398
6.52539 -1.10965 0.0961676
6.63815 -1.09827 0.104895
6.75081 -1.08592 0.113623
6.8252 -1.0771 0.122315
6.93393 -1.0642 0.113796
7.04472 -1.0525 0.0966578
7.11738 -1.04545 0.096726
7.22648 -1.03628 0.0709644
7.33573 -1.02899 0.0624456
7.44698 -1.02299 0.0453069
7.51799 -1.02007 0.0367522
7.62358 -1.01664 0.0282298
7.73113 -1.01453 0.0110877
7.80027 -1.01376 0.0111526
7.90207 -1.01218 0.0198697
8.00385 -1.00971 0.0285868
8.10366 -1.00599 0.0459234
8.17078 -1.00203 0.0718513
8.27222 -0.993408 0.0978111
8.37722 -0.981726 0.123775
8.44577 -0.972595 0.141083
8.5482 -0.956236 0.175666
8.65197 -0.936423 0.20163
8.74966 -0.915572 0.218967
8.81522 -0.900683 0.227651
8.91233 -0.877297 0.244988
9.00923 -0.853066 0.245082
9.07066 -0.837418 0.253763
9.16735 -0.812338 0.253856
9.26051 -0.789016 0.236703
9.3222 -0.774415 0.228141
9.41432 -0.755105 0.185122
9.50535 -0.74048 0.133479
9.5971 -0.731364 0.0645929
9.66044 -0.729181 0.00430252
9.75067 -0.73229 -0.0732073
9.84606 -0.743432 -0.159332
9.90647 -0.754748 -0.211003
9.99964 -0.778085 -0.279885
10.091 -0.807778 -0.348767
10.1842 -0.843521 -0.38316
10.2465 -0.868923 -0.391718
10.345 -0.907139 -0.348511
10.4473 -0.940361 -0.279437
10.5199 -0.95884 -0.219017
10.6314 -0.979149 -0.141317
10.7441 -0.990742 -0.0636167
10.8613 -0.994653 -0.00315627
10.9362 -0.993918 0.0227786
11.0513 -0.989301 0.0573725
11.1645 -0.983284 0.0488571
11.2393 -0.979945 0.040306
11.3507 -0.978331 -0.011319
11.464 -0.982049 -0.0543204
11.5751 -0.990967 -0.105945
11.6494 -0.999849 -0.131739
11.7616 -1.01618 -0.157497
11.8734 -1.03443 -0.166012
11.9474 -1.04649 -0.15732
12.0618 -1.06061 -0.0882393
12.1807 -1.06597 -0.0019121
12.3016 -1.05942 0.110281
12.3834 -1.04785 0.170709
12.5055 -1.02188 0.248419
12.6275 -0.987532 0.300267
12.7061 -0.962079 0.326209
12.8262 -0.921446 0.326328
12.9446 -0.881924 0.317824
13.0601 -0.84559 0.292073
13.1375 -0.823025 0.274906
13.2527 -0.792671 0.240531
13.3708 -0.766377 0.197537
13.4482 -0.751917 0.171746
13.5661 -0.734599 0.120129
13.6827 -0.723061 0.0771308
13.7594 -0.71846 0.0427168
13.8727 -0.716056 -0.000284291
13.986 -0.717547 -0.0260423
14.0973 -0.722362 -0.0604241
14.1701 -0.727396 -0.0775984
14.2773 -0.736653 -0.0947406
14.3844 -0.746824 -0.0946398
14.4551 -0.753843 -0.103195
14.5583 -0.764523 -0.103097
14.6634 -0.774937 -0.0943765
14.7667 -0.784707 -0.094279
14.8356 -0.790621 -0.0769712
14.9371 -0.798007 -0.0682543
15.0406 -0.804184 -0.0509139
15.1097 -0.807701 -0.050849
15.2114 -0.811555 -0.0248889
15.3132 -0.812768 0.00107116
15.3824 -0.812095 0.0183792
15.4861 -0.80929 0.0357194
15.5859 -0.804858 0.0530562
15.6856 -0.798696 0.0703932
15.7545 -0.793235 0.0877009
15.8559 -0.783876 0.096418
15.9572 -0.773634 0.105135
16.0241 -0.766865 0.0965765
16.1273 -0.756858 0.0966738
16.2287 -0.747463 0.0881478
16.3301 -0.738933 0.0796218
16.3972 -0.733873 0.0710634
16.4987 -0.727077 0.0625374
16.5965 -0.721372 0.0540077
16.6637 -0.71803 0.0454493
16.7616 -0.713996 0.0369197
16.8556 -0.710924 0.0283863
16.9517 -0.709021 0.0112335
17.017 -0.708848 -0.00594828
17.1111 -0.70981 -0.0144816
17.1745 -0.710999 -0.0230436
17.2724 -0.713674 -0.0315732
17.3703 -0.717184 -0.0401028
17.4643 -0.720548 -0.031393
17.5239 -0.722159 -0.0227156
17.618 -0.723076 0.00323731
17.7102 -0.720389 0.0550537
17.8001 -0.712699 0.115488
17.861 -0.704038 0.167275
17.9511 -0.684778 0.253577
18.0391 -0.657058 0.357122
18.094 -0.63409 0.434773
18.1733 -0.590846 0.56418
18.241 -0.540244 0.719447
18.3011 -0.478147 0.883337
18.335 -0.431481 1.00409
18.3728 -0.358062 1.18522
18.3968 -0.279026 1.36635
18.4041 -0.225727 1.50435
18.4015 -0.147004 1.70272
18.383 -0.072435 1.92695
18.363 -0.0287677 2.07356
18.3222 0.0294719 2.28916
18.2683 0.0787143 2.51339
18.2307 0.101994 2.66
18.1885 0.120483 2.79799
18.0947 0.140905 3.05672
18.0217 0.141434 -3.07121
17.972 0.136204 -3.00219
17.8964 0.122255 -2.9159
17.8201 0.102978 -2.87272
17.7701 0.0889838 -2.86405
17.6906 0.0666923 -2.87259
17.6089 0.0449305 -2.88976
17.5549 0.0312813 -2.89833
17.4727 0.0116278 -2.91549
17.3902 -0.00661159 -2.93266
17.3055 -0.0241797 -2.9412
17.2491 -0.0356523 -2.94114
17.1662 -0.0524841 -2.94106
17.0834 -0.0693224 -2.94098
17.027 -0.0808072 -2.94093
16.9441 -0.0976565 -2.94085
16.8633 -0.114478 -2.93215
16.8069 -0.126461 -2.9321
16.726 -0.143293 -2.94064
16.645 -0.159434 -2.94918
16.5639 -0.174882 -2.95773
16.5091 -0.184832 -2.9663
16.4238 -0.198808 -2.99208
16.3383 -0.211318 -3.00062
16.2812 -0.219417 -3.00057
16.1936 -0.231085 -3.01773
16.1097 -0.240807 -3.03489
16.0523 -0.246451 -3.05208
15.9662 -0.253811 -3.06062
15.8819 -0.259924 -3.07778
15.7956 -0.264323 -3.10357
15.738 -0.266018 -3.12076
15.6496 -0.267101 -3.13792
15.5593 -0.266269 3.11949
15.4691 -0.263111 3.09371
15.4077 -0.259641 3.07652
15.3138 -0.25312 3.06799
15.2181 -0.245236 3.05084
15.1531 -0.239319 3.0509
15.0536 -0.230277 3.05099
14.9522 -0.221508 3.05971
14.8507 -0.212748 3.05118
14.7838 -0.206969 3.05987
14.6804 -0.198506 3.05996
14.5751 -0.189444 3.05144
14.5063 -0.18322 3.05151
14.3991 -0.173548 3.05161
14.2939 -0.164513 3.06033
14.2211 -0.158591 3.0604
14.1158 -0.150481 3.06912
14.0084 -0.143622 3.08646
13.901 -0.1377 3.08656
13.8281 -0.134316 3.10387
13.7187 -0.130665 3.1126
13.6092 -0.127968 3.12132
13.5343 -0.126775 3.13001
13.4267 -0.126463 -3.13583
13.3134 -0.127611 -3.1271
13.2021 -0.131152 -3.09251
13.1292 -0.135364 -3.0752
13.0182 -0.144678 -3.04061
12.9094 -0.157129 -3.01464
12.839 -0.167041 -2.98871
12.731 -0.185119 -2.96274
12.6253 -0.205173 -2.9454
12.518 -0.226986 -2.93667
12.4503 -0.241059 -2.93661
12.3446 -0.261141 -2.97099
12.2421 -0.276991 -3.00538
12.1736 -0.285792 -3.02256
12.0722 -0.295705 -3.06557
11.9706 -0.301252 -3.10858
11.9053 -0.302847 -3.12577
11.8054 -0.30271 3.12303
11.7095 -0.298448 3.07139
11.6138 -0.290065 3.03699
11.5527 -0.283122 3.01981
11.4614 -0.270349 2.98541
11.3706 -0.254442 2.95101
11.3122 -0.242912 2.94244
11.2219 -0.223897 2.92529
11.1321 -0.203336 2.90813
11.0479 -0.183705 2.91683
10.9898 -0.170685 2.92551
10.8994 -0.152476 2.96008
10.8103 -0.1381 3.00327
10.753 -0.131141 3.03781
10.6611 -0.123968 3.08963
10.569 -0.120771 3.1242
10.4768 -0.119967 3.14153
10.4134 -0.120238 -3.13297
10.3173 -0.12107 -3.13288
10.2213 -0.121911 -3.13279
10.156 -0.121925 3.13321
10.06 -0.120296 3.11606
9.96205 -0.117378 3.10753
9.86609 -0.113283 3.09038
9.80473 -0.109609 3.07319
9.70898 -0.102223 3.05604
9.60953 -0.0928351 3.03889
9.54463 -0.0855816 3.02171
9.44361 -0.0729749 3.01318
9.34085 -0.0588101 2.99603
9.23639 -0.0430413 2.98751
9.16621 -0.0318335 2.97896
9.05824 -0.0136448 2.97044
8.94845 0.00532472 2.97054
8.87652 0.0177471 2.97061
8.76674 0.0366977 2.97072
8.65316 0.0562899 2.97082
8.58123 0.0686918 2.97089
8.47522 0.0869594 2.97099
8.36164 0.10652 2.9711
8.25185 0.125417 2.97121
8.17796 0.137799 2.9799
8.06026 0.155951 2.99725
7.94606 0.171539 3.0146
7.87171 0.180704 3.0233
7.75137 0.193424 3.04927
7.63261 0.20235 3.08387
7.51167 0.206719 3.12709
7.43099 0.207191 -3.13877
7.30999 0.205278 -3.1128
7.18908 0.200222 -3.08682
7.10667 0.194631 -3.06088
6.98432 0.1826 -3.02627
6.86246 0.166344 -2.99167
6.73745 0.145242 -2.95707
6.65646 0.129035 -2.93112
6.53346 0.0982815 -2.86203
6.40723 0.0578741 -2.80156
6.32306 0.0252044 -2.74112
6.20311 -0.0311708 -2.6634
6.08455 -0.0985879 -2.58568
6.00891 -0.147877 -2.54249
5.90055 -0.227492 -2.47339
5.7961 -0.315191 -2.41291
5.73005 -0.37675 -2.36972
5.63348 -0.475752 -2.31786
5.54044 -0.580669 -2.27462
5.45129 -0.691387 -2.22276
5.39663 -0.765634 -2.18819
5.31794 -0.881701 -2.14495
5.24385 -1.00302 -2.09309
5.17616 -1.12801 -2.04123
5.13411 -1.21436 -2.00665
5.0779 -1.34073 -1.97203
5.02336 -1.47408 -1.94603
4.99001 -1.56209 -1.92008
4.945 -1.69083 -1.89409
4.90219 -1.82436 -1.86809
4.86393 -1.95527 -1.8421
4.84012 -2.04236 -1.83339
4.80643 -2.17451 -1.8074
4.77704 -2.30375 -1.78141
4.76008 -2.38655 -1.76409
4.73611 -2.51496 -1.74672
4.71523 -2.64195 -1.72074
4.70333 -2.72563 -1.70342
4.68797 -2.85341 -1.67743
4.67483 -2.98144 -1.66869
4.66317 -3.10575 -1.65995
4.65638 -3.18999 -1.64263
4.64796 -3.31457 -1.63389
4.64127 -3.43732 -1.61653
4.63786 -3.51985 -1.60783
4.6339 -3.6408 -1.5991
4.6311 -3.75794 -1.59036
4.6298 -3.87703 -1.57301
4.62963 -3.9577 -1.57293
4.62989 -4.07488 -1.5642
4.63117 -4.19205 -1.55547
4.63294 -4.30728 -1.55536
4.63526 -4.42444 -1.54663
4.63778 -4.50123 -1.52932
4.64273 -4.62022 -1.5292
4.64753 -4.73537 -1.5291
4.65115 -4.81405 -1.5204
4.65697 -4.92915 -1.52029
4.66279 -5.04426 -1.52018
4.66923 -5.16125 -1.51145
4.67379 -5.23795 -1.51138
4.68064 -5.353 -1.51127
4.68727 -5.46422 -1.51117
4.69142 -5.53902 -1.51972
4.69654 -5.64838 -1.52824
4.70073 -5.75779 -1.53676
4.70322 -5.83074 -1.53669
4.7066 -5.94402 -1.5452
4.70894 -6.05349 -1.55372
4.70985 -6.16105 -1.57087
4.70893 -6.23212 -1.59666
4.70586 -6.33388 -1.60519
4.70105 -6.43557 -1.63096
4.69672 -6.50266 -1.63952
4.68871 -6.60608 -1.65666
4.67868 -6.70739 -1.68243
4.66624 -6.81036 -1.69958
4.65732 -6.877 -1.70814
4.64295 -6.97779 -1.71666
4.62699 -7.08028 -1.73381
4.61516 -7.15036 -1.74236
4.59735 -7.2506 -1.75089
4.57888 -7.35462 -1.74217
4.56054 -7.46061 -1.74207
4.54876 -7.52875 -1.742
4.5309 -7.64067 -1.71603
4.5162 -7.75498 -1.68144
4.50837 -7.83142 -1.66412
4.49831 -7.95009 -1.64677
4.4903 -8.06891 -1.62941
4.48435 -8.18786 -1.61206
4.48145 -8.26656 -1.60336
4.47757 -8.38559 -1.60325
4.47428 -8.50272 -1.59452
4.47237 -8.58337 -1.59444
4.46809 -8.70047 -1.6202
4.4608 -8.81741 -1.64595
4.45405 -8.89781 -1.66312
4.44104 -9.01619 -1.69749
4.42396 -9.13405 -1.73187
4.40321 -9.25522 -1.749
4.38892 -9.33267 -1.75754
4.36594 -9.45148 -1.76605
4.34298 -9.5703 -1.75732
4.32802 -9.64958 -1.75724
4.30542 -9.77237 -1.7485
4.28454 -9.89157 -1.73977
4.26388 -10.0128 -1.73965
4.25101 -10.0924 -1.72233
4.23296 -10.2179 -1.70497
4.21786 -10.3418 -1.67899
4.20947 -10.4259 -1.66167
4.19975 -10.5504 -1.63569
4.19263 -10.677 -1.61832
4.1888 -10.8037 -1.58372
4.18844 -10.8882 -1.5664
4.18953 -11.0131 -1.55766
4.1928 -11.1379 -1.53168
4.1961 -11.2224 -1.5316
4.20199 -11.3451 -1.51424
4.20959 -11.4698 -1.5055
4.21511 -11.5541 -1.50542
4.22449 -11.6805 -1.48806
4.23428 -11.805 -1.49656
4.24301 -11.9296 -1.50507
4.24879 -12.012 -1.49637
4.25755 -12.1365 -1.50487
4.26524 -12.2611 -1.51338
4.26988 -12.3417 -1.5133
4.2757 -12.4606 -1.53043
4.28007 -12.5816 -1.53894
4.2833 -12.6987 -1.54745
4.28481 -12.7774 -1.556
4.28657 -12.8965 -1.55589
4.28782 -13.0137 -1.5644
4.28834 -13.0944 -1.56432
4.28912 -13.2134 -1.56421
4.2904 -13.3306 -1.55548
4.29223 -13.4497 -1.55537
4.29379 -13.5284 -1.54667
4.29702 -13.6417 -1.53795
4.30094 -13.7607 -1.53783
4.30347 -13.8375 -1.53776
4.30741 -13.9566 -1.53765
4.31137 -14.0756 -1.53754
4.31533 -14.1946 -1.53743
4.31762 -14.2734 -1.54597
4.32003 -14.3905 -1.55449
4.32198 -14.5096 -1.55437
4.32294 -14.5883 -1.56292
4.32336 -14.7055 -1.57143
4.3233 -14.8208 -1.57133
4.32326 -14.8976 -1.57125
4.3217 -15.0148 -1.59701
4.31914 -15.1319 -1.58828
4.31659 -15.249 -1.59679
4.31488 -15.3278 -1.58809
4.31386 -15.4469 -1.57074
4.31438 -15.564 -1.56201
4.31541 -15.6428 -1.55331
4.31853 -15.7618 -1.53596
4.32371 -15.8808 -1.5186
4.32816 -15.9595 -1.50991
4.33681 -16.0763 -1.48393
4.34715 -16.195 -1.48382
4.35783 -16.3116 -1.47509
4.36503 -16.3901 -1.48364
4.37573 -16.5068 -1.4749
4.38612 -16.6254 -1.49204
4.39266 -16.7039 -1.48334
4.40204 -16.8226 -1.50047
4.40724 -16.9012 -1.50902
4.41436 -17.0162 -1.50891
4.42051 -17.1313 -1.52605
4.42482 -17.2503 -1.54318
4.42701 -17.3656 -1.56031
4.42716 -17.4424 -1.57748
4.4254 -17.5576 -1.59462
4.42266 -17.6728 -1.59451
4.41938 -17.79 -1.60302
4.41691 -17.8668 -1.60295
4.41309 -17.9858 -1.60284
4.40898 -18.0991 -1.61135
4.40586 -18.1758 -1.61128
4.4012 -18.291 -1.61117
4.39615 -18.4042 -1.61969
4.39052 -18.5193 -1.61958
4.38678 -18.5961 -1.61951
4.38078 -18.7092 -1.62802
4.3732 -18.8242 -1.64516
4.36796 -18.899 -1.63647
4.36004 -19.012 -1.64498
4.35086 -19.1288 -1.65349
4.34469 -19.2074 -1.6448
4.33618 -19.3223 -1.64469
4.33033 -19.397 -1.65324
4.3185 -19.5483 -1.64448
4.31284 -19.6249 -1.6444
4.30409 -19.7437 -1.64429
4.29573 -19.8644 -1.63556
4.29074 -19.9468 -1.62686
4.28598 -20.0697 -1.59226
4.28764 -20.1965 -1.52317
4.29836 -20.3266 -1.45407
4.31092 -20.4141 -1.40226
4.33742 -20.54 -1.32454
4.37362 -20.6655 -1.25545
4.40319 -20.7488 -1.20364
4.45403 -20.8671 -1.12592
4.51428 -20.983 -1.05683
4.55839 -21.0573 -1.01364
4.62911 -21.1625 -0.944549
4.70927 -21.2656 -0.875454
4.79637 -21.363 -0.806359
4.85643 -21.4225 -0.754551
4.95246 -21.5052 -0.668216
5.05839 -21.5817 -0.581879
5.16858 -21.6482 -0.504165
5.24549 -21.6876 -0.443733
5.36224 -21.7371 -0.357398
5.47883 -21.7761 -0.28831
5.56046 -21.798 -0.236502
5.68444 -21.8245 -0.184654
5.80764 -21.8448 -0.141429
5.88956 -21.8553 -0.115487
6.01179 -21.8684 -0.0981289
6.13433 -21.8784 -0.0635278
6.25708 -21.8851 -0.0461694
6.33767 -21.8888 -0.0460935
6.45862 -21.8928 -0.0201155
6.57578 -21.8947 -0.0113842
6.65261 -21.8956 -0.0113119
6.76786 -21.8959 0.00603909
6.88311 -21.8952 0.00614722
6.95995 -21.8947 0.0062193
7.0752 -21.894 0.00632743
7.18853 -21.8937 -0.00218793
7.30378 -21.895 -0.0193228
7.37867 -21.8967 -0.0278739
7.49004 -21.8998 -0.0277697
7.56298 -21.9025 -0.0449441
7.67423 -21.9084 -0.0620825
7.78159 -21.9151 -0.0619816
7.88889 -21.9227 -0.0791239
7.99605 -21.9321 -0.0962659
8.0687 -21.9391 -0.0961974
8.17568 -21.9504 -0.11334
8.28442 -21.9632 -0.121858
8.35687 -21.9721 -0.12179
8.46168 -21.9854 -0.130312
8.56637 -21.9995 -0.138835
8.67106 -22.0137 -0.130114
8.74149 -22.0232 -0.138669
8.84423 -22.0376 -0.138572
8.94696 -22.0519 -0.138474
9.01545 -22.0614 -0.138409
9.12003 -22.0765 -0.146932
9.22644 -22.0922 -0.146831
9.33665 -22.1085 -0.146726
9.40886 -22.1192 -0.146658
9.52302 -22.135 -0.129306
9.6394 -22.1486 -0.103332
9.71583 -22.1565 -0.10326
9.83448 -22.1668 -0.0686622
9.94958 -22.1727 -0.0340676
10.0667 -22.1741 0.00914957
10.1474 -22.1727 0.0264683
10.2683 -22.1669 0.0696895
10.3888 -22.1559 0.112911
10.4746 -22.145 0.138856
10.5976 -22.124 0.199324
10.725 -22.0948 0.251176
10.8486 -22.0591 0.311648
10.9303 -22.0308 0.354837
11.0547 -21.9797 0.423934
11.1738 -21.9216 0.484409
11.2509 -21.8784 0.536222
11.3595 -21.8094 0.596693
11.4668 -21.7316 0.657168
11.5693 -21.6475 0.717643
11.6365 -21.5873 0.743592
11.7359 -21.491 0.795451
11.8275 -21.3926 0.847306
11.8873 -21.3224 0.88188
11.9738 -21.2097 0.950985
12.0502 -21.0944 1.02009
12.1204 -20.9707 1.08919
12.1617 -20.8883 1.12377
12.2171 -20.7616 1.19287
12.2649 -20.6298 1.25335
12.2921 -20.5417 1.28792
12.3284 -20.4062 1.33116
12.3587 -20.2693 1.3744
12.3824 -20.135 1.41764
12.3949 -20.0436 1.45221
12.4089 -19.906 1.48682
12.4178 -19.7719 1.52144
12.4214 -19.6836 1.53876
12.4234 -19.5491 1.57337
12.4213 -19.4166 1.59936
12.4158 -19.2842 1.62535
12.4108 -19.1979 1.63405
12.4022 -19.0637 1.63418
12.394 -18.9334 1.6343
12.3886 -18.849 1.63438
12.3803 -18.7186 1.63451
12.3733 -18.5921 1.61738
12.3698 -18.5095 1.60884
12.3655 -18.3809 1.60034
12.3623 -18.2561 1.59183
12.3607 -18.1293 1.57471
12.3604 -18.0448 1.57479
12.3609 -17.9219 1.55766
12.3631 -17.797 1.54915
12.3668 -17.6742 1.53203
12.37 -17.5935 1.5321
12.3747 -17.4707 1.53222
12.3799 -17.3498 1.52371
12.3835 -17.273 1.52378
12.3885 -17.156 1.53251
12.3929 -17.0408 1.53262
12.3954 -16.9659 1.54131
12.3988 -16.8507 1.54142
12.4017 -16.7374 1.55015
12.4049 -16.6261 1.53301
12.4085 -16.5493 1.51584
12.4152 -16.4362 1.50733
12.4229 -16.3231 1.49881
12.4286 -16.2484 1.49026
12.4378 -16.1393 1.48174
12.4477 -16.0341 1.47322
12.4549 -15.9634 1.46466
12.4663 -15.8565 1.46476
12.4777 -15.7495 1.46486
12.4893 -15.6445 1.45634
12.4976 -15.572 1.45641
12.5101 -15.4671 1.44789
12.524 -15.3585 1.43937
12.5336 -15.2861 1.43944
12.5477 -15.1795 1.43954
12.5615 -15.0709 1.44826
12.5744 -14.9621 1.45699
12.5821 -14.8895 1.4743
12.5922 -14.7805 1.48302
12.6016 -14.6734 1.48312
12.6078 -14.5987 1.49182
12.6163 -14.4915 1.49192
12.6245 -14.3823 1.50064
12.6323 -14.2711 1.50075
12.6374 -14.1983 1.50081
12.6461 -14.0873 1.48368
12.6555 -13.9743 1.4924
12.6615 -13.8977 1.49248
12.6699 -13.7847 1.5012
12.6781 -13.6659 1.50131
12.6868 -13.549 1.4928
12.6926 -13.4705 1.5015
12.7015 -13.3498 1.49299
12.7107 -13.2311 1.4931
12.7167 -13.1545 1.49317
12.7255 -13.0338 1.50191
12.7337 -12.915 1.50202
12.7419 -12.7962 1.50213
12.747 -12.7176 1.51083
12.7531 -12.5986 1.52818
12.7575 -12.4815 1.53691
12.7599 -12.4028 1.54561
12.7628 -12.2876 1.54572
12.7656 -12.1724 1.54583
12.7685 -12.0572 1.54593
12.7707 -11.9823 1.53738
12.7747 -11.8633 1.53749
12.7786 -11.7442 1.53761
12.7812 -11.6674 1.53768
12.7847 -11.5465 1.54641
12.7876 -11.4274 1.54653
12.7899 -11.3103 1.55526
12.7908 -11.2315 1.56395
12.7911 -11.1105 1.57269
12.7904 -10.9972 1.58142
12.7892 -10.9184 1.59011
12.7858 -10.7994 1.60747
12.7798 -10.6785 1.63344
12.77 -10.556 1.66805
12.7616 -10.4738 1.67674
12.7463 -10.3537 1.71997
12.7252 -10.2287 1.75457
12.7083 -10.1439 1.78052
12.6789 -10.0167 1.81512
12.6462 -9.89421 1.84973
12.6102 -9.77464 1.87571
12.5844 -9.69618 1.90165
12.5423 -9.57863 1.92764
12.496 -9.46062 1.96224
12.4641 -9.38441 1.97094
12.4137 -9.26807 1.9883
12.3629 -9.15613 2.00566
12.3283 -9.08326 2.02298
12.2732 -8.97119 2.03172
12.2167 -8.86205 2.06632
12.1573 -8.75441 2.08368
12.1164 -8.68262 2.09238
12.0528 -8.57518 2.11836
11.9879 -8.47077 2.13572
11.9206 -8.36561 2.14445
11.8762 -8.29823 2.16177
11.809 -8.19991 2.17913
11.7379 -8.09964 2.19649
11.6901 -8.03466 2.21381
11.6154 -7.9394 2.25703
11.5351 -7.84634 2.30887
11.4782 -7.78645 2.35206
11.3877 -7.70049 2.41252
11.2921 -7.62017 2.47299
11.1918 -7.54577 2.53346
11.1212 -7.49929 2.58527
11.0138 -7.43566 2.62849
10.9017 -7.37631 2.68034
10.8254 -7.34001 2.71491
10.7091 -7.28955 2.74951
10.5872 -7.24278 2.80136
10.4666 -7.20358 2.85321
10.3834 -7.18008 2.87916
10.2601 -7.15037 2.931
10.1355 -7.12709 2.98285
10.008 -7.1095 3.02608
9.92392 -7.10121 3.06065
9.79739 -7.09315 3.09525
9.66683 -7.08936 3.12986
9.58039 -7.08946 -3.12738
9.44983 -7.09358 -3.09277
9.3195 -7.10221 -3.05816
9.2354 -7.11071 -3.0236
9.10613 -7.12944 -2.97174
8.97978 -7.15393 -2.92852
8.89571 -7.17403 -2.88533
8.77226 -7.2104 -2.82486
8.64923 -7.25429 -2.773
8.53219 -7.30302 -2.72116
8.45564 -7.33885 -2.68659
8.34273 -7.39653 -2.65199
8.23332 -7.45667 -2.626
8.15979 -7.49834 -2.62593
8.04756 -7.56133 -2.63443
7.94103 -7.61874 -2.66018
7.86733 -7.65604 -2.68596
7.76103 -7.70532 -2.72896
7.65271 -7.74999 -2.77196
7.54256 -7.78997 -2.81496
7.46938 -7.81336 -2.84937
7.36018 -7.84367 -2.89237
7.24977 -7.86925 -2.93537
7.14035 -7.89019 -2.96976
7.06833 -7.90205 -2.98693
6.96362 -7.91608 -3.02994
6.86044 -7.92675 -3.04708
6.78966 -7.93316 -3.05564
6.68624 -7.94117 -3.07278
6.58659 -7.94805 -3.07269
6.48695 -7.95493 -3.0726
6.41796 -7.9597 -3.07253
6.31837 -7.96745 -3.0552
6.21894 -7.97693 -3.03786
6.15022 -7.98469 -3.02055
6.05129 -7.99846 -2.98597
5.94926 -8.01719 -2.93414
5.84856 -8.04205 -2.86508
5.78237 -8.06207 -2.83052
5.71882 -8.08403 -2.78735
5.58975 -8.13886 -2.69239
5.52669 -8.17164 -2.63197
5.43277 -8.22792 -2.57151
5.37236 -8.2689 -2.51972
5.28228 -8.33768 -2.45926
5.19361 -8.41428 -2.3988
5.10872 -8.49781 -2.32972
5.02646 -8.58918 -2.27787
4.97324 -8.65484 -2.22606
4.89794 -8.75921 -2.16559
4.82852 -8.86986 -2.0965
4.78677 -8.94555 -2.05331
4.72717 -9.06822 -1.99283
4.67656 -9.19072 -1.93235
4.63227 -9.31768 -1.8805
4.60569 -9.40597 -1.84593
4.57253 -9.53628 -1.79407
4.54541 -9.67191 -1.74221
4.53047 -9.76289 -1.72488
4.51296 -9.89427 -1.68165
4.5004 -10.0281 -1.64704
4.49444 -10.1163 -1.62971
4.489 -10.2468 -1.5951
4.48755 -10.3755 -1.56912
4.48886 -10.5023 -1.55176
4.49079 -10.5849 -1.54306
4.49541 -10.7115 -1.52569
4.50139 -10.8324 -1.51696
4.50574 -10.913 -1.51688
4.51174 -11.0338 -1.52539
4.51716 -11.1528 -1.52528
4.52065 -11.2296 -1.52521
4.52506 -11.3486 -1.54234
4.52781 -11.4619 -1.55086
4.52958 -11.5752 -1.55937
4.53046 -11.652 -1.5593
4.53078 -11.7596 -1.57644
4.52919 -11.871 -1.59358
4.52753 -11.944 -1.59351
4.52417 -12.0515 -1.61065
4.51934 -12.1609 -1.61917
4.51322 -12.2683 -1.63631
4.50869 -12.3373 -1.63625
4.50133 -12.4427 -1.64477
4.49308 -12.548 -1.65329
4.48738 -12.6169 -1.65323
4.47857 -12.7183 -1.66175
4.46943 -12.8236 -1.65303
4.46063 -12.925 -1.66156
4.45437 -12.9939 -1.66149
4.44498 -13.0972 -1.6614
4.43497 -13.2023 -1.66992
4.42813 -13.2711 -1.66985
4.41814 -13.3763 -1.66113
4.40844 -13.4835 -1.66103
4.39875 -13.5906 -1.66093
4.39266 -13.6614 -1.65224
4.38423 -13.7706 -1.64352
4.37642 -13.8778 -1.64342
4.37157 -13.9488 -1.63473
4.36528 -14.0542 -1.62601
4.35877 -14.1635 -1.63453
4.35193 -14.2709 -1.63443
4.34729 -14.3437 -1.63436
4.34081 -14.453 -1.62564
4.33434 -14.5623 -1.63415
4.33035 -14.6352 -1.61684
4.32633 -14.7427 -1.5995
4.32367 -14.8521 -1.59077
4.32256 -14.9232 -1.58209
4.32183 -15.0289 -1.57337
4.32201 -15.1345 -1.56465
4.32313 -15.2401 -1.55592
4.32421 -15.3131 -1.55586
4.32534 -15.4188 -1.56438
4.32557 -15.5244 -1.5729
4.32542 -15.5974 -1.57283
4.32424 -15.7088 -1.58997
4.32167 -15.8183 -1.59849
4.31965 -15.8912 -1.59842
4.31658 -16.0026 -1.59832
4.3131 -16.112 -1.60684
4.30909 -16.2234 -1.60673
4.30647 -16.2963 -1.60666
4.30193 -16.4096 -1.61518
4.29699 -16.5209 -1.61507
4.29359 -16.5976 -1.615
4.28792 -16.7147 -1.62351
4.28146 -16.8278 -1.63203
4.2748 -16.9448 -1.6233
4.27033 -17.0234 -1.63184
4.2637 -17.1404 -1.62311
4.25768 -17.2555 -1.623
4.25347 -17.3361 -1.62293
4.24708 -17.4492 -1.63144
4.23948 -17.5661 -1.63996
4.23053 -17.6811 -1.65709
4.22391 -17.7576 -1.65702
4.21399 -17.8724 -1.65691
4.2031 -17.9872 -1.67405
4.19518 -18.0636 -1.67397
4.18332 -18.1782 -1.67386
4.17147 -18.2929 -1.67376
4.16423 -18.3694 -1.65644
4.15472 -18.4862 -1.64771
4.14686 -18.6011 -1.63036
4.14229 -18.6778 -1.63029
4.13643 -18.7929 -1.61294
4.13142 -18.9119 -1.61282
4.12701 -19.029 -1.60409
4.12473 -19.1077 -1.5954
4.12236 -19.2249 -1.58667
4.12153 -19.3401 -1.56931
4.12224 -19.4612 -1.56058
4.12376 -19.5418 -1.54326
4.12867 -19.6627 -1.51728
4.13671 -19.7835 -1.4913
4.14381 -19.8639 -1.47399
4.15707 -19.9841 -1.44801
4.17424 -20.1059 -1.41341
4.18821 -20.1892 -1.39608
4.21347 -20.3135 -1.34424
4.24519 -20.4342 -1.28377
4.28534 -20.5565 -1.2233
4.31722 -20.6369 -1.16286
4.37517 -20.7539 -1.05928
4.44547 -20.8663 -0.964323
4.52538 -20.9696 -0.860742
4.58368 -21.0334 -0.80031
4.68141 -21.1258 -0.713968
4.78488 -21.2086 -0.63625
4.8555 -21.2585 -0.593062
4.96891 -21.3307 -0.541206
5.08396 -21.3965 -0.497974
5.20319 -21.4587 -0.463362
5.28257 -21.4975 -0.446036
5.40137 -21.5518 -0.411428
5.51999 -21.6017 -0.385443
5.63986 -21.6486 -0.359457
5.71924 -21.6776 -0.342135
5.84303 -21.7193 -0.307526
5.96419 -21.7566 -0.290164
6.04712 -21.781 -0.281461
6.17121 -21.8151 -0.255476
6.29042 -21.8452 -0.238118
6.36898 -21.8635 -0.220799
6.49116 -21.8893 -0.194817
6.61197 -21.912 -0.177459
6.73316 -21.9327 -0.160101
6.81476 -21.9455 -0.151402
6.93264 -21.9624 -0.134047
7.05264 -21.9781 -0.125312
7.13269 -21.9882 -0.125236
7.25269 -22.0038 -0.133744
7.37072 -22.0197 -0.133633
7.44873 -22.0305 -0.14218
7.56465 -22.0476 -0.150692
7.68041 -22.0657 -0.159203
7.75812 -22.0785 -0.167751
7.87159 -22.0987 -0.184886
7.9829 -22.12 -0.193401
8.09779 -22.143 -0.201913
8.20872 -22.1662 -0.210428
8.28386 -22.1823 -0.210356
8.39657 -22.2063 -0.210248
8.50929 -22.2304 -0.210139
8.58638 -22.2465 -0.201444
8.70148 -22.2684 -0.175469
8.81712 -22.2874 -0.149495
8.89514 -22.2981 -0.123556
9.01356 -22.3107 -0.0889586
9.13228 -22.3203 -0.0716036
9.2493 -22.3261 -0.0283864
9.32611 -22.3283 -0.0283143
9.44134 -22.3306 -0.0109631
9.55467 -22.3313 -0.0022353
9.6315 -22.3322 -0.0194065
9.74477 -22.3358 -0.0451645
9.85602 -22.3418 -0.062303
9.97098 -22.35 -0.0794381
10.0456 -22.3562 -0.0879891
10.1586 -22.3657 -0.0792612
10.2735 -22.3738 -0.0619102
10.3541 -22.3781 -0.0445914
10.4713 -22.3798 0.0158692
10.594 -22.3736 0.0849567
10.7198 -22.3574 0.171292
10.8045 -22.3401 0.231723
10.9285 -22.3057 0.309438
11.0527 -22.2594 0.404399
11.1724 -22.2026 0.482117
11.2496 -22.1596 0.533929
11.361 -22.0877 0.611646
11.4665 -22.0075 0.689365
11.5332 -21.9495 0.741177
11.6274 -21.8563 0.818895
11.7158 -21.755 0.887993
11.7963 -21.6497 0.948469
11.8473 -21.5752 0.99166
11.916 -21.464 1.04351
11.982 -21.3447 1.08675
12.0218 -21.2658 1.12132
12.0768 -21.1452 1.16455
12.1265 -21.0224 1.20778
12.1575 -20.9376 1.23373
12.1975 -20.8132 1.28558
12.232 -20.6852 1.32881
12.261 -20.5559 1.37205
12.2769 -20.471 1.39799
12.2969 -20.3399 1.44122
12.3115 -20.2101 1.47583
12.3188 -20.1259 1.49315
12.3278 -19.9956 1.51052
12.3339 -19.8671 1.53651
12.3378 -19.7384 1.54525
12.3395 -19.6558 1.55395
12.3411 -19.531 1.56269
12.3415 -19.4061 1.57142
12.3415 -19.3216 1.5715
12.3408 -19.1968 1.58024
12.3396 -19.07 1.58036
12.3379 -18.9451 1.5891
12.3371 -18.8645 1.57193
12.3375 -18.7396 1.56343
12.3389 -18.6186 1.55492
12.3424 -18.4976 1.52917
12.3457 -18.417 1.52924
12.3519 -18.2943 1.51212
12.3599 -18.1754 1.49499
12.366 -18.095 1.49506
12.3754 -17.9782 1.48655
12.3864 -17.8596 1.46942
12.3947 -17.7813 1.46087
12.4071 -17.6648 1.4696
12.4197 -17.5502 1.45247
12.434 -17.4339 1.44396
12.4432 -17.3596 1.45265
12.4568 -17.2451 1.45276
12.4696 -17.1325 1.46148
12.4769 -17.0599 1.47879
12.4869 -16.947 1.48752
12.4952 -16.8359 1.50487
12.4998 -16.7611 1.51356
12.5048 -16.6479 1.53953
12.5078 -16.5346 1.54826
12.5099 -16.4213 1.55699
12.5113 -16.3464 1.54844
12.5137 -16.235 1.54854
12.5167 -16.1217 1.54003
12.5202 -16.0104 1.54013
12.5225 -15.9336 1.5402
12.5259 -15.8222 1.54031
12.5283 -15.7454 1.54038
12.5322 -15.6321 1.53186
12.5371 -15.5189 1.52335
12.5429 -15.4057 1.51483
12.5498 -15.2926 1.50632
12.5547 -15.2159 1.50639
12.5625 -15.1029 1.49788
12.5715 -14.986 1.48936
12.5779 -14.9114 1.48081
12.5883 -14.7966 1.48092
12.599 -14.678 1.48103
12.6058 -14.6015 1.4811
12.6158 -14.4847 1.48984
12.6251 -14.3698 1.48994
12.6341 -14.253 1.49868
12.6401 -14.1745 1.49013
12.6497 -14.0558 1.49024
12.6589 -13.9351 1.49898
12.6681 -13.8145 1.49047
12.6746 -13.734 1.49054
12.6847 -13.6077 1.49066
12.6949 -13.4813 1.49078
12.7016 -13.397 1.49086
12.7107 -13.2706 1.50822
12.719 -13.146 1.49972
12.7245 -13.0636 1.50842
12.7315 -12.9428 1.51715
12.7387 -12.8181 1.50865
12.7435 -12.7357 1.51735
12.7499 -12.6168 1.51746
12.7568 -12.4959 1.50895
12.7642 -12.3771 1.50906
12.7719 -12.2602 1.50055
12.7776 -12.1797 1.50063
12.7859 -12.0609 1.50074
12.7936 -11.944 1.50947
12.7988 -11.8654 1.50092
12.8071 -11.7466 1.50103
12.815 -11.6258 1.50977
12.8199 -11.5453 1.50984
12.8268 -11.4245 1.51858
12.8319 -11.3055 1.53593
12.8347 -11.2248 1.53601
12.838 -11.102 1.55337
12.8395 -10.9809 1.5621
12.8395 -10.858 1.57946
12.8385 -10.7754 1.58816
12.8354 -10.6564 1.60551
12.8311 -10.5335 1.60563
12.8276 -10.4529 1.62295
12.8201 -10.3302 1.64031
12.8095 -10.2019 1.66629
12.796 -10.0778 1.69227
12.7855 -9.99781 1.70959
12.7658 -9.87257 1.7442
12.7409 -9.74631 1.78743
12.7095 -9.61951 1.83928
12.6855 -9.53647 1.86522
12.6443 -9.4125 1.91708
12.5954 -9.28724 1.96893
12.5594 -9.20448 1.99488
12.4978 -9.07848 2.05536
12.4317 -8.9592 2.0986
12.3819 -8.87707 2.13317
12.3036 -8.76076 2.19366
12.216 -8.64633 2.25414
12.1183 -8.53535 2.33188
12.0502 -8.46754 2.38369
11.94 -8.37186 2.47005
11.8615 -8.31325 2.53049
11.7384 -8.23472 2.61684
11.6096 -8.16599 2.68595
11.4779 -8.10767 2.76368
11.3841 -8.07323 2.8155
11.2443 -8.03127 2.88461
11.1001 -7.99802 2.9451
11.0056 -7.9809 2.97968
10.8628 -7.96199 3.04016
10.7191 -7.95174 3.10065
10.577 -7.94961 -3.13067
10.4848 -7.95221 -3.0961
10.3487 -7.96135 -3.05287
10.2132 -7.97637 -3.00963
10.1257 -7.98875 -2.9923
9.9949 -8.01017 -2.96632
9.86449 -8.03385 -2.95757
9.73629 -8.05887 -2.9402
9.64971 -8.07655 -2.94012
9.52373 -8.10285 -2.93138
9.39974 -8.12931 -2.93126
9.31889 -8.14621 -2.9398
9.19845 -8.17086 -2.93969
9.0798 -8.19462 -2.9482
8.96094 -8.21738 -2.9567
8.88346 -8.23152 -2.96525
8.76604 -8.25141 -2.98238
8.6521 -8.26871 -2.99952
8.57409 -8.27952 -3.00807
8.46355 -8.29341 -3.02521
8.38716 -8.30168 -3.04238
8.24177 -8.31489 -3.05948
8.16898 -8.32026 -3.07666
8.06352 -8.32666 -3.08518
7.95991 -8.33162 -3.10232
7.8908 -8.33374 -3.1195
7.78901 -8.33556 -3.12803
7.6872 -8.33651 -3.13655
7.58732 -8.33615 3.12948
7.5201 -8.33505 3.12092
7.42217 -8.33261 3.11239
7.32426 -8.32933 3.10386
7.25902 -8.32631 3.08668
7.16122 -8.32051 3.07815
7.06732 -8.31414 3.06962
6.97354 -8.30617 3.04384
6.91048 -8.29971 3.03528
6.81702 -8.28852 3.0095
6.72401 -8.27412 2.96648
6.66184 -8.26173 2.92344
6.56865 -8.23853 2.8718
6.48068 -8.21091 2.80291
6.42307 -8.1895 2.76848
6.3365 -8.15256 2.70822
6.25385 -8.1117 2.65658
6.19997 -8.08211 2.62215
6.12299 -8.03496 2.56188
6.04718 -7.98248 2.51024
5.97594 -7.92702 2.44998
5.92928 -7.88701 2.41555
5.86361 -7.82506 2.35528
5.80018 -7.75815 2.30364
5.7409 -7.68754 2.23475
5.70386 -7.63848 2.20032
5.65076 -7.56077 2.14006
5.60508 -7.4829 2.06255
5.577 -7.42823 2.02812
5.53959 -7.34606 1.96786
5.50754 -7.26372 1.91621
5.48823 -7.20537 1.86454
5.46484 -7.12016 1.81289
5.44505 -7.03011 1.76125
5.42916 -6.93929 1.72685
5.42066 -6.88036 1.70104
5.4107 -6.79256 1.66664
5.40321 -6.70259 1.64086
5.39944 -6.64124 1.62368
5.39476 -6.553 1.62376
5.39008 -6.46477 1.62384
5.38568 -6.37459 1.6153
5.38295 -6.31319 1.61536
5.37804 -6.22112 1.63269
5.37313 -6.12904 1.61553
5.37038 -6.06764 1.61559
5.36625 -5.96592 1.60707
5.36348 -5.86607 1.58992
5.36249 -5.79885 1.58136
5.36182 -5.6932 1.57284
5.36205 -5.5914 1.56431
5.36361 -5.48768 1.54716
5.36584 -5.41856 1.52999
5.3706 -5.31303 1.52146
5.37646 -5.20369 1.51295
5.38111 -5.12892 1.50439
5.38974 -5.014 1.48726
5.39936 -4.89914 1.48737
5.40927 -4.78046 1.48748
5.41616 -4.70201 1.47893
5.42674 -4.58146 1.48767
5.43596 -4.46465 1.4964
5.44195 -4.38419 1.49647
5.44987 -4.27114 1.5052
5.45778 -4.15808 1.49669
5.46631 -4.04315 1.49679
5.4717 -3.97035 1.49686
5.48056 -3.85737 1.48835
5.49004 -3.74251 1.48846
5.49604 -3.66976 1.48852
5.50584 -3.55685 1.48001
5.51593 -3.4459 1.48011
5.5257 -3.33299 1.48884
5.53151 -3.2583 1.49753
5.53994 -3.14336 1.49764
5.5478 -3.03608 1.49774
5.55312 -2.96328 1.49781
5.56124 -2.85216 1.49792
5.56935 -2.74105 1.49802
5.57465 -2.66825 1.49809
5.58337 -2.55525 1.48957
5.59209 -2.44804 1.48967
5.60111 -2.33699 1.48978
5.60749 -2.26235 1.48123
5.61745 -2.15138 1.48133
5.62836 -2.04051 1.46419
5.64047 -1.93169 1.45567
5.64948 -1.85926 1.4385
5.66532 -1.75092 1.41274
5.68499 -1.64517 1.36111
5.70067 -1.57585 1.33531
5.72753 -1.47367 1.2923
5.75962 -1.37302 1.23205
5.78371 -1.3082 1.19763
5.82517 -1.21103 1.13738
5.87069 -1.11997 1.07712
5.92102 -1.0337 1.00825
5.9581 -0.977615 0.9652
6.01545 -0.900583 0.896318
6.07955 -0.8265 0.818817
6.12383 -0.781149 0.775769
6.19637 -0.715311 0.698266
6.27075 -0.657641 0.620761
6.35075 -0.604501 0.551879
6.40543 -0.572438 0.50883
6.48934 -0.529806 0.431326
6.57437 -0.494167 0.362439
6.66166 -0.464466 0.293554
6.71901 -0.448467 0.250503
6.80532 -0.429525 0.181613
6.89456 -0.415902 0.121347
6.95569 -0.409512 0.0869185
7.04384 -0.403357 0.0525155
7.13401 -0.399003 0.0439789
7.19733 -0.395942 0.0526598
7.29319 -0.390055 0.0699934
7.3888 -0.380858 0.121812
7.48772 -0.367008 0.156392
7.55583 -0.355059 0.190943
7.65356 -0.334409 0.225523
7.75249 -0.310357 0.251483
7.82125 -0.292373 0.260171
7.9252 -0.264696 0.260272
8.0274 -0.237943 0.251749
8.1318 -0.212042 0.234607
8.20113 -0.196414 0.20881
8.30279 -0.175782 0.191664
8.40297 -0.157679 0.165895
8.47127 -0.146846 0.148717
8.57017 -0.132893 0.131567
8.66735 -0.120456 0.123037
8.73223 -0.112998 0.105856
8.82969 -0.103063 0.0973261
8.9234 -0.0943162 0.0887928
9.01531 -0.0869283 0.0716365
9.07665 -0.0830557 0.054451
9.16682 -0.0785271 0.0459141
9.25512 -0.0752291 0.0287541
9.31465 -0.073772 0.0201883
9.403 -0.0727463 0.00302812
9.49136 -0.0732369 -0.0141319
9.57971 -0.0744819 -0.0140493
9.63923 -0.0760867 -0.0398578
9.73133 -0.0805508 -0.0570146
9.82327 -0.0873871 -0.0914138
9.88637 -0.0934438 -0.0999759
9.98176 -0.104672 -0.134372
10.0787 -0.119046 -0.160145
10.1791 -0.135708 -0.168671
10.2453 -0.147278 -0.177229
10.351 -0.167149 -0.194371
10.4546 -0.187996 -0.202894
10.5261 -0.202702 -0.202825
10.6333 -0.225214 -0.211344
10.7384 -0.247774 -0.211243
10.8491 -0.272008 -0.219758
10.9204 -0.287918 -0.21969
11.0311 -0.312133 -0.210962
11.142 -0.335381 -0.202234
11.2174 -0.350162 -0.184919
11.3311 -0.369391 -0.150325
11.4471 -0.385433 -0.12435
11.5636 -0.398455 -0.0983756
11.6401 -0.405339 -0.0810605
11.757 -0.413309 -0.055086
11.8779 -0.418402 -0.0291075
11.9567 -0.419673 -0.00316938
12.0738 -0.417513 0.0400486
12.1946 -0.410055 0.0832698
12.2711 -0.402343 0.117828
12.3869 -0.385057 0.178288
12.5036 -0.360905 0.230129
12.6151 -0.331716 0.281967
12.6867 -0.30994 0.307901
12.7943 -0.274194 0.333872
12.9012 -0.236587 0.3426
13.0061 -0.199155 0.342704
13.0749 -0.174624 0.342773
13.1765 -0.13934 0.325631
13.277 -0.106835 0.299865
13.3433 -0.086977 0.282687
13.4414 -0.0598415 0.256918
13.5421 -0.0352137 0.222529
13.6097 -0.020532 0.205351
13.7078 -0.00184902 0.170958
13.8103 0.0140375 0.13657
13.8732 0.0218564 0.110765
13.9708 0.0305887 0.0677489
14.0686 0.0359605 0.0419761
14.1646 0.03834 0.00758021
14.23 0.038274 -0.00960132
14.326 0.0357004 -0.0439974
14.42 0.0311595 -0.0525305
14.5139 0.0258165 -0.0610638
14.5753 0.0220671 -0.0610061
14.6692 0.0159278 -0.0695392
14.7631 0.00979685 -0.0608295
14.8226 0.00643469 -0.0521522
14.9166 0.00112723 -0.0606855
15.0086 -0.00525387 -0.0778417
15.0718 -0.00990879 -0.0691609
15.1656 -0.0168138 -0.0776941
15.2613 -0.0250892 -0.094847
15.3551 -0.033595 -0.0861371
15.4182 -0.0387742 -0.0774562
15.514 -0.0462017 -0.0773661
15.6079 -0.0530676 -0.0686563
15.6711 -0.0571417 -0.0599753
15.7632 -0.0618707 -0.0426456
15.8592 -0.0651335 -0.0253126
15.9552 -0.0675601 -0.0252222
16.0205 -0.0686422 -0.00791789
16.1185 -0.0681465 0.0180384
16.2203 -0.0658665 0.0267554
16.2894 -0.0634184 0.0440636
16.391 -0.0576141 0.0700234
16.4964 -0.0497628 0.078744
16.5672 -0.0438642 0.0874325
16.6723 -0.0332733 0.113396
16.7772 -0.0208612 0.122117
16.8802 -0.00822102 0.122214
16.9488 0.000211466 0.122279
17.0519 0.0119805 0.105133
17.1553 0.020199 0.0535008
17.2263 0.0230838 0.0277028
17.33 0.0232795 -0.0239289
17.4355 0.0184813 -0.0669375
17.5083 0.0123466 -0.101355
17.6152 0.000545866 -0.118497
17.722 -0.0121654 -0.118396
17.827 -0.0241871 -0.109674
17.8978 -0.0304397 -0.0665009
18.0053 -0.0338776 0.00257294
18.1147 -0.0293435 0.0802696
18.1872 -0.0209828 0.149309
18.2906 0.000566034 0.261488
18.3947 0.0347583 0.373672
18.4938 0.0812363 0.503096
18.5559 0.119694 0.606625
18.6362 0.185265 0.76191
18.7064 0.264213 0.925818
18.7451 0.321554 1.02934
18.7907 0.414726 1.20187
18.8186 0.510656 1.37439
18.8298 0.607987 1.53829
18.8283 0.671363 1.65043
18.813 0.762307 1.82295
18.7824 0.849288 1.99547
18.7556 0.900272 2.11622
18.7042 0.969818 2.29736
18.6435 1.02583 2.49573
18.5969 1.05641 2.6251
18.5252 1.08895 2.80623
18.4506 1.10726 2.99597
18.372 1.11227 -3.12333
18.3221 1.10877 -3.01982
18.2485 1.09489 -2.89043
18.179 1.07251 -2.76966
18.1332 1.05276 -2.70064
18.0683 1.01935 -2.6316
18.0037 0.981374 -2.58842
17.9401 0.941738 -2.57973
17.8963 0.913917 -2.57106
17.8313 0.872977 -2.58823
17.7638 0.832455 -2.61402
17.7204 0.807684 -2.63122
17.6527 0.77131 -2.66563
17.5854 0.738427 -2.70867
17.5399 0.717865 -2.72587
17.4708 0.689093 -2.7689
17.4004 0.663324 -2.81194
17.3308 0.641487 -2.8636
17.2825 0.628611 -2.89804
17.2132 0.612961 -2.94108
17.1413 0.600275 -2.99274
17.0918 0.593721 -3.02718
17.0191 0.587263 -3.07884
16.9442 0.584176 -3.12188
16.8713 0.583993 3.12689
16.8194 0.585425 3.10107
16.7427 0.589196 3.0839
16.666 0.593624 3.08397
16.5874 0.598495 3.07542
16.5318 0.602417 3.06686
16.4513 0.608437 3.06693
16.3709 0.614452 3.06701
16.3173 0.618459 3.06706
16.233 0.624749 3.06714
16.1449 0.631318 3.06722
16.0567 0.63712 3.08455
15.9972 0.640257 3.09322
15.9032 0.643588 3.11918
15.8071 0.644909 3.13651
15.7457 0.644689 -3.12938
15.6477 0.643066 -3.12066
15.5459 0.640491 -3.11194
15.4442 0.63703 -3.10323
15.3751 0.634375 -3.10316
15.2695 0.630766 -3.11169
15.1639 0.628057 -3.12021
15.0928 0.626841 -3.12876
14.9872 0.625936 -3.13729
14.8777 0.625931 3.13738
14.8066 0.626534 3.12883
14.6991 0.627902 3.12893
14.5896 0.628811 3.13765
14.5185 0.629395 3.1291
14.409 0.630286 3.13782
14.2976 0.6307 3.13793
14.1823 0.630123 -3.12791
14.071 0.627632 -3.11056
13.9942 0.624583 -3.09325
13.8772 0.617401 -3.06727
13.7643 0.607519 -3.0413
13.6861 0.598618 -3.01536
13.57 0.582357 -2.98939
13.4564 0.562915 -2.95479
13.3791 0.547952 -2.9461
13.2663 0.524584 -2.92875
13.1556 0.500161 -2.92002
13.0432 0.474826 -2.91991
12.97 0.458667 -2.92846
12.8591 0.435167 -2.93698
12.7479 0.41357 -2.96274
12.6722 0.400551 -2.97991
12.5639 0.384318 -3.00567
12.4494 0.370666 -3.04005
12.3384 0.361279 -3.07443
12.2675 0.357424 -3.10023
12.1599 0.354824 -3.13461
12.0485 0.355962 3.11419
11.9775 0.358825 3.0884
11.874 0.36612 3.05401
11.8033 0.37325 3.02821
11.7004 0.385869 3.01106
11.5976 0.400251 2.99392
11.4952 0.416392 2.97677
11.3965 0.431926 2.99411
11.3319 0.441522 2.99417
11.233 0.455337 3.01151
11.1319 0.467232 3.03747
11.065 0.47393 3.04615
10.9635 0.482315 3.07211
10.8599 0.487726 3.10669
10.7562 0.490447 3.12403
10.6871 0.491062 3.14134
10.5814 0.490628 -3.13312
10.4758 0.489273 -3.1244
10.4067 0.488082 -3.12434
10.2972 0.486659 -3.13286
10.1877 0.486169 -3.14137
10.1166 0.486457 3.13326
10.0072 0.48878 3.10749
9.89584 0.493532 3.09036
9.78269 0.499818 3.08184
9.70793 0.504611 3.07329
9.59106 0.513106 3.06478
9.47615 0.521944 3.06489
9.39765 0.528315 3.05634
9.27899 0.538449 3.05645
9.15846 0.549253 3.04794
9.08008 0.556953 3.03939
8.95975 0.569811 3.03089
8.83942 0.582655 3.03962
8.71723 0.596216 3.02249
8.63331 0.606255 3.02257
8.50927 0.620539 3.03131
8.38315 0.633397 3.04867
8.25682 0.644064 3.06604
8.17249 0.649714 3.08336
8.04387 0.654426 3.12659
7.91325 0.654126 -3.12199
7.82877 0.651737 -3.10467
7.70218 0.644866 -3.07006
7.57198 0.6344 -3.0527
7.44384 0.622414 -3.04395
7.35979 0.613446 -3.02663
7.23385 0.598896 -3.02651
7.10792 0.584332 -3.02639
7.02583 0.575188 -3.03494
6.90555 0.56178 -3.0262
6.78344 0.54762 -3.02609
6.66132 0.533444 -3.02597
6.58118 0.524134 -3.0259
6.45722 0.509179 -3.01716
6.33511 0.494967 -3.03429
6.2549 0.486323 -3.03421
6.13453 0.473865 -3.04272
6.01406 0.462432 -3.05123
5.93365 0.455841 -3.06839
5.81292 0.447505 -3.0769
5.69596 0.440428 -3.08541
5.57701 0.434759 -3.10254
5.49639 0.431607 -3.10247
5.37929 0.427522 -3.11098
5.26216 0.424434 -3.11949
5.18341 0.423031 -3.12804
5.06816 0.422456 3.13801
4.95292 0.423856 3.12088
4.87419 0.425824 3.11233
4.76096 0.430599 3.08657
4.64594 0.437923 3.06943
4.53489 0.446907 3.0523
4.46031 0.453907 3.04374
4.35149 0.466006 3.01798
4.24486 0.480183 3.00084
4.17268 0.491043 2.98367
4.0666 0.50887 2.96652
3.96101 0.529424 2.93214
3.85974 0.551861 2.91499
3.79249 0.567974 2.89781
3.69228 0.594738 2.86343
3.59305 0.624931 2.82904
3.49659 0.65748 2.80327
3.43155 0.680991 2.78609
3.33853 0.717362 2.7517
3.24647 0.756118 2.73455
3.15544 0.797234 2.70016
3.09848 0.825053 2.67435
3.01349 0.86978 2.63995
2.93342 0.9155 2.60556
2.87935 0.948574 2.57975
2.80218 0.999029 2.54535
2.72993 1.0499 2.51095
2.6823 1.08563 2.48514
2.61451 1.13926 2.45936
2.55108 1.19216 2.43357
2.48735 1.24767 2.4164
2.4471 1.28335 2.41645
2.38748 1.33481 2.44239
2.32871 1.38128 2.50281
2.28931 1.40873 2.56321
2.2274 1.44366 2.6926
2.16106 1.46917 2.85648
2.11794 1.47883 2.98584
2.05271 1.48224 -3.09037
1.98835 1.47106 -2.8489
1.93205 1.44636 -2.60744
1.89745 1.42209 -2.45221
1.85315 1.37674 -2.23662
1.81993 1.32501 -2.04689
1.80348 1.28817 -1.93477
1.78395 1.22584 -1.81401
1.77042 1.16195 -1.74497
1.75297 1.0675 -1.76213
1.74381 1.02232 -1.77933
1.73374 0.979309 -1.82239
1.71254 0.909466 -1.90854
1.69488 0.864812 -1.98609
1.66146 0.799925 -2.10672
1.6213 0.741293 -2.23598
1.59022 0.70469 -2.31353
1.53931 0.655112 -2.42554
1.48146 0.610608 -2.54617
1.42228 0.574837 -2.64957
1.38273 0.55515 -2.70987
1.32209 0.530926 -2.81327
1.25942 0.51255 -2.89943
1.21623 0.503254 -2.95974
1.1573 0.494763 -3.03727
1.09792 0.49035 -3.09757
1.03839 0.489011 -3.14062
1.00189 0.489132 3.13398
0.950031 0.489749 3.12541
0.902019 0.490732 3.11683
0.873212 0.491321 3.12548
0.830953 0.491637 -3.14042
0.794457 0.491436 -3.13177
0.757964 0.49092 -3.12311
0.736839 0.490438 -3.11447
0.719559 0.489895 -3.10583
0.690761 0.488988 -3.11443
0.681161 0.488686 -3.1058
0.669646 0.488174 -3.08854
0.661973 0.487767 -3.08854
0.661973 0.487767 -3.08854
0.661973 0.487767 -3.08854
0.667726 0.488097 -3.07992
0.67348 0.488427 -3.08855
0.679236 0.488708 -3.09717
0.684991 0.488989 -3.08856
0.688828 0.489192 -3.08856
0.684991 0.488989 -3.08856
0.684991 0.488989 -3.08856
0.683073 0.488895 -3.09718
0.683073 0.488895 -3.09718
0.683073 0.488895 -3.09718
0.683073 0.488895 -3.09718
0.683073 0.488895 -3.09718
0.681154 0.488802 -3.08855
0.681154 0.488802 -3.08855
0.681154 0.488802 -3.08855
0.681154 0.488802 -3.08855
0.681154 0.488802 -3.08855
0.681154 0.488802 -3.08855
0.681154 0.488802 -3.08855
0.681154 0.488802 -3.08855
0.681154 0.488802 -3.08855
0.681154 0.488802 -3.08855
0.681154 0.488802 -3.08855
0.681154 0.488802 -3.08855
0.681154 0.488802 -3.08855
0.681154 0.488802 -3.08855
0.681154 0.488802 -3.08855
0.681154 0.488802 -3.08855
0.681154 0.488802 -3.08855
0.681154 0.488802 -3.08855
0.681154 0.488802 -3.08855
0.681154 0.488802 -3.08855
0.681154 0.488802 -3.08855
