0.0419095 0.000609335 0.0290766
0.0832076 0.0023544 0.0553838
0.12789 0.00538492 0.0800568
0.178087 0.0100145 0.103878
0.232074 0.0163863 0.131083
0.289761 0.0249014 0.162017
0.348964 0.0354917 0.192003
0.432202 0.0533696 0.231133
0.498673 0.0700938 0.261831
0.567633 0.0897456 0.293404
0.639091 0.112579 0.325156
0.711422 0.138369 0.359854
0.785617 0.168165 0.403901
0.864158 0.204144 0.455228
0.940401 0.244062 0.509408
1.01422 0.288379 0.571891
1.08593 0.337869 0.636366
1.15611 0.392769 0.691245
1.22498 0.452472 0.737135
1.29381 0.517935 0.78364
1.35765 0.58404 0.822008
1.42061 0.653706 0.849829
1.48368 0.726944 0.869787
1.54333 0.798643 0.884028
1.60484 0.874168 0.890583
1.66671 0.950592 0.889875
1.72823 1.02599 0.883023
1.7906 1.10051 0.864843
1.85622 1.17571 0.841911
1.92223 1.24846 0.825722
1.98904 1.31976 0.81031
2.05499 1.38807 0.795496
2.12746 1.46161 0.78987
2.19798 1.53274 0.789599
2.26631 1.60164 0.789494
2.33759 1.67418 0.798913
2.40571 1.7451 0.812215
2.47238 1.8163 0.824219
2.53971 1.88996 0.836141
2.60442 1.96245 0.848057
2.66744 2.03444 0.855472
2.73044 2.10782 0.867214
2.79106 2.18064 0.886043
2.84891 2.25303 0.907115
2.90646 2.32803 0.925338
2.96055 2.40108 0.941563
3.01307 2.47427 0.955192
3.06433 2.54774 0.968127
3.11465 2.62176 0.979332
3.16336 2.69492 0.987419
3.21041 2.76655 0.991783
3.27413 2.86377 0.989476
3.3221 2.93611 0.981128
3.37048 3.00772 0.971915
3.41947 3.07877 0.962529
3.46996 3.15057 0.953146
3.52024 3.22081 0.946008
3.57013 3.28967 0.941635
3.62055 3.35869 0.938041
3.67157 3.42778 0.931421
3.72229 3.49538 0.922809
3.77242 3.5611 0.915575
3.8239 3.62782 0.911719
3.8764 3.69569 0.913056
3.92612 3.76074 0.923204
3.97551 3.82693 0.936208
4.02424 3.89402 0.949127
4.07121 3.96054 0.96282
4.11561 4.02546 0.979101
4.15867 4.09141 1.00567
4.19891 4.15721 1.03812
4.23706 4.22397 1.06513
4.27155 4.28782 1.08589
4.30557 4.35373 1.10276
4.33823 4.41855 1.10545
4.37098 4.48185 1.08115
4.40484 4.54169 1.03064
4.44187 4.59864 0.957814
4.48282 4.65139 0.86371
4.52954 4.70019 0.750667
4.57865 4.74072 0.629138
4.63041 4.77341 0.497485
4.68344 4.79737 0.351381
4.73258 4.81138 0.204048
4.77731 4.81712 0.0511662
4.81727 4.81592 -0.110981
4.84768 4.80998 -0.274796
4.8694 4.8019 -0.437852
4.88314 4.79402 -0.603953
4.89123 4.78738 -0.769461
4.89565 4.78229 -0.944231
4.89866 4.77727 -1.11762
4.90091 4.7714 -1.29101
4.90238 4.76396 -1.46059
4.90262 4.75556 -1.62256
4.90137 4.74558 -1.7693
4.89763 4.73163 -1.89553
4.89062 4.71372 -1.99244
4.87972 4.69173 -2.06987
4.86463 4.66594 -2.13025
4.84601 4.63763 -2.17522
4.8225 4.60456 -2.20193
4.79636 4.56905 -2.20909
4.76809 4.53069 -2.20266
4.7384 4.48962 -2.1906
4.70821 4.44677 -2.17871
4.67641 4.40061 -2.16931
4.64345 4.35181 -2.16035
4.60938 4.29998 -2.14454
4.57542 4.24645 -2.1276
4.54156 4.19122 -2.11395
4.50764 4.13435 -2.10324
4.47177 4.07253 -2.08983
4.4258 3.9896 -2.06408
4.39166 3.92484 -2.04772
4.35855 3.86001 -2.03838
4.32524 3.79346 -2.03145
4.29108 3.72393 -2.0233
4.25831 3.65626 -2.02035
4.22469 3.58678 -2.02258
4.19035 3.51623 -2.02498
4.15606 3.44537 -2.01795
4.12316 3.37539 -2.00262
4.09131 3.30442 -1.9828
4.06005 3.23016 -1.95553
4.03071 3.15406 -1.92203
4.00428 3.07772 -1.8862
3.98084 3.00104 -1.84872
3.95892 2.91778 -1.80769
3.94059 2.83515 -1.77046
3.9248 2.74742 -1.72735
3.91334 2.65991 -1.67472
3.90643 2.5708 -1.62157
3.9044 2.48194 -1.56582
3.90815 2.3927 -1.49166
3.91881 2.30376 -1.41135
3.93635 2.2162 -1.33485
3.96043 2.13029 -1.26025
3.98901 2.05083 -1.19085
4.02595 1.96667 -1.12342
4.06789 1.88544 -1.06491
4.11563 1.80404 -1.01598
4.16635 1.72527 -0.9815
4.22073 1.647 -0.945632
4.27791 1.56988 -0.919795
4.33664 1.49406 -0.903731
4.39724 1.41867 -0.883772
4.45993 1.34385 -0.863034
4.52425 1.26981 -0.847916
4.58891 1.19763 -0.832887
4.65529 1.12589 -0.815348
4.7228 1.05507 -0.803344
4.79013 0.986153 -0.790651
4.85888 0.918621 -0.762305
4.92952 0.852986 -0.735082
5.00278 0.788585 -0.707166
5.0781 0.7263 -0.674751
5.15618 0.665327 -0.651241
5.23666 0.605018 -0.634993
5.31862 0.545647 -0.618829
5.40094 0.487518 -0.610796
5.48594 0.427404 -0.620311
5.5706 0.366245 -0.63095
5.65292 0.305191 -0.645313
5.73362 0.243175 -0.665126
5.81409 0.179231 -0.677844
5.89071 0.1169 -0.687978
5.96905 0.0513249 -0.705888
6.04539 -0.0145499 -0.718005
6.12016 -0.0802618 -0.723986
6.19279 -0.145073 -0.733086
6.28966 -0.232079 -0.730602
6.36229 -0.296582 -0.721799
6.43652 -0.36171 -0.718528
6.50951 -0.425183 -0.712926
6.58226 -0.487058 -0.696777
6.65335 -0.545417 -0.677954
6.72665 -0.602953 -0.652989
6.80009 -0.657003 -0.61592
6.87382 -0.70714 -0.578424
6.95045 -0.755486 -0.547238
7.02677 -0.800569 -0.519862
7.10548 -0.844551 -0.499315
7.18639 -0.888642 -0.498568
7.26737 -0.933247 -0.508372
7.34619 -0.978972 -0.543001
7.41956 -1.02588 -0.594676
7.48982 -1.07669 -0.657424
7.55531 -1.13031 -0.7149
7.62286 -1.19167 -0.759821
7.68514 -1.2531 -0.797312
7.74544 -1.31604 -0.816296
7.80563 -1.37849 -0.79126
7.86756 -1.43809 -0.741231
7.9339 -1.49504 -0.67762
8.00482 -1.54787 -0.602764
8.08081 -1.59536 -0.514326
8.16117 -1.6364 -0.430039
8.24593 -1.67117 -0.348688
8.33853 -1.70086 -0.271821
8.43261 -1.72394 -0.209398
8.52762 -1.74143 -0.154587
8.63195 -1.75628 -0.128294
8.73646 -1.76968 -0.12665
8.84254 -1.78395 -0.140828
8.95197 -1.80141 -0.175581
9.06012 -1.82352 -0.227805
9.17049 -1.85179 -0.27362
9.28165 -1.88652 -0.33197
9.39057 -1.92755 -0.388675
9.50201 -1.97679 -0.443293
9.61065 -2.03167 -0.492375
9.71646 -2.09147 -0.536355
9.82141 -2.15656 -0.574017
9.92267 -2.22473 -0.610991
10.0205 -2.29602 -0.648053
10.1148 -2.36963 -0.678201
10.2046 -2.4447 -0.713889
10.2911 -2.52263 -0.752606
10.3735 -2.60241 -0.786744
10.4506 -2.68265 -0.823225
10.5255 -2.76452 -0.836096
10.5982 -2.84382 -0.822079
10.6726 -2.92181 -0.795434
10.7483 -2.99496 -0.742071
10.8252 -3.06097 -0.676523
10.9068 -3.12183 -0.604833
10.9943 -3.17725 -0.524232
11.0849 -3.22445 -0.436368
11.1773 -3.26287 -0.351538
11.2712 -3.29304 -0.270602
11.3655 -3.31544 -0.195552
11.4597 -3.33042 -0.120074
11.5555 -3.3387 -0.0520307
11.6536 -3.3421 -0.0174529
11.7533 -3.34295 0.000523477
11.8518 -3.34277 0.00310209
11.951 -3.34316 -0.0110955
12.052 -3.34528 -0.0309104
12.1511 -3.34866 -0.0372382
12.2487 -3.35306 -0.05291
12.3424 -3.35883 -0.0700614
12.4367 -3.36602 -0.0820218
12.5304 -3.37441 -0.0965782
12.622 -3.38443 -0.121258
12.7114 -3.39599 -0.135997
12.7987 -3.40859 -0.150655
12.8847 -3.42272 -0.175347
12.9657 -3.43832 -0.204808
13.0501 -3.4571 -0.233307
13.1317 -3.47792 -0.266223
13.2148 -3.5024 -0.306484
13.2936 -3.52915 -0.348397
13.3958 -3.57 -0.411865
13.472 -3.60568 -0.464154
13.5437 -3.64373 -0.511261
13.613 -3.68464 -0.555343
13.6832 -3.73029 -0.598379
13.7515 -3.77866 -0.633977
13.8172 -3.82868 -0.667156
13.8827 -3.8823 -0.704914
13.9695 -3.95909 -0.744065
14.0346 -4.01972 -0.755088
14.1008 -4.08295 -0.769823
14.1677 -4.14875 -0.783861
14.2345 -4.21586 -0.791584
14.3009 -4.28374 -0.801381
14.3656 -4.35173 -0.820003
14.43 -4.42127 -0.826774
14.4944 -4.49148 -0.830776
14.5603 -4.56454 -0.843159
14.6255 -4.63847 -0.853207
14.6909 -4.71385 -0.858669
14.7553 -4.78963 -0.873385
14.8182 -4.86548 -0.883779
14.8813 -4.94251 -0.885521
14.9449 -5.02062 -0.889943
15.0077 -5.09849 -0.893154
15.0709 -5.176 -0.880885
15.1347 -5.25277 -0.873633
15.1978 -5.32783 -0.869412
15.2609 -5.40169 -0.858361
15.3257 -5.47589 -0.848172
15.3913 -5.55003 -0.844294
15.4565 -5.62327 -0.842581
15.5238 -5.69906 -0.846828
15.591 -5.77629 -0.862575
15.6566 -5.85373 -0.87374
15.7213 -5.93156 -0.8811
15.786 -6.0112 -0.894684
15.8492 -6.09021 -0.898931
15.9112 -6.16797 -0.895225
15.9734 -6.24541 -0.894115
16.0343 -6.32119 -0.893788
16.0962 -6.39738 -0.882302
16.1606 -6.47517 -0.875825
16.2257 -6.55227 -0.864245
16.2954 -6.63187 -0.838643
16.3686 -6.71122 -0.812517
16.4717 -6.81499 -0.765366
16.5537 -6.89047 -0.722279
16.6394 -6.9633 -0.686975
16.7285 -7.03381 -0.651148
16.8214 -7.10213 -0.617133
16.9166 -7.16831 -0.597905
17.0145 -7.23324 -0.573485
17.1135 -7.29622 -0.559703
17.2138 -7.35851 -0.551627
17.3161 -7.421 -0.544758
17.417 -7.48226 -0.547147
17.5152 -7.54184 -0.543663
17.6154 -7.60214 -0.539309
17.718 -7.66353 -0.539099
17.8179 -7.72334 -0.540022
17.9166 -7.78289 -0.545272
18.0174 -7.84447 -0.552158
18.1158 -7.90512 -0.552478
18.2117 -7.96445 -0.555571
18.3112 -8.02624 -0.555974
18.4102 -8.08767 -0.554561
18.506 -8.14698 -0.554196
18.6031 -8.20645 -0.5444
18.6986 -8.2635 -0.532709
18.7944 -8.31959 -0.526553
18.8911 -8.37513 -0.516764
18.989 -8.4301 -0.506108
19.0893 -8.4847 -0.49095
19.191 -8.53738 -0.464547
19.2945 -8.58713 -0.431918
19.4015 -8.63399 -0.393575
19.5083 -8.67576 -0.351951
19.6183 -8.71317 -0.304096
19.7315 -8.74584 -0.257448
19.8449 -8.77284 -0.210371
19.9612 -8.79478 -0.162597
20.0781 -8.81154 -0.122262
20.1967 -8.82345 -0.0776864
20.316 -8.83005 -0.0328504
20.4364 -8.83148 0.00896122
20.5547 -8.8274 0.0600209
20.6728 -8.81744 0.108401
20.7911 -8.80158 0.157993
20.9078 -8.77971 0.2126
21.0223 -8.75183 0.265129
21.1352 -8.71787 0.318955
21.2446 -8.67839 0.373816
21.3499 -8.63363 0.430315
21.4566 -8.58162 0.476878
21.558 -8.5261 0.524559
21.6567 -8.46613 0.568087
21.7515 -8.40311 0.604434
21.8423 -8.33773 0.644408
21.931 -8.26831 0.683605
22.0163 -8.19679 0.711815
22.0998 -8.12192 0.750147
22.1796 -8.04518 0.78121
22.2572 -7.96595 0.810198
22.3331 -7.88341 0.844724
22.427 -7.77408 0.877426
22.4944 -7.691 0.900696
22.5601 -7.60662 0.918776
22.6243 -7.52141 0.930802
22.6874 -7.43578 0.941617
22.7489 -7.35053 0.949228
22.8104 -7.26429 0.953382
22.8721 -7.17719 0.956241
22.9327 -7.09119 0.956501
22.9945 -7.00386 0.95469
23.0569 -6.91533 0.958245
23.1169 -6.8294 0.964125
23.1786 -6.74015 0.968372
23.2394 -6.65105 0.97452
23.2991 -6.56256 0.981444
23.3576 -6.47452 0.985857
23.4166 -6.38506 0.989841
23.4743 -6.29725 0.989408
23.5335 -6.20842 0.976094
23.5945 -6.12008 0.9569
23.6568 -6.03453 0.926805
23.7225 -5.94961 0.896974
23.7894 -5.86738 0.878383
23.8568 -5.78716 0.866361
23.9251 -5.70743 0.857972
23.9933 -5.62795 0.866101
24.0597 -5.54903 0.876735
24.126 -5.46866 0.884517
24.1923 -5.38727 0.890658
24.2573 -5.30721 0.886069
24.3253 -5.22608 0.860818
24.3961 -5.14534 0.841365
24.4676 -5.06653 0.826752
24.5405 -4.98768 0.822435
24.6124 -4.9089 0.839736
24.6813 -4.82966 0.869055
24.7487 -4.74708 0.904433
24.813 -4.66172 0.946297
24.8745 -4.57279 0.984013
24.9342 -4.47954 1.01975
24.9917 -4.38196 1.05626
25.0445 -4.28445 1.09321
25.0961 -4.17977 1.13198
25.1437 -4.07383 1.16565
25.1877 -3.96516 1.20581
25.2279 -3.85389 1.24304
25.2637 -3.74202 1.27827
25.2945 -3.63085 1.32353
25.3216 -3.51605 1.35452
25.3449 -3.39933 1.39295
25.3634 -3.28175 1.43606
25.3769 -3.16355 1.47752
25.3845 -3.0453 1.53619
25.3851 -2.9296 1.59546
25.3781 -2.81002 1.6627
25.3629 -2.69285 1.73642
25.339 -2.5784 1.81688
25.3058 -2.4661 1.90054
25.2643 -2.35977 1.98532
25.215 -2.26097 2.08211
25.1547 -2.16478 2.17908
25.0862 -2.07634 2.28046
25.013 -1.99969 2.38589
24.9326 -1.93226 2.50187
24.846 -1.87623 2.63211
24.7561 -1.83382 2.76987
24.6641 -1.80586 2.92319
24.5713 -1.79335 3.09199
24.4831 -1.79655 -3.01939
24.3959 -1.8159 -2.827
24.3194 -1.84908 -2.63756
24.2511 -1.89624 -2.43705
24.1954 -1.95413 -2.2369
24.1539 -2.01914 -2.04065
24.126 -2.09094 -1.84188
24.1128 -2.16391 -1.65723
24.1131 -2.2374 -1.47689
24.1257 -2.30838 -1.31429
24.1486 -2.37613 -1.17609
24.1806 -2.44358 -1.07774
24.2196 -2.51161 -1.02254
24.2615 -2.5795 -1.01456
24.3044 -2.65102 -1.0467
24.3443 -2.72472 -1.10124
24.3823 -2.80642 -1.16943
24.4126 -2.88502 -1.23797
24.4378 -2.96786 -1.313
24.4573 -3.0545 -1.38569
24.4702 -3.13951 -1.45406
24.4769 -3.22278 -1.52564
24.4773 -3.30445 -1.60786
24.4705 -3.38715 -1.69717
24.4558 -3.47143 -1.79079
24.4335 -3.55383 -1.87845
24.4044 -3.63377 -1.96196
24.3691 -3.71039 -2.04175
24.3288 -3.78336 -2.10926
24.2831 -3.85599 -2.1561
24.2343 -3.92697 -2.19039
24.1845 -3.99498 -2.21552
24.1322 -4.06348 -2.22984
24.0789 -4.13212 -2.23222
24.0252 -4.20059 -2.23918
23.9691 -4.27087 -2.24916
23.9121 -4.34123 -2.2543
23.854 -4.41235 -2.25736
23.7946 -4.48435 -2.26474
23.7358 -4.55481 -2.26763
23.6749 -4.62743 -2.2693
23.6121 -4.70191 -2.27399
23.5278 -4.80112 -2.27634
23.4626 -4.87821 -2.26909
23.3963 -4.95799 -2.25906
23.3305 -5.03939 -2.24237
23.266 -5.12312 -2.21132
23.2028 -5.21011 -2.18744
23.142 -5.29826 -2.16166
23.0831 -5.38868 -2.13476
23.0254 -5.48148 -2.11918
22.9699 -5.57399 -2.103
22.9158 -5.66761 -2.08699
22.8625 -5.76155 -2.08586
22.8096 -5.8558 -2.07954
22.7565 -5.95167 -2.07408
22.7052 -6.04459 -2.07485
22.6542 -6.1373 -2.07303
22.6027 -6.23156 -2.06905
22.5527 -6.32231 -2.079
22.5036 -6.40991 -2.08567
22.4525 -6.49951 -2.09259
22.4029 -6.58422 -2.10705
22.349 -6.6735 -2.12184
22.2952 -6.75979 -2.13448
22.2402 -6.8442 -2.16216
22.1835 -6.92606 -2.19011
22.1247 -7.00634 -2.2165
22.0643 -7.08371 -2.25008
22.0025 -7.15777 -2.28296
21.9402 -7.22815 -2.30781
21.8753 -7.29783 -2.33395
21.8105 -7.36376 -2.3601
21.7478 -7.42434 -2.38748
21.6766 -7.48959 -2.41145
21.6075 -7.54999 -2.4357
21.5401 -7.60614 -2.45797
21.4671 -7.66409 -2.48377
21.3929 -7.71978 -2.51105
21.3231 -7.76915 -2.54084
21.2464 -7.81921 -2.58568
21.1715 -7.86321 -2.63562
21.0961 -7.90246 -2.68739
21.0189 -7.93719 -2.75058
20.9425 -7.96498 -2.83487
20.8596 -7.98665 -2.93689
20.7773 -7.99923 -3.04297
20.6947 -8.00288 3.13119
20.6153 -7.99799 3.02916
20.5382 -7.98552 2.933
20.4638 -7.96613 2.84074
20.3888 -7.93968 2.76396
20.3162 -7.90866 2.71132
20.2448 -7.8744 2.6777
20.1745 -7.83876 2.66725
20.1072 -7.80486 2.68223
20.0364 -7.77215 2.73579
19.9622 -7.74379 2.81667
19.8902 -7.7232 2.90992
19.8162 -7.71034 3.02911
19.7439 -7.70724 -3.11474
19.6714 -7.71486 -2.9588
19.6016 -7.73397 -2.79041
19.537 -7.76391 -2.62461
19.4789 -7.80357 -2.46106
19.4122 -7.87125 -2.23579
19.3736 -7.93 -2.06844
19.3451 -7.99534 -1.89564
19.3281 -8.06601 -1.7179
19.3238 -8.13905 -1.5425
19.3324 -8.21261 -1.36528
19.3538 -8.28403 -1.19368
19.3891 -8.35546 -1.02985
19.437 -8.42321 -0.880976
19.4944 -8.48432 -0.752424
19.5623 -8.54158 -0.649979
19.6382 -8.59375 -0.554097
19.7196 -8.63968 -0.473174
19.8061 -8.68053 -0.40911
19.8973 -8.71698 -0.351614
19.9903 -8.74824 -0.297058
20.0847 -8.77449 -0.245097
20.1803 -8.7956 -0.189417
20.281 -8.81179 -0.12949
20.3812 -8.82138 -0.0614357
20.4821 -8.82388 0.0119818
20.5832 -8.81916 0.0811618
20.6846 -8.80671 0.163317
20.782 -8.78645 0.246762
20.9165 -8.74471 0.355132
21.0135 -8.70437 0.433056
21.1037 -8.65868 0.504657
21.1908 -8.60637 0.577037
21.2738 -8.54838 0.642931
21.3519 -8.48606 0.704151
21.4255 -8.4194 0.767099
21.4957 -8.34866 0.81154
21.5636 -8.27471 0.84448
21.6277 -8.2001 0.878193
21.6907 -8.12204 0.90482
21.7544 -8.03937 0.923154
21.8371 -7.92742 0.94633
21.8975 -7.84377 0.945288
21.9594 -7.75846 0.940014
22.0202 -7.67555 0.935944
22.0856 -7.58815 0.920906
22.1514 -7.50285 0.907594
22.2169 -7.4197 0.898602
22.2826 -7.33859 0.881303
22.3502 -7.25846 0.858385
22.4235 -7.17515 0.840497
22.4984 -7.09395 0.810932
22.5767 -7.01352 0.78734
22.6582 -6.93337 0.766693
22.7437 -6.85313 0.740086
22.8308 -6.77482 0.724549
22.919 -6.69746 0.715931
23.006 -6.62193 0.714141
23.096 -6.54266 0.729227
23.187 -6.45973 0.749509
23.2711 -6.37935 0.775224
23.3592 -6.28951 0.815925
23.4433 -6.19746 0.84486
23.5234 -6.10413 0.877856
23.6016 -6.00726 0.905234
23.6766 -5.90931 0.930274
23.7489 -5.80906 0.961023
23.8183 -5.70793 0.97871
23.8851 -5.60615 1.00055
23.9491 -5.50437 1.01831
24.0108 -5.40299 1.0302
24.0705 -5.30245 1.03939
24.1317 -5.19862 1.03727
24.1926 -5.09568 1.03549
24.2517 -4.99533 1.04149
24.3106 -4.89362 1.05051
24.3686 -4.79012 1.06914
24.4239 -4.68535 1.10092
24.4772 -4.57507 1.14126
24.5254 -4.46241 1.19103
24.5678 -4.34591 1.25266
24.6032 -4.22488 1.31974
24.6298 -4.10557 1.38396
24.6491 -3.97546 1.46229
24.6588 -3.84681 1.52912
24.6593 -3.71847 1.6052
24.6502 -3.58985 1.67791
24.6318 -3.46085 1.74672
24.5951 -3.29681 1.83432
24.5404 -3.1243 1.9216
24.4914 -3.00294 1.98765
24.4338 -2.88331 2.05129
24.3698 -2.76835 2.10688
24.3015 -2.66112 2.16868
24.2226 -2.55176 2.22316
24.1401 -2.45046 2.2854
24.0536 -2.35658 2.34531
23.9634 -2.26913 2.39725
23.8679 -2.18576 2.45101
23.7697 -2.10865 2.50071
23.6678 -2.03619 2.5459
23.566 -1.97003 2.58529
23.4619 -1.90757 2.61673
23.3593 -1.84973 2.63994
23.255 -1.79357 2.65485
23.1464 -1.73669 2.66345
23.0427 -1.68305 2.66547
22.9386 -1.62969 2.66991
22.836 -1.57736 2.6702
22.7348 -1.52553 2.66642
22.6284 -1.47049 2.6623
22.528 -1.41723 2.64494
22.4274 -1.36084 2.61668
22.327 -1.30042 2.58333
22.231 -1.23816 2.54902
22.1388 -1.17358 2.5115
22.0488 -1.10533 2.47416
21.9649 -1.03687 2.44061
21.8851 -0.966834 2.40152
21.8086 -0.894385 2.36624
21.7367 -0.821774 2.33544
21.6655 -0.744356 2.29341
21.6006 -0.66825 2.26036
21.5403 -0.593015 2.23258
21.4842 -0.518219 2.1964
21.4322 -0.44331 2.159
21.3859 -0.371916 2.1331
21.3393 -0.295372 2.10166
21.2975 -0.221176 2.06546
21.2595 -0.147955 2.03497
21.2238 -0.0741028 2.00706
21.1908 -0.000437397 1.97656
21.1597 0.0757725 1.94009
21.1325 0.149696 1.90656
21.1078 0.224165 1.87415
21.086 0.297929 1.84398
21.0665 0.371174 1.81658
21.05 0.440906 1.78969
21.0351 0.513673 1.75623
21.0218 0.589691 1.73125
21.0098 0.666575 1.72184
20.9977 0.745995 1.72161
20.9855 0.824657 1.72743
20.9707 0.912414 1.74719
20.9546 0.997456 1.76955
20.9367 1.08261 1.78671
20.9169 1.16999 1.80129
20.8953 1.25902 1.81605
20.8729 1.34574 1.8308
20.8492 1.43273 1.84304
20.824 1.52036 1.85737
20.7982 1.60484 1.87713
20.7713 1.68683 1.89845
20.7438 1.76531 1.91863
20.7131 1.8473 1.93805
20.6832 1.92323 1.95555
20.6521 1.99678 1.98455
20.6184 2.06883 2.03265
20.5816 2.13712 2.09676
20.541 2.20063 2.18231
20.4963 2.25771 2.288
20.444 2.31094 2.40702
20.3869 2.35681 2.52283
20.3238 2.3965 2.63804
20.2558 2.4292 2.74807
20.1815 2.45578 2.84858
20.1043 2.4754 2.93648
20.0232 2.4892 3.00968
19.9394 2.49824 3.05849
19.8539 2.50428 3.0837
19.7644 2.50893 3.09585
19.6712 2.51317 3.09634
19.5772 2.5183 3.07781
19.4828 2.52547 3.05374
19.3867 2.53523 3.02708
19.2935 2.54748 2.99445
19.1976 2.56365 2.95473
19.1053 2.58243 2.92712
19.0151 2.60345 2.89803
18.9242 2.62758 2.86635
18.8342 2.6542 2.84167
18.7429 2.68319 2.82634
18.6511 2.71403 2.80859
18.5593 2.74613 2.80217
18.4653 2.77924 2.80354
18.3703 2.81272 2.80206
18.2789 2.84521 2.79772
18.1833 2.87944 2.79814
18.0906 2.91307 2.78861
17.9996 2.94726 2.7758
17.9091 2.98257 2.76401
17.8181 3.01961 2.74601
17.73 3.05789 2.71693
17.6378 3.1012 2.68769
17.5452 3.1481 2.65793
17.4547 3.19713 2.63224
17.3655 3.24807 2.61382
17.2766 3.30068 2.60006
17.1853 3.35658 2.58502
17.0974 3.41225 2.5685
17.0103 3.46952 2.55198
16.9239 3.52828 2.53615
16.8406 3.58696 2.5204
16.7549 3.64915 2.50631
16.6694 3.71247 2.5025
16.5854 3.77491 2.5025
16.5002 3.8377 2.51012
16.415 3.89854 2.5333
16.3296 3.95652 2.55664
16.2426 4.01255 2.58241
16.1485 4.06971 2.60915
16.055 4.12363 2.62706
15.9602 4.1767 2.63606
15.8641 4.22996 2.63495
15.7698 4.28256 2.63072
15.6729 4.33695 2.62953
15.5742 4.39208 2.63439
15.4762 4.44566 2.64816
15.3738 4.49904 2.67396
15.2729 4.54788 2.70779
15.168 4.59342 2.75625
15.0572 4.63536 2.80324
14.9447 4.67169 2.85508
14.8257 4.70306 2.91281
14.7078 4.72763 2.95938
14.5884 4.74572 3.02299
14.4668 4.75642 3.08478
14.342 4.75951 -3.13427
14.2175 4.75438 -3.06659
14.0964 4.74148 -3.00419
13.9744 4.72037 -2.93625
13.8515 4.69026 -2.86658
13.7312 4.65207 -2.80157
13.612 4.60608 -2.7453
13.4942 4.55247 -2.68384
13.3781 4.49125 -2.62903
13.266 4.42368 -2.56894
13.1586 4.34965 -2.5079
13.0536 4.26795 -2.45248
12.9212 4.15023 -2.37706
12.7996 4.02524 -2.30796
12.7143 3.92643 -2.2573
12.6314 3.82016 -2.20975
12.5547 3.71241 -2.16972
12.4838 3.6041 -2.13074
12.418 3.49536 -2.09826
12.3577 3.38795 -2.06734
12.298 3.27226 -2.02645
12.2443 3.15883 -2.00002
12.1941 3.04445 -1.96797
12.1471 2.92896 -1.94699
12.1027 2.81402 -1.93207
12.0604 2.69911 -1.91465
12.0189 2.58545 -1.92749
11.9767 2.47419 -1.93983
11.9175 2.32866 -1.97394
11.8704 2.22364 -2.01042
11.8205 2.12198 -2.04404
11.7647 2.01899 -2.09011
11.7064 1.92175 -2.13272
11.6447 1.82799 -2.17223
11.5805 1.73838 -2.21269
11.516 1.65503 -2.24633
11.4455 1.5699 -2.27797
11.3743 1.48857 -2.30304
11.3032 1.41142 -2.32709
11.23 1.3356 -2.34949
11.1566 1.26249 -2.36782
11.0843 1.19316 -2.386
11.0085 1.12285 -2.40105
10.9331 1.05421 -2.40573
10.8582 0.986816 -2.41171
10.7834 0.920299 -2.41751
10.7117 0.85665 -2.41425
10.6387 0.791609 -2.41401
10.5666 0.727649 -2.41723
10.4948 0.664086 -2.4169
10.424 0.601351 -2.41676
10.3545 0.540775 -2.43132
10.2842 0.480591 -2.43628
10.2154 0.421712 -2.43069
10.1475 0.362701 -2.42173
10.08 0.302528 -2.40577
10.0115 0.238872 -2.37959
9.94701 0.175529 -2.35117
9.86036 0.0834789 -2.3007
9.79857 0.0110377 -2.25333
9.74223 -0.0630009 -2.18927
9.69038 -0.142492 -2.10835
9.63255 -0.254109 -1.98929
9.59726 -0.345466 -1.88959
9.57152 -0.439544 -1.786
9.55504 -0.53495 -1.69771
9.54643 -0.634944 -1.61582
9.54589 -0.737444 -1.53626
9.55318 -0.840612 -1.46413
9.56838 -0.946908 -1.39347
9.59049 -1.05173 -1.3324
9.61945 -1.15492 -1.26191
9.65598 -1.25546 -1.18269
9.69893 -1.34997 -1.10572
9.75183 -1.44349 -1.00642
9.81104 -1.52669 -0.898151
9.87845 -1.60201 -0.783307
9.95448 -1.66882 -0.658515
10.0353 -1.72345 -0.530795
10.1204 -1.76579 -0.392526
10.2103 -1.79526 -0.241028
10.2972 -1.8098 -0.0903259
10.3887 -1.81046 0.075867
10.4751 -1.79669 0.240322
10.5549 -1.77017 0.400616
10.6299 -1.73147 0.552867
10.6956 -1.68473 0.68314
10.7573 -1.6283 0.798546
10.8126 -1.56606 0.891033
10.8611 -1.50172 0.959211
10.9057 -1.43347 1.02436
10.9466 -1.36237 1.07308
10.9838 -1.29137 1.10252
11.0195 -1.21873 1.12477
11.0536 -1.1454 1.14633
11.0852 -1.07398 1.16296
11.117 -0.999292 1.17345
11.1482 -0.924011 1.18351
11.1782 -0.849007 1.19608
11.2073 -0.773808 1.20657
11.2358 -0.698473 1.21161
11.2652 -0.619656 1.21675
11.2946 -0.539024 1.22544
11.323 -0.459197 1.23136
11.3522 -0.376347 1.23365
11.382 -0.291724 1.23076
11.412 -0.207941 1.22371
11.4439 -0.12173 1.20751
11.4772 -0.035988 1.19381
11.5124 0.0520397 1.18808
11.5477 0.139308 1.18321
11.584 0.227422 1.17748
11.6206 0.31587 1.1791
11.6581 0.406746 1.17969
11.6955 0.49701 1.17586
11.7334 0.587686 1.17515
11.7705 0.676686 1.17565
11.8073 0.763649 1.16585
11.8465 0.853777 1.15494
11.8866 0.943521 1.14645
11.9263 1.0301 1.13458
11.9676 1.11759 1.12487
12.0095 1.20484 1.122
12.0511 1.29083 1.11946
12.1076 1.40536 1.10421
12.1504 1.48955 1.09822
12.192 1.57003 1.08876
12.2354 1.65083 1.06779
12.2795 1.72954 1.05184
12.3253 1.80851 1.0378
12.3729 1.88713 1.01623
12.4227 1.96541 0.991555
12.4733 2.04171 0.97829
12.5244 2.11632 0.962946
12.5782 2.19264 0.949512
12.6316 2.26703 0.947577
12.6863 2.34352 0.951874
12.7413 2.41985 0.94121
12.7964 2.49468 0.930975
12.8533 2.57038 0.921436
12.9124 2.64676 0.904205
12.9715 2.72085 0.890947
13.0314 2.79455 0.884955
13.0921 2.8681 0.876197
13.1523 2.93907 0.859303
13.2148 3.01061 0.84596
13.2789 3.08184 0.830629
13.3441 3.15174 0.808639
13.4082 3.21751 0.787504
13.4771 3.2851 0.764305
13.5454 3.34829 0.729335
13.6183 3.41074 0.686675
13.6969 3.47221 0.640825
13.7772 3.52927 0.595404
13.8589 3.582 0.551278
13.9427 3.63074 0.502221
14.0306 3.67617 0.451612
14.1195 3.7167 0.40394
14.208 3.75178 0.350381
14.2954 3.78076 0.290328
14.3872 3.80547 0.235213
14.4805 3.82498 0.177502
14.6045 3.84215 0.0975533
14.695 3.84891 0.051421
14.7918 3.85164 0.00513102
14.8867 3.85003 -0.0390009
14.9794 3.84446 -0.0811499
15.0724 3.83482 -0.125372
15.1644 3.82096 -0.173574
15.2529 3.80305 -0.225762
15.3421 3.77974 -0.285727
15.4292 3.75162 -0.33869
15.5158 3.71906 -0.380839
15.6012 3.68288 -0.42022
15.6867 3.64294 -0.454149
15.7733 3.59967 -0.473023
15.86 3.55429 -0.490597
15.9447 3.50814 -0.507655
16.029 3.46063 -0.518572
16.1129 3.41228 -0.527414
16.1971 3.36215 -0.545939
16.2816 3.31006 -0.559099
16.3674 3.25579 -0.569053
16.4545 3.19893 -0.587996
16.5386 3.14193 -0.60262
16.6245 3.08207 -0.614728
16.7099 3.02053 -0.633927
16.7934 2.95822 -0.648718
16.8763 2.89474 -0.65806
16.9611 2.82836 -0.669901
17.0433 2.76299 -0.674225
17.1278 2.69532 -0.676379
17.2118 2.62736 -0.683636
17.2965 2.55773 -0.692965
17.381 2.48683 -0.703243
17.4644 2.4148 -0.721046
17.5437 2.34402 -0.736091
17.6247 2.26966 -0.750435
17.7039 2.19465 -0.765041
17.7814 2.11928 -0.778352
17.8617 2.03921 -0.789574
17.9395 1.96016 -0.797256
18.0176 1.87985 -0.801563
18.0983 1.79648 -0.801362
18.1783 1.71436 -0.795803
18.2612 1.63043 -0.787814
18.3456 1.54673 -0.773768
18.4294 1.46633 -0.756097
18.5155 1.38674 -0.735656
18.603 1.30897 -0.718156
18.6885 1.23541 -0.702741
18.7778 1.16052 -0.693113
18.8933 1.0642 -0.696892
18.9803 0.990755 -0.704654
19.0671 0.915511 -0.724261
19.1483 0.842286 -0.742845
19.2317 0.764588 -0.758303
19.3123 0.687504 -0.767887
19.3913 0.610949 -0.771506
19.4727 0.531677 -0.772003
19.5513 0.455313 -0.769657
19.6323 0.377186 -0.765486
19.7151 0.298087 -0.759149
19.7965 0.221562 -0.75057
19.8778 0.146568 -0.739572
19.9652 0.0676219 -0.730027
20.0478 -0.00570191 -0.721278
20.1332 -0.079874 -0.709063
20.2191 -0.152767 -0.698146
20.3031 -0.222396 -0.685855
20.389 -0.291617 -0.671052
20.4748 -0.359177 -0.663344
20.5597 -0.42501 -0.655641
20.6481 -0.492647 -0.650695
20.7362 -0.55971 -0.650075
20.8237 -0.625886 -0.644788
20.9409 -0.713788 -0.642609
21.0265 -0.777911 -0.643123
21.1109 -0.841067 -0.641565
21.1945 -0.903545 -0.64269
21.2761 -0.964829 -0.644773
21.3586 -1.02641 -0.638032
21.4428 -1.08853 -0.633189
21.5285 -1.15116 -0.628602
21.6161 -1.21429 -0.620984
21.7038 -1.27688 -0.618988
21.7919 -1.33965 -0.619239
21.8804 -1.40257 -0.616289
21.9674 -1.46444 -0.619657
22.0565 -1.52829 -0.624748
22.1423 -1.59014 -0.624227
22.2269 -1.65152 -0.630455
22.3069 -1.71014 -0.634707
22.3843 -1.76718 -0.634901
22.4613 -1.82404 -0.638297
22.5361 -1.87995 -0.645158
22.6083 -1.93445 -0.647356
22.6801 -1.98886 -0.650073
22.749 -2.04154 -0.655913
22.8134 -2.09128 -0.659257
22.8787 -2.14195 -0.659745
22.9427 -2.19159 -0.660496
23.007 -2.24179 -0.665397
23.0668 -2.28891 -0.668841
23.1252 -2.33518 -0.670299
23.1833 -2.38128 -0.672278
23.2402 -2.42677 -0.676163
23.2937 -2.46986 -0.679193
23.3464 -2.51239 -0.680323
23.3991 -2.55524 -0.684479
23.4515 -2.59843 -0.693911
23.5044 -2.64328 -0.71242
23.5558 -2.68897 -0.740444
23.6082 -2.73874 -0.778752
23.6612 -2.79327 -0.82224
23.7115 -2.84973 -0.862441
23.7608 -2.9096 -0.901601
23.8078 -2.97158 -0.943527
23.8543 -3.03867 -0.985184
23.8982 -3.10734 -1.01776
23.9397 -3.17722 -1.05293
23.9781 -3.24801 -1.09459
24.0129 -3.31901 -1.13505
24.0444 -3.39008 -1.17369
24.0736 -3.46556 -1.22814
24.0989 -3.54481 -1.29488
24.1189 -3.62553 -1.36256
24.1341 -3.71071 -1.4254
24.144 -3.79742 -1.48814
24.1485 -3.88335 -1.54916
24.1475 -3.9687 -1.61641
24.1404 -4.05428 -1.69049
24.1275 -4.13684 -1.76129
24.1084 -4.21992 -1.8313
24.0833 -4.30198 -1.90409
24.0526 -4.38298 -1.96363
24.0174 -4.46297 -2.00528
23.9784 -4.54348 -2.0387
23.937 -4.62267 -2.06667
23.8935 -4.70173 -2.08132
23.8484 -4.78187 -2.08559
23.8033 -4.86134 -2.08814
23.7598 -4.9379 -2.08705
23.7148 -5.01768 -2.08198
23.6694 -5.09872 -2.08037
23.6231 -5.18066 -2.08948
23.5752 -5.26347 -2.10109
23.5248 -5.34793 -2.11659
23.4733 -5.43104 -2.13537
23.4199 -5.51394 -2.15044
23.3643 -5.59788 -2.161
23.2897 -5.7081 -2.17018
23.2333 -5.79029 -2.17495
23.1755 -5.87386 -2.17695
23.1189 -5.95551 -2.17618
23.0601 -6.0408 -2.17351
23.0001 -6.12855 -2.16762
22.9415 -6.21534 -2.16027
22.8844 -6.30145 -2.15258
22.8277 -6.38862 -2.14298
22.7724 -6.47526 -2.13434
22.7189 -6.56078 -2.12596
22.6661 -6.64639 -2.12026
22.6125 -6.73411 -2.11879
22.561 -6.81829 -2.12088
22.5085 -6.90369 -2.12332
22.455 -6.98972 -2.13059
22.4024 -7.07282 -2.14029
22.3486 -7.15574 -2.15207
22.2926 -7.2395 -2.16739
22.2369 -7.32014 -2.18323
22.1807 -7.39867 -2.20168
22.1226 -7.47642 -2.22288
22.0644 -7.55073 -2.24782
22.0054 -7.62187 -2.2782
21.9436 -7.69177 -2.31205
21.8811 -7.75844 -2.33526
21.8178 -7.82251 -2.36548
21.7512 -7.88566 -2.39994
21.685 -7.94457 -2.42817
21.6175 -8.00138 -2.45563
21.5499 -8.05472 -2.492
21.4565 -8.12184 -2.54464
21.3839 -8.16954 -2.57608
21.3114 -8.21365 -2.61427
21.2384 -8.2538 -2.6631
21.1635 -8.29017 -2.71565
21.0849 -8.32292 -2.77849
21.0024 -8.35075 -2.85421
20.9176 -8.37209 -2.93555
20.8319 -8.38637 -3.01724
20.7433 -8.39394 -3.09563
20.6567 -8.39519 3.12437
20.5707 -8.39125 3.06716
20.4844 -8.38212 3.00536
20.4005 -8.36832 2.95187
20.3164 -8.3502 2.90676
20.2313 -8.32783 2.86244
20.1471 -8.30189 2.8227
20.0634 -8.27275 2.79074
19.9502 -8.22897 2.75411
19.8666 -8.19337 2.72433
19.7838 -8.15514 2.69351
19.702 -8.11426 2.66355
19.621 -8.07095 2.63705
19.5433 -8.02673 2.6115
19.4654 -7.97954 2.58267
19.3882 -7.9299 2.55703
19.3125 -7.87869 2.53616
19.2353 -7.82397 2.51434
19.1574 -7.76636 2.49538
19.0799 -7.70771 2.4919
19.0032 -7.64937 2.4911
18.924 -7.58905 2.48996
18.8419 -7.52703 2.49982
18.7596 -7.46581 2.50362
18.6767 -7.40414 2.50024
18.5943 -7.34267 2.50214
18.5113 -7.28086 2.5004
18.4287 -7.21861 2.49132
18.3437 -7.15363 2.4864
18.2601 -7.08897 2.48
18.1755 -7.02221 2.46729
18.0909 -6.95413 2.46081
18.0089 -6.88759 2.45857
17.9266 -6.8197 2.44473
17.841 -6.74782 2.44146
17.7572 -6.67686 2.43646
17.6751 -6.60615 2.42471
17.5946 -6.53575 2.42134
17.5125 -6.46334 2.41659
17.4305 -6.38976 2.4045
17.349 -6.31583 2.40494
17.2683 -6.24221 2.39899
17.1878 -6.16806 2.39571
17.1111 -6.09746 2.39917
17.0298 -6.02294 2.39979
16.9494 -5.94891 2.39487
16.8714 -5.87683 2.39738
16.7949 -5.806 2.39115
16.7201 -5.73593 2.38622
16.6454 -5.66601 2.39235
16.5698 -5.59607 2.39901
16.493 -5.52652 2.4112
16.4152 -5.45849 2.43532
16.3358 -5.39216 2.45547
16.2543 -5.32646 2.47182
16.1722 -5.26297 2.49491
16.0895 -5.2014 2.50735
16.0052 -5.13984 2.51479
15.9193 -5.07828 2.52526
15.8325 -5.017 2.52768
15.7458 -4.95559 2.52293
15.6566 -4.89204 2.52216
15.57 -4.82932 2.50781
15.483 -4.76399 2.48689
15.3982 -4.69767 2.46969
15.3151 -4.63029 2.45093
15.2336 -4.56201 2.43683
15.1534 -4.49413 2.44168
15.0736 -4.42715 2.44539
14.9935 -4.36055 2.44998
14.8894 -4.27603 2.46951
14.8064 -4.21133 2.48966
14.7222 -4.14931 2.52373
14.6379 -4.09188 2.56256
14.5521 -4.03781 2.59671
14.4635 -3.98582 2.62507
14.3752 -3.93697 2.64695
14.2866 -3.88963 2.6555
14.1966 -3.84196 2.65289
14.1079 -3.79404 2.63991
14.0197 -3.74402 2.61119
13.9315 -3.69013 2.57529
13.8457 -3.63381 2.54666
13.7621 -3.57572 2.52114
13.6794 -3.51588 2.50946
13.5976 -3.45648 2.5181
13.5163 -3.39949 2.54169
13.4333 -3.34467 2.57411
13.3477 -3.29259 2.61579
13.2613 -3.24463 2.65443
13.1714 -3.19878 2.6859
13.0791 -3.1549 2.70908
12.9884 -3.11394 2.7261
12.8977 -3.07455 2.73776
12.8031 -3.03449 2.74372
12.711 -2.99581 2.74423
12.6212 -2.95799 2.7417
12.5277 -2.91819 2.73659
12.4413 -2.88086 2.73138
12.3514 -2.84147 2.72574
12.2636 -2.80228 2.71819
12.1769 -2.7627 2.70788
12.0932 -2.72322 2.69375
12.0095 -2.68211 2.67634
11.928 -2.64035 2.65978
11.8485 -2.59786 2.64219
11.7706 -2.55433 2.62148
11.6935 -2.50901 2.59904
11.5946 -2.44703 2.56483
11.5226 -2.39807 2.5237
11.451 -2.344 2.46554
11.3855 -2.28829 2.4092
11.3234 -2.22849 2.341
11.2667 -2.16517 2.26104
11.2159 -2.09815 2.17778
11.1717 -2.02856 2.09557
11.1331 -1.95434 2.00531
11.1025 -1.88001 1.916
11.0794 -1.80514 1.82408
11.0639 -1.72873 1.71867
11.057 -1.65289 1.60427
11.0591 -1.57657 1.48225
11.0749 -1.47938 1.33642
11.0952 -1.408 1.2515
11.1207 -1.33918 1.18033
11.1494 -1.27319 1.14177
11.181 -1.20533 1.12786
11.2129 -1.13698 1.13911
11.2425 -1.07044 1.16532
11.269 -1.00594 1.19862
11.2943 -0.937761 1.23236
11.3167 -0.870853 1.26246
11.3382 -0.801242 1.27967
11.3599 -0.728333 1.28298
11.3825 -0.65253 1.27911
11.4065 -0.573958 1.27057
11.4309 -0.49639 1.26014
11.4571 -0.41687 1.24504
11.4845 -0.337586 1.23167
11.5141 -0.254791 1.2235
11.5436 -0.174297 1.21566
11.5724 -0.0975696 1.208
11.6044 -0.0138938 1.20216
11.6357 0.0668045 1.19944
11.6776 0.173121 1.19176
11.7108 0.255687 1.18558
11.7437 0.336951 1.18537
11.7779 0.420886 1.18308
11.8136 0.507807 1.17873
11.8494 0.594268 1.17715
11.8858 0.682241 1.17972
11.9218 0.769178 1.17693
11.9584 0.857145 1.17664
11.9952 0.945563 1.17636
12.0333 1.03617 1.16908
12.0722 1.12554 1.15202
12.1128 1.21528 1.13869
12.1522 1.29875 1.12075
12.1944 1.38375 1.09928
12.2377 1.46673 1.0817
12.2815 1.54754 1.06592
12.3264 1.62658 1.04167
12.3744 1.70681 1.02245
12.4224 1.78458 1.01229
12.4733 1.86456 0.99696
12.5259 1.94433 0.97817
12.5792 2.02233 0.964652
12.6337 2.09956 0.948021
12.6895 2.17527 0.923259
12.7659 2.27395 0.899958
12.8254 2.34769 0.884711
12.8844 2.41846 0.866344
12.9446 2.48841 0.854378
13.0048 2.55675 0.842322
13.0682 2.6264 0.82301
13.1328 2.69443 0.798766
13.1999 2.76183 0.777639
13.2689 2.82801 0.750979
13.3396 2.89215 0.722242
13.4088 2.95158 0.696868
13.4871 3.01502 0.665377
13.5635 3.07274 0.628598
13.6403 3.12637 0.589997
13.7197 3.17702 0.546641
13.8003 3.22361 0.500688
13.8808 3.2651 0.451356
13.9653 3.3026 0.384558
14.0533 3.33477 0.31586
14.1431 3.3609 0.250708
14.2347 3.38097 0.180541
14.3229 3.39405 0.11408
14.4172 3.40197 0.0535142
14.5385 3.40368 -0.0254063
14.629 3.39872 -0.08382
14.721 3.38819 -0.144217
14.8076 3.37311 -0.200562
14.897 3.35258 -0.251102
14.9843 3.32789 -0.299915
15.0722 3.2984 -0.347426
15.16 3.26466 -0.386198
15.246 3.22841 -0.41174
15.3323 3.18926 -0.440565
15.4171 3.14835 -0.457975
15.5009 3.10666 -0.465787
15.5835 3.06439 -0.479828
15.6911 3.00663 -0.505298
15.7701 2.96221 -0.519691
15.8497 2.91538 -0.543765
15.9287 2.86589 -0.575534
16.007 2.81365 -0.600555
16.0857 2.75829 -0.625916
16.1611 2.70227 -0.65189
16.2386 2.64204 -0.669203
16.3176 2.57911 -0.676305
16.3964 2.51601 -0.674758
16.4735 2.45517 -0.661282
16.5806 2.37373 -0.638982
16.662 2.31334 -0.637434
16.7425 2.25383 -0.635716
16.8237 2.19392 -0.635553
16.9074 2.13177 -0.641089
16.9901 2.07005 -0.641699
17.0705 2.01022 -0.637473
17.1584 1.94498 -0.640315
17.2437 1.88161 -0.637631
17.3302 1.81777 -0.633386
17.4176 1.75364 -0.632859
17.504 1.69054 -0.629048
17.5911 1.62757 -0.622209
17.6834 1.56131 -0.623139
17.7752 1.49584 -0.616287
17.8686 1.43022 -0.608308
17.9614 1.36578 -0.605433
18.0511 1.30451 -0.593662
18.1439 1.24228 -0.587245
18.2357 1.181 -0.590432
18.3282 1.11902 -0.589983
18.4191 1.05805 -0.592134
18.5069 0.998953 -0.592131
18.5947 0.941045 -0.573796
18.6825 0.88578 -0.550447
18.7722 0.833319 -0.507638
18.8641 0.786554 -0.434129
18.9585 0.747927 -0.342634
19.0528 0.719659 -0.239645
19.1553 0.701909 -0.103345
19.253 0.698527 0.0341503
19.3513 0.709142 0.181074
19.4475 0.734208 0.328433
19.5387 0.77311 0.478212
19.6221 0.825137 0.636638
19.6948 0.888539 0.798089
19.7559 0.963106 0.971038
19.802 1.04489 1.14416
19.8326 1.13188 1.32116
19.8466 1.21647 1.49115
19.8456 1.30605 1.67351
19.8288 1.39225 1.8537
19.7978 1.47301 2.01919
19.7535 1.54983 2.1692
19.6803 1.6413 2.32162
19.5897 1.72789 2.43653
19.5132 1.78933 2.4935
19.4343 1.84711 2.52549
19.3515 1.90395 2.55419
19.2681 1.95793 2.58038
19.1787 2.0129 2.60019
19.0862 2.0674 2.61835
18.993 2.11978 2.64076
18.8969 2.17131 2.65807
18.7983 2.22165 2.68091
18.7035 2.26728 2.70461
18.601 2.31389 2.72556
18.4986 2.35787 2.74573
18.3995 2.39822 2.76467
18.2999 2.43658 2.7831
18.201 2.47289 2.79651
18.1049 2.50688 2.80662
18.007 2.54049 2.81518
17.908 2.57393 2.81656
17.8113 2.6066 2.81491
17.7134 2.64003 2.81041
17.619 2.67296 2.80149
17.5232 2.70766 2.78669
17.4289 2.74362 2.76722
17.3341 2.78209 2.74516
17.2422 2.82168 2.72448
17.1523 2.86266 2.7031
17.0605 2.90694 2.68139
16.9705 2.95249 2.6652
16.8826 2.99892 2.64565
16.7942 3.04787 2.62678
16.7077 3.09776 2.60956
16.6259 3.14707 2.58912
16.5396 3.20164 2.56568
16.4562 3.2564 2.55633
16.3752 3.3107 2.54498
16.2905 3.36877 2.53676
16.205 3.4275 2.54281
16.1192 3.48498 2.55924
16.032 3.54118 2.57878
15.9421 3.59575 2.61381
15.8517 3.64656 2.64537
15.7579 3.69549 2.67573
15.6608 3.74239 2.70808
15.5623 3.7862 2.7375
15.4571 3.82958 2.7639
15.3517 3.86973 2.79099
15.2458 3.9067 2.82041
15.1367 3.94105 2.85278
15.0276 3.97173 2.88238
14.9114 4.00005 2.92263
14.7539 4.03079 2.97501
14.6364 4.04794 3.01837
14.5158 4.05962 3.07169
14.3944 4.06562 3.11272
14.2713 4.06583 -3.11602
14.1464 4.05966 -3.06857
14.0206 4.04696 -3.01326
13.8949 4.02668 -2.95007
13.7741 3.99971 -2.89389
13.6498 3.96383 -2.82706
13.5315 3.92084 -2.75938
13.4155 3.86924 -2.68668
13.2712 3.7895 -2.58681
13.1704 3.72193 -2.51533
13.0719 3.64577 -2.4512
12.9774 3.56226 -2.38498
12.8894 3.47404 -2.32456
12.8075 3.3817 -2.26813
12.7336 3.2884 -2.21283
12.6639 3.19084 -2.16946
12.5977 3.08983 -2.13284
12.5368 2.99013 -2.10548
12.4772 2.88753 -2.08815
12.4206 2.78688 -2.07783
12.366 2.68836 -2.076
12.3084 2.58508 -2.08427
12.2495 2.48275 -2.10153
12.1893 2.38321 -2.12823
12.1263 2.28493 -2.15293
12.0619 2.18976 -2.17842
11.995 2.09633 -2.20555
11.929 2.00861 -2.22612
11.8579 1.91791 -2.24599
11.7884 1.83289 -2.26552
11.7193 1.75057 -2.2727
11.6481 1.66736 -2.28453
11.576 1.58545 -2.30061
11.5029 1.50463 -2.31106
11.4302 1.42633 -2.32741
11.357 1.3498 -2.3415
11.284 1.27499 -2.34539
11.2131 1.2031 -2.35353
11.1134 1.10401 -2.3646
11.0413 1.03322 -2.36625
10.9718 0.965426 -2.37155
10.9005 0.896306 -2.3713
10.8311 0.828606 -2.36648
10.7587 0.757843 -2.36882
10.6878 0.688875 -2.37039
10.617 0.619837 -2.36721
10.547 0.551615 -2.37216
10.477 0.48438 -2.38048
10.4088 0.419005 -2.37428
10.3424 0.354431 -2.36575
10.2766 0.289521 -2.35998
10.2114 0.224039 -2.34747
10.148 0.158119 -2.32623
10.0875 0.0933842 -2.31797
10.0258 0.0265891 -2.31653
9.96587 -0.0388892 -2.30671
9.90755 -0.103423 -2.30459
9.84995 -0.16696 -2.31
9.79135 -0.231009 -2.31351
9.73236 -0.295399 -2.31139
9.67441 -0.358159 -2.3213
9.61577 -0.420001 -2.33795
9.55672 -0.480327 -2.35305
9.49771 -0.538406 -2.37524
9.43881 -0.593255 -2.40834
9.3737 -0.649273 -2.45397
9.30753 -0.701439 -2.49398
9.23915 -0.750733 -2.54004
9.16947 -0.795914 -2.59259
9.09866 -0.836731 -2.6448
9.02715 -0.873317 -2.6926
8.95152 -0.907294 -2.7461
8.87654 -0.93598 -2.80636
8.80085 -0.959525 -2.87362
8.7238 -0.977732 -2.94546
8.64786 -0.990168 -3.01308
8.5695 -0.997957 -3.07195
8.49398 -1.00091 -3.13309
8.42009 -0.998976 3.08075
8.34704 -0.992024 3.01269
8.27496 -0.980307 2.94818
8.2025 -0.963489 2.87892
8.13194 -0.941563 2.80169
8.06393 -0.914389 2.72118
7.99857 -0.881796 2.63687
7.93624 -0.843904 2.55385
7.88014 -0.803354 2.47765
7.82426 -0.756107 2.40173
7.77335 -0.706041 2.32735
7.72782 -0.65405 2.25271
7.68803 -0.601334 2.18196
7.65401 -0.549271 2.11725
7.62398 -0.496199 2.05418
7.59798 -0.442643 1.99136
7.57639 -0.39034 1.9333
7.55852 -0.338968 1.87765
7.54412 -0.288702 1.82225
7.53277 -0.239397 1.77187
7.52315 -0.187115 1.73352
7.51508 -0.135214 1.71669
7.50703 -0.0809088 1.71899
7.49817 -0.0242313 1.73271
7.48811 0.0334973 1.75422
7.47613 0.0926127 1.78723
7.46132 0.152455 1.83954
7.4424 0.21299 1.90793
7.41906 0.272418 1.98221
7.39032 0.33178 2.0609
7.35537 0.391308 2.14254
7.31277 0.452008 2.22298
7.26476 0.510632 2.29098
7.21211 0.567196 2.3498
7.15436 0.622771 2.40094
7.09259 0.677049 2.44032
7.02848 0.729958 2.46302
6.96317 0.781369 2.48631
6.89474 0.832914 2.50573
6.82557 0.883553 2.51364
6.75695 0.933638 2.50857
6.68875 0.983788 2.50644
6.6188 1.03565 2.50069
6.54994 1.08786 2.48525
6.48105 1.14159 2.47319
6.41136 1.19695 2.46727
6.33928 1.255 2.4598
6.26583 1.3154 2.44697
6.19118 1.37758 2.44721
6.11685 1.43948 2.44711
6.04244 1.50177 2.44233
5.96784 1.56449 2.44257
5.89414 1.62609 2.44826
5.8181 1.68943 2.44591
5.7431 1.75183 2.44935
5.66888 1.81271 2.45979
5.59297 1.87393 2.466
5.51599 1.93546 2.46867
5.43943 1.99559 2.48292
5.35997 2.05615 2.49778
5.27943 2.11569 2.51221
5.19651 2.17459 2.53564
5.11251 2.23142 2.55812
5.03019 2.28524 2.56684
4.94349 2.34029 2.58491
4.85693 2.39311 2.60246
4.76945 2.44486 2.61248
4.67959 2.4964 2.62917
4.5891 2.54611 2.64932
4.49667 2.59491 2.66221
4.40047 2.64362 2.68375
4.30332 2.68994 2.70953
4.2058 2.73323 2.73807
4.10074 2.77555 2.77935
4.00212 2.80989 2.83366
3.89553 2.83975 2.90312
3.78731 2.86196 2.97526
3.67856 2.87616 3.04827
3.56928 2.88233 3.12205
3.4603 2.88071 -3.09219
3.35345 2.87156 -3.02023
3.24642 2.85428 -2.94281
3.14183 2.82928 -2.87111
3.03879 2.7967 -2.79958
2.94011 2.75749 -2.72719
2.84766 2.71291 -2.6574
2.75405 2.65939 -2.58708
2.66814 2.60232 -2.52334
2.58635 2.54006 -2.45857
2.50936 2.47369 -2.40167
2.4378 2.40622 -2.3696
2.36724 2.33477 -2.33017
2.27997 2.23873 -2.28661
2.2173 2.16505 -2.26458
2.15719 2.09064 -2.23597
2.10005 2.01641 -2.21784
2.04359 1.94112 -2.21069
1.9857 1.8631 -2.2075
1.92978 1.78742 -2.20684
1.87394 1.71247 -2.21534
1.7973 1.61131 -2.22299
1.74049 1.53723 -2.22699
1.68063 1.4609 -2.24474
1.61939 1.38529 -2.25834
1.55862 1.3118 -2.26511
1.49605 1.23788 -2.28147
1.43196 1.16522 -2.30562
1.36858 1.09629 -2.32303
1.30505 1.03054 -2.35507
1.23767 0.96534 -2.39012
1.16959 0.902734 -2.40598
1.10194 0.841427 -2.40472
1.03709 0.781758 -2.39075
0.974016 0.720111 -2.3446
0.917251 0.657069 -2.2631
0.868595 0.592119 -2.16439
0.828302 0.524303 -2.04943
0.796706 0.452382 -1.92002
0.776057 0.380407 -1.78033
0.766111 0.307262 -1.63157
0.767483 0.233088 -1.47303
0.780105 0.161842 -1.31787
0.803498 0.0938814 -1.16072
0.837332 0.03071 -0.997429
0.881276 -0.02641 -0.832667
0.932281 -0.0739375 -0.667566
0.99262 -0.113417 -0.491216
1.05673 -0.140948 -0.319974
1.12386 -0.156937 -0.147696
1.19503 -0.160965 0.0346203
1.26163 -0.15304 0.202225
1.32878 -0.133031 0.377012
1.39382 -0.100497 0.550596
1.4522 -0.0581081 0.705499
1.50377 -0.00827515 0.830994
1.55396 0.0524024 0.9284
1.59906 0.11657 0.987923
1.64445 0.188232 1.02446
1.69003 0.264525 1.04007
1.73608 0.34217 1.03087
1.78323 0.419354 1.01397
1.83197 0.496852 1.00494
1.88345 0.57666 0.990731
1.93604 0.65524 0.971333
1.99007 0.733068 0.956605
2.04371 0.808152 0.944293
2.10019 0.88441 0.922301
2.1565 0.957278 0.903588
2.21482 1.02976 0.882889
2.27524 1.10135 0.856655
2.33679 1.17012 0.824884
2.40001 1.23625 0.790862
2.46569 1.30024 0.753986
2.53121 1.35959 0.718054
2.59762 1.41518 0.675803
2.66672 1.46794 0.628451
2.73843 1.51742 0.57937
2.81237 1.56323 0.530114
2.88772 1.60438 0.469441
2.96651 1.6412 0.404964
3.04621 1.67241 0.341522
3.12945 1.69859 0.267965
3.21244 1.71759 0.182123
3.29569 1.72935 0.0986128
3.38011 1.73434 0.0195136
3.46637 1.73286 -0.053959
3.54978 1.72548 -0.122422
3.6306 1.71269 -0.191494
3.71368 1.69311 -0.271543
3.79306 1.66803 -0.340438
3.87204 1.63722 -0.403536
3.94849 1.60189 -0.462225
4.02442 1.56169 -0.511569
4.09902 1.51814 -0.545344
4.17486 1.47054 -0.575479
4.24944 1.42074 -0.602068
4.32256 1.36926 -0.624766
4.42019 1.29703 -0.649114
4.4919 1.24204 -0.659441
4.56226 1.18708 -0.666745
4.63388 1.13028 -0.674302
4.70741 1.07111 -0.680815
4.78067 1.01179 -0.680582
4.85356 0.95279 -0.680263
4.9288 0.892171 -0.676219
5.00757 0.829652 -0.665505
5.08381 0.770525 -0.653764
5.16724 0.707383 -0.641916
5.25041 0.646164 -0.627217
5.33267 0.58735 -0.614167
5.41989 0.52671 -0.600845
5.50622 0.468234 -0.589949
5.5926 0.410923 -0.581563
5.68147 0.352714 -0.578273
5.76837 0.295733 -0.582427
5.85672 0.236953 -0.591764
5.94477 0.177011 -0.603609
6.02986 0.117627 -0.615028
6.1117 0.0591554 -0.625676
6.19456 -0.00119843 -0.633379
6.27749 -0.0623672 -0.637621
6.36023 -0.12389 -0.641085
6.4438 -0.186365 -0.642816
6.52764 -0.248813 -0.637628
6.60859 -0.308389 -0.631325
6.68951 -0.367182 -0.625283
6.80067 -0.446603 -0.615432
6.8838 -0.505031 -0.609905
6.96764 -0.56325 -0.60403
7.07792 -0.638611 -0.594878
7.1559 -0.691089 -0.589803
7.23872 -0.746324 -0.586616
7.3196 -0.800107 -0.586981
7.39902 -0.853071 -0.589339
7.51812 -0.933121 -0.59426
7.56156 -0.962547 -0.596465
7.6369 -1.0137 -0.596413
7.71522 -1.06674 -0.59419
7.794 -1.11987 -0.592485
7.86959 -1.17065 -0.590529
7.94352 -1.2199 -0.584775
8.01389 -1.26596 -0.574448
8.08743 -1.31289 -0.561518
8.15866 -1.35681 -0.543582
8.23029 -1.39897 -0.520284
8.30328 -1.43951 -0.493699
8.37686 -1.47791 -0.468499
8.44935 -1.51337 -0.441143
8.52361 -1.54695 -0.408337
8.59845 -1.57781 -0.373801
8.67234 -1.60507 -0.333217
8.74495 -1.62811 -0.281223
8.81805 -1.6464 -0.20908
8.89309 -1.65929 -0.131314
8.96715 -1.66605 -0.0506115
9.04063 -1.66648 0.0389105
9.11254 -1.66008 0.138547
9.17977 -1.64718 0.240771
9.24349 -1.62784 0.348437
9.30267 -1.60266 0.456272
9.35825 -1.57167 0.560905
9.4086 -1.53658 0.656364
9.45608 -1.49614 0.754593
9.49687 -1.45406 0.847538
9.53276 -1.40959 0.935808
9.56326 -1.36445 1.01733
9.5907 -1.3156 1.10058
9.61332 -1.26652 1.17734
9.63232 -1.21573 1.24839
9.64794 -1.16452 1.30111
9.66117 -1.11267 1.34076
9.67301 -1.05938 1.36364
9.684 -1.00622 1.37009
9.69546 -0.952731 1.34938
9.70864 -0.899979 1.30282
9.72493 -0.847361 1.23817
9.74415 -0.797288 1.17033
9.76468 -0.753504 1.09451
9.78757 -0.718103 0.899246
9.80967 -0.694289 0.746158
9.83614 -0.673191 0.599389
9.86445 -0.65635 0.474067
9.89936 -0.642043 0.303869
9.92542 -0.635527 0.186055
9.94981 -0.632327 0.0749805
9.97318 -0.631859 -0.0349717
9.99343 -0.633541 -0.130834
10.0127 -0.63691 -0.215888
10.03 -0.641421 -0.29273
10.0454 -0.646667 -0.363695
10.059 -0.652371 -0.429301
10.0715 -0.658532 -0.488769
10.0822 -0.664601 -0.540802
10.09 -0.669489 -0.581515
10.0947 -0.672658 -0.606409
10.0966 -0.673983 -0.614878
10.0942 -0.67228 -0.608313
10.0887 -0.668548 -0.596048
10.0813 -0.663545 -0.586038
10.0717 -0.657223 -0.582175
10.0605 -0.649809 -0.585494
10.0481 -0.641469 -0.595996
10.0358 -0.633045 -0.607795
10.0246 -0.625153 -0.617861
10.0143 -0.617798 -0.626282
10.0049 -0.610932 -0.633143
9.99638 -0.604636 -0.63905
9.98779 -0.598222 -0.644439
9.97959 -0.592043 -0.646626
9.9717 -0.586091 -0.645873
9.9636 -0.579994 -0.64486
9.95558 -0.573962 -0.644452
9.94808 -0.568342 -0.642746
9.94195 -0.563776 -0.636624
9.93699 -0.560142 -0.628769
9.9333 -0.557483 -0.620478
9.93052 -0.55551 -0.613481
9.92855 -0.554128 -0.609422
9.92751 -0.553401 -0.607349
9.92787 -0.553654 -0.607089
9.92907 -0.55449 -0.608815
9.93045 -0.555449 -0.608724
9.93152 -0.556198 -0.607337
9.93233 -0.556758 -0.60621
9.93255 -0.556912 -0.605345
9.93252 -0.55689 -0.605864
9.93247 -0.556857 -0.605778
9.93276 -0.557054 -0.605777
9.93342 -0.557515 -0.606467
9.93366 -0.55768 -0.60465
9.93304 -0.557256 -0.596608
9.93165 -0.556327 -0.579055
9.92867 -0.55445 -0.545248
9.92304 -0.551221 -0.496746
9.91437 -0.546871 -0.432942
9.90349 -0.5423 -0.362313
9.89132 -0.538184 -0.290129
9.87882 -0.534923 -0.220194
9.86698 -0.53264 -0.160894
9.86376 -0.532159 -0.135908
9.86842 -0.532783 -0.130361
9.87437 -0.533531 -0.119708
9.87936 -0.53406 -0.0920207
9.88575 -0.53448 -0.0390754
9.89417 -0.534523 0.028837
9.9053 -0.533773 0.105838
9.91896 -0.53177 0.185265
9.93479 -0.528197 0.258646
9.95155 -0.523132 0.328397
9.96964 -0.516364 0.387601
9.98848 -0.508124 0.436863
10.0085 -0.49826 0.477826
10.0295 -0.486967 0.510058
10.0506 -0.474834 0.535458
10.073 -0.461038 0.565967
10.096 -0.445929 0.599158
10.1202 -0.428771 0.630972
10.1459 -0.409364 0.663571
10.1731 -0.387391 0.69756
10.2015 -0.362643 0.733112
10.2323 -0.334168 0.759854
10.2629 -0.304569 0.778813
10.295 -0.27236 0.794406
10.3282 -0.238153 0.806892
10.364 -0.200362 0.817572
10.4144 -0.145924 0.830209
10.4538 -0.102349 0.841598
10.4939 -0.0570299 0.852212
10.535 -0.00953744 0.862227
10.5795 0.0430849 0.873728
10.6262 0.0994068 0.884546
10.6725 0.156534 0.894933
10.7177 0.213608 0.905838
10.7649 0.274538 0.91805
10.8123 0.336922 0.925336
10.8606 0.401297 0.927351
10.9083 0.465119 0.930575
10.9573 0.531277 0.935709
11.024 0.622133 0.939966
11.0731 0.689556 0.943718
11.1228 0.758727 0.950675
11.1731 0.829724 0.957809
11.2259 0.90482 0.95942
11.277 0.977984 0.961803
11.3296 1.05385 0.967307
11.3836 1.13228 0.968667
11.437 1.20978 0.965873
11.4915 1.28861 0.966196
11.5481 1.37018 0.961858
11.6051 1.45077 0.949562
11.6629 1.53058 0.937957
11.7232 1.61162 0.924542
11.7851 1.69238 0.908967
11.8475 1.77166 0.898406
11.913 1.85305 0.887767
11.9818 1.93628 0.873158
12.0517 2.01836 0.857771
12.1225 2.09892 0.84195
12.1951 2.1787 0.823017
12.2654 2.25329 0.806233
12.3416 2.33114 0.786611
12.4168 2.40502 0.766374
12.4942 2.4777 0.741037
12.5754 2.5501 0.71536
12.6588 2.62091 0.692193
12.7441 2.68947 0.661675
12.8334 2.75675 0.630211
12.9245 2.82103 0.598574
13.0179 2.8821 0.559412
13.1124 2.93877 0.521112
13.2134 2.99402 0.48023
13.3144 3.04351 0.430605
13.4178 3.08836 0.38816
13.5271 3.13017 0.342785
13.6347 3.16565 0.293941
13.7428 3.19621 0.257376
13.8552 3.22314 0.212862
13.9675 3.24472 0.166788
14.0818 3.26121 0.119766
14.1961 3.27226 0.0730019
14.3109 3.2777 0.021654
14.4292 3.27647 -0.0424848
14.5443 3.26815 -0.101875
14.6587 3.25251 -0.16974
14.7713 3.22982 -0.227921
14.883 3.20102 -0.277019
14.9878 3.16833 -0.327515
15.1005 3.12773 -0.364407
15.2441 3.06966 -0.404067
15.347 3.0243 -0.426188
15.45 2.97692 -0.4362
15.553 2.92807 -0.449496
15.6531 2.87912 -0.459945
15.7577 2.82669 -0.469428
15.8621 2.77299 -0.48064
15.9627 2.71993 -0.490132
16.0979 2.64596 -0.511372
16.1979 2.58838 -0.533573
16.2988 2.527 -0.558881
16.3979 2.46319 -0.585832
16.4939 2.39752 -0.613825
16.588 2.32913 -0.643202
16.6838 2.25507 -0.672394
16.7763 2.17861 -0.709373
16.8662 2.09881 -0.742892
16.9512 2.01796 -0.777109
17.0346 1.93306 -0.812534
17.1145 1.84663 -0.835594
17.1912 1.75977 -0.860301
17.2677 1.66976 -0.872204
17.3418 1.5817 -0.869843
17.4146 1.4951 -0.873974
17.4873 1.40863 -0.870149
17.5578 1.32564 -0.862874
17.632 1.23857 -0.866915
17.7069 1.15097 -0.859106
17.7795 1.06729 -0.853816
17.8528 0.983349 -0.852242
17.9268 0.899594 -0.842107
18.0002 0.818137 -0.831976
18.0764 0.735184 -0.823827
18.1519 0.655409 -0.802799
18.2295 0.57622 -0.787476
18.3075 0.499273 -0.770426
18.3843 0.426316 -0.749148
18.4654 0.351631 -0.739189
18.544 0.280374 -0.733305
18.6208 0.211771 -0.724921
18.6966 0.144734 -0.723805
18.7713 0.0785069 -0.726499
18.8448 0.0134825 -0.722018
18.9221 -0.0546903 -0.723406
18.9978 -0.12169 -0.725059
19.0726 -0.187773 -0.722044
19.1453 -0.251784 -0.722151
19.2195 -0.317246 -0.724414
19.3168 -0.403096 -0.72098
19.3919 -0.469197 -0.722894
19.4652 -0.53413 -0.726284
19.5424 -0.602143 -0.719284
19.6158 -0.666189 -0.714719
19.6949 -0.734601 -0.711865
19.7747 -0.802969 -0.704686
19.88 -0.891712 -0.695524
19.9608 -0.958784 -0.690335
20.0393 -1.02305 -0.682387
20.1199 -1.08841 -0.680054
20.2006 -1.15374 -0.681181
20.2806 -1.21885 -0.684731
20.3573 -1.28225 -0.697199
20.4327 -1.34649 -0.713991
20.5061 -1.41085 -0.725166
20.5777 -1.47504 -0.737296
20.6442 -1.53653 -0.755406
20.7117 -1.60082 -0.766851
20.7755 -1.66296 -0.776231
20.8341 -1.72136 -0.791248
20.8923 -1.78104 -0.806004
20.9668 -1.85946 -0.815249
21.0202 -1.91659 -0.823013
21.0736 -1.97471 -0.833542
21.1279 -2.03492 -0.840433
21.1835 -2.09686 -0.836768
21.2437 -2.16338 -0.834902
21.3054 -2.23134 -0.830956
21.3704 -2.30142 -0.815585
21.4388 -2.3724 -0.79199
21.5082 -2.44193 -0.780849
21.5867 -2.51853 -0.766048
21.6683 -2.59602 -0.75297
21.7479 -2.66999 -0.743966
21.8277 -2.74231 -0.728738
21.9063 -2.81135 -0.713171
21.9822 -2.87662 -0.707215
22.0567 -2.93958 -0.696077
22.1335 -3.00298 -0.684068
22.2061 -3.06178 -0.677091
22.2815 -3.12185 -0.668809
22.3506 -3.17572 -0.655793
22.4223 -3.23035 -0.646143
22.492 -3.28242 -0.637452
22.561 -3.33303 -0.6279
22.6272 -3.38063 -0.61879
22.6937 -3.42758 -0.610978
22.7597 -3.47339 -0.602736
22.824 -3.5172 -0.592684
22.8857 -3.55837 -0.583592
22.9468 -3.59832 -0.575714
23.0078 -3.63762 -0.567838
23.067 -3.67506 -0.559967
23.1261 -3.71172 -0.551665
23.1821 -3.74599 -0.545449
23.2376 -3.77944 -0.539926
23.293 -3.81242 -0.534145
23.3632 -3.85357 -0.526679
23.4155 -3.88391 -0.523157
23.4668 -3.91356 -0.526037
23.518 -3.94379 -0.54016
23.5733 -3.97848 -0.580301
23.6437 -4.02906 -0.665536
23.6965 -4.07394 -0.744758
23.7465 -4.12431 -0.832279
23.7932 -4.17966 -0.907429
23.8366 -4.23852 -0.965107
23.8774 -4.30087 -1.0156
23.9149 -4.36492 -1.06697
23.9511 -4.43548 -1.12722
23.9817 -4.50476 -1.18325
24.0082 -4.57569 -1.24231
24.0316 -4.65212 -1.30594
24.0497 -4.72796 -1.36585
24.0637 -4.80751 -1.42879
24.0729 -4.89252 -1.49724
24.0766 -4.97751 -1.55731
24.0752 -5.06252 -1.61617
24.0686 -5.14853 -1.67953
24.0567 -5.23373 -1.7389
24.04 -5.31836 -1.79223
24.0185 -5.40314 -1.84589
23.9925 -5.48592 -1.90371
23.9623 -5.56643 -1.95746
23.9278 -5.64592 -2.00265
23.8882 -5.72823 -2.0359
23.8458 -5.81058 -2.0553
23.8043 -5.88888 -2.06243
23.76 -5.97147 -2.06272
23.7149 -6.05605 -2.05911
23.6712 -6.13797 -2.06217
23.6254 -6.22239 -2.07334
23.5783 -6.30665 -2.08859
23.5299 -6.38933 -2.11144
23.4781 -6.47291 -2.13948
23.4225 -6.5579 -2.16215
23.3656 -6.64117 -2.17712
23.3045 -6.7273 -2.1996
23.2417 -6.81266 -2.21076
23.1798 -6.89493 -2.22053
23.1154 -6.97813 -2.23887
23.0493 -7.06049 -2.25461
22.9827 -7.14128 -2.26637
22.9143 -7.22149 -2.28661
22.8448 -7.30052 -2.29845
22.7745 -7.37891 -2.30537
22.7005 -7.45953 -2.32102
22.6028 -7.56301 -2.33372
22.5281 -7.64015 -2.34652
22.4291 -7.73992 -2.35836
22.3542 -7.81506 -2.35084
22.2823 -7.88796 -2.34799
22.209 -7.96374 -2.33129
22.1373 -8.04141 -2.2999
22.0697 -8.11958 -2.26842
22.0043 -8.20025 -2.23513
21.9419 -8.283 -2.19837
21.8829 -8.36641 -2.1746
21.8247 -8.45278 -2.15358
21.7696 -8.53851 -2.13015
21.7168 -8.62451 -2.11373
21.6656 -8.70964 -2.11063
21.6154 -8.79354 -2.10814
21.5464 -8.90752 -2.12286
21.4929 -8.99194 -2.1489
21.4378 -9.07332 -2.18152
21.3796 -9.15246 -2.22902
21.3185 -9.22749 -2.27964
21.2524 -9.30091 -2.32774
21.1836 -9.36975 -2.38354
21.1119 -9.43352 -2.44661
21.037 -9.49236 -2.50501
20.9589 -9.54635 -2.56765
20.882 -9.59275 -2.63065
20.7996 -9.63537 -2.69753
20.7162 -9.67154 -2.76719
20.6311 -9.70157 -2.83737
20.5456 -9.72515 -2.90755
20.4594 -9.74245 -2.97955
20.3729 -9.75354 -3.04869
20.2829 -9.75931 -3.1065
20.194 -9.75986 3.11896
20.1068 -9.75529 3.05959
20.0202 -9.74587 3.00687
19.9369 -9.73267 2.96194
19.8452 -9.71409 2.92161
19.7583 -9.69348 2.89562
19.6374 -9.66147 2.86981
19.5473 -9.6356 2.85396
19.4569 -9.60815 2.84001
19.3613 -9.57742 2.8208
19.2662 -9.54474 2.80098
19.1733 -9.51079 2.78142
19.0817 -9.47512 2.75848
18.9886 -9.43632 2.73556
18.8954 -9.39547 2.72128
18.8014 -9.35242 2.70268
18.7062 -9.30689 2.68893
18.6121 -9.26088 2.68469
18.4857 -9.19799 2.67475
18.3897 -9.14943 2.67199
18.2946 -9.10128 2.67381
18.1992 -9.05272 2.66733
18.1019 -9.00288 2.66907
18.0056 -8.95385 2.67228
17.9107 -8.90531 2.66554
17.812 -8.85412 2.66097
17.7136 -8.80254 2.65674
17.6137 -8.74898 2.64224
17.512 -8.69337 2.63958
17.4146 -8.63938 2.63147
17.3195 -8.58543 2.61963
17.2192 -8.52733 2.61378
17.1219 -8.46973 2.60005
17.0251 -8.41059 2.58658
16.9298 -8.35139 2.58443
16.8317 -8.28971 2.57624
16.7353 -8.22813 2.5703
16.6391 -8.16592 2.56479
16.5444 -8.10299 2.54518
16.4524 -8.03985 2.53516
16.3616 -7.9758 2.51926
16.2736 -7.91074 2.49108
16.187 -7.84243 2.45598
16.1032 -7.77061 2.4105
16.0239 -7.69506 2.34937
15.9483 -7.61416 2.29542
15.8775 -7.53007 2.24665
15.8101 -7.44238 2.20515
15.7441 -7.34973 2.17464
15.68 -7.25528 2.15936
15.6192 -7.16351 2.15263
15.5581 -7.07007 2.14702
15.4995 -6.97956 2.14383
15.4384 -6.88434 2.13805
15.3788 -6.79017 2.13331
15.3177 -6.694 2.13922
15.2565 -6.59863 2.1446
15.1943 -6.50317 2.15163
15.1288 -6.40441 2.16083
15.0627 -6.30649 2.16795
14.9941 -6.20708 2.18261
14.9253 -6.11126 2.20426
14.8526 -6.01499 2.23068
14.7784 -5.92164 2.25398
14.7012 -5.82882 2.27538
14.6221 -5.73778 2.29678
14.5445 -5.65217 2.31774
14.4651 -5.56875 2.34501
14.3843 -5.48789 2.36682
14.3038 -5.41027 2.38163
14.2221 -5.33385 2.39782
14.1405 -5.25952 2.40813
14.0603 -5.18819 2.4205
13.979 -5.11748 2.43089
13.8994 -5.04894 2.43106
13.8174 -4.97817 2.42769
13.7329 -4.90511 2.43005
13.6494 -4.83253 2.42176
13.5654 -4.75869 2.41884
13.4838 -4.68688 2.42092
13.3982 -4.6117 2.42086
13.3153 -4.54002 2.43695
13.2288 -4.46898 2.47122
13.1402 -4.40179 2.51396
13.0479 -4.33866 2.56933
12.9525 -4.28029 2.61605
12.8539 -4.22557 2.65395
12.7518 -4.1741 2.6954
12.6483 -4.12593 2.71661
12.5406 -4.0783 2.73333
12.4326 -4.03247 2.74772
12.3236 -3.98711 2.74646
12.2127 -3.94081 2.74598
12.1041 -3.89536 2.74436
11.9946 -3.84916 2.74051
11.8864 -3.80365 2.74616
11.7836 -3.76113 2.75292
11.6719 -3.71593 2.76126
11.5634 -3.67383 2.7811
11.4544 -3.6335 2.79358
11.344 -3.59441 2.80874
11.2362 -3.55777 2.81914
11.124 -3.52048 2.82238
11.0128 -3.48398 2.82699
10.9035 -3.44826 2.8239
10.7939 -3.41185 2.81779
10.687 -3.37589 2.81642
10.5813 -3.33999 2.8122
10.4745 -3.30314 2.80634
10.3692 -3.26649 2.80722
10.265 -3.22991 2.80058
10.1613 -3.19287 2.79627
10.0607 -3.15647 2.7929
9.96309 -3.12036 2.78165
9.86261 -3.08211 2.77396
9.76549 -3.04438 2.76808
9.67146 -3.0069 2.75666
9.57743 -2.96837 2.74878
9.48779 -2.93094 2.74322
9.39467 -2.89088 2.72747
9.30386 -2.85022 2.71371
9.21562 -2.80961 2.70677
9.12755 -2.76791 2.69205
9.04345 -2.7265 2.67594
8.95681 -2.68266 2.67038
8.8736 -2.63978 2.66127
8.79043 -2.59551 2.64352
8.70932 -2.55078 2.63172
8.62865 -2.50504 2.61993
8.55076 -2.45921 2.59957
8.47329 -2.41163 2.58215
8.39833 -2.36436 2.57571
8.326 -2.31779 2.56339
8.25342 -2.26947 2.54501
8.18316 -2.22117 2.53372
8.1133 -2.17238 2.53029
8.04741 -2.12583 2.52262
7.98058 -2.07775 2.51331
7.91664 -2.0312 2.51117
7.85482 -1.98597 2.50886
7.79288 -1.94014 2.50031
7.73061 -1.893 2.48675
7.67137 -1.84718 2.47976
7.61393 -1.80226 2.47596
7.55748 -1.75759 2.4687
7.50002 -1.71118 2.45548
7.44509 -1.66583 2.44744
7.3917 -1.62118 2.44277
7.34109 -1.57834 2.43541
7.28964 -1.53394 2.42407
7.24222 -1.4921 2.41299
7.1972 -1.45156 2.40414
7.15251 -1.41069 2.39729
7.10998 -1.37123 2.38991
7.06966 -1.33322 2.38157
7.03169 -1.2968 2.37253
6.99573 -1.26176 2.36574
6.96032 -1.22686 2.36102
6.92605 -1.19279 2.35733
6.89351 -1.16017 2.35269
6.86051 -1.12671 2.3458
6.82942 -1.0947 2.33726
6.80026 -1.06417 2.32932
6.77183 -1.03396 2.32276
6.745 -1.00512 2.31715
6.71922 -0.977126 2.31284
6.69416 -0.949675 2.30852
6.67048 -0.923498 2.30394
6.64727 -0.897644 2.30065
6.62376 -0.871394 2.30203
6.59849 -0.843405 2.30844
6.5715 -0.814034 2.31944
6.54157 -0.782262 2.33312
6.50946 -0.74909 2.3469
6.47077 -0.710276 2.36226
6.43021 -0.670744 2.37563
6.38666 -0.629298 2.38633
6.34147 -0.58715 2.39574
6.29501 -0.544641 2.40541
6.2461 -0.500783 2.41569
6.19388 -0.454857 2.42477
6.14148 -0.409436 2.43022
6.08877 -0.364456 2.44007
6.03365 -0.3185 2.45305
5.977 -0.27232 2.46231
5.91513 -0.222026 2.45576
5.85375 -0.171254 2.44524
5.79316 -0.120196 2.43748
5.72743 -0.0638584 2.42861
5.66378 -0.00813802 2.41636
5.60123 0.0476912 2.40939
5.53792 0.104457 2.41194
5.47223 0.163301 2.41034
5.40708 0.221946 2.40701
5.34141 0.281252 2.40706
5.2766 0.339636 2.40961
5.20948 0.399974 2.40914
5.14337 0.459218 2.41273
5.07674 0.517999 2.42463
5.00907 0.576057 2.44033
4.94066 0.63284 2.45733
4.87325 0.686247 2.48582
4.80143 0.739315 2.52462
4.7279 0.789475 2.56125
4.65377 0.836038 2.60029
4.5784 0.879092 2.64479
4.47602 0.931294 2.69541
4.39753 0.96739 2.72563
4.31744 1.00127 2.75724
4.23643 1.03247 2.79058
4.15704 1.06051 2.81354
4.07729 1.0868 2.83294
3.99504 1.11198 2.85599
3.91318 1.13509 2.87678
3.83253 1.15624 2.89351
3.75136 1.17616 2.9085
3.66798 1.19531 2.92307
3.58816 1.21195 2.94896
3.51127 1.22448 3.01134
3.4338 1.23222 3.07276
3.3546 1.23591 3.11724
3.27524 1.23683 -3.14058
3.19408 1.23618 -3.12637
3.10538 1.23444 -3.11768
3.0181 1.23204 -3.11063
2.9301 1.22831 -3.08766
2.84147 1.22227 -3.0596
2.75106 1.21349 -3.02979
2.65768 1.20143 -2.99652
2.5631 1.18575 -2.95814
2.47108 1.16725 -2.92825
2.37518 1.14527 -2.90431
2.28107 1.12094 -2.87293
2.18884 1.09417 -2.84519
2.09429 1.06402 -2.82073
1.99966 1.03102 -2.79134
1.90709 0.995573 -2.76047
1.81542 0.957858 -2.74207
1.72386 0.918364 -2.72669
1.63422 0.87807 -2.71157
1.51455 0.822557 -2.70294
1.42579 0.780607 -2.69725
1.33815 0.73858 -2.69164
1.24872 0.69558 -2.6952
1.16031 0.653691 -2.703
1.0699 0.611808 -2.71253
0.982003 0.572554 -2.73063
0.892857 0.534566 -2.74691
0.805643 0.498646 -2.75489
0.720389 0.464352 -2.7634
0.634648 0.430711 -2.77199
0.548676 0.397604 -2.776
0.46626 0.365991 -2.77466
0.385029 0.334837 -2.77609
0.303917 0.303641 -2.77276
0.224683 0.27256 -2.76277
0.14888 0.241925 -2.75228
0.073911 0.211031 -2.74914
-0.000452279 0.180083 -2.74531
-0.0728849 0.149517 -2.73923
-0.14322 0.119432 -2.73558
-0.21091 0.0903705 -2.73653
-0.28031 0.0605488 -2.73495
-0.347581 0.031292 -2.72777
-0.410369 0.0035189 -2.7225
-0.474763 -0.0252416 -2.72059
-0.535955 -0.0526669 -2.71991
-0.590608 -0.0772512 -2.71786
-0.633423 -0.0966783 -2.71341
-0.666054 -0.111643 -2.70978
-0.690076 -0.122777 -2.70539
-0.707121 -0.130769 -2.70093
-0.715286 -0.134645 -2.69581
-0.716937 -0.135437 -2.69278
-0.715165 -0.134586 -2.69503
-0.711581 -0.132878 -2.6985
-0.707628 -0.131005 -2.69998
-0.704597 -0.129572 -2.70016
-0.702645 -0.12865 -2.69999
-0.702262 -0.128469 -2.70069
-0.702767 -0.128708 -2.7006
-0.703552 -0.129078 -2.70034
-0.704144 -0.129358 -2.69999
-0.70444 -0.129498 -2.6999
-0.704458 -0.129506 -2.69982
-0.704301 -0.129432 -2.6999
-0.704301 -0.129432 -2.6999
-0.704336 -0.129448 -2.6999
-0.70437 -0.129465 -2.6999
-0.70437 -0.129465 -2.6999
-0.704353 -0.129457 -2.69982
-0.704336 -0.129448 -2.6999
-0.70437 -0.129465 -2.6999
-0.704388 -0.129473 -2.69999
-0.704388 -0.129473 -2.69999
-0.70437 -0.129465 -2.6999
-0.70437 -0.129465 -2.6999
-0.70437 -0.129465 -2.6999
-0.70437 -0.129465 -2.6999
-0.70437 -0.129465 -2.6999
-0.70437 -0.129465 -2.6999
-0.70437 -0.129465 -2.6999
-0.704388 -0.129473 -2.69982
-0.704388 -0.129473 -2.69982
-0.704388 -0.129473 -2.69982
-0.704388 -0.129473 -2.69982
-0.704388 -0.129473 -2.69982
-0.704388 -0.129473 -2.69982
-0.704388 -0.129473 -2.69982
-0.704388 -0.129473 -2.69982
-0.704388 -0.129473 -2.69982
-0.704388 -0.129473 -2.69982
-0.704388 -0.129473 -2.69982
-0.704388 -0.129473 -2.69982
-0.704388 -0.129473 -2.69982
-0.704388 -0.129473 -2.69982
-0.704388 -0.129473 -2.69982
-0.704388 -0.129473 -2.69982
-0.704388 -0.129473 -2.69982
-0.70437 -0.129465 -2.6999
-0.70437 -0.129465 -2.6999
-0.704405 -0.129481 -2.6999
-0.704388 -0.129473 -2.69982
-0.704388 -0.129473 -2.69982
-0.704405 -0.129481 -2.6999
-0.704405 -0.129481 -2.6999
-0.704388 -0.129473 -2.69982
-0.704388 -0.129473 -2.69982
-0.704283 -0.129424 -2.69982
-0.704127 -0.129349 -2.70008
-0.703499 -0.129054 -2.7025
-0.700575 -0.127705 -2.71626
-0.694933 -0.125256 -2.74784
-0.68687 -0.122153 -2.80062
-0.676829 -0.118985 -2.87139
-0.665459 -0.116361 -2.95817
-0.65411 -0.114792 -3.05021
-0.642973 -0.114282 -3.1414
-0.629661 -0.114904 3.04792
-0.620281 -0.116043 2.99358
-0.611632 -0.117509 2.95386
-0.604644 -0.11894 2.92548
-0.599142 -0.120217 2.90151
-0.595741 -0.121081 2.8842
-0.594065 -0.12153 2.87555
-0.593637 -0.121647 2.8739
-0.59453 -0.121404 2.87719
-0.595554 -0.121129 2.88178
-0.596449 -0.120893 2.88645
-0.597195 -0.1207 2.88939
-0.597662 -0.12058 2.89156
-0.597681 -0.120575 2.89199
-0.597662 -0.12058 2.89173
-0.597737 -0.120561 2.8919
-0.597718 -0.120566 2.89216
-0.597718 -0.120566 2.89216
-0.597737 -0.120561 2.89207
-0.597755 -0.120556 2.89233
-0.597755 -0.120556 2.89233
-0.597755 -0.120556 2.89233
-0.597774 -0.120551 2.89242
-0.597793 -0.120547 2.89233
-0.597812 -0.120542 2.89242
-0.597812 -0.120542 2.89242
-0.59783 -0.120537 2.89251
-0.597849 -0.120532 2.89259
-0.597849 -0.120532 2.89259
-0.597849 -0.120532 2.89259
-0.59783 -0.120537 2.89268
-0.597849 -0.120532 2.89277
-0.597849 -0.120532 2.89259
-0.597849 -0.120532 2.89259
-0.597868 -0.120528 2.89268
-0.597886 -0.120523 2.89277
-0.597868 -0.120528 2.89268
-0.597849 -0.120532 2.89277
-0.597868 -0.120528 2.89285
-0.597886 -0.120523 2.89277
-0.597868 -0.120528 2.89285
-0.597868 -0.120528 2.89285
-0.597905 -0.120518 2.89285
-0.597886 -0.120523 2.89294
-0.597886 -0.120523 2.89294
-0.597886 -0.120523 2.89294
-0.597886 -0.120523 2.89294
-0.597905 -0.120518 2.89285
-0.597924 -0.120513 2.89294
-0.597924 -0.120513 2.89294
-0.597905 -0.120518 2.89285
-0.597905 -0.120518 2.89285
