1539939458767757 11208028 11560174
1539939458877632 11208029 11560175
1539939458987402 11208026 11560175
1539939459042443 11208027 11560175
1539939459152475 11208028 11560175
1539939459262003 11208027 11560175
1539939459375971 11208026 11560175
1539939459482886 11208027 11560174
1539939459593950 11208027 11560175
1539939459647869 11208027 11560174
1539939459757645 11208029 11560174
1539939459867457 11208028 11560174
1539939459981260 11208028 11560175
1539939460032905 11208028 11560174
1539939460143221 11208029 11560174
1539939460252971 11208029 11560174
1539939460362943 11208029 11560174
1539939460476900 11208028 11560174
1539939460582512 11208029 11560175
1539939460637446 11208028 11560174
1539939460748486 11208029 11560175
1539939460857505 11208029 11560174
1539939460967339 11208028 11560174
1539939461027114 11208028 11560174
1539939461132613 11208029 11560175
1539939461242723 11208028 11560174
1539939461352848 11208028 11560174
1539939461462697 11208029 11560175
1539939461517614 11208029 11560174
1539939461682442 11208028 11560173
1539939461737559 11208027 11560171
1539939461847543 11208030 11560177
1539939461957230 11208028 11560172
1539939462067036 11208028 11560175
1539939462178049 11208029 11560174
1539939462232781 11208028 11560175
1539939462342826 11208028 11560174
1539939462452839 11208028 11560175
1539939462562476 11208028 11560174
1539939462617646 11208028 11560175
1539939462783524 11208028 11560174
1539939462837163 11208029 11560174
1539939462948198 11208029 11560174
1539939463058360 11208028 11560175
1539939463168466 11208028 11560174
1539939463225780 11208029 11560174
1539939463332647 11208028 11560175
1539939463442454 11208028 11560175
1539939463552351 11208028 11560175
1539939463662263 11208028 11560174
1539939463776156 11208029 11560175
1539939463882994 11208029 11560174
1539939463938057 11208028 11560175
1539939464047781 11208028 11560174
1539939464158752 11208028 11560174
1539939464267573 11208028 11560175
1539939464379617 11208029 11560174
1539939464434918 11208029 11560174
1539939464542225 11208028 11560174
1539939464653072 11208028 11560174
1539939464762996 11208028 11560175
1539939464875891 11208029 11560175
1539939464982822 11208028 11560175
1539939465037705 11208028 11560174
1539939465148790 11208029 11560175
1539939465257550 11208029 11560174
1539939465369464 11208029 11560175
1539939465478454 11208029 11560175
1539939465532922 11208029 11560174
1539939465643975 11208028 11560175
1539939465753232 11208029 11560175
1539939465863077 11208029 11560174
1539939465975975 11208028 11560174
1539939466030474 11208029 11560174
1539939466137534 11208029 11560175
1539939466247599 11208028 11560174
1539939466357286 11208029 11560174
1539939466413247 11208028 11560174
1539939466579089 11208029 11560174
1539939466742831 11208028 11560174
1539939466797976 11208029 11560175
1539939466907753 11208029 11560175
1539939467017629 11208029 11560174
1539939467182621 11208029 11560174
1539939467237420 11208028 11560174
1539939467348365 11208029 11560175
1539939467458378 11208028 11560174
1539939467568184 11208029 11560174
1539939467626133 11208029 11560174
1539939467733049 11208029 11560175
1539939467843090 11208029 11560174
1539939467952642 11208028 11560174
1539939468063686 11208029 11560175
1539939468117674 11208029 11560174
1539939468284200 11208032 11560177
1539939468338416 11208038 11560178
1539939468448049 11208031 11560174
1539939468558287 11208026 11560176
1539939468668070 11208038 11560175
1539939468726193 11208037 11560175
1539939468832699 11208032 11560174
1539939468945651 11208036 11560174
1539939469052715 11208046 11560164
1539939469108610 11208047 11560165
1539939469278111 11208050 11560158
1539939469329278 11208052 11560145
1539939469438480 11208050 11560113
1539939469548127 11208058 11560090
1539939469657867 11208096 11560089
1539939469713228 11208132 11560091
1539939469879216 11208292 11560122
1539939469932713 11208392 11560129
1539939470043715 11208721 11560130
1539939470153563 11209245 11560104
1539939470263545 11209948 11560083
1539939470376377 11210813 11560078
1539939470483002 11211780 11560093
1539939470538145 11212279 11560108
1539939470647906 11213317 11560136
1539939470758715 11214392 11560140
1539939470812711 11214939 11560137
1539939470979639 11216625 11560137
1539939471034139 11217225 11560136
1539939471143452 11218471 11560145
1539939471254608 11219788 11560150
1539939471363015 11221166 11560161
1539939471476932 11222559 11560165
1539939471532734 11223258 11560175
1539939471639824 11224702 11560186
1539939471750180 11226175 11560199
1539939471858498 11227720 11560201
1539939471913461 11228501 11560203
1539939472079869 11230833 11560231
1539939472133427 11231592 11560247
1539939472243566 11233081 11560274
1539939472353444 11234547 11560304
1539939472462956 11235982 11560345
1539939472517859 11236691 11560384
1539939472629738 11238072 11560488
1539939472738714 11239372 11560647
1539939472848641 11240608 11560881
1539939472958613 11241792 11561186
1539939473068412 11242947 11561581
1539939473181607 11244068 11562073
1539939473233777 11244609 11562367
1539939473343914 11245650 11563076
1539939473454889 11246593 11563917
1539939473565003 11247461 11564842
1539939473621208 11247885 11565327
1539939473728911 11248725 11566322
1539939473838609 11249601 11567410
1539939473948480 11250496 11568510
1539939474058357 11251450 11569691
1539939474168331 11252499 11570991
1539939474226055 11253043 11571677
1539939474333807 11254147 11573112
1539939474443690 11255202 11574528
1539939474553658 11256218 11575915
1539939474663662 11257228 11577295
1539939474777065 11258277 11578664
1539939474828599 11258858 11579392
1539939474938495 11260149 11580984
1539939475048389 11261541 11582728
1539939475158291 11263034 11584624
1539939475270046 11264603 11586568
1539939475378849 11266270 11588603
1539939475488839 11268053 11590778
1539939475543949 11268987 11591915
1539939475708488 11271896 11595425
1539939475763477 11272896 11596664
1539939475876398 11274955 11599302
1539939475983422 11277070 11602070
1539939476038332 11278123 11603451
1539939476204082 11281231 11607755
1539939476259015 11282278 11609222
1539939476368814 11284476 11612111
1539939476425932 11285660 11613583
1539939476588700 11289239 11618033
1539939476644182 11290418 11619442
1539939476753482 11292903 11622278
1539939476863393 11295540 11625166
1539939476976176 11298176 11627980
1539939477083734 11300899 11630758
1539939477194076 11303733 11633553
1539939477249485 11305149 11634915
1539939477358957 11308032 11637564
1539939477468745 11311032 11640267
1539939477579817 11313957 11642994
1539939477633585 11315389 11644329
1539939477748481 11318312 11647043
1539939477855383 11321213 11649871
1539939477963408 11324025 11652677
1539939478076228 11326863 11655510
1539939478183111 11329649 11658442
1539939478293941 11332341 11661307
1539939478349060 11333712 11662745
1539939478458801 11336483 11665665
1539939478568882 11339184 11668514
1539939478679074 11341875 11671288
1539939478788675 11344559 11674139
1539939478898328 11347088 11676940
1539939478953289 11348336 11678318
1539939479063244 11350922 11681133
1539939479176158 11353471 11683889
1539939479284423 11355916 11686492
1539939479393769 11358381 11689119
1539939479503895 11360869 11691730
1539939479558661 11362086 11692986
1539939479668494 11364501 11695452
1539939479778465 11367010 11697932
1539939479889409 11369567 11700379
1539939479998204 11372071 11702764
1539939480109024 11374618 11705187
1539939480219048 11377203 11707650
1539939480328984 11379682 11710051
1539939480438907 11382122 11712448
1539939480493681 11383367 11713664
1539939480603770 11385866 11716074
1539939480713551 11388325 11718416
1539939480826563 11390774 11720777
1539939480935021 11393213 11723188
1539939480988987 11394401 11724405
1539939481098992 11396673 11726806
1539939481208810 11398944 11729244
1539939481318872 11401230 11731690
1539939481428538 11403436 11734074
1539939481484794 11404505 11735257
1539939481593905 11406568 11737653
1539939481705521 11408589 11740098
1539939481814104 11410595 11742420
1539939481927724 11412554 11744626
1539939481978980 11413538 11745708
1539939482088958 11415598 11747800
1539939482199450 11417806 11749679
1539939482309454 11420108 11751280
1539939482418613 11422532 11752707
1539939482530798 11425122 11753970
1539939482584398 11426457 11754545
1539939482694331 11429054 11755591
1539939482804878 11431655 11756491
1539939482914011 11434233 11757175
1539939483027168 11436608 11757637
1539939483135248 11438799 11757844
1539939483188838 11439829 11757846
1539939483298550 11441745 11757680
1539939483409460 11443421 11757263
1539939483519838 11444881 11756590
1539939483576571 11445550 11756182
1539939483684326 11446828 11755282
1539939483794157 11448096 11754348
1539939483904101 11449382 11753425
1539939483958863 11450034 11752997
1539939484068870 11451313 11752184
1539939484179838 11452548 11751525
1539939484288532 11453751 11751138
1539939484399679 11454927 11751092
1539939484509347 11456124 11751353
1539939484619273 11457377 11751900
1539939484676117 11458022 11752282
1539939484784182 11459331 11753255
1539939484893832 11460631 11754470
1539939485003852 11461954 11755897
1539939485058828 11462641 11756668
1539939485169852 11464063 11758246
1539939485279740 11465603 11759903
1539939485389444 11467226 11761639
1539939485499330 11468899 11763519
1539939485554115 11469743 11764478
1539939485665012 11471510 11766425
1539939485776174 11473348 11768399
1539939485883894 11475267 11770482
1539939485995765 11477196 11772665
1539939486103818 11479143 11774825
1539939486214516 11481178 11776977
1539939486326377 11483297 11779184
1539939486434277 11485430 11781417
1539939486546334 11487588 11783594
1539939486653951 11489810 11785762
1539939486708917 11490936 11786875
1539939486818747 11493137 11789163
1539939486928915 11495249 11791474
1539939487039604 11497356 11793842
1539939487149511 11499499 11796362
1539939487259287 11501601 11798914
1539939487314448 11502635 11800177
1539939487426116 11504719 11802743
1539939487534091 11506899 11805440
1539939487647957 11509146 11808157
1539939487698932 11510244 11809525
1539939487864956 11513550 11813839
1539939487919631 11514669 11815296
1539939488029548 11516847 11818182
1539939488139737 11518908 11821238
1539939488249421 11520946 11824302
1539939488359112 11523018 11827306
1539939488414577 11524063 11828835
1539939488530007 11526130 11831822
1539939488634610 11528271 11834773
1539939488748117 11530577 11837808
1539939488801560 11531779 11839299
1539939488910077 11534207 11842157
1539939489019486 11536690 11845091
1539939489129485 11539281 11847997
1539939489239415 11541933 11850823
1539939489294084 11543240 11852274
1539939489460153 11547255 11856683
1539939489514728 11548621 11858107
1539939489625959 11551318 11860998
1539939489735501 11553991 11863896
1539939489789609 11555343 11865306
1539939489899863 11558034 11868134
1539939490009687 11560605 11871062
1539939490119375 11563180 11873980
1539939490229453 11565798 11876952
1539939490341060 11568415 11879998
1539939490449978 11571118 11882936
1539939490559999 11573920 11885919
1539939490615373 11575322 11887435
1539939490725840 11578168 11890371
1539939490834589 11581214 11893250
1539939490944732 11584265 11896173
1539939491054549 11587267 11898956
1539939491109394 11588793 11900339
1539939491219132 11591802 11903185
1539939491331313 11594731 11905983
1539939491439922 11597774 11908767
1539939491550719 11600696 11911581
1539939491604815 11602110 11912967
1539939491714855 11604954 11915692
1539939491825755 11607757 11918513
1539939491991253 11611856 11922777
1539939492044454 11613253 11924157
1539939492155852 11616010 11926987
1539939492264826 11618597 11929798
1539939492321200 11619858 11931172
1539939492430014 11622349 11933958
1539939492539944 11624720 11936798
1539939492650041 11627031 11939584
1539939492759776 11629425 11942361
1539939492873644 11631857 11945142
1539939492927695 11633070 11946485
1539939493089614 11636940 11950365
1539939493144637 11638332 11951626
1539939493254492 11641160 11954000
1539939493365567 11644003 11956138
1539939493476025 11646915 11958208
1539939493534377 11648352 11959283
1539939493640018 11651129 11961509
1539939493750023 11653868 11963768
1539939493859751 11656459 11966146
1539939493969533 11658700 11968845
1539939494079693 11660797 11971656
1539939494189520 11662891 11974624
1539939494245195 11663905 11976160
1539939494355155 11665903 11979288
1539939494465337 11667958 11982402
1539939494577929 11670127 11985618
1539939494630036 11671267 11987215
1539939494739757 11673635 11990373
1539939494853908 11676137 11993593
1539939494959696 11678954 11996661
1539939495070679 11682007 11999661
1539939495181158 11685232 12002636
1539939495235063 11686958 12004069
1539939495345271 11690456 12006897
1539939495455143 11694006 12009868
1539939495565933 11697770 12012841
1539939495677011 11701479 12015842
1539939495784860 11705329 12019010
1539939495840459 11707185 12020579
1539939495949730 11710922 12023756
1539939496060485 11714714 12027074
1539939496169290 11718386 12030276
1539939496280209 11722099 12033510
1539939496335109 11723873 12035126
1539939496445104 11727443 12038239
1539939496555262 11731022 12041316
1539939496665441 11734499 12044371
1539939496777506 11737951 12047326
1539939496884718 11741032 12050465
1539939496941935 11742496 12052078
1539939497049473 11745352 12055265
1539939497159387 11747974 12058616
1539939497271042 11750450 12061971
1539939497380371 11752901 12065349
1539939497435343 11754116 12067112
1539939497545056 11756469 12070578
1539939497654902 11758779 12073958
1539939497765241 11761089 12077288
1539939497819770 11762229 12078880
1539939497929571 11764466 12082078
1539939498040451 11766805 12085288
1539939498150295 11769403 12088297
1539939498260419 11772168 12091253
1539939498371404 11775005 12094063
1539939498426159 11776494 12095413
1539939498535069 11779478 12098144
1539939498644869 11782350 12100934
1539939498754818 11785245 12103612
1539939498868612 11788104 12106240
1539939498976528 11790844 12108863
1539939499031109 11792220 12110122
1539939499140260 11794993 12112580
1539939499250054 11797646 12115053
1539939499360744 11800267 12117480
1539939499470018 11802914 12119766
1539939499528722 11804232 12120877
1539939499636191 11806820 12123107
1539939499748673 11809491 12125347
1539939499855471 11812166 12127505
1539939499965401 11814782 12129583
1539939500076216 11817484 12131648
1539939500185049 11820198 12133696
1539939500294953 11822786 12135700
1539939500406192 11825396 12137748
1539939500459839 11826731 12138811
1539939500569751 11829345 12140971
1539939500680588 11831937 12143135
1539939500790655 11834615 12145319
1539939500900544 11837283 12147639
1539939501010444 11839896 12150113
1539939501120514 11842624 12152643
1539939501230285 11845403 12155246
1539939501340080 11848142 12157920
1539939501395121 11849541 12159234
1539939501505932 11852364 12161815
1539939501615670 11855097 12164473
1539939501727256 11857891 12167216
1539939501835444 11860796 12169917
1539939501946453 11863660 12172697
1539939502000364 11865102 12174108
1539939502110168 11868031 12176843
1539939502220080 11870899 12179585
1539939502330842 11873774 12182465
1539939502441362 11876723 12185320
1539939502496263 11878140 12186735
1539939502605642 11880905 12189652
1539939502715414 11883713 12192543
1539939502770526 11885118 12193946
1539939502881500 11887839 12196808
1539939503046123 11891959 12201118
1539939503100122 11893364 12202506
1539939503211024 11896174 12205337
1539939503320825 11899117 12208208
1539939503430479 11902159 12211004
1539939503540732 11905091 12213845
1539939503596368 11906583 12215286
1539939503705752 11909590 12218116
1539939503815403 11912486 12220970
1539939503926216 11915311 12223860
1539939503980517 11916723 12225265
1539939504090343 11919502 12228038
1539939504200889 11922244 12230924
1539939504310938 11925103 12233859
1539939504423010 11927959 12236876
1539939504531512 11930802 12240100
1539939504641415 11933743 12243336
1539939504750803 11936615 12246736
1539939504860808 11939539 12250209
1539939504971604 11942581 12253648
1539939505081461 11945603 12257169
1539939505135122 11947140 12258875
1539939505245891 11950361 12262329
1539939505355690 11953553 12265846
1539939505465571 11956848 12269249
1539939505576865 11960232 12272728
1539939505630332 11961894 12274426
1539939505740197 11965277 12277770
1539939505854699 11968647 12281196
1539939505961932 11971912 12284511
1539939506015051 11973595 12286178
1539939506180794 11978614 12291173
1539939506236166 11980295 12292785
1539939506345531 11983702 12296106
1539939506455586 11986984 12299401
1539939506512547 11988638 12301013
1539939506676277 11993631 12305993
1539939506730159 11995240 12307621
1539939506841105 11998482 12310862
1539939506950938 12001662 12314186
1539939507005983 12003189 12315799
1539939507115673 12006321 12319001
1539939507226584 12009471 12322273
1539939507335612 12012587 12325520
1539939507445842 12015765 12328895
1539939507555282 12018841 12332338
1539939507665180 12021905 12335835
1539939507720133 12023468 12337657
1539939507830915 12026505 12341225
1539939507940829 12029515 12344845
1539939508050658 12032599 12348516
1539939508161525 12035629 12352147
1539939508270457 12038719 12355842
1539939508326405 12040304 12357640
1539939508435655 12043411 12361312
1539939508546120 12046555 12365025
1539939508655226 12049714 12368696
1539939508711459 12051236 12370589
1539939508875915 12055836 12376104
1539939508931252 12057406 12377998
1539939509040669 12060433 12381719
1539939509150500 12063464 12385408
1539939509260375 12066488 12389121
1539939509370354 12069428 12392759
1539939509427359 12070922 12394632
1539939509536084 12073994 12398280
1539939509646052 12076979 12401870
1539939509756024 12080012 12405438
1539939509865913 12083029 12408873
1539939509977105 12085947 12412373
1539939510030617 12087446 12414064
1539939510141317 12090462 12417434
1539939510251114 12093411 12420901
1539939510361900 12096406 12424236
1539939510472640 12099413 12427630
1539939510526245 12100863 12429318
1539939510636655 12103814 12432573
1539939510747077 12106732 12435790
1539939510855946 12109643 12438925
1539939510965668 12112613 12442043
1539939511076639 12115607 12445172
1539939511185879 12118544 12448190
1539939511296436 12121571 12451252
1539939511351478 12123095 12452792
1539939511461253 12126092 12455789
1539939511571054 12129157 12458825
1539939511681131 12132236 12461961
1539939511737937 12133719 12463488
1539939511845778 12136734 12466551
1539939511956692 12139803 12469695
1539939512065690 12142779 12472755
1539939512121504 12144285 12474286
1539939512286261 12148833 12478906
1539939512341257 12150315 12480384
1539939512506157 12155016 12484825
1539939512560979 12156637 12486281
1539939512670938 12159848 12489102
1539939512780950 12163121 12491992
1539939512891614 12166241 12494927
1539939513000707 12169262 12497810
1539939513055729 12170791 12499298
1539939513166386 12173747 12502361
1539939513276319 12176615 12505364
1539939513386392 12179568 12508402
1539939513441346 12181052 12509933
1539939513551344 12184030 12512851
1539939513661164 12187208 12515706
1539939513771038 12190403 12518657
1539939513880874 12193520 12521596
1539939513990887 12196611 12524679
1539939514101439 12199459 12527892
1539939514156548 12200864 12529486
1539939514266626 12203689 12532762
1539939514377554 12206492 12536113
1539939514486018 12209329 12539397
1539939514541006 12210813 12541106
1539939514651055 12213820 12544574
1539939514761936 12216778 12548003
1539939514871061 12219865 12551579
1539939514981534 12222979 12555102
1539939515091727 12226076 12558753
1539939515201292 12229253 12562339
1539939515256291 12230789 12564117
1539939515367781 12233839 12567753
1539939515476956 12237022 12571283
1539939515586059 12240140 12574933
1539939515695907 12243252 12578594
1539939515750965 12244830 12580423
1539939515861607 12247862 12584207
1539939515972945 12250815 12587920
1539939516081534 12253793 12591769
1539939516191367 12256642 12595577
1539939516301129 12259446 12599443
1539939516356037 12260855 12601380
1539939516465917 12263572 12605175
1539939516579968 12266168 12609076
1539939516686604 12268757 12612842
1539939516796622 12271248 12616668
1539939516853689 12272411 12618529
1539939516961448 12274626 12622195
1539939517071517 12276724 12625974
1539939517181223 12278645 12629664
1539939517236973 12279512 12631550
1539939517346111 12281106 12635273
1539939517457472 12282552 12638931
1539939517565760 12283850 12642667
1539939517677813 12285017 12646272
1539939517786546 12286079 12649921
1539939517841668 12286576 12651672
1539939517951375 12287528 12655114
1539939518061287 12288461 12658572
1539939518171222 12289406 12661835
1539939518281025 12290361 12665073
1539939518391941 12291428 12668109
1539939518446968 12292053 12669533
1539939518557042 12293565 12672297
1539939518667411 12295504 12674874
1539939518777644 12297817 12677145
1539939518886567 12300507 12679261
1539939518944572 12301957 12680305
1539939519051193 12304877 12682379
1539939519165383 12307823 12684416
1539939519276108 12310828 12686435
1539939519382363 12313729 12688462
1539939519491836 12316549 12690430
1539939519546882 12317979 12691378
1539939519657828 12320862 12693201
1539939519767220 12323797 12694991
1539939519821490 12325328 12695907
1539939519987221 12329845 12698737
1539939520096125 12332752 12700631
1539939520151930 12334226 12701590
1539939520263754 12337078 12703578
1539939520371749 12339765 12705734
1539939520481839 12342427 12707994
1539939520593983 12344996 12710283
1539939520646548 12346232 12711472
1539939520756290 12348723 12713931
1539939520869207 12351330 12716436
1539939520977321 12353942 12718911
1539939521086926 12356542 12721477
1539939521141941 12357877 12722790
1539939521251714 12360587 12725403
1539939521361996 12363233 12728014
1539939521416732 12364580 12729359
1539939521581815 12368802 12733489
1539939521691451 12371595 12736270
1539939521802296 12374462 12739245
1539939521857591 12375937 12740775
1539939521967034 12378814 12743843
1539939522077350 12381645 12747067
1539939522186800 12384554 12750274
1539939522296592 12387445 12753491
1539939522407253 12390376 12756767
1539939522461829 12391911 12758356
1539939522627560 12396398 12763147
1539939522682264 12397896 12764744
1539939522792491 12400986 12767832
1539939522902572 12404033 12770972
1539939523011887 12407131 12774127
1539939523125853 12410233 12777172
1539939523179728 12411716 12778702
1539939523286703 12414676 12781706
1539939523396594 12417699 12784576
1539939523453372 12419170 12786015
1539939523617279 12423626 12790335
1539939523676283 12425146 12791716
1539939523782122 12428112 12794499
1539939523891858 12431081 12797306
1539939524001816 12434159 12799986
1539939524111918 12437162 12802646
1539939524166703 12438667 12803989
1539939524277614 12441712 12806599
1539939524386435 12444644 12809116
1539939524497646 12447503 12811666
1539939524552383 12448968 12812956
1539939524662268 12451791 12815446
1539939524776020 12454551 12817843
1539939524882170 12457371 12820367
1539939524936879 12458786 12821617
1539939525106582 12462870 12825261
1539939525211540 12465660 12827711
1539939525267562 12467072 12828948
1539939525382071 12469813 12831292
1539939525486397 12472594 12833509
1539939525597641 12475410 12835672
1539939525707907 12478171 12837762
1539939525762257 12479575 12838750
1539939525875864 12482533 12840595
1539939525982078 12485535 12842332
1539939526091742 12488576 12844019
1539939526201724 12491637 12845682
1539939526257861 12493095 12846495
1539939526367489 12495927 12848104
1539939526479290 12498762 12849742
1539939526587377 12501469 12851504
1539939526697048 12504020 12853438
1539939526807020 12506474 12855524
1539939526916990 12508716 12857760
1539939526975720 12509733 12858963
1539939527085926 12511621 12861545
1539939527137461 12512488 12862886
1539939527302839 12514818 12867001
1539939527412508 12516132 12869978
1539939527526328 12517253 12873007
1539939527577354 12517763 12874518
1539939527686998 12518751 12877640
1539939527797244 12519729 12880728
1539939527907010 12520694 12883754
1539939528016681 12521649 12886881
1539939528127950 12522600 12889978
1539939528237582 12523534 12893127
1539939528292768 12524010 12894754
1539939528457385 12525467 12899550
1539939528512280 12525970 12901194
1539939528626079 12527048 12904518
1539939528732176 12528294 12907747
1539939528841891 12529768 12911042
1539939528898343 12530601 12912659
1539939529007747 12532474 12915827
1539939529117765 12534503 12919068
1539939529227484 12536678 12922236
1539939529337253 12539052 12925361
1539939529447122 12541522 12928548
1539939529502160 12542745 12930106
1539939529611937 12545214 12933233
1539939529725828 12547740 12936493
1539939529831718 12550209 12939710
1539939529942715 12552626 12943036
1539939529997600 12553840 12944728
1539939530107617 12556293 12948059
1539939530217452 12558684 12951502
1539939530331419 12561061 12954977
1539939530437267 12563524 12958425
1539939530547192 12566029 12961917
1539939530658047 12568473 12965264
1539939530767887 12570918 12968633
1539939530877700 12573401 12971906
1539939530932542 12574622 12973507
1539939531042791 12577062 12976746
1539939531152450 12579634 12979856
1539939531262562 12582310 12982920
1539939531376212 12584961 12986027
1539939531484143 12587712 12989034
1539939531538001 12589152 12990572
1539939531646865 12591976 12993654
1539939531812854 12596433 12998087
1539939531867628 12597993 12999588
1539939531981878 12601075 13002613
1539939532087323 12604202 13005528
1539939532197221 12607335 13008502
1539939532307086 12610394 13011461
1539939532419957 12613589 13014339
1539939532475877 12615207 13015816
1539939532583026 12618422 13018810
1539939532693099 12621783 13021759
1539939532802916 12625135 13024848
1539939532913919 12628577 13028021
1539939532967630 12630346 13029588
1539939533077440 12633790 13032835
1539939533188140 12637220 13036163
1539939533301016 12640583 13039521
1539939533407912 12643857 13043087
1539939533461947 12645533 13044868
1539939533576772 12648834 13048506
1539939533683196 12652085 13052281
1539939533792937 12655461 13055979
1539939533849131 12657118 13057882
1539939534013052 12662159 13063438
1539939534069215 12663871 13065296
1539939534178376 12667185 13068999
1539939534288081 12670578 13072585
1539939534398699 12673923 13076231
1539939534507994 12677223 13079712
1539939534619992 12680602 13083214
1539939534676515 12682270 13084934
1539939534782991 12685648 13088262
1539939534837481 12687367 13089951
1539939535002678 12692315 13095007
1539939535113452 12695636 13098467
1539939535168448 12697261 13100257
1539939535278141 12700432 13103832
1539939535387911 12703680 13107608
1539939535497782 12706841 13111432
1539939535607523 12709971 13115404
1539939535662670 12711582 13117443
1539939535776429 12714770 13121473
1539939535882571 12717949 13125639
1539939535993114 12721220 13129716
1539939536103631 12724390 13133928
1539939536213405 12727655 13138032
1539939536268592 12729312 13140142
1539939536381811 12732550 13144234
1539939536542537 12737614 13150510
1539939536652491 12740913 13154648
1539939536762454 12744326 13158853
1539939536817400 12746042 13160885
1539939536931166 12749393 13165047
1539939537038107 12752810 13169130
1539939537147928 12756128 13173248
1539939537202911 12757755 13175268
1539939537370179 12762716 13181231
1539939537477574 12765933 13185129
1539939537533500 12767567 13187046
1539939537587375 12769215 13188986
1539939537698408 12772438 13192753
1539939537863067 12777338 13198246
1539939537920540 12778998 13200029
1539939538030141 12782278 13203495
1539939538137875 12785662 13206978
1539939538247954 12788977 13210306
1539939538357928 12792293 13213686
1539939538415024 12793992 13215371
1539939538526590 12797309 13218636
1539939538633502 12800662 13221935
1539939538746106 12804098 13225125
1539939538854110 12807546 13228185
1539939538962961 12811091 13231292
1539939539018460 12812816 13232800
1539939539127746 12816251 13235756
1539939539237810 12819720 13238746
1539939539347514 12822999 13241602
1539939539458471 12826312 13244387
1539939539569111 12829549 13247205
1539939539626420 12831130 13248588
1539939539733253 12834313 13251246
1539939539843156 12837364 13253884
1539939539952893 12840262 13256439
1539939540062837 12843162 13258829
1539939540117635 12844570 13260001
1539939540231832 12847269 13262355
1539939540338429 12849961 13264650
1539939540448585 12852612 13266827
1539939540558357 12855132 13268984
1539939540613111 12856388 13270067
1539939540726041 12858956 13272233
1539939540832966 12861473 13274295
1539939540942789 12863920 13276318
1539939541052832 12866369 13278353
1539939541164110 12868768 13280372
1539939541218563 12869915 13281355
1539939541329545 12872151 13283244
1539939541438521 12874470 13285133
1539939541548558 12876833 13287198
1539939541659345 12879108 13289409
1539939541768054 12881402 13291731
1539939541826837 12882562 13292947
1539939541932669 12884895 13295525
1539939542043671 12887238 13298156
1539939542153597 12889630 13300745
1539939542208253 12890870 13302071
1539939542318107 12893395 13304781
1539939542428087 12895860 13307431
1539939542537966 12898361 13310083
1539939542647900 12900880 13312787
1539939542757781 12903234 13315412
1539939542867837 12905554 13317999
1539939542926525 12906721 13319297
1539939543033429 12909038 13321851
1539939543143257 12911238 13324268
1539939543253250 12913307 13326743
1539939543363111 12915225 13329366
1539939543419064 12916107 13330697
1539939543528062 12917702 13333369
1539939543640386 12919117 13336174
1539939543748006 12920458 13339030
1539939543858745 12921821 13341849
1539939543913542 12922530 13343298
1539939544026532 12924024 13346230
1539939544133876 12925614 13349060
1539939544243649 12927339 13351874
1539939544353477 12929272 13354687
1539939544463237 12931440 13357343
1539939544576057 12933882 13359977
1539939544629857 12935161 13361309
1539939544738777 12937800 13363940
1539939544848771 12940636 13366484
1539939544960719 12943568 13369093
1539939545068774 12946487 13371658
1539939545126835 12947975 13372896
1539939545233265 12950926 13375351
1539939545343109 12953758 13377855
1539939545455583 12956651 13380352
1539939545563758 12959528 13382820
1539939545619004 12960922 13384094
1539939545728955 12963754 13386728
1539939545838825 12966639 13389381
1539939545948464 12969435 13392129
1539939546058155 12972283 13395018
1539939546113276 12973746 13396449
1539939546226144 12976621 13399264
1539939546333954 12979472 13402122
1539939546445145 12982378 13404878
1539939546554355 12985207 13407536
1539939546608528 12986608 13408875
1539939546718579 12989538 13411571
1539939546831347 12992544 13414194
1539939546938364 12995583 13416867
1539939547048170 12998738 13419640
1539939547158089 13001821 13422416
1539939547268894 13004881 13425284
1539939547325778 13006454 13426772
1539939547433682 13009562 13429686
1539939547543554 13012621 13432528
1539939547654269 13015736 13435429
1539939547708483 13017261 13436856
1539939547819085 13020295 13439684
1539939547929424 13023420 13442626
1539939548038688 13026457 13445632
1539939548148999 13029443 13448622
1539939548204143 13030950 13450181
1539939548370102 13035246 13454918
1539939548426597 13036650 13456473
1539939548484193 13038069 13458061
1539939548643574 13042385 13462866
1539939548753283 13045347 13466009
1539939548808918 13046912 13467614
1539939548919204 13050066 13470750
1539939549029220 13053175 13473800
1539939549140258 13056400 13477013
1539939549193984 13057984 13478624
1539939549303664 13061074 13481865
1539939549414179 13064227 13485344
1539939549526399 13067275 13488827
1539939549637998 13070276 13492475
1539939549747037 13073373 13496148
1539939549857427 13076405 13499875
1539939549909145 13077938 13501775
1539939550018369 13081065 13505486
1539939550129082 13084122 13509364
1539939550239422 13087239 13513259
1539939550348987 13090410 13517255
1539939550403706 13091958 13519245
1539939550514642 13095068 13523153
1539939550626482 13098227 13527188
1539939550733352 13101316 13531136
1539939550844522 13104546 13535185
1539939550899151 13106212 13537168
1539939551009031 13109512 13541249
1539939551119138 13112916 13545347
1539939551228891 13116266 13549461
1539939551338952 13119611 13553581
1539939551448544 13123089 13557734
1539939551558433 13126504 13561879
1539939551726625 13131717 13568082
1539939551781079 13133404 13570084
1539939551889115 13136893 13574162
1539939551999070 13140412 13578175
1539939552108742 13143836 13582089
1539939552220017 13147299 13585931
1539939552276660 13148977 13587813
1539939552383561 13152342 13591681
1539939552494331 13155783 13595447
1539939552604751 13159150 13599235
1539939552714542 13162602 13602893
1539939552769434 13164305 13604679
1539939552878901 13167680 13608271
1539939552989057 13171227 13611646
1539939553098714 13174688 13614948
1539939553208617 13178229 13618130
1539939553319116 13181770 13621200
1539939553432267 13185317 13624306
1539939553539370 13188910 13627282
1539939553594226 13190626 13628742
1539939553704104 13194081 13631693
1539939553813911 13197484 13634578
1539939553925785 13200760 13637419
1539939554034736 13204111 13640371
1539939554143500 13207279 13643248
1539939554254748 13210435 13646083
1539939554363327 13213582 13648966
1539939554419403 13215085 13650368
1539939554476137 13216592 13651753
1539939554584789 13219644 13654567
1539939554749542 13224053 13658883
1539939554858868 13226943 13661682
1539939554913927 13228388 13663096
1539939555027041 13231178 13665931
1539939555133520 13233902 13668646
1539939555244446 13236689 13671377
1539939555354353 13239407 13674129
1539939555409162 13240749 13675455
1539939555519141 13243475 13677992
1539939555629095 13246149 13680613
1539939555739231 13248671 13683237
1539939555849177 13251181 13685862
1539939555960783 13253678 13688622
1539939556013615 13254905 13690046
1539939556126525 13257361 13692867
1539939556289981 13261053 13697300
1539939556344936 13262227 13698822
1539939556454346 13264458 13701865
1539939556564210 13266644 13705108
1539939556677054 13268812 13708455
1539939556784371 13270925 13711805
1539939556893619 13273033 13715225
1539939557004723 13275279 13718553
1539939557114722 13277684 13721986
1539939557170239 13278913 13723721
1539939557279582 13281397 13727116
1539939557389226 13284012 13730622
1539939557499028 13286693 13734054
1539939557608837 13289270 13737569
1539939557663842 13290550 13739377
1539939557776801 13293092 13742921
1539939557884766 13295487 13746564
1539939557994817 13297691 13750159
1539939558049580 13298770 13751952
1539939558214377 13301913 13757469
1539939558326281 13303834 13761069
1539939558381892 13304731 13762916
1539939558489210 13306424 13766492
1539939558603959 13308016 13770080
1539939558708898 13309514 13773683
1539939558820600 13310924 13777150
1539939558876572 13311628 13778899
1539939558984699 13313048 13782218
1539939559096432 13314552 13785362
1539939559204504 13316236 13788441
1539939559259392 13317144 13789896
1539939559425976 13319974 13794037
1539939559480548 13320952 13795402
1539939559588950 13322961 13798002
1539939559699880 13325095 13800461
1539939559809615 13327288 13802920
1539939559864490 13328368 13804141
1539939559976765 13330538 13806524
1539939560084191 13332747 13808856
1539939560194038 13335009 13811244
1539939560304192 13337234 13813636
1539939560358954 13338348 13814812
1539939560469906 13340641 13817167
1539939560581021 13343034 13819623
1539939560689614 13345409 13822110
1539939560800019 13347798 13824562
1539939560909646 13350332 13827106
1539939561019315 13352934 13829637
1539939561076297 13354266 13830910
1539939561184294 13356962 13833394
1539939561297038 13359740 13835997
1539939561404502 13362439 13838657
1539939561514811 13365149 13841289
1539939561569729 13366550 13842653
1539939561682247 13369337 13845459
1539939561789581 13372089 13848213
1539939561899811 13374913 13850970
1539939562009259 13377703 13853774
1539939562064358 13379066 13855139
1539939562176214 13381873 13857816
1539939562285636 13384748 13860548
1539939562339011 13386150 13861914
1539939562504253 13390354 13865885
1539939562614746 13393207 13868628
1539939562669956 13394579 13870010
1539939562779701 13397320 13872716
1539939562889443 13400140 13875368
1539939562999461 13402880 13878028
1539939563110232 13405547 13880572
1539939563219058 13408288 13883030
1539939563330679 13410992 13885545
1539939563439847 13413687 13888061
1539939563550406 13416497 13890527
1539939563604582 13417889 13891776
1539939563714617 13420588 13894308
1539939563826460 13423311 13896825
1539939563879595 13424685 13898096
1539939563991254 13427351 13900725
1539939564100275 13429986 13903412
1539939564210025 13432735 13906022
1539939564321594 13435493 13908646
1539939564376722 13436872 13909984
1539939564539572 13441118 13913901
1539939564650403 13443884 13916527
1539939564704485 13445243 13917878
1539939564815140 13448044 13920559
1539939564927199 13450863 13923135
1539939565035139 13453622 13925751
1539939565144930 13456472 13928373
1539939565200035 13457916 13929652
1539939565311884 13460725 13932184
1539939565419578 13463590 13934754
1539939565535583 13466613 13937263
1539939565641393 13469608 13939698
1539939565694234 13471136 13940941
1539939565805190 13474266 13943485
1539939565915476 13477328 13945982
1539939566026162 13480439 13948448
1539939566134768 13483575 13950942
1539939566189704 13485100 13952181
1539939566299572 13488156 13954554
1539939566413167 13491263 13956867
1539939566520249 13494268 13959197
1539939566629464 13497343 13961524
1539939566740116 13500415 13963822
1539939566854007 13503384 13966201
1539939566960200 13506401 13968639
1539939567069840 13509335 13971025
1539939567179755 13512240 13973397
1539939567234822 13513738 13974596
1539939567344740 13516704 13976945
1539939567455806 13519637 13979195
1539939567564194 13522646 13981418
1539939567676165 13525599 13983747
1539939567730002 13527030 13984945
1539939567839993 13529935 13987346
1539939567950378 13532862 13989844
1539939568059834 13535726 13992516
1539939568169579 13538647 13995195
1539939568281464 13541523 13997863
1539939568335451 13542916 13999221
1539939568445772 13545747 14001933
1539939568555377 13548679 14004600
1539939568665082 13551584 14007371
1539939568720335 13553078 14008809
1539939568829756 13556155 14011643
1539939568939619 13559153 14014453
1539939569049734 13562236 14017383
1539939569159757 13565381 14020253
1539939569270606 13568440 14023159
1539939569326380 13569990 14024659
1539939569435282 13573115 14027631
1539939569545165 13576133 14030598
1539939569655002 13579256 14033696
1539939569711650 13580862 14035238
1539939569876651 13585650 14039843
1539939569931786 13587276 14041395
1539939570040698 13590512 14044399
1539939570097069 13592069 14045860
1539939570260399 13596875 14050389
1539939570370205 13600072 14053395
1539939570426095 13601673 14054916
1539939570535319 13604964 14058060
1539939570644891 13608161 14061162
1539939570754870 13611398 14064348
1539939570809752 13613081 14066034
1539939570977261 13618020 14071075
1539939571030534 13619671 14072790
1539939571140494 13622968 14076264
1539939571250391 13626155 14079680
1539939571361499 13629418 14083210
1539939571469955 13632606 14086589
1539939571526922 13634179 14088261
1539939571635817 13637414 14091613
1539939571800579 13642267 14096388
1539939571855767 13643947 14098001
1539939571965535 13647344 14101146
1539939572077648 13650637 14104195
1539939572186042 13653977 14107346
1539939572296383 13657183 14110451
1539939572406662 13660346 14113596
1539939572460081 13661970 14115219
1539939572571987 13665140 14118417
1539939572680847 13668304 14121632
1539939572790065 13671525 14124938
1539939572845817 13673093 14126563
1539939572957933 13676241 14129849
1539939573065480 13679476 14133200
1539939573177151 13682606 14136438
1539939573286093 13685754 14139747
1539939573395059 13688864 14142981
1539939573506085 13691877 14146165
1539939573560035 13693408 14147795
1539939573670692 13696497 14150976
1539939573781240 13699526 14154099
1539939573890434 13702697 14157320
1539939573945611 13704283 14158888
1539939574110412 13708921 14163622
1539939574220089 13712073 14166759
1539939574330079 13715093 14169771
1539939574440058 13718084 14172794
1539939574495811 13719598 14174274
1539939574605714 13722523 14177172
1539939574716183 13725428 14180182
1539939574827410 13728446 14183241
1539939574935834 13731427 14186286
1539939574990228 13732934 14187852
1539939575101823 13736049 14190987
1539939575210234 13739103 14194031
1539939575319980 13742181 14197156
1539939575433889 13745362 14200244
1539939575485870 13746898 14201755
1539939575596280 13749927 14204787
1539939575705526 13752930 14207700
1539939575815428 13755754 14210474
1539939575926371 13758497 14213229
1539939576035227 13761249 14215899
1539939576090279 13762577 14217179
1539939576200219 13765177 14219749
1539939576310026 13767766 14222301
1539939576420850 13770278 14224723
1539939576534870 13772639 14227060
1539939576640515 13774988 14229413
1539939576700001 13776163 14230572
1539939576805276 13778449 14232790
1539939576916128 13780620 14234921
1539939577026339 13782763 14237050
1539939577136079 13784889 14239139
1539939577190915 13785926 14240143
1539939577300957 13787906 14242084
1539939577410814 13789837 14244002
1539939577520776 13791818 14245915
1539939577576483 13792830 14246858
1539939577685439 13794912 14248705
1539939577795467 13797059 14250493
1539939577905193 13799377 14252308
1539939578015001 13801853 14254217
1539939578127072 13804293 14256155
1539939578179964 13805506 14257126
1539939578290954 13808018 14259096
1539939578400997 13810622 14261168
1539939578511065 13813152 14263301
1539939578620472 13815695 14265377
1539939578730271 13818263 14267379
1539939578785407 13819502 14268379
1539939578896174 13821985 14270364
1539939579006040 13824666 14272326
1539939579060855 13826088 14273302
1539939579172006 13828914 14275246
1539939579335640 13833185 14278324
1539939579390506 13834645 14279383
1539939579500599 13837495 14281453
1539939579610239 13840358 14283445
1539939579720299 13843304 14285419
1539939579777113 13844732 14286402
1539939579886041 13847589 14288373
1539939579996227 13850511 14290364
1539939580105792 13853348 14292467
1539939580216318 13856104 14294745
1539939580326653 13858892 14297129
1539939580382452 13860261 14298331
1539939580490987 13862899 14300782
1539939580600388 13865541 14303379
1539939580710617 13868165 14305970
1539939580767382 13869426 14307240
1539939580931001 13873271 14311178
1539939580985878 13874621 14312515
1539939581095759 13877370 14315142
1539939581205619 13880187 14317804
1539939581260712 13881658 14319173
1539939581427458 13886082 14323230
1539939581536346 13888955 14325949
1539939581590495 13890431 14327368
1539939581756027 13894784 14331587
1539939581866285 13897664 14334420
1539939581921015 13899140 14335891
1539939582034990 13902069 14338828
1539939582141923 13904961 14341756
1539939582250497 13907927 14344806
1539939582360511 13910844 14347815
1539939582415381 13912284 14349304
1539939582526190 13915215 14352355
1539939582636775 13918114 14355360
1539939582746458 13920925 14358273
1539939582858408 13923816 14361218
1539939582911117 13925263 14362659
1539939583020931 13928095 14365462
1539939583130893 13930979 14368310
1539939583240661 13933923 14371146
1539939583351581 13936791 14373879
1539939583406411 13938251 14375260
1539939583516428 13941233 14378043
1539939583626049 13944125 14380731
1539939583736127 13947007 14383369
1539939583845917 13949919 14385999
1539939583955779 13952747 14388487
1539939584010879 13954166 14389693
1539939584120703 13957045 14392139
1539939584231481 13959812 14394618
1539939584341481 13962583 14396977
1539939584396114 13964033 14398189
1539939584561342 13968108 14401719
1539939584616107 13969441 14402882
1539939584727262 13972164 14405129
1539939584838181 13974909 14407353
1539939584945569 13977530 14409580
1539939585055705 13980207 14411766
1539939585166390 13982919 14413833
1539939585276254 13985633 14415869
1539939585386234 13988527 14417902
1539939585496200 13991558 14419887
1539939585551085 13993053 14420870
1539939585661558 13996070 14422838
1539939585770666 13999096 14424881
1539939585881659 14001940 14426977
1539939585936868 14003357 14428034
1539939586046448 14006222 14430112
1539939586156774 14008998 14432206
1539939586266843 14011739 14434386
1539939586321197 14013134 14435489
1539939586485864 14017268 14438864
1539939586540809 14018621 14440049
1539939586707569 14022828 14443721
1539939586816988 14025608 14446108
1539939586926397 14028394 14448503
1539939586981655 14029807 14449727
1539939587092022 14032611 14452191
1539939587201865 14035313 14454567
1539939587311097 14038107 14456980
1539939587421596 14040895 14459464
1539939587476948 14042265 14460714
1539939587585998 14045088 14463257
1539939587696778 14048002 14465929
1539939587806667 14050771 14468702
1539939587918545 14053569 14471479
1539939587972264 14055003 14472901
1539939588081506 14057862 14475881
1539939588191431 14060767 14478827
1539939588300984 14063747 14481744
1539939588411907 14066682 14484730
1539939588520805 14069654 14487634
1539939588576785 14071195 14489092
1539939588686464 14074276 14492110
1539939588797381 14077356 14495102
1539939588906917 14080534 14498093
1539939588961293 14082090 14499629
1539939589072996 14085167 14502676
1539939589185020 14088358 14505685
1539939589291975 14091499 14508796
1539939589346138 14093049 14510330
1539939589511781 14097827 14514877
1539939589568333 14099375 14516438
1539939589677480 14102511 14519511
1539939589786494 14105714 14522555
1539939589896185 14108838 14525704
1539939590006370 14112013 14528770
1539939590115932 14115140 14531882
1539939590234566 14118186 14535016
1539939590281754 14119753 14536533
1539939590391674 14122861 14539580
1539939590501780 14125869 14542637
1539939590611610 14128894 14545525
1539939590722786 14131844 14548455
1539939590777333 14133259 14549955
1539939590886430 14136139 14552911
1539939590996103 14139011 14555946
1539939591106862 14141805 14559090
1539939591217007 14144665 14562153
1539939591271795 14146115 14563706
1539939591381829 14148937 14566818
1539939591491752 14151803 14569825
1539939591602006 14154769 14572871
1539939591711390 14157711 14575963
1539939591821932 14160788 14578987
1539939591879123 14162384 14580544
1539939591987096 14165470 14583622
1539939592097265 14168622 14586554
1539939592206826 14171879 14589526
1539939592317040 14175031 14592491
1539939592371601 14176624 14593940
1539939592481530 14179752 14596885
1539939592591506 14182704 14599924
1539939592646224 14184177 14601409
1539939592811586 14188604 14605918
1539939592926135 14191429 14608993
1539939593031836 14194244 14612056
1539939593141674 14196950 14615257
1539939593251897 14199597 14618394
1539939593306622 14200952 14619937
1539939593417007 14203715 14623059
1539939593527413 14206466 14626072
1539939593637122 14209308 14628972
1539939593692131 14210795 14630424
1539939593803085 14213782 14633242
1539939593911904 14216830 14635925
1539939594022198 14220035 14638659
1539939594132071 14223133 14641414
1539939594242317 14226198 14644157
1539939594351637 14229125 14647044
1539939594406593 14230493 14648536
1539939594516335 14233171 14651513
1539939594627334 14235820 14654594
1539939594682130 14237113 14656179
1539939594847485 14240990 14660792
1539939594901972 14242366 14662326
1539939595011906 14245137 14665389
1539939595121733 14247865 14668321
1539939595234330 14250688 14671279
1539939595341678 14253583 14674215
1539939595453421 14256409 14677019
1539939595509266 14257842 14678427
1539939595617422 14260744 14681259
1539939595731116 14263516 14683961
1539939595782173 14264888 14685299
1539939595892082 14267681 14687997
1539939596001919 14270468 14690649
1539939596111834 14273200 14693198
1539939596221659 14275976 14695744
1539939596332456 14278705 14698263
1539939596441555 14281354 14700679
1539939596552256 14284062 14703097
1539939596607450 14285425 14704314
1539939596718778 14288113 14706691
1539939596829104 14290866 14708923
1539939596936989 14293739 14711069
1539939597047506 14296570 14713177
1539939597156677 14299459 14715176
1539939597212120 14300943 14716127
1539939597321600 14303870 14717996
1539939597432600 14306778 14719844
1539939597542279 14309739 14721656
1539939597597290 14311176 14722534
1539939597762150 14315408 14725010
1539939597872252 14318342 14726524
1539939597927799 14319801 14727234
1539939598036714 14322731 14728624
1539939598150107 14325639 14730059
1539939598312553 14329575 14732392
1539939598367455 14330798 14733243
1539939598479392 14333136 14735086
1539939598587633 14335319 14737145
1539939598697333 14337360 14739408
1539939598806978 14339202 14741633
1539939598862517 14340071 14742729
1539939598971754 14341922 14745004
1539939599085857 14343812 14747286
1539939599193835 14345794 14749437
1539939599302559 14347979 14751606
1539939599357558 14349140 14752731
1539939599467702 14351546 14755026
1539939599577621 14353939 14757282
1539939599687296 14356439 14759579
1539939599745166 14357726 14760770
1539939599907003 14361500 14764388
1539939600017022 14363952 14766738
1539939600076721 14365208 14767941
1539939600181990 14367739 14770402
1539939600292523 14370206 14772840
1539939600402562 14372704 14775248
1539939600512430 14375293 14777757
1539939600626156 14377867 14780341
1539939600733906 14380464 14782889
1539939600841862 14383160 14785522
1539939600898023 14384509 14786877
1539939601006793 14387187 14789585
1539939601118004 14389922 14792273
1539939601229823 14392700 14795055
1539939601339805 14395441 14797784
1539939601392380 14396851 14799117
1539939601503429 14399769 14801813
1539939601612258 14402642 14804519
1539939601725986 14405453 14807078
1539939601831904 14408257 14809601
1539939601942846 14410990 14812144
1539939601997162 14412342 14813389
1539939602107769 14415113 14815844
1539939602217620 14417908 14818402
1539939602331609 14420643 14821032
1539939602437843 14423446 14823589
1539939602547176 14426250 14826163
1539939602602210 14427626 14827482
1539939602712087 14430438 14830071
1539939602822861 14433307 14832599
1539939602932714 14436073 14835171
1539939603041817 14438855 14837758
1539939603153209 14441634 14840289
1539939603262740 14444323 14842857
1539939603376472 14447091 14845443
1539939603429290 14448508 14846705
1539939603538181 14451312 14849201
1539939603646912 14454137 14851762
1539939603757868 14457081 14854340
1539939603867769 14459985 14856873
1539939603927005 14461422 14858153
1539939604032912 14464394 14860734
1539939604142774 14467351 14863215
1539939604252356 14470257 14865626
1539939604362161 14473241 14868033
1539939604472093 14476178 14870377
1539939604528224 14477642 14871502
1539939604638039 14480709 14873712
1539939604747802 14483822 14875948
1539939604857762 14486899 14878207
1539939604967582 14490043 14880419
1539939605026454 14491565 14881519
1539939605132333 14494538 14883749
1539939605301059 14499108 14887156
1539939605410436 14502051 14889364
1539939605462911 14503530 14890459
1539939605577022 14506498 14892685
1539939605683042 14509352 14894933
1539939605792919 14512232 14897190
1539939605902690 14515214 14899576
1539939605957504 14516661 14900816
1539939606068967 14519530 14903353
1539939606178532 14522422 14905869
1539939606288381 14525193 14908460
1539939606397980 14527883 14911083
1539939606507757 14530654 14913591
1539939606562945 14532027 14914835
1539939606729513 14536075 14918600
1539939606838003 14538919 14921059
1539939606893322 14540351 14922279
1539939607002743 14543193 14924804
1539939607113405 14546132 14927414
1539939607227395 14549066 14930000
1539939607333240 14551922 14932707
1539939607387983 14553364 14934127
1539939607497865 14556237 14937016
1539939607608467 14558957 14939921
1539939607717646 14561725 14942909
1539939607827566 14564609 14945810
1539939607938290 14567478 14948698
1539939608051109 14570440 14951654
1539939608158008 14573425 14954541
1539939608268528 14576329 14957484
1539939608327243 14577819 14959007
1539939608432832 14580864 14962008
1539939608542641 14583859 14965044
1539939608652759 14586929 14968167
1539939608707435 14588479 14969699
1539939608817785 14591522 14972787
1539939608931168 14594645 14975995
1539939609038182 14597839 14979164
1539939609148051 14600993 14982424
1539939609202912 14602606 14984096
1539939609313590 14605852 14987367
1539939609426759 14608968 14990634
1539939609536748 14612133 14993873
1539939609645417 14615275 14996947
1539939609752650 14618376 15000074
1539939609862572 14621499 15003137
1539939609918174 14622988 15004644
1539939610028281 14625881 15007768
1539939610139481 14628723 15010914
1539939610247829 14631352 15014136
1539939610357910 14633755 15017605
1539939610468001 14636047 15021124
1539939610526883 14637134 15022951
1539939610632641 14639167 15026681
1539939610744251 14641081 15030366
1539939610854533 14642978 15034180
1539939610963196 14644867 15037896
1539939611018222 14645796 15039801
1539939611128048 14647594 15043609
1539939611237861 14649312 15047380
1539939611347784 14650948 15051250
1539939611402802 14651734 15053121
1539939611512537 14653246 15056883
1539939611626490 14654665 15060542
1539939611733331 14656027 15064174
1539939611843204 14657382 15067808
1539939611953546 14658827 15071303
1539939612062989 14660478 15074771
1539939612176883 14662393 15077987
1539939612283797 14664543 15081161
1539939612392508 14666954 15084283
1539939612503911 14669591 15087296
1539939612558451 14670942 15088833
1539939612726169 14675020 15093415
1539939612778078 14676454 15094935
1539939612888101 14679406 15098114
1539939612998350 14682324 15101319
1539939613108174 14685344 15104542
1539939613217690 14688349 15107862
1539939613276521 14689811 15109479
1539939613383651 14692813 15112737
1539939613493461 14695868 15116046
1539939613603458 14698795 15119208
1539939613713099 14701722 15122365
1539939613768006 14703192 15123906
1539939613932841 14707463 15128366
1539939613987758 14708938 15129882
1539939614098396 14711936 15132890
1539939614208604 14714863 15135787
1539939614318398 14717861 15138712
1539939614376603 14719370 15140148
1539939614484101 14722310 15142901
1539939614593222 14725296 15145636
1539939614703003 14728364 15148415
1539939614813252 14731341 15151132
1539939614925849 14734369 15153870
1539939614979830 14735903 15155269
1539939615088616 14738859 15158017
1539939615198594 14741824 15160727
1539939615308581 14744847 15163509
1539939615418179 14747775 15166222
1539939615476152 14749251 15167545
1539939615583338 14752237 15170237
1539939615692994 14755128 15173012
1539939615805440 14758045 15175774
1539939615913853 14761036 15178672
1539939615968697 14762471 15180184
1539939616133441 14766740 15184760
1539939616188830 14768165 15186333
1539939616298341 14770935 15189560
1539939616408084 14773683 15192691
1539939616518329 14776543 15195933
1539939616628091 14779420 15199234
1539939616683894 14780888 15200864
1539939616792980 14783952 15204258
1539939616903628 14787016 15207667
1539939617013531 14790027 15211059
1539939617068610 14791580 15212827
1539939617181435 14794709 15216339
1539939617288540 14797788 15219916
1539939617398269 14800981 15223598
1539939617507998 14804092 15227250
1539939617617970 14807215 15231049
1539939617728060 14810440 15234783
1539939617838957 14813624 15238695
1539939617948644 14816930 15242554
1539939618059048 14820178 15246592
1539939618113399 14821774 15248590
1539939618226296 14825039 15252582
1539939618333145 14828233 15256623
1539939618388247 14829798 15258601
1539939618553188 14834546 15264732
1539939618663965 14837572 15268726
1539939618776727 14840669 15272741
1539939618884780 14843830 15276660
1539939618993480 14846951 15280656
1539939619048556 14848553 15282581
1539939619158415 14851712 15286458
1539939619268381 14854744 15290186
1539939619378106 14857929 15293871
1539939619433200 14859554 15295726
1539939619544045 14862746 15299265
1539939619654027 14866032 15302767
1539939619763966 14869261 15306112
1539939619876782 14872546 15309392
1539939619983526 14875996 15312682
1539939620038496 14877705 15314263
1539939620148298 14881196 15317411
1539939620259017 14884711 15320607
1539939620368093 14888124 15323693
1539939620478520 14891604 15326815
1539939620537905 14893298 15328395
1539939620643855 14896589 15331440
1539939620754264 14899864 15334462
1539939620865557 14902997 15337522
1539939620918522 14904561 15339005
1539939621083510 14909395 15343526
1539939621138324 14910966 15345059
1539939621248188 14914118 15348000
1539939621358970 14917250 15350950
1539939621469040 14920248 15353923
1539939621527078 14921765 15355363
1539939621689024 14926279 15359716
1539939621799200 14929158 15362586
1539939621856447 14930604 15363971
1539939622020384 14934832 15368197
1539939622076866 14936199 15369621
1539939622183208 14939020 15372406
1539939622294133 14941871 15375235
1539939622404114 14944665 15378082
1539939622514103 14947506 15380804
1539939622568833 14948916 15382156
1539939622679078 14951584 15384901
1539939622788848 14954170 15387594
1539939622843582 14955477 15388915
1539939622953497 14958056 15391621
1539939623064855 14960566 15394416
1539939623176374 14963077 15397031
1539939623284082 14965620 15399585
1539939623394162 14968082 15402185
1539939623449148 14969317 15403430
1539939623559049 14971799 15405837
1539939623670050 14974328 15408317
1539939623778768 14976779 15410792
1539939623888581 14979283 15413156
1539939623998588 14981834 15415477
1539939624108377 14984323 15417783
1539939624219279 14986864 15419978
1539939624277206 14988184 15421035
1539939624384101 14990864 15423144
1539939624493861 14993509 15425288
1539939624603935 14996229 15427394
1539939624714168 14998938 15429402
1539939624768499 15000245 15430390
1539939624879596 15002872 15432400
1539939624988507 15005567 15434410
1539939625099574 15008262 15436312
1539939625209106 15010954 15438119
1539939625264079 15012326 15439019
1539939625377237 15015033 15440838
1539939625483921 15017577 15442661
1539939625593812 15020113 15444412
1539939625703959 15022677 15446058
1539939625813589 15025184 15447724
1539939625868729 15026429 15448564
1539939625978571 15028993 15450246
1539939626089481 15031623 15451871
1539939626199392 15034228 15453441
1539939626309753 15036867 15454985
1539939626364175 15038162 15455764
1539939626476966 15040691 15457295
1539939626584358 15043218 15458875
1539939626693842 15045710 15460425
1539939626748747 15046938 15461169
1539939626858472 15049284 15462608
1539939626968411 15051471 15463970
1539939627079663 15053641 15465325
1539939627189869 15055745 15466625
1539939627299493 15057695 15467854
1539939627408915 15059571 15469030
1539939627464005 15060484 15469586
1539939627576721 15062295 15470738
1539939627683601 15064009 15471990
1539939627794654 15065607 15473418
1539939627905172 15067159 15475072
1539939627959565 15067931 15475947
1539939628069538 15069467 15477755
1539939628179179 15070976 15479684
1539939628234607 15071702 15480710
1539939628398885 15073761 15484068
1539939628509744 15075111 15486403
1539939628564660 15075815 15487613
1539939628676562 15077295 15490148
1539939628784971 15078897 15492757
1539939628894240 15080641 15495321
1539939629004203 15082503 15497899
1539939629114070 15084531 15500535
1539939629168990 15085612 15501816
1539939629278846 15087842 15504328
1539939629391123 15090118 15506906
1539939629499600 15092445 15509457
1539939629554522 15093651 15510688
1539939629664909 15096119 15513089
1539939629776356 15098584 15515524
1539939629884416 15101074 15517934
1539939629994468 15103651 15520284
1539939630104484 15106229 15522735
1539939630215661 15108847 15525305
1539939630268869 15110201 15526587
1539939630379757 15113024 15529241
1539939630489550 15115788 15532034
1539939630599944 15118563 15534794
1539939630709469 15121376 15537517
1539939630819392 15124124 15540338
1539939630876183 15125497 15541745
1539939630984170 15128314 15544517
1539939631094431 15131057 15547323
1539939631205822 15133747 15550173
1539939631314653 15136525 15552968
1539939631369983 15137923 15554389
1539939631426547 15139278 15555840
1539939631589564 15143369 15560206
1539939631699564 15146146 15563162
1539939631754249 15147508 15564709
1539939631864021 15150256 15567739
1539939631976392 15153071 15570665
1539939632084803 15155861 15573695
1539939632139937 15157240 15575199
1539939632305051 15161507 15579655
1539939632359832 15162936 15581217
1539939632469640 15165751 15584285
1539939632579754 15168667 15587356
1539939632689672 15171615 15590598
1539939632799208 15174497 15593813
1539939632855992 15175962 15595462
1539939632964094 15178886 15598899
1539939633076946 15181590 15602310
1539939633185079 15184279 15605896
1539939633240257 15185631 15607705
1539939633404577 15189622 15613080
1539939633515013 15192282 15616687
1539939633569791 15193629 15618430
1539939633681258 15196266 15622004
1539939633790145 15198847 15625571
1539939633900919 15201484 15629088
1539939634009844 15204105 15632630
1539939634064920 15205361 15634340
1539939634177577 15207913 15637799
1539939634284732 15210509 15641266
1539939634395875 15213035 15644581
1539939634504436 15215538 15647914
1539939634559611 15216816 15649513
1539939634671488 15219469 15652578
1539939634779986 15222058 15655670
1539939634889919 15224620 15658633
1539939634999818 15227241 15661531
1539939635109808 15229792 15664448
1539939635220487 15232368 15667229
1539939635331364 15235066 15669972
1539939635384384 15236428 15671353
1539939635494513 15239118 15674048
1539939635605036 15241858 15676675
1539939635714929 15244624 15679367
1539939635827010 15247370 15682057
1539939635934716 15250199 15684662
1539939636044795 15253066 15687358
1539939636155211 15255827 15690046
1539939636264397 15258731 15692684
1539939636319433 15260201 15693979
1539939636430702 15263022 15696573
1539939636542913 15265895 15699017
1539939636650565 15268754 15701431
1539939636760015 15271424 15703981
1539939636814790 15272711 15705300
1539939636926706 15275183 15707951
1539939637034999 15277375 15710724
1539939637144660 15279241 15713669
1539939637254338 15280881 15716599
1539939637365192 15282367 15719628
1539939637420212 15283063 15721180
1539939637530332 15284316 15724213
1539939637640295 15285474 15727269
1539939637750221 15286575 15730406
1539939637860049 15287645 15733423
1539939637915002 15288170 15734956
1539939638026644 15289196 15738092
1539939638134823 15290189 15741144
1539939638247604 15291145 15744253
1539939638354431 15292057 15747386
1539939638410160 15292510 15748911
1539939638521266 15293395 15752009
1539939638630148 15294263 15755175
1539939638744374 15295143 15758253
1539939638854923 15296048 15761416
1539939638960477 15297013 15764484
1539939639014693 15297551 15765944
1539939639126758 15298828 15768849
1539939639234752 15300442 15771666
1539939639346806 15302373 15774304
1539939639455244 15304627 15776942
1539939639510116 15305863 15778255
1539939639619878 15308498 15780773
1539939639730037 15311194 15783250
1539939639840815 15313888 15785834
1539939639894625 15315278 15787141
1539939640005451 15318129 15789729
1539939640114629 15320917 15792325
1539939640227874 15323714 15794957
1539939640336216 15326528 15797486
1539939640445424 15329245 15799971
1539939640555038 15332046 15802496
1539939640610196 15333486 15803755
1539939640720027 15336325 15806188
1539939640829988 15339151 15808579
1539939640940448 15342023 15810972
1539939641050341 15344754 15813248
1539939641160321 15347507 15815423
1539939641215238 15348911 15816516
1539939641326113 15351730 15818704
1539939641435065 15354506 15820856
1539939641546390 15357383 15822925
1539939641654617 15360255 15824977
1539939641710643 15361675 15826003
1539939641819512 15364608 15828007
1539939641930453 15367614 15829908
1539939642040438 15370546 15831777
1539939642096266 15372024 15832736
1539939642259989 15376388 15835706
1539939642371470 15379183 15837658
1539939642427011 15380602 15838604
1539939642534725 15383502 15840496
1539939642645535 15386316 15842451
1539939642754526 15389125 15844477
1539939642811068 15390542 15845512
1539939642920275 15393291 15847636
1539939643030376 15395978 15849891
1539939643140190 15398737 15852269
1539939643249918 15401451 15854655
1539939643305003 15402796 15855857
1539939643469917 15406874 15859583
1539939643580581 15409524 15862119
1539939643690996 15412120 15864626
1539939643800436 15414823 15867224
1539939643855237 15416199 15868567
1539939643965082 15418885 15871256
1539939644077124 15421611 15873982
1539939644133104 15423007 15875401
1539939644240393 15425757 15878280
1539939644351783 15428473 15881143
1539939644459916 15431338 15884154
1539939644570593 15434214 15887218
1539939644627642 15435633 15888716
1539939644790441 15440000 15893330
1539939644900828 15442893 15896337
1539939644955339 15444346 15897837
1539939645065359 15447368 15900894
1539939645177630 15450422 15903874
1539939645284891 15453476 15906789
1539939645339806 15455040 15908272
1539939645450595 15458098 15911180
1539939645560518 15461040 15913985
1539939645670889 15464031 15916879
1539939645780655 15466995 15919795
1539939645835370 15468472 15921246
1539939645945376 15471468 15924213
1539939646055094 15474412 15927221
1539939646165005 15477239 15930126
1539939646277386 15480123 15933084
1539939646386413 15482996 15936052
1539939646496434 15485862 15938984
1539939646550694 15487296 15940450
1539939646715289 15491515 15944795
1539939646827745 15494227 15947570
1539939646935481 15497018 15950394
1539939647045386 15499778 15953137
1539939647154992 15502508 15955826
1539939647216129 15505321 15958592
1539939647321593 15506729 15959972
1539939647430845 15509397 15962640
1539939647543913 15512158 15965432
1539939647650413 15514786 15968073
1539939647705554 15516050 15969347
1539939647815377 15518553 15971921
1539939647928511 15520956 15974457
1539939648035340 15523309 15976972
1539939648145941 15525561 15979466
1539939648200746 15526669 15980731
1539939648366079 15529996 15984564
1539939648420707 15531096 15985812
1539939648531262 15533232 15988299
1539939648641238 15535352 15990848
1539939648750367 15537425 15993359
1539939648860040 15539358 15995848
1539939648916199 15540261 15997134
1539939649027813 15541976 15999784
1539939649135795 15543624 16002412
1539939649245585 15545215 16005035
1539939649300952 15545978 16006388
1539939649410860 15547407 16009082
1539939649520328 15548705 16011671
1539939649630232 15549914 16014252
1539939649743143 15551084 16016832
1539939649797245 15551657 16018064
1539939649908466 15552815 16020448
1539939650015874 15553945 16022795
1539939650126822 15555036 16025077
1539939650235634 15556092 16027231
1539939650292780 15556621 16028278
1539939650400560 15557672 16030376
1539939650566476 15559266 16033440
1539939650620407 15559829 16034405
1539939650730267 15561026 16036254
1539939650841157 15562332 16038030
1539939650950987 15563796 16039709
1539939651007079 15564576 16040492
1539939651116200 15566260 16041912
1539939651226647 15568129 16043165
1539939651335585 15570119 16044298
1539939651445292 15572066 16045381
1539939651500430 15572978 16045854
1539939651666254 15575743 16045810
1539939651776959 15577682 16045759
1539939651830982 15578627 16045789
1539939651943215 15580403 16045935
1539939652106360 15582807 16045928
1539939652215346 15584268 16045955
1539939652327407 15585665 16045930
1539939652381284 15586334 16045910
1539939652491726 15587522 16045881
1539939652601182 15588600 16045906
1539939652711049 15589574 16045929
1539939652820719 15590456 16045936
1539939652876766 15590865 16045938
1539939652985817 15591633 16045956
1539939653095602 15592306 16045977
1539939653205797 15592789 16045976
1539939653315267 15593035 16045982
1539939653371296 15593057 16045992
1539939653481205 15592931 16045949
1539939653591707 15592653 16045833
1539939653701086 15592325 16045626
1539939653755922 15592146 16045468
1539939653865751 15591783 16045071
1539939653976706 15591419 16044573
1539939654085841 15591072 16044077
1539939654196638 15590744 16043623
1539939654306217 15590444 16043221
1539939654361248 15590300 16043037
1539939654527545 15589898 16042523
1539939654581198 15589762 16042357
1539939654690970 15589483 16042053
1539939654801819 15589191 16041779
1539939654910578 15588896 16041494
1539939655020744 15588611 16041213
1539939655076407 15588473 16041094
1539939655186410 15588215 16040917
1539939655296466 15587995 16040799
1539939655406343 15587824 16040735
1539939655461352 15587757 16040711
1539939655570915 15587662 16040668
1539939655681258 15587612 16040645
1539939655791379 15587630 16040662
1539939655846415 15587662 16040676
1539939655956111 15587714 16040725
1539939656121500 15587756 16040794
1539939656176512 15587763 16040807
1539939656286361 15587765 16040819
1539939656396148 15587767 16040812
1539939656506231 15587763 16040813
1539939656616627 15587781 16040827
1539939656727286 15587803 16040841
1539939656835558 15587792 16040863
1539939656945459 15587692 16040896
1539939657001481 15587592 16040939
1539939657111400 15587276 16041053
1539939657221760 15586766 16041178
1539939657331080 15586048 16041307
1539939657442290 15585227 16041414
1539939657496927 15584811 16041456
1539939657605960 15584003 16041531
1539939657716797 15583278 16041563
1539939657826604 15583098 16041635
1539939657881957 15583204 16041730
1539939657991891 15583324 16041959
1539939658101653 15583292 16042275
1539939658211264 15583138 16042793
1539939658321017 15582944 16043479
1539939658431896 15582776 16044322
1539939658486764 15582720 16044782
1539939658651810 15582715 16046179
1539939658706542 15582772 16046655
1539939658816556 15582950 16047582
1539939658926442 15583240 16048478
1539939659036342 15583645 16049374
1539939659146714 15584160 16050256
1539939659205183 15584452 16050701
1539939659311287 15584992 16051618
1539939659421094 15585566 16052616
1539939659531732 15586235 16053688
1539939659642533 15586973 16054847
1539939659752851 15587791 16056108
1539939659806486 15588226 16056768
1539939659916325 15589260 16058135
1539939660027778 15590382 16059483
1539939660136435 15591604 16060890
1539939660248928 15592943 16062373
1539939660300891 15593663 16063153
1539939660411903 15595190 16064796
1539939660576710 15597599 16067418
1539939660687217 15599312 16069260
1539939660743546 15600214 16070224
1539939660853260 15602125 16072281
1539939660961416 15604139 16074427
1539939661071162 15606168 16076582
1539939661127447 15607184 16077671
1539939661236120 15609284 16079923
1539939661347560 15611508 16082235
1539939661456342 15613783 16084523
1539939661567997 15616059 16086845
1539939661621968 15617212 16088037
1539939661786404 15620792 16091674
1539939661896396 15623143 16094072
1539939662005999 15625540 16096572
1539939662062232 15626795 16097868
1539939662170849 15629372 16100463
1539939662282016 15631931 16103051
1539939662392607 15634560 16105754
1539939662446663 15635919 16107116
1539939662557257 15638644 16109797
1539939662667570 15641391 16112546
1539939662777446 15644260 16115355
1539939662886536 15647136 16118059
1539939662996243 15650020 16120799
1539939663106401 15653034 16123626
1539939663161511 15654536 16125019
1539939663272352 15657513 16127857
1539939663384911 15660644 16130846
1539939663492498 15663785 16133790
1539939663601816 15666928 16136736
1539939663657913 15668543 16138247
1539939663766753 15671717 16141178
1539939663879362 15674825 16144065
1539939663986979 15678024 16147010
1539939664098097 15681159 16149881
1539939664207072 15684376 16152742
1539939664316896 15687666 16155723
1539939664371572 15689280 16157195
1539939664481739 15692620 16160133
1539939664591377 15696020 16163130
1539939664701635 15699409 16166111
1539939664811784 15702898 16169036
1539939664869250 15704617 16170536
1539939664977107 15708116 16173514
1539939665088711 15711699 16176434
1539939665199528 15715199 16179425
1539939665251884 15716990 16180919
1539939665361701 15720534 16183837
1539939665471672 15723982 16186815
1539939665581855 15727589 16189841
1539939665691463 15731132 16192792
1539939665802117 15734779 16195830
1539939665913525 15738376 16198824
1539939665967639 15740186 16200278
1539939666076859 15743953 16203225
1539939666187524 15747628 16206148
1539939666296779 15751371 16208987
1539939666406703 15754968 16211928
1539939666461480 15756768 16213428
1539939666577419 15760415 16216393
1539939666681221 15763903 16219466
1539939666792132 15767407 16222594
1539939666902175 15770770 16225671
1539939667012326 15774075 16228858
1539939667121865 15777416 16232015
1539939667178812 15779053 16233592
1539939667342923 15784130 16238483
1539939667396397 15785805 16240077
1539939667506283 15789110 16243259
1539939667617458 15792562 16246499
1539939667727218 15795993 16249644
1539939667836972 15799525 16252851
1539939667946910 15803066 16256042
1539939668001649 15804807 16257606
1539939668115630 15808426 16260834
1539939668223535 15812010 16264051
1539939668332458 15815637 16267209
1539939668442185 15819277 16270422
1539939668552451 15822845 16273548
1539939668606986 15824679 16275126
1539939668772451 15829962 16279962
1539939668828724 15831714 16281542
1539939668881734 15833451 16283139
1539939669046666 15838360 16288085
1539939669157555 15841643 16291291
1539939669267900 15844835 16294586
1539939669326676 15846430 16296223
1539939669435538 15849694 16299430
1539939669542094 15852836 16302683
1539939669652909 15855960 16305860
1539939669761738 15859141 16309044
1539939669816683 15860683 16310690
1539939669927777 15863785 16313919
1539939670036534 15866922 16317154
1539939670147752 15869932 16320456
1539939670256277 15872996 16323678
1539939670368831 15876052 16326979
1539939670426504 15877525 16328604
1539939670531973 15880495 16331688
1539939670641954 15883478 16334739
1539939670751826 15886346 16337717
1539939670806682 15887788 16339148
1539939670918935 15890725 16342042
1539939671031980 15893581 16344953
1539939671137480 15896431 16347776
1539939671247573 15899321 16350642
1539939671302226 15900729 16352088
1539939671468404 15904919 16356272
1539939671522618 15906349 16357675
1539939671690604 15910570 16361941
1539939671797666 15913422 16364737
1539939671855636 15914871 16366166
1539939671963353 15917703 16369082
1539939672076251 15920520 16371953
1539939672182544 15923454 16374915
1539939672237267 15924914 16376434
1539939672402180 15929276 16380922
1539939672512202 15932254 16383959
1539939672570047 15933706 16385482
1539939672732935 15938076 16389893
1539939672843000 15941070 16392830
1539939672897390 15942525 16394267
1539939673007354 15945452 16397018
1539939673118526 15948429 16399766
1539939673228133 15951247 16402474
1539939673282205 15952638 16403775
1539939673395960 15955436 16406330
1539939673504129 15958128 16408885
1539939673612888 15960679 16411319
1539939673727044 15963188 16413599
1539939673832431 15965599 16415847
1539939673942333 15967880 16418079
1539939674052193 15970163 16420245
1539939674162441 15972507 16422444
1539939674217387 15973696 16423607
1539939674329424 15976101 16426056
1539939674438063 15978639 16428613
1539939674549287 15981282 16431309
1539939674604028 15982591 16432738
1539939674712572 15985218 16435667
1539939674826256 15988047 16438641
1539939674934137 15991056 16441835
1539939675042103 15994145 16445078
1539939675154440 15997228 16448262
1539939675262885 16000153 16451425
1539939675318190 16001574 16452926
1539939675429045 16004419 16455843
1539939675541620 16007190 16458765
1539939675592650 16008527 16460187
1539939675705088 16011196 16462941
1539939675812505 16013851 16465693
1539939675926193 16016353 16468364
1539939676032347 16018788 16470911
1539939676143395 16021227 16473457
1539939676197916 16022424 16474717
1539939676363533 16025846 16478309
1539939676418036 16026968 16479472
1539939676527829 16029200 16481806
1539939676637657 16031345 16484080
1539939676747534 16033384 16486227
1539939676857440 16035411 16488348
1539939676967280 16037430 16490468
1539939677025183 16038421 16491509
1539939677132920 16040316 16493505
1539939677243455 16042148 16495410
1539939677353386 16043959 16497289
1539939677462871 16045752 16499154
1539939677576544 16047468 16500939
1539939677682874 16049134 16502639
1539939677793432 16050850 16504280
1539939677849443 16051791 16505090
1539939677957187 16053872 16506667
1539939678126951 16057380 16508890
1539939678179115 16058638 16509601
1539939678288062 16061202 16511060
1539939678398117 16063747 16512654
1539939678507939 16066184 16514394
1539939678562533 16067407 16515310
1539939678676549 16069930 16517161
1539939678782417 16072484 16518973
1539939678892273 16075005 16520778
1539939679005373 16077621 16522615
1539939679058042 16078956 16523539
1539939679226996 16082966 16526373
1539939679281120 16084339 16527335
1539939679388632 16087154 16529296
1539939679497781 16089943 16531331
1539939679607639 16092745 16533383
1539939679717443 16095634 16535443
1539939679828471 16098460 16537546
1539939679882865 16099852 16538615
1539939679993433 16102705 16540780
1539939680103566 16105560 16542886
1539939680214430 16108368 16545020
1539939680327504 16111204 16547308
1539939680432755 16113963 16549749
1539939680487568 16115281 16550987
1539939680601622 16117950 16553564
1539939680712370 16120673 16556302
1539939680819127 16123316 16558999
1539939680932503 16126039 16561617
1539939680983906 16127446 16562933
1539939681093557 16130292 16565582
1539939681202896 16133165 16568149
1539939681313382 16136194 16570800
1539939681367672 16137716 16572193
1539939681479086 16140730 16575012
1539939681587548 16143849 16577845
1539939681697502 16146940 16580803
1539939681809747 16149984 16583719
1539939681918473 16153133 16586586
1539939682028120 16156201 16589503
1539939682082980 16157730 16590954
1539939682192771 16160870 16593830
1539939682248040 16162422 16595300
1539939682415193 16167067 16599807
1539939682467601 16168669 16601268
1539939682633451 16173363 16605773
1539939682743336 16176520 16608754
1539939682854225 16179589 16611724
1539939682963131 16182542 16614788
1539939683076821 16185528 16617789
1539939683183469 16188356 16620909
1539939683292728 16191100 16624109
1539939683348560 16192494 16625675
1539939683458492 16195251 16628856
1539939683568340 16197967 16632044
1539939683679446 16200780 16635102
1539939683733130 16202199 16636654
1539939683898041 16206342 16641241
1539939683953085 16207749 16642696
1539939684065043 16210621 16645599
1539939684176650 16213428 16648435
1539939684283121 16216315 16651127
1539939684392610 16219324 16653793
1539939684503501 16222361 16656394
1539939684613453 16225511 16658871
1539939684726269 16228643 16661354
1539939684778374 16230164 16662591
1539939684887984 16233288 16665002
1539939684997975 16236434 16667329
1539939685107927 16239508 16669678
1539939685217778 16242627 16671965
1539939685276484 16244156 16673074
1539939685383417 16247146 16675234
1539939685493284 16250185 16677380
1539939685603179 16253198 16679500
1539939685713255 16256170 16681574
1539939685768639 16257672 16682602
1539939685880938 16260666 16684695
1539939685988089 16263533 16686852
1539939686097810 16266437 16689017
1539939686209181 16269335 16691142
1539939686318464 16272124 16693309
1539939686377963 16273534 16694430
1539939686483273 16276352 16696754
1539939686593575 16279061 16699145
1539939686757952 16283278 16703007
1539939686815420 16284713 16704351
1539939686926989 16287547 16707003
1539939686978957 16288993 16708321
1539939687143964 16293494 16712439
1539939687253465 16296406 16715101
1539939687308438 16297895 16716424
1539939687418570 16300934 16719167
1539939687528544 16303931 16721994
1539939687638108 16307011 16724817
1539939687747896 16310111 16727776
1539939687803288 16311601 16729270
1539939687912903 16314658 16732214
1539939688077775 16319295 16736794
1539939688133664 16320812 16738347
1539939688244080 16323930 16741378
1539939688353410 16327021 16744493
1539939688463339 16330085 16747598
1539939688577429 16333299 16750675
1539939688685202 16336511 16753869
1539939688742003 16338131 16755442
1539939688851066 16341437 16758558
1539939688957671 16344659 16761765
1539939689068876 16347917 16764893
1539939689126433 16349574 16766453
1539939689233951 16352853 16769661
1539939689343591 16356163 16772793
1539939689453273 16359481 16775936
1539939689564699 16362721 16779172
1539939689617986 16364399 16780768
1539939689783694 16369384 16785633
1539939689838617 16371041 16787255
1539939689948606 16374420 16790378
1539939690058637 16377661 16793504
1539939690168490 16380942 16796555
1539939690279223 16384289 16799474
1539939690388085 16387664 16802387
1539939690444054 16389435 16803799
1539939690554216 16392967 16806540
1539939690663995 16396461 16809369
1539939690776750 16399984 16812268
1539939690831039 16401668 16813711
1539939690938897 16405047 16816706
1539939691048481 16408393 16819860
1539939691158295 16411554 16822947
1539939691268264 16414803 16826120
1539939691327138 16416407 16827713
1539939691487924 16421182 16832375
1539939691544863 16422819 16833987
1539939691653807 16426009 16837260
1539939691763668 16429206 16840517
1539939691876610 16432512 16843922
1539939691929402 16434142 16845615
1539939692038227 16437442 16849000
1539939692148105 16440802 16852546
1539939692258970 16444037 16856068
1539939692369002 16447346 16859725
1539939692481006 16450646 16863294
1539939692533957 16452272 16865051
1539939692643638 16455572 16868620
1539939692753975 16458741 16872053
1539939692863491 16461832 16875503
1539939692918678 16463410 16877209
1539939693083743 16468064 16882141
1539939693139055 16469612 16883799
1539939693249427 16472710 16887020
1539939693358874 16475674 16890143
1539939693468874 16478702 16893289
1539939693526665 16480262 16894814
1539939693635656 16483353 16897859
1539939693744272 16486496 16901030
1539939693855446 16489743 16904150
1539939693908192 16491316 16905706
1539939694077149 16496073 16910498
1539939694128443 16497666 16912069
1539939694239002 16500711 16915317
1539939694349221 16503695 16918750
1539939694458806 16506577 16922188
1539939694568541 16509398 16925760
1539939694678814 16512349 16929215
1539939694733622 16513852 16930946
1539939694843401 16516850 16934468
1539939694954154 16520017 16937870
1539939695064020 16523306 16941361
1539939695119333 16524930 16943091
1539939695229031 16528297 16946439
1539939695338847 16531730 16949861
1539939695449174 16535109 16953216
1539939695558665 16538523 16956571
1539939695613485 16540182 16958292
1539939695727519 16543424 16961620
1539939695834401 16546721 16965016
1539939695944476 16549916 16968465
1539939696054245 16553165 16971853
1539939696164592 16556426 16975320
1539939696276866 16559651 16978636
1539939696328808 16561324 16980305
1539939696438845 16564645 16983681
1539939696548639 16567940 16986924
1539939696658946 16571300 16990196
1539939696769295 16574494 16993396
1539939696879367 16577741 16996545
1539939696934381 16579384 16998159
1539939697044205 16582559 17001345
1539939697153938 16585752 17004433
1539939697263835 16588909 17007547
1539939697319016 16590433 17009056
1539939697430561 16593520 17011994
1539939697539254 16596604 17014980
1539939697648567 16599590 17017890
1539939697704449 16601096 17019297
1539939697869179 16605524 17023571
1539939697927244 16606951 17024971
1539939698034127 16609859 17027682
1539939698143897 16612787 17030433
1539939698255012 16615613 17033182
1539939698363565 16618485 17035825
1539939698421919 16619920 17037149
1539939698529646 16622677 17039834
1539939698639414 16625404 17042442
1539939698749111 16628216 17045012
1539939698859541 16630925 17047591
1539939698914043 16632280 17048877
1539939699080160 16636382 17052583
1539939699133737 16637700 17053812
1539939699243734 16640265 17056298
1539939699300511 16641556 17057513
1539939699464523 16645446 17061051
1539939699520381 16646689 17062244
1539939699629557 16649128 17064637
1539939699742045 16651535 17066940
1539939699848927 16653888 17069172
1539939699958836 16656122 17071402
1539939700072147 16658372 17073606
1539939700126747 16659524 17074676
1539939700234917 16661805 17076784
1539939700344534 16663973 17078869
1539939700399420 16665017 17079899
1539939700509400 16667103 17081908
1539939700619754 16669310 17083939
1539939700729207 16671387 17085912
1539939700839053 16673400 17087864
1539939700953881 16675415 17089775
1539939701059272 16677378 17091580
1539939701172049 16679219 17093285
1539939701226733 16680105 17094121
1539939701334820 16681847 17095776
1539939701444384 16683539 17097373
1539939701499475 16684367 17098146
1539939701664871 16686714 17100318
1539939701777280 16688165 17101698
1539939701829216 16688871 17102379
1539939701938891 16690267 17103726
1539939701996967 16690959 17104391
1539939702104947 16692332 17105682
1539939702214756 16693669 17106907
1539939702326495 16694947 17108082
1539939702434883 16696155 17109207
1539939702489636 16696740 17109752
1539939702654900 16698416 17111344
1539939702709142 16698953 17111853
1539939702819203 16699993 17112832
1539939702928982 16701004 17113801
1539939703040878 16702020 17114837
1539939703150120 16703059 17115969
1539939703261193 16704149 17117216
1539939703369577 16705344 17118591
1539939703427098 16705996 17119331
1539939703534250 16707436 17120960
1539939703645669 16709000 17122691
1539939703754037 16710656 17124472
1539939703863871 16712375 17126303
1539939703976716 16714171 17128230
1539939704030996 16715100 17129223
1539939704139668 16717012 17131246
1539939704249709 16718963 17133254
1539939704360025 16720878 17135318
1539939704469434 16722875 17137486
1539939704526412 16723937 17138582
1539939704634020 16726219 17140773
1539939704744343 16728572 17142982
1539939704858902 16730970 17145288
1539939704909053 16732206 17146467
1539939705019761 16734720 17148820
1539939705129565 16737153 17151163
1539939705240044 16739580 17153630
1539939705349590 16742125 17156136
1539939705459911 16744649 17158613
1539939705569557 16747181 17161173
1539939705627721 16748459 17162467
1539939705737179 16751042 17165039
1539939705846500 16753525 17167575
1539939705955491 16755955 17170185
1539939706065275 16758395 17172830
1539939706119645 16759595 17174139
1539939706231223 16761906 17176814
1539939706339527 16764181 17179589
1539939706449387 16766475 17182333
1539939706559080 16768707 17185077
1539939706614786 16769803 17186479
1539939706779871 16773133 17190530
1539939706889959 16775436 17193180
1539939707000132 16777715 17195892
1539939707054608 16778835 17197216
1539939707164644 16781098 17199766
1539939707276656 16783416 17202328
1539939707385346 16785712 17204927
1539939707494387 16787975 17207427
1539939707550150 16789127 17208676
1539939707662534 16791468 17211209
1539939707770053 16793779 17213699
1539939707879825 16795901 17216177
1539939707989685 16797619 17218852
1539939708100848 16799538 17221448
1539939708154607 16800546 17222682
1539939708264481 16802651 17225104
1539939708378155 16804972 17227590
1539939708429358 16806190 17228855
1539939708539071 16808645 17231368
1539939708704979 16812225 17235385
1539939708761441 16813431 17236811
1539939708872855 16815875 17239631
1539939708980662 16818326 17242509
1539939709089688 16820800 17245485
1539939709204070 16823394 17248387
1539939709254679 16824707 17249842
1539939709365272 16827288 17252826
1539939709477157 16829901 17255786
1539939709585677 16832586 17258762
1539939709695038 16835223 17261809
1539939709749756 16836528 17263299
1539939709859654 16839233 17266235
1539939709914573 16840629 17267725
1539939710080492 16844722 17272104
1539939710189376 16847500 17274928
1539939710300535 16850295 17277794
1539939710410044 16853026 17280594
1539939710519962 16855928 17283403
1539939710576801 16857378 17284798
1539939710684952 16860238 17287535
1539939710794712 16863098 17290160
1539939710904610 16865969 17292824
1539939711015568 16868701 17295480
1539939711126396 16871391 17298041
1539939711235436 16874071 17300621
1539939711290290 16875369 17301919
1539939711345411 16876629 17303198
1539939711510115 16880370 17306908
1539939711619959 16882819 17309421
1539939711729743 16885124 17311888
1539939711785345 16886260 17313076
1539939711894827 16888549 17315400
1539939711949458 16889696 17316563
1539939712114411 16893010 17319989
1539939712169372 16894084 17321081
1539939712281284 16896233 17323216
1539939712390143 16898359 17325360
1539939712499999 16900396 17327493
1539939712615111 16902387 17329544
1539939712720411 16904359 17331519
1539939712830043 16906164 17333333
1539939712884985 16906957 17334146
1539939712995617 16908266 17335511
1539939713050433 16908799 17336062
1539939713215127 16909888 17337234
1539939713270363 16910099 17337473
1539939713380008 16910324 17337763
1539939713489837 16910357 17337833
1539939713599678 16910306 17337747
1539939713709649 16910205 17337598
1539939713819705 16910083 17337471
1539939713930871 16910005 17337394
1539939713986173 16909981 17337371
1539939714095318 16909977 17337358
1539939714150228 16909985 17337367
1539939714315031 16910020 17337408
1539939714427386 16910033 17337424
1539939714480049 16910036 17337427
1539939714589639 16910035 17337427
1539939714699887 16910031 17337422
1539939714810735 16910031 17337422
1539939714920365 16910033 17337425
1539939714977665 16910034 17337425
1539939715085331 16910033 17337424
1539939715195145 16910032 17337424
1539939715250029 16910032 17337423
1539939715415045 16910034 17337425
1539939715527006 16910034 17337424
1539939715581034 16910034 17337425
1539939715689702 16910033 17337424
1539939715800559 16910034 17337425
1539939715855477 16910033 17337424
1539939716020297 16910033 17337425
1539939716077346 16910033 17337424
1539939716186363 16910033 17337424
1539939716294861 16910033 17337425
1539939716404843 16910033 17337425
1539939716515873 16910033 17337425
1539939716570730 16910034 17337426
1539939716735611 16910033 17337425
1539939716790355 16910033 17337425
1539939716955395 16910033 17337425
1539939717010612 16910033 17337425
1539939717120111 16910033 17337425
1539939717230832 16910033 17337425
1539939717285868 16910033 17337425
1539939717394747 16910034 17337425
1539939717506547 16910033 17337425
1539939717615474 16910034 17337425
1539939717726397 16910033 17337425
1539939717835668 16910033 17337425
1539939717945218 16910033 17337425
1539939718056029 16910034 17337425
1539939718164896 16910033 17337424
1539939718278944 16910034 17337425
1539939718385698 16910034 17337425
1539939718496844 16910033 17337425
1539939718550690 16910034 17337425
1539939718660466 16910034 17337426
1539939718770222 16910034 17337425
1539939718827155 16910033 17337425
1539939718990216 16910034 17337425
1539939719100108 16910029 17337422
1539939719210791 16910026 17337413
1539939719265776 16910024 17337396
1539939719376596 16910019 17337216
1539939719485508 16910046 17336836
1539939719595747 16910144 17336225
1539939719706827 16910311 17335423
1539939719815081 16910554 17334505
1539939719927358 16910827 17333587
1539939719980011 16910949 17333159
1539939720145751 16911185 17332069
1539939720256111 16911208 17331522
1539939720310633 16911199 17331294
1539939720421951 16911175 17330910
1539939720530438 16911169 17330613
1539939720640614 16911184 17330432
1539939720750366 16911184 17330370
1539939720805279 16911182 17330375
1539939720915967 16911188 17330422
1539939721026875 16911188 17330484
1539939721135716 16911185 17330538
1539939721245633 16911191 17330572
1539939721355829 16911188 17330587
1539939721465395 16911186 17330587
1539939721577282 16911188 17330584
1539939721741852 16911188 17330589
1539939721906715 16911186 17330589
1539939722015836 16911187 17330589
1539939722126605 16911187 17330591
1539939722180687 16911186 17330591
1539939722290501 16911186 17330591
1539939722400418 16911186 17330592
1539939722510790 16911187 17330592
1539939722620114 16911187 17330593
1539939722677075 16911187 17330593
1539939722786167 16911187 17330594
1539939722950757 16911187 17330595
1539939723005691 16911187 17330595
1539939723115691 16911187 17330595
1539939723227430 16911187 17330595
1539939723335428 16911186 17330596
1539939723445660 16911187 17330596
1539939723555194 16911187 17330595
1539939723610242 16911187 17330595
1539939723721086 16911187 17330597
1539939723830854 16911187 17330597
1539939723942608 16911187 17330596
1539939724050753 16911186 17330597
1539939724105640 16911187 17330597
1539939724216141 16911187 17330597
1539939724327271 16911186 17330597
1539939724436236 16911187 17330598
1539939724546212 16911187 17330598
1539939724601217 16911187 17330598
1539939724711044 16911186 17330598
1539939724820892 16911186 17330599
1539939724931077 16911187 17330598
1539939725041365 16911187 17330599
1539939725095590 16911187 17330599
1539939725206426 16911187 17330599
1539939725315580 16911187 17330598
1539939725427240 16911187 17330599
1539939725536665 16911186 17330599
1539939725591008 16911187 17330598
1539939725700925 16911187 17330599
