0.0555536 0.00107193 0.0385859 11257181 11577230
0.11107883 0.0041228015 0.071195185 11258441 11578870
0.17720422 0.0098946903 0.10293754 11259988 11580785
0.26892811 0.021558889 0.15003747 11262125 11583470
0.3472907 0.035023679 0.19029266 11263965 11585777
0.43013171 0.05264929 0.22898387 11265948 11588210
0.49632873 0.069140826 0.25933193 11267551 11590166
0.58880654 0.095753515 0.3010734 11269818 11592917
0.70821003 0.13647967 0.35633943 11272786 11596528
0.80758638 0.17688049 0.41592969 11275237 11599672
0.91152298 0.22717236 0.4853925 11277845 11603086
1.0101957 0.28445369 0.56655077 11280348 11606533
1.1291341 0.36877103 0.66681866 11283567 11610917
1.2212193 0.44610747 0.73030891 11286334 11614421
1.3124599 0.53298986 0.79156191 11289264 11618063
1.3965198 0.62167171 0.8327342 11292211 11621488
1.4808903 0.71714072 0.86133274 11295367 11624976
1.5820129 0.83717957 0.88011169 11299351 11629178
1.6443942 0.91277329 0.88162082 11301897 11631743
1.7271082 1.0123448 0.87360896 11305319 11635072
1.8116802 1.1107069 0.84766796 11308853 11638303
1.9000112 1.208127 0.82091362 11312437 11641577
1.9894457 1.3021893 0.80031244 11315941 11644842
2.0798711 1.3937881 0.78337686 11319396 11648100
2.1993015 1.5122132 0.77896569 11323807 11652460
2.315466 1.6274521 0.78383078 11328046 11656755
2.4081484 1.721415 0.80068734 11331390 11660294
2.5206359 1.8396761 0.82014056 11335533 11664663
2.6084722 1.9353095 0.83560064 11338829 11668139
2.7144182 2.0541617 0.84989428 11342897 11672374
2.796837 2.1501492 0.87272097 11346064 11675806
2.8944536 2.2704368 0.90541087 11349913 11680035
2.9685986 2.3670816 0.92735662 11352962 11683339
3.0219056 2.4391602 0.94065429 11355223 11685754
3.1082412 2.5601015 0.96099779 11358979 11689747
3.1747565 2.6564426 0.97206831 11361968 11692864
3.2551079 2.7746631 0.97561653 11365674 11696612
3.303963 2.8464411 0.97074549 11367967 11698848
3.3694116 2.9408841 0.95882796 11371032 11701775
3.4358052 3.0342137 0.94610827 11374093 11704687
3.521458 3.1511815 0.93136136 11377959 11708382
3.5891526 3.2415874 0.92478409 11380942 11711289
3.6751628 3.3546834 0.91642616 11384696 11714945
3.7441615 3.443604 0.90534987 11387695 11717816
3.795179 3.5081126 0.89795326 11389883 11719918
3.9008366 3.6403117 0.89509561 11394312 11724314
4.0017461 3.7691476 0.91762134 11398449 11728712
4.0514745 3.8349928 0.93028973 11400527 11730937
4.0994639 3.9002936 0.94377248 11402561 11733129
4.1742864 4.0072831 0.97724835 11405771 11736728
4.2300479 4.0936805 1.0180635 11408216 11739646
4.2693469 4.1593278 1.0446941 11410056 11741796
4.3049667 4.2221487 1.0652886 11411819 11743799
4.3516219 4.3082007 1.0826739 11414271 11746452
4.3969964 4.3922106 1.0684822 11416843 11748860
4.4436517 4.4715113 1.0095156 11419585 11750916
4.4953317 4.5453562 0.91083464 11422508 11752693
4.5542609 4.6112323 0.77116975 11425625 11754186
4.6207089 4.6661033 0.60935145 11428812 11755493
4.7266302 4.7200423 0.3326675 11433519 11756985
4.7758028 4.7330878 0.1859845 11435698 11757460
4.8480888 4.7371842 -0.072767594 11439089 11757845
4.8905154 4.7293866 -0.29075595 11441480 11757703
4.9179394 4.7178181 -0.50762158 11443516 11757219
4.9315912 4.7081155 -0.72814926 11445234 11756375
4.9379302 4.7010058 -0.95713608 11446813 11755293
4.9424586 4.6920874 -1.2447882 11448745 11753882
4.9445048 4.6826208 -1.4710503 11450312 11752820
4.9440593 4.667637 -1.7299922 11452207 11751707
4.9397219 4.6503762 -1.9039723 11453682 11751160
4.9258099 4.6181671 -2.0530669 11455463 11751209
4.9066639 4.5850796 -2.137668 11456951 11751714
4.8725071 4.534956 -2.200264 11458897 11752932
4.8383826 4.4888844 -2.216353 11460485 11754334
4.7903009 4.4241137 -2.2023979 11462508 11756518
4.7498112 4.3678354 -2.1865207 11464223 11758418
4.695617 4.2899972 -2.171471 11466609 11760979
4.650311 4.2225364 -2.1529274 11468620 11763206
4.5932101 4.133288 -2.1270039 11471232 11766119
4.5475703 4.058654 -2.112277 11473428 11768486
4.488034 3.9567022 -2.0864069 11476356 11771715
4.4417152 3.8726524 -2.0625416 11478720 11774356
4.4077748 3.8084456 -2.0515966 11480550 11776313
4.3628012 3.7211871 -2.0417889 11483053 11778930
4.3056808 3.6075923 -2.0316444 11486310 11782304
4.2604268 3.5166666 -2.0335646 11488969 11784942
4.2023829 3.4000387 -2.0316151 11492355 11788350
4.1573407 3.3073081 -2.0143129 11494943 11791139
4.1141947 3.2132472 -1.9874161 11497485 11793993
4.0724403 3.1134122 -1.9464284 11500068 11797053
4.035405 3.0125927 -1.899245 11502595 11800128
3.9954872 2.8819004 -1.8352154 11505786 11804064
3.9687087 2.7720879 -1.7847555 11508441 11807304
3.9471363 2.6560915 -1.7245843 11511168 11810730
3.9332023 2.5395166 -1.6549357 11513824 11814196
3.9275545 2.4211439 -1.5820094 11516491 11817710
3.9352724 2.273046 -1.4554503 11519623 11822312
3.9549395 2.1561496 -1.3527761 11522117 11826000
3.9947125 2.0168034 -1.2327511 11525199 11830476
4.0393097 1.9060821 -1.1430272 11527790 11834110
4.1090866 1.7700167 -1.0508657 11531242 11838633
4.1738844 1.6629228 -1.0024681 11534225 11842178
4.2444042 1.5577406 -0.95788454 11537268 11845739
4.3380416 1.4290313 -0.92580418 11541232 11850076
4.4167273 1.3272692 -0.89938006 11544433 11853584
4.4986931 1.2267526 -0.8740361 11547667 11857113
4.5824033 1.1285003 -0.85625796 11550930 11860582
4.7120412 0.983348 -0.82733658 11555837 11865825
4.8220366 0.86737954 -0.79631456 11559824 11870173
4.9131086 0.77760639 -0.7601181 11562949 11873718
5.0331853 0.66887572 -0.71158377 11566891 11878224
5.133756 0.58510615 -0.67743076 11570105 11881835
5.2653528 0.48202614 -0.65152105 11574314 11886345
5.372393 0.4015419 -0.63791972 11577727 11889916
5.5104142 0.29737115 -0.65514208 11582336 11894325
5.6179676 0.21319397 -0.67300716 11586001 11897782
5.7489151 0.10570879 -0.70161585 11590585 11902034
5.8248365 0.040814465 -0.71288191 11593255 11904573
5.9254375 -0.048060769 -0.7343022 11596879 11907949
6.0480694 -0.16065613 -0.751211 11601319 11912192
6.1424469 -0.24976084 -0.76212667 11604767 11915513
6.2362489 -0.33910088 -0.75995222 11608132 11918903
6.3783405 -0.47258632 -0.74840502 11613149 11924054
6.4961426 -0.58032285 -0.73319241 11617223 11928305
6.5886482 -0.66161963 -0.70879901 11620293 11931658
6.7073734 -0.75846455 -0.65969105 11624003 11935939
6.8031573 -0.82904185 -0.61035836 11626818 11939328
6.9274611 -0.91152179 -0.56130496 11630423 11943503
7.0290164 -0.97334329 -0.5323475 11633355 11946771
7.1606079 -1.0510885 -0.53491788 11637356 11950742
7.2638627 -1.1152056 -0.57645975 11640766 11953670
7.3809099 -1.1992405 -0.66889337 11645061 11956890
7.4667871 -1.2728392 -0.74821952 11648471 11959378
7.5723051 -1.3778976 -0.81821278 11652760 11962854
7.6500544 -1.4635918 -0.84972538 11655960 11965688
7.7476853 -1.5686183 -0.79402561 11659376 11969751
7.8318883 -1.6475651 -0.71235769 11661911 11973235
7.9495743 -1.7362971 -0.57972045 11664984 11977849
8.0531288 -1.7960262 -0.46663377 11667444 11981624
8.1955278 -1.8562695 -0.33381961 11670705 11986427
8.3197854 -1.8934595 -0.24780418 11673587 11990309
8.4467634 -1.9211201 -0.18116916 11676589 11994085
8.6199872 -1.9515142 -0.16621782 11681088 11998758
8.7963088 -1.98414 -0.19971468 11685958 12003239
8.9396339 -2.0182579 -0.26767773 11690195 12006686
9.1210614 -2.0762948 -0.35152888 11695649 12011166
9.2640706 -2.1350938 -0.42864389 11700129 12014750
9.3729164 -2.1884746 -0.48327329 11703607 12017593
9.5133233 -2.2679736 -0.54712589 11708186 12021430
9.6835591 -2.3796796 -0.61429407 11713885 12026349
9.844796 -2.5010351 -0.67609997 11719507 12031252
9.9369189 -2.5775784 -0.71048143 11722830 12034176
10.02446 -2.655384 -0.74269221 11726071 12037043
10.135698 -2.7628367 -0.79349094 11730399 12040780
10.263779 -2.9007952 -0.85152875 11735645 12045352
10.335154 -2.9845841 -0.87893245 11738674 12048063
10.427867 -3.0947679 -0.86365242 11742340 12051907
10.547036 -3.2260236 -0.80359822 11746614 12056878
10.645131 -3.3195518 -0.71954447 11749660 12060901
10.779452 -3.4234443 -0.59715205 11753377 12066040
10.896343 -3.4933922 -0.48133927 11756256 12070265
10.986482 -3.5357438 -0.39713495 11758364 12073351
11.17119 -3.5969111 -0.24244724 11762539 12079323
11.295569 -3.6213221 -0.14515027 11765279 12083194
11.423659 -3.6355879 -0.076681194 11768242 12086952
11.555262 -3.6438235 -0.048314563 11771516 12090555
11.718607 -3.652123 -0.053217795 11775809 12094792
11.851959 -3.6610388 -0.080301039 11779451 12098120
12.047037 -3.6789329 -0.10264367 11784689 12103098
12.201787 -3.6969412 -0.12905355 11788905 12107007
12.325917 -3.7141712 -0.14679645 11792276 12110172
12.47542 -3.7389542 -0.18175336 11796431 12113920
12.590961 -3.761363 -0.20138447 11799614 12116875
12.755408 -3.7996069 -0.25561285 11804331 12120963
12.83827 -3.8225351 -0.2842861 11806740 12123038
12.918316 -3.8473581 -0.31712529 11809116 12125033
13.026171 -3.8860222 -0.3712949 11812418 12127706
13.126685 -3.9285848 -0.42982184 11815605 12130212
13.225565 -3.978023 -0.49743969 11818880 12132702
13.29677 -4.0189952 -0.54685565 11821310 12134557
13.386295 -4.0772031 -0.60615373 11824439 12136997
13.475729 -4.1429065 -0.66106197 11827651 12139572
13.561326 -4.2126996 -0.70703093 11830798 12142184
13.644365 -4.2872267 -0.75582648 11833991 12144810
13.726726 -4.3679631 -0.79504404 11837227 12147590
13.83005 -4.4755341 -0.81602147 11841238 12151358
13.91404 -4.5665785 -0.83534164 11844580 12154475
13.99798 -4.6602533 -0.84495898 11847916 12157699
14.080103 -4.75475 -0.86572139 11851301 12160843
14.160776 -4.8508284 -0.87896081 11854649 12164038
14.26189 -4.9743113 -0.89036841 11858877 12168133
14.343613 -5.0769099 -0.90598353 11862388 12171463
14.444654 -5.2078938 -0.9214958 11866792 12175686
14.523007 -5.3128041 -0.93712657 11870297 12179010
14.601187 -5.419415 -0.93897371 11873755 12182446
14.699068 -5.5543068 -0.9471899 11878149 12186745
14.777282 -5.6613748 -0.93258253 11881522 12190287
14.856034 -5.7669422 -0.92715666 11884925 12193753
14.934027 -5.8694478 -0.91359512 11888204 12197190
15.034835 -5.9981562 -0.89913569 11892384 12201537
15.116156 -6.1003957 -0.89859835 11895787 12204947
15.220243 -6.2330717 -0.91253645 11900265 12209263
15.281815 -6.313976 -0.92797965 11903006 12211825
15.361667 -6.4217036 -0.93787082 11906560 12215264
15.460605 -6.5590223 -0.95502236 11911073 12219578
15.537287 -6.667141 -0.95276541 11914516 12223047
15.613246 -6.7738988 -0.95201829 11917929 12226468
15.688844 -6.8792088 -0.94434544 11921264 12229893
15.767417 -6.9866458 -0.93435136 11924677 12233422
15.870172 -7.1219269 -0.90804458 11928954 12238004
15.960304 -7.2332363 -0.87223889 11932481 12241947
16.056467 -7.3424589 -0.82556507 11936004 12246013
16.186783 -7.474503 -0.75840221 11940452 12251241
16.298297 -7.5754269 -0.71277908 11944108 12255428
16.446145 -7.6973541 -0.66643509 11948836 12260694
16.569686 -7.7915407 -0.63633885 11952712 12264920
16.727525 -7.905899 -0.61765282 11957686 12270111
16.857294 -7.9972051 -0.6086326 11961772 12274301
17.016196 -8.1080489 -0.60954143 11966829 12279348
17.142998 -8.1960726 -0.60407445 11970822 12283404
17.272705 -8.2856346 -0.60456662 11974935 12287512
17.399334 -8.3733772 -0.60733278 11978968 12291513
17.526451 -8.4627337 -0.61807464 11983083 12295502
17.680898 -8.5728429 -0.62061668 11988043 12300433
17.806203 -8.662612 -0.62268623 11992075 12304441
17.96114 -8.773707 -0.6214475 11997039 12309419
18.053075 -8.8391471 -0.61577012 11999949 12312395
18.175029 -8.9240574 -0.60063992 12003736 12316358
18.327838 -9.027385 -0.58848678 12008475 12321239
18.452053 -9.1090786 -0.5750268 12012274 12325194
18.612811 -9.2097414 -0.54386182 12017039 12330320
18.744676 -9.2857534 -0.50196558 12020764 12334533
18.916198 -9.3727401 -0.43672805 12025400 12339927
19.05729 -9.433429 -0.37570448 12029050 12344286
19.24122 -9.4978986 -0.29855362 12033684 12349817
19.391799 -9.5391058 -0.23568468 12037390 12354253
19.584402 -9.5783799 -0.1666253 12042114 12359780
19.741408 -9.6000359 -0.10750656 12045904 12364256
19.978531 -9.6146654 -0.01572873 12051566 12370984
20.175213 -9.60988 0.064380664 12056230 12376580
20.332532 -9.594122 0.13528429 12059941 12381114
20.524897 -9.5593323 0.22255311 12064532 12386719
20.674592 -9.5197173 0.29486113 12068149 12391177
20.892774 -9.4410938 0.39688424 12073604 12397817
21.066563 -9.360333 0.47314498 12078158 12403257
21.199779 -9.2879001 0.52288416 12081823 12407500
21.388799 -9.1688699 0.60109178 12087194 12413779
21.538668 -9.0602389 0.65331003 12091717 12418909
21.653737 -8.9680658 0.69742547 12095305 12423010
21.737323 -8.8959696 0.72602817 12098017 12426055
21.819475 -8.8204974 0.76006956 12100728 12429161
21.921827 -8.7200187 0.79225641 12104281 12433088
22.044194 -8.5915812 0.82693819 12108706 12437916
22.13918 -8.4865166 0.84452672 12112297 12441711
22.232026 -8.3805387 0.85817637 12115892 12445464
22.323009 -8.2744723 0.86541679 12119493 12449150
22.414496 -8.1666573 0.86886122 12123161 12452858
22.482115 -8.0866919 0.86886122 12125891 12455588
22.550917 -8.0055017 0.866755 12128679 12458351
22.687492 -7.843218 0.8756588 12134158 12463934
22.80191 -7.7049267 0.88351784 12138792 12468660
22.891531 -7.5947794 0.89206261 12142446 12472412
23.001783 -7.4571504 0.89873035 12147005 12477049
23.088958 -7.3475223 0.89926136 12150654 12480705
23.178073 -7.2374513 0.88118336 12154452 12484292
23.270133 -7.1296958 0.84639329 12158350 12487786
23.366276 -7.0253467 0.80620877 12162283 12491252
23.4892 -6.900659 0.77883602 12167008 12495659
23.56362 -6.827944 0.76878054 12169780 12498314
23.66345 -6.730824 0.77450646 12173378 12501979
23.785193 -6.6098301 0.79011825 12177763 12506545
23.882708 -6.5105981 0.79812681 12181345 12510220
23.979557 -6.412562 0.78485341 12185015 12513736
24.081063 -6.3141778 0.7547065 12188876 12517247
24.185202 -6.2183103 0.73342807 12192691 12520814
24.317166 -6.0990406 0.73639709 12197312 12525470
24.418812 -6.0032795 0.77479725 12200730 12529334
24.541381 -5.8755841 0.8369596 12204985 12534311
24.634379 -5.7669753 0.88838839 12208414 12538338
24.746961 -5.6197194 0.94773184 12212903 12543517
24.830296 -5.4975978 0.99623399 12216477 12547654
24.930308 -5.3323053 1.0570956 12221161 12553045
24.985556 -5.2301377 1.0930657 12223980 12556283
25.054042 -5.0891562 1.1441066 12227771 12560666
25.114735 -4.9463801 1.1935886 12231529 12564999
25.167993 -4.8011228 1.2451532 12235264 12569333
25.214898 -4.6506267 1.292178 12239101 12573717
25.26242 -4.4592451 1.3626452 12243833 12579268
25.289467 -4.304043 1.4338707 12247528 12583790
25.3061 -4.1106811 1.5361032 12251995 12589444
25.303987 -3.9529038 1.6322819 12255550 12594118
25.278998 -3.7604409 1.7675382 12259825 12599964
25.240926 -3.6129001 1.8791231 12263150 12604586
25.153246 -3.4080663 2.0713824 12267843 12611513
25.052099 -3.2555781 2.2415563 12271626 12617273
24.95831 -3.1540684 2.3918095 12274357 12621750
24.82283 -3.0532404 2.6117826 12277483 12627432
24.706269 -2.9997024 2.8102593 12279674 12631929
24.557349 -2.9709695 3.0917279 12281994 12637520
24.439497 -2.9797377 -2.943202 12283633 12642043
24.310344 -3.0280767 -2.6237065 12285373 12647496
24.224824 -3.0932835 -2.3566131 12286626 12651852
24.162532 -3.1743077 -2.0958298 12287776 12656032
24.123637 -3.2669586 -1.8406775 12288913 12660134
24.109052 -3.3633964 -1.6011191 12290065 12664069
24.112675 -3.4350233 -1.4394187 12290996 12666879
24.140492 -3.5524417 -1.236939 12292966 12671202
24.178383 -3.6480042 -1.1496583 12295139 12674389
24.221989 -3.7446071 -1.1439181 12297870 12677187
24.274431 -3.8741785 -1.2285175 12302006 12680340
24.315439 -4.0139438 -1.3422759 12306465 12683477
24.335813 -4.1261134 -1.4399645 12310006 12685882
24.344155 -4.2140893 -1.5125464 12312732 12687765
24.344293 -4.3552746 -1.6270975 12317079 12690781
24.332362 -4.4634403 -1.7342071 12320539 12692997
24.299313 -4.5987536 -1.8864884 12325055 12695744
24.257832 -4.7042822 -2.0041607 12328696 12698017
24.190146 -4.8277267 -2.1405205 12333159 12700896
24.126076 -4.9181155 -2.2343161 12336593 12703240
24.034319 -5.0272929 -2.3051124 12340723 12706547
23.957523 -5.1093788 -2.340709 12343861 12709272
23.836587 -5.2319991 -2.3578531 12348452 12713663
23.732499 -5.3343389 -2.3714779 12352337 12717390
23.64584 -5.4176325 -2.3805024 12355524 12720472
23.534392 -5.5229167 -2.3887558 12359570 12724422
23.444903 -5.6062865 -2.3943995 12362792 12727579
23.351873 -5.6921598 -2.3979501 12366114 12730859
23.256442 -5.7794704 -2.4032562 12369517 12734201
23.159272 -5.8682156 -2.3997024 12372928 12737653
23.058892 -5.9613809 -2.3871985 12376427 12741297
22.934088 -6.0830863 -2.3503317 12380758 12746057
22.835977 -6.1857583 -2.3166333 12384265 12749956
22.717928 -6.3191715 -2.2737114 12388661 12754850
22.625845 -6.4305593 -2.249489 12392289 12758760
22.559116 -6.5146476 -2.2337021 12394997 12761651
22.449946 -6.6568887 -2.2171039 12399576 12766423
22.363964 -6.7715713 -2.2111598 12403279 12770195
22.256678 -6.916402 -2.2055622 12407946 12774927
22.173841 -7.0288953 -2.2054813 12411589 12778571
22.069416 -7.1703532 -2.2079314 12416188 12783141
21.989039 -7.2777315 -2.2187874 12419748 12786576
21.886075 -7.4116396 -2.2338069 12424240 12790893
21.801725 -7.5172664 -2.2555121 12427891 12794292
21.737224 -7.5952347 -2.2683899 12430605 12796856
21.62738 -7.7202138 -2.3152669 12435216 12800922
21.55938 -7.7920912 -2.3416929 12437949 12803349
21.466325 -7.8838724 -2.3844759 12441606 12806508
21.348444 -7.9898272 -2.4343776 12446029 12810351
21.251415 -8.0699226 -2.4686398 12449509 12813433
21.155569 -8.1435874 -2.5039798 12452866 12816380
21.056458 -8.2144091 -2.5383272 12456242 12819357
20.953641 -8.282814 -2.5707426 12459651 12822389
20.827457 -8.3604148 -2.6097162 12463740 12826025
20.745504 -8.4071287 -2.6373213 12466360 12828324
20.643813 -8.4606948 -2.6762163 12469583 12831095
20.508077 -8.522357 -2.7541539 12473924 12834530
20.401936 -8.5614789 -2.8227615 12477272 12837081
20.321135 -8.5853551 -2.8857922 12479835 12838912
20.185646 -8.6100017 -3.0375113 12484308 12841622
20.074368 -8.6138027 3.1058005 12488024 12843713
19.965297 -8.6019515 2.9609222 12491726 12845732
19.864875 -8.5767966 2.8313796 12495178 12847679
19.792718 -8.5498953 2.7380976 12497728 12849145
19.698833 -8.5037204 2.6309168 12501079 12851250
19.58706 -8.4353406 2.5542097 12504942 12854221
19.500405 -8.3763846 2.5341284 12507791 12856838
19.394643 -8.3066971 2.5838386 12510805 12860429
19.302987 -8.2556009 2.6822142 12512970 12863737
19.211345 -8.2171497 2.8064283 12514840 12867050
19.11569 -8.1930808 2.9837446 12516382 12870652
19.020115 -8.1876867 -3.0965002 12517699 12874328
18.880444 -8.2176377 -2.7642053 12519493 12879983
18.817668 -8.2486328 -2.6017196 12520375 12882753
18.742549 -8.3059539 -2.3778378 12521538 12886517
18.670162 -8.3978997 -2.0976334 12522961 12891197
18.631885 -8.4860838 -1.8629865 12524105 12895066
18.614131 -8.6062851 -1.571883 12525582 12899926
18.6254 -8.7047664 -1.341861 12526830 12903847
18.672709 -8.8302433 -1.0786188 12528798 12908873
18.733593 -8.9232174 -0.90341832 12530678 12912789
18.835392 -9.0324791 -0.73807395 12533611 12917644
18.931365 -9.1104247 -0.62614459 12536185 12921518
19.065656 -9.1974927 -0.52428934 12539767 12926283
19.180892 -9.2586526 -0.45158026 12542746 12930107
19.330075 -9.3230586 -0.36352462 12546472 12934856
19.457024 -9.3657729 -0.2856122 12549512 12938802
19.619522 -9.4034519 -0.17008081 12553190 12943822
19.753016 -9.4200101 -0.076733274 12556156 12947872
19.920743 -9.4214258 0.059853001 12559736 12953040
20.021884 -9.4111945 0.14177858 12561911 12956167
20.160304 -9.3839663 0.24667426 12564980 12960455
20.289869 -9.3445964 0.34331735 12567949 12964547
20.444862 -9.2787731 0.45989054 12571663 12969615
20.561421 -9.2150197 0.54112505 12574656 12973552
20.644522 -9.1614808 0.60354919 12576871 12976492
20.777766 -9.0629534 0.66987541 12580806 12981198
20.854297 -9.0003228 0.70180726 12583200 12983963
20.953561 -8.9131376 0.73960715 12586425 12987627
21.079653 -8.7944177 0.77098165 12590759 12992326
21.177895 -8.6981541 0.77947682 12594296 12995962
21.277186 -8.6006144 0.77351595 12597960 12999556
21.402796 -8.4796416 0.75967586 12602588 13004023
21.507966 -8.381653 0.74044864 12606448 13007660
21.6382 -8.2648426 0.72178429 12611118 13012113
21.743664 -8.1748748 0.69075445 12614913 13015548
21.887422 -8.0604564 0.65373519 12619919 13020124
22.006678 -7.9723187 0.61919213 12623987 13023790
22.099977 -7.9072775 0.59840217 12627073 13026635
22.262629 -7.8007835 0.56098795 12632360 13031487
22.394933 -7.7189365 0.54701828 12636498 13035463
22.525399 -7.6396841 0.54475198 12640492 13039430
22.663611 -7.5531773 0.5737421 12644575 13043850
22.793817 -7.4661352 0.60478862 12648479 13048114
22.961263 -7.3427822 0.66504742 12653552 13053888
23.056816 -7.2655053 0.69504242 12656582 13057266
23.181255 -7.1576739 0.73299103 12660655 13061781
23.330341 -7.0173024 0.77761367 12665736 13067379
23.444903 -6.9013568 0.80518349 12669826 13071790
23.581836 -6.7539486 0.83926073 12674874 13077234
23.686214 -6.6357491 0.85557474 12678891 13081441
23.814235 -6.4872207 0.86325735 12683960 13086599
23.917935 -6.3663745 0.85996023 12688131 13090732
24.043593 -6.2188287 0.87072721 12693122 13095848
24.143504 -6.0975711 0.89251106 12697093 13100072
24.263803 -5.9391862 0.9499242 12701945 13105591
24.354303 -5.8038403 1.0129118 12705825 13110203
24.416369 -5.6972661 1.0739709 12708686 13113774
24.504783 -5.5106408 1.1827631 12713439 13119790
24.561753 -5.3488743 1.281606 12717337 13124837
24.617243 -5.0988967 1.4231109 12723192 13132336
24.636373 -4.8853639 1.5397852 12728104 13138604
24.631278 -4.6746184 1.6501453 12732960 13144742
24.609264 -4.4958784 1.7365356 12737154 13149940
24.549477 -4.2404294 1.8648787 12743250 13157527
24.477303 -4.0376842 1.9606999 12748305 13163696
24.40423 -3.8771108 2.0350339 12752473 13168728
24.298129 -3.6899046 2.1377914 12757487 13174936
24.203694 -3.5523854 2.2072982 12761434 13179690
24.07167 -3.3892566 2.2950968 12766396 13185672
23.958785 -3.2690171 2.3542144 12770353 13190316
23.871826 -3.1850556 2.3932527 12773278 13193695
23.722351 -3.0527796 2.4410665 12778205 13199177
23.601914 -2.9533205 2.46155 12782159 13203369
23.445984 -2.8284554 2.4712073 12787312 13208634
23.324455 -2.7325381 2.4756664 12791323 13212697
23.234325 -2.6617261 2.4756404 12794312 13215686
23.145477 -2.5916307 2.4716275 12797286 13218614
22.993753 -2.4694799 2.4558889 12802457 13223602
22.877565 -2.371015 2.4212606 12806630 13227372
22.736029 -2.2395554 2.3649138 12811994 13232081
22.632164 -2.1323396 2.3157359 12816172 13235688
22.511186 -1.9929781 2.255653 12821334 13240151
22.424578 -1.8813307 2.2054695 12825310 13243544
22.325707 -1.7387984 2.1490684 12830161 13247740
22.25344 -1.6215323 2.0971089 12834054 13251030
22.174884 -1.4778301 2.0450238 12838627 13254998
22.120428 -1.3655758 1.9999052 12842143 13257989
22.084218 -1.2823492 1.9624403 12844727 13260138
22.032386 -1.1480133 1.915633 12848754 13263621
21.996194 -1.0393041 1.8687188 12852014 13266336
21.959294 -0.9077 1.8196069 12855864 13269615
21.934933 -0.8030909 1.7795902 12858897 13272183
21.910979 -0.6709791 1.7207432 12862740 13275342
21.897676 -0.56773514 1.6771365 12865708 13277803
21.887286 -0.44112132 1.6282078 12869305 13280832
21.884092 -0.36871944 1.6015402 12871349 13282567
21.882986 -0.29569413 1.5703432 12873435 13284290
21.884099 -0.22001088 1.5418403 12875574 13286098
21.887983 -0.11688627 1.5244664 12878366 13288688
21.894001 0.016365257 1.5268601 12881830 13292180
21.897064 0.1010559 1.5424417 12883950 13294480
21.898684 0.21676878 1.5711439 12886801 13297665
21.896709 0.36234521 1.5975804 12890443 13301615
21.892301 0.48358302 1.6166994 12893496 13304889
21.883796 0.63225484 1.6391835 12897248 13308903
21.874471 0.75253841 1.6571564 12900290 13312153
21.859516 0.89706706 1.6906484 12903884 13316137
21.844732 1.0073101 1.7175653 12906628 13319194
21.831172 1.0933437 1.7366611 12908788 13321576
21.806684 1.2253327 1.7718295 12912084 13325281
21.782594 1.3281226 1.8301672 12914498 13328372
21.742645 1.4488725 1.9504409 12917116 13332388
21.700729 1.5364838 2.0836418 12918875 13335694
21.645513 1.6186123 2.2417498 12920537 13339193
21.579453 1.6899958 2.3932226 12922193 13342609
21.501273 1.7525196 2.5407926 12923946 13346077
21.387342 1.8179767 2.6994261 12926451 13350425
21.287231 1.8593171 2.8005279 12928688 13353837
21.153345 1.9017447 2.8688898 12931953 13357896
21.039562 1.932539 2.8856779 12934929 13361067
20.859591 1.9814083 2.8672158 12939899 13365823
20.708399 2.0273766 2.8256522 12944261 13369702
20.589656 2.068973 2.7836363 12947786 13372739
20.441992 2.1292315 2.7246467 12952288 13376555
20.357757 2.1679454 2.6969376 12954866 13378811
20.24684 2.2236656 2.6551799 12958345 13381805
20.109493 2.2994094 2.620049 12962639 13385691
19.99906 2.3645712 2.5969887 12966117 13388901
19.860261 2.4492652 2.5904341 12970395 13393103
19.746466 2.5192665 2.5897741 12973883 13396583
19.607244 2.6054144 2.5851847 12978178 13400825
19.495523 2.6756388 2.5756735 12981675 13404211
19.41422 2.7280287 2.5626955 12984272 13406658
19.306453 2.7998629 2.5446172 12987754 13409930
19.201163 2.8738809 2.5131083 12991293 13413103
19.094974 2.9542772 2.4740048 12994994 13416349
19.014816 3.0194313 2.444163 12997861 13418869
18.886257 3.1315385 2.4047297 13002538 13423088
18.785769 3.2244597 2.3858664 13006216 13426547
18.659414 3.3467067 2.3595695 13010953 13430979
18.562559 3.4450869 2.337195 13014683 13434449
18.445229 3.5702573 2.3105534 13019312 13438767
18.352456 3.6739382 2.290904 13023054 13442281
18.236996 3.8061351 2.2865285 13027656 13446833
18.144835 3.9113319 2.293947 13031260 13450523
18.027676 4.0390758 2.332054 13035558 13455264
17.931869 4.1363567 2.3650681 13038927 13459016
17.799996 4.2609243 2.4042802 13043429 13463974
17.692986 4.3568042 2.4177167 13047098 13467799
17.557576 4.4770275 2.4133533 13051845 13472495
17.448553 4.5745399 2.4103801 13055676 13476292
17.309209 4.6979834 2.4228771 13060458 13481219
17.222471 4.7721608 2.445309 13063304 13484325
17.105552 4.8658132 2.4871758 13066967 13488475
16.915293 4.9979993 2.581591 13072459 13495064
16.70525 5.1143245 2.6900587 13078090 13501955
16.521763 5.1935652 2.7777933 13082792 13507677
16.368475 5.2448043 2.8602112 13086528 13512370
16.166568 5.2914986 2.9684328 13091303 13518403
16.005881 5.3126827 3.0525963 13095040 13523118
15.798891 5.3193871 -3.1173542 13099783 13529176
15.631704 5.3080029 -3.0298562 13103644 13534054
15.421403 5.2740792 -2.9334639 13108639 13540169
15.253029 5.2319315 -2.8591597 13112733 13545127
15.008066 5.1446291 -2.7393126 13118818 13552604
14.732492 5.0056681 -2.6097723 13126113 13561404
14.586001 4.912604 -2.5414874 13130242 13566327
14.410207 4.7814863 -2.4600032 13135487 13572519
14.30899 4.6957609 -2.417742 13138700 13576223
14.182744 4.578266 -2.366428 13142899 13581018
14.037421 4.4282966 -2.3144897 13148043 13586765
13.925716 4.300482 -2.2635933 13152174 13591487
13.79676 4.1375289 -2.2169053 13157321 13597177
13.699242 4.0038805 -2.1854011 13161452 13601675
13.60646 3.8695677 -2.1652324 13165592 13606049
13.516177 3.7356153 -2.1624745 13169788 13610277
13.426642 3.6047991 -2.1795255 13174021 13614311
13.335051 3.4780889 -2.2138378 13178297 13618189
13.192488 3.3011528 -2.2842071 13184631 13623705
13.114203 3.2148018 -2.3302817 13187938 13626477
12.980506 3.0833892 -2.3993412 13193227 13630964
12.869738 2.9871411 -2.4530939 13197366 13634478
12.699434 2.8561263 -2.5186127 13203350 13639700
12.553155 2.7555248 -2.5596745 13208218 13644091
12.435602 2.6807635 -2.5905999 13212030 13647544
12.290816 2.5948038 -2.6210338 13216597 13651758
12.170987 2.5278174 -2.6426765 13220303 13655212
12.022617 2.4478056 -2.6513703 13224749 13659557
11.905239 2.3857945 -2.6597462 13228259 13662970
11.792287 2.326471 -2.6562212 13231566 13666317
11.677843 2.2662881 -2.6587009 13234952 13669675
11.565153 2.2072987 -2.6599964 13238276 13672984
11.427146 2.1360392 -2.6699103 13242384 13676976
11.317615 2.0808716 -2.6801165 13245641 13680115
11.210482 2.0270531 -2.6720108 13248720 13683288
11.10424 1.9721437 -2.6571296 13251752 13686493
11.024055 1.9288137 -2.6352034 13254001 13688997
10.918527 1.8675823 -2.5964624 13256958 13692404
10.812645 1.7997078 -2.546623 13259948 13695973
10.735451 1.7447788 -2.4996626 13262146 13698716
10.663098 1.6870178 -2.4360865 13264190 13701500
10.550886 1.5771696 -2.2975898 13267480 13706399
10.454435 1.4495994 -2.1387429 13270728 13711492
10.378957 1.3069437 -1.9761476 13273992 13716645
10.333653 1.1831307 -1.8669912 13276795 13720717
10.294275 1.0171128 -1.740379 13280509 13725902
10.280152 0.9125587 -1.6697498 13282850 13729064
10.272038 0.77056213 -1.5860067 13286072 13733259
10.274141 0.66396509 -1.5161183 13288446 13736445
10.289152 0.5238249 -1.4120703 13291517 13740725
10.319279 0.38707988 -1.2958191 13294493 13745051
10.365742 0.25790841 -1.1551869 13297255 13749448
10.448169 0.11189461 -0.9585733 13300485 13754963
10.531974 0.011651072 -0.79037879 13302915 13759347
10.682579 -0.10199423 -0.50249113 13306162 13765939
10.820072 -0.15591677 -0.24500894 13308517 13771286
10.937056 -0.17175855 -0.024188393 13310313 13775647
11.075941 -0.15698182 0.23618257 13312442 13780802
11.178462 -0.1223187 0.41590072 13314220 13784668
11.299874 -0.055050473 0.59599423 13316793 13789334
11.385784 0.0093158439 0.6900183 13319046 13792679
11.486083 0.10065274 0.78731189 13322018 13796782
11.559803 0.17803556 0.831953 13324546 13799828
11.665645 0.2993964 0.87523802 13328493 13804279
11.748688 0.40126596 0.89848815 13331785 13807841
11.815467 0.48629775 0.91163578 13334528 13810737
11.896461 0.59301478 0.93153224 13337906 13814346
11.959873 0.67898403 0.93900111 13340648 13817175
12.009133 0.74663652 0.94388119 13342802 13819385
12.107747 0.8848102 0.95798933 13347147 13823894
12.157943 0.95635519 0.96001613 13349414 13826184
12.243631 1.0778043 0.9526992 13353332 13830018
12.314519 1.1754909 0.93340057 13356592 13833053
12.388113 1.2730537 0.91565762 13359881 13836136
12.465386 1.3730962 0.91057408 13363207 13839403
12.542892 1.4721006 0.90262059 13366532 13842636
12.662395 1.6237765 0.90435393 13371557 13847681
12.763055 1.7510641 0.89901262 13375820 13851881
12.843133 1.8518276 0.89957249 13379173 13855241
12.943144 1.9755232 0.88218049 13383422 13859288
13.02669 2.0757689 0.8698457 13386896 13862619
13.13026 2.1961404 0.85071734 13391148 13866648
13.215348 2.2925542 0.84471879 13394536 13869967
13.299857 2.387176 0.8388721 13397878 13873241
13.385188 2.4807914 0.82444834 13401265 13876460
13.48966 2.5922097 0.81067474 13405328 13880363
13.595616 2.7001211 0.77840607 13409459 13884119
13.682349 2.7840326 0.75932547 13412716 13887155
13.795089 2.8869464 0.72040556 13416923 13890909
13.887789 2.9666079 0.69938679 13420232 13893974
14.005457 3.0629783 0.67305195 13424351 13897787
14.100992 3.1387532 0.66806968 13427560 13900938
14.198959 3.2161026 0.66859709 13430812 13904196
14.321329 3.3110306 0.6509545 13434953 13908132
14.448187 3.4055398 0.62963178 13439202 13912133
14.551066 3.4789853 0.61035397 13442610 13915317
14.680959 3.5686857 0.59839069 13446795 13919364
14.784257 3.6375919 0.57815687 13450151 13922484
14.917655 3.7224678 0.55515978 13454407 13926474
14.999234 3.771971 0.53566493 13457009 13928849
15.105862 3.8331236 0.50576647 13460388 13931880
15.24595 3.9065812 0.46013842 13464778 13935740
15.360334 3.9593809 0.40477631 13468384 13938703
15.483157 4.0076218 0.34373834 13472180 13941789
15.637684 4.0565257 0.26926611 13476839 13945583
15.795411 4.0931099 0.186565 13481541 13949325
15.92414 4.1131307 0.12201475 13485314 13952347
16.018515 4.122147 0.068482923 13488097 13954508
16.11003 4.1256692 0.0084531117 13490834 13956547
16.236346 4.1220895 -0.06511544 13494556 13959415
16.422575 4.0987588 -0.18414505 13500142 13963618
16.510997 4.08017 -0.23027552 13502766 13965706
16.665151 4.0377858 -0.30636233 13507377 13969432
16.781635 3.9972845 -0.36288256 13510921 13972320
16.867885 3.962332 -0.4071569 13513605 13974489
17.00549 3.8961133 -0.48986921 13518067 13977991
17.11039 3.8348447 -0.56737685 13521685 13980708
17.235021 3.7479731 -0.65007869 13526127 13984189
17.331422 3.6706583 -0.70185493 13529650 13987111
17.449511 3.5658571 -0.7498576 13534046 13990949
17.543426 3.4763723 -0.77263432 13537561 13994199
17.656264 3.3634348 -0.79904341 13541878 13998209
17.745686 3.270532 -0.80992506 13545303 14001508
17.856622 3.1506314 -0.83850443 13549729 14005601
17.945532 3.0503637 -0.85221755 13553303 14009016
18.056154 2.9201186 -0.88116536 13557927 14013304
18.142986 2.8129703 -0.89833129 13561623 14016800
18.24935 2.6751437 -0.92874215 13566339 14021164
18.331377 2.5638881 -0.94222253 13570022 14024690
18.434306 2.4199813 -0.95759622 13574725 14029214
18.516083 2.3033188 -0.96124792 13578461 14032908
18.577327 2.2148999 -0.96877608 13581310 14035669
18.679235 2.0639734 -0.98502212 13586153 14040323
18.758847 1.9410891 -1.0068305 13590097 14044014
18.814722 1.8512474 -1.0219923 13592944 14046685
18.907733 1.6948786 -1.0464022 13597830 14051287
18.978465 1.5699474 -1.064844 13601681 14054924
19.067487 1.4060178 -1.0817594 13606644 14059690
19.13661 1.2750027 -1.0888759 13610548 14063511
19.20786 1.1390659 -1.0871775 13614540 14067523
19.279595 1.0037605 -1.0794298 13618488 14071561
19.355641 0.86453616 -1.0622957 13622525 14075798
19.452259 0.69723437 -1.0318704 13627386 14081012
19.533657 0.56474793 -1.0078519 13631302 14085206
19.636545 0.40549143 -0.98655836 13636122 14090274
19.740314 0.24839123 -0.98754829 13641037 14095178
19.84306 0.089015358 -1.0087948 13646105 14099999
19.919726 -0.036220304 -1.0341608 13650082 14103681
20.031952 -0.23047556 -1.0596696 13656080 14109382
20.121508 -0.39101581 -1.0642394 13660900 14114149
20.193352 -0.52018767 -1.0621888 13664742 14118016
20.248058 -0.61787596 -1.0584186 13667640 14120957
20.341432 -0.78171421 -1.0471574 13672492 14125940
20.415608 -0.90816482 -1.0334235 13676235 14129842
20.514455 -1.0712785 -1.0185298 13681122 14134902
20.593523 -1.1975164 -1.0039325 13684921 14138871
20.694327 -1.352749 -0.9857941 13689642 14143803
20.775748 -1.4731831 -0.96683244 13693323 14147704
20.899461 -1.649695 -0.95213383 13698858 14153410
21.028075 -1.8293912 -0.94704735 13704590 14159202
21.092062 -1.9178442 -0.9420282 13707408 14162078
21.177884 -2.0356381 -0.94026575 13711198 14165888
21.281878 -2.1781692 -0.94066041 13715801 14170487
21.363602 -2.29028 -0.94114394 13719422 14174102
21.463719 -2.4274862 -0.93970427 13723842 14178539
21.54572 -2.5388454 -0.93245871 13727406 14182187
21.673667 -2.7092042 -0.92079155 13732894 14187811
21.803783 -2.8801538 -0.91962397 13738489 14193419
21.933633 -3.0507101 -0.9205412 13744084 14199004
22.041763 -3.1936442 -0.9257462 13748788 14203647
22.104386 -3.2772238 -0.92979669 13751535 14206347
22.164462 -3.3582104 -0.93532468 13754197 14208944
22.240481 -3.4614661 -0.93702175 13757550 14212278
22.333409 -3.5889989 -0.94516226 13761712 14216345
22.403662 -3.6867537 -0.95014012 13764880 14219455
22.489062 -3.807042 -0.95669899 13768765 14223264
22.551822 -3.8966156 -0.9625661 13771651 14226082
22.644759 -4.0303179 -0.96416221 13775906 14230318
22.690873 -4.0971382 -0.96930163 13778053 14232406
22.76149 -4.2005667 -0.97416681 13781347 14235643
22.816724 -4.2821121 -0.97671075 13783930 14238197
22.882566 -4.3802368 -0.98288785 13787047 14241242
22.932423 -4.4552271 -0.98521457 13789409 14243577
22.994193 -4.5493386 -0.99472696 13792399 14246457
23.043231 -4.6267586 -1.0176248 13794922 14248713
23.101659 -4.7272719 -1.070862 13798263 14251436
23.146968 -4.816106 -1.1274373 13801192 14253707
23.197328 -4.9318777 -1.193543 13804868 14256616
23.23282 -5.0292167 -1.2487774 13807891 14258996
23.27154 -5.1589504 -1.3127351 13811793 14262155
23.296687 -5.2638427 -1.3582409 13814870 14264703
23.320173 -5.3945841 -1.4278828 13818738 14267763
23.332271 -5.4972112 -1.4790191 13821730 14270160
23.33808 -5.632853 -1.5769702 13825839 14273131
23.332407 -5.7430565 -1.6674918 13829243 14275483
23.311078 -5.8851852 -1.7720157 13833598 14278623
23.283533 -5.9967079 -1.8538575 13837068 14281143
23.236133 -6.1303283 -1.9695151 13841437 14284168
23.187835 -6.2311468 -2.0655813 13844911 14286525
23.113242 -6.3517468 -2.1838585 13849295 14289536
23.043408 -6.4426825 -2.2675187 13852771 14292039
22.966529 -6.5296732 -2.3216081 13856113 14294752
22.862368 -6.6359427 -2.3707474 13860278 14298347
22.775424 -6.7189775 -2.3876327 13863512 14301384
22.6865 -6.802124 -2.3918736 13866711 14304534
22.60019 -6.8824809 -2.3919238 13869786 14307609
22.466221 -7.0079814 -2.3857183 13874537 14312432
22.351034 -7.1147245 -2.4027306 13878731 14316428
22.254329 -7.2010932 -2.4224623 13882226 14319694
22.130414 -7.3063323 -2.4525666 13886640 14323758
22.053652 -7.3688047 -2.4643565 13889290 14326271
21.923228 -7.4723469 -2.4768222 13893704 14330541
21.792296 -7.5742281 -2.4838462 13898071 14334826
21.686844 -7.6557114 -2.4835925 13901545 14338302
21.549933 -7.7621697 -2.4777577 13906033 14342859
21.440347 -7.8487126 -2.4685441 13909621 14346553
21.360202 -7.9130966 -2.4610825 13912258 14349277
21.280052 -7.9785978 -2.4517779 13914903 14352030
21.150145 -8.0872827 -2.4380402 13919240 14356527
21.048797 -8.1739704 -2.4299719 13922671 14360051
20.921734 -8.2835156 -2.4302195 13927047 14364425
20.821202 -8.3698567 -2.4337515 13930523 14367860
20.694021 -8.4771719 -2.4476687 13934943 14372118
20.592978 -8.5599305 -2.463028 13938438 14375435
20.437083 -8.681626 -2.4945312 13943778 14380409
20.30745 -8.7762884 -2.5271917 13948154 14384404
20.203218 -8.84732 -2.5596197 13951631 14387505
20.072278 -8.9285829 -2.6126911 13955958 14391215
19.966209 -8.9881407 -2.6472369 13959331 14394187
19.831642 -9.056069 -2.7010005 13963574 14397805
19.723575 -9.1044461 -2.7403719 13966890 14400664
19.588768 -9.1575733 -2.7919982 13970968 14404142
19.50755 -9.1854145 -2.8306977 13973432 14406156
19.397406 -9.2179515 -2.8780183 13976701 14408876
19.28738 -9.244785 -2.9267424 13979938 14411546
19.151138 -9.2685964 -3.0103935 13984030 14414667
19.039354 -9.2788018 -3.0907053 13987424 14417127
18.894556 -9.2767603 3.0625104 13991955 14420148
18.7803 -9.2614483 2.9542304 13995590 14422525
18.638428 -9.2254664 2.8321871 14000116 14425632
18.531256 -9.1866353 2.7557731 14003532 14428161
18.426792 -9.139269 2.676019 14006986 14430688
18.32726 -9.0850856 2.6101241 14010324 14433261
18.253313 -9.0393444 2.5651373 14012853 14435267
18.180829 -8.9901078 2.524698 14015373 14437317
18.110165 -8.9380317 2.4882822 14017873 14439394
18.039456 -8.8823655 2.4610619 14020378 14441582
17.947078 -8.8046312 2.4230678 14023747 14444510
17.857715 -8.7231837 2.3819362 14027139 14447424
17.771265 -8.6378056 2.3429251 14030534 14450365
17.688772 -8.5500899 2.3081141 14033876 14453303
17.609681 -8.4596642 2.2707461 14037225 14456219
17.514126 -8.3414266 2.2302424 14041425 14459947
17.439303 -8.2420401 2.201989 14044833 14463027
17.345899 -8.1111396 2.1791279 14049159 14467088
17.290851 -8.0320647 2.1787454 14051674 14469598
17.216166 -7.9245205 2.1768373 14055099 14473001
17.118296 -7.7850999 2.1888561 14059471 14477513
17.039109 -7.6734162 2.1862659 14063056 14481068
16.940345 -7.533965 2.1877809 14067503 14485532
16.861493 -7.4214802 2.1766108 14071150 14489049
16.761606 -7.2758239 2.1672081 14075810 14493600
16.682596 -7.1575154 2.1520019 14079608 14497222
16.585412 -7.0082303 2.1437365 14084301 14501818
16.509796 -6.8890707 2.1287699 14088068 14505412
16.412552 -6.7323471 2.1235128 14092908 14510191
16.337954 -6.6092856 2.1079852 14096751 14513853
16.228543 -6.4237776 2.0993669 14102417 14519419
16.119186 -6.2338858 2.0872331 14108201 14525062
16.030423 -6.0758533 2.0778908 14112982 14529734
15.962217 -5.9534834 2.0806769 14116619 14533404
15.873278 -5.7938393 2.0774836 14121403 14538150
15.804597 -5.6701902 2.0781414 14125087 14541842
15.721884 -5.5194236 2.067014 14129636 14546262
15.657027 -5.4003993 2.072421 14133139 14549828
15.590667 -5.2807688 2.0820789 14136650 14553451
15.522084 -5.1617874 2.105311 14140096 14557167
15.468595 -5.0738141 2.1288586 14142644 14559989
15.393993 -4.9571009 2.150219 14146132 14563725
15.297793 -4.8149597 2.1813338 14150427 14568381
15.218017 -4.702254 2.1921778 14153965 14572045
15.09421 -4.5315643 2.2044631 14159392 14577615
15.010531 -4.4170057 2.1988717 14163123 14581282
14.926499 -4.3001481 2.1895741 14166931 14584981
14.865169 -4.2122337 2.1702566 14169838 14587664
14.785632 -4.0926837 2.1454539 14173726 14591264
14.69157 -3.9427814 2.1169197 14178507 14595713
14.618962 -3.8232945 2.1167422 14182154 14599358
14.546892 -3.7053221 2.1216464 14185730 14602991
14.474708 -3.5890478 2.1311013 14189244 14606615
14.401563 -3.4757086 2.156717 14192613 14610281
14.322057 -3.3609949 2.1970139 14196018 14614154
14.219019 -3.2275079 2.2593054 14200053 14618913
14.130636 -3.1241473 2.2971815 14203379 14622680
14.017943 -3.0008531 2.3254239 14207571 14627199
13.925778 -2.9026973 2.3240264 14211090 14630702
13.813207 -2.7786851 2.2917178 14215645 14634882
13.746969 -2.7007126 2.2582952 14218507 14637356
13.66254 -2.5934915 2.2173542 14222303 14640676
13.563318 -2.456927 2.1808924 14226917 14644866
13.485758 -2.3468296 2.1881382 14230387 14648420
13.387406 -2.2145785 2.2323365 14234428 14652975
13.303218 -2.1120968 2.2846708 14237582 14656737
13.191586 -1.990903 2.345632 14241524 14661388
13.095171 -1.8954484 2.3767609 14244881 14665106
12.974925 -1.7828669 2.4014445 14249033 14669545
12.874904 -1.6923353 2.410462 14252499 14673115
12.752928 -1.582804 2.4093331 14256780 14677384
12.653909 -1.4931848 2.4026329 14260301 14680827
12.513189 -1.3635076 2.3913918 14265357 14685752
12.420533 -1.2761779 2.3801646 14268742 14689007
12.309299 -1.1678684 2.3588677 14272914 14692931
12.201886 -1.0579042 2.330048 14277090 14696772
12.140317 -0.99191236 2.3130135 14279542 14699027
12.061424 -0.90353345 2.2860831 14282788 14701959
11.967015 -0.79054052 2.2475747 14286851 14705575
11.896654 -0.69876218 2.2021477 14290131 14708327
11.830386 -0.60090226 2.1299326 14293632 14710989
11.760836 -0.47617467 2.0289958 14297942 14714127
11.726077 -0.39842809 1.9534565 14300602 14715908
11.690145 -0.29260392 1.8427915 14304159 14718180
11.662685 -0.15781378 1.7007441 14308571 14720941
11.655109 -0.050364333 1.5816396 14312072 14723058
11.664072 0.079153518 1.4217647 14316386 14725515
11.686681 0.17816946 1.270846 14319911 14727286
11.735144 0.29337862 1.0743842 14324312 14729404
11.78733 0.3766323 0.94738061 14327612 14731228
11.848201 0.45299422 0.84822345 14330735 14733199
11.94766 0.55999354 0.79558359 14334850 14736702
12.033162 0.64963576 0.82248229 14337924 14740089
12.094977 0.71915211 0.86545957 14340100 14742764
12.155523 0.79347654 0.90896488 14342347 14745517
12.227063 0.88886393 0.94562088 14345243 14748839
12.301725 0.99242905 0.94672255 14348566 14752174
12.365582 1.0801141 0.93599212 14351457 14754941
12.430551 1.1669399 0.92081744 14354372 14757680
12.498555 1.2545204 0.90031621 14357383 14760452
12.571106 1.3448884 0.88833639 14360474 14763405
12.660455 1.4533328 0.87495027 14364216 14766991
12.734876 1.5416686 0.86642197 14367278 14769953
12.827721 1.6502441 0.86024598 14371039 14773643
12.903734 1.7377893 0.85133336 14374114 14776614
12.980845 1.825581 0.84882655 14377175 14779647
13.040532 1.8931945 0.8463389 14379541 14781984
13.10266 1.9630722 0.84173902 14382006 14784395
13.206807 2.0796362 0.84145367 14386084 14788470
13.290341 2.1729 0.83930139 14389361 14791722
13.396143 2.2906778 0.83851714 14393494 14795846
13.483155 2.3867053 0.83071397 14396919 14799179
13.549168 2.4577519 0.81350113 14399548 14801608
13.681771 2.5936632 0.78193722 14404682 14806376
13.772931 2.6815844 0.75268931 14408155 14809509
13.885485 2.7842908 0.72667507 14412279 14813331
14.001288 2.8834052 0.68913435 14416472 14817088
14.096133 2.9602365 0.67256461 14419751 14820174
14.221155 3.0569506 0.64427395 14424037 14824131
14.322121 3.1312454 0.62447763 14427421 14827285
14.450621 3.2206922 0.59170896 14431694 14831177
14.528747 3.2719425 0.56945759 14434259 14833485
14.634492 3.3381341 0.54911391 14437631 14836619
14.740239 3.40113 0.52542324 14440978 14839691
14.87288 3.4763005 0.50575656 14445068 14843553
14.981817 3.5349267 0.48166848 14448434 14846639
15.121774 3.6046764 0.44300951 14452736 14850492
15.237211 3.6570798 0.40926472 14456238 14853601
15.382131 3.7159657 0.36264742 14460587 14857410
15.504213 3.7595658 0.32339367 14464196 14860562
15.655137 3.804954 0.26086707 14468669 14864308
15.776363 3.833682 0.2045032 14472245 14867229
15.927648 3.8589541 0.12654129 14476697 14870776
16.048614 3.8692073 0.042574889 14480351 14873454
16.141924 3.8699801 -0.026010931 14483182 14875489
16.265724 3.8613944 -0.11246978 14486921 14878222
16.386758 3.8418943 -0.20701033 14490667 14880870
16.505561 3.8118765 -0.28796604 14494332 14883595
16.619863 3.7730549 -0.36686585 14497938 14886284
16.785972 3.6976358 -0.48554343 14503385 14890352
16.913541 3.6227738 -0.57582223 14507766 14893684
16.988795 3.571252 -0.6248562 14510429 14895777
17.061252 3.5162917 -0.67301199 14513081 14897869
17.156771 3.4358008 -0.72743685 14516654 14900810
17.270628 3.3297678 -0.77222203 14520971 14904607
17.359139 3.2411759 -0.79948658 14524395 14907714
17.466156 3.1293875 -0.81491771 14528520 14911660
17.56879 3.0169051 -0.84737463 14532679 14915442
17.627964 2.9489041 -0.86202948 14535115 14917707
17.744197 2.8054028 -0.91796648 14540255 14922197
17.837212 2.6783033 -0.9600899 14544607 14926060
17.907351 2.5743212 -0.99465038 14548078 14929130
17.995447 2.4351405 -1.0183287 14552511 14933287
18.065724 2.3211668 -1.0181842 14556002 14936780
18.153625 2.1824132 -0.99402673 14560145 14941203
18.246225 2.0419558 -0.98182833 14564461 14945661
18.33886 1.9035157 -0.98034754 14568796 14950013
18.414933 1.7892887 -0.98619535 14572408 14953558
18.490215 1.6755368 -0.9861329 14575965 14957115
18.566631 1.5602152 -0.98504422 14579566 14960729
18.645353 1.4417118 -0.98382569 14583269 14964445
18.744826 1.2928586 -0.97955127 14587912 14969139
18.824348 1.1748564 -0.9760569 14591602 14972869
18.926833 1.0243255 -0.97005536 14596316 14977653
19.012048 0.90073358 -0.9642611 14600197 14981601
19.12037 0.74609151 -0.95524909 14605068 14986577
19.205007 0.62801768 -0.94250936 14608782 14990439
19.313825 0.47893411 -0.93803998 14613569 14995278
19.400834 0.36008431 -0.93967019 14617419 14999109
19.506595 0.21479158 -0.94348964 14622128 15003773
19.589382 0.10287381 -0.92432675 14625646 15007515
19.674111 -0.0055332411 -0.89044973 14629037 15011299
19.764576 -0.10897893 -0.81402871 14632177 15015327
19.837772 -0.18004027 -0.72717455 14634332 15018491
19.941741 -0.26075885 -0.59316108 14636986 15022702
20.121884 -0.34936891 -0.32111229 14640640 15029518
20.283042 -0.38186959 -0.076887747 14643508 15035223
20.414518 -0.3790356 0.11999159 14645794 15039796
20.571295 -0.33864622 0.38428773 14648480 15045554
20.683619 -0.27771823 0.609738 14650502 15050195
20.796417 -0.17167915 0.89930698 14652857 15055915
20.85763 -0.073579619 1.1265491 14654552 15060250
20.900347 0.067618501 1.4274866 14656650 15065845
20.903952 0.1825733 1.6514029 14658348 15070145
20.874963 0.32697369 1.886424 14660823 15075351
20.831187 0.43724148 2.0110009 14663193 15079168
20.771031 0.55098224 2.1035745 14666011 15083061
20.702271 0.66115832 2.1539101 14669105 15086740
20.627065 0.77070733 2.1909115 14672355 15090420
20.525557 0.90749297 2.2275206 14676584 15095075
20.459567 0.99154438 2.2452789 14679267 15097964
20.369155 1.1013794 2.2737181 14682811 15101839
20.248702 1.2388664 2.3067878 14687386 15106798
20.125834 1.3695758 2.3437727 14691849 15111690
20.020955 1.4742585 2.3704879 14695557 15115709
19.891886 1.595903 2.4011132 14700004 15120512
19.787494 1.689501 2.4202016 14703549 15124279
19.659256 1.8004949 2.4361029 14707879 15128794
19.553419 1.8903402 2.439365 14711481 15132433
19.423864 2.0004819 2.4346525 14715942 15136840
19.322483 2.0880547 2.4236403 14719499 15140269
19.172838 2.2233921 2.3890731 14724962 15145330
19.075343 2.3174202 2.3595173 14728665 15148690
18.983289 2.4114291 2.3318565 14732257 15151960
18.892214 2.5098832 2.3027045 14735923 15155288
18.782839 2.6352973 2.273272 14740434 15159456
18.697884 2.7383054 2.2476092 14744064 15162789
18.579019 2.8921413 2.2096954 14749354 15167638
18.50021 3.0012971 2.1825543 14753022 15170991
18.425756 3.108979 2.1689392 14756515 15174326
18.350674 3.2206564 2.1564529 14760097 15177762
18.254587 3.3629533 2.1729885 14764478 15182335
18.175339 3.4752684 2.1975337 14767920 15186062
18.06961 3.6130207 2.2533159 14772124 15190915
18.002728 3.6928274 2.2833038 14774665 15193804
17.931696 3.7725342 2.3141123 14777270 15196767
17.83273 3.875961 2.3542022 14780770 15200733
17.751753 3.9551746 2.3802085 14783572 15203838
17.585513 4.105002 2.435942 14789084 15209997
17.438509 4.2238818 2.4872157 14793716 15215225
17.311948 4.3160891 2.5366906 14797512 15219595
17.178307 4.4034549 2.5885045 14801374 15224060
16.969426 4.5189985 2.684155 14807043 15230840
16.784504 4.6015166 2.7595999 14811885 15236559
16.629085 4.6580918 2.8253703 14815816 15241254
16.426421 4.7137754 2.9215318 14820738 15247293
16.263676 4.743674 2.9982773 14824607 15252053
16.052244 4.7623943 3.1082871 14829502 15258227
15.884184 4.7599839 -3.0796043 14833332 15263164
15.721158 4.7417369 -2.9806551 14837034 15268016
15.563617 4.7084851 -2.8864991 14840686 15272762
15.403704 4.6596459 -2.803859 14844566 15277602
15.249597 4.598242 -2.7209887 14848410 15282409
15.138936 4.5449795 -2.6650224 14851287 15285937
14.967174 4.4468982 -2.5804707 14855954 15291586
14.833746 4.3583859 -2.5312833 14859843 15296047
14.676134 4.2436065 -2.4930413 14864705 15301353
14.553933 4.1494821 -2.4774812 14868637 15305465
14.404569 4.0328953 -2.4801618 14873593 15310391
14.278993 3.9373164 -2.5018626 14877834 15314380
14.121479 3.825346 -2.5453659 14883127 15319166
13.993427 3.7415762 -2.5791983 14887313 15322960
13.832337 3.6447587 -2.6216563 14892461 15327614
13.734534 3.5899943 -2.6406318 14895494 15330427
13.604241 3.520868 -2.6669844 14899493 15334120
13.443914 3.439947 -2.6813608 14904260 15338719
13.313363 3.3769605 -2.7027808 14908164 15342374
13.150269 3.3025587 -2.7244228 14912964 15346923
13.05323 3.2604268 -2.7395351 14915810 15349594
12.924989 3.2065617 -2.7483415 14919489 15353170
12.79964 3.1553818 -2.7595629 14923084 15356635
12.6395 3.0919865 -2.7697341 14927634 15361067
12.518334 3.0451272 -2.7754122 14931055 15364422
12.336141 2.9747927 -2.7709381 14936122 15369540
12.150388 2.903072 -2.7752988 14941339 15374707
12.05856 2.8676912 -2.7723589 14943888 15377290
11.877228 2.7989431 -2.7860542 14949025 15382268
11.760424 2.7549956 -2.7774019 14952228 15385572
11.645988 2.7108464 -2.7693726 14955380 15388817
11.532131 2.6653911 -2.7541275 14958488 15392103
11.421177 2.6185764 -2.7305264 14961492 15395380
11.312151 2.5706491 -2.7243226 14964561 15398521
11.204073 2.5220958 -2.7144106 14967593 15401669
11.073492 2.4628151 -2.7164635 14971344 15405396
10.968708 2.4157135 -2.7218264 14974371 15408361
10.88939 2.3802242 -2.7199262 14976626 15410638
10.759601 2.3236253 -2.7408214 14980440 15414208
10.655809 2.2809463 -2.7621175 14983490 15417011
10.528172 2.233151 -2.8044682 14987290 15420319
10.449196 2.2073737 -2.8477366 14989707 15422234
10.340703 2.1777962 -2.9031377 14992962 15424844
10.204199 2.1503616 -2.983375 14997058 15428009
10.096377 2.1370324 -3.0538109 15000301 15430433
9.989311 2.1311169 -3.1189862 15003475 15432850
9.8806006 2.1327753 3.0884781 15006750 15435245
9.7758259 2.1429598 3.0009084 15010004 15437481
9.6733505 2.1624316 2.9067254 15013271 15439654
9.5740152 2.1906815 2.8223121 15016455 15441857
9.4791052 2.2263465 2.7419698 15019565 15444034
9.3693228 2.280358 2.6267816 15023425 15446555
9.2871053 2.3316757 2.5403999 15026454 15448580
9.1899622 2.4072694 2.4202126 15030362 15451092
9.1203739 2.4753594 2.3139402 15033518 15453013
9.0448024 2.5701277 2.174002 15037492 15455361
8.9960719 2.6492913 2.0711648 15040513 15457187
8.936686 2.7803726 1.9211961 15045137 15460069
8.9097378 2.8670762 1.8230834 15048074 15461866
8.8958093 2.9299218 1.7547177 15050150 15463147
8.8825044 3.0309608 1.6487303 15053423 15465189
8.8798758 3.1280025 1.5470243 15056546 15467130
8.8843003 3.2005027 1.4726636 15058872 15468592
8.893501 3.2686918 1.4006908 15061084 15469968
8.9071555 3.3361095 1.3412362 15063223 15471416
8.924073 3.4040011 1.3119378 15065218 15473070
8.9472762 3.4934171 1.32186 15067569 15475537
8.9653844 3.5689202 1.3489566 15069436 15477719
8.9844131 3.6674377 1.411034 15071692 15480696
8.9940294 3.7510093 1.501433 15073360 15483415
8.9947391 3.8578164 1.626871 15075417 15486929
8.984763 3.9482884 1.7343676 15077166 15489926
8.9497047 4.0932883 1.8816836 15080200 15494672
8.904395 4.214588 1.9748802 15083035 15498590
8.8588142 4.3135679 2.0298237 15085557 15501751
8.7954207 4.4359832 2.0674302 15088933 15505564
8.7403517 4.5344264 2.0942223 15091719 15508661
8.6832956 4.6326264 2.1000622 15094647 15511657
8.626756 4.7298437 2.0950623 15097608 15514560
8.5839738 4.8042235 2.090478 15099872 15516771
8.5277999 4.904454 2.072772 15102971 15519664
8.4587724 5.0328057 2.0556763 15106871 15523365
8.4024482 5.1408747 2.0468238 15110100 15526491
8.330547 5.2827337 2.0329939 15114327 15530558
8.2732019 5.3977773 2.0334341 15117677 15533913
8.2017246 5.5423418 2.0265249 15121922 15538078
8.1450296 5.6569443 2.0338808 15125214 15541455
8.0865817 5.7743875 2.031275 15128649 15544860
8.0290709 5.8889883 2.0405491 15131939 15548257
7.9702228 6.0034821 2.050589 15135238 15551673
7.9248534 6.0904119 2.0530443 15137780 15554244
7.863494 6.2049971 2.0718203 15141060 15557742
7.7986337 6.3207916 2.0909515 15144410 15561314
7.7301922 6.4365326 2.1186863 15147755 15564982
7.659254 6.5495929 2.1436056 15151091 15568607
7.5860595 6.660986 2.1606633 15154467 15572182
7.5095843 6.7723922 2.1840824 15157855 15575841
7.4107389 6.9100119 2.2032498 15162162 15580371
7.3487999 6.9927643 2.2234053 15164740 15583183
7.2638575 7.1017177 2.2425705 15168231 15586897
7.1730541 7.2125627 2.2716909 15171798 15590803
7.0798167 7.3191741 2.3070556 15175286 15594701
7.0037096 7.4000506 2.3445893 15177964 15597815
6.9016803 7.4976833 2.4118341 15181256 15601888
6.7580196 7.6118733 2.5281542 15185365 15607349
6.6663773 7.6715558 2.6005167 15187797 15610622
6.5384111 7.7402139 2.6977783 15191018 15614973
6.3720092 7.8078357 2.813425 15195030 15620329
6.2340817 7.84716 2.9142813 15198184 15624655
6.0581578 7.877074 3.0320473 15202153 15629992
5.9166861 7.8857958 3.1279927 15205292 15634246
5.743517 7.8781332 -3.0395527 15209140 15639437
5.6062606 7.8580523 -2.9530899 15212255 15643557
5.4409642 7.8174893 -2.8488138 15216087 15648601
5.3164145 7.7766617 -2.800844 15219226 15652297
5.1038445 7.6913296 -2.7188628 15224723 15658747
4.9595232 7.6228733 -2.6785163 15228654 15663146
4.8485452 7.5655457 -2.6510414 15231751 15666563
4.7384935 7.5062038 -2.6430881 15234965 15669870
4.6263529 7.4450076 -2.6410112 15238284 15673213
4.5171492 7.385874 -2.6495896 15241572 15676401
4.4055933 7.3266492 -2.6574766 15244912 15679649
4.2369883 7.2403516 -2.6795705 15249979 15684459
4.0928911 7.1702914 -2.6985192 15254267 15688527
3.9768517 7.1165272 -2.7169034 15257709 15691755
3.8312664 7.0538175 -2.7528344 15262051 15695680
3.7174656 7.0097088 -2.7908159 15265454 15698642
3.5418268 6.9504775 -2.8418563 15270584 15703179
3.3716462 6.8965073 -2.8271257 15275154 15707920
3.2369499 6.845253 -2.7288604 15278341 15712249
3.1402476 6.7954169 -2.6026108 15280444 15715819
3.0352709 6.7175978 -2.4047566 15282702 15720376
2.9673783 6.6435497 -2.2209532 15284254 15724064
2.8971166 6.5141509 -1.9155246 15286319 15729678
2.8714795 6.3973145 -1.6580751 15287943 15734292
2.8734156 6.3021608 -1.4428304 15289174 15738025
2.9042664 6.188272 -1.1696878 15290664 15742688
2.9373499 6.1257324 -0.9987485 15291516 15745526
2.9965974 6.0534665 -0.7693844 15292620 15749296
3.0698664 5.9973594 -0.53764846 15293680 15753048
3.1536238 5.959797 -0.30550843 15294725 15756791
3.2203888 5.9448487 -0.13501505 15295518 15759565
3.3161809 5.942985 0.096108857 15296674 15763406
3.3868831 5.9553455 0.25004147 15297651 15766172
3.4790464 5.9868013 0.40777443 15299274 15769628
3.5725752 6.0331551 0.51248533 15301388 15772958
3.6672953 6.0898793 0.5666776 15303952 15776152
3.7415185 6.1379115 0.58203538 15306168 15778547
3.8675854 6.2190089 0.56124994 15310198 15782335
3.9705397 6.2826731 0.54639027 15313440 15785405
4.0787313 6.3469124 0.52523898 15316844 15788563
4.1882676 6.4087351 0.50242961 15320257 15791710
4.2966802 6.4670834 0.48505683 15323568 15794820
4.380692 6.5101857 0.46301065 15326158 15797154
4.5188487 6.5763728 0.43052134 15330342 15800960
4.6326187 6.6263242 0.39691006 15333777 15804004
4.7462437 6.6710965 0.35379896 15337212 15806938
4.86128 6.7105175 0.30648382 15340658 15809834
4.9749713 6.7434971 0.25817861 15344025 15812641
5.115203 6.7750732 0.18477548 15348200 15815962
5.2008615 6.7889244 0.13585508 15350747 15817941
5.315714 6.8008066 0.070322974 15354138 15820571
5.4010855 6.8042259 0.0097393008 15356718 15822447
5.5445139 6.7979936 -0.096589168 15361080 15825573
5.6583369 6.7814867 -0.19144844 15364630 15828021
5.7941239 6.7450595 -0.33274414 15369117 15830866
5.8978529 6.7028978 -0.43938149 15372656 15833166
6.0224793 6.6349229 -0.55927261 15377054 15836171
6.111897 6.5731479 -0.64985763 15380414 15838479
6.2180521 6.4813321 -0.77632738 15384809 15841404
6.294414 6.3996647 -0.86159048 15388220 15843824
6.3811792 6.2886712 -0.95301851 15392425 15846967
6.4450801 6.1937754 -1.0033032 15395700 15849658
6.5219072 6.0665793 -1.0515708 15399855 15853252
6.5791856 5.9626037 -1.0829802 15403133 15856165
6.6345275 5.8551452 -1.1074503 15406427 15859175
6.7002068 5.7210567 -1.1232013 15410412 15862977
6.7517853 5.6122276 -1.1332242 15413611 15866059
6.8175766 5.4703482 -1.1399703 15417728 15870098
6.8696319 5.3571079 -1.1398591 15420977 15873348
6.9242115 5.2395204 -1.1325975 15424315 15876771
6.9804518 5.121738 -1.1180334 15427634 15880259
7.0253395 5.0308019 -1.1065011 15430212 15882970
7.0880538 4.9083699 -1.0883127 15433693 15886663
7.1520972 4.7885912 -1.0712677 15437136 15890304
7.2033944 4.69603 -1.0582046 15439819 15893139
7.2886216 4.5470985 -1.0438465 15444210 15897697
7.3936607 4.3662711 -1.0452605 15449672 15903142
7.4808565 4.2128325 -1.0627972 15454375 15907642
7.5472025 4.0914193 -1.0785711 15458075 15911158
7.6254453 3.9426475 -1.0946783 15462552 15915448
7.6875992 3.8210653 -1.1017653 15466153 15918967
7.7648915 3.6675431 -1.1070034 15470666 15923419
7.8115515 3.5745909 -1.1041296 15473361 15926147
7.8725692 3.4546228 -1.0964311 15476826 15929702
7.949617 3.3064329 -1.0862386 15481122 15934116
8.0134263 3.1864648 -1.0776958 15484616 15937709
8.0618659 3.0968747 -1.072576 15487242 15940395
8.1098593 3.0093356 -1.0660182 15489807 15943036
8.1725752 2.8968397 -1.0584167 15493121 15946439
8.2367137 2.7834132 -1.0539005 15496493 15949863
8.3156897 2.644141 -1.055995 15500680 15954025
8.4010445 2.4921326 -1.0623187 15505263 15958535
8.4553048 2.3944943 -1.0648124 15508190 15961433
8.5161229 2.2849894 -1.0628338 15511445 15964711
8.5919893 2.1490735 -1.0605462 15515490 15968783
8.6499107 2.0463608 -1.0541164 15518528 15971895
8.7209076 1.9240276 -1.0357742 15522109 15975690
8.7792314 1.8280361 -1.0138513 15524911 15978746
8.8390669 1.7352638 -0.98207644 15527605 15981809
8.9020442 1.6443948 -0.94741558 15530287 15984894
8.9664439 1.5580394 -0.91262294 15532893 15987905
9.0518555 1.4536497 -0.85749019 15536090 15991742
9.1226724 1.3759575 -0.8058323 15538531 15994783
9.2335842 1.2738177 -0.68266349 15541747 15999431
9.3357156 1.201293 -0.55229648 15544256 16003454
9.421638 1.1549762 -0.43650511 15546129 16006672
9.50973 1.120799 -0.30368233 15547821 16009908
9.5969286 1.0999902 -0.16482855 15549352 16013052
9.6825709 1.0919758 -0.021787715 15550764 16016126
9.7661338 1.0958209 0.11375154 15552158 16019095
9.8469613 1.1103557 0.24209506 15553554 16021982
9.9222812 1.1340266 0.36690013 15554887 16024766
9.974401 1.1567264 0.45461428 15555860 16026758
10.053672 1.2024216 0.59122221 15557452 16029938
10.111488 1.2457261 0.69449824 15558736 16032421
10.177153 1.3065927 0.80050057 15560455 16035372
10.225102 1.358878 0.85675763 15561978 16037548
10.283378 1.4281725 0.88635076 15564167 16040081
10.329641 1.4836395 0.86491389 15566175 16041840
10.391394 1.5499219 0.77660972 15569050 16043689
10.444773 1.5978349 0.68635777 15571445 16045036
10.501821 1.6368587 0.51352533 15574251 16045834
10.551171 1.6570721 0.26397616 15577092 16045775
10.60613 1.6653398 0.034651306 15579873 16045891
10.635878 1.6644878 -0.091917239 15581385 16045932
10.672043 1.6581345 -0.25588512 15583295 16045937
10.703475 1.6473657 -0.40424527 15585023 16045941
10.741519 1.6262483 -0.60922369 15587349 16045885
10.766077 1.6064941 -0.74563074 15588963 16045915
10.781492 1.5908312 -0.84107929 15590090 16045933
10.796499 1.572172 -0.94585917 15591324 16045949
10.805882 1.5581309 -1.0174716 15592180 16045973
10.812541 1.5466063 -1.0763685 15592869 16045978
10.814304 1.543276 -1.0910967 15593053 16045991
10.81092 1.5496686 -1.0766212 15592780 16045886
10.805532 1.5595 -1.0623673 15592405 16045677
10.797803 1.5733211 -1.059392 15591975 16045281
10.788644 1.5898207 -1.0687286 15591537 16044735
10.779262 1.6072228 -1.0838997 15591110 16044131
10.770923 1.6232255 -1.0969811 15590715 16043584
10.763659 1.6375701 -1.1070575 15590354 16043107
10.757338 1.650332 -1.1148695 15590029 16042690
10.752667 1.6599237 -1.1202134 15589781 16042381
10.745365 1.6750522 -1.1220482 15589354 16041932
10.739563 1.6870793 -1.1206189 15588997 16041592
10.732437 1.7018012 -1.1194222 15588564 16041173
10.727799 1.7112834 -1.1122384 15588247 16040939
10.723639 1.7195717 -1.0990045 15587928 16040774
10.721454 1.7238025 -1.0892328 15587747 16040707
10.719945 1.7266705 -1.0837789 15587631 16040654
10.719952 1.726657 -1.0829566 15587627 16040659
10.720632 1.7253732 -1.0845812 15587674 16040687
10.721822 1.7231258 -1.0836228 15587735 16040759
10.722487 1.7218721 -1.0819842 15587762 16040806
10.722621 1.7216198 -1.0812089 15587765 16040818
10.722565 1.7217248 -1.0815592 15587764 16040813
10.723102 1.720716 -1.0823127 15587798 16040838
10.723075 1.7207671 -1.0759451 15587760 16040874
10.722417 1.7219673 -1.0625846 15587647 16040916
10.720294 1.7256003 -1.0213635 15587297 16041045
10.711126 1.738848 -0.90956581 15586228 16041275
10.697808 1.7540218 -0.79126934 15585014 16041435
10.685132 1.7657015 -0.69776099 15584021 16041529
10.674107 1.7743 -0.62696521 15583245 16041576
10.675171 1.7735426 -0.60993437 15583181 16041709
10.681829 1.7689501 -0.59776604 15583321 16041991
10.689601 1.7640073 -0.53509849 15583197 16042595
10.698867 1.7590346 -0.44998602 15582977 16043364
10.721969 1.7500156 -0.29441967 15582720 16044914
10.748582 1.7436674 -0.17390497 15582733 16046328
10.773772 1.7402835 -0.093164869 15582926 16047459
10.808823 1.7383633 -0.016294111 15583395 16048821
10.83203 1.7383945 0.018988854 15583795 16049632
10.864268 1.7395674 0.053738781 15584435 16050675
10.908542 1.7431088 0.10589843 15585290 16052136
10.946941 1.7480217 0.14860769 15586051 16053393
10.978539 1.7532754 0.18090748 15586699 16054416
11.036477 1.765588 0.23789241 15587912 16056292
11.089452 1.7795225 0.27653113 15589116 16057945
11.158559 1.8002315 0.30577266 15590827 16059996
11.218365 1.8196775 0.32295698 15592367 16061736
11.28462 1.8423475 0.3364047 15594115 16063640
11.33702 1.8609507 0.34586806 15595510 16065145
11.429031 1.8950588 0.36412156 15597963 16067809
11.506397 1.9251268 0.3772373 15600051 16070050
11.614632 1.9691681 0.39565174 15602991 16073204
11.704553 2.0074432 0.40919088 15605461 16075831
11.794206 2.0471094 0.42391064 15607932 16078473
11.911428 2.1010689 0.43889158 15611210 16081925
11.983938 2.1351905 0.44078264 15613288 16084026
12.104315 2.19243 0.44693357 15616728 16087537
12.180154 2.2289518 0.45065662 15618902 16089754
12.280227 2.2776386 0.45494454 15621779 16092681
12.380953 2.3274089 0.46290988 15624662 16095656
12.539803 2.4075078 0.47116243 15629253 16100343
12.673149 2.4758979 0.47663223 15633129 16104283
12.784648 2.5336865 0.47970742 15636386 16107576
12.924227 2.6060334 0.47668622 15640503 16111658
13.040433 2.6657102 0.47216155 15643936 16115038
13.186842 2.7385997 0.45168975 15648319 16119183
13.307212 2.795714 0.43437453 15651894 16122557
13.39941 2.8376037 0.41854251 15654627 16125106
13.554976 2.9051327 0.40054106 15659154 16129423
13.686418 2.9593718 0.38217862 15662968 16133024
13.786269 2.9986052 0.36659696 15665856 16135731
13.953626 3.0601154 0.3378323 15670673 16140214
14.084165 3.1042717 0.31452315 15674402 16143672
14.187562 3.1367807 0.29472639 15677343 16146383
14.355946 3.1845568 0.25820732 15682119 16150735
14.495606 3.2188227 0.22299218 15686073 16154280
14.637649 3.2485726 0.18992405 15690050 16157872
14.782288 3.2732468 0.14800522 15694120 16161455
14.929245 3.2919923 0.10573968 15698228 16165072
15.113619 3.305365 0.039068469 15703436 16169505
15.22576 3.3076084 0.00093495747 15706582 16172209
15.375893 3.3029823 -0.062541055 15710868 16175756
15.564322 3.2843889 -0.13417396 15716221 16180278
15.714203 3.259159 -0.19936422 15720563 16183862
15.897517 3.2157668 -0.26549951 15725860 16188390
16.043102 3.1713454 -0.32680167 15730185 16192003
16.186848 3.1175366 -0.38956933 15734552 16195641
16.359641 3.038121 -0.47204752 15739990 16200120
16.527947 2.9408476 -0.57605547 15745663 16204585
16.652566 2.8519392 -0.66332764 15750162 16208070
16.797255 2.7277953 -0.75491947 15755665 16212509
16.901413 2.6230846 -0.82116539 15759901 16215975
17.079818 2.4160317 -0.8980019 15767475 16222656
17.194181 2.2680797 -0.92750477 15772522 16227361
17.283861 2.1463692 -0.94405716 15776561 16231207
17.370857 2.0244515 -0.95798593 15780547 16235031
17.481224 1.8644555 -0.97589806 15785719 16239996
17.585975 1.7063066 -0.99567059 15790781 16244827
17.667653 1.5765823 -1.0220844 15794932 16248671
17.746782 1.4422245 -1.0550071 15799189 16252546
17.856065 1.2364288 -1.1102666 15805586 16258301
17.938895 1.0586706 -1.1592179 15810984 16263130
17.99929 0.91094132 -1.2061925 15815419 16267019
18.052619 0.76117831 -1.2512208 15819826 16270903
18.108657 0.57360391 -1.3097504 15825270 16275667
18.155177 0.38463964 -1.34908 15830573 16280513
18.187771 0.23268475 -1.3699245 15834747 16284445
18.225604 0.0467067 -1.3702817 15839698 16289392
18.255537 -0.10000688 -1.36879 15843594 16293305
18.29286 -0.28034492 -1.3646472 15848372 16298131
18.324581 -0.42979427 -1.3586473 15852321 16302150
18.348052 -0.53746663 -1.3536797 15855166 16305052
18.388513 -0.71822861 -1.347508 15859960 16309918
18.421894 -0.86036758 -1.3327461 15863681 16313811
18.467452 -1.039856 -1.3117078 15868388 16318762
18.506576 -1.1810605 -1.2892907 15872079 16322713
18.559175 -1.3532254 -1.2592814 15876598 16327582
18.604523 -1.4900021 -1.2420316 15880256 16331439
18.661635 -1.6545045 -1.2312438 15884734 16336043
18.706706 -1.7813262 -1.2274141 15888221 16339575
18.76208 -1.9362468 -1.2276071 15892512 16343864
18.807515 -2.063443 -1.2278369 15896036 16347384
18.863767 -2.2209543 -1.2277274 15900396 16351746
18.907213 -2.3425084 -1.227328 15903760 16355115
18.962028 -2.4960041 -1.2282655 15908015 16359359
19.005914 -2.6188968 -1.2273461 15911413 16362767
19.049755 -2.74248 -1.2324516 15914862 16366157
19.084037 -2.8388773 -1.2257746 15917491 16368864
19.14055 -2.994598 -1.2195555 15921775 16373219
19.189198 -3.1258112 -1.2119415 15925379 16376913
19.237897 -3.2539337 -1.2031828 15928903 16380538
19.300423 -3.4137832 -1.1927015 15933317 16385074
19.35127 -3.5410179 -1.1885148 15936866 16388672
19.415049 -3.7006293 -1.1927657 15941373 16393129
19.463332 -3.8246667 -1.2064006 15944923 16396521
19.508772 -3.9479669 -1.2290216 15948481 16399816
19.551046 -4.0692866 -1.2419849 15951906 16403090
19.588983 -4.1848707 -1.2653127 15955214 16406127
19.633423 -4.3303459 -1.2833308 15959285 16409989
19.6641 -4.4376994 -1.3015852 15962302 16412794
19.69939 -4.5712628 -1.3233692 15966031 16416270
19.724585 -4.6725931 -1.3308331 15968797 16418949
19.748689 -4.7741077 -1.3444929 15971597 16421591
19.778874 -4.9066473 -1.3492529 15975170 16425108
19.804709 -5.0205978 -1.3464341 15978200 16428171
19.839888 -5.1706965 -1.3347257 15982152 16432259
19.863907 -5.2657071 -1.3116491 15984573 16434948
19.898402 -5.3912398 -1.2936029 15987863 16438448
19.9507 -5.5673299 -1.2705914 15992520 16443371
19.994636 -5.7060899 -1.2577103 15996240 16447242
20.0515 -5.8742484 -1.2317055 16000718 16452022
20.096468 -5.9997891 -1.2219714 16004138 16455555
20.154207 -6.1537923 -1.2022233 16008312 16459959
20.199677 -6.2698843 -1.1927514 16011509 16463265
20.257728 -6.4126006 -1.1762071 16015430 16467379
20.304114 -6.5218821 -1.1625548 16018446 16470554
20.362226 -6.6535872 -1.1479696 16022115 16474392
20.407502 -6.7526271 -1.1360466 16024886 16477301
20.441892 -6.8259523 -1.1284581 16026954 16479457
20.476399 -6.898059 -1.1204542 16028992 16481588
20.510465 -6.9676392 -1.110555 16030954 16483666
20.565535 -7.0767938 -1.0965364 16034061 16486935
20.610011 -7.1623644 -1.0863879 16036517 16489509
20.664589 -7.264464 -1.0733868 16039460 16492603
20.707134 -7.3420142 -1.0646598 16041716 16494960
20.759569 -7.4356089 -1.0555918 16044461 16497811
20.810364 -7.5243794 -1.0465505 16047075 16500530
20.860406 -7.6106978 -1.044255 16049663 16503145
20.899344 -7.678936 -1.0602872 16051805 16505101
20.939343 -7.7556778 -1.1203509 16054411 16507008
20.981344 -7.8569038 -1.2346301 16057932 16509202
21.007304 -7.9479959 -1.3516992 16061082 16510992
21.02032 -8.018889 -1.4267557 16063398 16512435
21.032325 -8.1405446 -1.5181092 16067116 16515092
21.034173 -8.2390736 -1.5859821 16070080 16517268
21.025922 -8.3679419 -1.6834798 16074014 16520069
21.01076 -8.4672919 -1.7610111 16077085 16522239
20.9793 -8.5947694 -1.8644842 16081110 16525061
20.944369 -8.6950844 -1.94727 16084361 16527350
20.89807 -8.7985331 -2.0359594 16087832 16529790
20.843504 -8.8973379 -2.1147982 16091233 16532276
20.780508 -8.9923663 -2.1975863 16094687 16534768
20.728264 -9.0601822 -2.2568547 16097263 16536656
20.63229 -9.1673062 -2.3458426 16101531 16539889
20.569916 -9.2275004 -2.4021168 16104118 16541822
20.482707 -9.3013915 -2.4752323 16107523 16544378
20.365176 -9.3873497 -2.5450166 16111726 16547770
20.261902 -9.4553768 -2.5732229 16115114 16550831
20.135237 -9.5355399 -2.5814795 16119071 16554691
20.02781 -9.6031874 -2.5777539 16122360 16558023
19.897103 -9.6849625 -2.5873183 16126436 16561988
19.785995 -9.7521744 -2.6078042 16129941 16565255
19.646387 -9.8308455 -2.649057 16134359 16569194
19.527278 -9.892284 -2.6816882 16138044 16572499
19.373429 -9.9656167 -2.7119034 16142663 16576768
19.277288 -10.008776 -2.7273787 16145501 16579426
19.151024 -10.063283 -2.7407591 16149165 16582935
18.956499 -10.141794 -2.7752025 16154835 16588204
18.793141 -10.202102 -2.8006813 16159524 16592597
18.661012 -10.247569 -2.8196669 16163278 16596130
18.492749 -10.302136 -2.8363257 16167987 16600646
18.322107 -10.354102 -2.8556345 16172751 16605185
18.151559 -10.402403 -2.8755926 16177489 16609692
18.016624 -10.439107 -2.8764055 16181140 16613333
17.884397 -10.475406 -2.8709441 16184684 16616941
17.716324 -10.52526 -2.8355309 16189049 16621718
17.58606 -10.569524 -2.7925357 16192387 16625555
17.42611 -10.632953 -2.7355853 16196543 16630373
17.302106 -10.688901 -2.6999249 16199883 16634127
17.148579 -10.76491 -2.6638472 16204141 16638804
17.030131 -10.828028 -2.6401373 16207503 16642442
16.88668 -10.907077 -2.6357445 16211748 16646738
16.741851 -10.985961 -2.649966 16216131 16650956
16.653541 -11.03177 -2.6761756 16218878 16653398
16.505759 -11.100279 -2.7388222 16223489 16657281
16.385485 -11.14675 -2.806962 16227247 16660248
16.2295 -11.193644 -2.8921513 16231990 16664000
16.104476 -11.220107 -2.9738605 16235797 16666858
16.010593 -11.233196 -3.0322622 16238608 16668990
15.916441 -11.240564 -3.0947347 16241433 16671090
15.765528 -11.239529 3.0810193 16245993 16674401
15.644918 -11.226634 2.989146 16249689 16677030
15.556702 -11.209903 2.919162 16252437 16678965
15.415798 -11.169185 2.8013979 16256946 16682105
15.308451 -11.12546 2.7081766 16260510 16684586
15.176598 -11.056567 2.6120485 16264948 16687907
15.078555 -10.993887 2.533485 16268439 16690485
14.964309 -10.907046 2.4498014 16272667 16693741
14.873822 -10.827854 2.3955245 16276118 16696561
14.78771 -10.745546 2.3620316 16279418 16699472
14.678021 -10.633813 2.3318947 16283676 16703380
14.592704 -10.542568 2.3133684 16287041 16706530
14.503864 -10.443202 2.2872871 16290669 16709854
14.418066 -10.342005 2.2607721 16294282 16713160
14.336664 -10.24035 2.2312281 16297850 16716384
14.215964 -10.078789 2.1936381 16303327 16721424
14.117293 -9.9371238 2.1647121 16307997 16725758
14.039685 -9.821169 2.1565202 16311683 16729349
13.962638 -9.703724 2.1462647 16315405 16732952
13.86596 -9.5542748 2.1437138 16320061 16737578
13.789516 -9.4350411 2.1381037 16323787 16741239
13.731012 -9.34337 2.1395538 16326614 16744083
13.634935 -9.1929756 2.1390032 16331271 16748733
13.556957 -9.0697094 2.130684 16335123 16752489
13.478914 -8.9439171 2.1214915 16339036 16756295
13.400193 -8.8139 2.1089623 16343072 16760186
13.32414 -8.6852199 2.1002155 16347021 16764033
13.250652 -8.5575921 2.0862403 16350942 16767792
13.176682 -8.4249585 2.0728342 16354980 16771674
13.10552 -8.2924525 2.0544414 16359009 16775489
13.018563 -8.1253339 2.0467175 16363966 16780357
12.94937 -7.9895525 2.0374503 16367994 16784277
12.86576 -7.8195927 2.0185029 16373043 16789106
12.802498 -7.6849539 2.0015848 16377021 16792886
12.728704 -7.5170591 1.9682274 16381997 16797475
12.675373 -7.3813075 1.9220383 16386068 16801010
12.620024 -7.2074187 1.835869 16391327 16805268
12.586927 -7.0646938 1.7614646 16395580 16808656
12.559352 -6.8842103 1.6833457 16400795 16812963
12.545698 -6.7347134 1.6404059 16404959 16816628
12.534617 -6.5482178 1.619883 16409950 16821380
12.527961 -6.4009677 1.6120511 16413839 16825178
12.522382 -6.2563219 1.6066423 16417645 16828921
12.5176 -6.1067965 1.5989009 16421591 16832778
12.513067 -5.9570845 1.6032258 16425471 16836708
12.506091 -5.7689295 1.6124831 16430327 16841672
12.500793 -5.6533446 1.6207233 16433296 16844737
12.492144 -5.4959306 1.6306465 16437350 16848905
12.477479 -5.2979056 1.6587857 16442364 16854247
12.460857 -5.1397223 1.6921992 16446317 16858588
12.433261 -4.9436014 1.7289737 16451268 16863966
12.405706 -4.785227 1.7571505 16455296 16868322
12.366692 -4.5978739 1.7950526 16460066 16873532
12.339837 -4.4866099 1.8201915 16462905 16876663
12.301664 -4.3428374 1.8404565 16466666 16880660
12.271153 -4.2357553 1.8562873 16469478 16883655
12.218584 -4.0623834 1.8741039 16474098 16888483
12.175009 -3.9265366 1.8882942 16477736 16892285
12.131212 -3.7929819 1.8870548 16481408 16895943
12.08592 -3.6543257 1.8859935 16485218 16899740
12.040847 -3.5142455 1.8782074 16489100 16903532
11.996423 -3.3736894 1.8756209 16492959 16907361
11.952417 -3.2341028 1.8767656 16496769 16911184
11.918188 -3.127634 1.8869443 16499626 16914160
11.86954 -2.9882015 1.9260435 16503250 16918238
11.782362 -2.7841512 2.023077 16508472 16924587
11.695225 -2.6200637 2.0948582 16512899 16929849
11.636438 -2.5228085 2.1341103 16515635 16933040
11.553348 -2.3961373 2.1685779 16519385 16937191
11.441357 -2.2363548 2.19567 16524315 16942436
11.349842 -2.1097183 2.1974649 16528379 16946521
11.233989 -1.9493615 2.1954286 16533550 16951668
11.142344 -1.8215987 2.1906556 16537677 16955740
11.031006 -1.667164 2.200222 16542586 16960760
10.937931 -1.5407131 2.2103973 16546621 16964913
10.820671 -1.3875969 2.2383034 16551488 16970104
10.723556 -1.2666989 2.2567619 16555425 16974255
10.602219 -1.1204406 2.2699041 16560304 16979287
10.50063 -1.0001194 2.2740579 16564386 16983417
10.377722 -0.85406733 2.2666474 16569406 16988352
10.281394 -0.73827165 2.2627113 16573357 16992257
10.139693 -0.56540509 2.252174 16579247 16998024
10.023918 -0.42212134 2.2486338 16584071 17002807
9.9553963 -0.33647055 2.2424514 16586967 17005631
9.8666754 -0.22431669 2.2376773 16590723 17009332
9.8030806 -0.14256702 2.226181 16593491 17011966
9.696461 -0.002142517 2.2142222 16598158 17016494
9.6161683 0.10646686 2.20058 16601759 17019937
9.5189193 0.24164955 2.1882544 16606173 17024208
9.4623722 0.32231558 2.1761352 16608812 17026706
9.3879421 0.43211478 2.1569016 16612383 17030054
9.2999029 0.56705316 2.1408681 16616678 17034162
9.2331907 0.67371998 2.1185348 16620088 17037313
9.1513726 0.80966031 2.1066417 16624294 17041381
9.0887493 0.91768678 2.0856751 16627672 17044515
9.0142687 1.0523008 2.0666491 16631794 17048416
8.9582657 1.1590544 2.0412105 16635086 17051412
8.9049699 1.2665269 2.021109 16638331 17054423
8.843243 1.3969618 2.0045044 16642190 17058090
8.7734637 1.5537406 1.974601 16646838 17062391
8.719664 1.6812016 1.9657933 16650497 17065947
8.6784627 1.781738 1.9536769 16653401 17068710
8.6302021 1.9022072 1.9499722 16656806 17072072
8.5929768 1.9969752 1.9401965 16659518 17074670
8.5394852 2.1395354 1.9193249 16663610 17078520
8.5148447 2.2077745 1.9153095 16665525 17080388
8.4829076 2.2984686 1.9034458 16668101 17082827
8.444728 2.4120944 1.8864638 16671326 17085854
8.4100603 2.5200126 1.8767849 16674337 17088753
8.390273 2.58373 1.8670182 16676134 17090436
8.3658806 2.6659281 1.8515231 16678460 17092582
8.3386963 2.7626847 1.837859 16681160 17095123
8.3185375 2.8377949 1.8281545 16683244 17097095
8.2962531 2.9250396 1.8135913 16685677 17099358
8.2803703 2.9905585 1.8036571 16687492 17101058
8.2618402 3.0699942 1.796283 16689662 17103142
8.2481949 3.1303027 1.7903326 16691309 17104720
8.2319997 3.2051363 1.7775188 16693380 17106642
8.2206722 3.2606336 1.7667618 16694920 17108057
8.2054883 3.3396597 1.7544792 16697089 17110084
8.1921415 3.4133138 1.7456426 16699093 17111984
8.1822236 3.4706096 1.7387524 16700649 17113461
8.1744275 3.5165635 1.7389383 16701863 17114677
8.1633353 3.5794071 1.7520665 16703451 17116417
8.1525959 3.6352417 1.7695721 16704832 17118002
8.1354056 3.715642 1.7932949 16706838 17120283
8.1182811 3.7882608 1.8114631 16708678 17122335
8.0934666 3.8858223 1.828261 16711205 17125057
8.0717578 3.9662408 1.8406599 16713305 17127301
8.0411952 4.0733813 1.8566855 16716118 17130300
8.0148401 4.1617113 1.8648303 16718474 17132751
7.9802103 4.2724929 1.8827051 16721397 17135881
7.9498081 4.3646368 1.8962808 16723848 17138490
7.9083925 4.4901803 1.8826091 16727374 17141858
7.8766895 4.5905328 1.8709715 16730186 17144534
7.8436142 4.6999435 1.8577596 16733244 17147438
7.8126906 4.8072863 1.8448096 16736232 17150276
7.7822903 4.9154573 1.8447265 16739162 17153205
7.7586254 4.9999824 1.8428372 16741462 17155483
7.7197921 5.1403607 1.8385231 16745285 17159256
7.6888231 5.2525946 1.8415369 16748303 17162310
7.6489368 5.3959376 1.8428405 16752176 17166197
7.6165571 5.5091674 1.855814 16755171 17169343
7.5731287 5.6504582 1.8821856 16758872 17173351
7.5360577 5.7592887 1.9160144 16761674 17176545
7.4817343 5.8966578 1.9787436 16765161 17180762
7.4453942 5.9766236 2.0159382 16767236 17183268
7.3927669 6.0792527 2.0733111 16769910 17186609
7.3351976 6.1780545 2.1234463 16772600 17189882
7.2401917 6.3220468 2.1846128 16776743 17194736
7.155491 6.4363224 2.2326645 16780173 17198724
7.0858181 6.5233334 2.2593097 16782925 17201786
6.9933985 6.6315184 2.2962232 16786421 17205710
6.9188696 6.7136682 2.3189606 16789181 17208735
6.8618491 6.7742026 2.3336641 16791264 17210989
6.7639066 6.8735808 2.3641724 16794725 17214804
6.6870489 6.9440206 2.4353049 16797031 17217936
6.6266046 6.9924833 2.4962352 16798697 17220310
6.5408819 7.0535576 2.5488655 16801136 17223361
6.4519143 7.1117868 2.5752585 16803755 17226287
6.3542181 7.1730484 2.5877643 16806689 17229366
6.2549866 7.2334301 2.6021387 16809635 17232479
6.1536316 7.2919563 2.6337181 16812503 17235714
6.0475149 7.3482257 2.6743442 16815399 17239082
5.9052149 7.4149435 2.7319996 16819162 17243515
5.7892044 7.4623905 2.7747237 16822183 17247032
5.6362709 7.5173134 2.8188924 16826163 17251526
5.5144312 7.5555105 2.8566952 16829273 17255075
5.3548116 7.5986145 2.8989878 16833339 17259632
5.2262717 7.6276299 2.9401781 16836536 17263307
5.1294494 7.6464868 2.9583082 16839002 17265985
4.9996274 7.6692127 2.9782805 16842323 17269537
4.870264 7.6894845 2.9940234 16845646 17273043
4.7409137 7.7083183 2.9999883 16849020 17276487
4.6128933 7.7260953 3.0072401 16852348 17279899
4.4505065 7.7487868 2.9982694 16856676 17284122
4.3206822 7.7683602 2.9856328 16860173 17287473
4.162916 7.7955387 2.9563596 16864517 17291477
4.0392451 7.8195831 2.9427729 16867881 17294683
3.8901262 7.8507799 2.9279451 16871940 17298570
3.7705641 7.8771486 2.9211024 16875173 17301723
3.6566829 7.9026431 2.9216081 16878213 17304769
3.5441067 7.9277936 2.9219778 16881218 17307779
3.4331727 7.9518915 2.9334 16884112 17310805
3.3007465 7.9790164 2.945713 16887566 17314401
3.1957237 7.9996091 2.9502283 16890330 17317218
3.0440425 8.0282701 2.9594503 16894302 17321297
2.9227329 8.0506225 2.9593046 16897519 17324513
2.8261914 8.068049 2.9667107 16900034 17327114
2.7132787 8.0876088 2.9734205 16902983 17330141
2.6239063 8.1027543 2.974023 16905343 17332508
2.5341644 8.1177148 2.9787885 16907688 17334908
2.4836477 8.1258841 2.9837426 16908994 17336272
2.4576259 8.1299683 2.9880826 16909655 17336984
2.4331805 8.133653 2.9958889 16910255 17337674
2.4284021 8.134343 3.000492 16910354 17337826
2.4303356 8.1340662 2.9983401 16910315 17337763
2.4371105 8.1330723 2.9935118 16910165 17337556
2.4418485 8.1323649 2.9932688 16910041 17337430
2.4442871 8.1320002 2.9929737 16909979 17337364
2.4438628 8.1320637 2.9927957 16909991 17337374
2.4425235 8.1322642 2.9932919 16910023 17337412
2.4420106 8.1323407 2.9934811 16910036 17337427
2.4420595 8.1323335 2.9935501 16910034 17337426
2.4421965 8.132313 2.9934811 16910031 17337422
2.4421383 8.1323217 2.9935339 16910032 17337424
2.4421062 8.1323265 2.9934811 16910033 17337424
2.4421365 8.132322 2.9935535 16910032 17337424
2.4420999 8.1323274 2.9934811 16910034 17337425
2.4420933 8.1323284 2.993433 16910034 17337424
2.442093 8.1323284 2.9934811 16910034 17337425
2.442102 8.1323271 2.9934811 16910033 17337424
2.4421181 8.1323247 2.9934924 16910033 17337424
2.4421094 8.132326 2.993532 16910033 17337425
2.4421206 8.1323243 2.9934811 16910033 17337424
2.4421016 8.1323272 2.9935671 16910033 17337425
2.4421016 8.1323272 2.9935671 16910033 17337425
2.4420726 8.1323315 2.9935671 16910034 17337426
2.4421016 8.1323272 2.9935671 16910033 17337425
2.4421016 8.1323272 2.9935671 16910033 17337425
2.4421016 8.1323272 2.9935671 16910033 17337425
2.4421016 8.1323272 2.9935671 16910033 17337425
2.4420976 8.1323278 2.993549 16910033 17337425
2.4420963 8.132328 2.9935431 16910033 17337425
2.4420839 8.1323298 2.9934867 16910034 17337425
2.4420985 8.1323276 2.9935531 16910033 17337425
2.4421016 8.1323272 2.9935671 16910033 17337425
2.4421016 8.1323272 2.9935671 16910033 17337425
2.4421123 8.1323256 2.9934811 16910033 17337424
2.4420842 8.1323298 2.9934811 16910034 17337425
2.4420921 8.1323286 2.9935238 16910034 17337425
2.4420671 8.1323323 2.9935517 16910034 17337426
2.4420949 8.1323282 2.9935368 16910033 17337425
2.4420846 8.1323297 2.9934899 16910034 17337425
2.442385 8.1322849 2.9933114 16910027 17337416
2.4451615 8.1318538 2.9817937 16910021 17337276
2.4522212 8.1305851 2.9457711 16910043 17336880
2.4605979 8.1286938 2.8932982 16910124 17336351
2.4815024 8.1216115 2.736581 16910459 17334865
2.4981407 8.112924 2.5841944 16910855 17333490
2.5119563 8.1030818 2.4609973 16911128 17332332
2.5254899 8.0910327 2.3673164 16911200 17331315
2.5331356 8.0832162 2.3229934 16911172 17330773
2.5366964 8.0793146 2.2980864 16911179 17330490
2.5381197 8.077699 2.2879365 16911182 17330375
2.5368195 8.0791783 2.2957453 16911188 17330472
2.5358466 8.0802691 2.3024882 16911187 17330549
2.5353702 8.0807981 2.3054168 16911188 17330585
2.5353754 8.0807924 2.30569 16911187 17330586
2.535321 8.0808525 2.3058301 16911188 17330589
2.5353396 8.0808319 2.3059755 16911186 17330589
2.5353195 8.0808542 2.3060122 16911187 17330590
2.5353171 8.0808568 2.3061693 16911186 17330591
2.5353194 8.0808543 2.3061847 16911186 17330591
2.5352984 8.0808775 2.3062159 16911187 17330592
2.5352808 8.0808969 2.3062708 16911187 17330593
2.5352588 8.0809213 2.3064182 16911187 17330595
2.5352551 8.0809253 2.3064429 16911187 17330595
2.5352551 8.0809253 2.3064429 16911187 17330595
2.5352472 8.0809341 2.3065622 16911187 17330596
2.5352551 8.0809253 2.3064429 16911187 17330595
2.5352294 8.0809538 2.306615 16911187 17330597
2.5352422 8.0809396 2.3066242 16911186 17330597
2.5352294 8.0809538 2.306615 16911187 17330597
2.5352325 8.0809504 2.3067011 16911186 17330597
2.5352165 8.080968 2.3067011 16911187 17330598
2.5352244 8.0809593 2.3067537 16911186 17330598
2.5352188 8.0809655 2.3068581 16911186 17330599
2.5352122 8.0809728 2.30673 16911187 17330598
2.5352036 8.0809822 2.3067871 16911187 17330599
2.5352109 8.0809742 2.3067388 16911187 17330598
2.5352067 8.0809789 2.3067669 16911187 17330599
2.5352154 8.0809692 2.3067086 16911187 17330598
2.5352154 8.0809692 2.3067086 16911187 17330598
