1539938683905335 6015301 6157764
1539938684005340 6015301 6157764
1539938684105132 6015301 6157764
1539938684204964 6015300 6157763
1539938684304850 6015300 6157763
1539938684404765 6015300 6157763
1539938684504670 6015302 6157764
1539938684604590 6015301 6157763
1539938684737856 6015298 6157763
1539938684837744 6015297 6157763
1539938684937736 6015293 6157761
1539938685037617 6015299 6157761
1539938685137492 6015304 6157763
1539938685237510 6015303 6157760
1539938685337568 6015302 6157764
1539938685437571 6015305 6157763
1539938685537446 6015304 6157763
1539938685637339 6015304 6157763
1539938685737243 6015304 6157763
1539938685837227 6015304 6157764
1539938685937266 6015304 6157763
1539938686037158 6015304 6157763
1539938686136924 6015304 6157763
1539938686236790 6015304 6157763
1539938686336736 6015304 6157763
1539938686436643 6015304 6157763
1539938686536556 6015305 6157763
1539938686636342 6015304 6157763
1539938686736280 6015304 6157763
1539938686836077 6015305 6157763
1539938686936125 6015305 6157763
1539938687036128 6015304 6157763
1539938687135938 6015304 6157763
1539938687235843 6015304 6157763
1539938687335641 6015304 6157763
1539938687435595 6015305 6157764
1539938687535439 6015305 6157763
1539938687635319 6015295 6157757
1539938687735146 6015278 6157752
1539938687835098 6015229 6157739
1539938687934928 6015059 6157671
1539938688034992 6014689 6157493
1539938688134817 6014115 6157197
1539938688234717 6013357 6156764
1539938688334731 6012498 6156174
1539938688434818 6011603 6155423
1539938688534775 6010716 6154537
1539938688634660 6009804 6153525
1539938688734402 6008891 6152457
1539938688834223 6007912 6151286
1539938688934092 6006985 6150153
1539938689033972 6006048 6149020
1539938689134014 6005097 6147901
1539938689233888 6004138 6146788
1539938689333739 6003173 6145663
1539938689433591 6002149 6144450
1539938689533504 6001168 6143253
1539938689633358 6000208 6142084
1539938689733112 5999306 6140994
1539938689832911 5998455 6139966
1539938689932821 5997668 6139002
1539938690032730 5996913 6138078
1539938690132647 5996221 6137232
1539938690232451 5995551 6136421
1539938690332376 5994925 6135659
1539938690432380 5994358 6134967
1539938690532181 5993828 6134304
1539938690632258 5993394 6133719
1539938690732228 5993045 6133189
1539938690832077 5992786 6132675
1539938690932003 5992627 6132172
1539938691031857 5992555 6131646
1539938691131809 5992588 6131081
1539938691231714 5992680 6130478
1539938691331447 5992799 6129829
1539938691464664 5992974 6128918
1539938691564636 5993099 6128193
1539938691664485 5993214 6127437
1539938691764387 5993328 6126663
1539938691864244 5993450 6125887
1539938691964164 5993586 6125106
1539938692064014 5993760 6124329
1539938692163910 5993989 6123564
1539938692263888 5994268 6122822
1539938692363780 5994605 6122128
1539938692463652 5995010 6121488
1539938692563591 5995523 6120890
1539938692663455 5996124 6120424
1539938692763322 5996837 6120094
1539938692863301 5997645 6119926
1539938692963053 5998520 6119890
1539938693063036 5999460 6119989
1539938693162876 6000444 6120186
1539938693262678 6001500 6120497
1539938693362591 6002631 6120894
1539938693462385 6003805 6121356
1539938693562389 6004998 6121865
1539938693662241 6006283 6122474
1539938693762130 6007585 6123132
1539938693861923 6008911 6123815
1539938693961784 6010213 6124460
1539938694061650 6011463 6125098
1539938694161530 6012646 6125781
1539938694261476 6013783 6126570
1539938694361578 6014945 6127540
1539938694461571 6016091 6128668
1539938694561430 6017260 6130009
1539938694661288 6018408 6131501
1539938694761040 6019581 6133217
1539938694861032 6020784 6135145
1539938694960811 6022008 6137178
1539938695060721 6023322 6139295
1539938695160557 6024688 6141453
1539938695260537 6026103 6143684
1539938695360316 6027580 6145952
1539938695460288 6029074 6148162
1539938695560056 6030638 6150477
1539938695660003 6032262 6152837
1539938695759996 6033952 6155150
1539938695859948 6035775 6157402
1539938695959790 6037610 6159635
1539938696059554 6039547 6161850
1539938696159459 6041629 6163990
1539938696259433 6043846 6166105
1539938696359405 6046084 6168211
1539938696459239 6048219 6170179
1539938696559087 6050654 6172312
1539938696658979 6053020 6174380
1539938696758760 6055311 6176480
1539938696858670 6057574 6178558
1539938696958493 6059975 6180660
1539938697058332 6062263 6182746
1539938697158442 6064586 6184920
1539938697258260 6066989 6187081
1539938697358088 6069401 6189210
1539938697457916 6071822 6191379
1539938697557790 6074261 6193595
1539938697657744 6076771 6195791
1539938697757731 6079243 6197984
1539938697857666 6081735 6200243
1539938697957564 6084247 6202557
1539938698057421 6086695 6204844
1539938698157320 6089036 6207145
1539938698257119 6091438 6209558
1539938698356921 6093822 6211978
1539938698456883 6096106 6214339
1539938698556710 6098472 6216827
1539938698656611 6100864 6219362
1539938698756654 6103203 6221823
1539938698856573 6105491 6224253
1539938698956385 6107809 6226671
1539938699056347 6110221 6229118
1539938699156356 6112653 6231548
1539938699256119 6115108 6234029
1539938699355968 6117714 6236602
1539938699455806 6120251 6239129
1539938699555791 6122750 6241675
1539938699655773 6125283 6244212
1539938699755585 6127694 6246586
1539938699855389 6130262 6249167
1539938699955335 6132821 6251710
1539938700055344 6135256 6254091
1539938700155120 6137751 6256543
1539938700255154 6140336 6259058
1539938700355207 6142920 6261430
1539938700455246 6145542 6263833
1539938700555092 6148200 6266282
1539938700654968 6150909 6268770
1539938700755025 6153455 6271141
1539938700854876 6155928 6273464
1539938700954844 6158584 6275941
1539938701054857 6161160 6278328
1539938701154764 6163685 6280661
1539938701254570 6166233 6283028
1539938701354526 6168726 6285397
1539938701454293 6171111 6287671
1539938701554306 6173556 6290028
1539938701654080 6175957 6292413
1539938701753988 6178265 6294764
1539938701853988 6180629 6297217
1539938701953855 6182942 6299707
1539938702053779 6185184 6302172
1539938702153591 6187416 6304623
1539938702253509 6189662 6307069
1539938702353283 6191976 6309552
1539938702453299 6194207 6311932
1539938702553252 6196415 6314320
1539938702653221 6198678 6316795
1539938702753160 6200863 6319216
1539938702852974 6202960 6321598
1539938702952751 6205069 6324063
1539938703052815 6207162 6326455
1539938703152637 6209326 6328896
1539938703252389 6211434 6331320
1539938703352300 6213578 6333756
1539938703452165 6215764 6336162
1539938703551975 6217974 6338543
1539938703651880 6220138 6340893
1539938703751780 6222466 6343282
1539938703851727 6224834 6345653
1539938703951658 6227146 6348065
1539938704051707 6229495 6350515
1539938704151422 6231832 6352852
1539938704251420 6234277 6355386
1539938704351372 6236679 6357924
1539938704451300 6239101 6360391
1539938704551235 6241597 6362849
1539938704651146 6244044 6365366
1539938704750975 6246599 6367897
1539938704850895 6249191 6370399
1539938704950636 6251723 6372907
1539938705050494 6254282 6375452
1539938705150291 6256940 6377918
1539938705250108 6259496 6380371
1539938705349951 6262241 6382979
1539938705449959 6265015 6385490
1539938705549942 6267789 6387990
1539938705649823 6270513 6390455
1539938705749677 6273211 6392731
1539938705849560 6276088 6395204
1539938705949504 6279072 6397850
1539938706049401 6281898 6400421
1539938706149355 6284599 6403012
1539938706249330 6287044 6405532
1539938706349081 6289757 6408352
1539938706448855 6292234 6410952
1539938706548753 6294693 6413608
1539938706648651 6297128 6416249
1539938706748450 6299529 6418846
1539938706848364 6301812 6421410
1539938706948402 6304154 6423996
1539938707048214 6306546 6426568
1539938707148053 6308891 6429145
1539938707248111 6311189 6431736
1539938707347910 6313673 6434409
1539938707447712 6315944 6436887
1539938707547747 6318353 6439534
1539938707647655 6320822 6442096
1539938707747551 6323303 6444490
1539938707847549 6325777 6446890
1539938707947497 6328359 6449248
1539938708047353 6330965 6451521
1539938708147220 6333565 6453827
1539938708247256 6336123 6456179
1539938708347148 6338678 6458461
1539938708446987 6341139 6460771
1539938708546857 6343504 6463149
1539938708646780 6345947 6465705
1539938708746532 6348254 6468236
1539938708846314 6350481 6470827
1539938708946177 6352608 6473443
1539938709046044 6354708 6475974
1539938709145867 6356671 6478451
1539938709245790 6358678 6480992
1539938709345726 6360720 6483430
1539938709445554 6362736 6485698
1539938709545392 6364775 6487924
1539938709678689 6367393 6490621
1539938709778560 6369367 6492531
1539938709878401 6371287 6494230
1539938709978220 6373217 6495895
1539938710078150 6375063 6497415
1539938710178095 6376875 6498740
1539938710278090 6378692 6499734
1539938710377923 6380491 6500559
1539938710477943 6382220 6500945
1539938710577877 6383918 6501051
1539938710677798 6385605 6500947
1539938710777608 6387230 6500735
1539938710877504 6388933 6500418
1539938710977339 6390355 6500149
1539938711077271 6391786 6499879
1539938711177147 6393225 6499635
1539938711277151 6394649 6499417
1539938711377028 6396087 6499220
1539938711477039 6397491 6499070
1539938711576788 6398926 6498975
1539938711709923 6400890 6498962
1539938711809875 6402464 6499031
1539938711909811 6404091 6499163
1539938712009685 6405772 6499375
1539938712109467 6407468 6499695
1539938712209342 6409215 6500164
1539938712309182 6411013 6500782
1539938712409099 6412765 6501577
1539938712508960 6414582 6502575
1539938712609000 6416349 6503702
1539938712708899 6418104 6504897
1539938712808684 6419887 6506131
1539938712908514 6421636 6507364
1539938713008440 6423419 6508664
1539938713108397 6425184 6509982
1539938713208248 6426964 6511371
1539938713308266 6428734 6512844
1539938713408166 6430430 6514427
1539938713508077 6432019 6516076
1539938713607870 6433723 6517927
1539938713707859 6435491 6519876
1539938713807731 6437344 6521887
1539938713907622 6439253 6523897
1539938714007465 6441243 6525951
1539938714107280 6443326 6528095
1539938714207192 6445486 6530286
1539938714307096 6447678 6532476
1539938714407039 6449905 6534654
1539938714506958 6452250 6536897
1539938714606761 6454610 6539102
1539938714706822 6457093 6541381
1539938714806710 6459592 6543643
1539938714906522 6462122 6545938
1539938715006407 6464623 6548217
1539938715106382 6467134 6550490
1539938715206228 6469645 6552782
1539938715306442 6472185 6555184
1539938715406368 6474607 6557525
1539938715506368 6477015 6559901
1539938715606448 6479412 6562483
1539938715706398 6481557 6564973
1539938715806251 6483834 6567685
1539938715939553 6486825 6571355
1539938716039372 6488987 6573995
1539938716139199 6491179 6576624
1539938716239094 6493484 6579344
1539938716339094 6495881 6582044
1539938716439177 6498297 6584712
1539938716539036 6500872 6587406
1539938716639076 6503599 6590013
1539938716738775 6506198 6592447
1539938716838542 6509157 6595113
1539938716938460 6512227 6597775
1539938717038339 6515205 6600325
1539938717138311 6518227 6602883
1539938717238121 6521188 6605398
1539938717338037 6524157 6607957
1539938717437963 6527050 6610526
1539938717537878 6529957 6613275
1539938717637677 6532805 6615987
1539938717737586 6535584 6618740
1539938717837524 6538274 6621536
1539938717937324 6540924 6624326
1539938718037132 6543553 6627147
1539938718137115 6546066 6629925
1539938718236958 6548700 6632753
1539938718336839 6551389 6635595
1539938718436805 6553987 6638298
1539938718536725 6556701 6641072
1539938718636615 6559493 6643880
1539938718736531 6562263 6646651
1539938718836405 6565009 6649343
1539938718936245 6567877 6652089
1539938719036159 6570787 6654811
1539938719135957 6573682 6657448
1539938719235903 6576616 6660096
1539938719335819 6579505 6662741
1539938719435719 6582440 6665366
1539938719535619 6585405 6668048
1539938719635442 6588415 6670772
1539938719735352 6591467 6673483
1539938719835225 6594522 6676277
1539938719935130 6597489 6679042
1539938720034936 6600561 6681834
1539938720134987 6603586 6684671
1539938720234920 6606628 6687526
1539938720334983 6609731 6690358
1539938720434908 6612665 6693243
1539938720534720 6615666 6696115
1539938720634546 6618648 6698962
1539938720734261 6621541 6701855
1539938720834275 6624355 6704611
1539938720934037 6627121 6707417
1539938721034168 6629788 6710304
1539938721134060 6632456 6713170
1539938721233870 6635094 6716029
1539938721333624 6637673 6718866
1539938721433421 6640229 6721640
1539938721533422 6642782 6724423
1539938721633168 6645196 6727200
1539938721732971 6647583 6729919
1539938721832785 6650001 6732716
1539938721932855 6652349 6735531
1539938722032650 6654553 6738208
1539938722132501 6656767 6740943
1539938722232355 6658929 6743657
1539938722332232 6660961 6746237
1539938722432283 6663055 6748948
1539938722532164 6665111 6751609
1539938722632006 6667160 6754193
1539938722731942 6669112 6756753
1539938722831905 6671056 6759350
1539938722931751 6673103 6762048
1539938723031738 6675099 6764658
1539938723131669 6677029 6767337
1539938723231650 6678898 6769926
1539938723331507 6680788 6772540
1539938723431463 6682675 6775190
1539938723531446 6684538 6777812
1539938723631290 6686366 6780361
1539938723731043 6688211 6782906
1539938723830884 6690110 6785420
1539938723930765 6691991 6787883
1539938724030653 6693885 6790441
1539938724130501 6695863 6793126
1539938724230422 6697884 6795668
1539938724330294 6699953 6798248
1539938724430138 6701999 6800779
1539938724530161 6704069 6803177
1539938724629966 6706195 6805576
1539938724729842 6708335 6808026
1539938724829783 6710324 6810370
1539938724929697 6712387 6812848
1539938725029633 6714394 6815323
1539938725129560 6716434 6817792
1539938725229405 6718496 6820200
1539938725329310 6720612 6822601
1539938725429105 6722817 6825007
1539938725528915 6725019 6827321
1539938725628911 6727157 6829557
1539938725728819 6729424 6831932
1539938725828722 6731765 6834278
1539938725928647 6734108 6836545
1539938726028455 6736487 6838804
1539938726128232 6738985 6841056
1539938726228149 6741601 6843237
1539938726328101 6744226 6845286
1539938726428012 6747020 6847292
1539938726527897 6749907 6849234
1539938726627794 6752844 6851055
1539938726727583 6755852 6852770
1539938726827431 6758909 6854444
1539938726927275 6761861 6856008
1539938727027173 6764902 6857444
1539938727127068 6767861 6858707
1539938727227005 6770780 6859787
1539938727326920 6773779 6860696
1539938727426928 6776750 6861473
1539938727526738 6779769 6862144
1539938727626575 6782810 6862725
1539938727726616 6785802 6863272
1539938727826625 6788758 6863843
1539938727926596 6791819 6864540
1539938728026427 6794635 6865434
1539938728126385 6797453 6866507
1539938728226153 6800159 6867762
1539938728326092 6802761 6869164
1539938728425885 6805420 6870776
1539938728525692 6807896 6872604
1539938728625571 6810308 6874528
1539938728725525 6812754 6876481
1539938728825525 6815215 6878459
1539938728925459 6817550 6880449
1539938729025243 6820018 6882600
1539938729125217 6822464 6884740
1539938729224980 6824855 6886943
1539938729324890 6827275 6889213
1539938729424801 6829772 6891513
1539938729524641 6832094 6893707
1539938729624425 6834517 6896057
1539938729724375 6837005 6898369
1539938729824183 6839552 6900657
1539938729924011 6842117 6902962
1539938730023852 6844719 6905292
1539938730123792 6847379 6907657
1539938730223767 6850022 6910015
1539938730323923 6852725 6912413
1539938730424026 6855482 6914852
1539938730523913 6858179 6917235
1539938730623944 6860820 6919503
1539938730723902 6863690 6921976
1539938730823866 6866403 6924340
1539938730923707 6869075 6926651
1539938731023599 6871685 6928983
1539938731123530 6874080 6931341
1539938731223327 6876381 6933766
1539938731323278 6878529 6936254
1539938731423087 6880476 6938918
1539938731523036 6882248 6941656
1539938731622859 6883912 6944410
1539938731722914 6885553 6947293
1539938731822736 6887165 6950109
1539938731922559 6888699 6952950
1539938732022430 6890115 6955810
1539938732122282 6891464 6958644
1539938732222179 6892747 6961355
1539938732322098 6894096 6964253
1539938732422245 6895378 6966925
1539938732522126 6896625 6969559
1539938732622012 6897816 6972163
1539938732721875 6898967 6974699
1539938732821771 6900070 6977100
1539938732921684 6901244 6979638
1539938733021579 6902370 6982047
1539938733121464 6903431 6984341
1539938733221236 6904463 6986705
1539938733321171 6905429 6989034
1539938733421005 6906388 6991345
1539938733520977 6907321 6993609
1539938733621013 6908216 6995847
1539938733720975 6909094 6998057
1539938733820752 6909993 7000281
1539938733920640 6910859 7002431
1539938734020447 6911754 7004649
1539938734120347 6912617 7006784
1539938734220156 6913451 7008869
1539938734320075 6914265 7010941
1539938734420037 6915085 7013044
1539938734519886 6915926 7015124
1539938734619699 6916750 7017107
1539938734719715 6917582 7019114
1539938734819772 6918416 7021105
1539938734919492 6919268 7023056
1539938735019335 6920169 7024921
1539938735119148 6921143 7026752
1539938735219079 6922207 7028532
1539938735319103 6923396 7030250
1539938735419078 6924751 7031874
1539938735518930 6926272 7033407
1539938735618835 6928096 7035031
1539938735718796 6930020 7036633
1539938735818549 6931943 7038186
1539938735918406 6934083 7039865
1539938736018388 6936382 7041637
1539938736118288 6938669 7043473
1539938736218106 6940984 7045416
1539938736317945 6943428 7047435
1539938736417990 6945941 7049536
1539938736517668 6948432 7051760
1539938736617493 6950936 7054015
1539938736717416 6953627 7056412
1539938736817239 6956234 7058776
1539938736917107 6958920 7061179
1539938737016983 6961710 7063576
1539938737116978 6964517 7065931
1539938737216939 6967287 7068263
1539938737316772 6970159 7070700
1539938737416877 6972890 7073067
1539938737516950 6975652 7075484
1539938737616770 6978405 7077964
1539938737716514 6981073 7080442
1539938737816339 6983812 7083006
1539938737949633 6987377 7086555
1539938738049547 6990047 7089266
1539938738149374 6992743 7091990
1539938738249307 6995408 7094746
1539938738349206 6998096 7097510
1539938738449182 7000778 7100214
1539938738549057 7003514 7102978
1539938738648936 7006096 7105631
1539938738748875 7008740 7108241
1539938738848878 7011417 7110901
1539938738948735 7014116 7113560
1539938739048640 7016766 7116078
1539938739148521 7019409 7118610
1539938739248387 7021931 7121075
1539938739348306 7024507 7123504
1539938739448174 7027127 7125937
1539938739548039 7029694 7128332
1539938739648026 7032263 7130668
1539938739747897 7034874 7132971
1539938739847750 7037291 7135225
1539938739947499 7039710 7137474
1539938740047595 7042151 7139669
1539938740180790 7045276 7142579
1539938740280704 7047458 7144753
1539938740380479 7049529 7146909
1539938740480269 7051393 7149008
1539938740580075 7053205 7151361
1539938740680019 7054858 7153637
1539938740779940 7056491 7155800
1539938740879745 7058123 7157928
1539938740979637 7059796 7159986
1539938741079735 7061606 7162035
1539938741179689 7063499 7164046
1539938741279568 7065537 7166117
1539938741379333 7067658 7168255
1539938741479110 7069652 7170282
1539938741579128 7071488 7172122
1539938741678905 7073314 7173926
1539938741778892 7075116 7175703
1539938741878744 7076809 7177383
1539938741978845 7078407 7178965
1539938742078675 7079953 7180481
1539938742178539 7081462 7181958
1539938742278488 7082957 7183433
1539938742378298 7084392 7184855
1539938742478075 7085712 7186173
1539938742577957 7086998 7187454
1539938742677831 7088226 7188658
1539938742777691 7089504 7189877
1539938742877584 7090790 7191066
1539938742977376 7092072 7192295
1539938743077411 7093319 7193557
1539938743177314 7094487 7194807
1539938743277195 7095703 7196189
1539938743377061 7096917 7197617
1539938743477058 7098158 7199132
1539938743576916 7099387 7200722
1539938743676777 7100582 7202382
1539938743776577 7101673 7204025
1539938743876464 7102783 7205749
1539938743976306 7103955 7207489
1539938744076238 7105202 7209176
1539938744176214 7106630 7210914
1539938744275956 7108086 7212529
1539938744375849 7109608 7214202
1539938744475754 7111098 7215862
1539938744575717 7112592 7217504
1539938744675767 7114131 7219130
1539938744775611 7115717 7220692
1539938744875555 7117360 7222236
1539938744975311 7119014 7223787
1539938745075176 7120672 7225363
1539938745174975 7122341 7226897
1539938745274930 7123982 7228355
1539938745374975 7125632 7229799
1539938745474968 7127189 7231230
1539938745574970 7128726 7232730
1539938745675017 7130271 7234283
1539938745775147 7131882 7235790
1539938745875138 7133562 7237200
1539938745975050 7135250 7238576
1539938746074856 7136974 7239959
1539938746174813 7138731 7241370
1539938746274829 7140541 7242790
1539938746374621 7142343 7244178
1539938746474757 7144080 7245518
1539938746574506 7145801 7246853
1539938746674331 7147480 7248157
1539938746774296 7149139 7249451
1539938746874203 7150727 7250815
1539938747007290 7152687 7252790
1539938747107177 7154072 7254476
1539938747207105 7155463 7256362
1539938747307009 7156970 7258462
1539938747406926 7158553 7260613
1539938747506813 7160197 7262763
1539938747606583 7161923 7264970
1539938747706553 7163863 7267305
1539938747806555 7165911 7269565
1539938747906314 7167958 7271766
1539938748006184 7170124 7274088
1539938748106088 7172389 7276371
1539938748205870 7174733 7278595
1539938748305891 7177060 7280858
1539938748405874 7179383 7283157
1539938748505764 7181718 7285447
1539938748605628 7184045 7287747
1539938748705600 7186224 7290050
1539938748805595 7188485 7292398
1539938748905450 7190764 7294666
1539938749005321 7192933 7296852
1539938749105088 7195147 7299143
1539938749205009 7197357 7301377
1539938749304906 7199478 7303484
1539938749404778 7201565 7305639
1539938749504637 7203654 7307806
1539938749604717 7205813 7309932
1539938749704536 7207970 7311950
1539938749804383 7210067 7313919
1539938749904188 7212185 7315844
1539938750004114 7214360 7317675
1539938750104138 7216540 7319428
1539938750203984 7218636 7321157
1539938750303934 7220688 7322937
1539938750403756 7222778 7324751
1539938750503727 7225594 7327163
1539938750603668 7226882 7328267
1539938750703477 7228926 7330044
1539938750803241 7231034 7331890
1539938750903137 7233099 7333783
1539938751003002 7235143 7335701
1539938751136162 7237944 7338302
1539938751236088 7240122 7340291
1539938751335997 7242301 7342268
1539938751435891 7244498 7344217
1539938751535832 7246765 7346225
1539938751635751 7249083 7348327
1539938751735584 7251319 7350453
1539938751835516 7253593 7352577
1539938751935405 7255981 7354822
1539938752035468 7258385 7357163
1539938752135149 7260821 7359551
1539938752235229 7263324 7361947
1539938752335160 7265806 7364410
1539938752434944 7268257 7366886
1539938752534817 7270707 7369326
1539938752634611 7273230 7371888
1539938752734534 7275553 7374440
1539938752834436 7278079 7377234
1539938752934239 7280521 7380057
1539938753034090 7282876 7382889
1539938753134009 7285214 7385685
1539938753233911 7287616 7388492
1539938753334019 7290053 7391266
1539938753433902 7292526 7393958
1539938753533712 7295110 7396644
1539938753633556 7297855 7399338
1539938753733460 7300664 7402030
1539938753833250 7303488 7404654
1539938753933189 7306370 7407293
1539938754033025 7309151 7409837
1539938754132928 7311966 7412416
1539938754232779 7314703 7414944
1539938754332623 7317435 7417463
1539938754432513 7320112 7419846
1539938754532407 7322956 7422353
1539938754632336 7325774 7424788
1539938754732355 7328628 7427198
1539938754865521 7332388 7430492
1539938754965368 7335166 7432946
1539938755065276 7337959 7435368
1539938755165303 7340651 7437808
1539938755265298 7343232 7440233
1539938755365056 7345822 7442664
1539938755464913 7348267 7445165
1539938755564885 7350633 7447706
1539938755664681 7353049 7450234
1539938755764547 7355483 7452746
1539938755864442 7357921 7455291
1539938755964447 7360435 7457824
1539938756064332 7362965 7460312
1539938756164225 7365436 7462855
1539938756264091 7367888 7465400
1539938756363858 7370356 7467902
1539938756463881 7372771 7470415
1539938756563766 7375312 7473102
1539938756663645 7377807 7475689
1539938756763540 7380340 7478344
1539938756863517 7382841 7481088
1539938756996747 7386316 7484633
1539938757096575 7388956 7487343
1539938757196354 7391610 7490058
1539938757296136 7394289 7492761
1539938757396104 7396939 7495527
1539938757496107 7399530 7498267
1539938757595949 7402140 7500972
1539938757695817 7404827 7503737
1539938757795604 7407444 7506458
1539938757895499 7410151 7509131
1539938757995383 7412853 7511865
1539938758095283 7415510 7514632
1539938758195154 7418180 7517415
1539938758295099 7420842 7520275
1539938758428309 7424297 7524151
1539938758528249 7426877 7527114
1539938758627979 7429437 7530169
1539938758727895 7431960 7533179
1539938758827849 7434598 7536284
1539938758927722 7437258 7539286
1539938759027595 7439985 7542342
1539938759127421 7442739 7545472
1539938759227337 7445538 7548641
1539938759327359 7448153 7551796
1539938759427441 7450792 7555051
1539938759527264 7453411 7558267
1539938759627226 7455949 7561542
1539938759727051 7458474 7564811
1539938759826902 7461098 7568105
1539938759926653 7463641 7571376
1539938760026469 7466167 7574586
1539938760126574 7468775 7577914
1539938760226577 7471331 7581199
1539938760326515 7473846 7584490
1539938760426496 7476398 7587869
1539938760526614 7478891 7591178
1539938760626606 7481292 7594507
1539938760726668 7483751 7597771
1539938760826483 7486269 7600961
1539938760926537 7488830 7604099
1539938761026425 7491531 7607075
1539938761126266 7494321 7610053
1539938761226189 7497125 7613000
1539938761326164 7499948 7615868
1539938761426018 7502819 7618805
1539938761525833 7505586 7621694
1539938761625710 7508250 7624462
1539938761725617 7511009 7627366
1539938761825453 7513680 7630190
1539938761925482 7516356 7632996
1539938762025306 7519058 7635843
1539938762125317 7521721 7638635
1539938762225292 7524403 7641432
1539938762325040 7527135 7644264
1539938762424929 7529765 7646971
1539938762557991 7533448 7650699
1539938762657840 7536200 7653436
1539938762757797 7538901 7656090
1539938762857707 7541630 7658761
1539938762957592 7544302 7661433
1539938763057440 7546721 7663864
1539938763157244 7549449 7666577
1539938763257066 7552285 7669359
1539938763357091 7555048 7672036
1539938763457036 7557841 7674736
1539938763556939 7560578 7677452
1539938763656774 7563295 7680217
1539938763756621 7566014 7683041
1539938763856644 7568760 7685915
1539938763956533 7571432 7688737
1539938764056421 7574131 7691626
1539938764156203 7576878 7694541
1539938764256094 7579631 7697447
1539938764355937 7582506 7700440
1539938764455858 7585417 7703427
1539938764555902 7588266 7706430
1539938764655810 7591113 7709550
1539938764755712 7593874 7712682
1539938764855504 7596611 7715946
1539938764988754 7600249 7720271
1539938765088660 7602950 7723540
1539938765188556 7605643 7726798
1539938765288449 7608360 7730020
1539938765388459 7611097 7733370
1539938765488312 7613740 7736692
1539938765588213 7616427 7740046
1539938765687994 7619048 7743466
1539938765787803 7621624 7746871
1539938765887588 7624200 7750262
1539938765987510 7626731 7753584
1539938766087409 7629195 7756886
1539938766187263 7631745 7760128
1539938766287127 7634359 7763294
1539938766387151 7636962 7766450
1539938766487035 7639620 7769560
1539938766586992 7642289 7772659
1539938766687089 7644864 7775818
1539938766786936 7647465 7778926
1539938766886797 7650060 7782093
1539938766986650 7652594 7785223
1539938767086643 7655125 7788320
1539938767186595 7657712 7791469
1539938767286520 7660257 7794536
1539938767386270 7662846 7797610
1539938767486431 7665499 7800638
1539938767586035 7668144 7803576
1539938767685956 7670753 7806493
1539938767785789 7673567 7809513
1539938767885541 7676256 7812370
1539938767985467 7678936 7815210
1539938768085369 7681730 7817970
1539938768185245 7684485 7820677
1539938768285212 7687318 7823471
1539938768385020 7690171 7826212
1539938768485019 7692929 7828926
1539938768584882 7695714 7831707
1539938768684787 7698569 7834500
1539938768784654 7701390 7837277
1539938768884551 7704253 7840196
1539938768984474 7707108 7843066
1539938769084350 7710096 7846119
1539938769184307 7713062 7849188
1539938769284273 7716148 7852174
1539938769384241 7719130 7855179
1539938769483979 7722115 7858156
1539938769583984 7725088 7861063
1539938769683842 7727919 7863938
1539938769783744 7730851 7866832
1539938769883580 7733652 7869559
1539938769983733 7736408 7872306
1539938770083289 7739134 7874995
1539938770183109 7741787 7877642
1539938770283022 7744369 7880263
1539938770382807 7746880 7882741
1539938770482740 7749311 7885099
1539938770582674 7751656 7887441
1539938770682526 7753922 7889706
1539938770782315 7756231 7891966
1539938770882349 7758435 7894152
1539938770982322 7760610 7896375
1539938771082126 7762826 7898579
1539938771182049 7765023 7900710
1539938771281846 7767156 7902808
1539938771381765 7769259 7904918
1539938771481773 7771324 7906970
1539938771581779 7773330 7908929
1539938771681377 7775214 7910809
1539938771814498 7777688 7913323
1539938771914635 7779520 7915128
1539938772014259 7781343 7916875
1539938772114332 7783154 7918650
1539938772214144 7784865 7920370
1539938772314090 7786912 7922430
1539938772414021 7789022 7924465
1539938772513911 7791204 7926583
1539938772613780 7793479 7928826
1539938772713606 7795861 7931146
1539938772813644 7798347 7933492
1539938772913513 7800818 7935908
1539938773013550 7803393 7938473
1539938773113539 7805959 7940981
1539938773213498 7808471 7943454
1539938773313271 7811010 7945977
1539938773413296 7813577 7948447
1539938773513075 7816303 7951081
1539938773612905 7819008 7953740
1539938773712733 7821749 7956429
1539938773812551 7824534 7959158
1539938773912358 7827340 7961938
1539938774012354 7830187 7964670
1539938774112295 7833104 7967447
1539938774212055 7836029 7970237
1539938774311872 7838958 7973033
1539938774411784 7841836 7975813
1539938774511631 7844853 7978717
1539938774611667 7847846 7981576
1539938774711632 7850940 7984538
1539938774811437 7854025 7987528
1539938774911427 7857031 7990499
1539938775011260 7859964 7993462
1539938775111222 7862955 7996483
1539938775211107 7865875 7999412
1539938775311089 7868826 8002365
1539938775411227 7871791 8005341
1539938775511173 7874685 8008253
1539938775611150 7877667 8011255
1539938775711064 7880606 8014219
1539938775844276 7884472 8018159
1539938775944348 7887382 8021253
1539938776044385 7890269 8024394
1539938776144299 7893077 8027467
1539938776244185 7896035 8030649
1539938776344223 7899014 8033844
1539938776443974 7901973 8037009
1539938776543947 7904972 8040134
1539938776677314 7908949 8044358
1539938776777101 7911984 8047462
1539938776876950 7914969 8050539
1539938776976795 7918020 8053707
1539938777076728 7921027 8056791
1539938777176489 7923941 8059896
1539938777276265 7926821 8062964
1539938777376224 7929766 8066090
1539938777476137 7932667 8069301
1539938777576041 7935551 8072377
1539938777675850 7938519 8075569
1539938777775692 7941384 8078636
1539938777875536 7944294 8081644
1539938777975369 7947354 8084907
1539938778075343 7950335 8088161
1539938778175292 7953313 8091424
1539938778275241 7956214 8094765
1539938778375267 7958934 8097877
1539938778475107 7961943 8101332
1539938778575145 7964977 8104936
1539938778674896 7967888 8108347
1539938778774744 7970799 8111872
1539938778874583 7973609 8115325
1539938778974596 7976536 8118959
1539938779074455 7979478 8122674
1539938779174271 7982338 8126420
1539938779274190 7985170 8130039
1539938779374192 7987979 8133742
1539938779474056 7990678 8137321
1539938779573947 7993717 8141109
1539938779673866 7996643 8144858
1539938779773833 7999593 8148524
1539938779873623 8002546 8152277
1539938779973510 8005334 8155923
1539938780073537 8008159 8159718
1539938780173446 8010976 8163501
1539938780273391 8013565 8167257
1539938780373121 8016137 8171063
1539938780473037 8018603 8174929
1539938780572808 8020821 8178642
1539938780672850 8022973 8182614
1539938780772613 8024865 8186436
1539938780872406 8026585 8190333
1539938780972452 8027988 8194135
1539938781072202 8029131 8197891
1539938781172107 8030112 8201728
1539938781271978 8030930 8205489
1539938781371803 8031641 8209063
1539938781472088 8032354 8212393
1539938781571763 8033106 8215567
1539938781671645 8033905 8218511
1539938781771523 8034967 8221434
1539938781871354 8036203 8224172
1539938782004650 8038146 8227551
1539938782104535 8039947 8229930
1539938782204381 8041888 8232167
1539938782304129 8044100 8234470
1539938782404152 8046358 8236627
1539938782504109 8048695 8238730
1539938782603883 8051109 8240779
1539938782703788 8053501 8242766
1539938782803597 8055881 8244624
1539938782903399 8058374 8246453
1539938783003346 8060892 8248284
1539938783103195 8063408 8250111
1539938783203140 8065978 8251890
1539938783302989 8068433 8253564
1539938783402906 8070935 8255327
1539938783502962 8073420 8257079
1539938783602854 8075909 8258790
1539938783702656 8078350 8260417
1539938783802572 8080829 8261969
1539938783902616 8083381 8263483
1539938784002506 8085894 8264991
1539938784102459 8088402 8266520
1539938784202271 8090911 8268039
1539938784302173 8093351 8269511
1539938784402096 8095776 8271045
1539938784501938 8098215 8272670
1539938784601743 8100666 8274442
1539938784701653 8102948 8276229
1539938784801585 8105102 8278039
1539938784901402 8107253 8279937
1539938785001215 8109406 8281935
1539938785101176 8111549 8283985
1539938785201083 8113775 8286076
1539938785300938 8116097 8288259
1539938785400743 8118432 8290532
1539938785500618 8120686 8292740
1539938785600577 8123124 8295029
1539938785700518 8125598 8297364
1539938785800431 8128019 8299672
1539938785900352 8130422 8301917
1539938786000295 8132820 8304075
1539938786100113 8135110 8306233
1539938786200225 8137535 8308524
1539938786300040 8139961 8310740
1539938786399899 8142464 8313052
1539938786499805 8144863 8315441
1539938786599725 8147348 8317892
1539938786699600 8149895 8320480
1539938786799382 8152381 8323166
1539938786899396 8154892 8325844
1539938786999186 8157482 8328511
1539938787099092 8160045 8331232
1539938787199090 8162624 8333887
1539938787299058 8165354 8336568
1539938787398802 8168059 8339227
1539938787498627 8170771 8341839
1539938787598542 8173570 8344325
1539938787698355 8176279 8346868
1539938787798498 8179063 8349511
1539938787898370 8181976 8352217
1539938787998241 8184849 8354954
1539938788098176 8187684 8357680
1539938788198029 8190564 8360308
1539938788331287 8194475 8364072
1539938788431233 8197472 8366955
1539938788531086 8200427 8369889
1539938788631001 8203339 8372952
1539938788730865 8206259 8375966
1539938788830597 8209051 8378968
1539938788930486 8212042 8382266
1539938789030351 8214916 8385318
1539938789130363 8217671 8388382
1539938789230154 8220425 8391345
1539938789330097 8223193 8394216
1539938789429881 8225977 8397117
1539938789529837 8228924 8400057
1539938789629724 8231774 8402793
1539938789729449 8234617 8405645
1539938789829255 8237463 8408431
1539938789929098 8240288 8411201
1539938790029063 8243073 8414001
1539938790128896 8245892 8416766
1539938790228735 8248704 8419556
1539938790328809 8251434 8422372
1539938790428848 8254169 8425088
1539938790529026 8256987 8427866
1539938790629127 8259842 8430734
1539938790729086 8262640 8433440
1539938790829005 8265341 8436103
1539938790929029 8267999 8438808
1539938791028925 8270656 8441457
1539938791129005 8273275 8444077
1539938791228893 8275767 8446809
1539938791328927 8278233 8449553
1539938791428736 8280598 8452352
1539938791528569 8282797 8455205
1539938791628454 8284970 8458173
1539938791728353 8287112 8461221
1539938791828260 8289113 8464331
1539938791928131 8290934 8467361
1539938792028101 8292655 8470456
1539938792128006 8294258 8473440
1539938792227882 8295881 8476544
1539938792327661 8297386 8479664
1539938792427435 8298798 8482715
1539938792527374 8300159 8485740
1539938792627261 8301509 8488723
1539938792727278 8302900 8491736
1539938792827057 8304287 8494820
1539938792926873 8305611 8497831
1539938793026823 8306878 8500804
1539938793126667 8308111 8503789
1539938793226680 8309314 8506669
1539938793326432 8310591 8509644
1539938793426363 8311845 8512599
1539938793526175 8313114 8515442
1539938793626130 8314425 8518273
1539938793759433 8316269 8521977
1539938793859251 8317869 8524837
1539938793959156 8319579 8527693
1539938794059139 8321405 8530476
1539938794158936 8323277 8533164
1539938794258755 8325224 8535815
1539938794358603 8327267 8538323
1539938794458537 8329470 8540825
1539938794558460 8331689 8543368
1539938794658411 8333909 8545893
1539938794758246 8336179 8548375
1539938794858077 8338487 8550859
1539938794958094 8340893 8553492
1539938795057911 8343359 8556032
1539938795157819 8345912 8558557
1539938795257688 8348464 8561089
1539938795357551 8351055 8563563
1539938795457494 8353745 8565969
1539938795557344 8356442 8568418
1539938795657196 8359173 8570808
1539938795757032 8361903 8573081
1539938795856933 8364599 8575352
1539938795957001 8367160 8577565
1539938796056814 8369837 8579789
1539938796156671 8372402 8581891
1539938796256800 8374964 8584019
1539938796356576 8377552 8586134
1539938796456516 8380090 8588172
1539938796556409 8382660 8590286
1539938796656477 8385272 8592465
1539938796756222 8387892 8594687
1539938796856019 8390487 8596916
1539938796955919 8393082 8599161
1539938797055789 8395634 8601474
1539938797155743 8398276 8603992
1539938797255656 8400945 8606537
1539938797355563 8403649 8609152
1539938797455493 8406310 8611809
1539938797555305 8409036 8614438
1539938797655202 8411714 8617033
1539938797755141 8414460 8619722
1539938797888417 8418141 8623205
1539938797988272 8420910 8625854
1539938798088207 8423645 8628512
1539938798187999 8426403 8631177
1539938798287881 8429148 8633922
1539938798387827 8431780 8636733
1539938798487684 8434427 8639510
1539938798587456 8437064 8642401
1539938798687378 8439642 8645288
1539938798787459 8442289 8648199
1539938798887259 8444981 8651197
1539938798987169 8447614 8654158
1539938799087050 8450318 8657069
1539938799187018 8453094 8659998
1539938799286828 8455980 8662964
1539938799420001 8459887 8666916
1539938799519889 8462737 8669841
1539938799619679 8465550 8672762
1539938799719518 8468386 8675762
1539938799819532 8471146 8678699
1539938799919411 8474006 8681780
1539938800019451 8476843 8684853
1539938800119213 8479622 8687898
1539938800219194 8482422 8691029
1539938800318989 8485287 8694203
1539938800418900 8488185 8697408
1539938800518771 8491116 8700720
1539938800618690 8494042 8703952
1539938800718480 8496822 8707157
1539938800818550 8499724 8710492
1539938800918279 8502533 8713674
1539938801018204 8505480 8717206
1539938801117987 8508422 8720603
1539938801217926 8511314 8724059
1539938801317756 8514092 8727457
1539938801417568 8517054 8730996
1539938801517526 8519949 8734594
1539938801617621 8522815 8738167
1539938801717375 8525703 8741834
1539938801817222 8528485 8745423
1539938801917049 8531240 8749060
1539938802016861 8534053 8752613
1539938802116792 8536916 8756255
1539938802216632 8539775 8759851
1539938802316542 8542663 8763334
1539938802416407 8545536 8766806
1539938802516358 8548530 8770242
1539938802616319 8551544 8773625
1539938802716229 8554600 8777064
1539938802816161 8557633 8780428
1539938802916056 8560593 8783763
1539938803015890 8563435 8787009
1539938803115844 8566278 8790244
1539938803215816 8569188 8793550
1539938803315698 8571926 8796671
1539938803415621 8574773 8799858
1539938803515419 8577574 8802976
1539938803615388 8580312 8806034
1539938803715390 8583247 8809160
1539938803815342 8586125 8812194
1539938803915127 8589007 8815256
1539938804015103 8591921 8818264
1539938804115100 8594756 8821256
1539938804214802 8597491 8824175
1539938804314600 8600368 8827100
1539938804414525 8603124 8829998
1539938804514477 8605906 8832885
1539938804614342 8608709 8835755
1539938804714228 8611434 8838698
1539938804814023 8614162 8841631
1539938804913939 8616930 8844522
1539938805013834 8619635 8847443
1539938805113729 8622337 8850344
1539938805213721 8625074 8853175
1539938805313690 8627602 8855995
1539938805413671 8630286 8858889
1539938805513731 8632942 8861699
1539938805613651 8635524 8864502
1539938805713693 8638064 8867206
1539938805813766 8640693 8869920
1539938805913702 8643131 8872591
1539938806013687 8645622 8875263
1539938806113577 8648040 8877786
1539938806213425 8650481 8880376
1539938806313277 8652847 8882898
1539938806413084 8655121 8885230
1539938806512979 8657431 8887638
1539938806612910 8659616 8889985
1539938806712805 8661758 8892247
1539938806812616 8663899 8894466
1539938806912526 8666043 8896669
1539938807012442 8668069 8898733
1539938807112452 8670077 8900719
1539938807212245 8672164 8902584
1539938807312269 8674294 8904294
1539938807412246 8676448 8905888
1539938807512161 8678698 8907304
1539938807611903 8681151 8908693
1539938807711812 8683563 8910085
1539938807811663 8686062 8911587
1539938807911494 8688577 8913131
1539938808011329 8691108 8914711
1539938808111229 8693605 8916343
1539938808211180 8696229 8918073
1539938808310992 8698905 8919896
1539938808411056 8701594 8921811
1539938808510913 8704278 8923736
1539938808610709 8707050 8925673
1539938808710510 8709899 8927740
1539938808810474 8712787 8929797
1539938808910508 8715728 8931816
1539938809010434 8718662 8933796
1539938809110231 8721704 8935814
1539938809210147 8724643 8937818
1539938809310076 8727624 8939869
1539938809410046 8730606 8941889
1539938809509831 8733470 8943930
1539938809609619 8736276 8946033
1539938809709686 8739032 8948110
1539938809809622 8741734 8950224
1539938809909574 8744372 8952367
1539938810009376 8746979 8954521
1539938810109247 8749520 8956683
1539938810209120 8752007 8958832
1539938810308969 8754426 8961057
1539938810408874 8756692 8963317
1539938810508690 8758804 8965525
1539938810608533 8760841 8967693
1539938810708461 8762861 8969844
1539938810808542 8764772 8971923
1539938810908339 8766629 8973970
1539938811008147 8768434 8975951
1539938811108047 8770185 8977877
1539938811207943 8771878 8979753
1539938811307873 8773467 8981513
1539938811407773 8774998 8983212
1539938811507618 8776491 8984883
1539938811640883 8778479 8987101
1539938811740811 8779948 8988702
1539938811840752 8781356 8990205
1539938811940634 8782828 8991693
1539938812040627 8784387 8993155
1539938812140460 8786070 8994571
1539938812240267 8787933 8995999
1539938812340108 8789809 8997449
1539938812439914 8791625 8998839
1539938812539784 8793554 9000313
1539938812639669 8795547 9001853
1539938812739562 8797564 9003471
1539938812839486 8799538 9005126
1539938812939435 8801541 9006828
1539938813039341 8803559 9008622
1539938813139187 8805559 9010519
1539938813239130 8807509 9012512
1539938813339131 8809519 9014552
1539938813438969 8811587 9016725
1539938813538794 8813692 9018982
1539938813638628 8815895 9021367
1539938813738633 8818070 9023634
1539938813838544 8820265 9025911
1539938813938524 8822482 9028257
1539938814038414 8824634 9030530
1539938814138212 8826768 9032754
1539938814238086 8828876 9034957
1539938814337918 8830913 9037145
1539938814437844 8832930 9039260
1539938814537657 8835036 9041389
1539938814637446 8837190 9043526
1539938814737419 8839411 9045694
1539938814837260 8841648 9047828
1539938814937242 8843939 9049972
1539938815037070 8846230 9052189
1539938815136979 8848454 9054445
1539938815237025 8850586 9056653
1539938815336930 8852724 9058965
1539938815436893 8854818 9061263
1539938815536841 8856875 9063494
1539938815636713 8859001 9065701
1539938815736613 8861206 9067950
1539938815836515 8863460 9070228
1539938815936381 8865720 9072465
1539938816036159 8868137 9074729
1539938816136065 8870594 9076972
1539938816235975 8873030 9079132
1539938816335857 8875529 9081204
1539938816435806 8878097 9083246
1539938816569032 8881489 9085962
1539938816668972 8884060 9087953
1539938816768715 8886613 9089909
1539938816868693 8889082 9091865
1539938816968544 8891574 9093920
1539938817068300 8894081 9095952
1539938817168179 8896507 9097952
1539938817268080 8898804 9099979
1539938817367877 8901245 9102280
1539938817467825 8903508 9104460
1539938817567771 8905807 9106775
1539938817667675 8908114 9109105
1539938817767679 8910539 9111480
1539938817867542 8913041 9113873
1539938817967497 8915465 9116298
1539938818067325 8917939 9118856
1539938818167112 8920476 9121502
1539938818266894 8922886 9124177
1539938818366822 8925244 9126895
1539938818466809 8927667 9129590
1539938818566606 8930020 9132338
1539938818666455 8932346 9135189
1539938818766474 8934690 9138061
1539938818866276 8936863 9140844
1539938818966169 8939145 9144030
1539938819066098 8941222 9146940
1539938819166069 8943304 9149987
1539938819265926 8945289 9153024
1539938819365788 8947147 9155993
1539938819465734 8948977 9159043
1539938819565680 8950738 9162000
1539938819665617 8952454 9164948
1539938819765522 8954036 9167933
1539938819865299 8955532 9170845
1539938819965134 8956974 9173769
1539938820065048 8958371 9176679
1539938820164901 8959736 9179597
1539938820264861 8960997 9182599
1539938820364763 8962149 9185560
1539938820464998 8963269 9188499
1539938820564976 8964381 9191454
1539938820664958 8965549 9194425
1539938820764997 8966751 9197346
1539938820865007 8967992 9200355
1539938820964956 8969267 9203302
1539938821065011 8970584 9206214
1539938821164839 8971963 9209147
1539938821264667 8973482 9211940
1539938821364591 8975191 9214772
1539938821464442 8977018 9217579
1539938821564469 8978933 9220287
1539938821664268 8980963 9222934
1539938821764086 8983114 9225517
1539938821864027 8985533 9228026
1539938821963872 8988007 9230491
1539938822063710 8990559 9232966
1539938822163650 8993189 9235459
1539938822263499 8995793 9237976
1539938822363371 8998304 9240558
1539938822463249 9000912 9243209
1539938822563107 9003430 9245870
1539938822663015 9005876 9248567
1539938822763094 9008336 9251235
1539938822862951 9010840 9253815
1539938822962884 9013282 9256411
1539938823062798 9015794 9258959
1539938823162688 9018433 9261539
1539938823262693 9021072 9264195
1539938823362624 9023738 9266904
1539938823462333 9026389 9269509
1539938823562223 9029056 9272243
1539938823695436 9032587 9275839
1539938823795418 9035256 9278497
1539938823895367 9037865 9281242
1539938823995144 9040489 9283947
1539938824094964 9043136 9286628
1539938824194860 9045882 9289408
1539938824294689 9048738 9292210
1539938824394521 9051646 9294894
1539938824494421 9054504 9297628
1539938824594301 9057393 9300305
1539938824694142 9060268 9302958
1539938824793983 9063085 9305624
1539938824894037 9065880 9308242
1539938824993847 9068668 9310817
1539938825093755 9071363 9313363
1539938825193660 9074125 9315927
1539938825293625 9076834 9318455
1539938825393532 9079424 9321014
1539938825493368 9082021 9323661
1539938825593202 9084584 9326325
1539938825693112 9087080 9329033
1539938825793046 9089686 9331866
1539938825892977 9092265 9334578
1539938825992882 9094828 9337241
1539938826092808 9097484 9339972
1539938826192703 9100100 9342562
1539938826292632 9102741 9345205
1539938826392719 9105392 9347879
1539938826492482 9108100 9350440
1539938826592238 9110784 9352918
1539938826692212 9113525 9355364
1539938826792074 9116288 9357727
1539938826891837 9118948 9360031
1539938826991762 9121581 9362372
1539938827091660 9124256 9364735
1539938827191499 9126862 9367068
1539938827291388 9129484 9369464
1539938827391299 9132021 9371880
1539938827491204 9134392 9374227
1539938827591228 9136680 9376510
1539938827691092 9138972 9378861
1539938827791033 9141226 9381197
1539938827890826 9143407 9383494
1539938827990633 9145589 9385838
1539938828090495 9147794 9388317
1539938828190472 9149990 9390831
1539938828290350 9152183 9393442
1539938828390137 9154428 9396169
1539938828490065 9156715 9398903
1539938828589969 9159175 9401808
1539938828689771 9161640 9404722
1539938828789687 9164166 9407550
1539938828889505 9166707 9410398
1539938828989645 9169216 9413246
1539938829089481 9171931 9416172
1539938829189342 9174663 9419120
1539938829289270 9177394 9422127
1539938829389067 9180249 9425062
1539938829488951 9183116 9428004
1539938829588727 9186013 9430955
1539938829688670 9188956 9433885
1539938829788661 9191878 9436832
1539938829888593 9194703 9439732
1539938829988459 9197616 9442645
1539938830088286 9200476 9445624
1539938830188208 9203336 9448593
1539938830288130 9206228 9451538
1539938830387943 9209011 9454486
1539938830487782 9211849 9457387
1539938830587848 9214716 9460317
1539938830687758 9217430 9463246
1539938830787756 9220148 9466124
1539938830887585 9222861 9468987
1539938830987579 9225501 9471840
1539938831087347 9228174 9474610
1539938831187253 9230833 9477371
1539938831287230 9233477 9480165
1539938831387091 9236105 9482843
1539938831487015 9238768 9485499
1539938831586800 9241410 9488145
1539938831686597 9244051 9490714
1539938831786413 9246636 9493240
1539938831919734 9250015 9496634
1539938832019672 9252574 9499124
1539938832119542 9255150 9501590
1539938832219375 9257666 9504041
1539938832319298 9260120 9506394
1539938832419168 9262595 9508725
1539938832519081 9264996 9511063
1539938832619006 9267378 9513377
1539938832718909 9269718 9515583
1539938832818748 9272098 9517801
1539938832918707 9274371 9519982
1539938833018613 9276593 9522053
1539938833118629 9278822 9524084
1539938833218505 9280926 9526056
1539938833318459 9283030 9528092
1539938833418365 9285013 9529966
1539938833518108 9287029 9531794
1539938833617978 9289030 9533576
1539938833717869 9291106 9535366
1539938833817775 9293239 9537058
1539938833917659 9295468 9538691
1539938834017498 9297738 9540346
1539938834117430 9299999 9542093
1539938834217319 9302313 9543882
1539938834317198 9304782 9545765
1539938834417229 9307251 9547646
1539938834517014 9309714 9549548
1539938834616946 9312289 9551591
1539938834716837 9314830 9553709
1539938834816720 9317355 9555887
1539938834916651 9319884 9558204
1539938835016610 9322379 9560682
1539938835116477 9324801 9563295
1539938835216439 9327333 9566028
1539938835316066 9329876 9568816
1539938835416249 9332422 9571589
1539938835516294 9335035 9574310
1539938835616360 9337790 9577128
1539938835716367 9340536 9579881
1539938835816282 9343355 9582641
1539938835916193 9346201 9585436
1539938836016089 9348984 9588202
1539938836116037 9351787 9590957
1539938836216064 9354630 9593867
1539938836316047 9357441 9596794
1539938836415962 9360273 9599756
1539938836549105 9364018 9603721
1539938836649101 9366801 9606627
1539938836749063 9369700 9609624
1539938836848882 9372531 9612541
1539938836948850 9375443 9615494
1539938837048616 9378361 9618459
1539938837148530 9381145 9621329
1539938837248426 9383918 9624225
1539938837348364 9386779 9627225
1539938837448158 9389581 9630167
1539938837548059 9392366 9633108
1539938837647972 9395097 9635971
1539938837747743 9397801 9638811
1539938837847658 9400588 9641751
1539938837947638 9403413 9644698
1539938838047566 9406105 9647498
1539938838147363 9408893 9650403
1539938838247170 9411669 9653238
1539938838347045 9414397 9656093
1539938838447072 9417176 9658990
1539938838547142 9419992 9661851
1539938838646960 9422704 9664620
1539938838746830 9425462 9667430
1539938838846770 9428287 9670238
1539938838946761 9431013 9673016
1539938839046667 9433757 9675854
1539938839146481 9436531 9678635
1539938839246254 9439231 9681430
1539938839346240 9441971 9684260
1539938839446283 9444705 9687057
1539938839546285 9447370 9689873
1539938839646116 9450040 9692674
1539938839745991 9452785 9695461
1539938839845711 9455488 9698252
1539938839945572 9458237 9701050
1539938840045455 9460982 9703770
1539938840145401 9463713 9706553
1539938840245172 9466473 9709366
1539938840345031 9469268 9712106
1539938840444828 9471974 9714888
1539938840544785 9474726 9717702
1539938840644696 9477406 9720411
1539938840744639 9480150 9723315
1539938840844660 9482859 9726124
1539938840944416 9485616 9728901
1539938841044204 9488345 9731737
1539938841144248 9491070 9734565
1539938841244035 9493782 9737347
1539938841343925 9496393 9740130
1539938841443943 9499110 9743066
1539938841543810 9501760 9745922
1539938841677042 9505222 9749882
1539938841777015 9507791 9752776
1539938841876862 9510284 9755724
1539938841976699 9512671 9758700
1539938842076534 9515023 9761631
1539938842176491 9517364 9764594
1539938842276203 9519648 9767557
1539938842376171 9521833 9770441
1539938842475961 9524002 9773374
1539938842575764 9526131 9776276
1539938842675706 9528205 9779209
1539938842775533 9530173 9782144
1539938842875545 9532178 9784987
1539938842975512 9534113 9787724
1539938843075490 9536073 9790565
1539938843175326 9537965 9793252
1539938843275223 9539827 9795762
1539938843375083 9541888 9798431
1539938843474942 9543892 9800898
1539938843574781 9545916 9803281
1539938843674677 9548024 9805656
1539938843774487 9550202 9807986
1539938843874313 9552443 9810255
1539938843974269 9554697 9812525
1539938844074275 9556973 9814827
1539938844174263 9559244 9817128
1539938844274318 9561447 9819467
1539938844374063 9563594 9821852
1539938844473913 9565803 9824347
1539938844573789 9568038 9826907
1539938844673590 9570210 9829488
1539938844806674 9573186 9832950
1539938844906563 9575409 9835428
1539938845006449 9577759 9838140
1539938845106369 9580146 9840840
1539938845206238 9582561 9843477
1539938845306282 9585057 9846214
1539938845406190 9587584 9848965
1539938845506068 9590228 9851663
1539938845606000 9592890 9854421
1539938845705868 9595408 9857022
1539938845805773 9598350 9859858
1539938845905774 9601177 9862580
1539938846005630 9604060 9865320
1539938846105455 9607028 9868031
1539938846205289 9609931 9870791
1539938846305224 9612790 9873559
1539938846405036 9615793 9876371
1539938846504902 9618689 9879256
1539938846604751 9621623 9882122
1539938846704741 9624556 9884953
1539938846804663 9627414 9887805
1539938846904673 9630288 9890655
1539938847004549 9633179 9893410
1539938847104369 9636012 9896249
1539938847204483 9638914 9899081
1539938847304337 9641717 9901877
1539938847404343 9644363 9904659
1539938847504207 9647061 9907565
1539938847604077 9649529 9910377
1539938847703933 9652011 9913425
1539938847803766 9654431 9916388
1539938847903506 9656784 9919336
1539938848003479 9659078 9922306
1539938848103273 9661345 9925166
1539938848203249 9663638 9928012
1539938848303196 9665914 9930836
1539938848402930 9668170 9933641
1539938848502773 9670426 9936469
1539938848602706 9672695 9939300
1539938848702494 9674813 9941963
1539938848802397 9677012 9944838
1539938848902323 9679204 9947647
1539938849002243 9681349 9950343
1539938849102130 9683499 9953134
1539938849202152 9685625 9955887
1539938849302007 9687705 9958485
1539938849401983 9689816 9961190
1539938849501847 9691863 9963883
1539938849601712 9693846 9966495
1539938849734856 9696517 9970003
1539938849834633 9698545 9972607
1539938849934583 9700488 9975082
1539938850034396 9702480 9977603
1539938850134439 9704528 9980011
1539938850234414 9706621 9982328
1539938850334259 9708695 9984578
1539938850434146 9710793 9986769
1539938850534312 9713015 9989013
1539938850634409 9715260 9991266
1539938850734318 9717391 9993540
1539938850834175 9719462 9995763
1539938850934115 9721568 9998019
1539938851034070 9723616 10000310
1539938851134009 9725573 10002604
1539938851233821 9727528 10004820
1539938851333729 9729498 10006939
1539938851433686 9731433 10009060
1539938851533699 9733313 10011166
1539938851633450 9735153 10013198
1539938851733283 9737026 10015167
1539938851833206 9738803 10017088
1539938851933163 9740600 10019123
1539938852032999 9742347 10021122
1539938852132928 9744070 10023061
1539938852232854 9745830 10025032
1539938852332890 9747624 10027073
1539938852432698 9749397 10029066
1539938852532471 9751315 10031122
1539938852632402 9753348 10033220
1539938852732398 9755445 10035341
1539938852865491 9758344 10038168
1539938852965540 9760520 10040300
1539938853065330 9762666 10042417
1539938853165247 9764906 10044608
1539938853265036 9767267 10046813
1539938853364981 9769695 10048997
1539938853464890 9772148 10051213
1539938853564919 9774573 10053404
1539938853664819 9776967 10055509
1539938853764582 9779601 10057745
1539938853864564 9782130 10059979
1539938853964557 9784726 10062241
1539938854064513 9787385 10064500
1539938854164324 9790057 10066817
1539938854264116 9792709 10069177
1539938854363996 9795598 10071608
1539938854463819 9798457 10074051
1539938854563730 9801460 10076656
1539938854663532 9804505 10079290
1539938854763339 9807365 10081807
1539938854863287 9810419 10084583
1539938854963124 9813447 10087314
1539938855063139 9816436 10090070
1539938855163141 9819476 10092930
1539938855262912 9822439 10095757
1539938855362746 9825394 10098660
1539938855462682 9828334 10101598
1539938855562660 9831297 10104589
1539938855662684 9834264 10107614
1539938855762508 9837182 10110624
1539938855862371 9839931 10113461
1539938855962214 9842798 10116508
1539938856062080 9845559 10119486
1539938856162047 9848210 10122447
1539938856261934 9850780 10125445
1539938856361812 9853325 10128396
1539938856461570 9855693 10131233
1539938856561375 9858216 10134293
1539938856661326 9860783 10137209
1539938856761150 9863340 10140037
1539938856860988 9865873 10142847
1539938856961138 9868525 10145539
1539938857060953 9871308 10148340
1539938857160867 9874039 10151116
1539938857260813 9876891 10153867
1539938857360582 9879767 10156625
1539938857460463 9882690 10159522
1539938857560379 9885586 10162266
1539938857660295 9888434 10165103
1539938857760176 9891230 10167928
1539938857859992 9894029 10170701
1539938857959820 9896779 10173475
1539938858059708 9899451 10176260
1539938858159720 9902096 10178942
1539938858259613 9904646 10181651
1539938858359493 9907184 10184449
1539938858459308 9909724 10187171
1539938858559247 9912214 10189866
1539938858659235 9914623 10192492
1539938858759217 9917166 10195100
1539938858859175 9919725 10197738
1539938858958971 9922254 10200382
1539938859058815 9924805 10202986
1539938859158680 9927352 10205527
1539938859258507 9930011 10208316
1539938859358554 9932651 10211026
1539938859458564 9935266 10213739
1539938859558413 9937816 10216490
1539938859658210 9940324 10219200
1539938859758105 9942902 10221895
1539938859858021 9945475 10224657
1539938859957763 9948018 10227353
1539938860057602 9950575 10230052
1539938860157547 9953100 10232835
1539938860257593 9955425 10235437
1539938860357497 9958053 10238339
1539938860457268 9960607 10241173
1539938860557118 9963120 10243963
1539938860657053 9965601 10246701
1539938860756865 9968106 10249485
1539938860856688 9970521 10252178
1539938860956542 9972982 10254965
1539938861056574 9975410 10257713
1539938861156540 9977767 10260371
1539938861256547 9980103 10263071
1539938861356443 9982351 10265723
1539938861456368 9984734 10268474
1539938861589566 9987719 10272074
1539938861689347 9989951 10274771
1539938861789439 9992239 10277396
1539938861889304 9994475 10280034
1539938861989198 9996660 10282696
1539938862088961 9998825 10285269
1539938862188802 10001000 10287903
1539938862288813 10003041 10290547
1539938862388625 10005025 10293113
1539938862488382 10007020 10295694
1539938862588310 10009035 10298330
1539938862688112 10010988 10300915
1539938862788173 10012980 10303576
1539938862888010 10015024 10306237
1539938862988014 10017110 10308834
1539938863087936 10019166 10311374
1539938863187837 10021225 10313949
1539938863287650 10023314 10316506
1539938863387599 10025500 10319024
1539938863487395 10027725 10321597
1539938863587193 10029997 10324139
1539938863687062 10032323 10326623
1539938863787024 10034654 10329095
1539938863886858 10036956 10331597
1539938863986819 10039318 10334022
1539938864086827 10041720 10336470
1539938864186700 10044082 10338952
1539938864286471 10046479 10341448
1539938864386319 10048912 10343974
1539938864486271 10051336 10346623
1539938864586196 10053745 10349286
1539938864686200 10056186 10351916
1539938864786056 10058736 10354656
1539938864885867 10061202 10357324
1539938864985792 10063698 10359898
1539938865085795 10066215 10362524
1539938865185664 10068626 10365081
1539938865285524 10071141 10367725
1539938865385303 10073661 10370355
1539938865485476 10076206 10373048
1539938865585485 10078717 10375636
1539938865685523 10081266 10378245
1539938865785459 10083698 10380757
1539938865885372 10086207 10383369
1539938865985276 10088667 10385910
1539938866085325 10091152 10388474
1539938866185359 10093535 10390931
1539938866285256 10095894 10393349
1539938866385234 10098260 10395803
1539938866518498 10101301 10399013
1539938866618333 10103518 10401398
1539938866718199 10105698 10403745
1539938866817915 10108062 10406248
1539938866917820 10110320 10408596
1539938867017812 10112617 10410968
1539938867117635 10114919 10413313
1539938867217475 10117162 10415592
1539938867317396 10119385 10417887
1539938867417353 10121542 10420131
1539938867517268 10123814 10422447
1539938867617036 10125979 10424649
1539938867717003 10128128 10426870
1539938867816901 10130291 10429138
1539938867916689 10132459 10431410
1539938868016636 10134501 10433592
1539938868116569 10136616 10435883
1539938868216351 10138756 10438125
1539938868316304 10140894 10440318
1539938868416327 10142962 10442482
1539938868516387 10144961 10444684
1539938868616370 10147071 10447013
1539938868716260 10149064 10449301
1539938868815959 10150869 10451606
1539938868915751 10152616 10454033
1539938869015746 10154373 10456596
1539938869115676 10155990 10459155
1539938869215529 10157530 10461823
1539938869315292 10158983 10464445
1539938869415341 10160407 10467049
1539938869515153 10161822 10469681
1539938869615139 10163195 10472187
1539938869714977 10164632 10474757
1539938869814846 10165987 10477287
1539938869914799 10167327 10479786
1539938870014637 10168668 10482202
1539938870114387 10170084 10484651
1539938870214290 10171536 10487021
1539938870314154 10173029 10489257
1539938870413942 10174587 10491413
1539938870513794 10176252 10493521
1539938870613749 10178119 10495528
1539938870713610 10179994 10497406
1539938870813567 10182102 10499303
1539938870913590 10184235 10501247
1539938871013371 10186373 10503210
1539938871113273 10188576 10505175
1539938871213166 10190840 10507172
1539938871313244 10193077 10509201
1539938871413031 10195443 10511326
1539938871513034 10197793 10513408
1539938871612835 10200107 10515504
1539938871712710 10202441 10517651
1539938871812569 10204775 10519780
1539938871912451 10207238 10521974
1539938872012439 10209680 10524175
1539938872112275 10212163 10526426
1539938872212146 10214652 10528698
1539938872312283 10217080 10530953
1539938872411867 10219532 10533225
1539938872511698 10222066 10535557
1539938872611719 10224529 10537813
1539938872711593 10227027 10540063
1539938872811456 10229581 10542363
1539938872944770 10232879 10545430
1539938873044713 10235456 10547795
1539938873144505 10238083 10550187
1539938873244282 10240690 10552591
1539938873344276 10243305 10554994
1539938873444043 10245896 10557397
1539938873543911 10248543 10559982
1539938873643738 10251247 10562639
1539938873743659 10254002 10565233
1539938873843530 10256748 10567883
1539938873943473 10259514 10570504
1539938874043572 10262332 10573108
1539938874143527 10265135 10575786
1539938874243275 10267775 10578365
1539938874343052 10270670 10581049
1539938874442968 10273451 10583736
1539938874542876 10276184 10586381
1539938874642683 10278927 10588978
1539938874742518 10281549 10591613
1539938874842489 10284163 10594351
1539938874942502 10286772 10597011
1539938875042414 10289330 10599738
1539938875142210 10291839 10602427
1539938875242010 10294393 10605087
1539938875341812 10296930 10607740
1539938875441781 10299481 10610515
1539938875541728 10302061 10613200
1539938875641638 10304598 10615889
1539938875741484 10307276 10618776
1539938875841306 10309889 10621491
1539938875941337 10312610 10624345
1539938876041339 10315191 10627125
1539938876141291 10317857 10629862
1539938876241031 10320554 10632614
1539938876340847 10323286 10635389
1539938876440672 10326041 10638123
1539938876540561 10328824 10640907
1539938876640378 10331533 10643723
1539938876740221 10334274 10646506
1539938876840283 10337072 10649334
1539938876940062 10339795 10652138
1539938877039896 10342518 10654824
1539938877140081 10345310 10657610
1539938877239796 10348034 10660370
1539938877339720 10350791 10663096
1539938877439671 10353549 10665840
1539938877539552 10356292 10668604
1539938877639459 10359041 10671319
1539938877739316 10361710 10674037
1539938877839102 10364378 10676802
1539938877939159 10367146 10679609
1539938878039161 10369923 10682416
1539938878138978 10372640 10685168
1539938878238792 10375370 10687847
1539938878338606 10378104 10690600
1539938878438632 10380773 10693339
1539938878538452 10383432 10696040
1539938878638447 10386144 10698788
1539938878738320 10388777 10701494
1539938878838311 10391449 10704181
1539938878938161 10394069 10706859
1539938879038127 10396691 10709582
1539938879137985 10399314 10712281
1539938879237854 10401935 10714954
1539938879337664 10404535 10717612
1539938879437471 10407102 10720207
1539938879537595 10409664 10722818
1539938879637451 10412196 10725456
1539938879737251 10414681 10728076
1539938879837033 10417100 10730670
1539938879936880 10419609 10733415
1539938880036823 10422020 10736085
1539938880136653 10424459 10738867
1539938880236783 10426900 10741716
1539938880336763 10429244 10744538
1539938880436616 10431587 10747455
1539938880536650 10434006 10750357
1539938880636665 10436491 10753229
1539938880736829 10439050 10756078
1539938880836946 10441886 10758838
1539938880936812 10444844 10761358
1539938881036931 10447919 10763758
1539938881136732 10451207 10766013
1539938881236546 10454512 10768069
1539938881336370 10457978 10770078
1539938881436189 10461445 10772040
1539938881536157 10464906 10773929
1539938881636080 10468378 10775682
1539938881735942 10471818 10777327
1539938881835875 10475241 10778846
1539938881935973 10478684 10780286
1539938882035873 10482045 10781505
1539938882135872 10485408 10782535
1539938882235702 10488649 10783395
1539938882335525 10491953 10784168
1539938882435329 10495163 10784882
1539938882535163 10498266 10785568
1539938882635213 10501337 10786266
1539938882735030 10504226 10786974
1539938882835027 10507057 10787728
1539938882934922 10509831 10788589
1539938883034787 10512279 10789614
1539938883134652 10514597 10790875
1539938883234488 10516746 10792361
1539938883334383 10518709 10794063
1539938883434167 10520506 10795991
1539938883534018 10522246 10798066
1539938883633891 10523981 10800087
1539938883733814 10525696 10802042
1539938883833629 10527348 10803981
1539938883933490 10528989 10805907
1539938884033349 10530750 10807816
1539938884133390 10532542 10809694
1539938884233229 10534383 10811561
1539938884333066 10536248 10813450
1539938884432947 10537999 10815271
1539938884532840 10539162 10817084
1539938884632901 10540619 10819029
1539938884732794 10542397 10820939
1539938884832710 10544232 10822920
1539938884932514 10546166 10824899
1539938885032423 10548185 10826856
1539938885132369 10550286 10828857
1539938885232273 10552409 10830905
1539938885332137 10554593 10832918
1539938885432107 10556869 10834978
1539938885531916 10559159 10837118
1539938885631742 10561432 10839351
1539938885731603 10563765 10841597
1539938885831557 10566228 10843935
1539938885931385 10568668 10846379
1539938886031249 10571188 10848859
1539938886131129 10573741 10851313
1539938886231148 10576374 10853951
1539938886331091 10578954 10856587
1539938886431030 10581609 10859167
1539938886564216 10585095 10862667
1539938886664105 10587663 10865229
1539938886764103 10590335 10867825
1539938886863958 10592884 10870461
1539938886963847 10595440 10873129
1539938887063784 10598048 10875794
1539938887163617 10600652 10878526
1539938887263458 10603223 10881235
1539938887363432 10605813 10883855
1539938887463286 10608363 10886526
1539938887563225 10610834 10889146
1539938887663072 10613310 10891694
1539938887763018 10615729 10894149
1539938887863065 10618118 10896659
1539938887962795 10620466 10899037
1539938888062633 10622788 10901371
1539938888162575 10625038 10903696
1539938888262426 10627183 10905962
1539938888362191 10629336 10908135
1539938888461977 10631451 10910271
1539938888561807 10633512 10912399
1539938888661729 10635526 10914455
1539938888761689 10637473 10916396
1539938888861526 10639429 10918355
1539938888961661 10641331 10920335
1539938889061262 10643116 10922203
1539938889161242 10644884 10923999
1539938889261162 10646638 10925753
1539938889360972 10648364 10927496
1539938889460837 10649988 10929178
1539938889560855 10651552 10930767
1539938889660796 10653103 10932304
1539938889760797 10654591 10933764
1539938889860765 10656113 10935281
1539938889960520 10657472 10936686
1539938890060444 10658819 10938091
1539938890160346 10660115 10939412
1539938890260315 10661370 10940667
1539938890360112 10662589 10941873
1539938890460002 10663794 10943068
1539938890559937 10664939 10944219
1539938890659793 10666028 10945326
1539938890759608 10667069 10946380
1539938890859508 10668047 10947359
1539938890959529 10669049 10948341
1539938891059506 10669972 10949236
1539938891159350 10670862 10950106
1539938891259260 10671730 10950961
1539938891359038 10672543 10951774
1539938891458951 10673295 10952539
1539938891592180 10674201 10953472
1539938891692157 10674860 10954151
1539938891792187 10675470 10954781
1539938891891954 10676040 10955377
1539938891991770 10676650 10955962
1539938892091594 10677326 10956604
1539938892191481 10678101 10957325
1539938892291260 10678956 10958115
1539938892391229 10679919 10959024
1539938892491137 10680983 10960037
1539938892591090 10682125 10961157
1539938892690914 10683355 10962375
1539938892790643 10684655 10963666
1539938892890558 10686204 10965181
1539938892990536 10687815 10966763
1539938893090451 10689513 10968485
1539938893190335 10691249 10970298
1539938893290208 10693015 10972137
1539938893390040 10694856 10974030
1539938893489866 10696847 10976112
1539938893589704 10698754 10978220
1539938893689633 10700698 10980372
1539938893789577 10702639 10982500
1539938893889580 10704653 10984740
1539938893989692 10706656 10987001
1539938894089510 10708615 10989205
1539938894189437 10710645 10991395
1539938894289355 10712779 10993593
1539938894389225 10714980 10995712
1539938894489171 10717297 10997751
1539938894589035 10719743 10999740
1539938894688853 10722300 11001706
1539938894788672 10724799 11003681
1539938894888553 10727345 11005686
1539938894988459 10729949 11007798
1539938895088240 10732514 11010015
1539938895188024 10735078 11012304
1539938895288039 10737680 11014622
1539938895387933 10740213 11017066
1539938895487859 10742681 11019528
1539938895587836 10745315 11022043
1539938895687783 10747926 11024550
1539938895787755 10750575 11027151
1539938895887617 10753297 11029683
1539938895987490 10755991 11032211
1539938896087364 10758729 11034839
1539938896187350 10761533 11037492
1539938896287211 10764334 11040132
1539938896387064 10767099 11042895
1539938896486891 10769883 11045649
1539938896586819 10772583 11048408
1539938896686666 10775232 11051225
1539938896786639 10777959 11054079
1539938896886462 10780665 11056915
1539938896986274 10783269 11059736
1539938897086300 10786042 11062653
1539938897186127 10788744 11065446
1539938897285939 10791370 11068320
1539938897385797 10794080 11071122
1539938897485749 10796828 11073940
1539938897585580 10799576 11076767
1539938897685505 10802381 11079523
1539938897785362 10805258 11082291
1539938897885298 10808059 11085065
1539938897985260 10810978 11087768
1539938898085212 10813784 11090418
1539938898185187 10816688 11093212
1539938898285087 10819520 11095875
1539938898384888 10822304 11098608
1539938898484793 10825046 11101415
1539938898584645 10827804 11104149
1539938898684659 10830491 11106906
1539938898784433 10833127 11109646
1539938898884363 10835740 11112305
1539938898984364 10838334 11115006
1539938899084308 10840844 11117706
1539938899217604 10844201 11121138
1539938899317315 10846628 11123655
1539938899417109 10849096 11126235
1539938899517025 10851573 11128710
1539938899617044 10854003 11131193
1539938899716924 10856344 11133663
1539938899816787 10858723 11136138
1539938899916682 10861103 11138517
1539938900016556 10863395 11140906
1539938900116578 10865656 11143216
1539938900216326 10867866 11145399
1539938900316104 10870083 11147593
1539938900416035 10872182 11149783
1539938900516041 10874261 11151889
1539938900615818 10876343 11153922
1539938900715715 10878337 11155898
1539938900815549 10880278 11157862
1539938900915545 10882201 11159793
1539938901015393 10884037 11161556
1539938901115238 10885830 11163292
1539938901215060 10887539 11165006
1539938901314887 10889187 11166683
1539938901414919 10890846 11168323
1539938901514727 10892509 11169897
1539938901614534 10894202 11171414
1539938901714499 10895939 11172944
1539938901814415 10897622 11174383
1539938901914333 10899352 11175814
1539938902014225 10901002 11177151
1539938902114154 10902671 11178518
1539938902214146 10904434 11180030
1539938902314057 10906207 11181640
1539938902413934 10908086 11183357
1539938902513895 10910068 11185138
1539938902613765 10912060 11186949
1539938902713632 10914095 11188846
1539938902813433 10916154 11190756
1539938902913226 10918190 11192633
1539938903013154 10920220 11194542
1539938903113153 10922239 11196569
1539938903213152 10924381 11198731
1539938903313026 10926630 11200942
1539938903412799 10928891 11203166
1539938903512719 10931188 11205456
1539938903612633 10933497 11207789
1539938903712626 10935742 11210106
1539938903812469 10937893 11212501
1539938903912372 10940033 11215002
1539938904012444 10942204 11217522
1539938904112042 10944426 11220004
1539938904211863 10946719 11222527
1539938904311676 10949121 11224968
1539938904411595 10951638 11227356
1539938904511451 10954119 11229710
1539938904611510 10956617 11232115
1539938904711452 10959198 11234591
1539938904811559 10961637 11237002
1539938904911481 10964073 11239483
1539938905011409 10966514 11241951
1539938905111335 10968908 11244387
1539938905211144 10971297 11246903
1539938905310956 10973810 11249546
1539938905410811 10976384 11252138
1539938905510733 10978989 11254832
1539938905610563 10981656 11257541
1539938905710367 10984288 11260158
1539938905810273 10986908 11262900
1539938905910223 10989539 11265659
1539938906010040 10992256 11268359
1539938906109935 10994916 11271026
1539938906209915 10997689 11273819
1539938906309708 11000447 11276538
1539938906409509 11003170 11279324
1539938906509418 11005864 11282215
1539938906609448 11008661 11285179
1539938906742519 11012251 11289214
1539938906842330 11014964 11292233
1539938906942325 11017681 11295338
1539938907042325 11020345 11298511
1539938907142207 11023035 11301657
1539938907242236 11025796 11304875
1539938907342272 11028523 11308150
1539938907442073 11031315 11311441
1539938907542058 11034062 11314796
1539938907641780 11036727 11318164
1539938907741724 11039380 11321596
1539938907841454 11041996 11324970
1539938907941334 11044561 11328411
1539938908074457 11047994 11333054
1539938908174331 11050575 11336513
1539938908274317 11053101 11339960
1539938908374178 11055742 11343289
1539938908474035 11058466 11346651
1539938908573938 11061179 11349927
1539938908673913 11063909 11353186
1539938908773929 11066649 11356522
1539938908873814 11069220 11359736
1539938908973660 11071829 11363025
1539938909073551 11074459 11366244
1539938909173396 11077056 11369437
1539938909273233 11079704 11372651
1539938909373137 11082456 11375736
1539938909472903 11085187 11378829
1539938909572801 11088011 11381831
1539938909672600 11090954 11384836
1539938909772488 11093814 11387857
1539938909872509 11096685 11390833
1539938909972306 11099458 11393831
1539938910072219 11102143 11396882
1539938910172029 11104877 11399912
1539938910271936 11107610 11402930
1539938910371852 11110281 11405905
1539938910505422 11113892 11409652
1539938910605614 11116706 11412557
1539938910705518 11119482 11415378
1539938910805614 11122316 11418131
1539938910905575 11125044 11420865
1539938911005496 11127704 11423559
1539938911105532 11130276 11426273
1539938911205327 11132604 11429081
1539938911305145 11134843 11431920
1539938911404956 11136768 11434779
1539938911504912 11138577 11437783
1539938911604728 11140152 11440716
1539938911704601 11141523 11443620
1539938911804563 11142742 11446616
1539938911904474 11143835 11449440
1539938912004334 11144788 11452233
1539938912104300 11145622 11455033
1539938912204329 11146344 11457896
1539938912304114 11146941 11460773
1539938912404119 11147452 11463599
1539938912504197 11147919 11466397
1539938912603973 11148380 11469197
1539938912703951 11148882 11471939
1539938912803822 11149461 11474567
1539938912903807 11150161 11477275
1539938913003641 11150977 11479937
1539938913103477 11151818 11482581
1539938913203420 11152676 11485277
1539938913303273 11153575 11487986
1539938913403126 11154507 11490669
1539938913502918 11155505 11493441
1539938913602735 11156553 11496197
1539938913702626 11157647 11498937
1539938913802485 11158811 11501719
1539938913902307 11160063 11504448
1539938914002125 11161415 11507157
1539938914102035 11162923 11509933
1539938914201959 11164522 11512612
1539938914301877 11166198 11515254
1539938914401829 11167946 11517900
1539938914501920 11169775 11520532
1539938914601686 11171674 11523110
1539938914701561 11173505 11525715
1539938914801470 11175332 11528379
1539938914901373 11177199 11531045
1539938915001231 11179075 11533705
1539938915101140 11180939 11536358
1539938915201122 11182730 11538915
1539938915300937 11184492 11541465
1539938915400848 11186252 11543980
1539938915500730 11188020 11546418
1539938915600517 11189763 11548801
1539938915700449 11191446 11551119
1539938915800439 11193104 11553257
1539938915900373 11194774 11555226
1539938916000267 11196342 11556953
1539938916100204 11197753 11558426
1539938916199990 11198978 11559650
1539938916299878 11199889 11560537
1539938916399844 11200549 11561183
1539938916499773 11200969 11561605
1539938916632961 11201229 11561879
1539938916732831 11201256 11561897
1539938916832584 11201212 11561847
1539938916932415 11201153 11561801
1539938917032347 11201100 11561766
1539938917132414 11201086 11561750
1539938917232339 11201091 11561753
1539938917332092 11201101 11561764
1539938917431993 11201106 11561769
1539938917531942 11201105 11561769
1539938917631827 11201103 11561765
1539938917731694 11201103 11561765
1539938917831703 11201103 11561766
1539938917931587 11201103 11561766
1539938918031613 11201103 11561766
1539938918131306 11201103 11561766
1539938918231252 11201103 11561766
1539938918331090 11201103 11561766
1539938918431092 11201104 11561766
1539938918530937 11201103 11561766
1539938918630791 11201103 11561766
1539938918730607 11201103 11561766
1539938918830513 11201103 11561766
1539938918930289 11201103 11561766
1539938919030256 11201103 11561766
1539938919130053 11201103 11561766
1539938919229878 11201103 11561766
1539938919329852 11201103 11561766
1539938919429854 11201103 11561766
1539938919529630 11201103 11561766
1539938919629570 11201103 11561766
1539938919729480 11201103 11561766
1539938919829258 11201103 11561766
1539938919929164 11201103 11561766
1539938920029084 11201103 11561766
1539938920128983 11201103 11561766
1539938920228966 11201103 11561766
1539938920362064 11201103 11561766
1539938920461968 11201103 11561766
1539938920561866 11201103 11561766
1539938920661814 11201103 11561766
1539938920761708 11201103 11561766
1539938920861596 11201103 11561766
1539938920961482 11201103 11561766
1539938921061389 11201103 11561766
1539938921161249 11201103 11561766
1539938921261144 11201103 11561766
1539938921361058 11201103 11561766
1539938921460835 11201103 11561766
1539938921560725 11201103 11561766
1539938921660641 11201103 11561766
1539938921760551 11201103 11561766
1539938921860348 11201103 11561766
1539938921960304 11201103 11561766
1539938922060240 11201103 11561766
1539938922160192 11201103 11561766
1539938922260090 11201103 11561766
1539938922359891 11201103 11561766
1539938922459681 11201103 11561766
1539938922559636 11201103 11561766
1539938922659464 11201103 11561766
1539938922759371 11201103 11561766
1539938922859285 11201103 11561766
1539938922959275 11201103 11561766
1539938923059089 11201103 11561766
1539938923158913 11201103 11561766
1539938923258832 11201103 11561766
1539938923358726 11201103 11561766
1539938923458741 11201102 11561766
1539938923558614 11201101 11561767
1539938923658481 11201105 11561771
1539938923758378 11201131 11561756
1539938923858358 11201225 11561700
1539938923958259 11201411 11561618
1539938924058204 11201754 11561494
1539938924157974 11202278 11561322
1539938924257858 11202999 11561120
1539938924391122 11204231 11560853
1539938924490929 11205278 11560686
1539938924590816 11206337 11560530
1539938924690627 11207349 11560395
1539938924790536 11208193 11560295
1539938924890388 11208808 11560233
1539938924990171 11209198 11560206
1539938925090203 11209345 11560202
1539938925190196 11209339 11560204
1539938925290040 11209222 11560193
1539938925389972 11209100 11560198
1539938925489940 11208990 11560206
1539938925590082 11208865 11560190
1539938925690217 11208715 11560164
1539938925790078 11208536 11560136
1539938925890012 11208339 11560117
1539938925989873 11208152 11560122
1539938926089810 11208027 11560157
1539938926189935 11207972 11560179
1539938926289665 11207974 11560181
1539938926389572 11208006 11560164
1539938926489590 11208016 11560163
1539938926589570 11208005 11560161
1539938926689440 11207990 11560165
1539938926822640 11207971 11560170
1539938926922475 11207956 11560172
1539938927022435 11207950 11560175
1539938927122196 11207958 11560174
1539938927222131 11207967 11560175
1539938927321964 11207968 11560177
1539938927421810 11207966 11560176
1539938927521821 11207965 11560177
1539938927621807 11207972 11560178
1539938927721580 11207985 11560176
1539938927821457 11207998 11560175
1539938927921370 11208007 11560176
1539938928021391 11208008 11560174
1539938928121284 11208007 11560174
1539938928221098 11208007 11560174
1539938928320998 11208008 11560174
1539938928420779 11208009 11560174
1539938928553953 11208009 11560174
1539938928653802 11208010 11560174
1539938928753638 11208009 11560173
1539938928853520 11208004 11560165
1539938928953485 11208001 11560175
1539938929086807 11208006 11560171
1539938929186740 11208013 11560172
1539938929286567 11208020 11560174
1539938929419652 11208021 11560175
1539938929519497 11208019 11560175
1539938929619524 11208020 11560172
1539938929719425 11208021 11560173
1539938929852517 11208019 11560174
1539938929952338 11208019 11560174
1539938930052228 11208020 11560174
1539938930152120 11208020 11560174
1539938930252048 11208020 11560174
1539938930385318 11208021 11560174
1539938930485158 11208021 11560174
1539938930585225 11208021 11560174
1539938930685103 11208022 11560174
1539938930784993 11208021 11560174
1539938930918202 11208021 11560174
1539938931017983 11208021 11560174
1539938931117805 11208021 11560174
1539938931217766 11208022 11560174
1539938931317718 11208022 11560173
1539938931450810 11208022 11560173
1539938931617339 11208022 11560174
1539938931717324 11208022 11560174
1539938931850493 11208022 11560174
1539938931950364 11208022 11560174
1539938932050215 11208022 11560174
1539938932150032 11208022 11560174
1539938932249990 11208022 11560173
1539938932349902 11208022 11560173
1539938932449764 11208022 11560174
1539938932549706 11208022 11560174
1539938932649695 11208022 11560174
1539938932749446 11208022 11560174
1539938932849375 11208022 11560174
1539938932949208 11208022 11560174
1539938933049026 11208022 11560174
1539938933149103 11208022 11560174
1539938933249159 11208022 11560174
1539938933349050 11208022 11560174
1539938933448830 11208022 11560173
1539938933548672 11208023 11560174
1539938933648434 11208023 11560174
1539938933748272 11208022 11560174
1539938933848122 11208022 11560174
1539938933948052 11208023 11560174
1539938934048027 11208023 11560174
1539938934147976 11208023 11560174
1539938934247932 11208023 11560174
