-0.0196366 0.000128701 -0.0131081
-0.0365721 0.000483655 -0.0288039
-0.051458 0.00107716 -0.0508946
-0.0641902 0.00191597 -0.0806774
-0.0756601 0.00307055 -0.119971
-0.0858087 0.00456124 -0.171715
-0.0954627 0.00653611 -0.231847
-0.105326 0.00921369 -0.298293
-0.118682 0.0140176 -0.392253
-0.129204 0.0188307 -0.465795
-0.140031 0.0247944 -0.541155
-0.15068 0.0317645 -0.617985
-0.160667 0.0394653 -0.695681
-0.169891 0.0478095 -0.775019
-0.177858 0.0562818 -0.857297
-0.184282 0.0643822 -0.943289
-0.189202 0.0718374 -1.03161
-0.192473 0.0779018 -1.1208
-0.194261 0.0820742 -1.21119
-0.194766 0.0836445 -1.30728
-0.194208 0.0811155 -1.39955
-0.193281 0.073805 -1.48974
-0.192802 0.0614925 -1.57412
-0.193491 0.0453499 -1.65287
-0.195855 0.0254784 -1.72555
-0.200124 0.00313421 -1.79356
-0.206765 -0.0223476 -1.85793
-0.215992 -0.0502997 -1.92134
-0.22772 -0.0795531 -1.98284
-0.241732 -0.109196 -2.04191
-0.259236 -0.141213 -2.10028
-0.279207 -0.17326 -2.15589
-0.30147 -0.204921 -2.2114
-0.324733 -0.234346 -2.26813
-0.348819 -0.261602 -2.32097
-0.373891 -0.287367 -2.36412
-0.400725 -0.312998 -2.39413
-0.431084 -0.340674 -2.41063
-0.463729 -0.369903 -2.41208
-0.499544 -0.402409 -2.39709
-0.536438 -0.437436 -2.36721
-0.57531 -0.477295 -2.32011
-0.615 -0.522742 -2.25726
-0.653056 -0.572657 -2.18714
-0.689377 -0.627909 -2.11752
-0.722673 -0.6871 -2.04886
-0.752771 -0.75059 -1.97811
-0.779073 -0.817799 -1.90952
-0.80069 -0.885827 -1.84742
-0.818754 -0.958365 -1.78229
-0.832466 -1.03391 -1.71844
-0.841748 -1.11049 -1.66437
-0.847626 -1.18879 -1.62707
-0.85068 -1.26712 -1.59246
-0.851443 -1.34713 -1.56822
-0.851021 -1.42848 -1.563
-0.85073 -1.51195 -1.57162
-0.851268 -1.59566 -1.58283
-0.852782 -1.6747 -1.59707
-0.856234 -1.76265 -1.62297
-0.86178 -1.84791 -1.64854
-0.869038 -1.9322 -1.66484
-0.877551 -2.01541 -1.68064
-0.888167 -2.10153 -1.70628
-0.900271 -2.18494 -1.72354
-0.913998 -2.27049 -1.73622
-0.929377 -2.35708 -1.75693
-0.946611 -2.44286 -1.78119
-0.966013 -2.52915 -1.80276
-0.987464 -2.61624 -1.82183
-1.01117 -2.70377 -1.84876
-1.03687 -2.7899 -1.87267
-1.06495 -2.87703 -1.89259
-1.09511 -2.965 -1.90949
-1.12601 -3.05084 -1.92318
-1.15702 -3.13474 -1.92642
-1.18927 -3.22174 -1.92524
-1.22125 -3.30861 -1.9219
-1.25175 -3.39276 -1.91502
-1.28284 -3.48097 -1.90424
-1.31334 -3.57088 -1.89163
-1.34204 -3.65881 -1.88085
-1.36924 -3.74556 -1.86835
-1.3956 -3.83292 -1.85947
-1.42211 -3.92272 -1.85621
-1.44849 -4.01262 -1.85616
-1.47515 -4.10392 -1.85367
-1.50313 -4.19971 -1.85628
-1.53064 -4.29333 -1.8569
-1.55787 -4.38665 -1.8526
-1.58501 -4.4805 -1.85201
-1.61073 -4.56904 -1.85498
-1.63848 -4.6643 -1.85361
-1.66597 -4.75869 -1.85475
-1.69217 -4.84771 -1.85919
-1.71944 -4.93905 -1.86268
-1.74799 -5.03309 -1.86849
-1.77682 -5.12412 -1.88659
-1.80775 -5.21588 -1.90529
-1.84089 -5.30853 -1.92312
-1.87633 -5.40219 -1.94198
-1.91135 -5.49023 -1.95688
-1.94669 -5.57561 -1.96963
-1.9858 -5.66646 -1.98486
-2.02498 -5.7537 -2.00097
-2.06471 -5.83845 -2.01735
-2.10627 -5.92356 -2.03277
-2.14846 -6.0072 -2.04326
-2.18969 -6.08695 -2.05264
-2.23287 -6.16878 -2.06002
-2.27626 -6.25016 -2.06118
-2.31838 -6.32944 -2.05723
-2.36145 -6.41166 -2.04931
-2.40342 -6.49415 -2.03377
-2.44314 -6.57569 -2.01426
-2.48108 -6.65757 -1.9951
-2.51757 -6.74029 -1.97757
-2.55352 -6.82545 -1.96273
-2.58692 -6.90779 -1.94962
-2.61902 -6.99033 -1.93384
-2.65065 -7.07597 -1.91528
-2.67976 -7.15982 -1.89465
-2.7062 -7.24198 -1.86978
-2.73086 -7.3266 -1.83878
-2.75265 -7.41023 -1.8127
-2.77287 -7.49663 -1.78853
-2.79056 -7.58216 -1.76098
-2.80613 -7.66902 -1.73551
-2.8198 -7.75645 -1.71626
-2.83197 -7.84407 -1.70126
-2.84258 -7.93041 -1.68495
-2.85269 -8.02074 -1.67945
-2.86257 -8.11152 -1.67897
-2.87199 -8.20206 -1.67009
-2.88075 -8.29411 -1.66113
-2.88886 -8.38381 -1.66091
-2.89712 -8.4794 -1.65297
-2.90436 -8.57431 -1.64098
-2.91077 -8.6683 -1.63685
-2.91722 -8.76354 -1.6399
-2.92352 -8.85899 -1.63361
-2.92977 -8.95679 -1.63544
-2.93648 -9.05472 -1.64298
-2.94357 -9.15157 -1.64482
-2.95089 -9.24965 -1.64579
-2.95909 -9.34804 -1.66215
-2.96831 -9.44412 -1.67082
-2.97921 -9.54669 -1.68241
-2.99169 -9.64775 -1.70491
-3.00646 -9.7483 -1.72835
-3.02324 -9.84686 -1.7505
-3.04207 -9.94083 -1.78676
-3.06591 -10.0411 -1.82145
-3.09433 -10.1458 -1.85041
-3.12412 -10.2455 -1.87221
-3.15484 -10.3427 -1.88147
-3.18379 -10.4339 -1.87475
-3.21521 -10.5358 -1.86523
-3.24309 -10.6295 -1.85435
-3.26985 -10.7244 -1.83707
-3.29473 -10.819 -1.81901
-3.31759 -10.9125 -1.80182
-3.33786 -11.0037 -1.77729
-3.35634 -11.0969 -1.75595
-3.3732 -11.191 -1.74014
-3.38824 -11.2847 -1.71985
-3.40103 -11.378 -1.69427
-3.41246 -11.4767 -1.67768
-3.42139 -11.5678 -1.65955
-3.42902 -11.6649 -1.63873
-3.4352 -11.7617 -1.63044
-3.44114 -11.8554 -1.63774
-3.44771 -11.9491 -1.6439
-3.45557 -12.044 -1.66304
-3.46557 -12.1374 -1.69161
-3.47814 -12.2311 -1.7168
-3.49273 -12.3246 -1.73438
-3.50898 -12.4164 -1.75776
-3.52665 -12.5066 -1.77059
-3.54472 -12.5962 -1.76924
-3.56324 -12.6907 -1.75923
-3.57981 -12.7825 -1.73963
-3.59396 -12.8742 -1.70792
-3.60452 -12.965 -1.6654
-3.61128 -13.054 -1.62791
-3.61426 -13.1395 -1.58324
-3.61332 -13.2271 -1.53684
-3.6089 -13.3133 -1.50238
-3.60235 -13.3956 -1.48038
-3.59426 -13.4774 -1.464
-3.58298 -13.5792 -1.45692
-3.57468 -13.6536 -1.46227
-3.56778 -13.723 -1.48121
-3.56237 -13.792 -1.50396
-3.55894 -13.8568 -1.53199
-3.55787 -13.9172 -1.57396
-3.55996 -13.9714 -1.645
-3.56582 -14.0216 -1.72911
-3.57457 -14.0614 -1.84517
-3.58626 -14.0941 -1.98277
-3.60059 -14.121 -2.13759
-3.61697 -14.1427 -2.29639
-3.63635 -14.161 -2.47103
-3.65471 -14.1735 -2.61722
-3.67483 -14.1833 -2.76428
-3.69678 -14.1902 -2.90978
-3.7197 -14.1939 -3.05173
-3.74359 -14.1944 3.09011
-3.76757 -14.1915 2.95577
-3.79256 -14.1851 2.82351
-3.82711 -14.1703 2.65262
-3.85402 -14.1537 2.52254
-3.88029 -14.1323 2.39332
-3.90538 -14.1058 2.26637
-3.92845 -14.0746 2.14746
-3.94971 -14.0376 2.03703
-3.96849 -13.995 1.93509
-3.98406 -13.9484 1.85245
-3.99729 -13.8958 1.78175
-4.00745 -13.841 1.72654
-4.01491 -13.7847 1.67825
-4.01978 -13.7267 1.63091
-4.02195 -13.6693 1.58643
-4.02164 -13.6099 1.5448
-4.01896 -13.5506 1.50629
-4.01399 -13.4897 1.47262
-4.00708 -13.4276 1.44709
-3.99898 -13.365 1.43747
-3.99085 -13.3031 1.44282
-3.98255 -13.2351 1.4557
-3.97488 -13.1639 1.47153
-3.96802 -13.0898 1.48538
-3.96191 -13.0145 1.4943
-3.95618 -12.9368 1.50003
-3.95064 -12.8555 1.50551
-3.94529 -12.7718 1.5084
-3.94003 -12.6876 1.50843
-3.93457 -12.6029 1.5044
-3.92832 -12.5147 1.4958
-3.92116 -12.427 1.48261
-3.91228 -12.3357 1.4652
-3.90169 -12.2446 1.44493
-3.88909 -12.1524 1.42483
-3.87483 -12.0615 1.40586
-3.85877 -11.9707 1.38551
-3.84087 -11.8799 1.36679
-3.82103 -11.7867 1.35509
-3.80108 -11.6972 1.34832
-3.78063 -11.6073 1.34578
-3.75998 -11.5136 1.36201
-3.74279 -11.4259 1.39207
-3.72749 -11.331 1.42993
-3.71323 -11.2035 1.48897
-3.70758 -11.1111 1.53054
-3.70561 -11.0182 1.56857
-3.70714 -10.9214 1.6047
-3.71177 -10.8233 1.63115
-3.71875 -10.7256 1.65318
-3.72764 -10.6244 1.66373
-3.73666 -10.522 1.6536
-3.74401 -10.4253 1.63957
-3.7501 -10.3171 1.6145
-3.75299 -10.2067 1.57949
-3.75196 -10.1002 1.54273
-3.7468 -9.99282 1.50287
-3.73762 -9.88771 1.46456
-3.72447 -9.78201 1.42936
-3.70819 -9.67803 1.4016
-3.68912 -9.57073 1.38821
-3.66906 -9.46549 1.37671
-3.6484 -9.36091 1.37473
-3.62829 -9.25713 1.38415
-3.60948 -9.15401 1.39652
-3.59214 -9.05043 1.41339
-3.57732 -8.94956 1.43656
-3.56413 -8.84514 1.4536
-3.55238 -8.73921 1.46709
-3.54228 -8.63756 1.47643
-3.5326 -8.53226 1.48188
-3.52311 -8.42477 1.48353
-3.51382 -8.3184 1.48388
-3.50449 -8.21403 1.47947
-3.49407 -8.10636 1.46918
-3.4822 -7.99849 1.45319
-3.46853 -7.89278 1.43114
-3.45226 -7.78646 1.40667
-3.43374 -7.68145 1.38584
-3.41264 -7.57641 1.35929
-3.38851 -7.47031 1.33508
-3.3614 -7.3632 1.31062
-3.33127 -7.25632 1.2814
-3.2979 -7.14867 1.25911
-3.26313 -7.04384 1.24191
-3.22536 -6.93735 1.21798
-3.18548 -6.83167 1.202
-3.14368 -6.72601 1.18611
-3.09954 -6.62052 1.16295
-3.05486 -6.51767 1.15899
-3.009 -6.41422 1.14811
-2.96235 -6.31205 1.13672
-2.91547 -6.21089 1.13699
-2.87013 -6.11361 1.13224
-2.82471 -6.01632 1.13597
-2.78057 -5.91883 1.15526
-2.73837 -5.82089 1.17265
-2.69825 -5.72286 1.19202
-2.66076 -5.62546 1.21459
-2.62586 -5.52887 1.2337
-2.59283 -5.43149 1.25385
-2.56316 -5.33596 1.28549
-2.53684 -5.24116 1.31445
-2.51297 -5.14354 1.34747
-2.49291 -5.0461 1.38811
-2.47773 -4.95327 1.42925
-2.46642 -4.85858 1.47454
-2.45963 -4.76486 1.52252
-2.45746 -4.67601 1.57013
-2.45988 -4.58345 1.62372
-2.46707 -4.49284 1.67627
-2.47853 -4.40429 1.72276
-2.49395 -4.31872 1.77556
-2.51417 -4.23358 1.83225
-2.54029 -4.14596 1.88878
-2.57028 -4.06242 1.9421
-2.60518 -3.98074 2.0071
-2.6439 -3.90405 2.06958
-2.68779 -3.82917 2.13241
-2.73678 -3.75675 2.19862
-2.78982 -3.68851 2.26448
-2.84575 -3.62537 2.32704
-2.90565 -3.56563 2.38779
-2.96918 -3.5091 2.44119
-3.03453 -3.45678 2.49173
-3.1043 -3.40686 2.54937
-3.18036 -3.35901 2.61074
-3.25718 -3.31622 2.65602
-3.33732 -3.27618 2.70043
-3.41785 -3.24021 2.74259
-3.49765 -3.2079 2.77118
-3.57931 -3.1773 2.795
-3.66289 -3.14838 2.82203
-3.74256 -3.12338 2.85294
-3.82688 -3.09999 2.88905
-3.91093 -3.08012 2.92974
-3.9962 -3.06343 2.96706
-4.08125 -3.04976 2.99719
-4.16753 -3.0383 3.02206
-4.25584 -3.02848 3.03966
-4.34245 -3.02006 3.04956
-4.42641 -3.01268 3.05825
-4.51558 -3.00566 3.06781
-4.60565 -2.99903 3.06846
-4.69423 -2.99226 3.06211
-4.78328 -2.98471 3.05195
-4.87434 -2.97555 3.0309
-4.966 -2.96363 2.99351
-5.05471 -2.94814 2.94392
-5.14473 -2.92691 2.876
-5.23344 -2.89885 2.7945
-5.31804 -2.86355 2.6982
-5.39793 -2.81999 2.5866
-5.47239 -2.76743 2.46722
-5.53698 -2.70913 2.34739
-5.59302 -2.64357 2.20879
-5.63655 -2.57486 2.06231
-5.66741 -2.50427 1.90346
-5.68548 -2.43119 1.72289
-5.68961 -2.35911 1.53332
-5.67977 -2.28872 1.33042
-5.65607 -2.2231 1.11784
-5.61994 -2.1653 0.906551
-5.57278 -2.1164 0.70045
-5.51296 -2.07563 0.496174
-5.44751 -2.04693 0.330125
-5.37497 -2.02804 0.179393
-5.29918 -2.01915 0.0540918
-5.22204 -2.01898 -0.0495006
-5.14012 -2.02675 -0.139848
-5.05836 -2.0406 -0.195686
-4.97677 -2.05856 -0.237684
-4.89483 -2.08026 -0.280112
-4.81314 -2.10561 -0.321673
-4.73448 -2.13313 -0.351305
-4.65134 -2.16489 -0.378501
-4.56967 -2.19862 -0.404747
-4.48858 -2.23413 -0.420787
-4.40633 -2.27156 -0.433536
-4.32278 -2.3111 -0.450346
-4.24464 -2.3494 -0.461201
-4.16241 -2.39058 -0.467287
-4.08015 -2.43286 -0.482279
-3.99809 -2.47698 -0.504449
-3.91645 -2.52325 -0.526703
-3.83486 -2.57197 -0.549992
-3.75296 -2.62362 -0.575266
-3.67276 -2.67703 -0.599676
-3.59235 -2.73355 -0.625811
-3.51201 -2.7933 -0.653066
-3.43508 -2.85382 -0.67998
-3.36249 -2.91446 -0.712006
-3.28571 -2.98304 -0.746086
-3.21487 -3.05051 -0.776027
-3.1474 -3.11882 -0.807011
-3.08236 -3.18837 -0.830819
-3.0207 -3.2561 -0.833792
-2.95913 -3.3232 -0.822842
-2.89741 -3.38778 -0.793216
-2.83313 -3.44913 -0.730986
-2.76605 -3.50439 -0.647225
-2.69578 -3.55247 -0.552744
-2.61922 -3.59418 -0.445113
-2.54039 -3.62686 -0.340772
-2.45945 -3.6505 -0.227528
-2.37816 -3.66403 -0.102437
-2.2976 -3.66711 0.0261934
-2.22092 -3.66034 0.149887
-2.14099 -3.64272 0.284056
-2.06926 -3.617 0.404459
-2.00238 -3.58349 0.524602
-1.94144 -3.54305 0.646986
-1.88741 -3.4969 0.766946
-1.84149 -3.44737 0.879371
-1.79921 -3.38967 0.997515
-1.76549 -3.33046 1.10865
-1.73979 -3.27113 1.21544
-1.72059 -3.20856 1.3308
-1.70916 -3.14609 1.44884
-1.70517 -3.08319 1.56593
-1.70842 -3.02166 1.68119
-1.71855 -2.96213 1.79749
-1.73525 -2.905 1.91284
-1.75865 -2.84955 2.02758
-1.78715 -2.79888 2.13877
-1.82227 -2.75024 2.25334
-1.86113 -2.70747 2.3635
-1.90328 -2.67021 2.47183
-1.9487 -2.63811 2.58077
-1.998 -2.61084 2.69187
-2.04994 -2.58912 2.79916
-2.10175 -2.57353 2.89953
-2.15547 -2.56313 3.00129
-2.20969 -2.55823 3.10149
-2.26371 -2.55863 -3.08651
-2.31677 -2.56379 -3.00301
-2.37 -2.57324 -2.92876
-2.42319 -2.58647 -2.8667
-2.47674 -2.60291 -2.82081
-2.531 -2.62165 -2.7974
-2.58639 -2.64154 -2.79622
-2.64909 -2.66349 -2.81335
-2.7137 -2.6845 -2.84103
-2.77798 -2.70331 -2.87287
-2.8493 -2.72144 -2.91255
-2.92607 -2.73751 -2.95794
-3.00445 -2.7505 -2.99675
-3.08581 -2.76104 -3.02872
-3.17142 -2.76916 -3.06526
-3.26017 -2.77437 -3.10067
-3.35098 -2.77705 -3.12354
-3.44268 -2.77773 3.13834
-3.5407 -2.77618 3.11315
-3.63641 -2.77246 3.09237
-3.73429 -2.76645 3.06814
-3.83383 -2.75743 3.0344
-3.93249 -2.74487 2.99555
-4.02946 -2.72874 2.95792
-4.12967 -2.70818 2.92055
-4.22516 -2.68515 2.88931
-4.32142 -2.65881 2.85972
-4.41794 -2.62964 2.83636
-4.51226 -2.59907 2.82017
-4.60897 -2.56607 2.80529
-4.73835 -2.52077 2.80424
-4.83626 -2.48663 2.80805
-4.93499 -2.45257 2.81073
-5.03391 -2.41904 2.81886
-5.13366 -2.38606 2.82569
-5.23234 -2.35392 2.82785
-5.33319 -2.32135 2.83053
-5.42933 -2.29078 2.83692
-5.52586 -2.26029 2.83423
-5.62386 -2.22911 2.83302
-5.72218 -2.1976 2.82981
-5.81679 -2.16652 2.81864
-5.9112 -2.13443 2.80929
-6.00196 -2.10287 2.8046
-6.09278 -2.07042 2.79212
-6.18399 -2.03635 2.77619
-6.27304 -2.00154 2.76155
-6.36045 -1.9656 2.74163
-6.44717 -1.92759 2.71523
-6.52886 -1.8898 2.70136
-6.60995 -1.85088 2.68688
-6.68978 -1.8108 2.66582
-6.79266 -1.7566 2.64751
-6.86655 -1.71677 2.64703
-6.93838 -1.67838 2.65458
-7.00624 -1.64334 2.6751
-7.07875 -1.60894 2.72208
-7.14871 -1.57998 2.77615
-7.21761 -1.55541 2.82217
-7.28688 -1.53415 2.86525
-7.35636 -1.51569 2.89872
-7.42873 -1.49856 2.91958
-7.50219 -1.48238 2.92997
-7.57963 -1.46586 2.93302
-7.65993 -1.44894 2.93469
-7.73579 -1.43314 2.93774
-7.80516 -1.41882 2.93826
-7.87365 -1.40463 2.93653
-7.94115 -1.39052 2.93454
-8.00475 -1.37713 2.93357
-8.0647 -1.36444 2.93234
-8.1224 -1.35211 2.92989
-8.17864 -1.33995 2.92727
-8.23455 -1.32773 2.92568
-8.28831 -1.31591 2.92469
-8.33795 -1.30497 2.92464
-8.38626 -1.29431 2.92433
-8.43201 -1.28417 2.92237
-8.47894 -1.27359 2.91739
-8.5254 -1.26279 2.90912
-8.57245 -1.25154 2.90465
-8.61946 -1.24022 2.90607
-8.6648 -1.22952 2.91328
-8.71365 -1.21854 2.92776
-8.7635 -1.2082 2.94639
-8.81572 -1.19852 2.97022
-8.86938 -1.1901 3.00158
-8.92401 -1.18352 3.04193
-8.97654 -1.17953 3.0898
-9.03114 -1.17816 -3.14015
-9.08724 -1.17962 -3.09088
-9.14364 -1.18356 -3.05269
-9.20433 -1.1898 -3.02573
-9.26306 -1.19705 -3.01183
-9.32406 -1.20542 -2.99862
-9.38407 -1.21451 -2.98377
-9.44369 -1.2244 -2.97082
-9.50375 -1.23499 -2.96314
-9.56345 -1.2457 -2.96507
-9.62395 -1.25623 -2.97348
-9.68489 -1.2663 -2.98223
-9.74644 -1.27597 -2.98917
-9.8075 -1.28499 -3.00069
-9.86668 -1.29291 -3.01637
-9.9259 -1.29984 -3.03404
-9.98317 -1.30571 -3.0448
-10.0414 -1.31128 -3.04785
-10.1009 -1.31689 -3.04701
-10.1607 -1.3223 -3.05586
-10.2201 -1.32671 -3.07906
-10.279 -1.32961 -3.1059
-10.3389 -1.33086 -3.13524
-10.3999 -1.33034 3.11817
-10.4621 -1.32784 3.08459
-10.5234 -1.32325 3.04894
-10.5823 -1.31675 3.01475
-10.6406 -1.30833 2.98151
-10.6972 -1.29826 2.94922
-10.7529 -1.2865 2.9178
-10.8082 -1.27335 2.89856
-10.8818 -1.25516 2.90005
-10.9395 -1.24175 2.92623
-11.0014 -1.22959 2.9692
-11.0702 -1.21943 3.02065
-11.1418 -1.21251 3.06996
-11.2148 -1.20888 3.1139
-11.2906 -1.20836 -3.1275
-11.373 -1.21094 -3.09313
-11.4558 -1.21573 -3.07459
-11.5375 -1.22176 -3.06107
-11.6236 -1.22931 -3.04737
-11.7109 -1.23763 -3.04559
-11.7985 -1.24562 -3.05575
-11.8867 -1.25297 -3.06107
-11.9754 -1.26005 -3.06293
-12.0643 -1.26689 -3.0666
-12.1532 -1.27348 -3.06871
-12.2393 -1.28024 -3.05777
-12.3278 -1.28802 -3.05003
-12.415 -1.296 -3.05076
-12.4986 -1.30368 -3.04909
-12.585 -1.312 -3.04221
-12.6702 -1.32059 -3.03992
-12.7513 -1.32882 -3.04093
-12.8326 -1.33728 -3.03485
-12.9141 -1.3463 -3.0279
-12.9961 -1.35556 -3.03055
-13.0761 -1.364 -3.04237
-13.1541 -1.37134 -3.05325
-13.2318 -1.37757 -3.06975
-13.3088 -1.38197 -3.09931
-13.3846 -1.38378 -3.13605
-13.4583 -1.38303 3.11558
-13.5321 -1.38025 3.09223
-13.6072 -1.37564 3.06855
-13.7075 -1.36655 3.03386
-13.7533 -1.36123 3.01806
-13.8262 -1.35133 2.99515
-13.9015 -1.33936 2.97268
-13.9765 -1.32599 2.95799
-14.0515 -1.31165 2.94728
-14.1535 -1.29068 2.93024
-14.2319 -1.27321 2.9141
-14.3097 -1.25447 2.89683
-14.387 -1.23429 2.87557
-14.4662 -1.21175 2.85338
-14.5477 -1.18679 2.83491
-14.6277 -1.16105 2.8256
-14.7081 -1.1342 2.81284
-14.7924 -1.10486 2.80069
-14.8785 -1.07407 2.79547
-14.9658 -1.04236 2.79155
-15.0544 -1.00959 2.78253
-15.1435 -0.976044 2.78112
-15.2324 -0.942664 2.78352
-15.3207 -0.909612 2.78289
-15.4125 -0.87538 2.7865
-15.5009 -0.843604 2.80654
-15.5981 -0.811031 2.82997
-15.6951 -0.781532 2.86317
-15.7918 -0.756061 2.90467
-15.8884 -0.734762 2.94453
-15.9872 -0.716848 2.97981
-16.0865 -0.702131 3.0092
-16.1853 -0.68994 3.02839
-16.2862 -0.678926 3.03746
-16.3905 -0.667816 3.03331
-16.4958 -0.655841 3.02345
-16.5999 -0.64258 3.00641
-16.7052 -0.62715 2.98566
-16.8064 -0.61019 2.96542
-16.9085 -0.590944 2.94526
-17.0078 -0.570268 2.92744
-17.1065 -0.547868 2.90927
-17.2011 -0.524227 2.88408
-17.3004 -0.496531 2.85519
-17.397 -0.466345 2.82232
-17.4927 -0.432678 2.78417
-17.619 -0.38259 2.7442
-17.7114 -0.342287 2.71643
-17.8023 -0.299389 2.68459
-17.8906 -0.254801 2.66304
-17.9759 -0.209816 2.64979
-18.0609 -0.163554 2.63628
-18.1444 -0.117631 2.64136
-18.2277 -0.0729178 2.65673
-18.3122 -0.0289327 2.66665
-18.3971 0.0143531 2.67363
-18.483 0.0572572 2.68312
-18.5703 0.100216 2.685
-18.657 0.142994 2.68161
-18.7437 0.185605 2.68808
-18.8304 0.227433 2.69636
-18.9169 0.26854 2.69954
-19.0029 0.308789 2.70825
-19.0946 0.350501 2.72112
-19.1842 0.390107 2.72932
-19.276 0.429668 2.74012
-19.3694 0.468172 2.76139
-19.4952 0.517971 2.76778
-19.5913 0.555314 2.77408
-19.6879 0.592217 2.77962
-19.785 0.628829 2.78195
-19.8828 0.665056 2.79224
-19.9796 0.699582 2.80538
-20.0764 0.732962 2.81385
-20.176 0.766431 2.82086
-20.2738 0.798408 2.8301
-20.3724 0.830312 2.82742
-20.4721 0.862531 2.83045
-20.5717 0.894042 2.84022
-20.6722 0.924728 2.85025
-20.7744 0.954404 2.86764
-20.9111 0.990117 2.9044
-21.0153 1.01348 2.93779
-21.1217 1.03309 2.98087
-21.2273 1.04792 3.02325
-21.3374 1.05875 3.06391
-21.4463 1.06559 3.09376
-21.5577 1.06932 3.12249
-21.6711 1.06963 -3.1279
-21.786 1.0662 -3.09561
-21.8969 1.05848 -3.04863
-22.0097 1.04491 -2.99508
-22.1205 1.02562 -2.94317
-22.2295 1.00003 -2.87915
-22.3364 0.967594 -2.81453
-22.4433 0.927829 -2.7563
-22.5457 0.882461 -2.69306
-22.6438 0.83159 -2.63363
-22.742 0.772854 -2.57108
-22.8348 0.709096 -2.50775
-22.9226 0.639833 -2.44036
-23.0073 0.563009 -2.36856
-23.0845 0.482146 -2.29771
-23.1545 0.396748 -2.21717
-23.2178 0.306444 -2.14728
-23.275 0.212515 -2.08889
-23.327 0.115773 -2.03872
-23.3752 0.0175518 -2.01466
-23.4221 -0.0832162 -1.99813
-23.4673 -0.184356 -1.98549
-23.5113 -0.284815 -1.98132
-23.5557 -0.387565 -1.97534
-23.598 -0.487985 -1.96452
-23.6377 -0.584833 -1.95526
-23.678 -0.686249 -1.94245
-23.7158 -0.785163 -1.92896
-23.7523 -0.884304 -1.91745
-23.7879 -0.985101 -1.90465
-23.8218 -1.08461 -1.89323
-23.8548 -1.18491 -1.88302
-23.8872 -1.28709 -1.87411
-23.9176 -1.38534 -1.8672
-23.959 -1.522 -1.86295
-23.9896 -1.62327 -1.86399
-24.0196 -1.722 -1.8678
-24.0503 -1.82142 -1.87256
-24.0808 -1.91975 -1.8723
-24.1085 -2.00901 -1.87103
-24.1396 -2.10914 -1.87207
-24.1719 -2.21245 -1.87647
-24.2039 -2.3123 -1.88365
-24.2368 -2.41288 -1.89143
-24.27 -2.51257 -1.89299
-24.3032 -2.61284 -1.88858
-24.3361 -2.71446 -1.87923
-24.3684 -2.81783 -1.86789
-24.3988 -2.91926 -1.85466
-24.428 -3.02287 -1.83796
-24.4561 -3.12832 -1.82316
-24.4826 -3.23409 -1.80966
-24.5088 -3.34409 -1.79917
-24.5341 -3.45488 -1.79232
-24.5581 -3.56505 -1.77872
-24.5805 -3.67783 -1.75482
-24.5995 -3.78979 -1.72246
-24.6143 -3.90448 -1.67659
-24.626 -4.05748 -1.6168
-24.6284 -4.1725 -1.56739
-24.6252 -4.28713 -1.51824
-24.6167 -4.40126 -1.47428
-24.6023 -4.51767 -1.42098
-24.5818 -4.63077 -1.36197
-24.5544 -4.74391 -1.30399
-24.5198 -4.85507 -1.2346
-24.4779 -4.96243 -1.16262
-24.4285 -5.06629 -1.09185
-24.3731 -5.16455 -1.02316
-24.3119 -5.25725 -0.95041
-24.2443 -5.34607 -0.890286
-24.1722 -5.43094 -0.84227
-24.0963 -5.51194 -0.794169
-24.0169 -5.58967 -0.754803
-23.9345 -5.66429 -0.717339
-23.8494 -5.7348 -0.666557
-23.7615 -5.80089 -0.622437
-23.6697 -5.86336 -0.572692
-23.5764 -5.92011 -0.520876
-23.4811 -5.97175 -0.471656
-23.3814 -6.01955 -0.422778
-23.2818 -6.06167 -0.377365
-23.1795 -6.09973 -0.335149
-23.0756 -6.13404 -0.302446
-22.9725 -6.16477 -0.27684
-22.8696 -6.19249 -0.249938
-22.7605 -6.21931 -0.231844
-22.6563 -6.2431 -0.21705
-22.5523 -6.26527 -0.202949
-22.4475 -6.28698 -0.205625
-22.3445 -6.30867 -0.209516
-22.2385 -6.33139 -0.212621
-22.1332 -6.35463 -0.222041
-22.0304 -6.37803 -0.225585
-21.9259 -6.40203 -0.225666
-21.8198 -6.42665 -0.230759
-21.7149 -6.45151 -0.234297
-21.6064 -6.47709 -0.229178
-21.499 -6.50207 -0.227608
-21.3855 -6.528 -0.221698
-21.272 -6.55305 -0.212503
-21.1577 -6.5782 -0.220862
-21.0451 -6.60335 -0.218587
-20.933 -6.62828 -0.218995
-20.8224 -6.6532 -0.224423
-20.7152 -6.67745 -0.220345
-20.6057 -6.70215 -0.223354
-20.5019 -6.72606 -0.22949
-20.3986 -6.75021 -0.230006
-20.2971 -6.77415 -0.232948
-20.1977 -6.79774 -0.233215
-20.1001 -6.82073 -0.229594
-20.0065 -6.84273 -0.23221
-19.9168 -6.86424 -0.238295
-19.829 -6.88556 -0.238331
-19.7442 -6.90617 -0.238201
-19.6587 -6.92711 -0.242221
-19.5766 -6.94746 -0.243569
-19.4943 -6.96772 -0.239208
-19.4115 -6.98793 -0.240035
-19.3306 -7.00798 -0.245537
-19.2515 -7.02791 -0.248362
-19.1728 -7.04783 -0.247556
-19.0959 -7.06731 -0.248484
-19.0219 -7.08624 -0.25236
-18.9517 -7.10436 -0.252526
-18.8586 -7.1282 -0.248829
-18.7907 -7.14553 -0.250991
-18.7241 -7.16283 -0.257393
-18.6573 -7.18052 -0.260336
-18.5934 -7.1975 -0.259394
-18.5169 -7.21775 -0.258074
-18.4397 -7.23838 -0.264363
-18.3598 -7.26024 -0.269693
-18.2759 -7.28354 -0.272245
-18.1887 -7.30813 -0.277383
-18.0993 -7.33416 -0.289261
-18.0091 -7.36122 -0.293785
-17.9144 -7.38993 -0.294404
-17.8209 -7.41853 -0.299179
-17.7291 -7.44698 -0.302314
-17.636 -7.47608 -0.303456
-17.5435 -7.50546 -0.311606
-17.4453 -7.5375 -0.319307
-17.3473 -7.57013 -0.323029
-17.2481 -7.60355 -0.327268
-17.1476 -7.63794 -0.331848
-17.0458 -7.6731 -0.333831
-16.9445 -7.70882 -0.34351
-16.8414 -7.74638 -0.355347
-16.7383 -7.78528 -0.36675
-16.6356 -7.82542 -0.37798
-16.5344 -7.86607 -0.386186
-16.4289 -7.90954 -0.395676
-16.3251 -7.95359 -0.406987
-16.2182 -8.00038 -0.418114
-16.1115 -8.04833 -0.426041
-16.0066 -8.09607 -0.428783
-15.9033 -8.14316 -0.425907
-15.7977 -8.19087 -0.423026
-15.6949 -8.23708 -0.421969
-15.5911 -8.28365 -0.421514
-15.4866 -8.33043 -0.42028
-15.3844 -8.37598 -0.418446
-15.279 -8.42273 -0.416431
-15.1749 -8.46861 -0.413988
-15.037 -8.52865 -0.407215
-14.9304 -8.57361 -0.391016
-14.8226 -8.61668 -0.368761
-14.7164 -8.6563 -0.345562
-14.6047 -8.69528 -0.325896
-14.4916 -8.7323 -0.306921
-14.3788 -8.76693 -0.288813
-14.2655 -8.79991 -0.277623
-14.1131 -8.84156 -0.255871
-13.9985 -8.87114 -0.24961
-13.8852 -8.89953 -0.241365
-13.7687 -8.92757 -0.230949
-13.6544 -8.95404 -0.224
-13.5411 -8.97885 -0.207194
-13.4287 -9.0015 -0.190651
-13.3137 -9.02275 -0.174707
-13.1974 -9.04165 -0.147605
-13.0837 -9.05758 -0.130716
-12.9658 -9.07189 -0.111049
-12.8521 -9.08355 -0.0932964
-12.7385 -9.09368 -0.0845385
-12.6171 -9.10288 -0.0666804
-12.4971 -9.10945 -0.0427727
-12.3769 -9.1131 -0.0178263
-12.2566 -9.11294 0.0205248
-12.1443 -9.10871 0.0547054
-12.0201 -9.09948 0.0935868
-11.8931 -9.08437 0.1432
-11.7729 -9.06437 0.186744
-11.6517 -9.0381 0.240153
-11.5353 -9.00612 0.296063
-11.4156 -8.96554 0.357522
-11.297 -8.91663 0.424693
-11.1831 -8.85976 0.501634
-11.0762 -8.79629 0.570006
-10.9732 -8.72452 0.647635
-10.8796 -8.6479 0.724042
-10.784 -8.5576 0.789146
-10.6967 -8.46312 0.860642
-10.6166 -8.36391 0.922881
-10.5422 -8.25822 0.992389
-10.4784 -8.15195 1.0669
-10.4215 -8.03774 1.15111
-10.3746 -7.91952 1.23497
-10.3402 -7.80219 1.3362
-10.3181 -7.68129 1.44323
-10.3099 -7.55953 1.56461
-10.3166 -7.44543 1.69419
-10.3403 -7.32981 1.85189
-10.3796 -7.22693 2.01908
-10.4355 -7.13422 2.20763
-10.5032 -7.06018 2.41536
-10.5804 -7.00584 2.64158
-10.6668 -6.97171 2.88881
-10.7544 -6.96067 -3.13963
-10.8363 -6.97104 -2.89182
-10.9092 -6.99871 -2.66529
-10.9724 -7.04026 -2.45563
-11.0238 -7.09094 -2.26994
-11.0683 -7.15351 -2.1088
-11.1032 -7.22169 -1.97871
-11.1379 -7.31819 -1.85426
-11.1585 -7.39607 -1.80407
-11.1761 -7.47463 -1.77828
-11.1937 -7.55984 -1.77019
-11.2109 -7.64315 -1.77871
-11.2294 -7.72668 -1.79874
-11.2501 -7.81014 -1.8301
-11.2732 -7.8913 -1.86491
-11.2986 -7.9689 -1.90986
-11.3285 -8.04661 -1.96708
-11.3632 -8.12292 -2.02629
-11.4022 -8.19694 -2.08567
-11.4459 -8.26842 -2.15387
-11.4919 -8.33332 -2.22122
-11.5437 -8.3971 -2.28493
-11.5991 -8.45706 -2.34812
-11.6578 -8.51281 -2.41521
-11.7182 -8.56278 -2.48541
-11.7816 -8.60766 -2.56539
-11.8491 -8.64736 -2.65497
-11.9191 -8.68058 -2.7417
-11.9919 -8.70781 -2.82618
-12.0667 -8.72871 -2.91161
-12.1407 -8.74282 -2.99514
-12.2165 -8.75104 -3.07201
-12.2948 -8.75374 3.14097
-12.3761 -8.75131 3.08245
-12.4543 -8.74501 3.03983
-12.5301 -8.73613 3.01027
-12.6074 -8.72507 2.98858
-12.6863 -8.71236 2.97537
-12.766 -8.69868 2.96753
-12.8478 -8.6838 2.95606
-12.933 -8.66729 2.94425
-13.02 -8.64965 2.93911
-13.1042 -8.63221 2.93535
-13.1933 -8.61299 2.92268
-13.2836 -8.59233 2.91089
-13.3722 -8.57107 2.90134
-13.4591 -8.54918 2.8879
-13.5438 -8.52627 2.86736
-13.6262 -8.5026 2.85616
-13.7132 -8.47652 2.84479
-13.7985 -8.44959 2.82685
-13.8865 -8.42016 2.81056
-13.9737 -8.39014 2.80993
-14.0636 -8.35905 2.80722
-14.1572 -8.32676 2.81101
-14.2517 -8.29523 2.82856
-14.3471 -8.26514 2.84325
-14.444 -8.2357 2.85016
-14.5417 -8.20713 2.86407
-14.6388 -8.17982 2.8709
-14.7392 -8.15174 2.86692
-14.8386 -8.12352 2.86319
-14.9372 -8.09492 2.8548
-15.0344 -8.0648 2.82798
-15.1305 -8.03291 2.81387
-15.2293 -7.99866 2.80194
-15.331 -7.96169 2.7843
-15.4321 -7.9233 2.77281
-15.5319 -7.88421 2.76365
-15.6301 -7.84399 2.74212
-15.766 -7.78563 2.72977
-15.8696 -7.73978 2.72019
-15.9731 -7.69329 2.71865
-16.0784 -7.64673 2.732
-16.1835 -7.60164 2.74041
-16.2867 -7.55899 2.75885
-16.3997 -7.51524 2.7857
-16.507 -7.47629 2.80138
-16.6132 -7.44031 2.82838
-16.7183 -7.40733 2.84673
-16.8224 -7.37623 2.8559
-16.9277 -7.3459 2.86629
-17.0369 -7.31505 2.86597
-17.1403 -7.28526 2.85638
-17.2456 -7.25444 2.85742
-17.3497 -7.22376 2.8525
-17.453 -7.19279 2.84801
-17.556 -7.16173 2.84958
-17.659 -7.13053 2.84517
-17.7622 -7.09891 2.84354
-17.8645 -7.06792 2.85124
-17.9651 -7.03778 2.84986
-18.0683 -7.0066 2.84666
-18.1739 -6.97462 2.84806
-18.2753 -6.94355 2.84037
-18.3739 -6.91273 2.83734
-18.4726 -6.88198 2.84166
-18.5702 -6.85176 2.84122
-18.6667 -6.8219 2.84155
-18.7632 -6.79316 2.86256
-18.86 -6.76668 2.88685
-18.9568 -6.74343 2.92463
-19.0524 -6.72518 2.98144
-19.1507 -6.71277 3.05044
-19.2506 -6.70758 3.12904
-19.349 -6.71108 -3.05799
-19.4416 -6.72376 -2.9532
-19.5316 -6.74653 -2.83413
-19.6141 -6.77828 -2.71448
-19.6944 -6.82125 -2.58617
-19.7667 -6.87344 -2.44627
-19.8287 -6.93308 -2.30431
-19.8806 -6.99979 -2.16019
-19.922 -7.07232 -2.01875
-19.9533 -7.15121 -1.87826
-19.9733 -7.23503 -1.73128
-19.9806 -7.31826 -1.58517
-19.9757 -7.39984 -1.43742
-19.9588 -7.47936 -1.2857
-19.9313 -7.55307 -1.14046
-19.8917 -7.62484 -0.993408
-19.8425 -7.68937 -0.846094
-19.7861 -7.74499 -0.70977
-19.7222 -7.79291 -0.578114
-19.6283 -7.84394 -0.416986
-19.5479 -7.87442 -0.307801
-19.4628 -7.89688 -0.20847
-19.3752 -7.91164 -0.125483
-19.2877 -7.91955 -0.0546924
-19.1991 -7.92169 0.00641283
-19.1115 -7.91935 0.0468457
-19.021 -7.91392 0.072929
-18.9296 -7.90595 0.101178
-18.8387 -7.8955 0.127782
-18.748 -7.88299 0.146344
-18.6568 -7.86882 0.161794
-18.5611 -7.85223 0.181666
-18.4663 -7.83448 0.188305
-18.3701 -7.81627 0.186125
-18.2738 -7.79822 0.184638
-18.1778 -7.78077 0.17476
-18.0809 -7.76488 0.150441
-17.9827 -7.75106 0.129238
-17.8847 -7.73977 0.0999901
-17.7886 -7.73203 0.0607049
-17.693 -7.72797 0.0241851
-17.601 -7.72712 -0.00568484
-17.5066 -7.7295 -0.0446294
-17.4169 -7.7353 -0.0844496
-17.327 -7.7446 -0.121761
-17.2373 -7.75743 -0.162445
-17.1506 -7.77356 -0.20547
-17.0626 -7.7937 -0.244684
-16.9735 -7.81773 -0.281904
-16.8843 -7.84521 -0.316095
-16.7965 -7.87549 -0.347518
-16.7093 -7.90856 -0.377558
-16.6225 -7.94401 -0.397996
-16.531 -7.98302 -0.408474
-16.439 -8.02341 -0.41895
-16.3456 -8.06546 -0.426394
-16.2523 -8.10784 -0.426486
-16.1585 -8.15091 -0.43462
-16.0665 -8.19401 -0.441547
-15.9719 -8.23898 -0.446218
-15.8479 -8.2996 -0.463
-15.7547 -8.3467 -0.47312
-15.6624 -8.39435 -0.479523
-15.5699 -8.44292 -0.487307
-15.4764 -8.49244 -0.487046
-15.3833 -8.5408 -0.471305
-15.2899 -8.58772 -0.459803
-15.1939 -8.63392 -0.437572
-15.098 -8.67726 -0.410588
-14.9993 -8.71887 -0.38749
-14.8972 -8.75894 -0.360754
-14.7958 -8.79554 -0.33212
-14.6932 -8.82989 -0.31395
-14.5884 -8.86313 -0.300446
-14.4806 -8.89611 -0.293248
-14.3355 -8.93958 -0.288981
-14.2288 -8.97093 -0.28222
-14.1225 -9.00119 -0.272606
-14.014 -9.03068 -0.258144
-13.9076 -9.05788 -0.242564
-13.7962 -9.0843 -0.223167
-13.6849 -9.10835 -0.202475
-13.5747 -9.12964 -0.179192
-13.462 -9.14838 -0.150282
-13.3467 -9.16425 -0.12327
-13.2298 -9.17714 -0.096428
-13.1099 -9.18673 -0.0631792
-12.9914 -9.19264 -0.0364212
-12.8761 -9.1947 0.000620694
-12.7559 -9.19236 0.0383665
-12.6406 -9.18606 0.0709119
-12.5164 -9.17404 0.121815
-12.3954 -9.1568 0.161468
-12.2752 -9.13418 0.210549
-12.1595 -9.10618 0.264465
-12.0395 -9.0704 0.314677
-11.9217 -9.02806 0.375786
-11.8078 -8.979 0.437239
-11.6952 -8.92167 0.504924
-11.5899 -8.85855 0.575022
-11.4892 -8.78765 0.651608
-11.3941 -8.71016 0.715911
-11.3023 -8.62473 0.783594
-11.2171 -8.53416 0.847641
-11.1382 -8.44005 0.899404
-11.0647 -8.34237 0.951512
-10.9947 -8.2401 0.990045
-10.9288 -8.13597 1.02226
-10.8653 -8.0281 1.0557
-10.8061 -7.91996 1.08463
-10.7512 -7.8118 1.11736
-10.7017 -7.70545 1.15259
-10.656 -7.59762 1.18678
-10.613 -7.48581 1.22133
-10.5762 -7.3791 1.25473
-10.5417 -7.26806 1.28443
-10.511 -7.15821 1.31212
-10.4839 -7.04985 1.34008
-10.4581 -6.93593 1.35688
-10.4347 -6.82445 1.37066
-10.4128 -6.71202 1.38651
-10.3924 -6.59975 1.39492
-10.3735 -6.48907 1.40878
-10.3568 -6.38141 1.42496
-10.3408 -6.27076 1.42939
-10.3261 -6.1628 1.44194
-10.3126 -6.05441 1.45129
-10.2999 -5.94583 1.45735
-10.2886 -5.8372 1.47648
-10.2793 -5.72851 1.49448
-10.2716 -5.61974 1.50539
-10.2655 -5.5115 1.52433
-10.2614 -5.40361 1.54181
-10.2588 -5.29635 1.55021
-10.258 -5.1933 1.57572
-10.2595 -5.08583 1.59414
-10.2627 -4.98055 1.60772
-10.2675 -4.87689 1.62709
-10.2739 -4.77605 1.64153
-10.2816 -4.67338 1.64913
-10.2903 -4.57532 1.66953
-10.3009 -4.47639 1.68543
-10.3122 -4.38186 1.69474
-10.3248 -4.28574 1.70787
-10.3383 -4.19253 1.7216
-10.3519 -4.10481 1.72683
-10.3664 -4.01507 1.73553
-10.3813 -3.92903 1.74976
-10.3969 -3.8456 1.76035
-10.413 -3.76315 1.7673
-10.4296 -3.68104 1.77261
-10.4455 -3.60386 1.77609
-10.4611 -3.5285 1.77438
-10.4758 -3.45378 1.75537
-10.4881 -3.38081 1.71923
-10.497 -3.30915 1.67097
-10.5016 -3.23867 1.59902
-10.5003 -3.16466 1.50718
-10.4924 -3.0918 1.41915
-10.4775 -3.01617 1.33311
-10.4559 -2.941 1.24933
-10.4278 -2.86694 1.16727
-10.3939 -2.79499 1.09266
-10.3524 -2.72206 1.01555
-10.3041 -2.65013 0.941992
-10.2495 -2.58017 0.87527
-10.1904 -2.51389 0.809848
-10.1255 -2.45048 0.737856
-10.0533 -2.38916 0.670459
-9.97661 -2.33267 0.598824
-9.89559 -2.28198 0.519321
-9.81153 -2.23841 0.437047
-9.72147 -2.20109 0.348726
-9.63073 -2.17218 0.268098
-9.53628 -2.15027 0.187905
-9.44094 -2.1362 0.104945
-9.34666 -2.12964 0.0339999
-9.25208 -2.12929 -0.0265652
-9.1591 -2.13449 -0.0850589
-9.06688 -2.14471 -0.135683
-8.97589 -2.15911 -0.178266
-8.88594 -2.17713 -0.217217
-8.79778 -2.1981 -0.249771
-8.71155 -2.22143 -0.278782
-8.62573 -2.24677 -0.295339
-8.5423 -2.27216 -0.295642
-8.46257 -2.29608 -0.287134
-8.38472 -2.31858 -0.275604
-8.30726 -2.34 -0.264075
-8.23289 -2.35953 -0.249355
-8.15984 -2.37748 -0.232737
-8.08872 -2.39376 -0.217335
-8.01942 -2.40851 -0.202024
-7.95194 -2.42177 -0.186027
-7.88843 -2.43323 -0.171078
-7.82702 -2.44338 -0.156395
-7.76672 -2.45241 -0.140849
-7.68637 -2.46298 -0.120757
-7.6276 -2.46976 -0.109195
-7.57182 -2.47564 -0.10084
-7.51507 -2.48134 -0.0993149
-7.45717 -2.48735 -0.10756
-7.39788 -2.49444 -0.130504
-7.33517 -2.50387 -0.167969
-7.2722 -2.51574 -0.204653
-7.21195 -2.5294 -0.241344
-7.14861 -2.54632 -0.280533
-7.08357 -2.56644 -0.319542
-7.01747 -2.58958 -0.353877
-6.95222 -2.61471 -0.381293
-6.8863 -2.64213 -0.407148
-6.81914 -2.67186 -0.42634
-6.7509 -2.70321 -0.435062
-6.68194 -2.7351 -0.431155
-6.611 -2.76761 -0.428367
-6.5365 -2.80121 -0.419084
-6.4595 -2.8349 -0.40573
-6.37799 -2.86915 -0.389771
-6.29868 -2.90135 -0.381603
-6.21859 -2.93315 -0.374298
-6.13657 -2.96483 -0.362923
-6.0567 -2.99467 -0.352247
-5.97776 -3.02333 -0.344256
-5.89945 -3.05104 -0.335834
-5.82241 -3.07736 -0.322573
-5.74679 -3.10227 -0.313901
-5.66914 -3.12738 -0.31171
-5.59046 -3.15279 -0.312976
-5.51005 -3.179 -0.31735
-5.43015 -3.20563 -0.32605
-5.34937 -3.23351 -0.338552
-5.26752 -3.26261 -0.344737
-5.18623 -3.29167 -0.341756
-5.10735 -3.31943 -0.334976
-5.02615 -3.347 -0.319715
-4.94557 -3.37288 -0.301863
-4.8665 -3.39684 -0.28661
-4.78632 -3.42016 -0.279398
-4.70378 -3.44366 -0.27538
-4.61971 -3.46731 -0.273088
-4.53629 -3.49075 -0.274863
-4.44964 -3.5158 -0.287872
-4.36305 -3.5423 -0.306156
-4.27893 -3.56999 -0.329807
-4.19614 -3.60004 -0.366519
-4.11395 -3.63374 -0.411791
-4.00752 -3.68396 -0.469965
-3.93017 -3.72571 -0.519909
-3.85591 -3.7708 -0.571326
-3.78522 -3.81847 -0.615482
-3.71465 -3.87039 -0.65306
-3.64629 -3.92494 -0.693925
-3.58174 -3.98068 -0.730557
-3.52033 -4.03699 -0.753702
-3.45408 -4.09991 -0.765584
-3.39256 -4.15945 -0.77255
-3.32884 -4.22145 -0.770946
-3.26469 -4.28364 -0.768736
-3.19834 -4.34808 -0.772832
-3.13111 -4.41424 -0.782025
-3.06481 -4.48008 -0.781708
-2.99574 -4.54813 -0.774203
-2.924 -4.61761 -0.764529
-2.8525 -4.68461 -0.741368
-2.77933 -4.74953 -0.70999
-2.70378 -4.81292 -0.686222
-2.62667 -4.87388 -0.651817
-2.546 -4.93257 -0.606165
-2.4621 -4.98793 -0.560252
-2.37988 -5.03652 -0.507259
-2.28584 -5.08405 -0.428815
-2.19705 -5.12083 -0.356534
-2.10306 -5.15142 -0.27283
-2.00877 -5.17322 -0.181608
-1.91658 -5.1856 -0.0852911
-1.82258 -5.18865 0.0204545
-1.73189 -5.18208 0.124117
-1.64342 -5.16621 0.23089
-1.55912 -5.1409 0.352448
-1.48134 -5.10674 0.475122
-1.40914 -5.06353 0.603501
-1.34402 -5.01205 0.734561
-1.28662 -4.95273 0.869079
-1.23846 -4.88616 1.01985
-1.20237 -4.81558 1.1765
-1.17809 -4.74121 1.33401
-1.16584 -4.66379 1.4936
-1.16591 -4.58401 1.64973
-1.17805 -4.50548 1.7986
-1.2026 -4.42733 1.95171
-1.23823 -4.35418 2.09652
-1.2839 -4.28667 2.23466
-1.3394 -4.22481 2.36927
-1.40203 -4.17019 2.47966
-1.47359 -4.11982 2.577
-1.551 -4.07529 2.66197
-1.6314 -4.03692 2.73078
-1.71497 -4.00315 2.78436
-1.80102 -3.97287 2.82195
-1.89129 -3.94339 2.82997
-1.98187 -3.91418 2.82943
-2.07395 -3.88414 2.82301
-2.16752 -3.85268 2.8114
-2.26075 -3.82034 2.80412
-2.35345 -3.78815 2.8105
-2.44935 -3.75539 2.81447
-2.54406 -3.72392 2.82709
-2.63863 -3.6943 2.84904
-2.7335 -3.66667 2.86728
-2.82789 -3.64045 2.87409
-2.92169 -3.61543 2.88765
-3.01611 -3.59109 2.891
-3.11347 -3.56592 2.88615
-3.21221 -3.54022 2.88787
-3.31252 -3.51443 2.89185
-3.41061 -3.48921 2.88812
-3.51143 -3.46342 2.89417
-3.64468 -3.43018 2.90013
-3.74434 -3.4056 2.89944
-3.84465 -3.38147 2.91145
-3.94471 -3.3584 2.91871
-4.04487 -3.33587 2.92191
-4.14883 -3.31283 2.92511
-4.25526 -3.28918 2.92071
-4.36016 -3.26457 2.9016
-4.46469 -3.23841 2.89115
-4.56835 -3.21089 2.87308
-4.67078 -3.18166 2.85414
-4.7719 -3.15106 2.84134
-4.8713 -3.11947 2.82629
-4.96925 -3.08653 2.80813
-5.06446 -3.05287 2.79549
-5.16071 -3.01725 2.77862
-5.25476 -2.98069 2.76322
-5.34692 -2.94393 2.76078
-5.44081 -2.90659 2.76535
-5.53465 -2.87 2.77434
-5.62857 -2.83487 2.79292
-5.72743 -2.80004 2.81281
-5.82411 -2.76769 2.82457
-5.91993 -2.73672 2.83347
-6.01895 -2.70557 2.84021
-6.11472 -2.6757 2.83821
-6.21189 -2.6453 2.83863
-6.30986 -2.6148 2.84088
-6.40664 -2.58412 2.82841
-6.501 -2.55265 2.81084
-6.59511 -2.519 2.78558
-6.68708 -2.48299 2.75123
-6.77496 -2.44525 2.72068
-6.86194 -2.405 2.69566
-6.94896 -2.36196 2.66892
-7.03318 -2.31765 2.64554
-7.11776 -2.27081 2.62623
-7.20056 -2.22335 2.61601
-7.27916 -2.17766 2.61415
-7.35527 -2.13332 2.61394
-7.43269 -2.08848 2.61926
-7.5095 -2.04463 2.62657
-7.58481 -2.00252 2.63682
-7.66145 -1.96089 2.65105
-7.74156 -1.91932 2.67497
-7.82318 -1.87962 2.70269
-7.90768 -1.84181 2.73908
-7.9966 -1.80613 2.781
-8.08778 -1.77376 2.8199
-8.18648 -1.74298 2.85864
-8.28655 -1.71599 2.89773
-8.38699 -1.6924 2.9241
-8.48868 -1.67136 2.95091
-8.59032 -1.65329 2.98048
-8.69776 -1.63685 2.999
-8.80625 -1.62232 3.01795
-8.91613 -1.61001 3.0421
-9.02718 -1.59933 3.04929
-9.13868 -1.58939 3.05605
-9.25098 -1.58004 3.061
-9.36377 -1.57088 3.06016
-9.4765 -1.56182 3.0626
-9.5865 -1.55349 3.06936
-9.69847 -1.5454 3.06964
-9.81073 -1.5379 3.08021
-9.92287 -1.53156 3.08991
-10.0352 -1.52602 3.09478
-10.1456 -1.52166 3.10932
-10.2561 -1.5184 3.11504
-10.3678 -1.51576 3.12077
-10.4765 -1.51452 3.13963
-10.5843 -1.51507 -3.12945
-10.6918 -1.51708 -3.11621
-10.7975 -1.52076 -3.09753
-10.9023 -1.52583 -3.08888
-11.0066 -1.53181 -3.0798
-11.1111 -1.53897 -3.06657
-11.213 -1.54687 -3.06199
-11.3152 -1.555 -3.06234
-11.4168 -1.5631 -3.06174
-11.5169 -1.5708 -3.06772
-11.6151 -1.57783 -3.07258
-11.7453 -1.58694 -3.07096
-11.8424 -1.59353 -3.07669
-11.9394 -1.59938 -3.08596
-12.0349 -1.60444 -3.09135
-12.1275 -1.6087 -3.09985
-12.22 -1.612 -3.11208
-12.3113 -1.61446 -3.1173
-12.4017 -1.6164 -3.12296
-12.4893 -1.61753 -3.13433
-12.5779 -1.61756 3.13506
-12.6638 -1.61667 3.12732
-12.7465 -1.61496 3.11446
-12.8285 -1.61204 3.09754
-12.9069 -1.60814 3.08632
-12.9866 -1.60351 3.08064
-13.0607 -1.59864 3.07139
-13.1346 -1.59285 3.05532
-13.2071 -1.58589 3.03656
-13.2811 -1.57717 3.01201
-13.354 -1.56626 2.97405
-13.427 -1.55197 2.92269
-13.5004 -1.5336 2.86969
-13.5743 -1.51122 2.82542
-13.6489 -1.48494 2.78021
-13.7265 -1.45333 2.72974
-13.8025 -1.41784 2.67909
-13.8768 -1.37851 2.63078
-13.9534 -1.33324 2.58499
-14.0287 -1.28444 2.54863
-14.1031 -1.23269 2.51885
-14.1785 -1.17754 2.50074
-14.2553 -1.1202 2.49951
-14.3334 -1.06275 2.51627
-14.4162 -1.00409 2.5339
-14.5012 -0.946343 2.55535
-14.5871 -0.890491 2.57523
-14.6741 -0.835758 2.58483
-14.7654 -0.77927 2.59054
-14.8557 -0.72383 2.59141
-14.9472 -0.667402 2.58657
-15.0395 -0.609932 2.58243
-15.1301 -0.553156 2.58122
-15.2207 -0.496058 2.57734
-15.3146 -0.437058 2.58341
-15.4087 -0.37898 2.59371
-15.5043 -0.321376 2.60523
-15.6327 -0.246698 2.62463
-15.7283 -0.193038 2.63553
-15.8279 -0.138403 2.64429
-15.9255 -0.0859394 2.652
-16.0253 -0.0329845 2.65583
-16.1257 0.0197243 2.66017
-16.2224 0.0697985 2.66788
-16.3199 0.119101 2.67879
-16.4213 0.1689 2.69109
-16.5212 0.216476 2.70347
-16.6215 0.262597 2.71724
-16.7199 0.306404 2.72892
-16.8181 0.348659 2.74095
-16.92 0.391012 2.75445
-17.0232 0.432446 2.76528
-17.1218 0.470864 2.77488
-17.2244 0.509664 2.78527
-17.3258 0.547107 2.79064
-17.4271 0.583524 2.80189
-17.5304 0.619426 2.81237
-17.634 0.654579 2.81653
-17.7341 0.688048 2.82172
-17.8361 0.721543 2.82648
-17.9392 0.755245 2.82528
-18.0401 0.787995 2.83004
-18.1426 0.820537 2.83844
-18.2448 0.852447 2.83931
-18.346 0.883541 2.84778
-18.4489 0.91421 2.85583
-18.5512 0.94396 2.86155
-18.6529 0.972476 2.87487
-18.7548 0.999672 2.88646
-18.858 1.02637 2.89035
-18.9606 1.05229 2.89823
-19.0644 1.07781 2.90273
-19.1667 1.10282 2.90083
-19.2699 1.12791 2.90559
-19.3744 1.15277 2.91044
-19.4782 1.17744 2.90594
-19.5811 1.20178 2.91278
-19.6856 1.22581 2.91841
-19.7869 1.24865 2.92117
-19.8933 1.2717 2.93528
-19.9974 1.29302 2.94419
-20.102 1.31383 2.94618
-20.2073 1.33415 2.9557
-20.3126 1.35344 2.96488
-20.4168 1.37172 2.97119
-20.5194 1.38857 2.98632
-20.6272 1.40438 3.00553
-20.7324 1.41782 3.02361
-20.8748 1.43157 3.06704
-20.9799 1.43792 3.0954
-21.0847 1.44069 3.13502
-21.188 1.43872 -3.09697
-21.2896 1.43162 -3.04665
-21.391 1.41919 -2.9926
-21.4905 1.40124 -2.93363
-21.5854 1.37818 -2.87293
-21.6793 1.34895 -2.80661
-21.7698 1.31403 -2.73952
-21.8571 1.27299 -2.66499
-21.9391 1.22616 -2.58112
-22.0164 1.17365 -2.50842
-22.0871 1.11788 -2.43883
-22.1554 1.05543 -2.36241
-22.216 0.991297 -2.29343
-22.2699 0.926561 -2.23718
-22.3243 0.853449 -2.18437
-22.3725 0.782023 -2.14412
-22.4174 0.709968 -2.11286
-22.4611 0.635452 -2.08955
-22.5037 0.559728 -2.07619
-22.5457 0.483633 -2.07356
-22.5876 0.407213 -2.07196
-22.6299 0.329794 -2.06949
-22.6719 0.252366 -2.06668
-22.7131 0.175138 -2.0547
-22.7529 0.0974162 -2.0339
-22.7924 0.0158198 -2.00894
-22.8304 -0.0683973 -1.9806
-22.8654 -0.153041 -1.945
-22.9083 -0.269449 -1.90266
-22.9369 -0.355417 -1.88039
-22.9651 -0.448781 -1.84884
-22.9907 -0.5434 -1.82152
-23.014 -0.637936 -1.80208
-23.0361 -0.736326 -1.78099
-23.0563 -0.835996 -1.76137
-23.0756 -0.937117 -1.75644
-23.0944 -1.03984 -1.74788
-23.1114 -1.137 -1.74046
-23.1307 -1.24666 -1.74935
-23.1501 -1.35179 -1.75817
-23.171 -1.45812 -1.77027
-23.1938 -1.56514 -1.79222
-23.2184 -1.67144 -1.80432
-23.2439 -1.77683 -1.81192
-23.2716 -1.88542 -1.82816
-23.3 -1.99313 -1.82884
-23.3288 -2.10111 -1.83444
-23.3582 -2.20821 -1.84299
-23.3878 -2.31419 -1.84324
-23.4176 -2.42039 -1.84504
-23.4476 -2.52494 -1.85653
-23.4784 -2.62982 -1.85574
-23.5097 -2.73576 -1.86152
-23.5407 -2.83912 -1.86186
-23.5701 -2.93949 -1.84984
-23.5989 -3.04357 -1.83159
-23.6237 -3.14225 -1.80158
-23.6455 -3.24656 -1.75237
-23.6618 -3.349 -1.70515
-23.6729 -3.45055 -1.65344
-23.6783 -3.55185 -1.59472
-23.6781 -3.65064 -1.54319
-23.673 -3.74954 -1.49512
-23.6632 -3.84734 -1.44748
-23.6489 -3.94381 -1.39976
-23.6298 -4.0399 -1.35005
-23.606 -4.13524 -1.3012
-23.5793 -4.22344 -1.25384
-23.5461 -4.31541 -1.19513
-23.5084 -4.40408 -1.14153
-23.4676 -4.48796 -1.09364
-23.4215 -4.57129 -1.03797
-23.3715 -4.65094 -0.983512
-23.3199 -4.72484 -0.938489
-23.2632 -4.79826 -0.886887
-23.2035 -4.86742 -0.830791
-23.142 -4.93115 -0.776172
-23.0541 -5.01143 -0.703489
-22.9846 -5.06745 -0.653452
-22.9158 -5.11763 -0.607231
-22.8433 -5.1656 -0.561264
-22.7699 -5.21016 -0.529917
-22.6961 -5.25239 -0.510334
-22.6231 -5.29253 -0.494906
-22.5502 -5.33148 -0.486659
-22.4741 -5.37165 -0.484543
-22.3974 -5.41198 -0.483637
-22.322 -5.45098 -0.471059
-22.248 -5.48804 -0.457709
-22.1724 -5.52468 -0.444528
-22.0965 -5.55984 -0.423305
-22.0213 -5.59239 -0.393957
-21.9468 -5.62239 -0.371185
-21.8732 -5.65049 -0.358103
-21.7997 -5.67729 -0.341824
-21.7271 -5.70232 -0.322088
-21.6561 -5.72534 -0.305298
-21.5854 -5.74729 -0.296812
-21.5172 -5.7677 -0.284182
-21.4461 -5.78767 -0.263415
-21.3762 -5.8057 -0.241442
-21.3075 -5.82192 -0.222587
-21.2372 -5.83715 -0.20416
-21.1647 -5.85135 -0.182615
-21.0932 -5.86384 -0.163409
-21.0176 -5.87584 -0.151285
-20.9389 -5.88761 -0.145466
-20.8584 -5.8993 -0.143189
-20.7493 -5.91537 -0.149143
-20.6672 -5.92785 -0.152743
-20.586 -5.94045 -0.155048
-20.5017 -5.9538 -0.159075
-20.4149 -5.96831 -0.172349
-20.3276 -5.98447 -0.193232
-20.2394 -6.00264 -0.213506
-20.1527 -6.02235 -0.233524
-20.0686 -6.04346 -0.258304
-19.9783 -6.06897 -0.292493
-19.8908 -6.09654 -0.31778
-19.8023 -6.12706 -0.346435
-19.7137 -6.16077 -0.380795
-19.6251 -6.19785 -0.411259
-19.537 -6.23756 -0.436274
-19.445 -6.28269 -0.475631
-19.355 -6.33109 -0.511357
-19.2617 -6.38557 -0.545511
-19.1692 -6.44399 -0.580786
-19.0834 -6.5021 -0.610194
-18.9921 -6.56756 -0.633959
-18.9035 -6.63442 -0.659371
-18.8167 -6.7031 -0.679249
-18.7288 -6.7752 -0.694535
-18.6435 -6.84709 -0.706021
-18.5578 -6.92051 -0.710239
-18.4719 -6.99435 -0.710131
-18.3848 -7.06903 -0.707426
-18.2968 -7.14384 -0.702124
-18.2093 -7.21725 -0.693885
-18.1263 -7.28576 -0.686008
-18.0376 -7.35725 -0.670158
-17.9502 -7.42511 -0.651117
-17.8633 -7.48948 -0.624039
-17.7751 -7.55054 -0.586757
-17.6859 -7.6076 -0.551382
-17.5994 -7.6584 -0.510572
-17.5043 -7.70876 -0.463863
-17.4091 -7.75459 -0.433418
-17.3145 -7.79705 -0.409724
-17.2195 -7.83692 -0.385512
-17.124 -7.87546 -0.381798
-17.0242 -7.91546 -0.379975
-16.9255 -7.95462 -0.375821
-16.8253 -7.99467 -0.384289
-16.7248 -8.03587 -0.394225
-16.6213 -8.07904 -0.396197
-16.5213 -8.12163 -0.409074
-16.4209 -8.16523 -0.409754
-16.3214 -8.20825 -0.406978
-16.2229 -8.25084 -0.408961
-16.1252 -8.29306 -0.406622
-16.0284 -8.33416 -0.396589
-15.9336 -8.37365 -0.393135
-15.8398 -8.41181 -0.379133
-15.7438 -8.44878 -0.356392
-15.6485 -8.48339 -0.340401
-15.554 -8.5159 -0.322424
-15.4617 -8.54577 -0.303416
-15.3669 -8.57515 -0.297549
-15.2711 -8.60417 -0.290469
-15.1754 -8.63223 -0.280277
-15.0799 -8.65948 -0.275447
-14.9856 -8.68616 -0.275723
-14.8844 -8.71415 -0.264221
-14.7848 -8.74076 -0.257912
-14.6854 -8.76652 -0.249182
-14.5862 -8.79083 -0.231545
-14.4881 -8.81304 -0.213827
-14.3887 -8.83408 -0.203456
-14.2879 -8.85402 -0.186856
-14.1886 -8.8721 -0.173374
-14.0887 -8.88895 -0.160842
-13.9875 -8.90419 -0.138276
-13.8934 -8.91614 -0.114084
-13.7873 -8.927 -0.0901234
-13.6838 -8.93508 -0.0656504
-13.5818 -8.94055 -0.041441
-13.4813 -8.94358 -0.0189653
-13.3794 -8.94428 0.00541623
-13.2809 -8.94255 0.0297029
-13.1799 -8.93811 0.0581475
-13.0804 -8.93092 0.0860698
-12.9843 -8.92135 0.112341
-12.888 -8.90894 0.144063
-12.7948 -8.89375 0.179236
-12.6978 -8.87455 0.211308
-12.5745 -8.84463 0.264811
-12.4833 -8.81792 0.305262
-12.3935 -8.78814 0.334642
-12.3053 -8.75575 0.369642
-12.2189 -8.7202 0.411127
-12.1359 -8.68223 0.446638
-12.0531 -8.64055 0.486565
-11.9745 -8.59626 0.538939
-11.9004 -8.54937 0.589491
-11.8283 -8.4985 0.64039
-11.7579 -8.44302 0.69432
-11.6923 -8.38525 0.749195
-11.6284 -8.3223 0.807277
-11.5675 -8.25514 0.860863
-11.5102 -8.18541 0.90528
-11.457 -8.11461 0.947359
-11.4065 -8.04096 0.992206
-11.3591 -7.96503 1.0329
-11.3138 -7.88652 1.06184
-11.27 -7.8051 1.09217
-11.2282 -7.72227 1.11575
-11.1881 -7.63873 1.12964
-11.1491 -7.5548 1.14206
-11.1113 -7.47027 1.15959
-11.0747 -7.38561 1.16527
-11.038 -7.29966 1.16948
-11.002 -7.21354 1.18009
-10.9665 -7.12621 1.18888
-10.9312 -7.03739 1.19716
-10.8964 -6.94603 1.21686
-10.8636 -6.85398 1.23907
-10.8325 -6.76133 1.25566
-10.8018 -6.66416 1.27234
-10.7735 -6.56935 1.29006
-10.7468 -6.47538 1.29705
-10.7204 -6.37984 1.30672
-10.696 -6.28727 1.31958
-10.6719 -6.19084 1.33099
-10.6488 -6.09433 1.34074
-10.6264 -5.99591 1.35379
-10.6056 -5.89989 1.3607
-10.5851 -5.80263 1.36613
-10.5661 -5.70928 1.37329
-10.5472 -5.61243 1.38244
-10.5295 -5.51771 1.38968
-10.5123 -5.42195 1.39676
-10.4964 -5.33004 1.40339
-10.4813 -5.23924 1.40872
-10.4667 -5.14752 1.41656
-10.4491 -5.02836 1.43147
-10.4374 -4.94045 1.44622
-10.4272 -4.85382 1.46088
-10.4175 -4.76054 1.47313
-10.4092 -4.67217 1.48114
-10.4015 -4.58254 1.48785
-10.3942 -4.49329 1.49179
-10.3875 -4.40641 1.49511
-10.3812 -4.31958 1.50156
-10.3756 -4.23496 1.50929
-10.3704 -4.14671 1.51332
-10.3657 -4.06269 1.51672
-10.3614 -3.9786 1.52316
-10.3577 -3.89329 1.53245
-10.3548 -3.80778 1.54166
-10.353 -3.72641 1.55397
-10.3522 -3.64151 1.5694
-10.3525 -3.55708 1.57843
-10.3533 -3.47362 1.58339
-10.3547 -3.39209 1.5919
-10.3571 -3.31117 1.60965
-10.3613 -3.22574 1.62881
-10.3671 -3.14345 1.65452
-10.3754 -3.06469 1.69796
-10.388 -2.98524 1.75697
-10.4062 -2.90401 1.82688
-10.4298 -2.82706 1.90855
-10.4604 -2.75195 2.00631
-10.4971 -2.68251 2.10761
-10.5401 -2.61792 2.20985
-10.5899 -2.55785 2.3153
-10.6432 -2.50543 2.41347
-10.7033 -2.45693 2.51165
-10.7659 -2.41596 2.61346
-10.8316 -2.38193 2.71388
-10.8988 -2.35499 2.80703
-10.9702 -2.33371 2.89656
-11.0423 -2.3187 2.97613
-11.1135 -2.30915 3.04057
-11.1849 -2.30378 3.09246
-11.2576 -2.30161 3.13096
-11.3322 -2.30127 -3.13994
-11.4046 -2.30141 -3.1395
-11.4817 -2.30088 3.12563
-11.5603 -2.29899 3.10948
-11.6392 -2.29586 3.09454
-11.7194 -2.29127 3.07415
-11.8012 -2.2848 3.05127
-11.883 -2.27665 3.03348
-11.969 -2.26643 3.01285
-12.0535 -2.25449 2.98988
-12.1374 -2.24087 2.97124
-12.2224 -2.22555 2.95528
-12.3067 -2.20888 2.93776
-12.3944 -2.18971 2.91472
-12.4814 -2.16869 2.8941
-12.5696 -2.14547 2.87426
-12.6578 -2.12041 2.85572
-12.7442 -2.09433 2.84098
-12.8309 -2.06671 2.82564
-12.9198 -2.03681 2.8084
-13.0055 -2.00631 2.79072
-13.091 -1.97396 2.7695
-13.1778 -1.93901 2.74776
-13.2906 -1.89083 2.72809
-13.3774 -1.85178 2.70999
-13.4649 -1.81045 2.68991
-13.5514 -1.76755 2.67259
-13.6372 -1.72307 2.65449
-13.7219 -1.67735 2.63847
-13.8101 -1.62851 2.63336
-13.9002 -1.57807 2.62955
-13.9897 -1.52696 2.61588
-14.0795 -1.47442 2.60783
-14.1685 -1.42106 2.59555
-14.2573 -1.36599 2.5773
-14.3462 -1.30904 2.56675
-14.4305 -1.25415 2.56172
-14.5199 -1.19445 2.54374
-14.6067 -1.1348 2.53587
-14.6917 -1.07548 2.52852
-14.7755 -1.01576 2.51615
-14.8577 -0.95651 2.51752
-14.9417 -0.896708 2.5285
-15.0249 -0.838482 2.53316
-15.1089 -0.780895 2.54803
-15.1923 -0.725531 2.56385
-15.2767 -0.671058 2.57326
-15.3613 -0.617665 2.58354
-15.4489 -0.564176 2.60317
-15.5362 -0.512559 2.6125
-15.6235 -0.462313 2.6259
-15.7173 -0.410289 2.64424
-15.8077 -0.361716 2.65331
-15.9029 -0.311881 2.66508
-15.9951 -0.265301 2.68255
-16.0886 -0.219469 2.68895
-16.1831 -0.173785 2.69396
-16.2789 -0.128045 2.69794
-16.3744 -0.0825716 2.69639
-16.4712 -0.0363927 2.69674
-16.5675 0.00896303 2.70626
-16.6641 0.053663 2.71015
-16.7626 0.098856 2.71302
-16.8597 0.142763 2.72029
-16.9547 0.185527 2.71734
-17.0527 0.229783 2.71709
-17.149 0.273144 2.72046
-17.2454 0.316449 2.71805
-17.342 0.360069 2.7171
-17.4388 0.403673 2.71918
-17.5348 0.446965 2.7165
-17.6294 0.489562 2.72099
-17.7252 0.531895 2.72964
-17.8237 0.574728 2.73328
-17.9225 0.617311 2.73614
-18.0194 0.658719 2.73943
-18.1152 0.699713 2.73527
-18.2124 0.741408 2.73718
-18.3083 0.78211 2.74349
-18.4036 0.821964 2.74738
-18.5008 0.86221 2.75075
-18.5961 0.90109 2.75732
-18.6918 0.939728 2.75887
-18.7866 0.977603 2.76414
-18.8825 1.01513 2.77313
-18.9783 1.05174 2.77996
-19.0738 1.08761 2.78471
-19.1689 1.12275 2.78997
-19.2623 1.15689 2.79264
-19.356 1.19076 2.79713
-19.45 1.22396 2.80654
-19.5431 1.25575 2.81846
-19.6349 1.28572 2.83383
-19.7317 1.31539 2.85449
-19.8259 1.34205 2.87714
-19.9234 1.36689 2.90705
-20.0229 1.38882 2.94259
-20.1209 1.40646 2.98417
-20.2214 1.41985 3.03407
-20.3235 1.42871 3.0761
-20.4266 1.43373 3.10982
-20.5308 1.43572 3.13516
-20.6387 1.43675 3.12885
-20.7442 1.44008 3.09123
-20.8493 1.44845 3.03312
-20.9549 1.46473 2.94404
-21.0549 1.49043 2.83627
-21.1533 1.52839 2.71052
-21.2453 1.57817 2.58062
-21.3287 1.6388 2.44492
-21.4009 1.70894 2.2965
-21.46 1.78703 2.1415
-21.5047 1.87111 1.97707
-21.5343 1.96041 1.80407
-21.5466 2.04776 1.61903
-21.5422 2.13227 1.41747
-21.5222 2.20869 1.21174
-21.4867 2.27877 0.993039
-21.4389 2.33727 0.777357
-21.3818 2.38276 0.568501
-21.3169 2.41538 0.363451
-21.2501 2.43381 0.174995
-21.1813 2.43969 -0.00446534
-21.1116 2.4336 -0.169739
-21.0465 2.41827 -0.292643
-20.9814 2.39539 -0.383888
-20.9172 2.36731 -0.441055
-20.8537 2.33645 -0.463453
-20.7893 2.30473 -0.451945
-20.7227 2.2736 -0.422791
-20.6564 2.24472 -0.397877
-20.5909 2.21801 -0.376945
-20.5262 2.19334 -0.351952
-20.4614 2.17045 -0.327134
-20.3943 2.14816 -0.314159
-20.327 2.12656 -0.306546
-20.2588 2.10508 -0.304121
-20.1898 2.0835 -0.301866
-20.124 2.06324 -0.295642
-20.0687 2.04808 -0.239284
-20.0047 2.0339 -0.196916
-19.9349 2.0204 -0.185325
-19.8626 2.00731 -0.172516
-19.7882 1.99452 -0.168437
-19.7128 1.98148 -0.17361
-19.635 1.9675 -0.182063
-19.556 1.9527 -0.188351
-19.4766 1.93698 -0.20294
-19.395 1.91938 -0.221414
-19.3118 1.90011 -0.234176
-19.2274 1.87982 -0.23742
-19.1417 1.85876 -0.244726
-19.0521 1.83587 -0.255308
-18.961 1.81213 -0.254729
-18.8678 1.7877 -0.25795
-18.7746 1.7627 -0.266274
-18.6766 1.73601 -0.26559
-18.5796 1.70987 -0.260498
-18.4822 1.68359 -0.266735
-18.3523 1.64821 -0.265191
-18.2569 1.62229 -0.265466
-18.159 1.59534 -0.271787
-18.0627 1.5689 -0.264016
-17.9654 1.54311 -0.25408
-17.867 1.51783 -0.248899
-17.7672 1.49306 -0.237575
-17.6682 1.46972 -0.225388
-17.5703 1.44742 -0.222545
-17.472 1.42574 -0.211831
-17.376 1.40575 -0.198702
-17.281 1.38695 -0.192236
-17.1888 1.36916 -0.18889
-17.096 1.35193 -0.178192
-17.0063 1.33591 -0.175372
-16.918 1.32032 -0.174112
-16.8311 1.30533 -0.167407
-16.7472 1.29162 -0.156732
-16.6649 1.27869 -0.154796
-16.5839 1.26614 -0.152777
-16.5041 1.2541 -0.146783
-16.4265 1.24277 -0.142957
-16.3524 1.23209 -0.14329
-16.2777 1.22133 -0.142844
-16.2036 1.21094 -0.135913
-16.1338 1.20166 -0.128561
-16.0657 1.19294 -0.125969
-15.9987 1.18445 -0.125802
-15.9323 1.17612 -0.124166
-15.8691 1.1684 -0.118993
-15.8088 1.16125 -0.11668
-15.7497 1.15429 -0.117744
-15.6933 1.14756 -0.120025
-15.6351 1.14054 -0.120312
-15.5823 1.13425 -0.116202
-15.5296 1.12824 -0.111055
-15.4794 1.12271 -0.108768
-15.4314 1.11746 -0.108648
-15.3849 1.11237 -0.109657
-15.3389 1.10729 -0.110407
-15.295 1.10243 -0.109779
-15.2529 1.09783 -0.108118
-15.2128 1.0935 -0.106893
-15.1753 1.08948 -0.106714
-15.1373 1.08538 -0.108349
-15.1024 1.08155 -0.110684
-15.0687 1.07777 -0.11233
-15.0358 1.07404 -0.113372
-15.0046 1.07049 -0.113294
-14.9756 1.06721 -0.112098
-14.9404 1.06328 -0.109675
-14.9147 1.06048 -0.107881
-14.891 1.05793 -0.106092
-14.8686 1.05558 -0.103788
-14.8457 1.05317 -0.105893
-14.8205 1.05045 -0.108771
-14.7918 1.04725 -0.11337
-14.7603 1.04358 -0.118913
-14.7245 1.03922 -0.123494
-14.6848 1.0342 -0.127806
-14.6416 1.02861 -0.129601
-14.5948 1.02249 -0.130522
-14.5453 1.01598 -0.131177
-14.4868 1.00817 -0.133971
-14.4259 0.999884 -0.136327
-14.3606 0.991001 -0.134088
-14.2927 0.98209 -0.12726
-14.2238 0.973497 -0.120774
-14.1524 0.964996 -0.116099
-14.0744 0.956219 -0.108035
-13.9974 0.948553 -0.0904595
-13.9187 0.942138 -0.0722753
-13.8405 0.937116 -0.0559083
-13.7586 0.933343 -0.0361598
-13.6764 0.931298 -0.0136429
-13.5962 0.931061 0.00774454
-13.5149 0.932262 0.0217833
-13.4315 0.934319 0.027525
-13.3483 0.936324 0.0206388
-13.2643 0.937056 -0.00319678
-13.1789 0.935103 -0.0425091
-13.0919 0.929185 -0.0934067
-13.0063 0.919211 -0.138513
-12.9198 0.905085 -0.185084
-12.8308 0.886477 -0.22741
-12.7414 0.864365 -0.25728
-12.6512 0.839508 -0.280832
-12.5605 0.812127 -0.30516
-12.4691 0.782973 -0.312619
-12.3787 0.753744 -0.312903
-12.2845 0.722729 -0.32295
-12.1911 0.691022 -0.3317
-12.0955 0.657892 -0.335602
-12.0002 0.623779 -0.351783
-11.906 0.588442 -0.365891
-11.8096 0.551002 -0.375149
-11.712 0.511849 -0.387948
-11.6152 0.471526 -0.401613
-11.5172 0.429891 -0.401522
-11.419 0.388072 -0.403853
-11.3222 0.346995 -0.39849
-11.2248 0.306845 -0.3837
-11.1249 0.267147 -0.37245
-11.0252 0.228859 -0.360942
-10.927 0.192874 -0.341916
-10.8235 0.156769 -0.329191
-10.7232 0.122947 -0.321059
-10.6222 0.0905952 -0.299348
-10.5206 0.0596909 -0.291129
-10.4178 0.0292306 -0.284809
-10.3146 -0.00058702 -0.277711
-10.2116 -0.0301687 -0.281684
-10.1072 -0.0608831 -0.290842
-10.0044 -0.0917946 -0.292911
-9.90094 -0.124027 -0.311324
-9.80108 -0.156892 -0.324556
-9.69718 -0.192384 -0.333798
-9.59739 -0.227792 -0.348152
-9.49754 -0.264267 -0.3523
-9.39707 -0.300867 -0.346413
-9.29756 -0.336887 -0.348227
-9.19885 -0.372371 -0.341914
-9.10109 -0.406653 -0.332663
-9.005 -0.439625 -0.328433
-8.90827 -0.472076 -0.318927
-8.81268 -0.502758 -0.302246
-8.68766 -0.541273 -0.295436
-8.59641 -0.568645 -0.287417
-8.50299 -0.595756 -0.277489
-8.41122 -0.621893 -0.277426
-8.32011 -0.647602 -0.272608
-8.23069 -0.672053 -0.261222
-8.14023 -0.695823 -0.252688
-8.05143 -0.718743 -0.252548
-7.964 -0.740905 -0.243936
-7.87848 -0.761988 -0.23948
-7.79627 -0.782154 -0.241606
-7.71376 -0.802564 -0.243384
-7.63347 -0.822156 -0.23531
-7.55503 -0.840858 -0.232775
-7.47791 -0.859305 -0.236817
-7.40356 -0.877303 -0.238184
-7.33042 -0.894977 -0.236009
-7.25821 -0.91231 -0.235133
-7.19082 -0.928673 -0.241275
-7.12482 -0.945078 -0.246037
-7.06085 -0.961124 -0.245441
-6.99868 -0.976609 -0.242774
-6.93698 -0.991937 -0.24426
-6.87652 -1.00725 -0.251803
-6.81674 -1.02311 -0.266872
-6.75616 -1.04025 -0.284619
-6.69861 -1.05774 -0.305573
-6.64076 -1.07681 -0.331281
-6.5866 -1.09626 -0.358209
-6.53208 -1.11748 -0.384183
-6.47384 -1.14176 -0.405735
-6.41413 -1.16791 -0.419671
-6.35104 -1.19658 -0.43351
-6.28551 -1.2276 -0.450714
-6.2198 -1.26003 -0.466187
-6.15232 -1.29448 -0.477935
-6.08464 -1.33009 -0.490632
-6.01837 -1.36606 -0.504197
-5.95211 -1.40307 -0.514474
-5.88422 -1.44141 -0.513589
-5.81195 -1.48208 -0.511654
-5.73708 -1.52428 -0.514728
-5.66192 -1.56693 -0.517714
-5.58512 -1.61069 -0.518101
-5.50736 -1.6549 -0.515804
-5.43075 -1.69801 -0.509359
-5.35382 -1.73991 -0.48804
-5.27418 -1.78059 -0.456597
-5.19245 -1.81921 -0.42619
-5.10949 -1.85575 -0.403479
-5.02378 -1.89132 -0.383358
-4.93717 -1.92607 -0.379754
-4.84959 -1.96158 -0.390677
-4.76363 -1.99753 -0.40143
-4.67681 -2.03478 -0.40924
-4.58759 -2.07395 -0.41808
-4.50222 -2.11198 -0.42027
-4.41564 -2.15046 -0.416144
-4.32908 -2.18859 -0.413575
-4.24378 -2.22583 -0.409712
-4.15688 -2.26299 -0.398494
-4.06509 -2.30102 -0.387006
-3.97287 -2.3385 -0.385202
-3.87809 -2.37649 -0.377253
-3.78171 -2.41447 -0.373364
-3.68756 -2.45141 -0.374411
-3.59119 -2.48868 -0.363604
-3.49391 -2.52506 -0.352277
-3.39596 -2.56114 -0.353489
-3.29965 -2.59663 -0.35263
-3.19896 -2.63357 -0.350635
-3.0999 -2.66998 -0.353746
-3.00021 -2.70646 -0.348035
-2.89873 -2.74229 -0.330731
-2.79348 -2.77757 -0.316013
-2.65296 -2.82051 -0.277163
-2.54633 -2.84931 -0.250425
-2.43718 -2.87527 -0.216591
-2.32682 -2.897 -0.172292
-2.21567 -2.91408 -0.132576
-2.10118 -2.92703 -0.0927667
-1.9858 -2.935 -0.0450862
-1.86861 -2.93774 -0.00163966
-1.75106 -2.93482 0.0512353
-1.63519 -2.92532 0.112322
-1.51918 -2.90825 0.179985
-1.40636 -2.88386 0.245827
-1.29525 -2.85144 0.321875
-1.1504 -2.79453 0.426909
-1.04636 -2.74233 0.503131
-0.947824 -2.68285 0.583069
-0.853723 -2.61666 0.642857
-0.761841 -2.54378 0.698325
-0.675291 -2.46744 0.747302
-0.592463 -2.38707 0.793339
-0.512522 -2.30152 0.845174
-0.440904 -2.21609 0.90106
-0.373011 -2.12494 0.960152
-0.310769 -2.03098 1.01137
-0.254027 -1.93491 1.06319
-0.201564 -1.83487 1.11242
-0.153265 -1.73329 1.1415
-0.10817 -1.63052 1.17309
-0.0655026 -1.52668 1.18876
-0.0230738 -1.42021 1.1944
0.0178306 -1.31453 1.20861
0.0572574 -1.20899 1.21797
0.0946532 -1.10426 1.2377
0.129121 -0.999237 1.26963
0.160693 -0.892748 1.29551
0.189486 -0.785734 1.32043
0.215039 -0.679982 1.34699
0.245669 -0.541546 1.3591
0.268385 -0.433711 1.36724
0.289967 -0.328043 1.3714
0.311647 -0.222593 1.36466
0.333148 -0.119565 1.36544
0.354024 -0.0185319 1.36864
0.373849 0.081378 1.38117
0.390471 0.178942 1.42293
0.40236 0.276073 1.47507
0.407449 0.368125 1.55607
0.404012 0.460816 1.65965
0.391228 0.546751 1.77731
0.36902 0.626092 1.9101
0.336173 0.700394 2.06399
0.295551 0.76403 2.21388
0.247794 0.81818 2.3732
0.193475 0.862403 2.5434
0.133016 0.895867 2.72874
0.0693288 0.916561 2.92609
0.00542986 0.923963 3.12647
-0.0572766 0.918572 -2.95497
-0.117552 0.900727 -2.75252
-0.172843 0.871517 -2.55864
-0.221235 0.83305 -2.38127
-0.264726 0.783818 -2.20744
-0.300149 0.726905 -2.04763
-0.326232 0.665003 -1.89153
-0.342593 0.598483 -1.73239
-0.348375 0.529182 -1.57568
-0.343438 0.459681 -1.42407
-0.327331 0.388825 -1.27047
-0.300526 0.320583 -1.12257
-0.263841 0.256437 -0.980029
-0.217161 0.196394 -0.839907
-0.162397 0.142656 -0.711977
-0.100244 0.0950917 -0.594423
-0.0294068 0.0526793 -0.484554
0.0452633 0.0177311 -0.390946
0.123459 -0.0107302 -0.307195
0.205109 -0.0331744 -0.22932
0.289456 -0.0497891 -0.159659
0.375001 -0.0609895 -0.100722
0.460294 -0.0667252 -0.0335698
0.54684 -0.0664888 0.0390331
0.633958 -0.0600573 0.108351
0.720487 -0.0476549 0.176373
0.80561 -0.0294583 0.244825
0.886182 -0.0064593 0.311281
0.96437 0.0216799 0.379638
1.03985 0.0546987 0.445138
1.11196 0.0917104 0.503284
1.18052 0.131979 0.558832
1.24474 0.174644 0.613942
1.30364 0.218022 0.655636
1.35866 0.261494 0.681668
1.40769 0.301843 0.695577
1.45025 0.337572 0.701076
1.48631 0.368012 0.701107
1.51281 0.390334 0.699117
1.53208 0.406518 0.697968
1.54451 0.416946 0.698181
1.55238 0.423566 0.699417
1.55305 0.424124 0.698641
1.55166 0.422959 0.698118
1.55011 0.421658 0.699237
1.54881 0.420565 0.70079
1.54837 0.420193 0.700615
1.54849 0.420292 0.700443
1.5488 0.420553 0.70053
1.54895 0.420677 0.700531
1.54893 0.420665 0.700617
1.54884 0.42059 0.700444
1.54884 0.42059 0.700444
1.54886 0.420603 0.70053
1.54886 0.420603 0.70053
1.54886 0.420603 0.70053
1.54886 0.420603 0.70053
1.54886 0.420603 0.70053
1.54886 0.420603 0.70053
1.54887 0.420615 0.700444
1.54886 0.420603 0.70053
1.54886 0.420603 0.70053
1.54886 0.420603 0.70053
1.54886 0.420603 0.70053
1.54886 0.420603 0.70053
1.54886 0.420603 0.70053
1.54886 0.420603 0.70053
1.54886 0.420603 0.70053
1.54886 0.420603 0.70053
1.54886 0.420603 0.70053
1.54886 0.420603 0.70053
1.54886 0.420603 0.70053
1.54886 0.420603 0.70053
1.54886 0.420603 0.70053
1.54886 0.420603 0.70053
1.54886 0.420603 0.70053
1.54886 0.420603 0.70053
1.54886 0.420603 0.70053
1.54886 0.420603 0.70053
1.54886 0.420603 0.70053
1.54886 0.420603 0.70053
1.54886 0.420603 0.70053
1.54886 0.420603 0.70053
1.54886 0.420603 0.70053
1.54886 0.420603 0.70053
1.54886 0.420603 0.70053
1.54886 0.420603 0.70053
1.54886 0.420603 0.70053
1.54886 0.420603 0.70053
1.54886 0.420603 0.70053
1.54886 0.420603 0.70053
1.54886 0.420603 0.70053
1.54886 0.420603 0.70053
1.54886 0.420603 0.70053
1.54886 0.420603 0.70053
1.54886 0.420603 0.70053
1.54886 0.420603 0.70053
1.54886 0.420603 0.70053
1.54886 0.420603 0.70053
1.54886 0.420603 0.70053
1.54886 0.420603 0.70053
1.54886 0.420603 0.70053
1.54886 0.420603 0.70053
1.54886 0.420603 0.70053
1.54886 0.420603 0.70053
1.54886 0.420603 0.70053
1.54886 0.420603 0.70053
1.54886 0.420603 0.70053
1.54886 0.420603 0.70053
1.54884 0.42059 0.700617
1.54884 0.42059 0.70079
1.54896 0.42069 0.70079
1.54912 0.420826 0.697245
1.54969 0.421291 0.684274
1.55125 0.422538 0.6611
1.55463 0.425058 0.620721
1.56026 0.428831 0.560544
1.56893 0.433801 0.480742
1.58592 0.441308 0.351146
1.60211 0.446294 0.246194
1.61918 0.44964 0.141156
1.63599 0.451185 0.0419985
1.65032 0.451202 -0.0396096
1.66094 0.450469 -0.0981339
1.66788 0.449659 -0.134181
1.67061 0.449272 -0.147234
1.67053 0.449284 -0.146542
1.66809 0.449633 -0.13738
1.66586 0.449929 -0.126402
1.66391 0.450167 -0.116202
1.66121 0.450469 -0.106781
1.65784 0.450812 -0.0960655
1.65387 0.451168 -0.0830159
1.64972 0.451482 -0.0676319
1.64622 0.451689 -0.0510351
1.64449 0.451766 -0.0372017
1.64386 0.451787 -0.0305439
1.64393 0.451785 -0.0305437
1.64422 0.451776 -0.0347808
1.64439 0.451769 -0.0357317
1.64414 0.451778 -0.0349539
1.64393 0.451786 -0.0333113
1.64366 0.451794 -0.0312362
1.64341 0.451802 -0.0297666
1.64336 0.451804 -0.0289884
1.64349 0.4518 -0.0297664
1.64368 0.451794 -0.0304578
1.64374 0.451792 -0.0303712
1.64368 0.451794 -0.0302849
1.64368 0.451794 -0.0301119
1.64384 0.451789 -0.0306304
1.64405 0.451782 -0.0319272
1.64428 0.451775 -0.0331374
1.64447 0.451768 -0.0338288
1.64445 0.451769 -0.0340883
1.64443 0.45177 -0.0340019
1.64443 0.45177 -0.0340019
1.64445 0.451769 -0.0340883
1.64447 0.451768 -0.0341748
1.64447 0.451768 -0.0341748
1.64449 0.451768 -0.0342612
1.64445 0.451769 -0.0342613
1.6442 0.451778 -0.0345214
1.64434 0.451773 -0.0333967
1.64436 0.451773 -0.0341751
1.64451 0.451767 -0.0346936
1.64468 0.451761 -0.0351256
1.64472 0.45176 -0.0351255
1.64468 0.451761 -0.0349526
1.64464 0.451763 -0.0352987
1.64468 0.451761 -0.0352986
1.64466 0.451762 -0.0350392
1.64466 0.451762 -0.0350392
1.64468 0.451761 -0.0351256
1.64468 0.451761 -0.0351256
1.64468 0.451761 -0.0351256
1.6447 0.45176 -0.035212
1.6447 0.45176 -0.035212
1.6447 0.45176 -0.035212
1.64472 0.45176 -0.0352985
1.6447 0.45176 -0.035212
1.6447 0.45176 -0.035212
1.6447 0.45176 -0.035212
1.6447 0.45176 -0.035212
1.64472 0.45176 -0.0352985
1.6447 0.451761 -0.035385
1.6447 0.451761 -0.035385
1.64472 0.45176 -0.0352985
1.64472 0.45176 -0.0352985
1.64472 0.45176 -0.0352985
1.64472 0.45176 -0.0352985
1.64472 0.45176 -0.0352985
1.64472 0.45176 -0.0352985
1.6447 0.451761 -0.035385
1.6447 0.451761 -0.035385
1.64472 0.45176 -0.0352985
1.64472 0.45176 -0.0352985
1.64472 0.45176 -0.0352985
1.64472 0.45176 -0.0352985
1.64472 0.45176 -0.0352985
1.64472 0.45176 -0.0352985
1.64472 0.45176 -0.0352985
1.64472 0.45176 -0.0352985
1.64472 0.45176 -0.0352985
1.64472 0.45176 -0.0352985
1.6447 0.451761 -0.035385
1.64474 0.451759 -0.0353849
1.64474 0.451759 -0.0353849
1.64472 0.45176 -0.0352985
1.64472 0.45176 -0.0352985
1.64474 0.451759 -0.0353849
1.64474 0.451759 -0.0353849
1.64474 0.451759 -0.0353849
