-0.0207263 -0.00394677 -0.0123025
-0.0390287 -0.00878595 -0.0294191
-0.0538017 -0.0160309 -0.051128
-0.066427 -0.0249115 -0.0818352
-0.0761381 -0.037273 -0.122385
-0.0872102 -0.053212 -0.177814
-0.0984129 -0.0703543 -0.239194
-0.111274 -0.0886854 -0.307251
-0.131028 -0.114979 -0.404551
-0.14952 -0.134463 -0.479863
-0.167811 -0.150115 -0.555313
-0.189504 -0.159913 -0.631252
-0.211089 -0.172234 -0.708111
-0.233516 -0.186058 -0.787011
-0.257677 -0.199101 -0.868368
-0.283415 -0.212891 -0.955276
-0.306446 -0.226654 -1.04407
-0.331016 -0.239694 -1.13463
-0.360071 -0.254293 -1.22614
-0.390111 -0.269693 -1.32501
-0.422286 -0.280524 -1.41387
-0.455237 -0.292116 -1.50747
-0.484316 -0.308137 -1.59123
-0.512883 -0.324918 -1.67178
-0.545305 -0.339922 -1.74737
-0.57778 -0.356668 -1.81694
-0.607407 -0.374081 -1.88188
-0.640455 -0.39619 -1.94579
-0.674917 -0.417087 -2.00791
-0.709676 -0.435637 -2.06651
-0.751202 -0.458106 -2.13048
-0.790076 -0.479702 -2.18907
-0.820616 -0.496337 -2.24826
-0.861336 -0.516375 -2.31012
-0.902622 -0.536873 -2.36161
-0.939915 -0.555269 -2.39962
-0.980787 -0.576638 -2.43006
-1.0209 -0.599096 -2.4509
-1.05732 -0.628593 -2.45306
-1.08667 -0.662376 -2.43664
-1.11749 -0.69615 -2.4059
-1.14364 -0.749098 -2.35147
-1.16371 -0.80606 -2.28848
-1.17581 -0.865212 -2.21201
-1.18916 -0.922634 -2.1487
-1.19807 -0.985981 -2.0855
-1.20587 -1.05868 -2.01134
-1.21057 -1.13229 -1.94295
-1.21228 -1.20178 -1.87933
-1.20538 -1.27658 -1.80802
-1.19496 -1.35495 -1.74261
-1.18687 -1.42683 -1.69663
-1.18267 -1.5025 -1.65834
-1.17606 -1.58105 -1.61813
-1.17242 -1.65877 -1.594
-1.17645 -1.73743 -1.59326
-1.18478 -1.82207 -1.60833
-1.18829 -1.90345 -1.61285
-1.19639 -1.98113 -1.63021
-1.21032 -2.07569 -1.66303
-1.22569 -2.15638 -1.68436
-1.24032 -2.23551 -1.69693
-1.26015 -2.32206 -1.7182
-1.28596 -2.40797 -1.74983
-1.30512 -2.4902 -1.76127
-1.32468 -2.57227 -1.76847
-1.35546 -2.66637 -1.7938
-1.38713 -2.7465 -1.8223
-1.41461 -2.82524 -1.83602
-1.44869 -2.9163 -1.85854
-1.49003 -3.0001 -1.89375
-1.52718 -3.08116 -1.91676
-1.56318 -3.16548 -1.92999
-1.60404 -3.25289 -1.94941
-1.64163 -3.33289 -1.96324
-1.67574 -3.41467 -1.96626
-1.71437 -3.50868 -1.96799
-1.74665 -3.59123 -1.96742
-1.77606 -3.66937 -1.95911
-1.80627 -3.76055 -1.94343
-1.83837 -3.85494 -1.93296
-1.86701 -3.93646 -1.92394
-1.88978 -4.02532 -1.90669
-1.91919 -4.11622 -1.8973
-1.95433 -4.20392 -1.90526
-1.98198 -4.28939 -1.89779
-2.01306 -4.38376 -1.89408
-2.04766 -4.48005 -1.89917
-2.07647 -4.55746 -1.90108
-2.10417 -4.64778 -1.89295
-2.141 -4.74619 -1.89982
-2.17336 -4.83589 -1.90474
-2.20235 -4.92341 -1.89544
-2.23592 -5.01687 -1.89825
-2.27348 -5.10748 -1.90569
-2.30789 -5.19926 -1.90422
-2.34329 -5.28424 -1.91214
-2.3899 -5.37949 -1.93714
-2.43139 -5.46539 -1.95254
-2.47083 -5.54565 -1.96658
-2.51813 -5.63789 -1.98804
-2.56084 -5.7188 -2.00191
-2.60847 -5.79955 -2.01534
-2.66138 -5.8912 -2.03312
-2.71305 -5.97873 -2.05069
-2.75735 -6.05251 -2.06571
-2.80929 -6.13577 -2.07792
-2.86201 -6.2245 -2.08717
-2.90583 -6.29181 -2.09668
-2.96395 -6.38317 -2.11147
-3.0101 -6.46192 -2.11065
-3.04758 -6.52601 -2.10446
-3.09911 -6.61657 -2.09814
-3.14112 -6.70374 -2.07615
-3.17598 -6.78033 -2.05462
-3.21255 -6.85911 -2.03823
-3.25137 -6.94433 -2.02162
-3.28497 -7.0246 -2.00801
-3.31468 -7.10304 -1.9939
-3.34906 -7.19501 -1.9758
-3.37817 -7.28087 -1.95591
-3.40331 -7.35923 -1.93754
-3.42639 -7.44631 -1.90833
-3.44699 -7.53328 -1.87857
-3.4661 -7.61181 -1.85547
-3.48488 -7.70467 -1.8305
-3.49515 -7.7824 -1.79432
-3.50583 -7.86946 -1.7675
-3.52246 -7.95795 -1.75452
-3.53376 -8.0431 -1.73267
-3.54271 -8.13249 -1.71349
-3.55843 -8.22313 -1.71654
-3.57185 -8.30914 -1.72021
-3.58092 -8.39939 -1.70468
-3.58808 -8.49502 -1.69011
-3.60274 -8.58311 -1.69736
-3.61226 -8.67211 -1.68662
-3.61726 -8.77131 -1.66717
-3.63211 -8.85884 -1.67664
-3.64398 -8.95369 -1.67614
-3.64976 -9.05212 -1.66307
-3.66164 -9.14266 -1.66676
-3.68236 -9.24874 -1.68308
-3.68956 -9.33925 -1.6724
-3.70358 -9.43794 -1.6792
-3.72374 -9.54009 -1.70028
-3.73788 -9.63673 -1.70419
-3.75565 -9.73608 -1.70913
-3.78381 -9.83382 -1.73956
-3.80981 -9.9329 -1.75847
-3.83758 -10.0243 -1.78119
-3.87951 -10.1287 -1.82723
-3.91596 -10.2163 -1.85852
-3.95704 -10.3186 -1.88524
-3.99354 -10.4134 -1.90879
-4.02597 -10.5009 -1.91546
-4.05755 -10.5963 -1.9104
-4.09531 -10.7079 -1.90514
-4.11466 -10.787 -1.89622
-4.13534 -10.8827 -1.8709
-4.16207 -10.995 -1.85447
-4.18134 -11.0824 -1.83818
-4.1964 -11.1739 -1.81057
-4.21153 -11.2732 -1.79028
-4.23253 -11.3735 -1.78225
-4.24371 -11.4621 -1.75304
-4.25237 -11.5536 -1.72611
-4.2667 -11.6605 -1.71296
-4.27094 -11.7365 -1.69319
-4.27305 -11.8398 -1.66411
-4.28383 -11.9411 -1.66643
-4.2959 -12.0294 -1.67555
-4.30476 -12.1256 -1.67334
-4.32604 -12.2221 -1.69706
-4.35072 -12.3178 -1.73017
-4.37531 -12.4048 -1.74987
-4.40155 -12.4985 -1.76883
-4.43049 -12.5819 -1.80117
-4.45477 -12.6676 -1.81453
-4.47421 -12.761 -1.80253
-4.49335 -12.8508 -1.80008
-4.50812 -12.9372 -1.78408
-4.51219 -13.0299 -1.74319
-4.51293 -13.1215 -1.70657
-4.51209 -13.2076 -1.67391
-4.50002 -13.2938 -1.6247
-4.4808 -13.3891 -1.56444
-4.47281 -13.4655 -1.5437
-4.46328 -13.5407 -1.52197
-4.45052 -13.6315 -1.49931
-4.44042 -13.728 -1.48954
-4.44106 -13.8083 -1.50732
-4.44248 -13.8812 -1.52321
-4.45165 -13.9485 -1.54288
-4.46072 -14.0117 -1.56992
-4.48097 -14.0713 -1.61748
-4.50691 -14.1289 -1.6854
-4.54748 -14.1701 -1.77761
-4.59527 -14.2017 -1.89035
-4.65136 -14.2229 -2.02812
-4.71728 -14.225 -2.19607
-4.77677 -14.2189 -2.35763
-4.8397 -14.1951 -2.5405
-4.88338 -14.1724 -2.6807
-4.92726 -14.1364 -2.83498
-4.96517 -14.0961 -2.98323
-4.99616 -14.0484 -3.12647
-5.02085 -13.9932 3.01376
-5.03388 -13.9377 2.88236
-5.04843 -13.8805 2.74636
-5.05747 -13.8043 2.5738
-5.05456 -13.7404 2.43681
-5.04941 -13.6798 2.30974
-5.03091 -13.6197 2.17914
-5.0247 -13.5611 2.06292
-5.00472 -13.499 1.95152
-4.98505 -13.4384 1.85219
-4.9753 -13.384 1.76904
-4.94827 -13.3265 1.69658
-4.94176 -13.2701 1.64023
-4.92327 -13.2151 1.58783
-4.90054 -13.1541 1.53555
-4.88105 -13.1012 1.49127
-4.86285 -13.0434 1.45166
-4.84869 -12.9828 1.41291
-4.82965 -12.9227 1.37789
-4.80835 -12.8611 1.35367
-4.79225 -12.7994 1.3475
-4.77737 -12.7349 1.35153
-4.76434 -12.6649 1.36206
-4.75491 -12.593 1.38023
-4.74302 -12.5248 1.39299
-4.72853 -12.4537 1.40151
-4.71262 -12.3766 1.40922
-4.69734 -12.3007 1.41684
-4.68244 -12.2113 1.41971
-4.66799 -12.1353 1.41976
-4.65187 -12.0624 1.41536
-4.6311 -11.9689 1.40521
-4.60568 -11.8804 1.38772
-4.58053 -11.795 1.37123
-4.55531 -11.7091 1.35063
-4.52576 -11.6169 1.33276
-4.4973 -11.5301 1.31506
-4.46314 -11.445 1.28835
-4.42949 -11.3482 1.26846
-4.39902 -11.2605 1.25588
-4.37058 -11.181 1.24799
-4.34066 -11.0919 1.24559
-4.3166 -10.9937 1.26865
-4.30095 -10.9132 1.29498
-4.28713 -10.8123 1.33173
-4.27859 -10.6905 1.39193
-4.27719 -10.6046 1.43413
-4.27592 -10.5039 1.47526
-4.27881 -10.3996 1.5157
-4.27623 -10.2946 1.53875
-4.28221 -10.2101 1.56477
-4.28128 -10.1026 1.57124
-4.27173 -9.99358 1.55741
-4.26519 -9.89486 1.54926
-4.25212 -9.78462 1.52542
-4.22785 -9.6818 1.48312
-4.20462 -9.58534 1.45092
-4.17128 -9.47499 1.40709
-4.13801 -9.36324 1.36348
-4.10446 -9.26789 1.33086
-4.0681 -9.16494 1.30363
-4.03371 -9.05245 1.29042
-4.00128 -8.9616 1.27472
-3.96674 -8.86135 1.27073
-3.93966 -8.75741 1.28151
-3.91213 -8.6577 1.29169
-3.8885 -8.54751 1.31365
-3.87279 -8.45172 1.33829
-3.85108 -8.34799 1.35185
-3.8307 -8.24208 1.36363
-3.81339 -8.13693 1.37582
-3.79103 -8.03037 1.37979
-3.76773 -7.92544 1.38707
-3.74464 -7.82074 1.38366
-3.71992 -7.72063 1.38101
-3.69031 -7.60287 1.36988
-3.66281 -7.49934 1.35451
-3.62977 -7.3954 1.3287
-3.5971 -7.29133 1.30822
-3.56291 -7.19093 1.28781
-3.51962 -7.08711 1.25539
-3.47552 -6.98657 1.22869
-3.43275 -6.88667 1.21118
-3.38018 -6.79153 1.17407
-3.32815 -6.68757 1.15273
-3.28368 -6.59145 1.15039
-3.21984 -6.49492 1.10419
-3.16591 -6.39126 1.0982
-3.10638 -6.29347 1.07865
-3.04436 -6.19787 1.05398
-2.99447 -6.10685 1.0587
-2.93162 -6.00598 1.0413
-2.87025 -5.91119 1.02426
-2.8198 -5.81204 1.03491
-2.76215 -5.72294 1.02095
-2.70842 -5.62854 1.03017
-2.65974 -5.52336 1.05354
-2.61143 -5.42811 1.06002
-2.56621 -5.33327 1.07477
-2.53114 -5.23146 1.11258
-2.48954 -5.14278 1.12136
-2.45191 -5.04972 1.14314
-2.42501 -4.95097 1.18833
-2.39347 -4.85679 1.20555
-2.37014 -4.76074 1.23597
-2.35625 -4.66527 1.28178
-2.34158 -4.56964 1.32101
-2.3335 -4.46795 1.36784
-2.33248 -4.3746 1.41903
-2.33553 -4.2862 1.46701
-2.34291 -4.19157 1.52281
-2.35119 -4.10072 1.57167
-2.36197 -4.02055 1.61545
-2.38662 -3.92652 1.6781
-2.41521 -3.84612 1.73793
-2.44398 -3.76393 1.78769
-2.48091 -3.68149 1.8443
-2.53046 -3.60578 1.91493
-2.57911 -3.53259 1.97439
-2.62805 -3.46839 2.02884
-2.69154 -3.39762 2.10466
-2.75399 -3.33888 2.17254
-2.81259 -3.2924 2.23366
-2.87994 -3.23428 2.29674
-2.94921 -3.17795 2.34851
-3.01438 -3.1272 2.39892
-3.09192 -3.08739 2.46495
-3.17508 -3.04516 2.52433
-3.24494 -3.01069 2.56169
-3.32521 -2.98041 2.6095
-3.41164 -2.94463 2.65795
-3.48691 -2.91301 2.68117
-3.57271 -2.88526 2.70546
-3.65427 -2.85905 2.73737
-3.72925 -2.83731 2.76788
-3.81327 -2.8147 2.7992
-3.90027 -2.80151 2.84135
-3.98926 -2.78923 2.88075
-4.07321 -2.77726 2.91119
-4.15474 -2.7674 2.93585
-4.24332 -2.75377 2.95734
-4.32468 -2.7385 2.96297
-4.4097 -2.72555 2.97539
-4.50864 -2.70983 2.98408
-4.58847 -2.69378 2.97973
-4.66873 -2.67714 2.97438
-4.76407 -2.66012 2.97001
-4.85843 -2.6338 2.94632
-4.9451 -2.60118 2.90543
-5.0253 -2.56374 2.85713
-5.11183 -2.51127 2.78578
-5.18922 -2.45154 2.70312
-5.25897 -2.38152 2.60672
-5.32187 -2.29571 2.485
-5.36677 -2.20846 2.36624
-5.39542 -2.12251 2.24842
-5.41005 -2.01827 2.10019
-5.41102 -1.91657 1.95408
-5.38449 -1.82203 1.78728
-5.33331 -1.72723 1.59905
-5.26402 -1.65058 1.41141
-5.17923 -1.59271 1.20709
-5.08234 -1.54783 0.990965
-4.98089 -1.53019 0.778814
-4.87171 -1.5297 0.56317
-4.75875 -1.55114 0.36105
-4.67373 -1.57831 0.196815
-4.58646 -1.61671 0.0362602
-4.49774 -1.6604 -0.0917467
-4.42505 -1.69718 -0.192866
-4.34625 -1.73871 -0.279979
-4.27195 -1.77849 -0.332981
-4.19847 -1.82522 -0.378285
-4.13069 -1.89436 -0.428413
-4.06705 -1.96723 -0.469576
-4.00081 -2.01651 -0.48985
-3.92351 -2.07126 -0.522873
-3.84514 -2.11862 -0.551512
-3.78016 -2.1634 -0.561294
-3.70318 -2.21619 -0.569994
-3.6289 -2.2788 -0.598214
-3.56614 -2.33186 -0.609581
-3.49723 -2.39684 -0.615302
-3.42076 -2.45773 -0.636371
-3.36209 -2.51459 -0.662537
-3.29344 -2.58101 -0.681198
-3.2228 -2.65303 -0.703944
-3.1561 -2.72765 -0.734837
-3.09738 -2.79579 -0.757973
-3.03596 -2.8713 -0.78357
-2.97112 -2.95363 -0.811127
-2.91873 -3.0289 -0.835929
-2.86327 -3.11362 -0.871285
-2.80121 -3.20594 -0.906773
-2.75393 -3.28085 -0.934443
-2.71079 -3.3585 -0.970453
-2.65772 -3.45082 -0.994414
-2.60331 -3.52405 -0.990106
-2.55452 -3.59786 -0.986949
-2.49511 -3.67226 -0.966141
-2.41919 -3.72538 -0.886421
-2.34789 -3.76918 -0.806882
-2.26597 -3.80745 -0.712321
-2.18178 -3.83604 -0.60592
-2.08302 -3.85397 -0.490697
-2.0028 -3.85693 -0.378719
-1.91979 -3.84409 -0.247627
-1.83026 -3.82167 -0.121996
-1.75388 -3.78817 -0.000813028
-1.6769 -3.74169 0.139567
-1.61155 -3.69645 0.257121
-1.55702 -3.64266 0.37894
-1.50815 -3.56979 0.512755
-1.47105 -3.5049 0.625527
-1.44452 -3.43668 0.738066
-1.4224 -3.36025 0.862065
-1.41534 -3.28972 0.971312
-1.41478 -3.2226 1.07901
-1.4252 -3.14733 1.20066
-1.4403 -3.08073 1.32238
-1.46095 -3.01751 1.43991
-1.48945 -2.96002 1.55344
-1.52376 -2.90298 1.673
-1.56894 -2.85541 1.78491
-1.62055 -2.81042 1.90293
-1.67214 -2.77169 2.01744
-1.73116 -2.74209 2.14002
-1.78922 -2.72067 2.24309
-1.84549 -2.70274 2.35271
-1.91316 -2.69439 2.47097
-1.97723 -2.69375 2.58193
-2.03534 -2.69912 2.68664
-2.0927 -2.70406 2.7882
-2.15381 -2.72113 2.894
-2.21152 -2.74728 2.99527
-2.26372 -2.77531 3.08867
-2.3168 -2.80039 -3.109
-2.36739 -2.82942 -3.02984
-2.42179 -2.85588 -2.96228
-2.47756 -2.87515 -2.92095
-2.53694 -2.89166 -2.90307
-2.59845 -2.90212 -2.90154
-2.66725 -2.91039 -2.9162
-2.73562 -2.91587 -2.94126
-2.80833 -2.91609 -2.97673
-2.88807 -2.91179 -3.02003
-2.96832 -2.90479 -3.0656
-3.04915 -2.8984 -3.09835
-3.13084 -2.89179 -3.1302
-3.22028 -2.87375 3.10833
-3.30499 -2.8555 3.06817
-3.38862 -2.83909 3.0555
-3.4813 -2.81971 3.0334
-3.577 -2.79521 3.00433
-3.66603 -2.77533 2.98604
-3.76263 -2.75 2.96333
-3.86267 -2.71446 2.91996
-3.94814 -2.68127 2.88204
-4.04106 -2.64492 2.84506
-4.14706 -2.60119 2.8039
-4.22999 -2.56272 2.77605
-4.31826 -2.51666 2.74026
-4.41861 -2.46821 2.71625
-4.50779 -2.42312 2.70303
-4.5945 -2.37497 2.68515
-4.72132 -2.31389 2.68387
-4.81329 -2.27418 2.69172
-4.90779 -2.226 2.68774
-5.01081 -2.18082 2.69763
-5.10378 -2.14457 2.7098
-5.18975 -2.10328 2.70437
-5.2976 -2.0579 2.71125
-5.38941 -2.02113 2.72152
-5.47952 -1.97256 2.7111
-5.57699 -1.9258 2.71083
-5.66868 -1.88342 2.71026
-5.74808 -1.84193 2.69418
-5.84231 -1.79735 2.6903
-5.9346 -1.75236 2.6865
-6.01754 -1.70414 2.66828
-6.10864 -1.65266 2.64836
-6.18949 -1.60972 2.6413
-6.2676 -1.55661 2.6129
-6.34865 -1.50554 2.58515
-6.42598 -1.45781 2.58066
-6.50123 -1.40377 2.56076
-6.56678 -1.34538 2.53219
-6.65654 -1.27279 2.51287
-6.72467 -1.22767 2.52077
-6.78873 -1.17705 2.51836
-6.85737 -1.13831 2.54491
-6.93511 -1.10712 2.60096
-7.00669 -1.08195 2.65154
-7.06954 -1.06057 2.69176
-7.14508 -1.03856 2.73556
-7.22226 -1.01954 2.77736
-7.29425 -0.993964 2.79279
-7.36568 -0.970524 2.80519
-7.44075 -0.947316 2.81038
-7.51211 -0.919442 2.81422
-7.57173 -0.896761 2.81521
-7.63244 -0.875958 2.81554
-7.71632 -0.845346 2.8108
-7.78318 -0.822881 2.80874
-7.84365 -0.80117 2.808
-7.89845 -0.777909 2.80746
-7.96165 -0.75366 2.8055
-8.01631 -0.732906 2.80343
-8.07232 -0.711661 2.80354
-8.12457 -0.692224 2.80356
-8.16107 -0.678038 2.80289
-8.20774 -0.660064 2.80171
-8.25802 -0.640316 2.79845
-8.30804 -0.61906 2.79204
-8.34879 -0.600326 2.78314
-8.39384 -0.581836 2.7761
-8.44098 -0.565386 2.77744
-8.48782 -0.555622 2.78493
-8.54238 -0.541162 2.79836
-8.59088 -0.531888 2.81716
-8.63974 -0.524834 2.84168
-8.68603 -0.523204 2.87459
-8.73645 -0.525083 2.9172
-8.78735 -0.530284 2.9662
-8.84825 -0.538395 3.02262
-8.9058 -0.548017 3.07255
-8.95473 -0.554275 3.1107
-9.01697 -0.557731 3.13298
-9.06911 -0.560075 -3.13966
-9.13109 -0.566476 -3.121
-9.19208 -0.574764 -3.1016
-9.25099 -0.581661 -3.08754
-9.31106 -0.586271 -3.08444
-9.37153 -0.587195 -3.08983
-9.43331 -0.588094 -3.09627
-9.50017 -0.590838 -3.101
-9.56003 -0.590469 -3.10972
-9.61994 -0.585868 -3.12469
-9.67974 -0.577593 3.13954
-9.73995 -0.571762 3.12483
-9.7982 -0.56901 3.11635
-9.86257 -0.569469 3.11808
-9.92203 -0.567886 3.11167
-9.97842 -0.562448 3.10436
-10.0405 -0.549451 3.08016
-10.1019 -0.538575 3.05595
-10.1625 -0.522576 3.02545
-10.2241 -0.504303 2.9912
-10.2854 -0.481931 2.95444
-10.3411 -0.457587 2.91657
-10.3957 -0.433033 2.88564
-10.4522 -0.407077 2.85467
-10.5058 -0.381687 2.8224
-10.5615 -0.351094 2.79074
-10.609 -0.326115 2.76677
-10.6921 -0.298295 2.7716
-10.7561 -0.282913 2.78844
-10.8216 -0.280494 2.83827
-10.889 -0.278814 2.89023
-10.9554 -0.277928 2.93572
-11.0312 -0.279486 2.98252
-11.1096 -0.282072 3.02976
-11.1925 -0.286091 3.06493
-11.266 -0.283265 3.07731
-11.345 -0.284734 3.09332
-11.4331 -0.2892 3.11148
-11.5198 -0.28676 3.10669
-11.6063 -0.28226 3.0937
-11.6895 -0.282106 3.0943
-11.7785 -0.281961 3.09499
-11.8652 -0.277023 3.08596
-11.9523 -0.274894 3.08703
-12.0397 -0.277745 3.0999
-12.1263 -0.27784 3.10578
-12.2132 -0.273277 3.09855
-12.2937 -0.272519 3.10385
-12.3827 -0.276682 3.11501
-12.4663 -0.27526 3.11421
-12.5483 -0.270552 3.10868
-12.6346 -0.272238 3.12113
-12.7129 -0.272451 3.12983
-12.794 -0.26458 3.11882
-12.8772 -0.255767 3.10752
-12.9572 -0.251178 3.1025
-13.0381 -0.24373 3.08787
-13.1129 -0.228228 3.05224
-13.1872 -0.210129 3.01373
-13.2608 -0.190708 2.98338
-13.3327 -0.170934 2.96133
-13.4066 -0.144961 2.93371
-13.4771 -0.11706 2.90455
-13.5436 -0.0917259 2.8838
-13.6147 -0.0625163 2.86197
-13.6899 -0.0318495 2.8396
-13.7598 -0.00131821 2.82197
-13.8284 0.0242723 2.81516
-13.9268 0.0657711 2.7932
-13.9999 0.100893 2.77627
-14.0679 0.137237 2.76023
-14.1378 0.176071 2.73649
-14.2132 0.220564 2.71362
-14.2839 0.262278 2.70091
-14.3528 0.30441 2.69042
-14.4263 0.350607 2.67362
-14.5112 0.404499 2.65771
-14.5857 0.442862 2.6589
-14.6591 0.482781 2.65149
-14.7414 0.532988 2.64048
-14.8248 0.571839 2.64345
-14.9137 0.612453 2.65004
-14.9945 0.659674 2.63931
-15.0815 0.704811 2.64411
-15.1674 0.740559 2.66855
-15.2597 0.781646 2.6887
-15.3515 0.815936 2.72046
-15.4428 0.834714 2.77386
-15.537 0.861354 2.80745
-15.6327 0.882362 2.84168
-15.7342 0.911082 2.87064
-15.8317 0.924307 2.89141
-15.9347 0.938288 2.90639
-16.0429 0.965449 2.8998
-16.1349 0.991479 2.88668
-16.2362 1.02216 2.86931
-16.3436 1.0608 2.8439
-16.4347 1.09528 2.82434
-16.5257 1.13461 2.80633
-16.6272 1.17844 2.78946
-16.7179 1.2225 2.77148
-16.8051 1.26413 2.74202
-16.9002 1.31871 2.71127
-16.9895 1.36794 2.68097
-17.0641 1.4276 2.6363
-17.1911 1.51103 2.598
-17.2643 1.56702 2.57513
-17.3346 1.63439 2.53192
-17.4246 1.70177 2.5153
-17.4937 1.7551 2.50263
-17.5707 1.8169 2.48239
-17.6509 1.87183 2.49279
-17.7301 1.91883 2.51995
-17.8044 1.97918 2.5148
-17.882 2.03278 2.52006
-17.9586 2.08471 2.53946
-18.0391 2.14421 2.53919
-18.1079 2.20076 2.52933
-18.1929 2.24949 2.54699
-18.2757 2.29861 2.5528
-18.3571 2.34605 2.5464
-18.4383 2.3966 2.56061
-18.5263 2.44427 2.5748
-18.6024 2.48871 2.57654
-18.6873 2.5384 2.59477
-18.775 2.58863 2.62025
-18.8805 2.65988 2.61742
-18.9724 2.71659 2.62752
-19.0573 2.76604 2.63644
-19.1379 2.8186 2.63084
-19.2315 2.86728 2.64752
-19.3204 2.91413 2.66261
-19.4131 2.96491 2.66076
-19.5052 3.00707 2.67138
-19.5965 3.04944 2.68207
-19.6858 3.09622 2.67594
-19.7869 3.14186 2.68072
-19.8812 3.18238 2.69733
-19.9755 3.23164 2.69607
-20.0749 3.28017 2.71566
-20.1972 3.32317 2.75613
-20.2958 3.35595 2.78716
-20.4056 3.37561 2.83638
-20.5085 3.39299 2.87916
-20.6124 3.40501 2.91819
-20.7191 3.41878 2.94604
-20.8287 3.42999 2.97634
-20.9385 3.43323 3.01332
-21.0528 3.43606 3.04245
-21.1561 3.42528 3.09349
-21.2679 3.4111 -3.13587
-21.3779 3.39642 -3.09768
-21.4809 3.36167 -3.01624
-21.588 3.32753 -2.9566
-21.6909 3.28477 -2.89848
-21.7881 3.23616 -2.82618
-21.8825 3.18616 -2.7735
-21.9825 3.12257 -2.71095
-22.0709 3.05651 -2.64639
-22.146 2.98237 -2.57697
-22.2263 2.8989 -2.50507
-22.2989 2.82292 -2.43793
-22.3558 2.73385 -2.34324
-22.4223 2.64352 -2.2789
-22.4791 2.55294 -2.22493
-22.5294 2.45899 -2.16469
-22.5867 2.36612 -2.155
-22.6419 2.26311 -2.13052
-22.6938 2.1666 -2.11349
-22.7507 2.07513 -2.11876
-22.8082 1.9793 -2.11143
-22.8574 1.88741 -2.09995
-22.9049 1.79457 -2.09284
-22.9564 1.68968 -2.07511
-22.9993 1.60132 -2.06206
-23.0466 1.51562 -2.0552
-23.099 1.40619 -2.04191
-23.1423 1.31639 -2.02955
-23.1875 1.22149 -2.01896
-23.235 1.12018 -2.00616
-23.2771 1.02867 -1.9987
-23.3354 0.90246 -1.99688
-23.3754 0.8094 -2.00128
-23.4212 0.715521 -2.00318
-23.4679 0.622285 -2.00578
-23.5126 0.534634 -2.00355
-23.5569 0.444276 -2.00184
-23.6081 0.343198 -2.00539
-23.6527 0.256505 -2.01174
-23.6975 0.168448 -2.01819
-23.7491 0.066449 -2.02334
-23.796 -0.0260688 -2.02497
-23.8353 -0.112988 -2.01698
-23.8809 -0.210797 -2.01236
-23.9223 -0.312319 -2.00082
-23.9598 -0.404804 -1.98766
-23.9942 -0.504397 -1.96788
-24.0339 -0.611684 -1.95038
-24.0721 -0.710261 -1.93933
-24.1081 -0.813991 -1.92966
-24.1459 -0.916465 -1.92623
-24.1781 -1.02389 -1.90846
-24.2039 -1.1347 -1.88339
-24.2286 -1.24624 -1.85455
-24.2398 -1.35664 -1.80127
-24.2535 -1.50837 -1.74395
-24.2558 -1.623 -1.69613
-24.2482 -1.73333 -1.63901
-24.2436 -1.85587 -1.60731
-24.2219 -1.96971 -1.54167
-24.1998 -2.07754 -1.48692
-24.1735 -2.19215 -1.43525
-24.125 -2.29852 -1.35321
-24.0822 -2.3909 -1.29053
-24.023 -2.49749 -1.20897
-23.9666 -2.59339 -1.14462
-23.8995 -2.66737 -1.07008
-23.8182 -2.76489 -1.0079
-23.7452 -2.84752 -0.968115
-23.6638 -2.91496 -0.910691
-23.5827 -2.99702 -0.878682
-23.499 -3.06964 -0.838198
-23.4102 -3.13403 -0.780493
-23.3314 -3.19581 -0.74677
-23.2277 -3.26685 -0.694393
-23.1431 -3.31658 -0.635491
-23.0608 -3.36042 -0.592472
-22.9513 -3.41365 -0.537884
-22.8552 -3.4567 -0.491841
-22.7599 -3.49462 -0.450371
-22.6545 -3.53469 -0.418088
-22.5528 -3.57093 -0.394271
-22.4508 -3.60098 -0.358951
-22.3472 -3.63305 -0.344706
-22.2427 -3.66827 -0.32932
-22.1417 -3.69307 -0.30945
-22.0372 -3.72988 -0.317992
-21.9377 -3.76223 -0.324105
-21.8331 -3.79263 -0.322543
-21.731 -3.8309 -0.336649
-21.6328 -3.86787 -0.342072
-21.5263 -3.9033 -0.334358
-21.4182 -3.94816 -0.350389
-21.3225 -3.98291 -0.35091
-21.2244 -4.01799 -0.340774
-21.1091 -4.06061 -0.343779
-21.0004 -4.08302 -0.334791
-20.8998 -4.11642 -0.326978
-20.7924 -4.16148 -0.342302
-20.6793 -4.1975 -0.332284
-20.5738 -4.23208 -0.332466
-20.4704 -4.26861 -0.345024
-20.3639 -4.29609 -0.332515
-20.2563 -4.33564 -0.344808
-20.1549 -4.37237 -0.351168
-20.0532 -4.40654 -0.344647
-19.96 -4.44342 -0.351019
-19.861 -4.48203 -0.3553
-19.7708 -4.51228 -0.345793
-19.6793 -4.55134 -0.355798
-19.5861 -4.58999 -0.364045
-19.5044 -4.61914 -0.355303
-19.4144 -4.65301 -0.355827
-19.3278 -4.68805 -0.364719
-19.2519 -4.71707 -0.365212
-19.1675 -4.7444 -0.354589
-19.0879 -4.77795 -0.363399
-19.0128 -4.81026 -0.37178
-18.9452 -4.83912 -0.369719
-18.8662 -4.86961 -0.366811
-18.7981 -4.90111 -0.370797
-18.7285 -4.93192 -0.374917
-18.6557 -4.96083 -0.371534
-18.5641 -4.99665 -0.368222
-18.4944 -5.02554 -0.376843
-18.4289 -5.05433 -0.382622
-18.363 -5.08043 -0.382755
-18.2877 -5.10826 -0.37843
-18.2059 -5.14241 -0.379358
-18.1395 -5.17561 -0.386794
-18.0706 -5.20642 -0.392203
-17.9884 -5.24092 -0.390983
-17.9051 -5.28002 -0.402974
-17.8252 -5.31988 -0.417379
-17.7537 -5.35002 -0.417412
-17.6526 -5.39369 -0.415484
-17.5781 -5.42932 -0.422566
-17.4971 -5.46558 -0.423858
-17.3937 -5.51415 -0.425533
-17.3125 -5.55619 -0.438835
-17.2185 -5.60497 -0.447111
-17.1316 -5.64559 -0.443329
-17.0385 -5.69607 -0.450892
-16.9408 -5.74427 -0.454586
-16.8491 -5.7912 -0.456483
-16.7485 -5.84683 -0.469707
-16.6622 -5.89984 -0.480269
-16.5643 -5.95491 -0.487908
-16.4671 -6.01325 -0.499636
-16.3717 -6.0691 -0.506236
-16.2694 -6.13314 -0.517908
-16.1753 -6.19304 -0.531661
-16.0833 -6.25308 -0.541209
-15.9841 -6.31388 -0.545608
-15.8867 -6.37646 -0.547127
-15.7922 -6.43634 -0.546332
-15.6918 -6.49693 -0.544714
-15.5975 -6.5574 -0.543276
-15.5022 -6.61656 -0.541887
-15.3996 -6.67985 -0.538998
-15.3033 -6.73643 -0.536865
-15.2046 -6.79758 -0.536873
-15.1036 -6.85619 -0.535458
-14.9721 -6.92827 -0.526796
-14.8649 -6.98025 -0.5064
-14.7622 -7.02849 -0.483959
-14.6577 -7.07436 -0.460411
-14.554 -7.11869 -0.443627
-14.4443 -7.16652 -0.423604
-14.3304 -7.21054 -0.40135
-14.2309 -7.24907 -0.393312
-14.0782 -7.29842 -0.366429
-13.9633 -7.33971 -0.36638
-13.8529 -7.37465 -0.356471
-13.7349 -7.40936 -0.343502
-13.622 -7.44426 -0.342136
-13.5199 -7.47016 -0.318978
-13.4102 -7.50047 -0.306228
-13.2816 -7.53003 -0.293573
-13.1749 -7.54838 -0.259168
-13.077 -7.57217 -0.243574
-12.9488 -7.601 -0.227468
-12.85 -7.61457 -0.198765
-12.7325 -7.64572 -0.204027
-12.5983 -7.66568 -0.178899
-12.4961 -7.67364 -0.154966
-12.3807 -7.68717 -0.137336
-12.2548 -7.68185 -0.0831458
-12.1383 -7.68463 -0.0615199
-12.0074 -7.67593 -0.0176415
-11.8855 -7.65541 0.0360449
-11.7836 -7.63827 0.071306
-11.6668 -7.60187 0.132531
-11.5333 -7.56054 0.188275
-11.423 -7.51473 0.248823
-11.3114 -7.46208 0.315785
-11.2175 -7.39944 0.395757
-11.1151 -7.33487 0.46219
-11.0098 -7.25781 0.542916
-10.9159 -7.16989 0.625631
-10.8216 -7.08168 0.682213
-10.7536 -6.98048 0.762992
-10.6773 -6.88653 0.819675
-10.6085 -6.7778 0.892131
-10.5531 -6.66113 0.971852
-10.5052 -6.54622 1.0537
-10.4722 -6.42854 1.13491
-10.4577 -6.31711 1.23199
-10.4604 -6.17829 1.36012
-10.469 -6.06304 1.46537
-10.5128 -5.96253 1.61055
-10.5706 -5.84305 1.76989
-10.6443 -5.76073 1.93438
-10.7359 -5.69679 2.1208
-10.8468 -5.66849 2.34539
-10.9498 -5.66706 2.56764
-11.0523 -5.6955 2.81983
-11.1456 -5.75007 3.08058
-11.2175 -5.81431 -2.95703
-11.2649 -5.90003 -2.72762
-11.3004 -5.98421 -2.52133
-11.3274 -6.06487 -2.33412
-11.3521 -6.14949 -2.16803
-11.3721 -6.22808 -2.03613
-11.4 -6.32917 -1.92266
-11.43 -6.41235 -1.87407
-11.4556 -6.49104 -1.84381
-11.4738 -6.57471 -1.82928
-11.4866 -6.64829 -1.84349
-11.5117 -6.72183 -1.86799
-11.544 -6.80127 -1.89719
-11.5722 -6.86831 -1.9312
-11.609 -6.93616 -1.97736
-11.6619 -6.99924 -2.04049
-11.7175 -7.0676 -2.09884
-11.7702 -7.12286 -2.15436
-11.8364 -7.17807 -2.22951
-11.9097 -7.23555 -2.29915
-11.9768 -7.27645 -2.35354
-12.0539 -7.31976 -2.42108
-12.1364 -7.35711 -2.49372
-12.2133 -7.37912 -2.56162
-12.2972 -7.39271 -2.64191
-12.3833 -7.4103 -2.72947
-12.4739 -7.41413 -2.8209
-12.5554 -7.40458 -2.90368
-12.6412 -7.38881 -2.99727
-12.7228 -7.36647 -3.0816
-12.805 -7.34204 3.121
-12.8786 -7.31663 3.05556
-12.962 -7.28327 2.98853
-13.0298 -7.25891 2.95538
-13.0959 -7.23406 2.92226
-13.1753 -7.20505 2.8988
-13.2575 -7.18497 2.88737
-13.34 -7.16289 2.88023
-13.415 -7.1383 2.86181
-13.4886 -7.11483 2.84881
-13.5754 -7.0915 2.84726
-13.6595 -7.06729 2.84774
-13.7475 -7.035 2.82613
-13.8224 -7.00869 2.81493
-13.9024 -6.98281 2.81417
-13.9873 -6.945 2.79313
-14.0728 -6.90863 2.77511
-14.1519 -6.87134 2.76715
-14.2371 -6.83492 2.75459
-14.3128 -6.79399 2.72726
-14.3924 -6.75561 2.71223
-14.4867 -6.7212 2.72508
-14.5753 -6.67909 2.71127
-14.6641 -6.63948 2.71179
-14.7482 -6.6174 2.74202
-14.8398 -6.58133 2.7508
-14.9324 -6.54251 2.75263
-15.0317 -6.51232 2.77417
-15.1194 -6.4828 2.78277
-15.214 -6.44043 2.76838
-15.3087 -6.40653 2.77495
-15.396 -6.36631 2.76249
-15.4938 -6.31294 2.72954
-15.592 -6.2661 2.71685
-15.6831 -6.22666 2.7148
-15.7784 -6.17275 2.68282
-15.876 -6.12688 2.68165
-15.9711 -6.07785 2.67351
-16.0597 -6.01884 2.63618
-16.1981 -5.94904 2.63465
-16.288 -5.897 2.62162
-16.3764 -5.84305 2.615
-16.4865 -5.79633 2.64685
-16.5838 -5.73638 2.63918
-16.6823 -5.69195 2.66133
-16.7994 -5.64996 2.69507
-16.8952 -5.60867 2.70374
-16.9965 -5.57593 2.73772
-17.1084 -5.53252 2.75427
-17.2161 -5.49061 2.75672
-17.3142 -5.45771 2.77677
-17.4201 -5.4131 2.77158
-17.5174 -5.3672 2.76169
-17.619 -5.32903 2.76951
-17.7215 -5.28474 2.75965
-17.8195 -5.24097 2.74778
-17.925 -5.203 2.76082
-18.0168 -5.15773 2.74988
-18.1118 -5.11756 2.74926
-18.2184 -5.08095 2.76495
-18.3127 -5.03595 2.75264
-18.4144 -4.9928 2.74799
-18.5069 -4.95857 2.75899
-18.6007 -4.9108 2.74501
-18.6978 -4.86879 2.74166
-18.7936 -4.83741 2.75912
-18.8882 -4.79273 2.74419
-18.9901 -4.75632 2.74745
-19.079 -4.73331 2.77176
-19.1728 -4.71262 2.79527
-19.2737 -4.69129 2.8269
-19.3736 -4.69265 2.89899
-19.4655 -4.69384 2.95815
-19.565 -4.70425 3.03584
-19.6533 -4.73903 -3.14091
-19.7335 -4.77056 -3.04331
-19.8139 -4.82604 -2.91863
-19.8923 -4.88503 -2.79856
-19.9528 -4.95556 -2.66576
-20.0013 -5.02948 -2.52088
-20.0352 -5.10743 -2.38004
-20.0575 -5.19457 -2.23284
-20.0662 -5.28488 -2.08293
-20.0623 -5.36941 -1.95369
-20.042 -5.4611 -1.79144
-20.0112 -5.53679 -1.64996
-19.9756 -5.6071 -1.50021
-19.905 -5.67649 -1.3392
-19.8507 -5.73262 -1.19971
-19.7684 -5.77378 -1.04551
-19.6915 -5.8053 -0.903799
-19.6115 -5.834 -0.753839
-19.5217 -5.84722 -0.624214
-19.4132 -5.85015 -0.454033
-19.318 -5.84874 -0.359391
-19.233 -5.83379 -0.253561
-19.145 -5.81737 -0.166487
-19.0655 -5.82062 -0.101286
-18.9813 -5.81421 -0.0357626
-18.8879 -5.82052 0.000793439
-18.7939 -5.81237 0.0270524
-18.7011 -5.80062 0.0605763
-18.6154 -5.78702 0.0891922
-18.5181 -5.77615 0.0973162
-18.4277 -5.7615 0.116459
-18.3319 -5.74174 0.141964
-18.2379 -5.72545 0.146241
-18.15 -5.70931 0.139855
-18.0465 -5.68872 0.14573
-17.9544 -5.67661 0.134735
-17.8554 -5.67207 0.10456
-17.7413 -5.66822 0.0830438
-17.6524 -5.66904 0.0601868
-17.5624 -5.6826 0.0099738
-17.4556 -5.68776 -0.0176814
-17.3593 -5.70128 -0.0481635
-17.2636 -5.72373 -0.0936545
-17.1688 -5.75078 -0.137458
-17.0868 -5.77528 -0.167743
-17.0009 -5.80944 -0.211814
-16.9113 -5.84646 -0.259018
-16.8243 -5.88316 -0.292458
-16.7345 -5.92814 -0.334359
-16.6552 -5.9693 -0.370942
-16.5828 -6.00914 -0.400157
-16.4895 -6.06422 -0.43511
-16.4017 -6.10792 -0.452772
-16.3142 -6.15727 -0.462723
-16.2335 -6.20529 -0.475987
-16.1485 -6.25368 -0.482631
-16.0598 -6.29807 -0.479311
-15.9744 -6.34867 -0.492329
-15.8814 -6.39892 -0.497868
-15.7859 -6.44852 -0.496385
-15.6749 -6.518 -0.520268
-15.5854 -6.56898 -0.527572
-15.4894 -6.62195 -0.531137
-15.4001 -6.67967 -0.546685
-15.3046 -6.73325 -0.539726
-15.2158 -6.77546 -0.520934
-15.1271 -6.8243 -0.516716
-15.0228 -6.86931 -0.490144
-14.9292 -6.90594 -0.459401
-14.8249 -6.9506 -0.441593
-14.7282 -6.98322 -0.409437
-14.6315 -7.01347 -0.380756
-14.529 -7.04833 -0.366908
-14.4173 -7.08267 -0.351704
-14.3181 -7.11466 -0.345792
-14.1778 -7.15991 -0.345037
-14.0667 -7.18836 -0.335239
-13.9696 -7.2156 -0.32655
-13.8544 -7.24635 -0.311801
-13.7476 -7.27439 -0.297322
-13.6398 -7.2998 -0.277524
-13.5317 -7.32191 -0.256418
-13.4247 -7.34082 -0.234291
-13.3079 -7.35659 -0.203026
-13.1868 -7.37279 -0.178465
-13.0758 -7.38348 -0.152015
-12.9689 -7.38674 -0.114364
-12.8474 -7.39106 -0.0936405
-12.7342 -7.38474 -0.0488405
-12.6121 -7.37635 -0.00873204
-12.4884 -7.37271 0.0140505
-12.3797 -7.34285 0.078098
-12.2604 -7.32445 0.112414
-12.1441 -7.28897 0.160931
-12.0304 -7.24425 0.222053
-11.9138 -7.20126 0.264126
-11.8082 -7.14713 0.330232
-11.7062 -7.09031 0.390984
-11.6013 -7.02367 0.462089
-11.5047 -6.95123 0.533261
-11.4163 -6.8684 0.614411
-11.3292 -6.78186 0.67116
-11.2487 -6.68946 0.744211
-11.1744 -6.59542 0.816414
-11.0973 -6.49794 0.853227
-11.0311 -6.38914 0.920614
-10.9599 -6.28544 0.949453
-10.8983 -6.18254 0.984235
-10.8431 -6.07215 1.02149
-10.7849 -5.96994 1.04465
-10.7346 -5.85733 1.085
-10.6873 -5.74638 1.1191
-10.6477 -5.63226 1.15306
-10.6106 -5.51794 1.18832
-10.5809 -5.41563 1.22271
-10.5556 -5.29764 1.25646
-10.5239 -5.18889 1.27626
-10.5004 -5.06992 1.3144
-10.4722 -4.9512 1.32434
-10.4538 -4.84974 1.33627
-10.4365 -4.73514 1.36199
-10.4103 -4.62387 1.35945
-10.396 -4.51325 1.38153
-10.376 -4.40333 1.39583
-10.3519 -4.29286 1.39376
-10.3388 -4.18703 1.409
-10.3232 -4.07779 1.42306
-10.2999 -3.96283 1.42003
-10.296 -3.85603 1.45138
-10.2845 -3.74947 1.46364
-10.2728 -3.63958 1.47033
-10.2712 -3.53366 1.49708
-10.267 -3.42589 1.51075
-10.2616 -3.31447 1.51775
-10.2711 -3.20951 1.55217
-10.2734 -3.09617 1.56892
-10.2725 -2.99214 1.56834
-10.2862 -2.89382 1.60238
-10.2893 -2.78566 1.60928
-10.2944 -2.6789 1.61914
-10.3077 -2.58282 1.64687
-10.3182 -2.48378 1.65905
-10.327 -2.38585 1.66291
-10.344 -2.29201 1.68177
-10.3567 -2.2035 1.69418
-10.369 -2.10653 1.69805
-10.3869 -2.01454 1.71225
-10.4045 -1.93537 1.72789
-10.4236 -1.84277 1.73641
-10.4398 -1.76103 1.73983
-10.457 -1.68464 1.74756
-10.4729 -1.602 1.75154
-10.4876 -1.52595 1.75193
-10.4914 -1.45001 1.73497
-10.4893 -1.36799 1.69879
-10.4824 -1.2921 1.64987
-10.4549 -1.21538 1.57342
-10.4197 -1.12571 1.47864
-10.3774 -1.04251 1.38754
-10.3409 -0.976028 1.30958
-10.2879 -0.904187 1.21952
-10.232 -0.837051 1.13636
-10.1644 -0.776396 1.06139
-10.0954 -0.713527 0.979777
-10.0222 -0.657681 0.905335
-9.95132 -0.606046 0.842832
-9.87366 -0.55893 0.77137
-9.78137 -0.518069 0.693475
-9.69777 -0.47942 0.637242
-9.61335 -0.449871 0.567068
-9.49337 -0.426257 0.465139
-9.41251 -0.407808 0.392641
-9.31977 -0.401 0.302938
-9.21198 -0.388771 0.223335
-9.10832 -0.393071 0.141804
-9.00969 -0.412505 0.0498342
-8.91642 -0.426266 -0.0180544
-8.81683 -0.447954 -0.0763398
-8.72871 -0.480768 -0.140004
-8.6382 -0.514097 -0.189123
-8.54563 -0.546848 -0.229786
-8.46756 -0.589652 -0.272147
-8.38293 -0.622929 -0.307883
-8.30729 -0.662538 -0.335186
-8.22121 -0.698501 -0.354697
-8.13805 -0.731372 -0.35102
-8.06476 -0.753123 -0.341545
-7.98004 -0.780978 -0.329691
-7.89798 -0.80615 -0.318181
-7.83059 -0.824799 -0.303242
-7.75629 -0.844388 -0.286055
-7.68293 -0.858712 -0.271793
-7.61302 -0.871199 -0.25544
-7.54497 -0.884324 -0.23916
-7.47983 -0.896911 -0.223374
-7.41488 -0.905722 -0.207256
-7.35522 -0.914149 -0.192337
-7.26622 -0.924486 -0.172145
-7.21524 -0.932252 -0.163699
-7.16404 -0.937409 -0.153392
-7.10028 -0.947203 -0.147353
-7.03788 -0.958783 -0.158765
-6.97964 -0.976441 -0.184746
-6.92117 -1.00128 -0.222902
-6.8666 -1.02848 -0.261462
-6.80363 -1.06341 -0.295172
-6.74898 -1.09439 -0.335338
-6.68569 -1.13486 -0.377852
-6.62942 -1.17211 -0.410681
-6.57901 -1.20743 -0.438814
-6.52005 -1.25048 -0.46732
-6.45751 -1.29187 -0.486831
-6.38973 -1.32978 -0.48853
-6.32368 -1.36494 -0.484844
-6.25576 -1.40273 -0.488186
-6.17807 -1.44118 -0.479311
-6.1052 -1.46927 -0.462273
-6.02925 -1.49577 -0.44434
-5.95374 -1.53058 -0.44171
-5.87588 -1.56568 -0.43228
-5.80064 -1.59531 -0.416166
-5.72586 -1.62533 -0.407347
-5.64963 -1.65828 -0.403044
-5.56287 -1.69089 -0.392322
-5.48999 -1.71259 -0.377163
-5.41641 -1.73831 -0.369346
-5.33138 -1.76636 -0.369908
-5.25453 -1.79515 -0.368539
-5.17635 -1.82814 -0.371556
-5.10161 -1.85732 -0.38501
-5.02292 -1.89865 -0.39879
-4.94722 -1.93482 -0.403285
-4.87056 -1.96864 -0.40024
-4.79289 -2.00093 -0.397086
-4.71507 -2.02958 -0.380241
-4.63943 -2.055 -0.356792
-4.56572 -2.08223 -0.341961
-4.48154 -2.11335 -0.336949
-4.39903 -2.14335 -0.331352
-4.31996 -2.17397 -0.327974
-4.2375 -2.20478 -0.330871
-4.15546 -2.24229 -0.344002
-4.07251 -2.28005 -0.359425
-3.99783 -2.32086 -0.380996
-3.9204 -2.36904 -0.421351
-3.84289 -2.42793 -0.471012
-3.74969 -2.50045 -0.523384
-3.689 -2.56116 -0.577306
-3.61992 -2.62849 -0.632363
-3.55354 -2.69326 -0.672083
-3.49573 -2.7574 -0.713306
-3.43861 -2.82807 -0.763582
-3.38751 -2.89483 -0.800269
-3.33128 -2.9573 -0.811495
-3.26704 -3.03469 -0.828128
-3.20902 -3.09757 -0.837245
-3.14845 -3.15892 -0.833494
-3.0839 -3.22854 -0.830904
-3.02221 -3.29977 -0.844124
-2.95864 -3.37285 -0.853984
-2.89417 -3.4387 -0.848246
-2.82573 -3.50862 -0.844377
-2.75662 -3.57795 -0.838493
-2.68579 -3.63214 -0.809421
-2.60543 -3.69854 -0.779672
-2.53615 -3.76411 -0.762931
-2.4554 -3.82171 -0.722071
-2.36965 -3.87562 -0.672627
-2.28321 -3.92533 -0.632728
-2.20172 -3.96477 -0.575557
-2.09356 -3.99568 -0.486043
-2.00691 -4.0209 -0.425021
-1.91319 -4.02703 -0.33693
-1.81669 -4.02801 -0.247692
-1.71869 -4.01626 -0.147463
-1.62508 -3.99089 -0.0361624
-1.54328 -3.96028 0.0615777
-1.46107 -3.91631 0.173901
-1.38768 -3.85844 0.301678
-1.3274 -3.79317 0.424298
-1.27281 -3.72128 0.548081
-1.23689 -3.6429 0.682488
-1.20803 -3.5593 0.817985
-1.20226 -3.47607 0.975649
-1.20679 -3.39272 1.13716
-1.22801 -3.31159 1.28702
-1.2674 -3.22791 1.45485
-1.3117 -3.15112 1.60939
-1.3597 -3.08747 1.75825
-1.42304 -3.025 1.92089
-1.49141 -2.97239 2.06597
-1.56394 -2.93182 2.20516
-1.64608 -2.89932 2.34192
-1.72294 -2.86813 2.44756
-1.80869 -2.8457 2.551
-1.90019 -2.83351 2.63727
-1.97829 -2.80262 2.70549
-2.06751 -2.78321 2.76236
-2.15713 -2.75963 2.7949
-2.24956 -2.72734 2.8037
-2.3383 -2.69308 2.80835
-2.42836 -2.66397 2.79987
-2.52162 -2.62246 2.77784
-2.6119 -2.58818 2.77546
-2.70653 -2.5607 2.78404
-2.80508 -2.5248 2.78468
-2.89087 -2.49859 2.79653
-2.9883 -2.47885 2.82997
-3.08249 -2.44935 2.83904
-3.17172 -2.42091 2.84484
-3.26847 -2.39856 2.86451
-3.36762 -2.37 2.86513
-3.46791 -2.33892 2.85592
-3.55975 -2.31864 2.86672
-3.65608 -2.29068 2.8652
-3.75625 -2.25775 2.85717
-3.85106 -2.23252 2.86839
-3.98786 -2.19715 2.873
-4.08621 -2.16956 2.87152
-4.18536 -2.14878 2.89089
-4.28486 -2.12325 2.89505
-4.38599 -2.09438 2.88764
-4.48731 -2.0737 2.90483
-4.58879 -2.04348 2.8926
-4.68751 -2.01087 2.87267
-4.79056 -1.98238 2.87201
-4.88688 -1.9466 2.84907
-4.98931 -1.9014 2.81803
-5.08873 -1.86707 2.81722
-5.18278 -1.82618 2.80021
-5.27869 -1.77903 2.77358
-5.37803 -1.7411 2.77367
-5.47042 -1.69447 2.74789
-5.55817 -1.65217 2.73076
-5.65 -1.61241 2.73314
-5.74702 -1.57012 2.73615
-5.83958 -1.5323 2.74416
-5.93215 -1.50332 2.76864
-6.0334 -1.47351 2.79189
-6.1259 -1.44072 2.79222
-6.21867 -1.4148 2.80725
-6.32616 -1.38053 2.81567
-6.41392 -1.34589 2.80653
-6.50442 -1.31418 2.81539
-6.60386 -1.27834 2.81754
-6.69662 -1.23539 2.79783
-6.7865 -1.1965 2.7843
-6.87849 -1.15465 2.76311
-6.97367 -1.09721 2.71916
-7.05356 -1.04982 2.69243
-7.13926 -1.00058 2.66893
-7.22624 -0.944361 2.63806
-7.30124 -0.890021 2.61149
-7.37238 -0.838313 2.59445
-7.4496 -0.785086 2.58545
-7.52722 -0.733805 2.5839
-7.6024 -0.688272 2.57943
-7.68832 -0.638153 2.58447
-7.7705 -0.591776 2.5952
-7.83801 -0.556793 2.60125
-7.91704 -0.516989 2.61522
-8.00911 -0.474424 2.63872
-8.09504 -0.443107 2.67133
-8.17501 -0.418726 2.70557
-8.26966 -0.39435 2.75128
-8.35822 -0.369585 2.78327
-8.45835 -0.346194 2.82464
-8.55586 -0.327209 2.8677
-8.64936 -0.305474 2.89069
-8.75527 -0.285806 2.91892
-8.86121 -0.278429 2.96122
-8.97507 -0.257575 2.97077
-9.07665 -0.244553 2.98818
-9.17337 -0.239236 3.01976
-9.29498 -0.22185 3.02128
-9.40375 -0.20845 3.02734
-9.50954 -0.201231 3.04471
-9.62347 -0.183807 3.02692
-9.73547 -0.173389 3.03798
-9.83923 -0.165923 3.04725
-9.96372 -0.148147 3.03893
-10.0727 -0.144642 3.05903
-10.1745 -0.138309 3.06876
-10.2926 -0.126467 3.06612
-10.4031 -0.126487 3.08731
-10.5141 -0.12036 3.09198
-10.6218 -0.113633 3.09126
-10.7296 -0.12457 3.124
-10.8345 -0.122099 3.12701
-10.9443 -0.124766 3.13817
-11.0567 -0.135538 -3.11558
-11.1498 -0.13442 -3.11605
-11.2564 -0.13849 -3.10371
-11.3592 -0.144293 -3.08469
-11.4591 -0.145967 -3.08521
-11.5621 -0.14495 -3.08638
-11.6646 -0.148343 -3.08186
-11.7598 -0.149055 -3.09201
-11.8629 -0.150949 -3.09588
-12.0006 -0.1614 -3.08501
-12.0902 -0.157475 -3.10014
-12.1912 -0.158991 -3.11033
-12.2884 -0.165238 -3.11165
-12.3791 -0.16127 -3.12353
-12.4755 -0.156121 -3.1349
-12.5689 -0.155097 -3.13569
-12.6555 -0.155307 -3.13823
-12.7422 -0.148045 3.12254
-12.8442 -0.145178 3.11125
-12.9223 -0.144395 3.10658
-12.9977 -0.138096 3.09147
-13.0887 -0.127998 3.07005
-13.1686 -0.119891 3.06664
-13.2435 -0.113427 3.06351
-13.3193 -0.100362 3.0465
-13.3952 -0.0849508 3.028
-13.4679 -0.0712165 3.01374
-13.5421 -0.0527682 2.99325
-13.6161 -0.0236931 2.95145
-13.688 0.0145364 2.89388
-13.7592 0.0522897 2.84706
-13.8282 0.0926365 2.80763
-13.8985 0.13838 2.75929
-13.9674 0.188808 2.70197
-14.0331 0.239293 2.65246
-14.1017 0.294994 2.60441
-14.1738 0.35484 2.55751
-14.243 0.414173 2.52284
-14.3057 0.472748 2.488
-14.3798 0.536368 2.46596
-14.4604 0.593617 2.47253
-14.5345 0.645067 2.48636
-14.611 0.701319 2.50192
-14.6962 0.758749 2.52655
-14.7796 0.812171 2.54505
-14.8661 0.872377 2.54965
-14.9584 0.933808 2.55804
-15.0482 0.992044 2.56076
-15.131 1.05482 2.55049
-15.2176 1.11433 2.54978
-15.3121 1.1775 2.54941
-15.4054 1.24316 2.54156
-15.5039 1.30001 2.54938
-15.5943 1.35174 2.55988
-15.6879 1.40538 2.567
-15.8187 1.47634 2.59144
-15.9171 1.529 2.59963
-16.0098 1.58215 2.6081
-16.1202 1.64185 2.61525
-16.213 1.69508 2.61675
-16.3079 1.74805 2.62272
-16.404 1.80379 2.62939
-16.4979 1.85288 2.64218
-16.6087 1.91054 2.65335
-16.6985 1.95734 2.66389
-16.7969 2.00288 2.67851
-16.8976 2.05774 2.69202
-16.9951 2.10527 2.70452
-17.089 2.14826 2.72142
-17.1882 2.1972 2.72642
-17.2802 2.23719 2.73872
-17.3869 2.28551 2.75196
-17.4848 2.33143 2.75581
-17.5826 2.37027 2.77069
-17.6838 2.41105 2.78369
-17.781 2.45526 2.78007
-17.8768 2.49246 2.79096
-17.9748 2.53058 2.7967
-18.0845 2.57723 2.79329
-18.1754 2.60626 2.80357
-18.2782 2.6383 2.81048
-18.3805 2.67641 2.80526
-18.4797 2.70519 2.81881
-18.5848 2.73583 2.82805
-18.6873 2.76976 2.82515
-18.7883 2.79127 2.84882
-18.8921 2.81662 2.85904
-18.9945 2.84674 2.85469
-19.0984 2.87188 2.86859
-19.1995 2.898 2.87428
-19.3022 2.93163 2.86363
-19.4015 2.95095 2.88217
-19.5052 2.97817 2.8846
-19.6079 3.00945 2.86768
-19.7044 3.02869 2.88456
-19.8072 3.05738 2.88949
-19.9075 3.08429 2.88723
-20.0166 3.10264 2.91173
-20.1193 3.12449 2.91291
-20.2172 3.14782 2.9103
-20.3247 3.16658 2.92641
-20.4294 3.18749 2.93077
-20.532 3.21021 2.92989
-20.6365 3.22088 2.96005
-20.7423 3.23767 2.9721
-20.8426 3.25156 2.98549
-20.9782 3.25338 3.03555
-21.0843 3.25844 3.05826
-21.1834 3.25231 3.0991
-21.2839 3.23365 -3.11988
-21.383 3.22094 -3.0813
-21.4793 3.19642 -3.02502
-21.5668 3.16237 -2.96253
-21.654 3.12774 -2.90468
-21.7429 3.07711 -2.83127
-21.8232 3.02626 -2.76551
-21.8907 2.96794 -2.68953
-21.9568 2.90272 -2.60483
-22.0253 2.83724 -2.53821
-22.0802 2.77226 -2.46449
-22.1323 2.69285 -2.37829
-22.1767 2.62722 -2.31906
-22.2211 2.55441 -2.26038
-22.2687 2.46784 -2.20027
-22.3076 2.40004 -2.1611
-22.345 2.3285 -2.12651
-22.3882 2.24875 -2.10318
-22.4313 2.17078 -2.09591
-22.4704 2.10058 -2.09063
-22.5127 2.02886 -2.08615
-22.5546 1.95241 -2.08574
-22.5977 1.87927 -2.08577
-22.6337 1.79832 -2.06762
-22.6712 1.71624 -2.04442
-22.7052 1.63273 -2.02198
-22.7325 1.55857 -1.99894
-22.7541 1.47319 -1.95436
-22.791 1.34732 -1.91456
-22.816 1.26739 -1.89381
-22.835 1.16522 -1.84976
-22.8558 1.08125 -1.82729
-22.8799 0.99116 -1.81841
-22.8996 0.885062 -1.78693
-22.9155 0.791788 -1.76705
-22.9358 0.695418 -1.76549
-22.9509 0.592866 -1.75308
-22.9654 0.499047 -1.74222
-22.9963 0.383274 -1.76171
-23.0181 0.282706 -1.76541
-23.0425 0.182228 -1.77275
-23.079 0.0793315 -1.80798
-23.1055 -0.0269134 -1.80985
-23.1318 -0.132188 -1.81734
-23.1686 -0.242479 -1.84275
-23.194 -0.344364 -1.83936
-23.2184 -0.448804 -1.83823
-23.2585 -0.555188 -1.86146
-23.2825 -0.664236 -1.84468
-23.3178 -0.766176 -1.85746
-23.3562 -0.873134 -1.87163
-23.3851 -0.974042 -1.86435
-23.4223 -1.07731 -1.87455
-23.4566 -1.17603 -1.87785
-23.4807 -1.27912 -1.8531
-23.5111 -1.38475 -1.84507
-23.5274 -1.48153 -1.81498
-23.5308 -1.58556 -1.75858
-23.5378 -1.6857 -1.71652
-23.5346 -1.78436 -1.66329
-23.5197 -1.88786 -1.59469
-23.509 -1.98414 -1.54995
-23.4946 -2.0806 -1.50204
-23.4722 -2.17619 -1.45133
-23.4429 -2.26531 -1.40312
-23.4107 -2.35857 -1.3502
-23.3755 -2.45003 -1.30074
-23.3368 -2.53766 -1.25631
-23.2878 -2.61655 -1.18884
-23.2417 -2.69807 -1.14058
-23.1931 -2.77382 -1.0978
-23.131 -2.84564 -1.03177
-23.0745 -2.91635 -0.979906
-23.0226 -2.98086 -0.938839
-22.9555 -3.05303 -0.879729
-22.8929 -3.10731 -0.821488
-22.8256 -3.15687 -0.770785
-22.7189 -3.2195 -0.694551
-22.6402 -3.2606 -0.647162
-22.5657 -3.29323 -0.598549
-22.4835 -3.32851 -0.551485
-22.4042 -3.36794 -0.520696
-22.3318 -3.4044 -0.497296
-22.2591 -3.43703 -0.474299
-22.1776 -3.47679 -0.466611
-22.1083 -3.51724 -0.474907
-22.035 -3.55301 -0.470852
-21.9622 -3.5837 -0.455313
-21.8817 -3.6165 -0.44116
-21.8099 -3.64695 -0.434885
-21.7311 -3.66987 -0.406542
-21.6499 -3.69027 -0.371225
-21.5776 -3.71155 -0.355444
-21.5042 -3.73353 -0.345912
-21.4254 -3.75077 -0.3258
-21.3559 -3.76895 -0.302106
-21.2849 -3.78862 -0.290554
-21.2167 -3.80769 -0.282132
-21.1505 -3.82245 -0.265391
-21.074 -3.83013 -0.237198
-21.0126 -3.83824 -0.222166
-20.9369 -3.84576 -0.206683
-20.8634 -3.85439 -0.187183
-20.7969 -3.86172 -0.162755
-20.7229 -3.86735 -0.141336
-20.647 -3.87747 -0.130696
-20.5715 -3.88753 -0.125351
-20.4924 -3.89728 -0.118631
-20.3891 -3.91318 -0.121679
-20.3107 -3.93433 -0.139426
-20.2332 -3.94336 -0.133612
-20.1434 -3.95945 -0.138126
-20.061 -3.97937 -0.15229
-19.9808 -4.00063 -0.173602
-19.8944 -4.02275 -0.19069
-19.809 -4.04429 -0.206091
-19.7238 -4.07719 -0.241899
-19.6259 -4.11305 -0.279029
-19.55 -4.14265 -0.296078
-19.4629 -4.18194 -0.32577
-19.3676 -4.22998 -0.366193
-19.281 -4.27168 -0.387631
-19.1946 -4.31975 -0.415147
-19.1037 -4.38067 -0.46336
-19.0249 -4.44099 -0.500887
-18.9466 -4.49651 -0.525447
-18.8615 -4.56714 -0.570332
-18.776 -4.63214 -0.593858
-18.6922 -4.70307 -0.619095
-18.6077 -4.77832 -0.650133
-18.5288 -4.84943 -0.666292
-18.4406 -4.92528 -0.679555
-18.3536 -4.99939 -0.692583
-18.2625 -5.07185 -0.696514
-18.1721 -5.145 -0.698667
-18.0877 -5.21275 -0.6969
-18.0031 -5.27679 -0.690534
-17.9098 -5.34685 -0.68198
-17.8214 -5.41453 -0.673843
-17.7301 -5.48151 -0.657749
-17.6447 -5.54447 -0.639769
-17.5587 -5.59904 -0.613004
-17.4616 -5.65074 -0.570202
-17.3636 -5.70356 -0.538713
-17.2706 -5.74315 -0.492706
-17.1661 -5.77889 -0.437316
-17.0771 -5.8158 -0.418427
-16.9848 -5.85123 -0.392582
-16.881 -5.88469 -0.362982
-16.7774 -5.92597 -0.358385
-16.6891 -5.96381 -0.361668
-16.591 -5.99401 -0.34693
-16.4826 -6.04494 -0.363441
-16.3887 -6.08749 -0.373064
-16.2912 -6.12523 -0.372403
-16.1991 -6.1722 -0.389838
-16.0958 -6.21943 -0.387425
-16.0037 -6.25995 -0.379255
-15.9136 -6.30364 -0.393623
-15.8025 -6.34577 -0.383064
-15.7156 -6.37722 -0.372822
-15.6211 -6.41556 -0.373089
-15.5139 -6.45041 -0.350203
-15.4139 -6.47757 -0.320656
-15.3245 -6.51078 -0.319002
-15.2326 -6.53442 -0.293638
-15.1298 -6.56098 -0.272279
-15.0332 -6.58986 -0.268567
-14.9385 -6.61353 -0.26169
-14.8426 -6.63135 -0.239819
-14.748 -6.66246 -0.242804
-14.653 -6.69244 -0.250732
-14.5497 -6.7115 -0.228515
-14.4569 -6.73298 -0.225218
-14.3618 -6.75298 -0.220892
-14.2581 -6.76304 -0.190604
-14.1587 -6.77705 -0.181709
-14.0598 -6.79043 -0.174824
-13.9501 -6.80063 -0.151043
-13.8648 -6.81288 -0.139335
-13.7697 -6.82374 -0.128755
-13.6557 -6.82708 -0.0981117
-13.5641 -6.82815 -0.0761988
-13.4543 -6.82983 -0.0539806
-13.3615 -6.82562 -0.0307828
-13.2678 -6.81954 -0.00618027
-13.1606 -6.81162 0.0163678
-13.0606 -6.80011 0.0438422
-12.9621 -6.78623 0.0670567
-12.8704 -6.76633 0.0976535
-12.7743 -6.7473 0.121158
-12.686 -6.72845 0.143817
-12.5922 -6.69971 0.184296
-12.4957 -6.67078 0.219449
-12.4092 -6.64076 0.248637
-12.2948 -6.58717 0.307996
-12.2147 -6.54931 0.343252
-12.1332 -6.51161 0.366797
-12.0448 -6.45885 0.41043
-11.9699 -6.40931 0.455583
-11.9058 -6.36869 0.481262
-11.8234 -6.31118 0.524233
-11.7597 -6.24797 0.586031
-11.6947 -6.19361 0.629944
-11.6325 -6.12628 0.678049
-11.5724 -6.05007 0.73925
-11.5281 -5.98107 0.792618
-11.487 -5.90695 0.852683
-11.4362 -5.82272 0.906283
-11.3979 -5.7502 0.949198
-11.3613 -5.67359 0.991378
-11.3303 -5.58841 1.04523
-11.2951 -5.50638 1.07729
-11.2596 -5.42581 1.10607
-11.2284 -5.33953 1.14372
-11.192 -5.25623 1.16828
-11.1537 -5.1698 1.17742
-11.1223 -5.08562 1.19495
-11.0979 -5.00388 1.22015
-11.059 -4.91355 1.21549
-11.0264 -4.82603 1.21811
-10.9987 -4.73476 1.23501
-10.9703 -4.64597 1.24132
-10.941 -4.55363 1.24915
-10.92 -4.45581 1.27542
-10.9 -4.36514 1.2997
-10.8742 -4.27033 1.30456
-10.8552 -4.16877 1.32647
-10.8376 -4.0803 1.34504
-10.8176 -3.99141 1.35117
-10.7965 -3.88677 1.36091
-10.7777 -3.79073 1.38015
-10.7555 -3.69903 1.38517
-10.739 -3.59633 1.3938
-10.7258 -3.49959 1.40821
-10.7107 -3.40895 1.41461
-10.6955 -3.30899 1.42098
-10.6834 -3.20974 1.43051
-10.6728 -3.11304 1.4382
-10.6595 -3.01932 1.44274
-10.6491 -2.9261 1.44964
-10.6388 -2.83128 1.45706
-10.6289 -2.74014 1.4606
-10.6214 -2.64175 1.47127
-10.6128 -2.51903 1.48535
-10.61 -2.43209 1.50157
-10.606 -2.33949 1.51489
-10.6044 -2.24906 1.52391
-10.6011 -2.1616 1.53411
-10.5993 -2.07098 1.54348
-10.5974 -1.97906 1.54739
-10.5951 -1.8971 1.54823
-10.596 -1.81306 1.55768
-10.5948 -1.72281 1.562
-10.5938 -1.63182 1.56452
-10.5941 -1.55195 1.5677
-10.5961 -1.46729 1.57883
-10.6 -1.37817 1.588
-10.5993 -1.29628 1.59902
-10.6052 -1.21896 1.61166
-10.6142 -1.12509 1.62865
-10.6165 -1.04739 1.63358
-10.6208 -0.971271 1.63743
-10.631 -0.882314 1.65231
-10.6434 -0.798892 1.6725
-10.6573 -0.712831 1.68865
-10.6746 -0.636479 1.71151
-10.7034 -0.563695 1.76342
-10.7389 -0.486555 1.82282
-10.7797 -0.41692 1.88647
-10.8343 -0.352313 1.97069
-10.896 -0.302082 2.07395
-10.9644 -0.260686 2.17681
-11.0336 -0.222425 2.27725
-11.1097 -0.190054 2.38562
-11.1877 -0.163661 2.49262
-11.2571 -0.153825 2.57662
-11.3396 -0.143116 2.6964
-11.4187 -0.144141 2.79882
-11.486 -0.146461 2.88535
-11.5641 -0.147759 2.97839
-11.6381 -0.157961 3.05634
-11.7064 -0.170292 3.1218
-11.7768 -0.187963 -3.10442
-11.8502 -0.200519 -3.06122
-11.9251 -0.2086 -3.04811
-11.9962 -0.208505 -3.05715
-12.0839 -0.215672 -3.07192
-12.1581 -0.212026 -3.0812
-12.2365 -0.207897 -3.09898
-12.3263 -0.198432 -3.1274
-12.4051 -0.19256 3.1375
-12.4814 -0.186869 3.12527
-12.5747 -0.174731 3.10082
-12.6542 -0.164774 3.07659
-12.7345 -0.153785 3.05884
-12.8257 -0.141665 3.04439
-12.9145 -0.126507 3.02308
-13.0003 -0.103047 2.99275
-13.0824 -0.085367 2.98104
-13.1763 -0.0620662 2.95998
-13.2678 -0.0343955 2.94175
-13.348 -0.0101328 2.92706
-13.4403 0.0185918 2.90919
-13.5318 0.0487568 2.89039
-13.611 0.0766171 2.87349
-13.6996 0.10861 2.85054
-13.7953 0.14541 2.83226
-13.9048 0.186871 2.81589
-13.9949 0.230427 2.78981
-14.0815 0.273461 2.76839
-14.1692 0.314409 2.75435
-14.2507 0.357526 2.7353
-14.3421 0.408136 2.71423
-14.4382 0.449806 2.72009
-14.5179 0.489254 2.71356
-14.6116 0.542367 2.69207
-14.7064 0.590828 2.68896
-14.7912 0.640917 2.67614
-14.8837 0.697069 2.65412
-14.9791 0.75089 2.65071
-15.0632 0.800743 2.64267
-15.1523 0.862962 2.61652
-15.2446 0.917817 2.61426
-15.3266 0.96947 2.607
-15.4137 1.03175 2.58528
-15.5083 1.08212 2.59924
-15.5958 1.1334 2.60881
-15.6798 1.1845 2.60635
-15.7712 1.23528 2.62099
-15.8574 1.27339 2.6469
-15.9525 1.32822 2.64731
-16.0383 1.36591 2.66523
-16.1334 1.40296 2.68586
-16.2237 1.45189 2.68863
-16.3213 1.49636 2.69925
-16.4148 1.52835 2.729
-16.5051 1.57087 2.72897
-16.605 1.61067 2.74695
-16.7022 1.64454 2.76793
-16.7971 1.68428 2.76958
-16.9027 1.72462 2.77087
-16.998 1.75854 2.78194
-17.0895 1.79858 2.77328
-17.1887 1.83834 2.77883
-17.2923 1.87378 2.79167
-17.3867 1.91311 2.78938
-17.493 1.95064 2.79152
-17.5888 1.98077 2.80225
-17.6847 2.01985 2.79483
-17.7902 2.05715 2.79992
-17.8887 2.09013 2.80649
-17.9785 2.12883 2.79579
-18.0897 2.17099 2.79393
-18.1863 2.20598 2.79934
-18.276 2.24375 2.79375
-18.38 2.27841 2.80073
-18.4765 2.30556 2.81729
-18.5799 2.34773 2.8105
-18.6773 2.38002 2.81384
-18.7686 2.41237 2.82157
-18.8711 2.45127 2.81166
-18.9739 2.48073 2.81978
-19.0668 2.51001 2.82959
-19.1745 2.55023 2.82602
-19.2706 2.58378 2.83146
-19.3625 2.6117 2.83989
-19.464 2.64537 2.83917
-19.5695 2.67834 2.84737
-19.664 2.70585 2.86183
-19.7575 2.73608 2.86233
-19.8563 2.76501 2.86781
-19.9511 2.79384 2.87489
-20.0397 2.81902 2.87663
-20.1413 2.84402 2.88237
-20.2414 2.86496 2.89539
-20.3293 2.88463 2.90449
-20.4257 2.90214 2.91768
-20.5288 2.9168 2.94069
-20.6218 2.92738 2.96241
-20.7164 2.93424 2.99504
-20.8274 2.93587 3.03415
-20.9155 2.93228 3.07302
-21.0045 2.91755 3.12627
-21.1133 2.90628 -3.11445
-21.2128 2.89681 -3.08701
-21.3096 2.88074 -3.04956
-21.4169 2.87873 -3.0644
-21.5193 2.88617 -3.10194
-21.6265 2.90104 3.13338
-21.7419 2.94587 3.02507
-21.842 2.99702 2.91936
-21.9341 3.06846 2.79158
-22.0265 3.14843 2.66086
-22.0903 3.24038 2.53294
-22.1465 3.34731 2.37037
-22.1873 3.45399 2.22109
-22.1973 3.57594 2.04124
-22.1879 3.6837 1.87356
-22.1506 3.78513 1.68216
-22.0983 3.88631 1.47378
-22.0185 3.95802 1.27318
-21.9186 4.01694 1.03373
-21.8154 4.04362 0.827012
-21.7196 4.05138 0.613952
-21.6111 4.04051 0.40187
-21.5195 4.01342 0.214376
-21.4345 3.96922 0.0280141
-21.3506 3.90648 -0.141281
-21.2877 3.85557 -0.259108
-21.2205 3.8043 -0.364341
-21.1416 3.76715 -0.421354
-21.0778 3.74434 -0.435049
-21.0089 3.72608 -0.420211
-20.9384 3.7118 -0.395208
-20.8701 3.69679 -0.372701
-20.8079 3.68258 -0.347939
-20.7459 3.65996 -0.318308
-20.6786 3.64537 -0.293831
-20.6079 3.62527 -0.284708
-20.5412 3.60514 -0.283337
-20.475 3.58492 -0.275895
-20.4039 3.56302 -0.268773
-20.3353 3.53585 -0.279883
-20.2847 3.5506 -0.186982
-20.1945 3.48768 -0.261317
-20.1242 3.47691 -0.251913
-20.0515 3.46272 -0.235903
-20.0247 3.45481 -0.238593
-19.949 3.43375 -0.248567
-19.8668 3.41101 -0.252817
-19.8008 3.39178 -0.256601
-19.7254 3.36495 -0.278022
-19.6461 3.33687 -0.297119
-19.5673 3.30851 -0.302923
-19.4867 3.28411 -0.30298
-19.3797 3.24653 -0.319111
-19.2907 3.20783 -0.334543
-19.2104 3.18282 -0.32574
-19.1185 3.15111 -0.330751
-19.0278 3.11295 -0.345675
-18.9372 3.08519 -0.335148
-18.8459 3.05426 -0.334195
-18.753 3.01518 -0.347256
-18.627 2.97243 -0.34278
-18.5351 2.94069 -0.344815
-18.4362 2.90605 -0.353138
-18.3413 2.87688 -0.340899
-18.243 2.84916 -0.325613
-18.1508 2.80832 -0.333347
-18.0556 2.78093 -0.315052
-17.9579 2.75366 -0.303866
-17.8634 2.71821 -0.30496
-17.7684 2.69074 -0.290212
-17.6716 2.67061 -0.268655
-17.582 2.63946 -0.276518
-17.4877 2.61194 -0.27098
-17.3962 2.59462 -0.251393
-17.3178 2.56736 -0.256324
-17.2235 2.54207 -0.255672
-17.1386 2.52478 -0.239331
-17.0602 2.50957 -0.232051
-16.9786 2.48708 -0.236303
-16.8959 2.47271 -0.233305
-16.823 2.45063 -0.222665
-16.7486 2.43233 -0.220785
-16.6767 2.41432 -0.223809
-16.6006 2.39605 -0.218128
-16.5298 2.38138 -0.208887
-16.4695 2.37022 -0.201225
-16.4022 2.35319 -0.205624
-16.3202 2.3344 -0.205929
-16.2599 2.31788 -0.200443
-16.2007 2.30436 -0.194352
-16.1402 2.29087 -0.194392
-16.077 2.27839 -0.196003
-16.0187 2.2655 -0.196518
-15.9637 2.25485 -0.192109
-15.9135 2.24443 -0.188337
-15.8624 2.23597 -0.184009
-15.8115 2.22011 -0.185565
-15.7636 2.20868 -0.188292
-15.7161 2.19837 -0.18828
-15.6712 2.19003 -0.18669
-15.6358 2.18399 -0.185523
-15.5928 2.17516 -0.183954
-15.5518 2.16954 -0.185224
-15.5152 2.16146 -0.186155
-15.4725 2.1543 -0.187906
-15.4424 2.14659 -0.188362
-15.4127 2.14045 -0.187751
-15.382 2.13378 -0.18605
-15.3503 2.12767 -0.184485
-15.3217 2.12328 -0.183044
-15.284 2.11812 -0.181163
-15.2581 2.11263 -0.182329
-15.2368 2.10615 -0.181741
-15.2132 2.09985 -0.179563
-15.185 2.09434 -0.181386
-15.1605 2.08503 -0.182872
-15.1329 2.07758 -0.185519
-15.098 2.0659 -0.190362
-15.0623 2.05681 -0.192916
-15.0269 2.04736 -0.195617
-14.9862 2.03706 -0.197182
-14.9333 2.02277 -0.199061
-14.8829 2.01138 -0.200732
-14.8314 2.00042 -0.202998
-14.7753 1.99069 -0.202666
-14.7177 1.98101 -0.198675
-14.6496 1.97048 -0.18875
-14.5871 1.95852 -0.187737
-14.5111 1.94041 -0.187744
-14.4448 1.92927 -0.18072
-14.3749 1.92423 -0.156015
-14.2973 1.91534 -0.139767
-14.221 1.90622 -0.126063
-14.1414 1.90075 -0.10285
-14.0594 1.89886 -0.0770457
-13.9857 1.89726 -0.0584634
-13.9007 1.89824 -0.0468917
-13.8117 1.89808 -0.0384129
-13.7308 1.8933 -0.0470219
-13.6477 1.88245 -0.0696686
-13.5569 1.85808 -0.112905
-13.4721 1.82975 -0.159257
-13.3931 1.79653 -0.205553
-13.3068 1.75621 -0.256354
-13.2203 1.71312 -0.30349
-13.1364 1.67379 -0.32369
-13.0568 1.6314 -0.349199
-12.9706 1.58009 -0.381483
-12.8847 1.54285 -0.379793
-12.8054 1.51003 -0.37419
-12.7088 1.45998 -0.396584
-12.6257 1.4213 -0.402447
-12.5385 1.38379 -0.402986
-12.4437 1.33616 -0.422722
-12.3554 1.286 -0.441173
-12.2643 1.24693 -0.437345
-12.1682 1.19183 -0.463008
-12.077 1.14255 -0.475984
-11.9844 1.0984 -0.471015
-11.8887 1.04766 -0.477858
-11.8001 1.00431 -0.475221
-11.6922 0.962904 -0.44981
-11.5975 0.9176 -0.448412
-11.5036 0.878142 -0.436944
-11.4055 0.843551 -0.41263
-11.3015 0.801948 -0.405189
-11.2018 0.764047 -0.396166
-11.103 0.737293 -0.36734
-10.9991 0.695931 -0.368495
-10.8993 0.660519 -0.360883
-10.7988 0.630696 -0.34625
-10.698 0.58753 -0.361681
-10.5975 0.547701 -0.363777
-10.4984 0.511862 -0.362497
-10.4086 0.467163 -0.387421
-10.2968 0.410256 -0.410239
-10.2069 0.373011 -0.406423
-10.1222 0.32546 -0.433872
-10.0215 0.277481 -0.436861
-9.91565 0.23622 -0.416223
-9.82513 0.185636 -0.433558
-9.73679 0.146599 -0.423775
-9.64052 0.1052 -0.409593
-9.54629 0.0594504 -0.412432
-9.45057 0.0210587 -0.399984
-9.35259 -0.00965569 -0.372543
-9.23553 -0.0611043 -0.379992
-9.14283 -0.0919766 -0.366573
-9.0489 -0.123362 -0.353837
-8.95647 -0.160782 -0.36278
-8.8689 -0.189119 -0.352655
-8.77714 -0.212529 -0.332703
-8.69066 -0.243506 -0.336118
-8.60258 -0.274356 -0.33685
-8.5177 -0.298664 -0.322742
-8.43774 -0.326361 -0.319757
-8.35517 -0.357374 -0.326122
-8.26988 -0.385736 -0.321306
-8.18784 -0.408023 -0.310062
-8.11311 -0.434401 -0.314572
-8.03437 -0.464085 -0.322531
-7.96085 -0.48656 -0.321871
-7.88842 -0.505532 -0.313929
-7.81759 -0.531265 -0.320066
-7.753 -0.554718 -0.326316
-7.68348 -0.582673 -0.328023
-7.61678 -0.603064 -0.321986
-7.55608 -0.623261 -0.320812
-7.4943 -0.647984 -0.329416
-7.43354 -0.672733 -0.337289
-7.37645 -0.698829 -0.352321
-7.31687 -0.724857 -0.365527
-7.26701 -0.753095 -0.389236
-7.21358 -0.785461 -0.420556
-7.16017 -0.819091 -0.446042
-7.1079 -0.854455 -0.466438
-7.04604 -0.886889 -0.486406
-6.98864 -0.922758 -0.505833
-6.92876 -0.96673 -0.519319
-6.87276 -1.00612 -0.540948
-6.82303 -1.04022 -0.553568
-6.76071 -1.08463 -0.56422
-6.69801 -1.13025 -0.578469
-6.63741 -1.17799 -0.595059
-6.56861 -1.2279 -0.60236
-6.49481 -1.27653 -0.598344
-6.42567 -1.3227 -0.599533
-6.35622 -1.3713 -0.606189
-6.28953 -1.42041 -0.611101
-6.21828 -1.46627 -0.608403
-6.14803 -1.51461 -0.609116
-6.07496 -1.56324 -0.604723
-6.00101 -1.6023 -0.575875
-5.91946 -1.6454 -0.546307
-5.83527 -1.68586 -0.519374
-5.75582 -1.72357 -0.495472
-5.67052 -1.75981 -0.469707
-5.58569 -1.80304 -0.470583
-5.5027 -1.85235 -0.483779
-5.42121 -1.89482 -0.49139
-5.33341 -1.94063 -0.498852
-5.24734 -1.99208 -0.515486
-5.17223 -2.0325 -0.513887
-5.08514 -2.07527 -0.508021
-5.00348 -2.11979 -0.510766
-4.92677 -2.16442 -0.508493
-4.82866 -2.21133 -0.486246
-4.74532 -2.25969 -0.481643
-4.66769 -2.30448 -0.484544
-4.57732 -2.34729 -0.469923
-4.48106 -2.39689 -0.467233
-4.39766 -2.44211 -0.472035
-4.30626 -2.48131 -0.452025
-4.20918 -2.52687 -0.44386
-4.12008 -2.57346 -0.448889
-4.02995 -2.61605 -0.445627
-3.92403 -2.66524 -0.442522
-3.83545 -2.71344 -0.454574
-3.74035 -2.75014 -0.435122
-3.63642 -2.79469 -0.419347
-3.53447 -2.84087 -0.414489
-3.40385 -2.87988 -0.36721
-3.30018 -2.90977 -0.344366
-3.18796 -2.93732 -0.312717
-3.07896 -2.94677 -0.25201
-2.97268 -2.96577 -0.227337
-2.85287 -2.97551 -0.183384
-2.74421 -2.9734 -0.13373
-2.632 -2.97359 -0.0942563
-2.51527 -2.95915 -0.0322265
-2.40725 -2.94065 0.0270309
-2.29472 -2.91227 0.0936793
-2.18029 -2.87955 0.156935
-2.0787 -2.83031 0.238522
-1.94565 -2.7555 0.344206
-1.85256 -2.69254 0.422731
-1.76435 -2.61567 0.507477
-1.67837 -2.54654 0.560677
-1.59129 -2.46406 0.618673
-1.51234 -2.38471 0.669819
-1.4388 -2.30753 0.713313
-1.36225 -2.21705 0.767835
-1.29796 -2.13484 0.820424
-1.2372 -2.03217 0.89042
-1.17623 -1.94133 0.928892
-1.1312 -1.84792 0.989966
-1.08222 -1.74568 1.03747
-1.03347 -1.6475 1.06518
-0.993107 -1.54421 1.10555
-0.947576 -1.44122 1.11828
-0.896094 -1.33884 1.11687
-0.857093 -1.23795 1.13944
-0.811091 -1.14124 1.14334
-0.769154 -1.03549 1.16664
-0.740173 -0.933995 1.2068
-0.703203 -0.829292 1.22246
-0.676727 -0.725347 1.25051
-0.659107 -0.627679 1.278
-0.617352 -0.488172 1.28723
-0.588552 -0.373782 1.30277
-0.560836 -0.272692 1.30279
-0.53268 -0.182875 1.29207
-0.505113 -0.0744319 1.29365
-0.479857 0.0245545 1.29733
-0.458624 0.124048 1.30718
-0.451445 0.229574 1.35256
-0.451355 0.322428 1.40763
-0.457089 0.412728 1.48205
-0.491635 0.498069 1.59575
-0.527311 0.572893 1.70708
-0.583962 0.634968 1.85386
-0.655884 0.692553 2.01011
-0.724078 0.728525 2.15306
-0.80811 0.741392 2.32012
-0.894673 0.748182 2.50318
-0.968427 0.729635 2.67783
-1.0429 0.68998 2.8833
-1.11057 0.639598 3.08775
-1.15861 0.565098 -2.9935
-1.19431 0.489071 -2.78102
-1.21514 0.408976 -2.58556
-1.2312 0.329718 -2.40823
-1.22866 0.249934 -2.24082
-1.20741 0.168673 -2.06853
-1.18314 0.10218 -1.92364
-1.1458 0.0332309 -1.75551
-1.10027 -0.0405356 -1.60113
-1.06438 -0.0969368 -1.44739
-1.00876 -0.152764 -1.28722
-0.952466 -0.203122 -1.13687
-0.883405 -0.241072 -0.999293
-0.80522 -0.276234 -0.849862
-0.730044 -0.304216 -0.722851
-0.651217 -0.326704 -0.60913
-0.559929 -0.328869 -0.492981
-0.479153 -0.337113 -0.394807
-0.397659 -0.337865 -0.313727
-0.308715 -0.333592 -0.231303
-0.226075 -0.331897 -0.170653
-0.145894 -0.327739 -0.112435
-0.0642424 -0.306411 -0.0360037
0.019931 -0.283376 0.041342
0.0946581 -0.250345 0.100696
0.171946 -0.213386 0.172457
0.249579 -0.171409 0.244608
0.313766 -0.132083 0.312763
0.381342 -0.0846551 0.384977
0.447612 -0.0316596 0.451519
0.50335 0.0171099 0.502113
0.558017 0.0714468 0.563418
0.611618 0.128786 0.622264
0.656942 0.173809 0.660245
0.71024 0.225157 0.687756
0.74988 0.263591 0.703813
0.786196 0.294758 0.713775
0.82255 0.326698 0.712721
0.851261 0.348989 0.706003
0.875596 0.367703 0.702189
0.892211 0.381596 0.701247
0.900965 0.390887 0.702764
0.902252 0.391084 0.701133
0.898454 0.388232 0.699831
0.896585 0.388573 0.70028
0.895161 0.388716 0.702192
0.89389 0.387618 0.701821
0.893771 0.387454 0.701304
0.893622 0.387382 0.70149
0.893882 0.387712 0.701772
0.893843 0.387569 0.70165
0.893703 0.387327 0.701293
0.8936 0.387519 0.70165
0.893728 0.38763 0.70165
0.893675 0.387578 0.701627
0.89342 0.387455 0.701826
0.893371 0.387365 0.701732
0.893262 0.387258 0.701686
0.89285 0.386926 0.701738
0.892868 0.386874 0.701574
0.892729 0.386781 0.701628
0.892622 0.386732 0.701723
0.892348 0.386492 0.701719
0.892394 0.386537 0.701719
0.892099 0.386291 0.701715
0.892236 0.386397 0.701716
0.891853 0.386079 0.701713
0.891766 0.386008 0.701712
0.891802 0.386029 0.701711
0.891646 0.385905 0.701711
0.891646 0.385905 0.701711
0.891294 0.385603 0.701707
0.891167 0.385493 0.701704
0.891208 0.385519 0.701688
0.891129 0.385456 0.701704
0.891163 0.385489 0.701703
0.891081 0.385381 0.701618
0.890641 0.385049 0.701697
0.890479 0.384905 0.701696
0.890487 0.384913 0.701694
0.890289 0.384748 0.701693
0.890264 0.384723 0.701692
0.890146 0.384622 0.70167
0.890218 0.384692 0.701692
0.890047 0.38454 0.70169
0.889846 0.384371 0.701688
0.88985 0.384375 0.701688
0.889699 0.384242 0.701686
0.88951 0.384085 0.701683
0.889422 0.383958 0.701556
0.889296 0.38396 0.701785
0.889318 0.383926 0.701682
0.889178 0.383803 0.701678
0.888906 0.383579 0.701676
0.888614 0.38335 0.701717
0.88831 0.383068 0.701668
0.888293 0.383051 0.701667
0.888091 0.382881 0.701666
0.887839 0.382664 0.701663
0.887674 0.382601 0.701804
0.887535 0.382409 0.70166
0.887317 0.382224 0.701656
0.887328 0.382192 0.701566
0.887152 0.38209 0.701654
0.88701 0.381966 0.701653
0.886759 0.381693 0.701516
0.886617 0.381625 0.701647
0.886408 0.381449 0.701646
0.886409 0.381421 0.701562
0.886335 0.381419 0.701713
0.886151 0.381394 0.702
0.88648 0.381589 0.701816
0.887895 0.381641 0.699295
0.892687 0.379526 0.685786
0.90057 0.375575 0.662786
0.913072 0.368039 0.623974
0.931616 0.356433 0.566313
0.957373 0.339123 0.486076
0.997688 0.30754 0.356026
1.0272 0.278631 0.249906
1.05527 0.247955 0.146832
1.07961 0.215455 0.0460961
1.0981 0.18827 -0.0331627
1.11113 0.167144 -0.0918995
1.11852 0.153532 -0.128744
1.12314 0.147365 -0.144588
1.10542 0.132468 -0.155311
1.10336 0.136102 -0.145853
1.10063 0.14036 -0.134819
1.09781 0.144719 -0.123403
1.09477 0.147714 -0.115864
1.09095 0.151457 -0.106312
1.08614 0.1568 -0.0922953
1.08115 0.162715 -0.0764026
1.07771 0.168595 -0.0600835
1.07516 0.173614 -0.0458932
1.07383 0.176134 -0.0387424
1.07354 0.175996 -0.0391763
1.07376 0.174402 -0.0437877
1.07368 0.174085 -0.0447299
1.07323 0.174386 -0.0438976
1.07282 0.174933 -0.0423652
1.07227 0.17573 -0.0401033
1.07183 0.176247 -0.0386359
1.07148 0.176521 -0.0378753
1.07163 0.176234 -0.0387152
1.07172 0.175955 -0.0395009
1.07148 0.176027 -0.039336
1.07124 0.176051 -0.0392778
1.07106 0.176159 -0.0389837
1.07118 0.176024 -0.0393743
1.07147 0.175464 -0.0409783
1.07129 0.175041 -0.0422422
1.07117 0.174841 -0.0428333
1.07088 0.174689 -0.0433198
1.0706 0.174855 -0.0428596
1.07075 0.174811 -0.0429807
1.07064 0.174766 -0.0431326
1.0706 0.174798 -0.0430377
1.07071 0.174808 -0.0429923
1.07086 0.174728 -0.0432029
1.07082 0.174731 -0.0432045
1.07034 0.174672 -0.0434505
1.07013 0.174976 -0.0425851
1.07003 0.17481 -0.0430732
1.07008 0.174622 -0.0436273
1.07025 0.174486 -0.0440106
1.07014 0.174399 -0.0442658
1.0698 0.174544 -0.0438988
1.06975 0.174415 -0.0442701
1.06923 0.17445 -0.0442353
1.06868 0.174565 -0.043971
1.06845 0.17458 -0.0439643
1.06842 0.174518 -0.0441497
1.06833 0.174523 -0.0441495
1.0683 0.174542 -0.0440903
1.068 0.174545 -0.0441259
1.06786 0.174543 -0.0441496
1.06814 0.174489 -0.0442663
1.06807 0.174472 -0.0443362
1.06811 0.174556 -0.0440642
1.06824 0.174522 -0.0441499
1.06827 0.174496 -0.0442355
1.06829 0.174492 -0.0442397
1.06828 0.174475 -0.0442915
1.06821 0.174478 -0.0442932
1.06808 0.174502 -0.0442368
1.06802 0.174507 -0.0442367
1.0678 0.174514 -0.0442353
1.06743 0.174532 -0.0442374
1.06783 0.174512 -0.0442349
1.06788 0.174514 -0.0442362
1.06801 0.174504 -0.0442364
1.06793 0.17451 -0.0442352
1.06779 0.174526 -0.0441951
1.06759 0.174522 -0.044237
1.06741 0.174503 -0.0443282
1.06737 0.17453 -0.0442459
1.06734 0.174533 -0.0442355
1.06754 0.174527 -0.044236
1.06767 0.174524 -0.0442359
1.06734 0.17453 -0.0442463
1.06743 0.174507 -0.044319
1.06744 0.17453 -0.0442356
1.06726 0.174539 -0.044237
1.06714 0.174506 -0.044353
1.06695 0.17457 -0.044195
1.06663 0.17457 -0.0442315
1.06644 0.174569 -0.0442492
1.0663 0.174573 -0.0442642
1.06612 0.174586 -0.0442364
1.06635 0.17451 -0.0444345
1.06624 0.17459 -0.0442266
