0.0437905 -0.000610567 -0.027884 47724 2705
0.086396536 -0.002434069 -0.057661999 49009.012 3644.0087
0.12787666 -0.0054505662 -0.087525456 50267 4555
0.16747871 -0.0094827397 -0.11540976 51467 5431
0.20566545 -0.014409906 -0.14122877 52621.011 6285.0085
0.24438369 -0.02036587 -0.16403516 53775 7174
0.28049136 -0.026719884 -0.18434614 54849.01 8012.0076
0.31503063 -0.033533108 -0.20517331 55888.01 8809.0074
0.34868876 -0.040908456 -0.22625846 56909 9585
0.38128846 -0.04878165 -0.24768826 57908.009 10335.007
0.41272879 -0.057093163 -0.26920393 58881.009 11058.007
0.44309744 -0.065827368 -0.29089151 59831 11756
0.4718451 -0.074763904 -0.31189099 60738.008 12419.006
0.49929477 -0.083913626 -0.33159915 61607 13059
0.52638708 -0.093341068 -0.33813982 62393.007 13769.008
0.55343708 -0.10271335 -0.32893121 63086 14569
0.58032663 -0.11141869 -0.29726015 63639 15490
0.60781095 -0.1190806 -0.24648258 64088.003 16529.01
0.63493636 -0.12500609 -0.18365674 64447.003 17618.011
0.66431868 -0.12935004 -0.10990103 64793.003 18821.011
0.69365584 -0.13147205 -0.034510859 65122 20026
0.72473789 -0.13128611 0.046474906 65462.004 21307.013
0.75795176 -0.12833267 0.13090236 65841.004 22667.013
0.79246561 -0.12232796 0.21360857 66274.005 24061.014
0.82853432 -0.11291895 0.29674504 66763.005 25516.014
0.86527131 -0.10011232 0.37411463 67328 26980
0.90161904 -0.084308742 0.44614994 67943.008 28432.018
0.93803826 -0.06523811 0.51861383 68594 29925
0.97492655 -0.042278215 0.59486535 69284 31501
1.0112628 -0.015596453 0.67189217 70012.008 33124.016
1.0483654 0.016337173 0.74943388 70838 34851
1.0826823 0.050519146 0.81742415 71706.012 36509.021
1.1178903 0.090593939 0.88248731 72719.01 38278.017
1.151389 0.13389149 0.94212817 73800 40052
1.1837976 0.18102242 0.99471245 74986 41849
1.2143296 0.23018208 1.035334 76259 43594
1.2432126 0.28061571 1.0660584 77596 45288
1.2703152 0.33111595 1.0904141 78949 46924
1.2982459 0.3860939 1.1110692 80437 48652
1.3255729 0.44244187 1.1274211 81975 50380
1.3515326 0.49782808 1.1375766 83511.015 52034.017
1.378329 0.5565441 1.1477319 85135 53776
1.4045716 0.61590968 1.161416 86748.015 55548.017
1.4297362 0.67534407 1.1791449 88328.016 57334.018
1.4548116 0.73763581 1.1970458 89975 59189
1.4862759 0.8197083 1.2123649 92178 61570
1.5086723 0.88060801 1.2244137 93800 63332
1.5303766 0.94236787 1.241282 95409 65137
1.5515442 1.005812 1.2562569 97066.016 66968.017
1.5721524 1.069782 1.2620231 98785.016 68754.017
1.592347 1.1333005 1.2639165 100512.02 70503.017
1.6124113 1.1971216 1.2684778 102230.02 72274.017
1.6323106 1.2617571 1.2757931 103951.02 74080.017
1.6517756 1.3258838 1.2763954 105695.02 75831.017
1.6728338 1.394054 1.2659819 107616 77631
1.6943781 1.4611074 1.253847 109523.02 79397.017
1.7166109 1.5281768 1.2475645 111402 81203
1.7396602 1.5963897 1.2423146 113310.02 83050.017
1.7633902 1.6648351 1.2318149 115260.02 84878.017
1.7870719 1.7306335 1.2188196 117159.02 86626.018
1.8206679 1.8212876 1.2129673 119714.02 89113.018
1.8458311 1.888503 1.2121927 121590.02 90980.018
1.8710979 1.9554329 1.2074593 123483 92818
1.8969266 2.0223138 1.1970457 125413.02 94627.017
1.9224795 2.0868718 1.1907632 127260 96401
1.9496506 2.154605 1.187837 129180.02 98287.017
1.9856564 2.2427985 1.1785422 131718.02 100717.02
2.0127361 2.3073976 1.1691614 133599.02 102489.02
2.0398731 2.3707222 1.1627068 135433 104248
2.0652233 2.4294098 1.1633953 137096 105919
2.0946843 2.4977269 1.1639116 139033.02 107862.02
2.1223937 2.561619 1.1592642 140876 109651
2.1493066 2.6227427 1.1528095 142655.02 111355.02
2.1758667 2.6821756 1.1482482 144379 113026
2.2021177 2.7404449 1.1467852 146054 114684
2.2288999 2.7995058 1.1433426 147765.02 116355.02
2.2552791 2.8568106 1.1354248 149456.02 117954.02
2.2817044 2.9130579 1.1277653 151121.02 119530.01
2.308001 2.9680931 1.1223433 152743.02 121089.02
2.3366447 3.0271689 1.116319 154490 122766
2.3652056 3.0850051 1.1078848 156221 124399
2.396825 3.1474433 1.0961803 158114 126156
2.4278127 3.2070597 1.0867134 159921.02 127853.02
2.4595943 3.2670384 1.0803447 161728.02 129586.02
2.4931506 3.3295251 1.0756113 163605 131408
2.5266851 3.3912622 1.0707918 165465.02 133212.02
2.5598466 3.4516293 1.0661444 167288.02 134981.02
2.5929571 3.5114333 1.064165 169082.02 136752.02
2.6251212 3.569416 1.0645093 170809.02 138483.02
2.657601 3.6279026 1.0632183 172561 140220
2.6888802 3.6839427 1.0602061 174252.02 141876.02
2.7188455 3.7372669 1.0574521 175863 143455
2.7500072 3.7926255 1.0587431 177512.02 145119.02
2.7803141 3.8467921 1.0626159 179108.02 146760.02
2.8106945 3.9015761 1.0663166 180720.02 148415.02
2.8403755 3.9554973 1.0688985 182310 150035
2.8685788 4.0070804 1.0719967 183825 151586
2.8972877 4.0601128 1.0772465 185367 153189
2.924745 4.1116193 1.0848201 186845 154755
2.9518005 4.1633602 1.0931682 188319.01 156326.01
2.9778523 4.2140873 1.0995368 189769.01 157850.01
3.0025395 4.2627118 1.1024629 191174 159289
3.025177 4.3076676 1.1061636 192465 160623
3.0487586 4.3550249 1.1114136 193814.01 162033.02
3.0708873 4.4004248 1.1231179 195063 163418
3.0916369 4.4455666 1.156769 196163.01 164909.02
3.1103645 4.4915628 1.2115049 197140.01 166522.02
3.125108 4.5354192 1.2814732 197940 168135
3.1360722 4.5782755 1.3591886 198642.01 169740.02
3.1438869 4.6237428 1.4419801 199364 171424
3.1477924 4.6669981 1.5195232 200046.01 173007.01
3.1484726 4.7083137 1.5891472 200719 174489
3.1465802 4.750149 1.6428506 201499.01 175893.01
3.1430629 4.7902232 1.6738329 202368 177122
3.1382961 4.8345687 1.6819225 203484.01 178332.01
3.1338886 4.8792207 1.6564476 204802.02 179354.01
3.1310696 4.9246733 1.609027 206265.02 180266.01
3.1310788 4.9713634 1.5321737 207929 181037
3.1349547 5.0194901 1.4486922 209673.02 181811.01
3.1429769 5.0682086 1.3665031 211438 182621
3.1552779 5.118064 1.2912838 213214.02 183523.01
3.1710588 5.167774 1.2355158 214898 184559
3.1895292 5.2181051 1.2026397 216487.01 185766.01
3.2094889 5.2685449 1.1853411 218002.01 187080.01
3.2303357 5.3190599 1.1734646 219496 188436
3.2546177 5.3757023 1.1581454 221192 189954
3.2794007 5.4307638 1.1375762 222886.02 191409.01
3.3040269 5.4824743 1.1151139 224510.02 192772.01
3.3304225 5.5348766 1.093254 226167.02 194175.01
3.3569985 5.5850051 1.0733737 227762 195539
3.3848241 5.6350447 1.0532351 229372 196915
3.4144426 5.6859616 1.0346455 231016 198343
3.4447379 5.7361655 1.0210476 232624 199793
3.4750891 5.7855495 1.0183797 234151 201289
3.506659 5.836976 1.0220805 235703.01 202884.02
3.5386181 5.8897366 1.0302564 237264.02 204540.02
3.5735203 5.9486237 1.0412723 238985 206389
3.6073511 6.0071174 1.0515999 240687.02 208211.02
3.6401731 6.0651272 1.0602062 242375.02 209999.02
3.6739185 6.1259606 1.0684682 244141.02 211861.02
3.7080472 6.1886179 1.0756114 245960.02 213763.02
3.7417082 6.251332 1.0807752 247786.02 215649.02
3.7761325 6.3164197 1.0878322 249665 217610
3.8079448 6.377855 1.0981599 251409.02 219474.02
3.8531527 6.4678648 1.1125323 253952.02 222184.02
3.8865027 6.5358035 1.116405 255903.02 224180.02
3.9187415 6.6018302 1.1167493 257817 226098
3.9529549 6.6722927 1.1207943 259836.02 228164.02
3.9869103 6.7429422 1.1247531 261857 230231
4.0214138 6.8150096 1.1238064 263946 232309
4.0556213 6.8862621 1.1226016 266014 234363
4.0887396 6.9556125 1.1279374 267987 236398
4.1239409 7.0304898 1.1347364 270105 238595
4.1583067 7.1045309 1.1377486 272216.02 240741.02
4.191831 7.1772913 1.1403305 274290.02 242845.02
4.2247829 7.2498918 1.1491089 276318.02 244975.02
4.2573119 7.3232905 1.1581454 278359 247121
4.290408 7.3994148 1.1632231 280494 249315
4.3225193 7.4746062 1.1711409 282580 251493
4.3530967 7.5487363 1.1880092 284573 253682
4.3837545 7.6265141 1.2026398 286668 255947
4.413245 7.7036763 1.2088364 288786.02 258137.02
4.4410929 7.7780141 1.2158935 290815 260248
4.4694162 7.8562856 1.2312988 292896.02 262508.02
4.4957715 7.93204 1.2406796 294933.02 264654.02
4.5215354 8.0078347 1.2455851 296992 266770
4.5465002 8.0832107 1.2563429 299000 268903
4.5699096 8.1580208 1.2787194 300914.02 271077.02
4.5991292 8.2586938 1.2979112 303536 273922
4.6195218 8.3327117 1.3060011 305491 275971
4.6387555 8.4057917 1.3208901 307375.02 278028.02
4.6567656 8.4788263 1.3371558 309242.02 280084.02
4.6733267 8.5499204 1.3467087 311090 282043
4.6888053 8.6183915 1.3502373 312900 283894
4.7044598 8.6898099 1.3597904 314751.02 285856.02
4.7185144 8.7579414 1.3749374 316477.02 287758.02
4.7312921 8.8250165 1.3901704 318169.02 289627.02
4.7428852 8.8899697 1.3981742 319843 291394
4.7542375 8.9564651 1.4052314 321561.02 293194.02
4.7648384 9.0223646 1.4173662 323231 295005
4.7747524 9.0887793 1.4278659 324921.02 296817.02
4.7836668 9.1524119 1.4353532 326553 298536
4.7922281 9.2157847 1.437677 328207.02 300217.02
4.8005021 9.2785568 1.441808 329834.02 301892.02
4.8082955 9.341042 1.4516191 331419 303591
4.8154425 9.4043968 1.4653031 333002.02 305333.02
4.8217576 9.4656995 1.4709832 334576 306973
4.8279744 9.5276686 1.4706389 336202.02 308595.02
4.8342937 9.5900123 1.4689177 337846.02 310219.02
4.8405919 9.651645 1.4690037 339461.02 311835.02
4.8468972 9.7133733 1.4690037 341079.02 313453.02
4.8536601 9.7769812 1.4607417 342795 315073
4.8610643 9.8400555 1.4471437 344530.02 316650.02
4.869554 9.9039977 1.4304477 346309 318235
4.8790605 9.9677196 1.4149564 348079 319825
4.8894657 10.03103 1.4008419 349834.02 321416.02
4.9016487 10.09802 1.3809614 351725.02 323076.02
4.9151614 10.164071 1.357036 353622.02 324695.02
4.9302965 10.230319 1.3353483 355520.02 326341.02
4.9467556 10.296488 1.3186521 357395.02 328022.02
4.9637267 10.36007 1.3012674 359212.02 329637.02
4.9825474 10.424748 1.2739855 361127.02 331235.02
5.003569 10.489934 1.2436917 363089 332845
5.0255162 10.552239 1.2205406 364946.02 334433.02
5.0492131 10.614905 1.1979924 366824 336049
5.0736556 10.675219 1.1735506 368663 337604
5.0998977 10.735423 1.1459243 370536.02 339156.02
5.1298331 10.799406 1.1204499 372526.02 340850.02
5.1596909 10.860065 1.1063357 374371 342531
5.1908439 10.921622 1.0982458 376217 344283
5.2229277 10.983608 1.0880903 378096.02 346044.02
5.2548527 11.043857 1.0789678 379927 347769
5.287756 11.105128 1.0769883 381752 349571
5.3206066 11.166427 1.080689 383544 351406
5.3545804 11.230257 1.0826685 385418 353303
5.3880386 11.293709 1.0884348 387255.02 355207.02
5.4203309 11.356515 1.1033237 389010.02 357135.02
5.4514291 11.420004 1.127335 390714 359118
5.4832922 11.489878 1.158576 392535.02 361302.02
5.5124672 11.559149 1.1857715 394337 363420
5.5397526 11.628528 1.2064268 396161.02 365484.02
5.5655206 11.698689 1.2312129 397966.02 367577.02
5.5893191 11.76932 1.2603881 399740.02 369690.02
5.6122529 11.844075 1.2858624 401631 371877
5.6333262 11.91852 1.3040216 403543 374000
5.6527271 11.993399 1.3305292 405406.02 376171.02
5.6696386 12.06766 1.3632327 407202 378347
5.683743 12.140337 1.3949899 408948 380462
5.6951208 12.21225 1.4327719 410627.02 382580.02
5.7032688 12.286721 1.4908645 412243.01 384871.02
5.7056045 12.355442 1.5827786 413502 387198
5.7018174 12.418433 1.6789116 414589.01 389402.02
5.692123 12.478632 1.7820136 415580 391591
5.6766421 12.535089 1.8948418 416451 393773
5.6559823 12.585744 2.0212691 417143 395934.02
5.6328305 12.626356 2.1565597 417576 397939.02
5.607012 12.659789 2.3001984 417843 399875.02
5.5813389 12.684324 2.457521 417855 401715.02
5.5562561 12.701486 2.6255998 417671 403484
5.5331362 12.712249 2.7861927 417403 405082
5.50979 12.718831 2.9473896 417099 406651.01
5.4858306 12.721624 3.1036778 416820 408188
5.4613236 12.720692 -3.0276055 416577 409710.01
5.4370328 12.716125 -2.883967 416387 411189.01
5.4150097 12.708705 -2.7491929 416210 412578.01
5.3946376 12.698642 -2.6163995 416031 413942
5.3755288 12.685824 -2.4850679 415868 415305
5.356187 12.668793 -2.3542527 415780 416737
5.3375643 12.647532 -2.2260181 415772 418219.01
5.3201352 12.621796 -2.106133 415886 419726.01
5.3054293 12.593546 -1.9953714 416073 421200
5.2929757 12.561459 -1.8866742 416339 422729
5.2839553 12.528899 -1.7954478 416690 424140
5.2771004 12.491518 -1.7088681 417178.01 425634.01
5.2732844 12.453841 -1.6345961 417734.01 427053.01
5.2719691 12.4149 -1.574525 418401 428418
5.2726765 12.375137 -1.5314934 419188.01 429705.01
5.2748993 12.332071 -1.5069657 420170.01 430972.01
5.2779403 12.288228 -1.4961219 421253 432181
5.2814243 12.242918 -1.4919909 422414 433390
5.2849475 12.196149 -1.4992202 423679 434571
5.2878025 12.148623 -1.5223714 425055.02 435678.01
5.2891586 12.097752 -1.5659187 426635 436752
5.2878683 12.046648 -1.6261626 428318 437735
5.2835077 11.996349 -1.6883859 429996 438690
5.276001 11.9459 -1.7486303 431676.02 439670.01
5.2654543 11.895488 -1.8054315 433349.02 440683.01
5.2523304 11.845883 -1.8534541 434966 441742
5.2317268 11.780905 -1.9022516 437027 443236
5.213969 11.73158 -1.9304803 438558.01 444439.01
5.1953412 11.683708 -1.9532867 440030 445646
5.1749855 11.634503 -1.9728231 441532.01 446921.01
5.153388 11.585078 -1.9927034 443054 448212
5.1295333 11.533387 -2.0136167 444660 449575
5.1051138 11.483172 -2.0332392 446230.02 450917.01
5.0794839 11.433178 -2.0557874 447826 452251
5.0525505 11.383872 -2.0857372 449465 453542
5.0150082 11.320575 -2.1265311 451621.02 455224.01
4.9833145 11.270901 -2.1508867 453299.02 456619.01
4.9509488 11.222121 -2.162333 454892.01 458079.01
4.9178502 11.173025 -2.1656033 456455 459604
4.8842068 11.123301 -2.1656894 458021 461169
4.8507904 11.07354 -2.1586322 459543 462773
4.8160287 11.020482 -2.1429686 461106.01 464518.02
4.7817192 10.965883 -2.1206784 462658.02 466329.02
4.7476148 10.908841 -2.0986466 464263 468190
4.7140293 10.850384 -2.0859093 465947 470022
4.6783491 10.787184 -2.0835856 467826 471928
4.6430975 10.724402 -2.0812619 469690 473819
4.6062016 10.657971 -2.0742908 471631 475841
4.5698764 10.591575 -2.0685246 473571.02 477848.02
4.5331126 10.523956 -2.069041 475581 479852
4.4970459 10.457462 -2.0665451 477539.02 481839.02
4.4473709 10.363609 -2.0486442 480204 484712
4.4113144 10.292584 -2.0324643 482187.02 486883.02
4.3769958 10.222559 -2.0205017 484151 488986
4.3433542 10.151461 -2.0050104 486112 491127
4.3111849 10.080105 -1.9836667 488029.02 493292.02
4.2805833 10.008586 -1.9665404 489958 495420
4.251157 9.9366779 -1.9519097 491899 497531
4.2219602 9.8620337 -1.9353855 493893.02 499717.02
4.1949176 9.7890737 -1.9161077 495810 501858
4.1698624 9.7174351 -1.8983788 497686 503940
4.1454973 9.6443241 -1.8865881 499627.02 506018.02
4.1214122 9.5694081 -1.8771213 501624 508125
4.0980225 9.4945717 -1.8703223 503629.02 510209.02
4.0752748 9.4204815 -1.867052 505631 512249
4.0521412 9.3450649 -1.869806 507704 514290
4.0286593 9.2694539 -1.874023 509793.02 516330.02
4.0052085 9.1945579 -1.8744533 511842 518374
3.9823877 9.1219152 -1.8759164 513836 520351
3.9590957 9.0487973 -1.8824572 515875.02 522314.02
3.9351383 8.9749878 -1.8868464 517924.02 524312.02
3.9113101 8.9022059 -1.8875349 519925 526305
3.8891928 8.834895 -1.888998 521781.02 528144.02
3.8666177 8.7669897 -1.8945059 523679 529978
3.8438526 8.6998952 -1.9013049 525566.02 531786.02
3.8206647 8.6324805 -1.902854 527434 533636
3.7976928 8.5657404 -1.9017352 529268.02 535483.02
3.7745509 8.4987967 -1.905522 531137 537308
3.7502703 8.4298115 -1.9129234 533087.02 539172.02
3.7250499 8.3598807 -1.9209272 535072 541064
3.6991854 8.2898772 -1.9285008 537062.02 542966.02
3.6727682 8.2204707 -1.9404635 539068.02 544833.02
3.6351049 8.1260194 -1.9599997 541833.02 547371.02
3.60653 8.0571823 -1.9685199 543826.02 549265.02
3.5767203 7.9866597 -1.972909 545848 551236
3.5466451 7.9167289 -1.9809989 547880 553174
3.515257 7.8458229 -1.9940804 549978 555120
3.4833642 7.7757732 -2.0019982 552031.02 557081.02
3.4507141 7.7052703 -2.0069899 554086.02 559078.02
3.4184354 7.6370078 -2.0180059 556119 560983
3.3834757 7.5654798 -2.0328087 558281.02 562973.02
3.3479672 7.4950169 -2.0423616 560394.02 564975.02
3.3115147 7.4238508 -2.0459763 562500.02 567039.02
3.2742916 7.3523065 -2.0550989 564656 569089
3.2368244 7.2821907 -2.0680083 566804 571087
3.1984153 7.2122572 -2.0780776 568943.02 573109.02
3.1588737 7.141615 -2.0841021 571089.02 575185.02
3.1195786 7.0729053 -2.096495 573225 577177
3.0788347 7.0040615 -2.1138797 575412 579162
3.037522 6.9365437 -2.1259285 577546.02 581156.02
2.9956153 6.8695983 -2.1342765 579654 583167
2.9370196 6.7792498 -2.15803 582600.02 585837.02
2.8908967 6.711277 -2.1759308 584846 587875
2.8432047 6.6432208 -2.1881517 587084 589971
2.7945668 6.575601 -2.2005447 589328 592071
2.744804 6.508733 -2.2205973 591618 594128
2.6931244 6.4416811 -2.2342813 593905 596256
2.6407074 6.3749346 -2.2387567 596144.02 598443.02
2.5865276 6.3071406 -2.2513217 598480 600633
2.5318803 6.2408113 -2.2685342 600821 602774
2.4746191 6.1732921 -2.2798085 603195.02 605017.02
2.4186995 6.1084882 -2.2856607 605461 607215
2.3594395 6.0408439 -2.2947834 607859.02 609507.02
2.302436 5.9766832 -2.2996029 610125 611717
2.2453672 5.9122706 -2.2920293 612325.02 614005.02
2.1890503 5.8477341 -2.2845418 614515.02 616282.02
2.1157146 5.7623244 -2.2760217 617401 619267
2.0619603 5.6981439 -2.2600138 619491.02 621543.02
2.0102288 5.6335959 -2.232818 621490.02 623858.02
1.9580095 5.5648334 -2.207774 623596 626255
1.9091959 5.4969384 -2.1804921 625618 628594
1.8634766 5.4286917 -2.1415915 627534.02 630962.02
1.8198167 5.3576882 -2.1026052 629481.02 633362.02
1.7787483 5.2856191 -2.0748933 631483 635686
1.739644 5.2123561 -2.0472672 633488 638012
1.7024323 5.1373202 -2.0150794 635485.02 640383.02
1.6676209 5.0613115 -1.9854742 637493 642735
1.6358239 4.9867147 -1.9619788 639471.02 644986.02
1.6042517 4.9073398 -1.9367624 641552.02 647360.02
1.5758986 4.8301413 -1.9087921 643534.02 649667.02
1.5502737 4.7543392 -1.8847807 645481.02 651893.02
1.5180793 4.650957 -1.8605973 648164 654857
1.4952293 4.5720535 -1.8447616 650214.02 657091.02
1.4737189 4.4936506 -1.8323687 652262 659283
1.4529575 4.4151244 -1.8261722 654344 661437
1.4320872 4.3344467 -1.8216969 656491 663636
1.4116396 4.2539764 -1.8175659 658632.02 665825.02
1.3918464 4.1748852 -1.8144677 660740 667969
1.3719439 4.0945944 -1.8130907 662889.02 670134.02
1.3512864 4.0109959 -1.8130046 665134 672380
1.3308033 3.9286365 -1.8161029 667365.02 674575.02
1.3104112 3.8486872 -1.8249675 669568.02 676675.02
1.2886207 3.7677366 -1.8425243 671856.02 678759.02
1.264893 3.6866131 -1.868171 674209.02 680814.02
1.2396974 3.6084279 -1.896916 676518.02 682789.02
1.2123484 3.5320287 -1.9322014 678839 684700
1.1826666 3.457927 -1.9713602 681148.02 686554.02
1.1497217 3.3837889 -2.0065598 683468.02 688465.02
1.115437 3.3130642 -2.0378003 685699 690333
1.0790422 3.2439424 -2.073086 687941 692165
1.0251201 3.1514386 -2.1240353 691029.02 694661.02
0.98302844 3.085153 -2.1490795 693222.02 696563.02
0.93974701 3.0206294 -2.1742096 695394 698443
0.89405487 2.9566065 -2.2070858 697636.02 700303.02
0.84886405 2.8973854 -2.2381544 699759.02 702065.02
0.80010473 2.8371167 -2.2638869 701930 703937
0.75124799 2.7798183 -2.289792 704044.02 705750.02
0.70192505 2.7251753 -2.320344 706141 707492
0.65398362 2.6751376 -2.349261 708116 709131
0.60489635 2.62655 -2.3733586 710057 710792
0.55554572 2.5798891 -2.3950463 711954 712437
0.50608631 2.535039 -2.4150129 713811 714062
0.46042054 2.4951262 -2.431623 715489 715547
0.41839009 2.4592466 -2.4383358 716969.01 716949.01
0.38025772 2.4268051 -2.4349793 718255.01 718274.01
0.34710267 2.3981625 -2.4231888 719329 719485
0.31580233 2.37037 -2.4077836 720331 720666
0.2882058 2.3451694 -2.3953045 721233 721713
0.26152448 2.3202772 -2.38644 722133.01 722716.01
0.23676216 2.2967878 -2.3786944 722978.01 723651.01
0.21402024 2.2748758 -2.3708627 723756 724520
0.19271454 2.2540162 -2.3626867 724486.01 725345.01
0.17302619 2.2344122 -2.3539945 725160 726120
0.15470663 2.2158528 -2.3453881 725790.01 726850.01
0.13757003 2.1981751 -2.3359212 726377.01 727547.01
0.12188956 2.1817044 -2.327315 726920 728190.01
0.10824917 2.1671838 -2.3225816 727412 728737
0.096159178 2.1542323 -2.3210325 727865 729208
0.086757128 2.144149 -2.3214628 728227 729565
0.079270088 2.136134 -2.3228398 728521 729843
0.073439212 2.1299044 -2.3234422 728747 730062
0.068803525 2.1249461 -2.321721 728914 730249
0.064945931 2.120809 -2.3207743 729056 730402
0.062239826 2.1179053 -2.3212046 729162 730503
0.060618554 2.1161661 -2.3210325 729223 730566
0.059925558 2.1154228 -2.3212907 729251 730591
0.060004027 2.1155069 -2.3212907 729248 730588
0.060435513 2.1159698 -2.3210325 729230 730573
0.060788512 2.1163485 -2.3211185 729217 730559
0.060827737 2.1163905 -2.3212046 729216 730557
0.060749282 2.1163064 -2.3212046 729219 730560
0.060710056 2.1162643 -2.3211185 729220 730562
0.060736206 2.1162924 -2.3211185 729219 730561
0.060749281 2.1163064 -2.3212046 729219 730560
0.060736206 2.1162924 -2.3211185 729219 730561
0.060723131 2.1162784 -2.3210325 729219 730562
0.060749279 2.1163064 -2.3210325 729218 730561
0.060749278 2.1163064 -2.3210325 729218 730561
0.060723131 2.1162784 -2.3210325 729219 730562
0.060736206 2.1162924 -2.3211185 729219 730561
0.060736206 2.1162924 -2.3211185 729219 730561
0.06074928 2.1163064 -2.3210325 729218 730561
0.06074928 2.1163064 -2.3212046 729219 730560
0.06074928 2.1163064 -2.3212046 729219 730560
0.060736204 2.1162924 -2.3211185 729219 730561
0.06074928 2.1163064 -2.3212046 729219 730560
0.06074928 2.1163064 -2.3212046 729219 730560
0.060736204 2.1162924 -2.3211185 729219 730561
0.060696979 2.1162503 -2.3212046 729221 730562
0.060775426 2.1163345 -2.3210325 729217 730560
0.060644643 2.1161942 -2.321721 729226 730561
0.060448278 2.1159841 -2.3228398 729240 730562
0.060526806 2.1160682 -2.3212907 729228 730568
0.060631462 2.1161803 -2.3219792 729228 730560
0.060696905 2.1162504 -2.3222373 729227 730556
0.060657638 2.1162083 -2.3219792 729227 730559
0.060592195 2.1161383 -2.3222373 729231 730560
0.060605285 2.1161523 -2.3221513 729230 730560
0.060644555 2.1161943 -2.3222373 729229 730558
0.060631465 2.1161803 -2.3221513 729229 730559
0.060618375 2.1161663 -2.3222373 729230 730559
0.060618375 2.1161663 -2.3220652 729229 730560
0.060631464 2.1161803 -2.3221513 729229 730559
0.060618375 2.1161663 -2.3220652 729229 730560
0.060618374 2.1161663 -2.3222373 729230 730559
0.060526717 2.1160682 -2.3226677 729236 730560
0.060081358 2.1155921 -2.3230119 729255 730575
0.058667435 2.114079 -2.3216349 729301 730637
0.056313957 2.1115544 -2.3206021 729385 730733
0.052015719 2.1069367 -2.3201718 729547 730900
0.046438771 2.1009423 -2.3200858 729760 731114
0.038377918 2.0923086 -2.3237005 730089 731401
0.027940109 2.0812249 -2.3286921 730515 731769
0.015291298 2.0679306 -2.3339419 731024.01 732217
0.0015453847 2.0536428 -2.3397941 731575 732700
-0.013468971 2.0382342 -2.3466791 732176 733221
-0.028147682 2.0233825 -2.3539945 732763.01 733723
-0.042382679 2.0091719 -2.3601049 733323 734212
-0.055906899 1.9958233 -2.3653548 733849 734677
-0.068580223 1.983442 -2.3703464 734340 735110
-0.081305655 1.9711143 -2.3737889 734822 735552
-0.094878867 1.9580082 -2.3736167 735313 736045.01
-0.10987642 1.9433966 -2.3648384 735808 736642
-0.12692032 1.9262996 -2.3444412 736319.01 737390.01
-0.14544761 1.906768 -2.3151802 736851 738262
-0.16449599 1.8852684 -2.2764516 737375.01 739236.01
-0.18397542 1.8612691 -2.2287728 737904.01 740319.01
-0.20267816 1.8357268 -2.1768769 738428.01 741446.01
-0.22237011 1.8053266 -2.11431 739009 742754
-0.24113732 1.771839 -2.0489023 739630 744135
-0.25910732 1.7340553 -1.9805686 740324 745623
-0.27559627 1.6921817 -1.9112882 741095 747199
-0.29027396 1.6460232 -1.8460521 741979.01 748841.02
-0.30311712 1.5950387 -1.7890787 743019.01 750543.02
-0.31409119 1.5393133 -1.7414002 744223.01 752301.02
-0.3236926 1.47772 -1.7094711 745663.02 754112.02
-0.33221116 1.4124659 -1.6917423 747276.02 755931.02
-0.34279919 1.3228721 -1.6851155 749590.02 758322.02
-0.35079121 1.2529753 -1.6841689 751419.02 760162.02
-0.35937267 1.1791896 -1.6889885 753384.02 762071.02
-0.36900074 1.1040258 -1.7074057 755467 763940
-0.38059605 1.0282277 -1.7377858 757643 765763
-0.39493118 0.95194352 -1.7753092 759885 767569
-0.41273261 0.87515242 -1.8218691 762211 769354
-0.43515857 0.79644718 -1.8748837 764653 771180
-0.4624002 0.71700255 -1.9273819 767148 773065
-0.49313226 0.64057433 -1.9788478 769595.02 774914.02
-0.52763841 0.56543731 -2.0237724 772012.02 776809.02
-0.5663076 0.4890953 -2.0555294 774428.02 778856.02
-0.60537762 0.41696858 -2.0789382 776703 780859
-0.64659826 0.34527199 -2.1062203 779018.02 782857.02
-0.68905016 0.27521698 -2.1249817 781263 784884
-0.73227544 0.20601961 -2.1333298 783439 786963
-0.77449976 0.13934131 -2.1372887 785520 788998
-0.81432359 0.076793646 -2.1382353 787459.02 790926.02
-0.8532306 0.014824149 -2.1246372 789288.02 792913.02
-0.88912079 -0.045439293 -2.0912448 790923.01 794936.02
-0.91912039 -0.10047581 -2.048472 792309 796819
-0.94760709 -0.15898971 -1.9992437 793720.01 798802.02
-0.97112447 -0.21451968 -1.943561 794969.01 800698.02
-0.99057197 -0.26932879 -1.8799607 796116.01 802584.02
-1.0067541 -0.32618604 -1.8161889 797287 804496
-1.0191715 -0.38217791 -1.7618829 798467.01 806307.02
-1.0287456 -0.43872502 -1.7151509 799691.02 808074.02
-1.0362072 -0.4991838 -1.672034 801029 809913
-1.0415234 -0.56194815 -1.6385556 802477 811750
-1.0453518 -0.62833592 -1.6182448 804093 813602
-1.0481963 -0.69462021 -1.6091221 805770.02 815385.02
-1.0503891 -0.76029489 -1.599225 807426 817156
-1.0517383 -0.82497706 -1.5840778 809025.02 818931.02
-1.0521863 -0.88821382 -1.5716849 810602.02 820652.02
-1.0521101 -0.95070432 -1.5674679 812207.02 822306.02
-1.0520423 -1.0128305 -1.5719432 813853.02 823900.01
-1.0525195 -1.0752419 -1.5849386 815556 825452
-1.0542893 -1.1392235 -1.6119627 817382.02 826964.01
-1.0587381 -1.2079746 -1.658867 819451.02 828488.01
-1.0669742 -1.2764527 -1.7221231 821617.02 829919.01
-1.0797646 -1.3437979 -1.7948454 823827 831284
-1.0976456 -1.4102135 -1.8727328 826073.02 832625.01
-1.1209784 -1.475811 -1.9523407 828351.02 833978.01
-1.1497688 -1.5406526 -2.0249769 830623 835406
-1.1831117 -1.6042301 -2.0826389 832830 836943
-1.2202412 -1.6668807 -2.1289409 834998.02 838573.02
-1.260862 -1.7298277 -2.1588044 837125.02 840353.02
-1.3029928 -1.7925601 -2.1656033 839135 842284
-1.3457316 -1.8567333 -2.1510585 841061.02 844379.02
-1.3886377 -1.9234989 -2.1328995 843025 846554
-1.4312452 -1.9915899 -2.1269612 845085 848683
-1.4764404 -2.0644632 -2.1248956 847309.02 850931.02
-1.5215048 -2.1377084 -2.119818 849522 853203
-1.5690938 -2.2146926 -2.1291129 851936.02 855509.02
-1.6190044 -2.2933213 -2.1436573 854449.02 857853.02
-1.6701876 -2.3725913 -2.144604 856915 860308
-1.7227508 -2.4541678 -2.141764 859429.03 862855.02
-1.7768094 -2.5380176 -2.1451204 862050 865437
-1.8314444 -2.623276 -2.1362559 864639 868129
-1.8841381 -2.7076309 -2.1220556 867150.03 870805.03
-1.9382203 -2.7960182 -2.1177524 869827.02 873532.03
-1.9906355 -2.8825233 -2.1133633 872439 876195
-2.0427982 -2.9701442 -2.1021752 875033.03 878919.03
-2.0957561 -3.0597223 -2.1072528 877776.03 881603.03
-2.1490103 -3.149168 -2.1083716 880497 884311
-2.2023834 -3.2392803 -2.1026915 883195 887075
-2.2564847 -3.3314796 -2.1001956 885968.03 889877.03
-2.3089231 -3.42247 -2.0870281 888630 892692
-2.3613156 -3.5176696 -2.0607788 891311.03 895678.03
-2.4104528 -3.6120436 -2.0408985 893970 898568
-2.4580107 -3.708809 -2.0143049 896627.03 901534.03
-2.5036508 -3.8082241 -1.988056 899327 904539
-2.5462614 -3.906683 -1.970413 902022.03 907439.03
-2.5879696 -4.0084545 -1.9490695 904766.03 910431.03
-2.6265888 -4.1080712 -1.9322014 907454 913315
-2.6641428 -4.2075219 -1.9315129 910222 916091
-2.7022154 -4.3082934 -1.9325456 913037 918894
-2.7389826 -4.4051304 -1.9347833 915751 921582
-2.775615 -4.5001313 -1.9428731 918453.03 924190.03
-2.8124036 -4.5945554 -1.9417543 921089 926839
-2.8465301 -4.6828765 -1.9372791 923532 929334
-2.8799341 -4.76975 -1.938484 925966 931754
-2.9136696 -4.8573391 -1.9383979 928413.02 934202.02
-2.9462655 -4.9422635 -1.9361603 930772.02 936587.02
-2.98828 -5.0508879 -1.9435617 933852 939581
-3.020134 -5.1318423 -1.9477787 936145 941825
-3.0518179 -5.2120804 -1.9459714 938384 944085
-3.0823936 -5.289973 -1.9437338 940553 946280
-3.1132092 -5.3681008 -1.9492418 942775 948438
-3.1438242 -5.4449055 -1.950963 944941 950584
-3.1740999 -5.5208969 -1.9488975 947062.02 952729.02
-3.2032804 -5.5944339 -1.948209 949121.02 954796.02
-3.2321268 -5.6673392 -1.9469181 951158 956848
-3.270203 -5.7656054 -1.9340086 953831.02 959671.02
-3.2968939 -5.8372854 -1.9204968 955747.02 961744.02
-3.3234241 -5.9111468 -1.9107718 957737 963847
-3.3495174 -5.9858358 -1.9030261 959755.02 965955.02
-3.3750174 -6.0607684 -1.894592 961770 968068
-3.3996562 -6.1346371 -1.8908914 963779.02 970120.02
-3.4244408 -6.2084554 -1.8985509 965854 972106
-3.4516933 -6.286679 -1.9135258 968101 974179
-3.4800467 -6.3638782 -1.9320295 970353.02 976216.02
-3.5099199 -6.4399041 -1.9583648 972636.02 978193.02
-3.5420356 -6.5139029 -2.0021703 974994 980042
-3.5792051 -6.5884021 -2.0649961 977530 981848
-3.6212892 -6.6594616 -2.1459819 980154.03 983531.02
-3.6708426 -6.7284542 -2.2413393 982923.03 985192.02
-3.7252029 -6.7907269 -2.3355771 985626 986800
-3.7828313 -6.8462665 -2.4137219 988167 988433
-3.8434257 -6.897134 -2.4727609 990573 990153
-3.9051812 -6.9441253 -2.5095098 992810.02 991963.02
-3.9674381 -6.9892491 -2.5193208 994872 993911
-4.0268402 -7.0323663 -2.5081327 996721 995890
-4.0830066 -7.0753648 -2.4682857 998334 997966
-4.1250485 -7.1103384 -2.4271471 999521.01 999631.02
-4.1732516 -7.1550268 -2.3608786 1000850 1001730
-4.227296 -7.213434 -2.2739555 1002420 1004310
-4.2667755 -7.2636172 -2.2008029 1003660 1006400
-4.3021381 -7.3160911 -2.1267885 1004880 1008480
-4.3339259 -7.3710247 -2.0639633 1006170 1010500
-4.3622321 -7.4267589 -2.0174892 1007530 1012400
-4.3986404 -7.5062545 -1.9830644 1009610 1014880
-4.424708 -7.5666374 -1.9735975 1011270 1016650
-4.4507235 -7.6270428 -1.9813432 1013030 1018320
-4.4777712 -7.6865728 -2.0131868 1014920 1019840
-4.5173722 -7.7632344 -2.0820365 1017570 1021690
-4.5489902 -7.8164909 -2.1310925 1019470 1023020
-4.5808972 -7.8655031 -2.1646569 1021190 1024350
-4.6122963 -7.9106973 -2.191336 1022780 1025630
-4.643549 -7.9534061 -2.2137123 1024290 1026880
-4.6756509 -7.9952389 -2.2369493 1025800 1028120
-4.7062788 -8.033354 -2.2584651 1027200 1029270
-4.7372262 -8.0702135 -2.2799808 1028580 1030400
-4.7694967 -8.1069477 -2.3032177 1029990 1031540
-4.802903 -8.1431755 -2.3281759 1031420 1032680
-4.8372026 -8.178558 -2.3531338 1032850 1033820
-4.8717689 -8.2125962 -2.3746495 1034240 1034960
-4.907838 -8.2467348 -2.3927228 1035640 1036150
-4.9441774 -8.2800196 -2.4073534 1037010 1037350
-4.9812577 -8.3130557 -2.4202627 1038380 1038570
-5.0229458 -8.3492742 -2.4323116 1039890 1039940
-5.0646433 -8.3845975 -2.445221 1041390 1041290
-5.1214546 -8.4314368 -2.4589909 1043390 1043130
-5.1642895 -8.4659859 -2.4667365 1044870 1044520
-5.2079621 -8.5007169 -2.4727609 1046360 1045940
-5.2533621 -8.5366626 -2.4710397 1047860 1047460
-5.3004053 -8.5742396 -2.4641547 1049390 1049070
-5.348314 -8.6131881 -2.453827 1050940 1050740
-5.3958452 -8.6528945 -2.4374752 1052460 1052450
-5.4438659 -8.6946872 -2.4133777 1053980 1054250
-5.4925718 -8.7394536 -2.3832554 1055530 1056150
-5.5411895 -8.7873697 -2.3436669 1057080 1058160
-5.5875492 -8.837213 -2.2963325 1058580 1060210
-5.6315208 -8.8896767 -2.2403918 1060040 1062320
-5.6721481 -8.9452465 -2.163796 1061390 1064560
-5.7085531 -9.0045714 -2.078594 1062710 1066870
-5.7383591 -9.0642735 -1.9890879 1063930 1069130
-5.7625376 -9.1266728 -1.8918369 1065110 1071440
-5.77981 -9.1907296 -1.7765128 1066170 1073840
-5.7888212 -9.2535545 -1.6500019 1067090 1076230
-5.7894526 -9.314527 -1.5123017 1067880 1078620
-5.7813979 -9.3730334 -1.3556676 1068510 1081070
-5.7651515 -9.4258133 -1.1887045 1068980 1083480
-5.7415907 -9.4725584 -1.019161 1069360 1085830
-5.7125616 -9.5116652 -0.8453161 1069620 1088110
-5.6786124 -9.5435799 -0.66372216 1069780 1090380
-5.6423584 -9.5669675 -0.48212997 1069850 1092560
-5.6070982 -9.581552 -0.30226073 1069800 1094600
-5.570895 -9.5892261 -0.11550295 1069680 1096650
-5.535046 -9.5899577 0.074693701 1069510 1098690
-5.5021257 -9.5845322 0.25198448 1069350 1100590
-5.4701415 -9.5731801 0.43013247 1069200 1102510
-5.4404284 -9.5563848 0.59881682 1069110 1104380
-5.4125313 -9.5338585 0.75975245 1069110 1106250
-5.3874131 -9.506161 0.90864084 1069220 1108090
-5.3663345 -9.4752775 1.035154 1069460 1109800
-5.3481923 -9.440623 1.1418706 1069860 1111440
-5.3326917 -9.4024219 1.2287945 1070430 1113020
-5.3192769 -9.3608129 1.2890378 1071220 1114510
-5.307268 -9.3157923 1.3312085 1072190 1115970
-5.2961975 -9.2693478 1.3423966 1073370 1117280
-5.2845208 -9.2196975 1.3372326 1074730 1118580
-5.2717214 -9.1685445 1.313996 1076240 1119820
-5.2570894 -9.1164884 1.2795705 1077850 1121030
-5.2396269 -9.0624842 1.2365391 1079580 1122260
-5.2191354 -9.007914 1.1866232 1081390 1123490
-5.1958468 -8.9542673 1.1358458 1083210 1124720
-5.1702512 -8.9025378 1.0867905 1085000 1125940
-5.1425519 -8.8523405 1.0463411 1086730 1127200
-5.1126536 -8.8027475 1.0101944 1088450 1128500
-5.0791395 -8.7513494 0.97576943 1090250 1129900
-5.042996 -8.6996456 0.94564778 1092070 1131370
-5.0049378 -8.6481367 0.92327149 1093870 1132910
-4.9650707 -8.5963099 0.90691951 1095670 1134520
-4.9234911 -8.5436305 0.89831331 1097470 1136220
-4.880348 -8.4894991 0.89745273 1099280 1138020
-4.8330992 -8.4300591 0.9008952 1101240 1140020
-4.7871054 -8.3715804 0.90778025 1103140 1142000
-4.7397659 -8.3107471 0.91122271 1105130 1144030
-4.6909772 -8.247884 0.91036209 1107210 1146100
-4.6429463 -8.1858873 0.91294399 1109240 1148160
-4.5822851 -8.1072389 0.91466523 1111820 1150760
-4.5368887 -8.0485384 0.91036209 1113780 1152670
-4.4919974 -7.9909022 0.90778022 1115700 1154560
-4.4480484 -7.9344757 0.91036214 1117550 1156440
-4.4054673 -7.8794156 0.91466522 1119340 1158280
-4.3490219 -7.8062331 0.91294397 1121760 1160680
-4.3067222 -7.7516825 0.90950147 1123580 1162460
-4.2650353 -7.6981129 0.90950147 1125350 1164230
-4.2247614 -7.6463591 0.90950147 1127060 1165940
-4.1859114 -7.5966561 0.90519834 1128730 1167560
-4.147183 -7.547589 0.90003458 1130390 1169160
-4.10882 -7.4994552 0.89573144 1132020 1170740
-4.0715325 -7.4529178 0.89487082 1133580 1172290
-4.0355825 -7.4080101 0.89659207 1135070 1173800
-4.0008688 -7.3645702 0.89659207 1136520 1175250
-3.9671775 -7.3225212 0.89401017 1137940 1176640
-3.9333781 -7.2805597 0.89142829 1139360 1178030
-3.9010563 -7.2406089 0.88970706 1140710 1179360
-3.8691831 -7.2012818 0.88970706 1142030 1180680
-3.8385175 -7.1634447 0.88970706 1143300 1181950
-3.8093748 -7.1275815 0.88712518 1144520 1183140
-3.7810801 -7.0930055 0.88282201 1145710 1184280
-3.7537502 -7.0598714 0.87937954 1146850 1185380
-3.726796 -7.0274209 0.87593702 1147970 1186460
-3.7009874 -6.9965123 0.8742158 1149030 1187500
-3.6759161 -6.9664867 0.87593708 1150040 1188530
-3.6511931 -6.9366703 0.88110087 1151020 1189570
-3.6249768 -6.904606 0.88970713 1152050 1190700
-3.5972212 -6.8700871 0.89745275 1153160 1191900
-3.5677982 -6.8329741 0.90347708 1154360 1193170
-3.5355252 -6.7917585 0.90950156 1155690 1194570
-3.5019345 -6.7481686 0.91896836 1157070 1196060
-3.4666767 -6.7015086 0.92843525 1158540 1197640
-3.4308142 -6.6531457 0.93704152 1160060 1199260
-3.3945149 -6.6034377 0.9430659 1161630 1200900
-3.3550151 -6.548707 0.94822975 1163360 1202690
-3.3149175 -6.4922826 0.95769665 1165110 1204550
-3.2749175 -6.4348517 0.96716356 1166880 1206430
-3.2360771 -6.3777865 0.97921231 1168610 1208300
-3.183867 -6.2989817 0.99212162 1171000 1210840
-3.1439399 -6.2373433 0.99986733 1172870 1212800
-3.1038198 -6.1744625 1.0058917 1174780 1214780
-3.0646922 -6.1123146 1.0119161 1176660 1216730
-3.025204 -6.0488089 1.0170798 1178580 1218710
-2.9847677 -5.9829598 1.0231042 1180560 1220760
-2.9446438 -5.9164698 1.0325712 1182530 1222840
-2.90585 -5.8505273 1.0454806 1184450 1224910
-2.8683579 -5.7849382 1.0575294 1186350 1226950
-2.8291742 -5.71436 1.0704387 1188380 1229130
-2.7896883 -5.6413237 1.0799056 1190490 1231350
-2.75023 -5.5669675 1.08593 1192650 1233580
-2.7109949 -5.4916284 1.0953968 1194810 1235850
-2.6720187 -5.4148615 1.106585 1196990 1238160
-2.6351447 -5.3402576 1.1169126 1199100 1240390
-2.600551 -5.2681705 1.1298219 1201110 1242550
-2.5671136 -5.1959605 1.1444526 1203100 1244710
-2.5346115 -5.1233256 1.1556407 1205110 1246850
-2.5040719 -5.0533879 1.1625257 1207060 1248880
-2.4750836 -4.9854947 1.1719926 1208930 1250860
-2.447252 -4.9181547 1.1857627 1210750 1252840
-2.4205763 -4.8511748 1.1978114 1212560 1254790
-2.3958371 -4.7871413 1.2064177 1214300 1256630
-2.3718658 -4.7236364 1.2133028 1216030 1258440
-2.3495134 -4.6625986 1.226212 1217650 1260210
-2.3278603 -4.6011047 1.2382609 1219280 1261980
-2.306826 -4.5395996 1.2442851 1220940 1263710
-2.2862001 -4.4793734 1.2374 1222640 1265330
-2.264412 -4.4183355 1.2184664 1224440 1266910
-2.2393555 -4.3533975 1.1866232 1226440 1268540
-2.2116276 -4.2883013 1.1496159 1228500 1270170
-2.1810714 -4.2238475 1.1065846 1230610 1271780
-2.1484777 -4.1619132 1.0661355 1232670 1273370
-2.1133882 -4.1011357 1.0282679 1234720 1274980
-2.07523 -4.0406432 0.98781849 1236820 1276610
-2.0323455 -3.9784451 0.94650806 1239030 1278340
-1.9878642 -3.9190491 0.90950147 1241180 1280060
-1.9414565 -3.8616371 0.87249453 1243320 1281770
-1.8922538 -3.8053221 0.8329057 1245500 1283490
-1.8411093 -3.7510278 0.79762002 1247650 1285230
-1.7878557 -3.6977098 0.77438292 1249750 1287060
-1.7361191 -3.6480503 0.75544931 1251730 1288820
-1.6817607 -3.5978166 0.7365154 1253770 1290640
-1.6274463 -3.5492459 0.72274555 1255750 1292460
-1.5753432 -3.5030945 0.72704864 1257540 1294300
-1.5184792 -3.4516239 0.74426117 1259440 1296400
-1.4654693 -3.4019125 0.76233433 1261230 1298400
-1.4125859 -3.3504037 0.78212874 1263040 1300440
-1.3617184 -3.2985012 0.80880846 1264780 1302490
-1.3079666 -3.2403456 0.84065159 1266660 1304740
-1.2409958 -3.1628905 0.87507661 1269130 1307610
-1.1879847 -3.0979976 0.89659207 1271190 1309920
-1.1364953 -3.03189 0.92155024 1273230 1312250
-1.0874695 -2.965835 0.94306608 1275250 1314520
-1.0377599 -2.8960122 0.96113906 1277380 1316860
-0.98801941 -2.8234035 0.97921222 1279570 1319260
-0.93931417 -2.7494057 0.99814612 1281770 1321680
-0.8925849 -2.6759572 1.0101948 1283970 1324020
-0.84466774 -2.5996302 1.0101947 1286320 1326370
-0.79525993 -2.5217499 1.0007277 1288780 1328720
-0.74603662 -2.4462597 0.98523661 1291220 1330980
-0.69544502 -2.3714458 0.96716328 1293680 1333230
-0.64210938 -2.295497 0.94995078 1296200 1335550
-0.58813474 -2.2211826 0.93532013 1298680 1337860
-0.53437386 -2.149331 0.92155008 1301100 1340120
-0.47786564 -2.0761972 0.90433771 1303610 1342430
-0.42044346 -2.0040226 0.89314956 1306080 1344770
-0.3609173 -1.9308335 0.88282204 1308600 1347170
-0.30072925 -1.8584358 0.87163392 1311120 1349560
-0.21895666 -1.7608462 0.87507655 1314420 1352900
-0.15905395 -1.6879662 0.89056768 1316790 1355450
-0.10035035 -1.6141158 0.90778022 1319150 1358010
-0.039070476 -1.5335239 0.93359928 1321640 1360800
0.017350445 -1.4550629 0.96113927 1324000 1363480
0.072153876 -1.3747674 0.98265473 1326410 1366140
0.12612666 -1.292071 1.0024493 1328870 1368830
0.17913404 -1.2073933 1.0205224 1331370 1371540
0.22902998 -1.1246295 1.0360137 1333800 1374150
0.28048996 -1.0365508 1.0480624 1336390 1376880
0.33048485 -0.94917657 1.0540867 1338980 1379540
0.37806843 -0.86484186 1.0601111 1341470 1382100
0.4281033 -0.77462691 1.0687174 1344110 1384840
0.4757864 -0.68705999 1.0756024 1346670 1387480
0.52145113 -0.60145365 1.0859299 1349140 1390070
0.56655955 -0.51447145 1.0988393 1351620 1392700
0.61150759 -0.42546859 1.1074456 1354170 1395350
0.65474399 -0.3381813 1.1143307 1356670 1397930
0.69759186 -0.25006354 1.1220763 1359180 1400530
0.74156429 -0.15823045 1.1263793 1361810 1403210
0.78335347 -0.070666894 1.1246581 1364350 1405730
0.82509766 0.016705667 1.1255187 1366870 1408260
0.86756555 0.10500611 1.1194944 1369460 1410780
0.90968149 0.19049331 1.106585 1372020 1413190
0.95067182 0.27139966 1.0971179 1374440 1415500
0.99562659 0.35781241 1.0850693 1377050 1417970
1.040188 0.44074791 1.0704385 1379590 1420340
1.0837795 0.51918589 1.0566686 1382010 1422600
1.1284521 0.59679304 1.0403167 1384440 1424840
1.174916 0.67401424 1.0179401 1386920 1427060
1.221637 0.74724062 0.98781811 1389360 1429150
1.2705547 0.81831985 0.94822966 1391840 1431170
1.3228619 0.88766713 0.90089473 1394380 1433160
1.3772217 0.95293983 0.85183898 1396880 1435090
1.43316 1.0135133 0.79847998 1399340 1436930
1.4899241 1.0679045 0.72962973 1401790 1438580
1.5544904 1.1210114 0.64701037 1404450 1440280
1.619713 1.1662636 0.56611147 1406990 1441880
1.6877023 1.2053533 0.47746608 1409550 1443410
1.756287 1.2370332 0.38796177 1412040 1444860
1.822612 1.2611215 0.3087834 1414340 1446240
1.8920787 1.2804155 0.23304899 1416660 1447680
1.9602856 1.2942968 0.16850159 1418850 1449120
2.026859 1.3041825 0.12633105 1420850 1450630
2.0916336 1.3115611 0.1005125 1422700 1452180
2.1542366 1.3176027 0.091906282 1424390 1453770
2.2130308 1.3231747 0.097069992 1425900 1455340
2.2755505 1.3300239 0.12116791 1427400 1457120
2.3321246 1.338052 0.16075686 1428660 1458840
2.3914714 1.3492814 0.21325458 1429930 1460720
2.4486097 1.3634427 0.27263842 1431120 1462600
2.5031222 1.3805734 0.33632488 1432240 1464460
2.5597288 1.4027182 0.40947815 1433400 1466470
2.6148882 1.4291537 0.48435195 1434560 1468500
2.6681217 1.4596684 0.55664458 1435740 1470520
2.7200201 1.4948551 0.63496247 1436920 1472610
2.7689009 1.5344297 0.72618801 1438030 1474780
2.8133867 1.5777965 0.81913568 1439110 1476940
2.854505 1.6261453 0.91294487 1440220 1479140
2.8915732 1.679075 1.0067532 1441360 1481370
2.9237803 1.7357575 1.1014212 1442510 1483620
2.9502725 1.7944866 1.1926484 1443660 1485830
2.9703757 1.8520531 1.2769898 1444760 1487910
2.9857489 1.9118515 1.3613314 1445880 1490010
2.9964674 1.9749911 1.4439506 1447070 1492160
3.002288 2.0360742 1.5076373 1448300 1494130
3.0049115 2.0977612 1.5489473 1449670 1495980
3.0054116 2.1631446 1.5773477 1451210 1497850
3.0046011 2.2254573 1.5902571 1452760 1499550
3.003325 2.2910226 1.5902571 1454470 1501260
3.0026674 2.3541041 1.5721839 1456220 1502800
3.0035707 2.4181421 1.541201 1458070 1504290
3.0066591 2.4823032 1.5041941 1459960 1505750
3.0119133 2.545169 1.4706297 1461800 1507200
3.0191712 2.6076414 1.4396474 1463620 1508660
3.028473 2.670619 1.4086645 1465460 1510140
3.0397531 2.7326873 1.3733789 1467310 1511580
3.0530285 2.7939673 1.3415358 1469130 1513030
3.0679144 2.8546786 1.3191595 1470890 1514530
3.0839284 2.914507 1.2993651 1472620 1516030
3.1024299 2.9782191 1.276989 1474480 1517630
3.1219138 3.0398307 1.2520308 1476310 1519170
3.1413976 3.0972049 1.2348183 1477990 1520650
3.1613248 3.153411 1.2253514 1479600 1522150
3.1824219 3.2116409 1.2210483 1481240 1523740
3.2028803 3.2676561 1.2201876 1482800 1525290
3.2243601 3.326155 1.2176058 1484440 1526900
3.2445654 3.3810368 1.2184665 1485960 1528430
3.2640991 3.434735 1.2253515 1487410 1529960
3.2831697 3.4885989 1.2356789 1488840 1531510
3.3012318 3.5411911 1.2442852 1490240 1533010
3.3203226 3.5978886 1.2477277 1491780 1534590
3.3383792 3.6518986 1.2485883 1493260 1536080
3.3558593 3.7044851 1.2511703 1494690 1537540
3.3735903 3.758603 1.2571946 1496140 1539060
3.3911473 3.8133825 1.2640796 1497600 1540600
3.4090302 3.870272 1.2683827 1499130 1542180
3.4271583 3.92829 1.2675221 1500720 1543760
3.4449591 3.9850036 1.2658009 1502280 1545300
3.4633664 4.0437378 1.2683828 1503870 1546920
3.4816533 4.1027096 1.2718253 1505460 1548550
3.4998267 4.1613158 1.2683827 1507080 1550130
3.5270854 4.2450003 1.2434246 1509520 1552280
3.5487833 4.3058681 1.2133023 1511380 1553790
3.572415 4.3658041 1.1771563 1513270 1555260
3.6001088 4.4281969 1.1289607 1515330 1556760
3.6301184 4.4873665 1.0738806 1517380 1558170
3.6651018 4.5475407 1.0144974 1519540 1559640
3.7013792 4.6023994 0.95855718 1521580 1561030
3.7415842 4.6563753 0.90261595 1523660 1562460
3.7855365 4.709105 0.84925717 1525760 1563940
3.8308736 4.7583262 0.8036444 1527770 1565420
3.879562 4.8069896 0.76663714 1529780 1567000
3.9483931 4.8703784 0.72188467 1532480 1569180
4.0014178 4.9160587 0.70036921 1534430 1570880
4.0549503 4.9611428 0.69950874 1536260 1572700
4.1087142 5.0071385 0.71586049 1538010 1574640
4.1594683 5.052212 0.73651577 1539660 1576530
4.2118485 5.100911 0.7614737 1541380 1578540
4.2621637 5.1503845 0.79245663 1543040 1580560
4.3104379 5.2013235 0.83204537 1544640 1582620
4.3562723 5.2531949 0.86216701 1546270 1584600
4.4018852 5.3075354 0.88282204 1548000 1586570
4.4478107 5.3643509 0.89917395 1549810 1588570
4.4944029 5.4240649 0.91724711 1551680 1590650
4.5390382 5.4833471 0.93359914 1553520 1592680
4.5843842 5.5454433 0.94650855 1555450 1594760
4.629536 5.6090958 0.96113906 1557400 1596880
4.6739698 5.6737193 0.97576985 1559360 1599010
4.7337382 5.7638482 0.99470356 1562070 1601940
4.7777175 5.831999 1.0007279 1564150 1604090
4.8373874 5.9251665 1.0015885 1567030 1606980
4.8814721 5.9939343 0.99986722 1569170 1609100
4.9251104 6.0616206 0.99642475 1571290 1611180
4.985886 6.1554443 0.99556412 1574210 1614090
5.0311737 6.2254901 0.99814604 1576370 1616280
5.0751094 6.2938961 1.0015885 1578470 1618420
5.1193555 6.3632436 1.0041704 1580600 1620580
5.1630836 6.4322369 1.0076129 1582710 1622730
5.2077995 6.5033287 1.0110554 1584880 1624940
5.2512551 6.5729474 1.0144979 1587000 1627100
5.2945308 6.642678 1.0162192 1589130 1629250
5.3372717 6.7116131 1.0153585 1591250 1631360
5.3789145 6.7785198 1.0127767 1593320 1633400
5.4209761 6.8453915 1.0058916 1595420 1635420
5.4652377 6.9140447 0.99040037 1597640 1637460
5.5102282 6.9810717 0.9688845 1599870 1639440
5.554748 7.0444671 0.94822942 1602010 1641340
5.5993626 7.1049585 0.92241087 1604120 1643150
5.6437339 7.1620283 0.89745247 1606150 1644890
5.7058933 7.2375214 0.86647014 1608880 1647260
5.7503339 7.2888298 0.84753636 1610760 1648920
5.794647 7.3379476 0.82602069 1612610 1650520
5.8397151 7.3855856 0.80020166 1614470 1652080
5.8853012 7.4313841 0.77524354 1616300 1653620
5.9307945 7.4750885 0.75544914 1618060 1655150
5.9756993 7.5166218 0.73737597 1619760 1656640
6.0220803 7.5579547 0.71844237 1621490 1658150
6.0682257 7.5978124 0.7063936 1623150 1659670
6.1146365 7.6376559 0.71241799 1624710 1661300
6.1595868 7.6777137 0.74340112 1626100 1663050
6.2026633 7.7197792 0.80364511 1627320 1664970
6.2412861 7.7629246 0.87765829 1628400 1666910
6.2754062 7.8082817 0.9740496 1629320 1668950
6.3036735 7.8557219 1.0928162 1630070 1671080
6.3248517 7.9042214 1.2253514 1630680 1673230
6.3392909 7.9559327 1.3716579 1631230 1675480
6.3456635 8.0073108 1.5231282 1631700 1677710
6.3439689 8.0582875 1.684926 1632090 1679980
6.3342653 8.1071884 1.848445 1632440 1682230
6.3177505 8.1513734 2.0085236 1632740 1684390
6.2943413 8.1921036 2.1763454 1632990 1686590
6.2650681 8.2273628 2.351051 1633170 1688800
6.2315982 8.2557865 2.5240385 1633310 1690950
6.1949024 8.2773608 2.6961639 1633420 1693060
6.1546947 8.292466 2.8682891 1633540 1695180
6.1136449 8.3003532 3.0352491 1633660 1697240
6.0699371 8.301315 -3.0792534 1633820 1699360
6.0283667 8.2953743 -2.9200375 1633990 1701380
5.9867548 8.2826061 -2.7677066 1634240 1703400
5.9471348 8.2636747 -2.6239808 1634550 1705380
5.9098516 8.2394078 -2.5052155 1635020 1707230
5.8752042 8.2112013 -2.4114072 1635640 1708940
5.840782 8.1778381 -2.332229 1636430 1710650
5.8083989 8.1417166 -2.2711247 1637340 1712270
5.776203 8.1019112 -2.2306756 1638440 1713840
5.7448273 8.0604892 -2.2074387 1639660 1715330
5.7147283 8.0190743 -2.1910866 1640900 1716760
5.683314 7.9741238 -2.1704315 1642210 1718310
5.6534641 7.9292668 -2.1454734 1643470 1719860
5.6243341 7.8830298 -2.1205152 1644750 1721430
5.5961679 7.8359766 -2.0998604 1646060 1722980
5.5675933 7.7862717 -2.0852296 1647470 1724560
5.5394044 7.7356881 -2.0731808 1648910 1726140
5.5103441 7.6818645 -2.0585502 1650420 1727820
5.481318 7.6262869 -2.0456409 1651980 1729530
5.4529778 7.57057 -2.0370347 1653560 1731210
5.4220671 7.5092783 -2.0387559 1655360 1732990
5.3918047 7.449592 -2.0413378 1657120 1734720
5.3590586 7.3851446 -2.0404771 1659000 1736610
5.3272357 7.3223804 -2.0396165 1660830 1738450
5.2943881 7.2584163 -2.0508047 1662770 1740260
5.2593578 7.1929979 -2.0740418 1664840 1742060
5.2230619 7.1287148 -2.0955573 1666890 1743860
5.185015 7.0647812 -2.1196548 1668970 1745660
5.144236 7.0007285 -2.1558011 1671160 1747430
5.1002976 6.9373941 -2.1988328 1673420 1749190
5.0549523 6.8772073 -2.2341184 1675590 1750950
5.0068467 6.8174696 -2.2633797 1677760 1752780
4.9566659 6.7587066 -2.2917801 1679940 1754630
4.90216 6.6986405 -2.3236235 1682240 1756560
4.8464951 6.6404424 -2.3442783 1684460 1758540
4.7890268 6.5823929 -2.3580484 1686670 1760590
4.7293867 6.5235334 -2.3675153 1688910 1762720
4.6700179 6.4660409 -2.3769822 1691120 1764820
4.612589 6.4112353 -2.382146 1693220 1766860
4.5543201 6.3562003 -2.3873097 1695340 1768920
4.4891581 6.2953407 -2.3933341 1697700 1771210
4.426383 6.2372644 -2.3967765 1699950 1773420
4.3626487 6.1782497 -2.3924734 1702190 1775710
4.2990419 6.1185345 -2.3830065 1704410 1778040
4.2312364 6.0537705 -2.3752608 1706810 1780530
4.1663027 5.9907263 -2.3666546 1709120 1782940
4.1007134 5.9258839 -2.3571877 1711470 1785400
4.0345949 5.8596692 -2.3537453 1713890 1787860
3.9676641 5.7926408 -2.3571878 1716380 1790310
3.9013757 5.7265977 -2.358909 1718830 1792740
3.8318142 5.6575913 -2.3614909 1721400 1795280
3.762396 5.5892584 -2.3666546 1723970 1797790
3.690275 5.518752 -2.3683759 1726610 1800410
3.6164033 5.446472 -2.365794 1729290 1803120
3.5435824 5.375036 -2.365794 1731950 1805780
3.471052 5.3035781 -2.3614909 1734580 1808460
3.3984301 5.2308504 -2.3494419 1737190 1811210
3.3039976 5.1330514 -2.3279262 1740610 1814880
3.2362586 5.0593636 -2.3003861 1743060 1817650
3.170017 4.982799 -2.2676823 1745510 1820480
3.1056085 4.9034474 -2.2375603 1748000 1823320
3.0438084 4.8215668 -2.1971108 1750440 1826230
2.9846442 4.7358922 -2.1532192 1752900 1829200
2.9305508 4.6507646 -2.120515 1755340 1832020
2.8762978 4.5578788 -2.0783447 1757900 1835070
2.8284402 4.4675738 -2.037895 1760330 1837970
2.7822142 4.3729968 -2.0129368 1762930 1840860
2.7391646 4.2786168 -1.9845364 1765470 1843730
2.6991198 4.1847958 -1.9638814 1768010 1846510
2.660373 4.0914684 -1.964742 1770650 1849140
2.6221596 4.0002029 -1.9699059 1773260 1851690
2.5819537 3.9064518 -1.9819545 1775990 1854280
2.5411273 3.8165364 -2.0120765 1778740 1856680
2.4965195 3.7258642 -2.0439197 1781560 1859130
2.4501744 3.638231 -2.0705991 1784300 1861560
2.4014168 3.552137 -2.1015816 1787060 1863960
2.3510194 3.4690042 -2.1299823 1789760 1866330
2.2969749 3.3847567 -2.1523586 1792500 1868810
2.2415675 3.3034795 -2.185923 1795260 1871180
2.1843149 3.2256222 -2.2237909 1798000 1873480
2.1256695 3.1512365 -2.2530522 1800640 1875780
2.0643807 3.0780103 -2.2823135 1803300 1878100
1.9994158 3.0046614 -2.3089926 1806010 1880500
1.9356096 2.9354314 -2.3219021 1808540 1882880
1.8459542 2.8402306 -2.3305084 1812000 1886240
1.7781371 2.7695104 -2.3399752 1814610 1888740
1.7101884 2.6999826 -2.3494422 1817200 1891220
1.6399462 2.6297591 -2.3632121 1819870 1893730
1.5677507 2.5596039 -2.3778428 1822580 1896270
1.4982213 2.4935929 -2.386449 1825130 1898720
1.4255499 2.4256025 -2.3924735 1827760 1901280
1.3533739 2.3587713 -2.3967766 1830350 1903820
1.2836182 2.2944037 -2.3959158 1832820 1906300
1.2078557 2.2238265 -2.3873097 1835470 1909050
1.1353858 2.1547861 -2.3735396 1838000 1911740
1.0636743 2.0841349 -2.353745 1840510 1914480
0.99436411 2.0127238 -2.3287871 1842960 1917220
0.92549213 1.938255 -2.3055501 1845470 1920000
0.86055778 1.864622 -2.2814526 1847890 1922700
0.79573327 1.7871037 -2.2530519 1850360 1925500
0.73371396 1.7087857 -2.2280937 1852820 1928250
0.67522995 1.6313679 -2.2074385 1855230 1930900
0.61848303 1.5524329 -2.1807591 1857610 1933590
0.56416744 1.4731976 -2.1626861 1860010 1936200
0.50825338 1.3894853 -2.1566616 1862600 1938860
0.45432518 1.3069899 -2.1428916 1865090 1941510
0.40125653 1.2237127 -2.1334248 1867610 1944140
0.33252413 1.1147205 -2.1334248 1870970 1947500
0.28356173 1.0361072 -2.1222367 1873320 1949980
0.21755153 0.92858173 -2.1205155 1876600 1953280
0.17107438 0.85316557 -2.1256792 1878940 1955560
0.12547674 0.77946085 -2.1239579 1881190 1957830
0.080965786 0.70778873 -2.1291217 1883420 1960000
0.038390819 0.64078788 -2.144613 1885580 1961980
-0.0043080189 0.57638195 -2.1678499 1887730 1963860
-0.046873903 0.51536293 -2.1919479 1889810 1965660
-0.090413691 0.45741709 -2.238422 1891970 1967280
-0.13601026 0.40406882 -2.3175989 1894260 1968650
-0.18341382 0.35792568 -2.4217359 1896590 1969770
-0.23233944 0.31995083 -2.5413618 1898900 1970690
-0.28394136 0.28968033 -2.6807833 1901270 1971440
-0.33488093 0.26885526 -2.8262305 1903550 1972030
-0.38231333 0.25698491 -2.9665113 1905640 1972490
-0.426179 0.25242195 -3.1093768 1907620 1972810
-0.46813077 0.25426687 3.0214791 1909600 1973020
-0.50721839 0.26219653 2.861401 1911570 1973130
-0.54093124 0.2749613 2.6978819 1913460 1973120
-0.56979385 0.29169721 2.5343644 1915280 1973040
-0.59396186 0.31151572 2.3751485 1917020 1972930
-0.61427122 0.33451105 2.2133493 1918760 1972790
-0.62913725 0.35777884 2.0653229 1920340 1972650
-0.64000187 0.38190696 1.9224577 1921860 1972510
-0.64708409 0.40600682 1.7907819 1923280 1972400
-0.65116558 0.43176286 1.6651316 1924690 1972350
-0.65207686 0.45782485 1.5463641 1926060 1972340
-0.65008013 0.48344108 1.4396474 1927350 1972390
-0.64492038 0.51095663 1.3312085 1928710 1972490
-0.63623941 0.53978221 1.2253514 1930110 1972660
-0.6233712 0.57035692 1.1194944 1931590 1972910
-0.60501423 0.60359005 1.0127767 1933200 1973280
-0.58104982 0.63784006 0.90777927 1934900 1973760
-0.55259509 0.67077795 0.80880728 1936610 1974320
-0.51946493 0.7024413 0.71672029 1938340 1974980
-0.4836371 0.73101657 0.62979705 1940040 1975670
-0.44280752 0.75826489 0.54717768 1941800 1976470
-0.39751516 0.78373782 0.47746646 1943560 1977420
-0.34922995 0.80721181 0.42755059 1945250 1978530
-0.29579718 0.83051154 0.39484665 1946960 1979860
-0.24041855 0.85314336 0.38107676 1948600 1981340
-0.18117774 0.87696769 0.38365864 1950250 1983020
-0.12039298 0.90208402 0.40001054 1951870 1984830
-0.058616548 0.92927557 0.42927235 1953460 1986760
0.0040469384 0.95957312 0.47144255 1955030 1988820
0.067383502 0.99401977 0.52480185 1956600 1991010
0.12987096 1.0322366 0.57299686 1958230 1993200
0.19062138 1.0731584 0.61258567 1959910 1995340
0.25097993 1.1173074 0.65045321 1961640 1997510
0.30923153 1.1632772 0.68573856 1963370 1999650
0.36985382 1.2139323 0.7063936 1965310 2001830
0.42998486 1.2654647 0.71069673 1967350 2003920
0.49056433 1.3176533 0.7115574 1969430 2006010
0.55129817 1.3702487 0.71586043 1971500 2008130
0.61207667 1.4227914 0.70983611 1973630 2010190
0.67272959 1.4740062 0.69262357 1975800 2012160
0.73625371 1.5256628 0.67282916 1978050 2014180
0.80022623 1.5755249 0.6513135 1980290 2016170
0.86440546 1.6228937 0.62033094 1982550 2018070
0.93157856 1.6683522 0.56955398 1984960 2019890
0.99958485 1.7093036 0.51447323 1987350 2021640
1.0740435 1.7481536 0.447345 1989930 2023440
1.1504682 1.7810885 0.36644528 1992570 2025140
1.2282807 1.8071699 0.28038345 1995210 2026780
1.3071413 1.8261395 0.19173807 1997840 2028380
1.3858535 1.8378277 0.10309366 2000430 2029940
1.4652573 1.8430486 0.028219258 2002940 2031580
1.5442569 1.8427623 -0.035467259 2005370 2033270
1.6219292 1.8375262 -0.099152865 2007770 2034930
1.6970256 1.8276651 -0.16197914 2010110 2036540
1.7714029 1.8133648 -0.21791933 2012410 2038190
1.8450437 1.7948496 -0.27472128 2014720 2039840
1.9189181 1.771535 -0.33668634 2017100 2041500
1.9887711 1.7448357 -0.39348778 2019380 2043120
2.0554853 1.715064 -0.44598584 2021590 2044720
2.1212856 1.6815972 -0.49504108 2023800 2046360
2.1872566 1.6443881 -0.53204826 2025990 2048120
2.2489426 1.6070673 -0.55614578 2028010 2049860
2.3120086 1.5668808 -0.5785221 2030090 2051680
2.3726729 1.5261746 -0.60348021 2032140 2053440
2.433213 1.4835959 -0.62241382 2034180 2055260
2.4934347 1.4399104 -0.63274133 2036180 2057140
2.5526008 1.3964051 -0.63532321 2038110 2059040
2.6149126 1.3503797 -0.63704443 2040140 2061050
2.6786727 1.3034118 -0.63274116 2042180 2063140
2.7438882 1.2564882 -0.61466798 2044170 2065340
2.8098422 1.2109451 -0.59401296 2046140 2067550
2.8770045 1.1665048 -0.57507912 2048130 2069760
2.9456125 1.1232422 -0.55012083 2050100 2072020
3.0175111 1.0809592 -0.51311384 2052060 2074410
3.0893362 1.0424612 -0.47094354 2053940 2076780
3.1622794 1.0074317 -0.42446916 2055780 2079160
3.2387016 0.97547449 -0.36766774 2057610 2081650
3.315099 0.94880832 -0.30398127 2059350 2084130
3.3922334 0.92774743 -0.22910748 2061000 2086650
3.4708442 0.91312373 -0.13874073 2062560 2089260
3.5489621 0.9062005 -0.038048379 2064020 2091890
3.6486131 0.90961437 0.10653808 2065780 2095330
3.7225191 0.92221971 0.23132903 2067010 2098010
3.7914099 0.94347867 0.36730673 2068100 2100680
3.8540373 0.97296476 0.51275414 2069060 2103330
3.9101915 1.0107555 0.67196854 2069900 2106020
3.9572061 1.0548065 0.83376633 2070640 2108640
3.9957814 1.1054481 1.0058916 2071300 2111300
4.0238945 1.1597729 1.1806006 2071880 2113910
4.0423153 1.219908 1.3664958 2072440 2116630
4.0492702 1.279327 1.542062 2072980 2119210
4.0455069 1.3386495 1.7262361 2073460 2121830
4.031082 1.3955241 1.9121331 2073910 2124440
4.0076709 1.4468063 2.085978 2074370 2126920
3.9755647 1.4936106 2.2581049 2074850 2129400
3.935452 1.5348417 2.4267875 2075370 2131880
3.8914352 1.5675506 2.5782564 2075920 2134190
3.8427594 1.5936329 2.7211204 2076530 2136460
3.7902277 1.6130077 2.8553792 2077210 2138700
3.7379661 1.6253069 2.9655392 2077970 2140740
3.6832124 1.6324898 3.0567647 2078880 2142710
3.6286349 1.6352666 3.1247542 2079910 2144530
3.5730308 1.6347193 -3.1050722 2081050 2146290
3.5165482 1.6316571 -3.0697865 2082320 2147970
3.4616926 1.6272602 -3.0534346 2083660 2149500
3.4070784 1.6222909 -3.0482709 2085060 2150960
3.3513008 1.6174092 -3.0603199 2086590 2152350
3.2942935 1.6135059 -3.0861389 2088230 2153690
3.2371839 1.6116162 -3.1308916 2089980 2154920
3.1773695 1.6127265 3.0937717 2091880 2156140
3.1208081 1.617438 3.0232003 2093770 2157210
3.0639924 1.6264391 2.9457439 2095720 2158260
3.0077173 1.6400925 2.8614025 2097720 2159280
2.9513212 1.6588755 2.7787824 2099750 2160350
2.8985002 1.6811697 2.7056284 2101670 2161420
2.8440363 1.7090098 2.6324758 2103690 2162590
2.7919293 1.7406796 2.5584612 2105710 2163750
2.7417141 1.7766045 2.4827262 2107760 2164920
2.6955692 1.8149792 2.4130161 2109730 2166080
2.6525871 1.8557604 2.3519116 2111630 2167270
2.6115762 1.8993176 2.3002736 2113490 2168530
2.5729117 1.9442125 2.2632671 2115250 2169860
2.5339439 1.9921056 2.2443333 2116970 2171360
2.4957702 2.0398985 2.2451939 2118560 2172960
2.458615 2.0858054 2.2572429 2120030 2174570
2.4161546 2.1362821 2.2830615 2121600 2176440
2.3717671 2.1855911 2.3243715 2123090 2178410
2.3239752 2.2337941 2.3794523 2124540 2180500
2.271982 2.2800702 2.4491631 2125950 2182720
2.2187419 2.3209282 2.5248975 2127260 2184910
2.1597634 2.3589651 2.6126823 2128580 2187250
2.0972826 2.3917556 2.7039079 2129890 2189620
2.0354184 2.4177726 2.7830863 2131180 2191830
1.9680117 2.439901 2.8657056 2132550 2194160
1.9003067 2.4560501 2.9491864 2133880 2196460
1.8284569 2.466958 3.032668 2135290 2198840
1.7565288 2.471891 3.1135669 2136700 2201190
1.6844372 2.4709954 -3.0887195 2138110 2203540
1.6080843 2.4637166 -3.0043782 2139620 2206030
1.5331298 2.4504243 -2.9277822 2141160 2208460
1.459801 2.4314684 -2.8494661 2142680 2210890
1.3863434 2.4062724 -2.7728697 2144260 2213360
1.3139764 2.3755544 -2.7074621 2145930 2215790
1.2444041 2.341052 -2.654964 2147650 2218120
1.1728781 2.3008131 -2.6033265 2149490 2220560
1.1051422 2.2583262 -2.559435 2151320 2222900
1.0389076 2.2135322 -2.5344767 2153260 2225130
0.97076548 2.1657623 -2.5258706 2155380 2227350
0.90292487 2.1178984 -2.5284524 2157560 2229500
0.83420772 2.0699456 -2.5361982 2159790 2231640
0.76469899 2.0228065 -2.555132 2162090 2233720
0.69380829 1.9767086 -2.5749264 2164410 2235810
0.62138138 1.9312358 -2.586975 2166710 2237970
0.55081347 1.887856 -2.59386 2168910 2240090
0.48067771 1.8456104 -2.6050482 2171110 2242160
0.40739043 1.8026614 -2.6179577 2173400 2244300
0.33544251 1.7616126 -2.6282851 2175620 2246400
0.26405887 1.7222989 -2.6480798 2177860 2248410
0.19023535 1.6838897 -2.6756196 2180190 2250420
0.11365599 1.6466894 -2.7031598 2182570 2252480
0.03706042 1.6117763 -2.7246755 2184890 2254550
-0.040382575 1.5787857 -2.7530762 2187250 2256580
-0.11930576 1.5478993 -2.7840585 2189640 2258610
-0.19981407 1.5184915 -2.7986892 2191960 2260760
-0.27973004 1.4902707 -2.8055742 2194210 2262930
-0.35715426 1.4636398 -2.8150411 2196400 2265010
-0.43632764 1.437394 -2.8279505 2198650 2267110
-0.51303909 1.4128771 -2.8365567 2200800 2269160
-0.58911437 1.3895342 -2.8511877 2202960 2271150
-0.66644902 1.3677574 -2.8830309 2205240 2273060
-0.74275375 1.3488359 -2.9140131 2207470 2274930
-0.81634687 1.3326245 -2.9355289 2209560 2276770
-0.89080274 1.3177285 -2.9527413 2211640 2278650
-0.96228157 1.3046081 -2.967372 2213620 2280460
-1.0329414 1.2923596 -2.9725356 2215520 2282300
-1.1005472 1.2804606 -2.9622082 2217250 2284150
-1.1702324 1.2671417 -2.9432744 2218990 2286110
-1.2396404 1.2524462 -2.9226194 2220720 2288080
-1.3061158 1.2369304 -2.9019643 2222380 2289980
-1.3703561 1.2203534 -2.8761455 2223960 2291860
-1.4351404 1.2014168 -2.838278 2225500 2293840
-1.4983796 1.1801204 -2.7952463 2226990 2295830
-1.5583467 1.1570976 -2.7547972 2228430 2297740
-1.6164216 1.1319729 -2.7117659 2229830 2299640
-1.6744846 1.1036128 -2.6627102 2231230 2301610
-1.7295363 1.0732011 -2.6110726 2232570 2303550
-1.7807198 1.041494 -2.5628775 2233860 2305400
-1.8284779 1.0087444 -2.5181245 2235110 2307170
-1.8749208 0.97383578 -2.4759538 2236380 2308930
-1.9176411 0.93884252 -2.4346441 2237580 2310610
-1.9565206 0.90436574 -2.3976369 2238720 2312180
-1.9898673 0.87265174 -2.3649331 2239730 2313570
-2.0189806 0.8431934 -2.3356721 2240640 2314820
-2.0421532 0.81839574 -2.3089924 2241370 2315860
-2.0611146 0.79702445 -2.2840343 2241970 2316750
-2.0757411 0.7797615 -2.2633793 2242440 2317460
-2.0867725 0.76624212 -2.2470274 2242800 2318010
-2.0947481 0.75617061 -2.2341181 2243060 2318420
-2.1007396 0.74844181 -2.2263724 2243270 2318720
-2.1053943 0.74234586 -2.2194874 2243430 2318960
-2.1087404 0.73790464 -2.2134631 2243540 2319140
-2.1114921 0.73421604 -2.2100206 2243640 2319280
-2.113205 0.73190548 -2.2074387 2243700 2319370
-2.1143437 0.73036267 -2.2057175 2243740 2319430
-2.1147986 0.72974516 -2.2057175 2243760 2319450
-2.1147986 0.72974516 -2.2057175 2243760 2319450
-2.1145711 0.73005392 -2.2057175 2243750 2319440
-2.1144573 0.73020825 -2.2065781 2243750 2319430
-2.1143435 0.73036258 -2.2057175 2243740 2319430
-2.1144573 0.73020825 -2.2065781 2243750 2319430
-2.1144573 0.73020825 -2.2065781 2243750 2319430
-2.1144573 0.73020825 -2.2065781 2243750 2319430
-2.1144573 0.73020825 -2.2065781 2243750 2319430
-2.1144573 0.73020825 -2.2065781 2243750 2319430
-2.1144573 0.73020825 -2.2065781 2243750 2319430
-2.1144573 0.73020825 -2.2065781 2243750 2319430
-2.1144573 0.73020825 -2.2065781 2243750 2319430
-2.1144573 0.73020825 -2.2065781 2243750 2319430
-2.1144573 0.73020825 -2.2065781 2243750 2319430
-2.1144573 0.73020825 -2.2065781 2243750 2319430
-2.1144573 0.73020825 -2.2065781 2243750 2319430
-2.1144573 0.73020825 -2.2065781 2243750 2319430
-2.1144573 0.73020825 -2.2065781 2243750 2319430
-2.1144573 0.73020825 -2.2065781 2243750 2319430
-2.1144573 0.73020825 -2.2065781 2243750 2319430
-2.1144573 0.73020825 -2.2065781 2243750 2319430
-2.1144573 0.73020825 -2.2065781 2243750 2319430
-2.1144573 0.73020825 -2.2065781 2243750 2319430
-2.1144573 0.73020825 -2.2065781 2243750 2319430
-2.1144573 0.73020825 -2.2065781 2243750 2319430
-2.1144573 0.73020825 -2.2065781 2243750 2319430
-2.1144573 0.73020825 -2.2065781 2243750 2319430
-2.1144573 0.73020825 -2.2065781 2243750 2319430
-2.1144573 0.73020825 -2.2065781 2243750 2319430
-2.1144573 0.73020825 -2.2065781 2243750 2319430
-2.1144573 0.73020825 -2.2065781 2243750 2319430
-2.1144573 0.73020825 -2.2065781 2243750 2319430
-2.1144573 0.73020825 -2.2065781 2243750 2319430
-2.1144573 0.73020825 -2.2065781 2243750 2319430
-2.1144573 0.73020825 -2.2065781 2243750 2319430
-2.1144573 0.73020825 -2.2065781 2243750 2319430
-2.1144573 0.73020825 -2.2065781 2243750 2319430
-2.1144573 0.73020825 -2.2065781 2243750 2319430
-2.1144573 0.73020825 -2.2065781 2243750 2319430
-2.1144573 0.73020825 -2.2065781 2243750 2319430
-2.1144573 0.73020825 -2.2065781 2243750 2319430
-2.1144573 0.73020825 -2.2065781 2243750 2319430
-2.1144573 0.73020825 -2.2065781 2243750 2319430
-2.1144573 0.73020825 -2.2065781 2243750 2319430
-2.1144573 0.73020825 -2.2065781 2243750 2319430
-2.1144573 0.73020825 -2.2065781 2243750 2319430
-2.1144573 0.73020825 -2.2065781 2243750 2319430
-2.1144573 0.73020825 -2.2065781 2243750 2319430
-2.1144573 0.73020825 -2.2065781 2243750 2319430
-2.1144573 0.73020825 -2.2065781 2243750 2319430
-2.1144573 0.73020825 -2.2065781 2243750 2319430
-2.1144573 0.73020825 -2.2065781 2243750 2319430
-2.1144573 0.73020825 -2.2065781 2243750 2319430
-2.1143434 0.73036248 -2.2074387 2243750 2319420
-2.1137704 0.73113119 -2.2151843 2243770 2319350
-2.1122619 0.73311563 -2.2263725 2243770 2319220
-2.1100149 0.73598343 -2.2444459 2243780 2319020
-2.1069779 0.73969234 -2.2694042 2243800 2318750
-2.1028234 0.74446509 -2.3046895 2243840 2318380
-2.0963378 0.75126335 -2.3606307 2243920 2317810
-2.0910407 0.75626653 -2.4088258 2244010 2317340
-2.085936 0.76062334 -2.4613241 2244140 2316860
-2.0794714 0.76542606 -2.5439444 2244410 2316170
-2.0749317 0.76829261 -2.6127945 2244670 2315630
-2.0679529 0.77191216 -2.7134879 2245050 2314840
-2.0622783 0.77424631 -2.789223 2245330 2314240
-2.0562636 0.77621148 -2.8623755 2245590 2313650
-2.0499371 0.77778606 -2.9329476 2245830 2313070
-2.0429483 0.77900682 -3.0043789 2246060 2312470
-2.0351278 0.77981012 -3.0740897 2246260 2311860
-2.0236254 0.78005204 3.1161474 2246500 2311020
-2.0152024 0.77956897 3.0524611 2246650 2310430
-2.0053065 0.77834866 2.9853327 2246780 2309780
-1.9988879 0.77720681 2.9457439 2246840 2309380
-1.9941986 0.77621131 2.9190643 2246870 2309100
-1.990839 0.77542065 2.9018519 2246880 2308910
-1.9891646 0.77500295 2.8923851 2246890 2308810
-1.9889788 0.77495558 2.8915245 2246890 2308800
-1.9897223 0.77514411 2.894967 2246890 2308840
-1.9912111 0.77551348 2.901852 2246890 2308920
-1.9919566 0.77569367 2.9070157 2246880 2308970
-1.9925163 0.77582666 2.9095976 2246880 2309000
-1.9927029 0.77587066 2.9104582 2246880 2309010
-1.9927029 0.77587066 2.9104582 2246880 2309010
-1.9927029 0.77587066 2.9104582 2246880 2309010
-1.9927029 0.77587066 2.9104582 2246880 2309010
-1.9927029 0.77587066 2.9104582 2246880 2309010
-1.9927029 0.77587066 2.9104582 2246880 2309010
-1.9927029 0.77587066 2.9104582 2246880 2309010
-1.9927029 0.77587066 2.9104582 2246880 2309010
-1.9928896 0.77591451 2.9113189 2246880 2309020
-1.9928896 0.77591451 2.9113189 2246880 2309020
-1.9928896 0.77591451 2.9113189 2246880 2309020
-1.9928896 0.77591451 2.9113189 2246880 2309020
-1.9928896 0.77591451 2.9113189 2246880 2309020
-1.9928896 0.77591451 2.9113189 2246880 2309020
