0.0443143 -0.000623764 -0.02815 47724 2705
0.087429035 -0.0024868015 -0.058218482 49009.012 3644.0087
0.12940295 -0.0055688776 -0.088375152 50267 4555
0.16947453 -0.0096887727 -0.1165317 51467 5431
0.20811173 -0.014723042 -0.14260021 52621.011 6285.0085
0.24728437 -0.020808168 -0.16561884 53775 7174
0.28381339 -0.027299496 -0.18611605 54849.01 8012.0076
0.31875304 -0.034259503 -0.20713794 55888.01 8809.0074
0.3527984 -0.041793386 -0.22842209 56909 9585
0.38576995 -0.049835495 -0.25005648 57908.009 10335.007
0.41756544 -0.05832504 -0.27177937 58881.009 11058.007
0.44827347 -0.067246052 -0.29367769 59831 11756
0.47733865 -0.076373448 -0.314882 60738.008 12419.006
0.50508789 -0.085718289 -0.33478132 61607 13059
0.53247451 -0.095346467 -0.34135537 62393.007 13769.008
0.55982024 -0.10491742 -0.33199103 63086 14569
0.58700996 -0.11380555 -0.29989498 63639 15490
0.6148103 -0.12162473 -0.24846249 64088.003 16529.01
0.64225684 -0.12766585 -0.1848382 64447.003 17618.011
0.67199468 -0.13208409 -0.11014969 64793.003 18821.011
0.70169062 -0.13422526 -0.03380754 65122 20026
0.73315213 -0.13399885 0.04820005 65462.004 21307.013
0.76676472 -0.13093342 0.13369423 65841.004 22667.013
0.8016792 -0.12473965 0.21744917 66274.005 24061.014
0.83814552 -0.11505655 0.30164306 66763.005 25516.014
0.87525908 -0.10189373 0.38000336 67328 26980
0.91194626 -0.085664677 0.45296645 67943.008 28432.018
0.94866641 -0.066094335 0.52636559 68594 29925
0.98581005 -0.042548472 0.60360155 69284 31501
1.0223367 -0.015204165 0.68162469 70012.008 33124.016
1.0595568 0.017499748 0.76017501 70838 34851
1.0939005 0.052482496 0.82905834 71706.012 36509.021
1.1290427 0.093469552 0.89498713 72719.01 38278.017
1.1623785 0.13772466 0.95543068 73800 40052
1.194524 0.18586884 1.0087368 74986 41849
1.2247091 0.23605893 1.0499375 76259 43594
1.25318 0.28752846 1.0811225 77596 45288
1.2798262 0.3390495 1.1058611 78949 46924
1.3072206 0.39512404 1.1268614 80437 48652
1.3339641 0.45258361 1.1435084 81975 50380
1.3593246 0.50905402 1.1538823 83511.015 52034.017
1.3854642 0.56891329 1.1642613 85135 53776
1.4110176 0.62942716 1.178212 86748.015 55548.017
1.4354617 0.68999988 1.1962556 88328.016 57334.018
1.4597463 0.75347008 1.2144773 89975 59189
1.490123 0.83707692 1.230119 92178 61570
1.5116834 0.89910442 1.2424147 93800 63332
1.5325106 0.96199586 1.2595888 95409 65137
1.5527446 1.0265876 1.274849 97066.016 66968.017
1.5723877 1.0917046 1.2807903 98785.016 68754.017
1.5916108 1.1563597 1.2828115 100512.02 70503.017
1.6106871 1.2213215 1.287533 102230.02 72274.017
1.6295692 1.2871077 1.2950427 103951.02 74080.017
1.6480116 1.3523729 1.2957578 105695.02 75831.017
1.6679833 1.4217608 1.2853317 107616 77631
1.6884702 1.4900276 1.273162 109523.02 79397.017
1.7096536 1.5583245 1.2669153 111402 81203
1.7316378 1.6277954 1.2617158 113310.02 83050.017
1.7543047 1.6975149 1.2512041 115260.02 84878.017
1.7769766 1.7645544 1.2381628 117159.02 86626.018
1.8091913 1.8569389 1.2323926 119714.02 89113.018
1.8333272 1.9254447 1.2317218 121590.02 90980.018
1.8575679 1.9936653 1.2270442 123483 92818
1.8823765 2.0618477 1.2166185 125413.02 94627.017
1.9069514 2.1276747 1.2103699 127260 96401
1.9330969 2.1967484 1.2075235 129180.02 98287.017
1.9677693 2.2867012 1.1982671 131718.02 100717.02
1.9938793 2.3526034 1.188884 133599.02 102489.02
2.0200718 2.4172178 1.1824604 135433 104248
2.0445452 2.477107 1.1832579 137096 105919
2.0729768 2.546825 1.1838976 139033.02 107862.02
2.0997193 2.6120326 1.1793042 140876 109651
2.1257094 2.6744238 1.1728771 142655.02 111355.02
2.1513747 2.7350982 1.1683636 144379 113026
2.1767471 2.7945908 1.1669837 146054 114684
2.2026363 2.8548969 1.1636019 147765.02 116355.02
2.2281517 2.9134186 1.1556884 149456.02 117954.02
2.2537351 2.9708712 1.1480348 151121.02 119530.01
2.2792122 3.0270955 1.1426438 152743.02 121089.02
2.3069793 3.0874571 1.1366505 154490 122766
2.3346871 3.146563 1.1282167 156221 124399
2.3653956 3.2103874 1.1164819 158114 126156
2.3955243 3.2713434 1.107007 159921.02 127853.02
2.4264482 3.3326827 1.1006689 161728.02 129586.02
2.4591135 3.3965977 1.0959903 163605 131408
2.4917688 3.4597556 1.0912236 165465.02 133212.02
2.5240717 3.5215213 1.0866289 167288.02 134981.02
2.5563306 3.5827185 1.0847334 169082.02 136752.02
2.5876641 3.6420565 1.0851863 170809.02 138483.02
2.6193006 3.701914 1.0839852 172561 140220
2.6497691 3.7592732 1.0810379 174252.02 141876.02
2.6789618 3.8138587 1.0783473 175863 143455
2.7093172 3.8705308 1.0797538 177512.02 145119.02
2.7388258 3.9259827 1.083771 179108.02 146760.02
2.7683877 3.9820652 1.0876148 180720.02 148415.02
2.7972528 4.0372634 1.0903246 182310 150035
2.8246666 4.0900677 1.0935527 183825 151586
2.8525528 4.1443535 1.0989606 185367 153189
2.879197 4.1970728 1.1067171 186845 154755
2.9054197 4.2500253 1.1152575 188319.01 156326.01
2.93064 4.301934 1.1217925 189769.01 157850.01
2.9545195 4.3516881 1.1248396 191174 159289
2.9764025 4.3976868 1.1286641 192465 160623
2.9991798 4.4461398 1.1340605 193814.01 162033.02
3.0205234 4.4925836 1.145985 195063 163418
3.0404621 4.5387431 1.1801186 196163.01 164909.02
3.0583069 4.5857322 1.2355903 197140.01 166522.02
3.0721355 4.6304734 1.306472 197940 168135
3.0821233 4.6741193 1.3851906 198642.01 169740.02
3.0888092 4.7203329 1.4690493 199364 171424
3.0915538 4.7642061 1.5475924 200046.01 173007.01
3.0910495 4.8060261 1.6181179 200719 174489
3.0878934 4.8482938 1.6725324 201499.01 175893.01
3.0831228 4.8887272 1.7039502 202368 177122
3.0769457 4.9334399 1.7122073 203484.01 178332.01
3.0711245 4.9784713 1.6864971 204802.02 179354.01
3.0669027 5.0243608 1.6385785 206265.02 180266.01
3.0655361 5.071586 1.5608756 207929 181037
3.0680815 5.1203756 1.4764673 209673.02 181811.01
3.0748493 5.1698763 1.3933688 211438 182621
3.0859579 5.2206365 1.3173268 213214.02 183523.01
3.1006267 5.271334 1.260971 214898 184559
3.1180236 5.3227238 1.2277844 216487.01 185766.01
3.136936 5.3742588 1.2103635 218002.01 187080.01
3.1567486 5.425891 1.1984304 219496 188436
3.1798857 5.4838073 1.1830243 221192 189954
3.2035762 5.5401336 1.1623032 222886.02 191409.01
3.2272007 5.5930618 1.1396613 224510.02 192772.01
3.2526076 5.6467295 1.1176312 226167.02 194175.01
3.2782615 5.6980974 1.0976015 227762 195539
3.3051894 5.749402 1.0773111 229372 196915
3.3339172 5.8016341 1.0585911 231016 198343
3.3633524 5.8531586 1.0449222 232624 199793
3.3928648 5.9038555 1.0423136 234151 201289
3.4235558 5.9566518 1.0461539 235703.01 202884.02
3.4545992 6.0108129 1.0545253 237264.02 204540.02
3.4884573 6.0712518 1.0657814 238985 206389
3.5212269 6.1312739 1.0763395 240687.02 208211.02
3.5529749 6.1907882 1.0851541 242375.02 209999.02
3.5855732 6.2531891 1.093625 244141.02 211861.02
3.6184998 6.3174515 1.1009664 245960.02 213763.02
3.6509397 6.3817654 1.1063043 247786.02 215649.02
3.6840783 6.4485066 1.1135622 249665 217610
3.7146556 6.5114919 1.1241229 251409.02 219474.02
3.7580116 6.6037482 1.1388266 253952.02 222184.02
3.7899372 6.6733695 1.1428652 255903.02 224180.02
3.82078 6.741031 1.1433293 257817 226098
3.8534909 6.8132382 1.1475463 259836.02 228164.02
3.8859234 6.8856329 1.1516762 261857 230231
3.918861 6.9594815 1.150844 263946 232309
3.9515134 7.0325011 1.1497492 266014 234363
3.9831056 7.1035718 1.1552703 267987 236398
4.0166377 7.1802979 1.1622813 270105 238595
4.0493332 7.2561608 1.1654583 272216.02 240741.02
4.0812013 7.3307097 1.1681975 274290.02 242845.02
4.1124806 7.4050871 1.1772069 276318.02 244975.02
4.143292 7.4802674 1.1864785 278359 247121
4.1745824 7.5582274 1.1917479 280494 249315
4.2048875 7.635222 1.1998896 282580 251493
4.233651 7.711107 1.2170869 284573 253682
4.2623637 7.7906934 1.232025 286668 255947
4.2898933 7.8696289 1.2384262 288786.02 258137.02
4.3158299 7.9456639 1.2456931 290815 260248
4.3421082 8.0256998 1.2614146 292896.02 262508.02
4.3664506 8.1031361 1.2710344 294933.02 264654.02
4.3901769 8.1805999 1.276125 296992 266770
4.413091 8.257621 1.2871372 299000 268903
4.4344248 8.3340291 1.3099059 300914.02 271077.02
4.4607842 8.4367907 1.3294935 303536 273922
4.4790381 8.5123147 1.3378015 305491 275971
4.4961307 8.5868577 1.3529884 307375.02 278028.02
4.5119643 8.6613202 1.3695681 309242.02 280084.02
4.5263757 8.7337761 1.3793507 311090 282043
4.5397651 8.8035453 1.3830323 312900 283894
4.5532211 8.8763046 1.3928153 314751.02 285856.02
4.5651502 8.9456895 1.4082539 316477.02 287758.02
4.5758033 9.0139661 1.4237775 318169.02 289627.02
4.5853138 9.0800583 1.4319814 319843 291394
4.594515 9.1477037 1.4392297 321561.02 293194.02
4.6029617 9.2147229 1.4516153 323231 295005
4.6106797 9.2822414 1.462347 324921.02 296817.02
4.6174697 9.3469123 1.4700255 326553 298536
4.6239013 9.4113088 1.4724779 328207.02 300217.02
4.6300545 9.4750886 1.4767584 329834.02 301892.02
4.6357202 9.5385627 1.4867865 331419 303591
4.6406859 9.602895 1.5007353 333002.02 305333.02
4.64487 9.6651223 1.5065807 334576 306973
4.6489225 9.7280203 1.5063305 336202.02 308595.02
4.6530598 9.7913009 1.5046873 337846.02 310219.02
4.6571959 9.8538622 1.504872 339461.02 311835.02
4.6613296 9.9165209 1.5049697 341079.02 313453.02
4.6658545 9.9810967 1.4967093 342795 315073
4.6710493 10.045156 1.4830479 344530.02 316650.02
4.6773158 10.110131 1.466253 346309 318235
4.6846244 10.17492 1.4506771 348079 319825
4.6928618 10.239324 1.4364942 349834.02 321416.02
4.702771 10.307514 1.4164821 351725.02 323076.02
4.7140694 10.374799 1.3923756 353622.02 324695.02
4.7270127 10.442339 1.3705344 355520.02 326341.02
4.7413064 10.509846 1.3537451 357395.02 328022.02
4.7562163 10.574752 1.3362552 359212.02 329637.02
4.7729686 10.64083 1.3087517 361127.02 331235.02
4.7919447 10.707494 1.2782019 363089 332845
4.8119718 10.771273 1.2548768 364946.02 334433.02
4.8337668 10.835473 1.2321633 366824 336049
4.8564084 10.897318 1.2075304 368663 337604
4.8808868 10.959107 1.1796757 370536.02 339156.02
4.9089851 11.024839 1.1540065 372526.02 340850.02
4.9371264 11.087205 1.1398294 374371 342531
4.9665492 11.150521 1.131751 376217 344283
4.9968989 11.214303 1.1215835 378096.02 346044.02
5.0271472 11.276323 1.1124588 379927 347769
5.0583481 11.339412 1.1105651 381752 349571
5.0894873 11.402531 1.1144198 383544 351406
5.1216666 11.468253 1.116537 385418 353303
5.1533272 11.53358 1.1224856 387255.02 355207.02
5.1838158 11.598221 1.1376647 389010.02 357135.02
5.2130506 11.663524 1.1620757 390714 359118
5.242804 11.735324 1.193813 392535.02 361302.02
5.2698263 11.806432 1.2214537 394337 363420
5.2949046 11.877591 1.2424745 396161.02 365484.02
5.3183919 11.949495 1.2676761 397966.02 367577.02
5.3398383 12.021812 1.2973192 399740.02 369690.02
5.3602226 12.098277 1.3232228 401631 371877
5.3787074 12.174365 1.341722 403543 374000
5.3954548 12.250835 1.3686699 405406.02 376171.02
5.4096725 12.326592 1.4018863 407202 378347
5.4210753 12.400644 1.4341415 408948 380462
5.4297119 12.473821 1.4724922 410627.02 382580.02
5.4349279 12.549462 1.5314007 412243.01 384871.02
5.4344291 12.619053 1.6245272 413502 387198
5.4278987 12.682589 1.7219144 414589.01 389402.02
5.4154359 12.743033 1.826351 415580 391591
5.3972086 12.799413 1.9406268 416451 393773
5.3739317 12.849656 2.068659 417143 395934.02
5.3485415 12.889587 2.2056485 417576 397939.02
5.3207477 12.922083 2.3510792 417843 399875.02
5.2935048 12.945541 2.5103477 417855 401715.02
5.2672113 12.961523 2.6804934 417671 403484
5.2432302 12.971097 2.8430556 417403 405082
5.2192456 12.976383 3.0062271 417099 406651.01
5.1948607 12.977757 -3.1187545 416820 408188
5.1701528 12.975285 -2.9649892 416577 409710.01
5.145902 12.96911 -2.8195862 416387 411189.01
5.1241414 12.96016 -2.6831565 416210 412578.01
5.1042419 12.948616 -2.5487321 416031 413942
5.0858284 12.934345 -2.4157866 415868 415305
5.0675021 12.915775 -2.2833593 415780 416737
5.0502391 12.892955 -2.1535399 415772 418219.01
5.0345486 12.865682 -2.0321656 415886 419726.01
5.0218365 12.836053 -1.9200233 416073 421200
5.0117337 12.80271 -1.8099662 416339 422729
5.0051748 12.769146 -1.7175906 416690 424140
5.0012213 12.730881 -1.629911 417178.01 425634.01
5.0003972 12.692559 -1.5546872 417734.01 427053.01
5.0022317 12.653166 -1.493833 418401 428418
5.0062007 12.613113 -1.4502219 419188.01 429705.01
5.0119891 12.569854 -1.4253315 420170.01 430972.01
5.018679 12.525883 -1.4142882 421253 432181
5.0259441 12.48047 -1.410036 422414 433390
5.033372 12.433591 -1.4172782 423679 434571
5.0401832 12.385893 -1.4406326 425055.02 435678.01
5.0457427 12.334697 -1.4846228 426635 436752
5.0486241 12.283048 -1.5455098 428318 437735
5.0483094 12.23196 -1.608401 429996 438690
5.0447999 12.180466 -1.6692888 431676.02 439670.01
5.0381887 12.12877 -1.7266912 433349.02 440683.01
5.028885 12.077686 -1.7752098 434966 441742
5.0132225 12.010506 -1.8244861 437027 443236
4.9991776 11.959347 -1.8529714 438558.01 444439.01
4.9841298 11.909589 -1.8759708 440030 445646
4.9674338 11.858354 -1.895658 441532.01 446921.01
4.9494943 11.806802 -1.9156921 443054 448212
4.9294455 11.75279 -1.9367669 444660 449575
4.9087037 11.700228 -1.9565371 446230.02 450917.01
4.8867151 11.647798 -1.9792676 447826 452251
4.8633462 11.595968 -2.0094887 449465 453542
4.8303319 11.529211 -2.0506567 451621.02 455224.01
4.8021561 11.476658 -2.0752121 453299.02 456619.01
4.7732267 11.424959 -2.0867036 454892.01 458079.01
4.7435819 11.372883 -2.0899199 456455 459604
4.7134391 11.32013 -2.0899125 458021 461169
4.6835353 11.267352 -2.0826761 459543 462773
4.6525394 11.211138 -2.0667244 461106.01 464518.02
4.6221373 11.15339 -2.0440648 462658.02 466329.02
4.5921531 11.093185 -2.0216636 464263 468190
4.5628222 11.031582 -2.0086671 465947 470022
4.5317612 10.965024 -2.0062011 467826 471928
4.5011092 10.898918 -2.0037361 469690 473819
4.4690959 10.828996 -1.9965616 471631 475841
4.4376694 10.759147 -1.9906069 473571.02 477848.02
4.4059076 10.688025 -1.9910082 475581 479852
4.3747696 10.61809 -1.9883631 477539.02 481839.02
4.3320879 10.519463 -1.9700798 480204 484712
4.3013635 10.444937 -1.9535801 482187.02 486883.02
4.2723345 10.371549 -1.9413509 484151 488986
4.2440955 10.297126 -1.9255496 486112 491127
4.2173882 10.22255 -1.9038262 488029.02 493292.02
4.192302 10.147926 -1.8863716 489958 495420
4.1684566 10.072999 -1.8714428 491899 497531
4.1450888 9.9953221 -1.8545938 493893.02 499717.02
4.1237826 9.9195126 -1.8349617 495810 501858
4.1043985 9.8451921 -1.8169003 497686 503940
4.085854 9.7694381 -1.8048466 499627.02 506018.02
4.0677604 9.6918823 -1.7951421 501624 508125
4.0503788 9.6144607 -1.7881379 503629.02 510209.02
4.033597 9.5378421 -1.7847061 505631 512249
4.0165462 9.4598519 -1.7873689 507704 514290
3.9991668 9.3816353 -1.7915119 509793.02 516330.02
3.9817665 9.3041405 -1.7918237 511842 518374
3.9648219 9.2289691 -1.7931844 513836 520351
3.9474473 9.1532782 -1.7996829 515875.02 522314.02
3.9294637 9.0768329 -1.8040025 517924.02 524312.02
3.9115312 9.0014329 -1.8045786 519925 526305
3.894873 8.9316923 -1.8059477 521781.02 528144.02
3.8778079 8.861313 -1.8114091 523679 529978
3.8604859 8.7917348 -1.8181781 525566.02 531786.02
3.8427685 8.7217967 -1.8196335 527434 533636
3.8252197 8.652555 -1.81839 529268.02 535483.02
3.8075234 8.5830922 -1.8221106 531137 537308
3.7888542 8.5114742 -1.8294858 533087.02 539172.02
3.7693187 8.4388228 -1.8374686 535072 541064
3.7491414 8.3660432 -1.8450156 537062.02 542966.02
3.7283564 8.2938195 -1.857005 539068.02 544833.02
3.6983384 8.1953914 -1.8766157 541833.02 547371.02
3.6753236 8.1235614 -1.8851208 543826.02 549265.02
3.6512086 8.0499261 -1.889442 545848 551236
3.6267793 7.9768645 -1.8975091 547880 553174
3.6011079 7.9027091 -1.9106256 549978 555120
3.5748548 7.8293745 -1.9185173 552031.02 557081.02
3.5478794 7.7555175 -1.9234465 554086.02 559078.02
3.5210914 7.683951 -1.9344758 556119 560983
3.491873 7.6088661 -1.9493311 558281.02 562973.02
3.4620095 7.5348094 -1.9588744 560394.02 564975.02
3.4312567 7.4599619 -1.9624065 562500.02 567039.02
3.3997625 7.3846668 -1.9715116 564656 569089
3.3679012 7.3107922 -1.9844508 566804 571087
3.3350736 7.237022 -1.9945155 568943.02 573109.02
3.301166 7.1624402 -2.0004847 571089.02 575185.02
3.2673448 7.0898279 -2.0129018 573225 577177
3.2320702 7.0169603 -2.0303693 575412 579162
3.1961063 6.9453834 -2.0424381 577546.02 581156.02
3.1594949 6.8743332 -2.050762 579654 583167
3.1080244 6.778276 -2.0746311 582600.02 585837.02
3.0672376 6.7058404 -2.0926176 584846 587875
3.0248715 6.6331903 -2.1048544 587084 589971
2.9815135 6.5609013 -2.117265 589328 592071
2.9369535 6.4892792 -2.1374272 591618 594128
2.8904705 6.4173132 -2.1511421 593905 596256
2.8432196 6.3455915 -2.1555376 596144.02 598443.02
2.7942816 6.272664 -2.1681168 598480 600633
2.7447462 6.2011767 -2.1854007 600821 602774
2.6926719 6.1282711 -2.1966709 603195.02 605017.02
2.6417246 6.0582145 -2.2024586 605461 607215
2.5876511 5.9850101 -2.2115491 607859.02 609507.02
2.5355637 5.9155056 -2.2162913 610125 611717
2.4834417 5.845733 -2.2084911 612325.02 614005.02
2.4321043 5.7758871 -2.2007788 614515.02 616282.02
2.365392 5.6835352 -2.1919789 617401 619267
2.3166467 5.6142375 -2.1756468 619491.02 621543.02
2.2699993 5.5447224 -2.147994 621490.02 623858.02
2.2232535 5.470895 -2.1225131 623596 626255
2.1798997 5.3982154 -2.0947718 625618 628594
2.1397345 5.3254265 -2.0552744 627534.02 630962.02
2.1019307 5.2500144 -2.0156885 629481.02 633362.02
2.0668739 5.1737369 -1.987513 631483 635686
2.0339383 5.0964135 -1.9594241 633488 638012
2.0031063 5.0174549 -1.9267178 635485.02 640383.02
1.9748209 4.9377153 -1.8966252 637493 642735
1.949483 4.8596579 -1.8727198 639471.02 644986.02
1.9248368 4.7767938 -1.8470659 641552.02 647360.02
1.9032748 4.6964046 -1.81863 643534.02 649667.02
1.8843705 4.6176627 -1.7942041 645481.02 651893.02
1.8614108 4.5105133 -1.7695596 648164 654857
1.8456543 4.4288867 -1.7534043 650214.02 657091.02
1.8312259 4.3478838 -1.7407344 652262 659283
1.8175834 4.2668234 -1.7343355 654344 661437
1.8040466 4.1835819 -1.7296752 656491 663636
1.7909318 4.1005866 -1.7253637 658632.02 665825.02
1.7783622 4.0190397 -1.7220998 660740 667969
1.7658072 3.9362719 -1.7205759 662889.02 670134.02
1.7528127 3.8500987 -1.7203532 665134 672380
1.739888 3.7651892 -1.723355 667365.02 674575.02
1.7268341 3.6827165 -1.732196 669568.02 676675.02
1.7124628 3.5991048 -1.7498317 671856.02 678759.02
1.6961452 3.5151401 -1.7756533 674209.02 680814.02
1.6780577 3.4340025 -1.8046142 676518.02 682789.02
1.6576132 3.3544693 -1.8401956 678839 684700
1.6345794 3.2770417 -1.879699 681148.02 686554.02
1.6082358 3.1992827 -1.9151937 683468.02 688465.02
1.5802058 3.1248471 -1.9466855 685699 690333
1.5498815 3.0518409 -1.982272 687941 692165
1.5040063 2.9536765 -2.0336647 691029.02 694661.02
1.4676315 2.883029 -2.0588861 693222.02 696563.02
1.4298844 2.8140557 -2.0841956 695394 698443
1.3896469 2.745377 -2.1173428 697636.02 700303.02
1.3494617 2.681594 -2.1486672 699759.02 702065.02
1.3057599 2.6164413 -2.1745867 701930 703937
1.2616798 2.5542821 -2.2006844 704044.02 705750.02
1.2168775 2.4947677 -2.2314874 706141 707492
1.1730401 2.4400302 -2.2606426 708116 709131
1.1279063 2.3866609 -2.2849208 710057 710792
1.0823259 2.3352177 -2.3067621 711954 712437
1.0364669 2.2855966 -2.3268633 713811 714062
0.99398657 2.2412958 -2.3435774 715489 715547
0.95480933 2.2013859 -2.3502838 716969.01 716949.01
0.91925748 2.165286 -2.3468081 718255.01 718274.01
0.88838969 2.1334534 -2.334807 719329 719485
0.85932266 2.1026363 -2.3191507 720331 720666
0.83376396 2.0747576 -2.3064629 721233 721713
0.80910549 2.0472675 -2.2974344 722133.01 722716.01
0.78625943 2.0213603 -2.2895419 722978.01 723651.01
0.76531141 1.9972221 -2.2815664 723756 724520
0.74571948 1.9742713 -2.2732452 724486.01 725345.01
0.72764754 1.9527295 -2.2644048 725160 726120
0.71086377 1.932362 -2.255654 725790.01 726850.01
0.69519528 1.9129881 -2.2460346 726377.01 727547.01
0.68088763 1.8949607 -2.2372891 726920 728190.01
0.6684609 1.8790833 -2.2324674 727412 728737
0.6574551 1.864928 -2.2308718 727865 729208
0.64889766 1.8539083 -2.2312856 728227 729565
0.642082 1.8451477 -2.2326618 728521 729843
0.63677286 1.8383375 -2.2332581 728747 730062
0.63255247 1.8329173 -2.2315054 728914 730249
0.62904162 1.8283957 -2.2305385 729056 730402
0.62657897 1.8252224 -2.2309677 729162 730503
0.6251035 1.8233216 -2.2307898 729223 730566
0.62447284 1.8225092 -2.2310494 729251 730591
0.62454426 1.8226012 -2.2310496 729248 730588
0.62493693 1.823107 -2.2307893 729230 730573
0.62525818 1.8235209 -2.2308773 729217 730559
0.62529388 1.8235669 -2.2309644 729216 730557
0.62522248 1.8234749 -2.2309643 729219 730560
0.62518678 1.8234289 -2.2308771 729220 730562
0.62521057 1.8234596 -2.2308771 729219 730561
0.62522248 1.8234749 -2.2309643 729219 730560
0.62521057 1.8234596 -2.2308771 729219 730561
0.62519867 1.8234442 -2.23079 729219 730562
0.62522247 1.8234749 -2.2307901 729218 730561
0.62522247 1.8234749 -2.2307901 729218 730561
0.62519867 1.8234442 -2.23079 729219 730562
0.62521057 1.8234596 -2.2308771 729219 730561
0.62521058 1.8234596 -2.2308771 729219 730561
0.62522247 1.8234749 -2.2307901 729218 730561
0.62522248 1.8234749 -2.2309643 729219 730560
0.62522248 1.8234749 -2.2309643 729219 730560
0.62521057 1.8234596 -2.2308771 729219 730561
0.62522248 1.8234749 -2.2309643 729219 730560
0.62522248 1.8234749 -2.2309643 729219 730560
0.62521057 1.8234596 -2.2308771 729219 730561
0.62517488 1.8234136 -2.2309641 729221 730562
0.62524626 1.8235056 -2.2307901 729217 730560
0.62512727 1.8233523 -2.2314866 729226 730561
0.62494857 1.8231227 -2.2326184 729240 730562
0.62501998 1.8232145 -2.2310508 729228 730568
0.62511526 1.8233371 -2.2317479 729228 730560
0.62517485 1.8234137 -2.2320093 729227 730556
0.62513909 1.8233678 -2.2317479 729227 730559
0.62507953 1.8232912 -2.2320091 729231 730560
0.62509145 1.8233065 -2.231922 729230 730560
0.6251272 1.8233524 -2.2320092 729229 730558
0.62511528 1.8233371 -2.231922 729229 730559
0.62510337 1.8233218 -2.2320091 729230 730559
0.62510336 1.8233218 -2.2318349 729229 730560
0.62511528 1.8233371 -2.231922 729229 730559
0.62510336 1.8233218 -2.2318349 729229 730560
0.62510336 1.8233218 -2.2320091 729230 730559
0.62501995 1.8232146 -2.2324444 729236 730560
0.6246145 1.8226942 -2.2327917 729255 730575
0.62332733 1.8210401 -2.2313949 729301 730637
0.62118549 1.8182808 -2.2303443 729385 730733
0.61727455 1.8132346 -2.2298989 729547 730900
0.61220053 1.806684 -2.2297989 729760 731114
0.60486393 1.7972469 -2.2334384 730089 731401
0.59535483 1.7851242 -2.238466 730515 731769
0.58381841 1.770572 -2.24375 731024.01 732217
0.57126625 1.754919 -2.2496413 731575 732700
0.55753708 1.7380214 -2.2565751 732176 733221
0.54409465 1.7217164 -2.2639455 732763.01 733723
0.53104029 1.7060984 -2.2700976 733323 734212
0.51862329 1.6914144 -2.2753806 733849 734677
0.5069755 1.6777832 -2.2804042 734340 735110
0.49526993 1.6642013 -2.2838601 734822 735552
0.48278056 1.6497576 -2.2836561 735313 736045.01
0.46899335 1.6336652 -2.2747394 735808 736642
0.45337313 1.6148776 -2.2540592 736319.01 737390.01
0.43648669 1.5934945 -2.2244043 736851 738262
0.41926542 1.5700719 -2.1851651 737375.01 739236.01
0.40185411 1.5440799 -2.1368649 737904.01 740319.01
0.38538615 1.5165937 -2.0842957 738428.01 741446.01
0.36839808 1.4841065 -2.0209201 739009 742754
0.35266152 1.4485819 -1.9546663 739630 744135
0.33817019 1.4087912 -1.8854458 740324 745623
0.32560178 1.3650104 -1.8152622 741095 747199
0.3153145 1.317079 -1.7491662 741979.01 748841.02
0.30738874 1.2644593 -1.6914255 743019.01 750543.02
0.30185272 1.2072448 -1.6430848 744223.01 752301.02
0.29831638 1.1442555 -1.6106739 745663.02 754112.02
0.29626178 1.0776875 -1.5926284 747276.02 755931.02
0.29458121 0.98640142 -1.5857799 749590.02 758322.02
0.29355251 0.91521143 -1.5847111 751419.02 760162.02
0.29232759 0.84004641 -1.5894716 753384.02 762071.02
0.29018564 0.76338955 -1.6079906 755467 763940
0.28611308 0.68589788 -1.6386149 757643 765763
0.27930794 0.60764431 -1.6764667 759885 767569
0.26903276 0.52853812 -1.7234617 762211 769354
0.25425282 0.44705083 -1.7769842 764653 771180
0.23465475 0.36435104 -1.8299807 767148 773065
0.21120423 0.2843564 -1.8819351 769595.02 774914.02
0.18379008 0.20530356 -1.927269 772012.02 776809.02
0.15227359 0.12463948 -1.9592727 774428.02 778856.02
0.11992741 0.048188307 -1.9828335 776703 780859
0.08535988 -0.028032289 -2.010313 779018.02 782857.02
0.049381562 -0.10271402 -2.0291708 781263 784884
0.012538246 -0.17660619 -2.0374906 783439 786963
-0.023537058 -0.24786601 -2.0413727 785520 788998
-0.057588395 -0.31473552 -2.0422138 787459.02 790926.02
-0.090760023 -0.38094109 -2.0283371 789288.02 792913.02
-0.12103374 -0.44514834 -1.994433 790923.01 794936.02
-0.14585121 -0.50353048 -1.9510477 792309 796819
-0.16876329 -0.56528223 -1.9011255 793720.01 798802.02
-0.18692263 -0.62355153 -1.8446789 794969.01 800698.02
-0.20100855 -0.68070189 -1.780223 796116.01 802584.02
-0.21154985 -0.73959628 -1.715592 797287 804496
-0.21834133 -0.79724306 -1.6605433 798467.01 806307.02
-0.22217267 -0.85516096 -1.6131594 799691.02 808074.02
-0.22343632 -0.91680065 -1.5694286 801029 809913
-0.22226612 -0.98053828 -1.5354489 802477 811750
-0.21919318 -1.0477666 -1.5147893 804093 813602
-0.21512175 -1.114786 -1.5054525 805770.02 815385.02
-0.21044367 -1.1811227 -1.4953329 807426 817156
-0.20500385 -1.2463709 -1.4799019 809025.02 818931.02
-0.19879197 -1.3100677 -1.4672604 810602.02 820652.02
-0.19211859 -1.3729562 -1.4628943 812207.02 822306.02
-0.18548622 -1.4354775 -1.4673256 813853.02 823900.01
-0.17937262 -1.4983429 -1.4803787 815556 825452
-0.17440336 -1.5629248 -1.5076266 817382.02 826964.01
-0.17165087 -1.6325893 -1.5549858 819451.02 828488.01
-0.17277754 -1.7023754 -1.6188931 821617.02 829919.01
-0.17865561 -1.7714928 -1.692381 823827 831284
-0.18980899 -1.840194 -1.7710957 826073.02 832625.01
-0.20659206 -1.9086195 -1.8515502 828351.02 833978.01
-0.22900189 -1.9768248 -1.9249472 830623 835406
-0.25616916 -2.0442021 -1.9831887 832830 836943
-0.28727719 -2.1110126 -2.0299322 834998.02 838573.02
-0.32189481 -2.178461 -2.0600364 837125.02 840353.02
-0.35806228 -2.2458422 -2.0667979 839135 842284
-0.3946874 -2.3147425 -2.0519569 841061.02 844379.02
-0.43119915 -2.3862822 -2.0334547 843025 846554
-0.46725715 -2.4591357 -2.0273185 845085 848683
-0.50542587 -2.5370717 -2.025093 847309.02 850931.02
-0.54341155 -2.615376 -2.0198189 849522 853203
-0.58355216 -2.6977038 -2.0290829 851936.02 855509.02
-0.625864 -2.7819217 -2.0436553 854449.02 857853.02
-0.66938842 -2.8669173 -2.0444647 856915 860308
-0.71405514 -2.9543826 -2.0414376 859429.03 862855.02
-0.75998354 -3.0442948 -2.0446772 862050 865437
-0.80633234 -3.1356936 -2.0355467 864639 868129
-0.85079171 -3.225999 -2.021019 867150.03 870805.03
-0.89621219 -3.3205175 -2.0165009 869827.02 873532.03
-0.94012689 -3.4129801 -2.0118997 872439 876195
-0.98364955 -3.5065517 -2.0004165 875033.03 878919.03
-1.0277523 -3.6021831 -2.0053912 877776.03 881603.03
-1.0721551 -3.6977177 -2.0063595 880497 884311
-1.1165907 -3.7939444 -2.0004461 883195 887075
-1.1615227 -3.892357 -1.9977517 885968.03 889877.03
-1.2048806 -3.9893926 -1.9842606 888630 892692
-1.2477153 -4.0906792 -1.9575248 891311.03 895678.03
-1.2873141 -4.190813 -1.9372381 893970 898568
-1.3250276 -4.2932066 -1.9101551 896627.03 901534.03
-1.3604812 -4.3980832 -1.8834186 899327 904539
-1.3929413 -4.5016913 -1.8653946 902022.03 907439.03
-1.4240991 -4.6085508 -1.8436214 904766.03 910431.03
-1.4523353 -4.7129244 -1.8263823 907454 913315
-1.4794883 -4.8170233 -1.8255181 910222 916091
-1.5070044 -4.9225114 -1.8263935 913037 918894
-1.5336134 -5.0239041 -1.8284948 915751 921582
-1.5602738 -5.1234368 -1.8365215 918453.03 924190.03
-1.5871417 -5.2224098 -1.8352295 921089 926839
-1.6119698 -5.3149602 -1.8305514 923532 929334
-1.6362113 -5.4059796 -1.8316241 925966 931754
-1.6606963 -5.4977585 -1.8313891 928413.02 934202.02
-1.6843082 -5.5867368 -1.8289813 930772.02 936587.02
-1.7148184 -5.7005846 -1.8362881 933852 939581
-1.7380942 -5.7854927 -1.8404187 936145 941825
-1.7612664 -5.869665 -1.8384538 938384 944085
-1.7835652 -5.9513605 -1.8360574 940553 946280
-1.8060704 -6.0333207 -1.8414993 942775 948438
-1.8285107 -6.1139301 -1.8431109 944941 950584
-1.8506877 -6.1936876 -1.8408917 947062.02 952729.02
-1.8720193 -6.2708591 -1.8400703 949121.02 954796.02
-1.8930734 -6.3473615 -1.8386403 951158 956848
-1.9206182 -6.4503953 -1.8254097 953831.02 959671.02
-1.9395979 -6.5254404 -1.8116151 955747.02 961744.02
-1.958156 -6.602667 -1.8016496 957737 963847
-1.9761655 -6.6806821 -1.7936862 959755.02 965955.02
-1.993534 -6.7588806 -1.7850261 961770 968068
-2.0101386 -6.8359165 -1.7811583 963779.02 970120.02
-2.0268876 -6.9129188 -1.7887872 965854 972106
-2.0456314 -6.9946253 -1.8038115 968101 974179
-2.0656018 -7.0754216 -1.8224079 970353.02 976216.02
-2.0872421 -7.1552024 -1.8489309 972636.02 978193.02
-2.1113848 -7.2331837 -1.8931355 974994 980042
-2.140596 -7.3122097 -1.9565848 977530 981848
-2.1751842 -7.3882885 -2.0384134 980154.03 983531.02
-2.217581 -7.4630624 -2.1347824 982923.03 985192.02
-2.2656098 -7.5315466 -2.2300219 985626 986800
-2.3177052 -7.5935593 -2.3089795 988167 988433
-2.373323 -7.6511475 -2.368603 990573 990153
-2.4305437 -7.7049323 -2.4056711 992810.02 991963.02
-2.488475 -7.7568824 -2.4154788 994872 993911
-2.5437384 -7.8065212 -2.4040406 996721 995890
-2.5957381 -7.8557243 -2.3636035 998334 997966
-2.6343446 -7.8953835 -2.3218846 999521.01 999631.02
-2.6780858 -7.9455075 -2.2547165 1000850 1001730
-2.7261745 -8.0101126 -2.1666238 1002420 1004310
-2.7604341 -8.0649081 -2.0924919 1003660 1006400
-2.7902459 -8.1215896 -2.0174886 1004880 1008480
-2.8161362 -8.1803761 -1.9538088 1006170 1010500
-2.83839 -8.2395978 -1.9066779 1007530 1012400
-2.8660909 -8.3236396 -1.8717018 1009610 1014880
-2.8855103 -8.387304 -1.8620176 1011270 1016650
-2.9048672 -8.4509859 -1.8697526 1013030 1018320
-2.9253688 -8.5138993 -1.9018758 1014920 1019840
-2.9566058 -8.5954376 -1.9714166 1017570 1021690
-2.9824706 -8.652527 -2.0209643 1019470 1023020
-3.0091209 -8.7053699 -2.0548397 1021190 1024350
-3.0356978 -8.7543091 -2.0817527 1022780 1025630
-3.0624128 -8.8007267 -2.1043144 1024290 1026880
-3.0900875 -8.8463516 -2.1277474 1025800 1028120
-3.1166977 -8.8880691 -2.1494447 1027200 1029270
-3.143775 -8.9285537 -2.171143 1028580 1030400
-3.1722049 -8.9690522 -2.194582 1029990 1031540
-3.2018414 -9.0091598 -2.2197624 1031420 1032680
-3.2324779 -9.048508 -2.2449425 1032850 1033820
-3.2635377 -9.0865269 -2.2666401 1034240 1034960
-3.2961049 -9.1248058 -2.2848523 1035640 1036150
-3.3290416 -9.1622516 -2.2995811 1037010 1037350
-3.3627541 -9.1995249 -2.3125672 1038380 1038570
-3.4007593 -9.2404991 -2.3246738 1039890 1039940
-3.4388739 -9.2805712 -2.3376522 1041390 1041290
-3.4909466 -9.3338698 -2.3514715 1043390 1043130
-3.5302935 -9.3732833 -2.3592234 1044870 1044520
-3.5704632 -9.4129713 -2.3652323 1046360 1045940
-3.6122369 -9.4540719 -2.3633991 1047860 1047460
-3.6554807 -9.4969992 -2.3563365 1049390 1049070
-3.6994375 -9.5414095 -2.3457875 1050940 1050740
-3.7429205 -9.5865527 -2.3291418 1052460 1052450
-3.7866523 -9.6338639 -2.3046544 1053980 1054250
-3.8307261 -9.6842611 -2.2740661 1055530 1056150
-3.8743369 -9.7378408 -2.2338945 1057080 1058160
-3.9154286 -9.7931359 -2.1858842 1058580 1060210
-3.953785 -9.8508298 -2.1291636 1060040 1062320
-3.9883759 -9.9113064 -2.0515393 1061390 1064560
-4.0182275 -9.9751162 -1.9652041 1062710 1066870
-4.0413266 -10.038581 -1.8745176 1063930 1069130
-4.058376 -10.104131 -1.775993 1065110 1071440
-4.0681977 -10.17056 -1.6591791 1066170 1073840
-4.0697597 -10.234781 -1.5310484 1067090 1076230
-4.0630166 -10.29613 -1.391598 1067880 1078620
-4.0477349 -10.353924 -1.2329893 1068510 1081070
-4.0248218 -10.404912 -1.0639334 1068980 1083480
-3.9952222 -10.448864 -0.89227082 1069360 1085830
-3.9610243 -10.484377 -0.71626084 1069620 1088110
-3.9227537 -10.51195 -0.53241207 1069780 1090380
-3.8832472 -10.530573 -0.3485705 1069850 1092560
-3.8458913 -10.540411 -0.16648044 1069800 1094600
-3.8085214 -10.543105 0.022579103 1069680 1096650
-3.7724754 -10.5388 0.21511702 1069510 1098690
-3.7402539 -10.528662 0.39459009 1069350 1100590
-3.7098521 -10.51265 0.57493159 1069200 1102510
-3.6825608 -10.491455 0.74569605 1069110 1104380
-3.657987 -10.464738 0.90862144 1069110 1106250
-3.6370284 -10.433218 1.0593573 1069220 1108090
-3.6206537 -10.399094 1.1874491 1069460 1109800
-3.607849 -10.361627 1.2955093 1069860 1111440
-3.5982843 -10.32101 1.3835423 1070430 1113020
-3.5913775 -10.277304 1.4445782 1071220 1114510
-3.5864424 -10.230405 1.4873289 1072190 1115970
-3.5826884 -10.182231 1.4987266 1073370 1117280
-3.5788391 -10.130758 1.493581 1074730 1118580
-3.5740998 -10.077607 1.4701482 1076240 1119820
-3.5676564 -10.023267 1.4353944 1077850 1121030
-3.5586686 -9.9665393 1.3919355 1079580 1122260
-3.5467143 -9.9087763 1.3415119 1081390 1123490
-3.5317898 -9.8515069 1.2902166 1083210 1124720
-3.5142313 -9.7958038 1.240663 1085000 1125940
-3.4943068 -9.7413143 1.199818 1086730 1127200
-3.4720694 -9.6870962 1.1633284 1088450 1128500
-3.446476 -9.6305224 1.1285865 1090250 1129900
-3.4182832 -9.5732451 1.0982024 1092070 1131370
-3.3881326 -9.515874 1.0756582 1093870 1132910
-3.3562137 -9.4579106 1.0592128 1095670 1134520
-3.3227098 -9.3988324 1.050609 1097470 1136220
-3.2878676 -9.3380594 1.0498471 1099280 1138020
-3.2497423 -9.2713404 1.0534506 1101240 1140020
-3.2127363 -9.205769 1.0605356 1103140 1142000
-3.1747592 -9.1376287 1.0641408 1105130 1144030
-3.1356552 -9.0672297 1.0633952 1107210 1146100
-3.0971847 -8.9978088 1.0661317 1109240 1148160
-3.0486665 -8.9097758 1.0680301 1111820 1150760
-3.0123414 -8.8440483 1.0637922 1113780 1152670
-2.9763616 -8.7794605 1.0612944 1115700 1154560
-2.9411441 -8.7162239 1.06402 1117550 1156440
-2.9070924 -8.6545604 1.0684845 1119340 1158280
-2.8619958 -8.5726184 1.0668882 1121760 1160680
-2.8281615 -8.5115005 1.0635131 1123580 1162460
-2.7947928 -8.4514555 1.06362 1125350 1164230
-2.7625614 -8.3934425 1.0637233 1127060 1165940
-2.7314395 -8.3376995 1.0594679 1128730 1167560
-2.7003427 -8.2826101 1.0543406 1130390 1169160
-2.6694683 -8.2285093 1.0500827 1132020 1170740
-2.6394242 -8.1761702 1.0493057 1133580 1172290
-2.6104689 -8.1256659 1.0511383 1135070 1173800
-2.5825262 -8.0768192 1.0512259 1136520 1175250
-2.5553925 -8.0295208 1.0486979 1137940 1176640
-2.5281396 -7.9822917 1.0461699 1139360 1178030
-2.5020532 -7.937302 1.0445089 1140710 1179360
-2.476321 -7.893004 1.0445887 1142030 1180680
-2.4515672 -7.8503824 1.0446654 1143300 1181950
-2.4280303 -7.8099709 1.0421253 1144520 1183140
-2.4051414 -7.7709786 1.0378409 1145710 1184280
-2.3829929 -7.7335781 1.0344247 1146850 1185380
-2.361114 -7.6969193 1.0310073 1147970 1186460
-2.3401408 -7.6619804 1.0293289 1149030 1187500
-2.3197687 -7.6280382 1.0311324 1150040 1188530
-2.2997155 -7.5943572 1.0364193 1151020 1189570
-2.2785261 -7.5581918 1.0451942 1152050 1190700
-2.2561886 -7.5193273 1.0531026 1153160 1191900
-2.2325975 -7.4776044 1.059274 1154360 1193170
-2.2068079 -7.4313286 1.0654533 1155690 1194570
-2.1800824 -7.3824671 1.0751205 1157070 1196060
-2.152184 -7.3302685 1.0847933 1158540 1197640
-2.12396 -7.2762667 1.0935978 1160060 1199260
-2.0955218 -7.2208463 1.0997915 1161630 1200900
-2.0646877 -7.1598946 1.1051237 1163360 1202690
-2.0335358 -7.0971491 1.1148134 1165110 1204550
-2.0026549 -7.0334061 1.1245043 1166880 1206430
-1.9728902 -6.9702049 1.1368066 1168610 1208300
-1.9332369 -6.8831424 1.1500199 1171000 1210840
-1.9031483 -6.8151822 1.1579744 1172870 1212800
-1.8730786 -6.7459438 1.1641886 1174780 1214780
-1.8438967 -6.6775904 1.1704011 1176660 1216730
-1.8145842 -6.6078173 1.1757447 1178580 1218710
-1.7847121 -6.5355452 1.1819631 1180560 1220760
-1.7552703 -6.4626761 1.1916662 1182530 1222840
-1.7270883 -6.3905598 1.2048512 1184450 1224910
-1.7001696 -6.3189981 1.2171638 1186350 1226950
-1.6723835 -6.242172 1.2303554 1188380 1229130
-1.6447123 -6.1628343 1.2400668 1190490 1231350
-1.6172998 -6.0821764 1.2462962 1192650 1233580
-1.5902874 -6.0005662 1.2560106 1194810 1235850
-1.563786 -5.9175645 1.2674688 1196990 1238160
-1.5390554 -5.8370576 1.2780516 1199100 1240390
-1.516215 -5.7594285 1.2912419 1201110 1242550
-1.4945723 -5.6818581 1.3061738 1203100 1244710
-1.4739548 -5.60401 1.3176217 1205110 1246850
-1.4548749 -5.5291718 1.3247096 1207060 1248880
-1.4370262 -5.4566248 1.3344065 1208930 1250860
-1.4202605 -5.3848149 1.3484568 1210750 1252840
-1.4046094 -5.3135499 1.3607638 1212560 1254790
-1.3904248 -5.2455418 1.3695817 1214300 1256630
-1.3769338 -5.178185 1.3766564 1216030 1258440
-1.3646678 -5.113555 1.3898232 1217650 1260210
-1.3531917 -5.0485818 1.4021195 1219280 1261980
-1.3423491 -4.9836978 1.4083185 1220940 1263710
-1.3317093 -4.920158 1.401451 1222640 1265330
-1.3200399 -4.8556174 1.382392 1224440 1266910
-1.3057381 -4.7866466 1.350276 1226440 1268540
-1.2887743 -4.7170825 1.3129356 1228500 1270170
-1.2688552 -4.6477016 1.2694997 1230610 1271780
-1.2464612 -4.5805104 1.228675 1232670 1273370
-1.2213613 -4.5140741 1.1904632 1234720 1274980
-1.1931264 -4.4474306 1.1496405 1236820 1276610
-1.1604235 -4.3783244 1.1079528 1239030 1278340
-1.125646 -4.3117688 1.0706186 1241180 1280060
-1.0886006 -4.246894 1.0332834 1243320 1281770
-1.0485635 -4.1826756 0.99333687 1245500 1283490
-1.0062386 -4.1201752 0.95774483 1247650 1285230
-0.96163398 -4.0583193 0.93434732 1249750 1287060
-0.91794685 -4.0003688 0.91529926 1251730 1288820
-0.87172618 -3.9414273 0.89625451 1253770 1290640
-0.82527687 -3.8841578 0.88243405 1255750 1292460
-0.78064965 -3.829658 0.88689849 1257540 1294300
-0.73213629 -3.7690644 0.90443864 1259440 1296400
-0.68720901 -3.710835 0.9228434 1261230 1298400
-0.64271905 -3.650815 0.94299191 1263040 1300440
-0.60033005 -3.5907108 0.97010663 1264780 1302490
-0.55610618 -3.523871 1.002457 1266660 1304740
-0.50186807 -3.4355728 1.0374569 1269130 1307610
-0.45955655 -3.3620815 1.0593629 1271190 1309920
-0.41899411 -3.2876093 1.0847529 1273230 1312250
-0.38091373 -3.2135789 1.1066568 1275250 1314520
-0.34279986 -3.1356597 1.1250819 1277380 1316860
-0.30514337 -3.0549404 1.1435108 1279570 1319260
-0.26877976 -2.9729922 1.1628118 1281770 1321680
-0.23432439 -2.8919092 1.1751423 1283970 1324020
-0.19917927 -2.8077487 1.1752842 1286320 1326370
-0.16281207 -2.7217873 1.1658488 1288780 1328720
-0.12623119 -2.6382431 1.1503136 1291220 1330980
-0.088167061 -2.5551491 1.1321655 1293680 1333230
-0.04754664 -2.4704683 1.1148924 1296200 1335550
-0.0060127932 -2.3873148 1.1002307 1298680 1337860
0.035719073 -2.3066564 1.0864366 1301100 1340120
0.079983955 -2.2242638 1.0691631 1303610 1342430
0.12532279 -2.1426776 1.0579859 1306080 1344770
0.17259211 -2.0597284 1.047683 1308600 1347170
0.22065199 -1.9774584 1.0365088 1311120 1349560
0.28606167 -1.8664452 1.0401934 1314420 1352900
0.33372321 -1.7837195 1.0560192 1316790 1355450
0.37999742 -1.7002086 1.0735871 1319150 1358010
0.42768121 -1.6095185 1.0998759 1321640 1360800
0.47082995 -1.5217473 1.127899 1324000 1363480
0.51201648 -1.4323986 1.149826 1326410 1366140
0.55193331 -1.3407776 1.170014 1328870 1368830
0.59051679 -1.2473275 1.1884616 1331370 1371540
0.62628653 -1.1563004 1.2042912 1333800 1374150
0.66268562 -1.059694 1.2166454 1336390 1376880
0.69771668 -0.96402999 1.2229007 1338980 1379540
0.73083756 -0.87180056 1.22915 1341470 1382100
0.76537925 -0.77327922 1.2380223 1344110 1384840
0.7980019 -0.67779204 1.245147 1346670 1387480
0.82892173 -0.58459676 1.2557515 1349140 1390070
0.85902388 -0.49011513 1.2689703 1351620 1392700
0.88859254 -0.39363738 1.2778371 1354170 1395350
0.91672473 -0.29915735 1.2849583 1356670 1397930
0.94430379 -0.20390905 1.2929514 1359180 1400530
0.97234261 -0.10475589 1.2974665 1361810 1403210
0.99892295 -0.010232365 1.2958775 1364350 1405730
1.0254775 0.084097053 1.296901 1366870 1408260
1.0525818 0.1794794 1.2909586 1369460 1410780
1.0798171 0.27199622 1.2780443 1372020 1413190
1.10672 0.35975137 1.2686065 1374440 1415500
1.1366233 0.45368231 1.2565666 1377050 1417970
1.1667358 0.54407745 1.2419084 1379590 1420340
1.1966599 0.62981959 1.2281144 1382010 1422600
1.2278089 0.7149185 1.2117072 1384440 1424840
1.2608183 0.79993836 1.1892038 1386920 1427060
1.2947872 0.88101242 1.1588568 1389360 1429150
1.331339 0.96031298 1.1189287 1391840 1431170
1.3715987 1.0384536 1.071162 1394380 1433160
1.414638 1.1128637 1.0216508 1396880 1435090
1.4600899 1.1828349 0.96778075 1399340 1436930
1.5074592 1.2467509 0.89822728 1401790 1438580
1.5628796 1.3106693 0.81474716 1404450 1440280
1.6203328 1.3668134 0.73300153 1406990 1441880
1.6816298 1.4172196 0.64341483 1409550 1443410
1.7448036 1.460271 0.55295437 1412040 1444860
1.8070193 1.4953128 0.47293604 1414340 1446240
1.8731915 1.5260357 0.39640544 1416660 1447680
1.9390177 1.5510988 0.33119233 1418850 1449120
2.0038817 1.5718698 0.28862124 1420850 1450630
2.0673665 1.5898237 0.26259526 1422700 1452180
2.1289038 1.6060813 0.25398475 1424390 1453770
2.1867138 1.6212525 0.25930354 1425900 1455340
2.2480326 1.6383251 0.28379003 1427400 1457120
2.3032135 1.6556286 0.32394457 1428660 1458840
2.3606253 1.6766218 0.37716809 1429930 1460720
2.4153311 1.7002208 0.43735804 1431120 1462600
2.4669022 1.7263931 0.50189957 1432240 1464460
2.5197011 1.757968 0.57602737 1433400 1466470
2.5703025 1.7936336 0.65189697 1434560 1468500
2.6182567 1.8330931 0.72515471 1435740 1470520
2.6640439 1.8770349 0.80451219 1436920 1472610
2.7060208 1.9248882 0.89693268 1438030 1474780
2.7429024 1.9758157 0.99109478 1439110 1476940
2.7754982 2.0311704 1.0861309 1440220 1479140
2.8031868 2.0904227 1.1811679 1441360 1481370
2.8252958 2.1525926 1.2770758 1442510 1483620
2.8412712 2.2158142 1.3695004 1443660 1485830
2.8510164 2.2767548 1.4549511 1444760 1487910
2.8555817 2.339079 1.5404031 1445880 1490010
2.8548387 2.4038935 1.6241156 1447070 1492160
2.8495296 2.465768 1.6886641 1448300 1494130
2.8408829 2.5276546 1.7305676 1449670 1495980
2.8294142 2.5928261 1.7594122 1451210 1497850
2.8171817 2.654696 1.7725748 1452760 1499550
2.8038779 2.7197143 1.7726782 1454470 1501260
2.7916462 2.782373 1.7544873 1456220 1502800
2.780805 2.8462711 1.7232331 1458070 1504290
2.7721358 2.9106946 1.6858828 1459960 1505750
2.7658798 2.9742274 1.6520146 1461800 1507200
2.7617083 3.0377363 1.6207593 1463620 1508660
2.7594967 3.1021214 1.5895045 1465460 1510140
2.759439 3.1659614 1.5538944 1467310 1511580
2.7615304 3.2293791 1.5217675 1469130 1513030
2.7653427 3.292523 1.499221 1470890 1514530
2.7704479 3.3549917 1.4792863 1472620 1516030
2.7773363 3.4217767 1.456746 1474480 1517630
2.7855949 3.4866463 1.4315898 1476310 1519170
2.794629 3.5472959 1.414266 1477990 1520650
2.8043197 3.6068625 1.4047793 1479600 1522150
2.814809 3.6686561 1.4005221 1481240 1523740
2.8250587 3.7281299 1.399745 1482800 1525290
2.8358719 3.7902622 1.3972304 1484440 1526900
2.8460649 3.8485635 1.3981935 1485960 1528430
2.8557955 3.9055666 1.4052513 1487410 1529960
2.8650242 3.9626529 1.4157928 1488840 1531510
2.8734676 4.018292 1.4245901 1490240 1533010
2.8821808 4.0782058 1.4281682 1491780 1534590
2.8903456 4.1352572 1.4291289 1493260 1536080
2.8981891 4.1907875 1.4318291 1494690 1537540
2.9059958 4.2478894 1.4380156 1496140 1539060
2.9134994 4.3056196 1.4450739 1497600 1540600
2.9209336 4.3655108 1.4495227 1499130 1542180
2.9283991 4.4265703 1.4487475 1500720 1543760
2.935772 4.4862723 1.4470992 1502280 1545300
2.9433738 4.5480973 1.4498091 1503870 1546920
2.950804 4.6101381 1.4533902 1505460 1548550
2.9581822 4.6717942 1.450003 1507080 1550130
2.9700244 4.7600709 1.4248837 1509520 1552280
2.980514 4.8246176 1.3945014 1511380 1553790
2.9931174 4.8885855 1.3580227 1513270 1555260
3.0093435 4.9557318 1.3093557 1515330 1556760
3.0284939 5.02008 1.2537184 1517380 1558170
3.0524523 5.0863159 1.1937316 1519540 1559640
3.0786955 5.1474779 1.137223 1521580 1561030
3.1090435 5.2084511 1.0807158 1523660 1562460
3.1433804 5.2688374 1.0268242 1525760 1563940
3.1797528 5.32596 0.98076894 1527770 1565420
3.2195856 5.3831103 0.94342558 1529780 1567000
3.2768884 5.4584975 0.89828294 1532480 1569180
3.3216079 5.5134213 0.87661929 1534430 1570880
3.3669414 5.5678415 0.87585876 1536260 1572700
3.4123333 5.6232212 0.89251841 1538010 1574640
3.4548727 5.6771617 0.91352876 1539660 1576530
3.4983647 5.7350206 0.93889919 1541380 1578540
3.5396354 5.7933015 0.97036548 1543040 1580560
3.5785796 5.8526985 1.0105404 1544640 1582620
3.6148945 5.9126052 1.0411329 1546270 1584600
3.6505181 5.9749451 1.0621478 1548000 1586570
3.6859848 6.0398177 1.0788113 1549810 1588570
3.7215698 6.1077085 1.0972209 1551680 1590650
3.7552626 6.1748261 1.1138862 1553520 1592680
3.7891318 6.2448841 1.1270719 1555450 1594760
3.8225047 6.316466 1.1420011 1557400 1596880
3.8549645 6.3888936 1.1569312 1559360 1599010
3.8980078 6.4895204 1.1762627 1562070 1601940
3.9293231 6.5653963 1.1824872 1564150 1604090
3.9716622 6.6690492 1.1835325 1567030 1606980
4.0029434 6.7455686 1.1819192 1569170 1609100
4.0339711 6.8209326 1.1785623 1571290 1611180
4.0772521 6.9254569 1.1778675 1574210 1614090
4.1094665 7.0034814 1.1806118 1576370 1616280
4.1406239 7.0796308 1.1842237 1578470 1618420
4.1719043 7.1567795 1.1869663 1580600 1620580
4.2027218 7.2334855 1.1905788 1582710 1622730
4.2341225 7.312467 1.194195 1584880 1624940
4.264527 7.3897558 1.1978081 1587000 1627100
4.2947195 7.4671274 1.1996794 1589130 1629250
4.3245163 7.5436126 1.1989362 1591250 1631360
4.3535873 7.6178795 1.1964475 1593320 1633400
4.3830762 7.6921907 1.1896042 1595420 1635420
4.4144253 7.7686803 1.1740555 1597640 1637460
4.4468069 7.8436832 1.1524084 1599870 1639440
4.4794004 7.9149814 1.1316272 1602010 1641340
4.512635 7.983402 1.105617 1604120 1643150
4.5462709 8.0483668 1.0804727 1606150 1644890
4.5942299 8.1349323 1.0492722 1608880 1647260
4.6290186 8.1941642 1.0302179 1610760 1648920
4.664091 8.2511877 1.008548 1612610 1650520
4.7001966 8.3068705 0.98252216 1614470 1652080
4.7371664 8.3608104 0.95736604 1616300 1653620
4.7744366 8.4126431 0.93743326 1618060 1655150
4.8115256 8.4622024 0.91923935 1619760 1656640
4.8501265 8.5118276 0.90017619 1621490 1658150
4.8887676 8.5599384 0.88807875 1623150 1659670
4.9276734 8.6080871 0.89427188 1624710 1661300
4.9650721 8.6561954 0.92572206 1626100 1663050
5.0002073 8.7059829 0.9867846 1627320 1664970
5.030667 8.7560547 1.0617781 1628400 1666910
5.0561808 8.8075253 1.1594168 1629320 1668950
5.0754124 8.8600086 1.2796971 1630070 1671080
5.0873112 8.9122383 1.4139078 1630680 1673230
5.0918067 8.9663978 1.5620564 1631230 1675480
5.0882487 9.0186825 1.7154278 1631700 1677710
5.0766521 9.0689935 1.8792496 1632090 1679980
5.0574079 9.1156463 2.0448115 1632440 1682230
5.0322444 9.1562274 2.2068873 1632740 1684390
5.0008496 9.191947 2.3767992 1632990 1686590
4.9646708 9.2209859 2.5536756 1633170 1688800
4.9256683 9.2423108 2.7288104 1633310 1690950
4.8848404 9.2560974 2.9030704 1633420 1693060
4.8418568 9.2626549 3.077331 1633540 1695180
4.7995497 9.2617979 -3.0368228 1633660 1697240
4.7560907 9.2534327 -2.8660448 1633820 1699360
4.7162486 9.2386111 -2.7048501 1633990 1701380
4.6778775 9.2169531 -2.5506207 1634240 1703400
4.6428648 9.1895696 -2.4050993 1634550 1705380
4.6113841 9.1573741 -2.2848372 1635020 1707230
4.5834253 9.1218317 -2.1898316 1635640 1708940
4.5568788 9.0812187 -2.1096267 1636430 1710650
4.5330006 9.0383163 -2.0477119 1637340 1712270
4.5101647 8.9918056 -2.0066963 1638440 1713840
4.488524 8.943875 -1.9830984 1639660 1715330
4.4681568 8.8962325 -1.9664692 1640900 1716760
4.447304 8.8447987 -1.9454796 1642210 1718310
4.4279917 8.7938027 -1.9201367 1643470 1719860
4.4097216 8.7416011 -1.8947927 1644750 1721430
4.3926059 8.6888065 -1.8738033 1646060 1722980
4.3757053 8.6332995 -1.8589065 1647470 1724560
4.3593989 8.5770094 -1.8466217 1648910 1726140
4.3429843 8.5173218 -1.8317189 1650420 1727820
4.3270186 8.4559082 -1.8185558 1651980 1729530
4.3117749 8.3945103 -1.8097477 1653560 1731210
4.2952775 8.3270281 -1.8113814 1655360 1732990
4.2790585 8.2612754 -1.8138889 1657120 1734720
4.2614839 8.1902597 -1.812904 1659000 1736610
4.2444439 8.1211122 -1.8119222 1660830 1738450
4.2266713 8.0505477 -1.8231314 1662770 1740260
4.2070728 7.9780536 -1.8465308 1664840 1742060
4.1859562 7.9063928 -1.8681884 1666890 1743860
4.1630223 7.8346809 -1.8924582 1668970 1745660
4.1374045 7.7622355 -1.9289191 1671160 1747430
4.1084824 7.6897895 -1.9723462 1673420 1749190
4.0774325 7.6201377 -2.007937 1675590 1750950
4.0435395 7.5503105 -2.037429 1677760 1752780
4.0073632 7.4809819 -2.0660488 1679940 1754630
3.9671995 7.4093976 -2.0981469 1682240 1756560
3.9254561 7.3394006 -2.118923 1684460 1758540
3.8818944 7.2691452 -2.1327297 1686670 1760590
3.8363727 7.1975998 -2.1421783 1688910 1762720
3.7908108 7.1274636 -2.1516288 1691120 1764820
3.7465573 7.0604142 -2.1567295 1693220 1766860
3.7015315 6.9929457 -2.161829 1695340 1768920
3.651029 6.9181692 -2.1677853 1697700 1771210
3.6022566 6.8466741 -2.1711343 1699950 1773420
3.5527605 6.7740287 -2.1666427 1702190 1775710
3.5035648 6.7007102 -2.1569246 1704410 1778040
3.4513921 6.6214475 -2.1489381 1706810 1780530
3.40168 6.5445204 -2.1400859 1709120 1782940
3.3517499 6.4656585 -2.13036 1711470 1785400
3.3016284 6.385312 -2.1267287 1713890 1787860
3.2509034 6.3039711 -2.1300634 1716380 1790310
3.2005967 6.2237422 -2.1316579 1718830 1792740
3.1477488 6.1398388 -2.1341164 1721400 1795280
3.0948976 6.0566266 -2.1391887 1723970 1797790
3.0398871 5.9706482 -2.1407717 1726610 1800410
2.98357 5.8825119 -2.137996 1729290 1803120
2.9281116 5.795438 -2.1378352 1731950 1805780
2.8729606 5.7083984 -2.13332 1734580 1808460
2.8180326 5.6200713 -2.1209644 1737190 1811210
2.7473933 5.5020061 -2.098976 1740610 1814880
2.6975747 5.4138066 -2.0709473 1743060 1817650
2.6499403 5.323091 -2.0376912 1745510 1820480
2.6048047 5.2300273 -2.0070463 1748000 1823320
2.5628787 5.1350488 -1.9659493 1750440 1826230
2.5244936 5.036917 -1.9213664 1752900 1829200
2.4910367 4.9404814 -1.8881105 1755340 1832020
2.4592925 4.8363475 -1.8452641 1757900 1835070
2.4333101 4.7362307 -1.8041675 1760330 1837970
2.4099923 4.6322779 -1.7787436 1762930 1840860
2.3898052 4.5292543 -1.7498386 1765470 1843730
2.3724909 4.4274798 -1.7287747 1768010 1846510
2.3563665 4.3264942 -1.7294865 1770650 1849140
2.3402927 4.2276619 -1.7345565 1773260 1851690
2.3228502 4.1259129 -1.7465892 1775990 1854280
2.3038829 4.0277955 -1.7769174 1778740 1856680
2.2813513 3.9280462 -1.8089839 1781560 1859130
2.2563747 3.8308827 -1.8358276 1784300 1861560
2.2286431 3.7346718 -1.8670264 1787060 1863960
2.1985818 3.6409954 -1.8956151 1789760 1866330
2.1651782 3.5453688 -1.9181025 1792500 1868810
2.1297188 3.452353 -1.9519151 1795260 1871180
2.0916154 3.3622813 -1.9900856 1798000 1873480
2.0513046 3.2753102 -2.0195492 1800640 1875780
2.0081022 3.1888701 -2.0490115 1803300 1878100
1.9612931 3.1014571 -2.0758568 1806010 1880500
1.9146538 3.0183737 -2.088773 1808540 1882880
1.8486399 2.9036715 -2.0972767 1812000 1886240
1.79841 2.8181768 -2.1067028 1814610 1888740
1.7477748 2.7338233 -2.1161304 1817200 1891220
1.6950458 2.6482477 -2.1299092 1819870 1893730
1.6403764 2.5622831 -2.144557 1822580 1896270
1.5873637 2.4810214 -2.1531156 1825130 1898720
1.5317258 2.3970719 -2.1590556 1827760 1901280
1.476312 2.3143743 -2.1632554 1830350 1903820
1.4227146 2.2346615 -2.1622348 1832820 1906300
1.3646764 2.1474151 -2.1533621 1835470 1909050
1.3095441 2.0624372 -2.139269 1838000 1911740
1.2555674 1.9760317 -2.1190779 1840510 1914480
1.2041698 1.8894206 -2.0936634 1842960 1917220
1.1539639 1.7998808 -2.0699875 1845470 1920000
1.1074746 1.7120722 -2.0454458 1847890 1922700
1.0620551 1.6204445 -2.0165448 1850360 1925500
1.0196292 1.5286744 -1.9911294 1852820 1928250
0.98050634 1.4386125 -1.9700731 1855230 1930900
0.94349276 1.3474545 -1.9429201 1857610 1933590
0.90898065 1.2565663 -1.9244787 1860010 1936200
0.87399377 1.1608841 -1.9182232 1862600 1938860
0.8406948 1.0668634 -1.9041325 1865090 1941510
0.80845609 0.97227014 -1.8943964 1867610 1944140
0.76700309 0.84863196 -1.8941934 1870970 1947500
0.73772758 0.75959382 -1.8827249 1873320 1949980
0.69865919 0.63803102 -1.8807842 1876600 1953280
0.67109433 0.55272272 -1.8858704 1878940 1955560
0.64399239 0.46930456 -1.8839919 1881190 1957830
0.6174794 0.38814328 -1.8890848 1883420 1960000
0.5917464 0.31204026 -1.9046371 1885580 1961980
0.56525959 0.23846171 -1.9280314 1887730 1963860
0.53807757 0.16824909 -1.9523016 1889810 1965660
0.50917963 0.10083409 -1.9992199 1891970 1967280
0.47711685 0.037468312 -2.0792373 1894260 1968650
0.44149783 -0.01920845 -2.184521 1896590 1969770
0.40237524 -0.068165223 -2.3054864 1898900 1970690
0.35873318 -0.11011299 -2.4464884 1901270 1971440
0.31346523 -0.14253626 -2.5935962 1903550 1972030
0.26951705 -0.16525173 -2.7354851 1905640 1972490
0.22735973 -0.17987332 -2.8799972 1907620 1972810
0.18559631 -0.18766942 -3.0340904 1909600 1973020
0.14526008 -0.18873992 3.0871567 1911570 1973130
0.10913376 -0.18375392 2.9217301 1913460 1973120
0.076915278 -0.17369653 2.7563009 1915280 1973040
0.04866635 -0.15949487 2.5952216 1917020 1972930
0.023556054 -0.14125501 2.4315271 1918760 1972790
0.0037965737 -0.12151339 2.2817661 1920340 1972650
-0.01216129 -0.10002204 2.1372263 1921860 1972510
-0.024339688 -0.077720148 2.0040083 1923280 1972400
-0.033870871 -0.053121242 1.8768897 1924690 1972350
-0.040295989 -0.027533701 1.7567366 1926060 1972340
-0.043716274 -0.0017654632 1.6487785 1927350 1972390
-0.044371422 0.026549923 1.539081 1928710 1972490
-0.041777864 0.056897025 1.4319997 1930110 1972660
-0.035362345 0.089840695 1.3249233 1931590 1972910
-0.02401607 0.12654054 1.2169835 1933200 1973280
-0.0072767291 0.16538238 1.1107907 1934900 1973760
0.014225496 0.20381856 1.0106983 1936610 1974320
0.040662773 0.241915 0.91757734 1938340 1974980
0.070435451 0.27746632 0.82968212 1940040 1975670
0.10546903 0.31267667 0.74614762 1941800 1976470
0.14531453 0.34698842 0.67568085 1943560 1977420
0.18855034 0.37988823 0.62524995 1945250 1978530
0.23694328 0.41362082 0.59224499 1946960 1979860
0.28740724 0.4470686 0.57840394 1948600 1981340
0.34146724 0.48246852 0.58111743 1950250 1983020
0.3967959 0.51946955 0.59776939 1951870 1984830
0.45268222 0.55874867 0.62748905 1953460 1986760
0.50880834 0.60131709 0.67027549 1955030 1988820
0.56474258 0.64817536 0.72438938 1956600 1991010
0.61904247 0.69864282 0.77327874 1958230 1993200
0.67104126 0.75147719 0.81345851 1959910 1995340
0.72196799 0.80746255 0.85189877 1961640 1997510
0.77040512 0.86485437 0.88772491 1963370 1999650
0.82021346 0.92739422 0.90875253 1965310 2001830
0.86933831 0.99071651 0.91323213 1967350 2003920
0.918764 1.0547881 0.91422912 1969430 2006010
0.96824991 1.1193023 0.91871042 1971500 2008130
1.0177829 1.1837785 0.91274031 1973630 2010190
1.0674624 1.2469115 0.89544608 1975800 2012160
1.1199039 1.3110627 0.87554289 1978050 2014180
1.173163 1.3735199 0.85389655 1980290 2016170
1.2271457 1.4335369 0.82266749 1982550 2018070
1.2845052 1.4922475 0.77140835 1984960 2019890
1.3436337 1.5466287 0.71579102 1987350 2021640
1.4096172 1.6001936 0.64798872 1989930 2023440
1.4787806 1.6482371 0.5662483 1992570 2025140
1.5507354 1.6897003 0.47928193 1995210 2026780
1.6251865 1.7242507 0.38969947 1997840 2028380
1.7009684 1.7514767 0.30011559 2000430 2029940
1.7787396 1.7723564 0.22446712 2002940 2031580
1.8572102 1.7876354 0.16014003 2005370 2033270
1.9353447 1.7976897 0.095812043 2007770 2034930
2.0118334 1.8025979 0.032350393 2010110 2036540
2.0884778 1.8029125 -0.024142459 2012410 2038190
2.1652111 1.7988553 -0.08150711 2014720 2039840
2.2431046 1.7900313 -0.14409449 2017100 2041500
2.3176535 1.7770213 -0.20146044 2019380 2043120
2.3896699 1.7603134 -0.25447404 2021590 2044720
2.4614814 1.739723 -0.30400226 2023800 2046360
2.5341737 1.715418 -0.34133465 2025990 2048120
2.6026243 1.690162 -0.36560806 2028010 2049860
2.6729914 1.6623114 -0.38813535 2030090 2051680
2.7410664 1.633473 -0.41327818 2032140 2053440
2.8093723 1.6027397 -0.43232261 2034180 2055260
2.8775723 1.5708414 -0.44265697 2036180 2057140
2.9446905 1.5389227 -0.44515416 2038110 2059040
3.0154201 1.5051078 -0.446774 2040140 2061050
3.0877744 1.4706431 -0.44229427 2042180 2063140
3.1615764 1.4365199 -0.4238774 2044170 2065340
3.2358594 1.4039368 -0.40284797 2046140 2067550
3.3111425 1.372709 -0.3835598 2048130 2069760
3.3876474 1.3429593 -0.35817391 2050100 2072020
3.4672474 1.3148571 -0.32059095 2052060 2074410
3.5460578 1.2905482 -0.27778568 2053940 2076780
3.62532 1.2699538 -0.23062553 2055780 2079160
3.7074529 1.2531491 -0.17301127 2057610 2081650
3.7885379 1.2416628 -0.10843226 2059350 2084130
3.8692613 1.2359637 -0.032533055 2061000 2086650
3.9501813 1.2370365 0.059045218 2062560 2089260
4.029075 1.2457546 0.16107071 2064020 2091890
4.1272359 1.2691851 0.30755113 2065780 2095330
4.1979636 1.2966793 0.43395928 2067010 2098010
4.2619045 1.331845 0.57168402 2068100 2100680
4.3178789 1.3739864 0.7189877 2069060 2103330
4.3656309 1.4231149 0.88022132 2069900 2106020
4.4029178 1.4766175 1.0440642 2070640 2108640
4.4303405 1.5349296 1.2183575 2071300 2111300
4.4464964 1.5947012 1.3952616 2071880 2113910
4.4516742 1.6581535 1.583489 2072440 2116630
4.4455336 1.7183985 1.7612584 2072980 2119210
4.4286912 1.7761634 1.9477386 2073460 2121830
4.4017364 1.8290895 2.1359612 2073910 2124440
4.3670579 1.8744073 2.3119832 2074370 2126920
4.3247263 1.9132518 2.4862673 2074850 2129400
4.2757014 1.9446701 2.6570669 2075370 2131880
4.2247444 1.9666868 2.8104416 2075920 2134190
4.1707083 1.9809932 2.9551088 2076530 2136460
4.1144319 1.9876935 3.0910686 2077210 2138700
4.0600897 1.9874077 -3.0805487 2077970 2140740
4.0045176 1.9814247 -2.9881403 2078880 2142710
3.9501812 1.9710931 -2.919248 2079910 2144530
3.8956433 1.9572028 -2.8651606 2081050 2146290
3.8408574 1.9405953 -2.8293619 2082320 2147970
3.7880004 1.9230468 -2.8127268 2083660 2149500
3.7355234 1.9049829 -2.8074146 2085060 2150960
3.681884 1.8867223 -2.8195202 2086590 2152350
3.6267984 1.8691344 -2.8455593 2088230 2153690
3.5711229 1.8535198 -2.8907596 2089980 2154920
3.5120601 1.8402335 -2.9498904 2091880 2156140
3.4553242 1.8313081 -3.0212201 2093770 2157210
3.3973069 1.8265853 -3.0995163 2095720 2158260
3.3387101 1.8266178 3.0984057 2097720 2159280
3.2787777 1.8317211 3.0148867 2099750 2160350
3.2215369 1.8411747 2.9409443 2101670 2161420
3.1613801 1.8557441 2.8670094 2103690 2162590
3.1026558 1.8746839 2.7922017 2105710 2163750
3.0448136 1.8983025 2.7156541 2107760 2164920
2.990426 1.9253277 2.6452012 2109730 2166080
2.938612 1.9554963 2.583456 2111630 2167270
2.8881126 1.9888872 2.531292 2113490 2168530
2.8396286 2.0241619 2.4939343 2115250 2169860
2.7901597 2.0623328 2.4748703 2116970 2171360
2.7414955 2.1005901 2.4758376 2118560 2172960
2.694264 2.1372173 2.4881245 2120030 2174570
2.6407342 2.1771019 2.5143571 2121600 2176440
2.5855563 2.215362 2.5562679 2123090 2178410
2.527256 2.2517025 2.6121173 2124540 2180500
2.4652373 2.2851137 2.6827752 2125950 2182720
2.4032297 2.3128375 2.7595251 2127260 2184910
2.3362088 2.3363639 2.848475 2128580 2187250
2.2669573 2.3538183 2.9409076 2129890 2189620
2.1999063 2.364678 3.0211429 2131180 2191830
2.1283233 2.3703151 3.1048665 2132550 2194160
2.0578774 2.3699227 -3.0937255 2133880 2196460
1.9846236 2.3632997 -3.0091267 2135290 2198840
1.9127491 2.3507059 -2.9271424 2136700 2201190
1.8421473 2.3322685 -2.845158 2138110 2203540
1.7689427 2.3064414 -2.7596827 2139620 2206030
1.6986172 2.2749746 -2.6820467 2141160 2208460
1.6313176 2.2382756 -2.6026705 2142680 2210890
1.5654767 2.1953509 -2.5250316 2144260 2213360
1.5021219 2.1472163 -2.4587144 2145930 2215790
1.4424933 2.0960152 -2.4054633 2147650 2218120
1.3824231 2.0386552 -2.3530762 2149490 2220560
1.3266738 1.9800005 -2.3085314 2151320 2222900
1.2730089 1.9194327 -2.2831474 2153260 2225130
1.2182445 1.8554509 -2.2743067 2155380 2227350
1.1638106 1.7914445 -2.2767888 2157560 2229500
1.1085447 1.7271265 -2.2844956 2159790 2231640
1.0522967 1.6634088 -2.3035245 2162090 2233720
0.99442552 1.6003691 -2.3234234 2164410 2235810
0.93488717 1.5375582 -2.3354821 2166710 2237970
0.8766447 1.4772656 -2.3423193 2168910 2240090
0.81854164 1.4181924 -2.3535128 2171110 2242160
0.75752608 1.3576369 -2.3664436 2173400 2244300
0.6973441 1.2992816 -2.3767645 2175620 2246400
0.63727587 1.2427727 -2.3966686 2177860 2248410
0.57458012 1.186546 -2.4244081 2180190 2250420
0.5088678 1.1308237 -2.4521451 2182570 2252480
0.44255545 1.07735 -2.4737866 2184890 2254550
0.37492104 1.0255593 -2.5023959 2187250 2256580
0.30529606 0.97547547 -2.5336168 2189640 2258610
0.2337381 0.92645276 -2.5482881 2191960 2260760
0.16246295 0.8787417 -2.5551223 2194210 2262930
0.093233782 0.83321212 -2.5645739 2196400 2265010
0.022193096 0.78762191 -2.577507 2198650 2267110
-0.046867732 0.74434405 -2.5860898 2200800 2269160
-0.11559945 0.70237787 -2.6007711 2202960 2271150
-0.18596378 0.66164286 -2.6328702 2205240 2273060
-0.2560435 0.62398301 -2.6641008 2207470 2274930
-0.32415031 0.58967241 -2.6857564 2209560 2276770
-0.39343633 0.55644354 -2.7030559 2211640 2278650
-0.46024955 0.52570525 -2.7177478 2213620 2280460
-0.52647846 0.49602682 -2.7228605 2215520 2282300
-0.58979695 0.46744527 -2.7123008 2217250 2284150
-0.65479118 0.4369323 -2.6930278 2218990 2286110
-0.71915772 0.40511631 -2.6720129 2220720 2288080
-0.78043196 0.37320965 -2.6510022 2222380 2289980
-0.83923633 0.34080104 -2.6247687 2223960 2291860
-0.89796415 0.30591336 -2.5863399 2225500 2293840
-0.95456143 0.26906838 -2.5426861 2226990 2295830
-1.0074931 0.23132595 -2.50165 2228430 2297740
-1.0580149 0.19197251 -2.458002 2229830 2299640
-1.1076764 0.14941945 -2.4082552 2231230 2301610
-1.1538355 0.10559003 -2.3558982 2232570 2303550
-1.1958449 0.061449611 -2.3070293 2233860 2305400
-1.2342044 0.017139539 -2.2616475 2235110 2307170
-1.2706943 -0.028969205 -2.2188787 2236380 2308930
-1.3034917 -0.074223486 -2.1769857 2237580 2310610
-1.3326387 -0.11799889 -2.1394521 2238720 2312180
-1.3570649 -0.1576545 -2.1062829 2239730 2313570
-1.3779161 -0.1940173 -2.0766051 2240640 2314820
-1.394151 -0.22428792 -2.0495515 2241370 2315860
-1.4071458 -0.25011889 -2.0242486 2241970 2316750
-1.4169614 -0.27080814 -2.0033098 2242440 2317460
-1.4242305 -0.2869026 -1.986734 2242800 2318010
-1.4294061 -0.29883041 -1.9736494 2243060 2318420
-1.4332505 -0.30795055 -1.9657952 2243270 2318720
-1.4362126 -0.31512575 -1.9588154 2243430 2318960
-1.438326 -0.32034174 -1.95271 2243540 2319140
-1.4400543 -0.3246667 -1.9492189 2243640 2319280
-1.4411262 -0.32737313 -1.9466014 2243700 2319370
-1.4418369 -0.32917896 -1.9448565 2243740 2319430
-1.4421205 -0.32990148 -1.9448553 2243760 2319450
-1.4421205 -0.32990148 -1.9448553 2243760 2319450
-1.4419787 -0.32954022 -1.9448559 2243750 2319440
-1.4419077 -0.32935955 -1.9457272 2243750 2319430
-1.4418368 -0.32917901 -1.9448565 2243740 2319430
-1.4419077 -0.32935955 -1.9457272 2243750 2319430
-1.4419077 -0.32935955 -1.9457272 2243750 2319430
-1.4419077 -0.32935955 -1.9457272 2243750 2319430
-1.4419077 -0.32935955 -1.9457272 2243750 2319430
-1.4419077 -0.32935955 -1.9457272 2243750 2319430
-1.4419077 -0.32935955 -1.9457272 2243750 2319430
-1.4419077 -0.32935955 -1.9457272 2243750 2319430
-1.4419077 -0.32935955 -1.9457272 2243750 2319430
-1.4419077 -0.32935955 -1.9457272 2243750 2319430
-1.4419077 -0.32935955 -1.9457272 2243750 2319430
-1.4419077 -0.32935955 -1.9457272 2243750 2319430
-1.4419077 -0.32935955 -1.9457272 2243750 2319430
-1.4419077 -0.32935955 -1.9457272 2243750 2319430
-1.4419077 -0.32935955 -1.9457272 2243750 2319430
-1.4419077 -0.32935955 -1.9457272 2243750 2319430
-1.4419077 -0.32935955 -1.9457272 2243750 2319430
-1.4419077 -0.32935955 -1.9457272 2243750 2319430
-1.4419077 -0.32935955 -1.9457272 2243750 2319430
-1.4419077 -0.32935955 -1.9457272 2243750 2319430
-1.4419077 -0.32935955 -1.9457272 2243750 2319430
-1.4419077 -0.32935955 -1.9457272 2243750 2319430
-1.4419077 -0.32935955 -1.9457272 2243750 2319430
-1.4419077 -0.32935955 -1.9457272 2243750 2319430
-1.4419077 -0.32935955 -1.9457272 2243750 2319430
-1.4419077 -0.32935955 -1.9457272 2243750 2319430
-1.4419077 -0.32935955 -1.9457272 2243750 2319430
-1.4419077 -0.32935955 -1.9457272 2243750 2319430
-1.4419077 -0.32935955 -1.9457272 2243750 2319430
-1.4419077 -0.32935955 -1.9457272 2243750 2319430
-1.4419077 -0.32935955 -1.9457272 2243750 2319430
-1.4419077 -0.32935955 -1.9457272 2243750 2319430
-1.4419077 -0.32935955 -1.9457272 2243750 2319430
-1.4419077 -0.32935955 -1.9457272 2243750 2319430
-1.4419077 -0.32935955 -1.9457272 2243750 2319430
-1.4419077 -0.32935955 -1.9457272 2243750 2319430
-1.4419077 -0.32935955 -1.9457272 2243750 2319430
-1.4419077 -0.32935955 -1.9457272 2243750 2319430
-1.4419077 -0.32935955 -1.9457272 2243750 2319430
-1.4419077 -0.32935955 -1.9457272 2243750 2319430
-1.4419077 -0.32935955 -1.9457272 2243750 2319430
-1.4419077 -0.32935955 -1.9457272 2243750 2319430
-1.4419077 -0.32935955 -1.9457272 2243750 2319430
-1.4419077 -0.32935955 -1.9457272 2243750 2319430
-1.4419077 -0.32935955 -1.9457272 2243750 2319430
-1.4419077 -0.32935955 -1.9457272 2243750 2319430
-1.4419077 -0.32935955 -1.9457272 2243750 2319430
-1.4419077 -0.32935955 -1.9457272 2243750 2319430
-1.4419077 -0.32935955 -1.9457272 2243750 2319430
-1.4419077 -0.32935955 -1.9457272 2243750 2319430
-1.4418366 -0.32917895 -1.9465984 2243750 2319420
-1.4414767 -0.32827724 -1.9544386 2243770 2319350
-1.4405189 -0.32594254 -1.9657651 2243770 2319220
-1.4390686 -0.32255121 -1.9840613 2243780 2319020
-1.4370635 -0.31813152 -2.009327 2243800 2318750
-1.4342402 -0.31238083 -2.0450462 2243840 2318380
-1.429658 -0.30404416 -2.1016742 2243920 2317810
-1.4257687 -0.2977749 -2.1504597 2244010 2317340
-1.4218966 -0.29219004 -2.2035993 2244140 2316860
-1.416802 -0.28582017 -2.2872246 2244410 2316170
-1.4130896 -0.28184537 -2.3569104 2244670 2315630
-1.4071749 -0.27651237 -2.4588257 2245050 2314840
-1.4022059 -0.27277837 -2.5354802 2245330 2314240
-1.3968068 -0.26932459 -2.6095215 2245590 2313650
-1.3910003 -0.26617992 -2.6809516 2245830 2313070
-1.3844526 -0.26322056 -2.7532522 2246060 2312470
-1.3769822 -0.26046769 -2.8238127 2246260 2311860
-1.3657561 -0.25735187 -2.9178957 2246500 2311020
-1.357369 -0.25572612 -2.9823603 2246650 2310430
-1.3473523 -0.25446485 -3.0503107 2246780 2309780
-1.3407682 -0.25399498 -3.0903854 2246840 2309380
-1.3359183 -0.25381203 -3.117393 2246870 2309100
-1.3324244 -0.25375792 -3.1348177 2246880 2308910
-1.3306772 -0.25375445 3.1387844 2246890 2308810
-1.3304831 -0.25375508 3.1379131 2246890 2308800
-1.3312596 -0.25375358 3.1413982 2246890 2308840
-1.3328125 -0.25375869 -3.134817 2246890 2308920
-1.3335891 -0.25376598 -3.12959 2246880 2308970
-1.3341714 -0.25377373 -3.1269762 2246880 2309000
-1.3343655 -0.25377665 -3.1261049 2246880 2309010
-1.3343655 -0.25377665 -3.1261049 2246880 2309010
-1.3343655 -0.25377665 -3.1261049 2246880 2309010
-1.3343655 -0.25377665 -3.1261049 2246880 2309010
-1.3343655 -0.25377665 -3.1261049 2246880 2309010
-1.3343655 -0.25377665 -3.1261049 2246880 2309010
-1.3343655 -0.25377665 -3.1261049 2246880 2309010
-1.3343655 -0.25377665 -3.1261049 2246880 2309010
-1.3345596 -0.25377974 -3.1252337 2246880 2309020
-1.3345596 -0.25377974 -3.1252337 2246880 2309020
-1.3345596 -0.25377974 -3.1252337 2246880 2309020
-1.3345596 -0.25377974 -3.1252337 2246880 2309020
-1.3345596 -0.25377974 -3.1252337 2246880 2309020
-1.3345596 -0.25377974 -3.1252337 2246880 2309020
