0.0473945 -0.0117312 -0.0321289
0.0929469 -0.0238841 -0.0611806
0.133705 -0.0334415 -0.0901358
0.179479 -0.0465701 -0.115367
0.21744 -0.061454 -0.13776
0.261251 -0.0765538 -0.161879
0.294879 -0.0856233 -0.185033
0.326586 -0.0999156 -0.211275
0.361823 -0.114865 -0.237852
0.389681 -0.122241 -0.262606
0.41952 -0.139052 -0.28444
0.450574 -0.155315 -0.305611
0.478494 -0.173626 -0.325433
0.504325 -0.190128 -0.344197
0.531816 -0.203215 -0.352565
0.562076 -0.206051 -0.344138
0.591732 -0.19897 -0.30869
0.623925 -0.191906 -0.25747
0.655315 -0.183635 -0.194326
0.685238 -0.168409 -0.119418
0.716054 -0.152279 -0.0436903
0.745355 -0.132338 0.0407059
0.776106 -0.108919 0.131389
0.810899 -0.0892174 0.219534
0.844736 -0.069219 0.302258
0.880014 -0.0467885 0.381619
0.920091 -0.0225603 0.451468
0.954289 0.00561123 0.52743
0.992971 0.0339724 0.607895
1.03256 0.0648389 0.685878
1.07718 0.096689 0.762942
1.11402 0.134359 0.831371
1.15494 0.174007 0.898097
1.19075 0.211945 0.960338
1.22778 0.245345 1.01527
1.25979 0.289429 1.05716
1.2943 0.337261 1.08712
1.31584 0.391881 1.1153
1.34751 0.442701 1.1386
1.34691 0.513263 1.15193
1.26239 0.601991 1.16104
1.26715 0.661177 1.17299
1.28077 0.721146 1.18959
1.29331 0.777012 1.20708
1.30997 0.844476 1.2202
1.33109 0.920741 1.2315
1.34576 0.984443 1.24858
1.35814 1.04845 1.26985
1.37004 1.1085 1.28079
1.39018 1.1744 1.28467
1.40927 1.23482 1.28931
1.42361 1.30178 1.29968
1.44168 1.36792 1.30753
1.46305 1.43128 1.30141
1.49093 1.49994 1.28746
1.51866 1.56556 1.27991
1.54395 1.63086 1.27854
1.5725 1.69807 1.273
1.59889 1.76477 1.25782
1.62485 1.82777 1.24777
1.65396 1.91413 1.24738
1.67394 1.97786 1.24577
1.69805 2.04243 1.23329
1.72397 2.10874 1.22265
1.74402 2.16735 1.2201
1.76953 2.24294 1.22045
1.80817 2.32507 1.20656
1.83274 2.38615 1.19651
1.86104 2.45437 1.19509
1.88275 2.51621 1.19815
1.91308 2.59317 1.19282
1.93616 2.65068 1.18371
1.95886 2.70652 1.17935
1.98637 2.77187 1.17799
2.01232 2.83597 1.17688
2.04215 2.89797 1.17136
2.06503 2.94846 1.16171
2.09056 3.00554 1.15767
2.1174 3.0622 1.15495
2.1485 3.12307 1.1476
2.17913 3.18032 1.13376
2.20928 3.23882 1.1194
2.23605 3.29277 1.11309
2.26319 3.34701 1.10825
2.2982 3.41515 1.10295
2.32829 3.47259 1.0963
2.35599 3.52549 1.09261
2.38634 3.58551 1.09395
2.41691 3.64555 1.09371
2.44822 3.70458 1.08899
2.47535 3.75809 1.08446
2.50619 3.81747 1.08188
2.53421 3.87534 1.08587
2.55979 3.9282 1.08982
2.58754 3.98532 1.09196
2.61348 4.04018 1.09351
2.63632 4.09192 1.09902
2.66261 4.1477 1.10633
2.68587 4.20041 1.11281
2.70979 4.25312 1.11805
2.73096 4.30123 1.12251
2.75205 4.34807 1.12395
2.77253 4.39415 1.13173
2.79557 4.44643 1.13879
2.81655 4.49434 1.14704
2.82279 4.53586 1.18201
2.8242 4.58739 1.24261
2.81415 4.62653 1.31376
2.80146 4.6707 1.39622
2.78404 4.71752 1.4862
2.7655 4.75369 1.56071
2.74038 4.78993 1.63665
2.72417 4.83008 1.68384
2.71201 4.87044 1.71319
2.70086 4.92142 1.72194
2.70044 4.96821 1.70629
2.71633 5.01865 1.64407
2.73693 5.06413 1.56431
2.76245 5.10763 1.48292
2.79252 5.15478 1.39632
2.82455 5.20002 1.31664
2.85484 5.24697 1.26984
2.88185 5.29688 1.23839
2.90403 5.34337 1.22261
2.92928 5.39414 1.20978
2.95742 5.44625 1.19052
2.98947 5.49818 1.16429
3.01489 5.54266 1.14514
3.04296 5.59108 1.1265
3.0736 5.64193 1.10693
3.10633 5.6946 1.08465
3.14001 5.7459 1.06371
3.16824 5.7955 1.0519
3.19591 5.84724 1.0498
3.22995 5.90601 1.05553
3.26152 5.96216 1.06233
3.29015 6.02083 1.07192
3.31424 6.07299 1.08082
3.33984 6.12785 1.09158
3.37433 6.19891 1.10025
3.40495 6.26213 1.10758
3.43035 6.31537 1.11226
3.46597 6.39128 1.12164
3.49185 6.45269 1.13539
3.53075 6.5454 1.1476
3.56329 6.61491 1.14575
3.59156 6.68075 1.14754
3.62209 6.75376 1.15484
3.65451 6.82911 1.15854
3.68849 6.90178 1.15365
3.71683 6.96973 1.15572
3.74628 7.04373 1.16418
3.77827 7.12287 1.16884
3.80798 7.19478 1.16665
3.8373 7.26852 1.16995
3.86249 7.34294 1.18382
3.89148 7.42212 1.19172
3.92146 7.49832 1.19271
3.94705 7.57462 1.20371
3.96718 7.65332 1.22789
3.99484 7.73401 1.23471
4.02142 7.8108 1.23695
4.04565 7.88566 1.24966
4.06792 7.96726 1.26828
4.08964 8.04009 1.27513
4.11304 8.116 1.2775
4.13112 8.19577 1.29758
4.14447 8.27189 1.32167
4.16878 8.37456 1.33457
4.18617 8.44577 1.34054
4.19666 8.5223 1.3632
4.20803 8.59705 1.37816
4.21892 8.66854 1.38519
4.23256 8.73978 1.38705
4.23932 8.81691 1.40601
4.24414 8.88307 1.42138
4.25029 8.94754 1.42978
4.26059 9.01901 1.43433
4.2662 9.08878 1.44382
4.26747 9.1545 1.46179
4.27394 9.2224 1.47022
4.28088 9.28951 1.47407
4.28809 9.3547 1.4778
4.29131 9.41915 1.4854
4.29162 9.48214 1.50005
4.29154 9.54878 1.5122
4.29776 9.60856 1.51077
4.30191 9.67119 1.50985
4.30481 9.73212 1.51091
4.3089 9.79996 1.5138
4.31447 9.8613 1.51284
4.32152 9.93037 1.50168
4.33255 9.99728 1.49048
4.34571 10.0605 1.47491
4.3572 10.1266 1.46387
4.37049 10.1916 1.44815
4.39016 10.265 1.41958
4.40855 10.3335 1.39491
4.42527 10.3966 1.37834
4.44716 10.464 1.36406
4.46941 10.5278 1.34326
4.49785 10.5943 1.31085
4.52519 10.6539 1.28584
4.55001 10.7153 1.2678
4.58192 10.7814 1.24314
4.61235 10.8427 1.21364
4.64735 10.9056 1.17978
4.68215 10.9712 1.157
4.70802 11.0241 1.14758
4.73432 11.0827 1.13882
4.76891 11.1474 1.12421
4.79877 11.2062 1.11568
4.82789 11.27 1.11782
4.85764 11.3381 1.12101
4.89165 11.4096 1.11875
4.92146 11.4773 1.12209
4.94672 11.5405 1.1373
4.96865 11.6129 1.16803
4.98665 11.6847 1.19943
5.00355 11.7476 1.22311
5.01991 11.8139 1.24722
5.03476 11.8882 1.27806
5.04897 11.962 1.30564
5.06362 12.038 1.32502
5.07721 12.1094 1.34146
5.08146 12.1814 1.37474
5.08685 12.2585 1.40871
5.08837 12.3292 1.43472
5.0839 12.4056 1.47442
5.06595 12.4805 1.54261
5.03968 12.536 1.64076
5.01029 12.5901 1.73721
4.9713 12.6395 1.84093
4.923 12.6735 1.95828
4.87136 12.6987 2.08239
4.81796 12.7138 2.21438
4.76166 12.7164 2.36823
4.71286 12.6964 2.52547
4.66485 12.6684 2.71297
4.63298 12.6436 2.86355
4.60674 12.6056 3.03458
4.58195 12.5604 -3.08957
4.56525 12.5205 -2.93745
4.55665 12.478 -2.7915
4.54937 12.4407 -2.65578
4.54406 12.4029 -2.51763
4.54583 12.3563 -2.38167
4.55124 12.3121 -2.24531
4.56411 12.2695 -2.1146
4.57594 12.2217 -1.99276
4.58442 12.1682 -1.8868
4.60269 12.1131 -1.76998
4.6192 12.0665 -1.67915
4.6457 12.0275 -1.58067
4.66112 11.9968 -1.51817
4.6803 11.9672 -1.45216
4.70195 11.9253 -1.41193
4.7256 11.8838 -1.38355
4.74425 11.8453 -1.36884
4.75754 11.8041 -1.36302
4.76543 11.7585 -1.37193
4.76623 11.7171 -1.39743
4.7565 11.6663 -1.44761
4.74474 11.6266 -1.50397
4.72871 11.582 -1.56831
4.7123 11.5368 -1.62834
4.68991 11.4861 -1.69037
4.66551 11.4367 -1.73725
4.6353 11.373 -1.78729
4.62009 11.3258 -1.81502
4.60276 11.2774 -1.83883
4.58398 11.2262 -1.85967
4.56391 11.1721 -1.87741
4.53893 11.1174 -1.89467
4.51649 11.0668 -1.912
4.48849 11.0195 -1.93795
4.45509 10.9749 -1.97546
4.4111 10.9148 -2.0184
4.37418 10.8543 -2.04098
4.34916 10.8037 -2.04677
4.31806 10.7476 -2.05191
4.27603 10.6726 -2.05606
4.24264 10.6032 -2.04955
4.21576 10.538 -2.02847
4.199 10.4782 -1.99899
4.18058 10.4199 -1.98009
4.15623 10.3592 -1.97433
4.12807 10.2912 -1.97373
4.1045 10.2263 -1.97011
4.08466 10.1607 -1.95886
4.06426 10.1038 -1.95784
4.0424 10.0467 -1.96078
4.02177 9.98287 -1.95248
3.99111 9.88613 -1.9299
3.96464 9.80698 -1.9207
3.93924 9.73793 -1.91249
3.9188 9.66396 -1.89219
3.89987 9.58777 -1.86521
3.87843 9.51376 -1.85332
3.86025 9.43464 -1.83815
3.85005 9.36107 -1.81521
3.83827 9.28672 -1.79452
3.82681 9.21141 -1.78017
3.81306 9.13334 -1.77165
3.80052 9.05715 -1.76026
3.78706 8.97684 -1.75134
3.77212 8.90283 -1.75006
3.75479 8.8282 -1.75086
3.73594 8.74968 -1.75344
3.72269 8.67326 -1.7514
3.70274 8.59972 -1.75622
3.68354 8.52267 -1.76554
3.66718 8.44826 -1.76971
3.65257 8.37283 -1.7681
3.63963 8.30904 -1.77076
3.62262 8.23543 -1.7763
3.60486 8.1574 -1.78075
3.59082 8.0918 -1.78222
3.57692 8.02424 -1.77787
3.55637 7.95253 -1.78915
3.53665 7.87771 -1.79652
3.51885 7.80592 -1.80247
3.50175 7.73383 -1.80999
3.48026 7.6613 -1.82305
3.45111 7.56442 -1.84538
3.4302 7.4875 -1.84765
3.41162 7.4163 -1.85289
3.38681 7.3412 -1.86622
3.35825 7.26796 -1.88376
3.3365 7.19556 -1.88621
3.31036 7.11823 -1.89138
3.28177 7.04423 -1.90604
3.25128 6.97055 -1.92198
3.22348 6.89487 -1.92579
3.19425 6.82001 -1.92578
3.16165 6.74674 -1.94411
3.12604 6.67386 -1.96003
3.09563 6.60338 -1.96561
3.06441 6.52379 -1.96877
3.03083 6.45553 -1.9881
2.9954 6.38337 -2.00454
2.96008 6.30576 -2.00916
2.92452 6.23243 -2.02067
2.8667 6.1369 -2.05273
2.82547 6.0694 -2.07048
2.7849 5.99511 -2.07645
2.73838 5.91993 -2.09134
2.68918 5.85486 -2.11914
2.64159 5.77914 -2.1238
2.59796 5.70758 -2.12475
2.54359 5.63435 -2.14519
2.49133 5.56365 -2.1658
2.44182 5.49343 -2.17072
2.39261 5.42349 -2.17586
2.33499 5.34893 -2.19015
2.28519 5.28065 -2.18973
2.24221 5.21057 -2.17767
2.18958 5.13835 -2.1758
2.12895 5.04789 -2.17371
2.08778 4.97193 -2.14736
2.05176 4.89848 -2.12072
2.01887 4.82561 -2.10005
1.98795 4.74763 -2.06842
1.96778 4.66846 -2.02078
1.94057 4.58696 -1.98621
1.91406 4.502 -1.96585
1.89192 4.42335 -1.93744
1.87832 4.34196 -1.89763
1.85803 4.25816 -1.87181
1.84027 4.17967 -1.84867
1.8281 4.09442 -1.81626
1.82023 4.01628 -1.78728
1.81186 3.94177 -1.76905
1.79925 3.83027 -1.74519
1.79013 3.74014 -1.7285
1.78008 3.65706 -1.71546
1.77168 3.57746 -1.70893
1.76207 3.48917 -1.70173
1.75213 3.40348 -1.69691
1.74332 3.3242 -1.69277
1.73176 3.23471 -1.69559
1.72098 3.14779 -1.69454
1.70871 3.06718 -1.69745
1.69367 2.98694 -1.70572
1.67634 2.89941 -1.72249
1.65534 2.81627 -1.74535
1.63057 2.73847 -1.77696
1.60139 2.65952 -1.81603
1.5671 2.57918 -1.85838
1.53409 2.50021 -1.8908
1.50099 2.42677 -1.92151
1.46118 2.35602 -1.96314
1.40195 2.25539 -2.01413
1.36751 2.18802 -2.03185
1.32657 2.12516 -2.06341
1.27556 2.05573 -2.10498
1.23115 1.99805 -2.13123
1.17868 1.93374 -2.15378
1.12875 1.87455 -2.18043
1.07828 1.82609 -2.21739
1.03116 1.77497 -2.24147
0.975576 1.71695 -2.26416
0.924195 1.66728 -2.28787
0.885093 1.63373 -2.31205
0.841889 1.59347 -2.32979
0.80217 1.55075 -2.33783
0.771027 1.51214 -2.33152
0.742225 1.47361 -2.3192
0.715675 1.43553 -2.30387
0.687756 1.39817 -2.29331
0.664954 1.36854 -2.28483
0.639096 1.3373 -2.27682
0.617696 1.30817 -2.2671
0.598976 1.28184 -2.25736
0.580941 1.25525 -2.24734
0.563826 1.23 -2.23844
0.548354 1.20716 -2.22971
0.533335 1.18591 -2.22104
0.520462 1.17082 -2.21878
0.506973 1.15468 -2.21855
0.495801 1.1442 -2.21993
0.487356 1.13336 -2.22184
0.480633 1.12887 -2.22341
0.476694 1.12146 -2.22046
0.472878 1.11611 -2.22012
0.469012 1.11216 -2.22085
0.469322 1.11186 -2.22024
0.46857 1.11055 -2.22078
0.469366 1.11044 -2.22041
0.470081 1.11094 -2.22041
0.469886 1.111 -2.22062
0.470435 1.11168 -2.22054
0.470315 1.11166 -2.2208
0.47049 1.11179 -2.2206
0.470661 1.11206 -2.2207
0.470805 1.11225 -2.22068
0.470976 1.11238 -2.22051
0.47109 1.11253 -2.22049
0.471218 1.1127 -2.22049
0.471392 1.11291 -2.22046
0.4713 1.11284 -2.22057
0.471435 1.11302 -2.22057
0.471579 1.1132 -2.22057
0.471904 1.11358 -2.22045
0.471915 1.11369 -2.22064
0.471852 1.1136 -2.22064
0.471851 1.11363 -2.2207
0.472164 1.11399 -2.22059
0.472076 1.11391 -2.22066
0.471976 1.11372 -2.22056
0.472078 1.11393 -2.2207
0.47232 1.11411 -2.2204
0.472481 1.11469 -2.22117
0.472529 1.11553 -2.22278
0.473183 1.11533 -2.22056
0.47318 1.11584 -2.22163
0.473234 1.11589 -2.22161
0.473396 1.1158 -2.22097
0.472985 1.11565 -2.22178
0.473028 1.11554 -2.22141
0.47307 1.11574 -2.22172
0.473035 1.11561 -2.22154
0.47305 1.11562 -2.22154
0.473138 1.1157 -2.22144
0.473372 1.11606 -2.22156
0.473668 1.11637 -2.22141
0.473715 1.11653 -2.2216
0.472905 1.11561 -2.22191
0.469865 1.11187 -2.22245
0.465767 1.10594 -2.22134
0.461046 1.09906 -2.22005
0.457111 1.09376 -2.21983
0.451666 1.08627 -2.21923
0.441419 1.07454 -2.22266
0.4303 1.06309 -2.22852
0.418519 1.0505 -2.23363
0.405202 1.03651 -2.23953
0.391237 1.02236 -2.24637
0.378306 1.00995 -2.25373
0.366677 0.998701 -2.25997
0.353957 0.985653 -2.2649
0.340836 0.972245 -2.26974
0.326861 0.957647 -2.27393
0.312664 0.940585 -2.2733
0.301067 0.923726 -2.26681
0.291796 0.901599 -2.24478
0.290239 0.860301 -2.21362
0.288454 0.839134 -2.17355
0.283455 0.807353 -2.12773
0.284906 0.771724 -2.06883
0.287434 0.7331 -2.00211
0.291469 0.693777 -1.93463
0.297336 0.649504 -1.86401
0.305962 0.604046 -1.79632
0.314004 0.555779 -1.73282
0.320138 0.499616 -1.67291
0.330155 0.442504 -1.62767
0.337947 0.383337 -1.59686
0.341713 0.323105 -1.58195
0.343132 0.234633 -1.57254
0.343987 0.162327 -1.56638
0.341044 0.08416 -1.57153
0.33485 0.00965024 -1.59248
0.323921 -0.0657914 -1.62208
0.308182 -0.142844 -1.65969
0.283583 -0.228216 -1.70811
0.25033 -0.309942 -1.76566
0.213631 -0.392886 -1.81837
0.177559 -0.464113 -1.87065
0.139232 -0.540233 -1.91608
0.103409 -0.620442 -1.94093
0.0715479 -0.688483 -1.96621
0.0286583 -0.765566 -2.00511
-0.0038478 -0.839355 -2.02263
-0.0265479 -0.90533 -2.02631
-0.0558112 -0.970201 -2.02933
-0.0945931 -1.04701 -2.03621
-0.120673 -1.11829 -2.01401
-0.140551 -1.1833 -1.97485
-0.154996 -1.24383 -1.93707
-0.167784 -1.3114 -1.89041
-0.172798 -1.37227 -1.83633
-0.166282 -1.43217 -1.76481
-0.161793 -1.50058 -1.69892
-0.156672 -1.55952 -1.64631
-0.15023 -1.61966 -1.59466
-0.138997 -1.69069 -1.55049
-0.12719 -1.75013 -1.51791
-0.116052 -1.81435 -1.49966
-0.109231 -1.8777 -1.49011
-0.100529 -1.94165 -1.4745
-0.0889499 -2.00491 -1.45855
-0.0789951 -2.06909 -1.4482
-0.0721444 -2.13082 -1.44804
-0.0652102 -2.19526 -1.44903
-0.0619198 -2.25648 -1.45645
-0.0648628 -2.32691 -1.48307
-0.0759842 -2.40218 -1.53068
-0.100408 -2.47137 -1.60038
-0.128938 -2.53919 -1.67158
-0.164209 -2.60916 -1.75139
-0.205716 -2.6782 -1.83596
-0.252923 -2.74616 -1.91335
-0.291273 -2.80465 -1.96091
-0.336878 -2.86866 -2.0143
-0.383119 -2.93793 -2.05583
-0.415663 -3.00365 -2.04817
-0.443661 -3.07788 -2.01821
-0.481222 -3.14893 -2.01514
-0.517639 -3.21685 -2.01203
-0.557747 -3.29498 -2.00716
-0.591181 -3.37111 -1.99818
-0.635889 -3.45018 -2.00834
-0.685046 -3.53268 -2.03143
-0.719673 -3.61706 -2.01846
-0.760278 -3.70463 -2.01959
-0.808149 -3.79385 -2.03147
-0.849597 -3.88581 -2.0147
-0.884708 -3.96845 -1.99972
-0.932468 -4.07392 -2.00226
-0.970496 -4.16626 -1.99152
-1.00351 -4.2576 -1.97688
-1.05732 -4.36037 -1.99341
-1.10114 -4.4575 -1.98958
-1.13772 -4.54491 -1.98053
-1.18761 -4.65274 -1.98706
-1.21978 -4.75048 -1.9624
-1.24806 -4.85479 -1.92942
-1.28433 -4.95402 -1.92473
-1.31577 -5.05773 -1.89215
-1.34204 -5.16499 -1.86161
-1.37111 -5.267 -1.85073
-1.39292 -5.37543 -1.81922
-1.41602 -5.47629 -1.80464
-1.44492 -5.57782 -1.80893
-1.47599 -5.68918 -1.80677
-1.49389 -5.77135 -1.80738
-1.52008 -5.86797 -1.81937
-1.54306 -5.97122 -1.81118
-1.56094 -6.06117 -1.8052
-1.58683 -6.15075 -1.81772
-1.61153 -6.24885 -1.81319
-1.63436 -6.33763 -1.80649
-1.66901 -6.44556 -1.81988
-1.69327 -6.53784 -1.81826
-1.71573 -6.62661 -1.81339
-1.73854 -6.70578 -1.81498
-1.76726 -6.79323 -1.82395
-1.79153 -6.87508 -1.82502
-1.8124 -6.95149 -1.8155
-1.83463 -7.02666 -1.82205
-1.85403 -7.10886 -1.81799
-1.87228 -7.21341 -1.80067
-1.88385 -7.28581 -1.78519
-1.90275 -7.36324 -1.78176
-1.91788 -7.43914 -1.77247
-1.93172 -7.519 -1.76182
-1.94532 -7.59896 -1.75669
-1.96408 -7.67675 -1.76799
-1.98721 -7.76966 -1.78119
-2.01116 -7.84667 -1.79533
-2.03777 -7.91915 -1.82571
-2.0737 -8.00176 -1.87517
-2.11933 -8.08204 -1.93608
-2.17789 -8.16114 -2.01741
-2.24214 -8.21902 -2.11982
-2.31421 -8.27951 -2.21996
-2.38006 -8.33211 -2.29244
-2.44681 -8.38416 -2.35051
-2.51687 -8.43721 -2.39432
-2.57285 -8.48422 -2.4046
-2.60743 -8.52997 -2.38708
-2.6505 -8.59308 -2.35135
-2.68749 -8.66399 -2.29269
-2.7131 -8.72417 -2.22504
-2.73821 -8.78875 -2.15025
-2.75606 -8.85624 -2.06892
-2.76915 -8.92249 -1.99482
-2.77775 -8.98454 -1.93676
-2.78795 -9.0448 -1.89107
-2.80787 -9.13703 -1.85338
-2.82584 -9.20289 -1.83934
-2.8498 -9.26592 -1.85061
-2.88006 -9.32838 -1.88237
-2.933 -9.40113 -1.95932
-2.9621 -9.44981 -1.99641
-2.99633 -9.50327 -2.03369
-3.03102 -9.55363 -2.06196
-3.06462 -9.59743 -2.09091
-3.09997 -9.64368 -2.11447
-3.13276 -9.68527 -2.13201
-3.1667 -9.72402 -2.14993
-3.20436 -9.76361 -2.1767
-3.24057 -9.80032 -2.20435
-3.27756 -9.83583 -2.23134
-3.3146 -9.87333 -2.25149
-3.35093 -9.91048 -2.26786
-3.38819 -9.94764 -2.28188
-3.42343 -9.98199 -2.29409
-3.46614 -10.0218 -2.31021
-3.50323 -10.0576 -2.32377
-3.5563 -10.1081 -2.34055
-3.59716 -10.1502 -2.34562
-3.64042 -10.1912 -2.35296
-3.68127 -10.2362 -2.35075
-3.72017 -10.2788 -2.34433
-3.76204 -10.3271 -2.33186
-3.80062 -10.3753 -2.3145
-3.83634 -10.4263 -2.29018
-3.8733 -10.483 -2.25898
-3.90544 -10.5422 -2.22183
-3.93192 -10.6004 -2.17925
-3.95191 -10.6673 -2.11557
-3.95964 -10.7346 -2.03446
-3.96404 -10.8036 -1.94918
-3.96259 -10.8732 -1.86358
-3.95116 -10.9419 -1.76417
-3.92589 -11.0121 -1.6382
-3.89029 -11.0704 -1.51207
-3.8419 -11.1212 -1.36951
-3.78243 -11.1604 -1.20791
-3.71993 -11.1878 -1.04047
-3.65713 -11.2037 -0.869002
-3.58866 -11.194 -0.691846
-3.52377 -11.1744 -0.50525
-3.47233 -11.1464 -0.325658
-3.43037 -11.1059 -0.142702
-3.39561 -11.0524 0.0504816
-3.37301 -10.9932 0.245171
-3.3624 -10.9372 0.420476
-3.35538 -10.883 0.611578
-3.35807 -10.827 0.783781
-3.36677 -10.7784 0.94376
-3.38195 -10.7261 1.10273
-3.39018 -10.6856 1.22581
-3.40221 -10.6404 1.33114
-3.41754 -10.5913 1.42048
-3.43351 -10.5471 1.48445
-3.4399 -10.4977 1.52065
-3.44287 -10.4475 1.53499
-3.4444 -10.3961 1.52312
-3.43952 -10.3478 1.50347
-3.42786 -10.2946 1.47177
-3.40901 -10.2379 1.42619
-3.38691 -10.1882 1.37246
-3.36049 -10.1384 1.31832
-3.33404 -10.0856 1.27195
-3.30598 -10.0334 1.23206
-3.26963 -9.97513 1.19138
-3.23506 -9.92234 1.15771
-3.20024 -9.86921 1.12602
-3.16615 -9.81576 1.10364
-3.12956 -9.76087 1.08749
-3.09409 -9.69931 1.08012
-3.06158 -9.63656 1.08158
-3.02691 -9.56532 1.08634
-2.99993 -9.505 1.09349
-2.96346 -9.43603 1.09125
-2.92479 -9.36504 1.09094
-2.89685 -9.30408 1.09564
-2.85372 -9.21635 1.09716
-2.81879 -9.14995 1.09165
-2.78604 -9.08397 1.09384
-2.75734 -9.02099 1.09855
-2.72647 -8.95784 1.10061
-2.68131 -8.87339 1.09535
-2.64954 -8.81121 1.09023
-2.62105 -8.75264 1.09309
-2.59423 -8.7002 1.09267
-2.56454 -8.64721 1.08526
-2.52882 -8.58258 1.08161
-2.49952 -8.52654 1.08171
-2.47307 -8.475 1.08317
-2.44553 -8.42307 1.08258
-2.41827 -8.37111 1.07872
-2.39017 -8.32148 1.07327
-2.3633 -8.27188 1.07169
-2.33663 -8.22306 1.0718
-2.31128 -8.17806 1.07249
-2.28911 -8.13817 1.07157
-2.26757 -8.10013 1.06676
-2.24421 -8.06008 1.06268
-2.22419 -8.02297 1.06085
-2.20417 -7.98504 1.06052
-2.18444 -7.94874 1.06052
-2.16487 -7.91157 1.06211
-2.14505 -7.86957 1.0674
-2.12353 -7.82624 1.07263
-2.10527 -7.78781 1.07828
-2.08292 -7.74357 1.08402
-2.05867 -7.69247 1.09058
-2.03785 -7.6427 1.10221
-2.01569 -7.59186 1.11243
-1.99183 -7.53883 1.12044
-1.96655 -7.48211 1.12555
-1.94161 -7.42015 1.1325
-1.91979 -7.35869 1.14474
-1.89677 -7.29513 1.15521
-1.8738 -7.22849 1.16394
-1.83696 -7.13633 1.17504
-1.80803 -7.06406 1.18247
-1.78175 -6.99182 1.18972
-1.75938 -6.92708 1.19616
-1.73356 -6.85715 1.20165
-1.70743 -6.78154 1.21096
-1.68323 -6.70902 1.22035
-1.65966 -6.63775 1.23274
-1.63861 -6.56421 1.24489
-1.6145 -6.48157 1.25614
-1.59049 -6.39665 1.26476
-1.56609 -6.31757 1.2716
-1.54577 -6.24316 1.2844
-1.52302 -6.16135 1.29566
-1.50212 -6.07988 1.30615
-1.48724 -6.00206 1.32056
-1.47229 -5.92326 1.33481
-1.45665 -5.84397 1.34325
-1.44272 -5.77266 1.34766
-1.42956 -5.69551 1.36271
-1.41856 -5.61786 1.3789
-1.4082 -5.54488 1.38898
-1.39698 -5.47319 1.39491
-1.38793 -5.40279 1.40562
-1.38114 -5.33377 1.42001
-1.37533 -5.26469 1.43396
-1.3653 -5.19544 1.43511
-1.35137 -5.12863 1.42388
-1.33495 -5.06631 1.40824
-1.31281 -4.99291 1.38044
-1.28473 -4.92107 1.3394
-1.25615 -4.85274 1.29495
-1.22368 -4.78827 1.25386
-1.18842 -4.72101 1.21499
-1.14896 -4.65158 1.1711
-1.1089 -4.58579 1.12775
-1.06554 -4.52227 1.09209
-1.02227 -4.45888 1.05222
-0.973091 -4.3972 1.0088
-0.922897 -4.33237 0.980033
-0.874775 -4.27136 0.957564
-0.827408 -4.21695 0.93278
-0.772987 -4.15564 0.906887
-0.724312 -4.09895 0.895902
-0.686853 -4.04334 0.906838
-0.635745 -3.97335 0.921664
-0.59425 -3.91428 0.93567
-0.559632 -3.85481 0.960528
-0.522914 -3.78668 0.991788
-0.48514 -3.70697 1.02822
-0.442474 -3.62083 1.05271
-0.404904 -3.53777 1.07614
-0.37299 -3.45823 1.10367
-0.349767 -3.39319 1.12444
-0.311773 -3.30691 1.14177
-0.278043 -3.22241 1.1642
-0.252048 -3.14539 1.18669
-0.220367 -3.06429 1.19643
-0.182966 -2.9736 1.19279
-0.14074 -2.88454 1.18316
-0.102434 -2.80694 1.16994
-0.0543522 -2.71751 1.14902
-0.0096476 -2.63517 1.13463
0.0347838 -2.5546 1.12161
0.0817828 -2.47298 1.10453
0.130759 -2.39015 1.08551
0.174601 -2.31049 1.07601
0.220192 -2.23158 1.06515
0.271785 -2.14459 1.05162
0.329437 -2.03266 1.05736
0.366887 -1.94492 1.07951
0.412178 -1.85781 1.08826
0.451929 -1.76158 1.11725
0.483903 -1.67555 1.14602
0.516875 -1.58721 1.16617
0.551136 -1.4878 1.19096
0.581529 -1.39371 1.21134
0.611165 -1.30403 1.22392
0.645321 -1.20203 1.23466
0.676325 -1.10669 1.24034
0.705886 -1.0129 1.24878
0.735654 -0.909013 1.25998
0.763796 -0.812985 1.26553
0.787084 -0.722027 1.27594
0.814319 -0.621208 1.28809
0.840853 -0.519751 1.29588
0.863635 -0.429066 1.29957
0.88383 -0.334621 1.31347
0.911683 -0.2282 1.31657
0.935158 -0.141399 1.31393
0.956768 -0.0472089 1.31555
0.986756 0.0580155 1.30873
1.01486 0.143429 1.28955
1.0382 0.230298 1.2864
1.07291 0.336505 1.2736
1.10258 0.42008 1.25776
1.13008 0.496341 1.24548
1.16896 0.592622 1.22832
1.21059 0.680891 1.20074
1.24835 0.751441 1.17134
1.29649 0.831036 1.12986
1.34932 0.90864 1.08491
1.40011 0.973875 1.03923
1.45936 1.03598 0.980338
1.52709 1.09546 0.904003
1.60413 1.14917 0.818001
1.67152 1.1875 0.744768
1.7483 1.21737 0.648299
1.83261 1.24765 0.553674
1.90735 1.26168 0.478943
1.98664 1.27684 0.399378
2.05733 1.29039 0.335085
2.12143 1.30138 0.290808
2.18591 1.31351 0.264992
2.25158 1.32846 0.252368
2.31019 1.34695 0.256761
2.36796 1.37457 0.288125
2.41463 1.40297 0.329803
2.46501 1.43742 0.382839
2.51407 1.47617 0.437394
2.552 1.5216 0.50196
2.59516 1.57363 0.578957
2.63294 1.6266 0.650289
2.66619 1.68162 0.722533
2.69323 1.74218 0.805991
2.71327 1.80719 0.898749
2.7246 1.87119 0.99272
2.73105 1.93891 1.08495
2.72981 2.00617 1.18132
2.72339 2.07214 1.28119
2.71153 2.13744 1.37106
2.69724 2.19907 1.45699
2.67561 2.25993 1.54455
2.65034 2.32123 1.62902
2.63131 2.37822 1.6848
2.61122 2.44 1.72618
2.5909 2.50618 1.75876
2.57873 2.56478 1.77015
2.56629 2.63453 1.76952
2.56228 2.69966 1.74792
2.56251 2.76241 1.71643
2.56346 2.83145 1.68272
2.56798 2.89994 1.65086
2.57022 2.96493 1.62034
2.57977 3.03358 1.58101
2.59037 3.10109 1.54435
2.59979 3.1659 1.51624
2.60918 3.22691 1.49707
2.62225 3.29598 1.47815
2.63929 3.36202 1.44797
2.65511 3.42072 1.42296
2.67115 3.47464 1.40859
2.68355 3.53118 1.40095
2.69711 3.60057 1.39513
2.70783 3.65553 1.38949
2.71785 3.71593 1.38497
2.72635 3.77569 1.38858
2.72933 3.82854 1.40055
2.73589 3.89258 1.41195
2.74392 3.95268 1.416
2.75225 4.0139 1.41769
2.75961 4.06759 1.42018
2.76579 4.12363 1.426
2.77316 4.18723 1.4321
2.77999 4.24713 1.43632
2.78995 4.30663 1.43481
2.79839 4.36372 1.433
2.80657 4.42114 1.43585
2.81428 4.4849 1.4423
2.82022 4.5463 1.44694
2.83106 4.60963 1.43946
2.85281 4.69535 1.41134
2.86921 4.75315 1.38685
2.89328 4.81477 1.3514
2.93165 4.88898 1.29625
2.96831 4.94808 1.2378
3.00793 5.00792 1.17661
3.04795 5.06352 1.12432
3.0983 5.12102 1.0654
3.14798 5.17888 1.01463
3.19309 5.22921 0.971445
3.24297 5.28308 0.928993
3.31394 5.35099 0.876493
3.35914 5.40039 0.858128
3.40142 5.45555 0.862484
3.44594 5.51574 0.875353
3.48343 5.57059 0.890767
3.51985 5.6364 0.92009
3.55188 5.69916 0.957349
3.57793 5.76164 0.997472
3.60701 5.82513 1.02243
3.6405 5.89135 1.03973
3.67753 5.96504 1.0581
3.71044 6.0314 1.07719
3.7418 6.09773 1.09342
3.77573 6.17136 1.10577
3.80524 6.24585 1.12375
3.83093 6.31742 1.14167
3.86713 6.41643 1.15906
3.89738 6.49172 1.16088
3.93949 6.59269 1.16233
3.97012 6.66691 1.16031
4.00139 6.74204 1.15725
4.04923 6.84956 1.15765
4.08239 6.92218 1.16182
4.11361 6.99766 1.16371
4.14842 7.07733 1.16379
4.17825 7.15178 1.16676
4.21252 7.23393 1.172
4.24397 7.30594 1.17541
4.27447 7.37858 1.17816
4.30714 7.45405 1.17925
4.33758 7.52942 1.17737
4.37127 7.59834 1.16812
4.4101 7.67397 1.15043
4.44888 7.74206 1.1289
4.48645 7.80249 1.10811
4.52884 7.86929 1.0815
4.56955 7.93114 1.05772
4.62696 8.01624 1.02709
4.66434 8.06967 1.01137
4.70778 8.12066 0.982587
4.75619 8.17753 0.953342
4.7963 8.22491 0.931836
4.84293 8.27893 0.913405
4.88309 8.32169 0.893298
4.92641 8.36613 0.870754
4.97245 8.41565 0.858321
5.01031 8.46782 0.871625
5.04011 8.52507 0.907714
5.06165 8.5811 0.958538
5.06718 8.63722 1.0385
5.06826 8.69709 1.12909
5.04991 8.75725 1.25621
5.0232 8.81357 1.3912
4.98535 8.86321 1.54202
4.94214 8.90599 1.69706
4.88863 8.94106 1.86279
4.82622 8.96474 2.02843
4.76702 8.97697 2.18987
4.70117 8.9712 2.36197
4.63849 8.95953 2.53797
4.58343 8.93465 2.71469
4.53345 8.90628 2.88711
4.48841 8.865 3.06673
4.45262 8.82348 -3.04983
4.42542 8.76899 -2.86524
4.40652 8.7156 -2.72678
4.39319 8.65747 -2.5588
4.38192 8.59959 -2.41752
4.3742 8.55093 -2.29794
4.36015 8.50364 -2.20095
4.33714 8.45531 -2.12025
4.31983 8.40413 -2.05931
4.30237 8.3539 -2.01798
4.28431 8.30715 -2.00081
4.27098 8.26145 -1.98195
4.25992 8.2111 -1.95592
4.25027 8.16342 -1.93187
4.23916 8.11328 -1.90864
4.2285 8.06325 -1.89238
4.21625 8.01008 -1.87755
4.20354 7.95477 -1.86072
4.19025 7.88807 -1.83881
4.17689 7.83031 -1.8259
4.16269 7.77401 -1.82311
4.14126 7.70378 -1.82687
4.12549 7.64103 -1.82595
4.11002 7.56988 -1.81986
4.08977 7.50158 -1.82307
4.06607 7.43364 -1.8391
4.03637 7.36037 -1.86474
4.01175 7.29362 -1.87987
3.97989 7.22072 -1.90341
3.94387 7.15377 -1.94159
3.89822 7.08721 -1.99418
3.85947 7.02328 -2.02224
3.81732 6.9591 -2.05055
3.76946 6.89029 -2.08516
3.71906 6.82385 -2.121
3.67421 6.76103 -2.13526
3.62842 6.69259 -2.14996
3.58241 6.62181 -2.15817
3.53808 6.55793 -2.16825
3.49143 6.49056 -2.17268
3.44404 6.42309 -2.18052
3.38747 6.34607 -2.18973
3.34594 6.2856 -2.1912
3.2976 6.20953 -2.18388
3.24226 6.12477 -2.1733
3.19404 6.05056 -2.16498
3.14799 5.97772 -2.15587
3.10322 5.89999 -2.14597
3.05061 5.817 -2.14703
3.00009 5.7399 -2.15028
2.95099 5.66141 -2.14729
2.89228 5.57087 -2.14995
2.84621 5.4992 -2.15905
2.79065 5.40741 -2.1565
2.73554 5.31446 -2.15689
2.68888 5.23496 -2.16123
2.63562 5.14362 -2.15229
2.58433 5.05212 -2.13852
2.52117 4.93591 -2.11841
2.47956 4.84152 -2.08666
2.43646 4.74686 -2.05838
2.39363 4.6425 -2.03065
2.37168 4.55078 -1.98235
2.34191 4.44805 -1.93742
2.31069 4.34586 -1.90809
2.29506 4.24922 -1.86006
2.27412 4.14793 -1.82036
2.24913 4.04608 -1.80471
2.23946 3.94621 -1.76479
2.22359 3.85093 -1.7461
2.20165 3.74573 -1.75097
2.17958 3.64168 -1.74937
2.15999 3.54639 -1.75768
2.12538 3.44953 -1.8006
2.09082 3.34645 -1.82603
2.05806 3.25164 -1.8478
2.0184 3.16164 -1.88527
1.97699 3.06566 -1.91446
1.93733 2.96513 -1.92922
1.89049 2.88052 -1.97451
1.84452 2.79942 -2.01201
1.79652 2.71094 -2.03556
1.74271 2.62478 -2.0705
1.6884 2.54271 -2.09877
1.64014 2.45651 -2.10906
1.56908 2.33924 -2.1194
1.51566 2.25831 -2.1351
1.46464 2.17654 -2.13733
1.40531 2.09465 -2.15219
1.34029 2.01133 -2.16973
1.28757 1.93702 -2.17622
1.22676 1.85809 -2.18426
1.16297 1.77656 -2.19126
1.11571 1.70567 -2.18688
1.05417 1.61094 -2.17629
0.999808 1.52619 -2.16349
0.955276 1.44772 -2.14177
0.905268 1.35482 -2.11649
0.857813 1.26166 -2.09698
0.818156 1.17702 -2.07199
0.784172 1.08433 -2.03595
0.743493 0.992005 -2.01597
0.708591 0.904439 -1.99468
0.678776 0.811218 -1.95982
0.63808 0.7172 -1.95046
0.598742 0.622762 -1.94509
0.56955 0.532818 -1.92359
0.537217 0.442665 -1.91491
0.487407 0.32554 -1.91827
0.464347 0.25094 -1.90114
0.423091 0.130629 -1.90158
0.392705 0.0525271 -1.91142
0.370503 -0.027034 -1.90064
0.341555 -0.106941 -1.90859
0.311318 -0.179472 -1.92723
0.278119 -0.251646 -1.9488
0.24517 -0.316821 -1.96701
0.194983 -0.382722 -2.02181
0.138073 -0.43953 -2.09903
0.066204 -0.475552 -2.2145
0.000482225 -0.503591 -2.3274
-0.0754759 -0.520785 -2.47431
-0.14943 -0.525359 -2.61467
-0.211915 -0.516297 -2.75426
-0.270559 -0.498446 -2.89523
-0.335749 -0.461081 -3.07133
-0.380636 -0.417446 3.05256
-0.410796 -0.366154 2.8899
-0.435709 -0.311605 2.72977
-0.444918 -0.241043 2.54688
-0.439566 -0.179137 2.38374
-0.421391 -0.12628 2.23874
-0.397876 -0.0704637 2.08968
-0.373676 -0.0269214 1.9563
-0.344953 0.0162225 1.82424
-0.317638 0.055147 1.70033
-0.28547 0.0926131 1.59423
-0.240382 0.125955 1.47994
-0.199228 0.157467 1.37467
-0.159253 0.192618 1.26624
-0.108951 0.220947 1.15551
-0.0583842 0.243651 1.04826
-0.00620695 0.265687 0.953894
0.0532398 0.287031 0.854605
0.108018 0.302922 0.766138
0.164382 0.317426 0.67736
0.222096 0.332645 0.603312
0.274978 0.355246 0.556886
0.331631 0.38309 0.526651
0.385086 0.410968 0.513148
0.43892 0.44459 0.514258
0.490953 0.48341 0.527724
0.539749 0.528138 0.561417
0.589238 0.580764 0.607375
0.630942 0.636405 0.661615
0.677096 0.690661 0.703321
0.721539 0.749356 0.741467
0.767562 0.811359 0.785244
0.813154 0.876315 0.826143
0.866004 0.937865 0.840558
0.918633 0.996549 0.841911
0.969215 1.05803 0.850826
1.0235 1.12113 0.856443
1.08095 1.18132 0.845113
1.14082 1.2356 0.819092
1.20175 1.29601 0.804677
1.26143 1.3493 0.788494
1.32972 1.3993 0.753335
1.40961 1.44274 0.696204
1.48395 1.48398 0.648585
1.57002 1.5182 0.577862
1.65638 1.53878 0.490089
1.74043 1.55321 0.403466
1.83153 1.55507 0.313734
1.91989 1.55451 0.225551
2.00681 1.55026 0.150153
2.08996 1.54307 0.086307
2.17171 1.52806 0.0143279
2.24886 1.50952 -0.047311
2.32848 1.4872 -0.0989374
2.40819 1.45996 -0.157287
2.48208 1.4271 -0.222459
2.55073 1.39247 -0.27813
2.61891 1.35405 -0.33274
2.69141 1.31381 -0.38449
2.76051 1.27648 -0.425143
2.82392 1.24547 -0.442651
2.89108 1.20489 -0.471548
2.95527 1.16549 -0.497193
3.01819 1.12859 -0.512525
3.09002 1.08733 -0.522055
3.14969 1.05142 -0.526041
3.21958 1.00823 -0.534398
3.29034 0.969606 -0.527262
3.36112 0.937051 -0.50792
3.43511 0.906946 -0.484113
3.5084 0.874415 -0.470157
3.58838 0.844687 -0.440316
3.66958 0.822879 -0.397608
3.74745 0.803886 -0.360265
3.82878 0.789337 -0.315286
3.91078 0.783597 -0.256087
3.99369 0.780606 -0.19144
4.06897 0.791661 -0.113576
4.14591 0.812082 -0.0182706
4.21956 0.840368 0.0785024
4.30343 0.892423 0.220113
4.3581 0.950742 0.360454
4.40229 1.01303 0.495716
4.43069 1.08126 0.643632
4.44725 1.15609 0.806419
4.45075 1.22665 0.964004
4.43605 1.30637 1.14493
4.41165 1.37371 1.32032
4.37413 1.4367 1.50963
4.33093 1.48629 1.6838
4.26638 1.52598 1.88108
4.19872 1.55388 2.0702
4.13378 1.56673 2.24201
4.06944 1.57524 2.41437
3.99229 1.56915 2.59961
3.93612 1.55889 2.74599
3.87754 1.53962 2.89393
3.81234 1.51449 3.03176
3.76221 1.4886 3.13812
3.70533 1.46893 -3.04581
3.65104 1.45236 -2.98551
3.6021 1.41685 -2.92888
3.54972 1.39092 -2.89315
3.49894 1.36648 -2.87024
3.44141 1.34985 -2.87319
3.38558 1.33632 -2.88592
3.32188 1.32661 -2.91364
3.26375 1.32923 -2.95924
3.20347 1.34073 -3.02256
3.14538 1.35622 -3.09084
3.08271 1.3827 3.10831
3.02298 1.41382 3.0235
2.9685 1.45137 2.94336
2.9193 1.48494 2.87509
2.86184 1.52715 2.79403
2.8111 1.57015 2.71769
2.76739 1.62207 2.63425
2.72511 1.66803 2.56992
2.68484 1.71488 2.50948
2.64209 1.7655 2.45684
2.60105 1.81206 2.42212
2.55803 1.85778 2.39961
2.51462 1.89418 2.40519
2.47094 1.93103 2.41031
2.40908 1.97671 2.43421
2.35477 2.00404 2.47599
2.2984 2.01994 2.53553
2.23147 2.0362 2.6057
2.1682 2.04254 2.68142
2.09707 2.04037 2.77533
2.02824 2.03502 2.865
1.96732 2.02451 2.94299
1.89394 2.00943 3.03465
1.82754 1.99038 3.1174
1.7492 1.96711 -3.07759
1.6842 1.94126 -3.00564
1.61882 1.90389 -2.91796
1.5514 1.86356 -2.83216
1.4934 1.81832 -2.75729
1.4383 1.76765 -2.67603
1.38368 1.71307 -2.59603
1.32836 1.65904 -2.53623
1.27303 1.60338 -2.4776
1.22141 1.5405 -2.41969
1.17193 1.48156 -2.37746
1.11729 1.42147 -2.35903
1.05758 1.35902 -2.35087
1.00232 1.3002 -2.35053
0.946975 1.24508 -2.3571
0.877574 1.18907 -2.38088
0.812548 1.13582 -2.39704
0.749044 1.08101 -2.40512
0.685144 1.02779 -2.41508
0.615564 0.975497 -2.43103
0.544541 0.921126 -2.44143
0.479747 0.871686 -2.44947
0.411586 0.827921 -2.47193
0.33269 0.779905 -2.50198
0.258017 0.734973 -2.52406
0.184577 0.694511 -2.54513
0.103465 0.658488 -2.58391
0.0251202 0.624124 -2.61693
-0.0482493 0.583312 -2.62493
-0.12051 0.543981 -2.63298
-0.19505 0.510889 -2.64642
-0.269771 0.476235 -2.65326
-0.341253 0.441013 -2.65588
-0.418998 0.411193 -2.67789
-0.501841 0.388949 -2.71684
-0.575239 0.366313 -2.7436
-0.645886 0.342792 -2.76223
-0.728011 0.317768 -2.78065
-0.799203 0.297673 -2.79696
-0.865572 0.275962 -2.79937
-0.933759 0.246517 -2.78388
-0.99818 0.216208 -2.76729
-1.06367 0.186719 -2.75041
-1.12206 0.156406 -2.73199
-1.17611 0.120704 -2.69977
-1.22937 0.0787968 -2.65773
-1.27866 0.0388232 -2.61891
-1.32671 -0.00237477 -2.57908
-1.37245 -0.0479304 -2.53289
-1.41616 -0.100982 -2.47505
-1.4479 -0.146624 -2.42291
-1.47949 -0.190324 -2.37667
-1.50877 -0.235695 -2.33665
-1.53472 -0.281147 -2.29311
-1.55728 -0.328272 -2.25005
-1.57587 -0.373356 -2.21287
-1.59458 -0.413849 -2.17859
-1.60481 -0.447929 -2.14738
-1.61584 -0.480894 -2.11952
-1.62773 -0.51317 -2.09225
-1.63316 -0.533096 -2.07155
-1.63679 -0.547627 -2.05614
-1.64095 -0.562865 -2.04423
-1.64438 -0.574229 -2.03627
-1.64601 -0.580697 -2.02918
-1.64749 -0.587023 -2.02213
-1.64961 -0.592085 -2.01933
-1.65027 -0.594846 -2.01735
-1.6509 -0.596227 -2.01527
-1.65066 -0.597017 -2.01457
-1.65047 -0.596634 -2.01513
-1.64996 -0.595989 -2.01519
-1.6498 -0.595793 -2.01584
-1.64963 -0.595575 -2.01596
-1.64954 -0.595473 -2.01583
-1.64938 -0.595164 -2.0158
-1.64923 -0.594846 -2.0158
-1.64915 -0.594687 -2.01581
-1.64898 -0.594337 -2.01581
-1.64879 -0.593942 -2.01579
-1.64857 -0.593503 -2.01578
-1.64841 -0.593134 -2.01581
-1.64831 -0.592907 -2.01583
-1.64804 -0.592342 -2.01582
-1.64797 -0.592184 -2.01583
-1.64797 -0.592128 -2.0159
-1.64801 -0.592229 -2.01591
-1.64792 -0.592093 -2.01582
-1.64779 -0.591807 -2.01583
-1.64769 -0.591614 -2.01582
-1.64758 -0.591372 -2.01582
-1.64746 -0.591049 -2.01595
-1.64734 -0.5909 -2.01579
-1.6471 -0.590416 -2.01576
-1.64725 -0.590743 -2.01573
-1.6472 -0.590318 -2.0162
-1.64689 -0.590014 -2.01572
-1.64685 -0.589781 -2.01592
-1.6467 -0.589531 -2.01583
-1.64646 -0.589035 -2.01583
-1.64625 -0.588634 -2.01579
-1.64613 -0.588316 -2.01583
-1.6461 -0.588214 -2.01591
-1.64597 -0.588009 -2.01584
-1.64583 -0.587693 -2.01586
-1.64573 -0.587503 -2.01584
-1.6456 -0.587215 -2.01586
-1.64527 -0.586519 -2.01586
-1.64494 -0.585767 -2.01594
-1.64481 -0.585518 -2.01592
-1.64473 -0.585321 -2.01594
-1.64463 -0.585208 -2.01581
-1.64467 -0.585194 -2.01596
-1.6446 -0.585128 -2.01584
-1.64459 -0.585099 -2.01585
-1.64473 -0.585291 -2.016
-1.64458 -0.585014 -2.01594
-1.64454 -0.584943 -2.01594
-1.6445 -0.584923 -2.01585
-1.64458 -0.585028 -2.01594
-1.64465 -0.585174 -2.01594
-1.64452 -0.584965 -2.01582
-1.64443 -0.584751 -2.01585
-1.64415 -0.583061 -2.01749
-1.64494 -0.580111 -2.0243
-1.64711 -0.576906 -2.03577
-1.65012 -0.571764 -2.05294
-1.65452 -0.564868 -2.07734
-1.66138 -0.556068 -2.11273
-1.67171 -0.541137 -2.1701
-1.67969 -0.528473 -2.21755
-1.68847 -0.515348 -2.26896
-1.70308 -0.49602 -2.35045
-1.71592 -0.479555 -2.42215
-1.73221 -0.454716 -2.52359
-1.74268 -0.435001 -2.59969
-1.75003 -0.414861 -2.67214
-1.75451 -0.394124 -2.74286
-1.75711 -0.373393 -2.81288
-1.75406 -0.350546 -2.90227
-1.75236 -0.323154 -2.9979
-1.75527 -0.303101 -3.06135
-1.7465 -0.282236 -3.12674
-1.7398 -0.270652 3.11508
-1.73317 -0.264683 3.09301
-1.72921 -0.258844 3.0723
-1.73339 -0.256523 3.06443
-1.73041 -0.258919 3.06245
-1.73583 -0.260632 3.06583
-1.73933 -0.263093 3.07443
-1.73775 -0.263744 3.07818
-1.7363 -0.266419 3.0808
-1.73515 -0.271748 3.08225
-1.73575 -0.272367 3.08239
-1.73584 -0.273155 3.08221
-1.73578 -0.273264 3.08259
-1.73548 -0.273271 3.08256
-1.73551 -0.273274 3.08256
-1.73553 -0.273271 3.08256
-1.73556 -0.273273 3.08256
-1.73532 -0.273341 3.08276
-1.73509 -0.273323 3.08265
-1.73519 -0.273323 3.08266
-1.73527 -0.273339 3.08273
-1.73548 -0.273314 3.0827
-1.73537 -0.273317 3.08269
