1533027946263399 2.71051e-20 0 -1.35525e-20 1 1.52137e-24 -1.11022e-16 -1.74036e-24
1533027950259311 2.60365 0.0436261 0.0627727 0.999691 0.0128523 -0.0200356 0.00714463
1533027950359500 2.7383 0.0475472 0.00786607 0.999935 -0.00264492 -0.00463117 0.0100805
1533027950492892 2.92451 0.0260969 -0.108125 0.999452 -0.0162179 0.0272496 -0.00946459
1533027950626271 3.10714 0.0223225 -0.138104 0.998686 -0.041293 0.0303655 -0.000161584
1533027950726271 3.24738 0.0128192 -0.166701 0.997093 -0.0666538 0.0367475 -0.00346606
1533027950859402 3.43268 0.0137733 -0.163378 0.997408 -0.0641839 0.032499 -0.00144073
1533027950959297 3.57391 -0.00566356 -0.159117 0.996843 -0.072621 0.0275139 -0.0165034
1533027951092677 3.75285 0.000577247 -0.150571 0.997329 -0.0697557 0.0207093 -0.00630034
1533027951225850 3.94247 -0.00322954 -0.147007 0.99723 -0.0723574 0.0164614 -0.00500055
1533027951325647 4.08164 0.00393739 -0.142637 0.998399 -0.0546852 0.0142733 0.00236884
1533027951458946 4.27335 -0.00625477 -0.144642 0.999008 -0.0422099 0.0115047 -0.00830802
1533027951558789 4.41149 -0.00618458 -0.17572 0.999393 -0.0305445 0.0167673 6.12555e-05
1533027951692060 4.60408 -0.00926505 -0.197357 0.999479 -0.0261406 0.0189384 -0.000685551
1533027951825173 4.78993 -0.0189271 -0.215514 0.999518 -0.0219318 0.0203746 -0.00825589
1533027951925181 4.93581 -0.0295235 -0.224605 0.999441 -0.0228408 0.0198459 -0.0142217
1533027952058408 5.12392 -0.031837 -0.240883 0.999526 -0.0224151 0.0201199 -0.00633913
1533027952191653 5.31439 -0.0321539 -0.248532 0.999567 -0.0214268 0.019979 0.00268103
1533027952291465 5.45663 -0.043695 -0.268755 0.999398 -0.0232415 0.0231685 -0.0112938
1533027952424511 5.64729 -0.0479397 -0.28756 0.999321 -0.0250915 0.0245576 -0.0111594
1533027952557620 5.83486 -0.046985 -0.307964 0.999229 -0.0267351 0.0264747 -0.0112276
1533027952657616 5.97806 -0.0450748 -0.321818 0.999219 -0.0230937 0.0309509 -0.00842967
1533027952790701 6.16625 -0.0647605 -0.336057 0.998845 -0.0238975 0.032523 -0.0260672
1533027952923889 6.34951 -0.0619734 -0.345835 0.999123 -0.0238178 0.0318274 -0.0131753
1533027953023808 6.48577 -0.0646311 -0.350914 0.99929 -0.0227557 0.0277642 -0.0114266
1533027953157060 6.66775 -0.0600429 -0.362215 0.999373 -0.0220775 0.02767 0.000543127
1533027953256902 6.80764 -0.0719447 -0.375723 0.999282 -0.0219179 0.0287 -0.0114434
1533027953390076 6.99469 -0.0673903 -0.392669 0.99929 -0.0210665 0.0311994 -0.0016076
1533027953523237 7.18161 -0.0666801 -0.406859 0.999278 -0.0206908 0.0317671 0.0025849
1533027953623088 7.31605 -0.0550853 -0.416714 0.999111 -0.0214733 0.0309963 0.0188239
1533027953756234 7.50888 -0.0581222 -0.429886 0.999223 -0.0224755 0.0307121 0.0102699
1533027953889612 7.6986 -0.0361547 -0.442815 0.998814 -0.0228545 0.0298269 0.0309684
1533027953989367 7.83831 -0.0269819 -0.453742 0.998796 -0.0241461 0.0270932 0.0329921
1533027954122558 8.02462 -0.0167715 -0.462885 0.998747 -0.0220223 0.0254506 0.0370473
1533027954222606 8.18221 -0.0212704 -0.471369 0.99923 -0.0241824 0.0249596 0.0182241
1533027954355806 8.36701 -0.00276319 -0.484338 0.998935 -0.0249715 0.025228 0.0294678
1533027954455623 8.51307 0.00371454 -0.493411 0.998902 -0.0251518 0.0253501 0.030322
1533027954588980 8.70628 0.0103822 -0.501676 0.998843 -0.0271107 0.0242728 0.0314462
1533027954722041 8.8993 0.00931953 -0.507708 0.999217 -0.0237761 0.0222642 0.0224575
1533027954821980 9.03918 0.0191566 -0.510612 0.999172 -0.023749 0.0194705 0.0267011
1533027954955137 9.23619 0.0255547 -0.508445 0.999418 -0.0229392 0.0149638 0.0203169
1533027955088310 9.42896 0.0168844 -0.511346 0.999532 -0.0273713 0.0134831 0.00201818
1533027955188072 9.56853 0.022194 -0.513196 0.999507 -0.0287376 0.0113313 0.00567986
1533027955321200 9.76186 0.0238613 -0.518048 0.999467 -0.0298957 0.0114978 0.0062593
1533027955454535 9.95502 0.0354993 -0.519675 0.999393 -0.028196 0.0117082 0.0167937
1533027955554390 10.0951 0.0199811 -0.514272 0.999483 -0.0293721 0.00966164 -0.00883569
1533027955687655 10.2889 0.0267263 -0.50831 0.99956 -0.0280117 0.00943548 -0.00252029
1533027955787530 10.4326 0.0212527 -0.514595 0.999538 -0.0275762 0.010349 -0.00752729
1533027955920707 10.6179 0.0236762 -0.514736 0.999615 -0.02614 0.00868298 -0.00337503
1533027956053737 10.8005 0.0076259 -0.517753 0.99941 -0.0261275 0.00551328 -0.02161
1533027956153615 10.9414 0.0208458 -0.519376 0.999656 -0.0251898 0.00672026 -0.00296508
1533027956286919 11.1322 0.0179524 -0.522151 0.999672 -0.02464 0.00692558 -0.00121979
1533027956386721 11.2712 0.0174408 -0.523513 0.999715 -0.0229576 0.00645328 0.00107705
1533027956519920 11.4596 0.0088876 -0.522773 0.999699 -0.0221222 0.00608264 -0.00865889
1533027956653293 11.6483 0.01587 -0.52476 0.999765 -0.0204388 0.00711572 0.000973509
1533027956753078 11.7938 0.0198479 -0.525993 0.999769 -0.0202974 0.00693665 0.00130211
1533027956886267 11.9754 0.0264412 -0.526545 0.999777 -0.0192458 0.00700326 0.00509534
1533027957019523 12.1713 0.0272874 -0.528468 0.999736 -0.0211683 0.00854784 -0.00240509
1533027957119374 12.3061 0.0433218 -0.536434 0.999588 -0.0216907 0.0105996 0.0155442
1533027957252617 12.4883 0.0474768 -0.540952 0.999504 -0.024314 0.00991649 0.0173844
1533027957385727 12.6686 0.0555509 -0.547056 0.99954 -0.024159 0.0101762 0.0152666
1533027957485707 12.8111 0.0563585 -0.550343 0.999657 -0.0231747 0.00995058 0.00708283
1533027957618840 12.9863 0.0697359 -0.556268 0.999483 -0.0230447 0.00857766 0.020697
1533027957718602 13.1195 0.0837278 -0.562148 0.999233 -0.0224879 0.00914639 0.030729
1533027957851697 13.2994 0.0985552 -0.568558 0.998882 -0.0240152 0.011363 0.0391139
1533027957985005 13.4859 0.106981 -0.579436 0.9988 -0.0258885 0.0116444 0.0399061
1533027958084843 13.6151 0.122497 -0.589271 0.998156 -0.0267492 0.0112344 0.0533119
1533027958217932 13.8053 0.138251 -0.595812 0.998129 -0.026762 0.0116126 0.0537375
1533027958317847 13.9395 0.144162 -0.600601 0.998381 -0.0272827 0.0129751 0.0482004
1533027958451100 14.1225 0.152106 -0.604102 0.998909 -0.0265827 0.0116219 0.0366049
1533027958584179 14.3 0.173762 -0.610181 0.998485 -0.0287308 0.0109632 0.0456293
1533027958684162 14.4382 0.180213 -0.61388 0.998755 -0.0277264 0.00795967 0.0406932
1533027958817380 14.6102 0.188997 -0.608149 0.999125 -0.0301224 0.00567416 0.0284642
1533027958917336 14.7469 0.182966 -0.599781 0.999572 -0.0268408 0.00382091 0.0110236
1533027959050545 14.9251 0.178065 -0.599376 0.999663 -0.0256112 0.00361261 -0.00234356
1533027959183825 15.0996 0.169039 -0.598657 0.999612 -0.0224498 0.00314592 -0.0161569
1533027959283824 15.2341 0.157196 -0.599748 0.999333 -0.0230299 0.00350485 -0.0281063
1533027959417060 15.4139 0.133351 -0.601274 0.998663 -0.0221318 0.00293001 -0.0466316
1533027959550211 15.5818 0.120951 -0.602817 0.998562 -0.0228223 0.00330047 -0.0483919
1533027959650131 15.7132 0.109777 -0.603924 0.998589 -0.0231409 0.00216333 -0.0477551
1533027959783306 15.8911 0.08415 -0.606568 0.997784 -0.0234445 0.000879484 -0.0622633
1533027959883200 16.0276 0.0534465 -0.612472 0.996808 -0.0208021 0.00177405 -0.0770537
1533027960016307 16.2061 0.0305145 -0.616684 0.997012 -0.018439 0.00389983 -0.0749115
1533027960149381 16.3891 0.00443309 -0.618685 0.997455 -0.0160488 0.00405703 -0.0693465
1533027960249584 16.5229 -0.019269 -0.619051 0.996966 -0.0131971 0.00515922 -0.0765421
1533027960382402 16.7008 -0.0512968 -0.622978 0.996382 -0.0103081 0.00832898 -0.0839487
1533027960515529 16.8821 -0.0767335 -0.627105 0.996361 -0.00998296 0.00921214 -0.0841443
1533027960615409 17.0156 -0.094194 -0.628809 0.99676 -0.00824164 0.0086773 -0.0795395
1533027960748705 17.1885 -0.121073 -0.628924 0.996517 -0.00815356 0.00784396 -0.0826181
1533027960848743 17.3213 -0.1413 -0.625403 0.996462 -0.00688253 0.00753891 -0.0834268
1533027960981796 17.4971 -0.160896 -0.622403 0.997446 -0.00790856 0.00751582 -0.0705856
1533027961115079 17.6738 -0.179187 -0.619875 0.998252 -0.00926698 0.00763674 -0.0578612
1533027961214880 17.7959 -0.186242 -0.614658 0.998781 -0.00981149 0.00717357 -0.0478456
1533027961348040 17.9724 -0.209608 -0.613872 0.998701 -0.00993352 0.00730717 -0.0494424
1533027961447764 18.0924 -0.200271 -0.612331 0.999687 -0.0112002 0.00534142 -0.0217414
1533027961580927 18.2508 -0.18728 -0.611002 0.999873 -0.0120797 0.006003 0.00847494
1533027961714273 18.4131 -0.150193 -0.612801 0.998149 -0.0115915 0.00984218 0.0588855
1533027961814211 18.523 -0.117181 -0.617191 0.995676 -0.0109651 0.0105196 0.0916432
1533027961947504 18.6569 -0.0591626 -0.622155 0.989363 -0.0100912 0.0125214 0.144579
1533027962080634 18.763 0.0317823 -0.625937 0.974014 -0.00815966 0.013228 0.225955
1533027962180513 18.8402 0.0981389 -0.622327 0.960507 -0.00585117 0.0128688 0.277895
1533027962313866 18.9201 0.197713 -0.615468 0.937359 -0.0036211 0.0122922 0.348128
1533027962413766 18.9551 0.282972 -0.606974 0.9096 0.000345846 0.0123299 0.415303
1533027962546783 18.9772 0.401161 -0.589839 0.864476 0.0051559 0.00722089 0.502596
1533027962680068 18.9564 0.515776 -0.576611 0.803655 0.00969698 0.00460325 0.594999
1533027962779923 18.9494 0.592079 -0.5664 0.762625 0.0120147 0.00443665 0.646714
1533027962913101 18.8958 0.690628 -0.55079 0.69426 0.0151499 0.000868613 0.719564
1533027963046432 18.832 0.784775 -0.535934 0.615305 0.0138877 0.00121561 0.788166
1533027963146201 18.7654 0.834628 -0.521896 0.5503 0.0125909 0.0020384 0.834869
1533027963279525 18.6704 0.879064 -0.509281 0.461378 0.0136345 0.00206039 0.887096
1533027963379336 18.5983 0.898158 -0.498626 0.397477 0.0115712 0.00399627 0.91753
1533027963512475 18.4936 0.90864 -0.485697 0.302828 0.0116081 0.00454385 0.952964
1533027963645573 18.3883 0.911712 -0.481288 0.208461 0.00928848 0.00654372 0.977965
1533027963745597 18.3066 0.889977 -0.462377 0.139812 0.00776638 0.00645367 0.990127
1533027963878728 18.213 0.851903 -0.451492 0.0518721 0.00704131 0.00794725 0.998597
1533027963978510 18.1521 0.829702 -0.434852 -0.00146626 0.00505009 0.00856268 0.99995
1533027964111707 18.0557 0.774903 -0.420426 -0.0682422 0.00447441 0.00889451 0.997619
1533027964244805 17.9568 0.698626 -0.410212 -0.122728 0.00352606 0.00865702 0.992396
1533027964344645 17.8805 0.645397 -0.399372 -0.153085 0.00109276 0.00898531 0.988171
1533027964477887 17.7863 0.600091 -0.395445 -0.197194 -0.000295705 0.0112797 0.9803
1533027964611210 17.6879 0.536268 -0.383176 -0.216772 -0.000685664 0.0117901 0.976151
1533027964711117 17.5942 0.495881 -0.367281 -0.215004 -0.00162312 0.0120366 0.976538
1533027964844269 17.4706 0.442185 -0.358376 -0.220456 -0.000805778 0.0124536 0.975317
1533027964944193 17.3807 0.403998 -0.347671 -0.223876 0.00149753 0.0116339 0.974547
1533027965077237 17.2483 0.350714 -0.340771 -0.218197 0.00272847 0.0121739 0.975825
1533027965210739 17.1274 0.296198 -0.332431 -0.22288 0.00436683 0.0119605 0.974763
1533027965310897 17.0227 0.265189 -0.318397 -0.211715 0.00349211 0.0114554 0.977258
1533027965444275 16.8711 0.209988 -0.311362 -0.200762 0.00193184 0.0110328 0.979576
1533027965544278 16.762 0.175942 -0.299866 -0.190661 0.0025029 0.0113403 0.981587
1533027965677621 16.605 0.132238 -0.29412 -0.161356 0.00082662 0.0112874 0.986831
1533027965810820 16.4612 0.0943147 -0.296896 -0.158088 -9.0884e-05 0.0114803 0.987358
1533027965910595 16.3482 0.0802058 -0.295622 -0.137267 0.00140289 0.0117015 0.990464
1533027966043670 16.1947 0.0458592 -0.290849 -0.1356 0.00254661 0.0118087 0.99069
1533027966143584 16.075 0.0366832 -0.28907 -0.124117 0.00277192 0.0120724 0.99219
1533027966276964 15.9127 0.0110898 -0.284057 -0.113365 0.00115092 0.0123299 0.993476
1533027966410293 15.7674 -0.00522043 -0.275392 -0.104104 0.00189175 0.0122251 0.994489
1533027966510109 15.6365 -0.000824115 -0.269261 -0.0759864 0.000498014 0.0121816 0.997034
1533027966643309 15.4817 -0.0281567 -0.275104 -0.0735065 0.00125501 0.0122674 0.997218
1533027966743157 15.3603 -0.0343448 -0.278551 -0.0607248 0.00123417 0.0128174 0.998071
1533027966876273 15.1972 -0.0650166 -0.281409 -0.0710664 -0.000106166 0.0125998 0.997392
1533027967009424 15.0486 -0.0799765 -0.292167 -0.0557119 0.00104351 0.0117064 0.998378
1533027967109418 14.9287 -0.0910303 -0.292799 -0.0542954 0.00210269 0.0114076 0.998458
1533027967242605 14.7595 -0.0949651 -0.294613 -0.0328716 0.00230151 0.0101851 0.999405
1533027967342445 14.6349 -0.103887 -0.294012 -0.0335711 0.00347002 0.0101294 0.999379
1533027967475783 14.4718 -0.114107 -0.294842 -0.029683 0.00418104 0.00896555 0.99951
1533027967609115 14.3093 -0.119195 -0.299076 -0.0223701 0.00302329 0.00820427 0.999712
1533027967709026 14.1812 -0.128583 -0.302549 -0.020716 0.00305963 0.00767391 0.999751
1533027967842160 14.0151 -0.124977 -0.303674 -0.00640641 0.00231046 0.00847213 0.999941
1533027967942055 13.892 -0.123395 -0.305938 0.00118561 0.00155992 0.00931839 0.999955
1533027968075321 13.7258 -0.108446 -0.307575 0.0256866 0.00107915 0.0090085 0.999629
1533027968208452 13.5642 -0.0906481 -0.309445 0.042507 0.000359286 0.00911193 0.999055
1533027968308149 13.442 -0.074223 -0.311199 0.0554864 0.00223533 0.00798104 0.998425
1533027968441316 13.2816 -0.0637563 -0.310879 0.051777 0.00344641 0.00711526 0.998627
1533027968574540 13.1268 -0.0468617 -0.310068 0.0501225 0.00334537 0.00743659 0.99871
1533027968674417 13.01 -0.0366804 -0.311423 0.0414397 0.00304256 0.0102163 0.999084
1533027968807818 12.8498 -0.0219735 -0.313749 0.0387594 0.00230594 0.0105545 0.99919
1533027968941174 12.6833 -0.02259 -0.315864 0.020438 0.00185863 0.0102169 0.999737
1533027969040907 12.5646 -0.0243499 -0.320709 0.00857839 0.00273595 0.0085801 0.999923
1533027969174053 12.4022 -0.0291964 -0.320222 0.000713419 0.00166902 0.00740475 0.999971
1533027969273949 12.2784 -0.040247 -0.323985 -0.0118467 0.000829233 0.00695035 0.999905
1533027969406978 12.1107 -0.0477871 -0.322037 -0.0162022 0.00294639 0.00806997 0.999832
1533027969540238 11.9517 -0.0713975 -0.320968 -0.0380613 0.00399471 0.00853327 0.999231
1533027969640123 11.8236 -0.0669128 -0.3241 -0.0177945 0.00325403 0.00828283 0.999802
1533027969773288 11.6509 -0.0766448 -0.324472 -0.0174859 0.00204326 0.00895148 0.999805
1533027969906540 11.4829 -0.0771013 -0.323917 -0.00465763 0.00541817 0.00909788 0.999933
1533027970006341 11.3536 -0.093907 -0.326498 -0.0231268 0.00442789 0.00848193 0.999687
1533027970139479 11.1813 -0.100089 -0.327045 -0.0214197 0.00301538 0.00767279 0.999737
1533027970239353 11.0559 -0.104777 -0.332129 -0.0274106 0.00303591 0.00822823 0.999586
1533027970372599 10.8803 -0.108867 -0.328325 -0.0220638 0.0039983 0.00828115 0.999714
1533027970505818 10.699 -0.122186 -0.330086 -0.0325199 0.00290744 0.00788697 0.999436
1533027970605646 10.5641 -0.120639 -0.331978 -0.0236104 0.00332228 0.00851701 0.999679
1533027970738781 10.3963 -0.127316 -0.333471 -0.0241983 0.00373728 0.00862257 0.999663
1533027970838567 10.254 -0.12675 -0.33757 -0.0165397 0.00417846 0.00868276 0.999817
1533027970971794 10.0713 -0.136319 -0.336401 -0.0221385 0.00393059 0.00915507 0.999705
1533027971104813 9.89422 -0.145923 -0.338075 -0.0239751 0.00482083 0.00916872 0.999659
1533027971204882 9.76657 -0.142808 -0.336733 -0.0200125 0.00679683 0.0103809 0.999723
1533027971338075 9.57354 -0.138014 -0.336539 -0.00331496 0.00597084 0.0100182 0.999926
1533027971471159 9.38937 -0.14504 -0.339687 -0.0101479 0.00382303 0.00950561 0.999896
1533027971571013 9.25525 -0.143903 -0.343638 -0.00238122 0.00383217 0.00892719 0.99995
1533027971704463 9.07763 -0.147856 -0.345224 -0.00477481 0.00276712 0.00909065 0.999943
1533027971804380 8.93676 -0.144724 -0.350853 0.00296742 0.003491 0.00919358 0.999947
1533027971937551 8.76126 -0.152994 -0.353065 -0.00625915 0.00301886 0.00898791 0.999935
1533027972070732 8.57901 -0.15152 -0.354214 -0.000585484 0.00477714 0.00850725 0.999952
1533027972170698 8.44639 -0.150105 -0.357138 0.00218909 0.00440141 0.00788452 0.999957
1533027972303707 8.26281 -0.141552 -0.355491 0.0138336 0.00534795 0.00743543 0.999862
1533027972436830 8.0875 -0.144733 -0.354465 0.00322658 0.00749055 0.00768078 0.999937
1533027972536792 7.94508 -0.139859 -0.355658 0.00712813 0.00735884 0.00733829 0.999921
1533027972669788 7.77231 -0.139567 -0.354938 -0.00016412 0.00664732 0.00833744 0.999943
1533027972769719 7.62503 -0.129692 -0.357941 0.00686994 0.00352791 0.00971259 0.999923
1533027972902984 7.44313 -0.136253 -0.357737 -0.00199613 0.00453537 0.00859873 0.999951
1533027973036250 7.26533 -0.136503 -0.358034 0.00242012 0.00545582 0.00782167 0.999952
1533027973136278 7.13687 -0.133847 -0.358698 -0.00154964 0.00630923 0.00883783 0.99994
1533027973269562 6.95134 -0.125909 -0.356739 0.00546792 0.00800329 0.0100249 0.999903
1533027973402727 6.76981 -0.138113 -0.35663 -0.0135981 0.0080059 0.0101783 0.999824
1533027973502617 6.63617 -0.135894 -0.356727 -0.00596803 0.00759467 0.00821886 0.99992
1533027973635731 6.46714 -0.136345 -0.353898 -0.00632648 0.00788174 0.00798079 0.999917
1533027973735641 6.32421 -0.125745 -0.354102 0.00613814 0.00722167 0.00832565 0.99992
1533027973868969 6.14765 -0.127494 -0.353524 0.00146355 0.00517707 0.00852428 0.999949
1533027974002092 5.96527 -0.129017 -0.353832 -3.19272e-05 0.00439372 0.00881519 0.999951
1533027974101919 5.84223 -0.132026 -0.354814 -0.00839057 0.00341937 0.00908538 0.999918
1533027974235069 5.67167 -0.153066 -0.351948 -0.0311551 0.00426412 0.00728259 0.999479
1533027974334884 5.5546 -0.191056 -0.35255 -0.0730472 0.00476347 0.00710203 0.997292
1533027974467975 5.40737 -0.259531 -0.349202 -0.137957 0.00416041 0.00555359 0.990414
1533027974601265 5.26644 -0.328543 -0.348869 -0.19225 0.00468355 0.00601287 0.981316
1533027974701187 5.17922 -0.412329 -0.350397 -0.258811 0.00274411 0.00710857 0.965898
1533027974834442 5.06855 -0.527695 -0.349164 -0.335606 0.00338332 0.00847998 0.941958
1533027974967494 4.96819 -0.655997 -0.350059 -0.400344 0.00119831 0.0083005 0.916326
1533027975067328 4.92049 -0.757053 -0.344536 -0.451072 0.00120458 0.00984595 0.892433
1533027975200529 4.86037 -0.90817 -0.342906 0.510452 0.000122756 -0.00911007 -0.859858
1533027975300504 4.82224 -1.02387 -0.338373 0.554219 0.00181245 -0.00930232 -0.832317
1533027975433668 4.80508 -1.17267 -0.330915 0.604473 -0.000262028 -0.00994467 -0.796563
1533027975566891 4.78813 -1.33038 -0.320587 0.637439 -0.0015709 -0.0100326 -0.770434
1533027975666816 4.78593 -1.44905 -0.310902 0.664448 -0.00187856 -0.00953803 -0.747271
1533027975799919 4.79712 -1.6016 -0.304495 0.697016 -0.00103712 -0.0095883 -0.716991
1533027975933097 4.80497 -1.7583 -0.293385 0.706655 -0.000460896 -0.00986646 -0.70749
1533027976033063 4.83376 -1.86401 -0.287186 0.730655 0.000120369 -0.0112827 -0.682654
1533027976166254 4.86153 -2.02129 -0.285167 0.746038 -7.88605e-05 -0.0117402 -0.6658
1533027976266096 4.89171 -2.13211 -0.27593 0.765109 0.000535447 -0.013209 -0.643765
1533027976399437 4.93764 -2.27233 -0.275076 0.784715 0.000765292 -0.0136937 -0.619705
1533027976532810 4.97761 -2.42489 -0.278604 0.792206 0.00216719 -0.0120853 -0.61013
1533027976632542 5.02692 -2.52735 -0.27823 0.805643 0.00295043 -0.0109968 -0.592291
1533027976765643 5.08372 -2.67917 -0.278071 0.812451 0.00358984 -0.0104979 -0.582924
1533027976898782 5.1408 -2.8236 -0.277533 0.818964 0.00414692 -0.010071 -0.573742
1533027976998625 5.17368 -2.9284 -0.276369 0.814262 0.00450943 -0.00919126 -0.580407
1533027977131731 5.22319 -3.08655 -0.277051 0.809573 0.00470568 -0.00868395 -0.586936
1533027977265055 5.26324 -3.23785 -0.276055 0.80015 0.00609203 -0.00853528 -0.599708
1533027977364915 5.28079 -3.36188 -0.275366 0.779672 0.00427962 -0.00861635 -0.626114
1533027977498102 5.29508 -3.51404 -0.274824 0.755093 0.00442767 -0.00794927 -0.655555
1533027977597859 5.2796 -3.63405 -0.274105 0.715273 0.00319761 -0.00761687 -0.698797
1533027977731150 5.24938 -3.78675 -0.275134 0.672309 0.0028877 -0.00725187 -0.74023
1533027977864349 5.17685 -3.92663 -0.277014 0.604465 0.00166524 -0.00988093 -0.796569
1533027977964354 5.12073 -4.02175 -0.281946 0.558108 0.0021753 -0.00981172 -0.829708
1533027978097576 5.00643 -4.11846 -0.283664 -0.469311 -0.00333851 0.0111942 0.882956
1533027978230772 4.88821 -4.18309 -0.287956 -0.377186 -0.000351173 0.0125653 0.926052
1533027978330711 4.78008 -4.19714 -0.291577 -0.278389 0.00298331 0.0131906 0.960373
1533027978463654 4.64631 -4.19736 -0.29444 -0.156729 0.00382751 0.0137624 0.987538
1533027978563457 4.56044 -4.15482 -0.303111 -0.0595135 0.00697023 0.0117574 0.998134
1533027978696626 4.4525 -4.08783 -0.309315 0.0779295 0.0081565 0.0107912 0.996867
1533027978830066 4.37469 -4.00666 -0.317445 0.200717 0.00878409 0.00838533 0.979574
1533027978930058 4.33275 -3.92021 -0.324005 0.304842 0.00792085 0.00588797 0.952352
1533027979063309 4.30861 -3.81788 -0.328084 0.413649 0.0091638 0.00393388 0.910382
1533027979163197 4.30914 -3.7387 -0.333225 0.491361 0.00897271 0.00258506 0.870906
1533027979296460 4.32299 -3.6217 -0.340576 0.587387 0.00899833 0.000781535 0.809256
1533027979429410 4.34525 -3.51022 -0.346496 0.64458 0.00937984 0.00238782 0.764475
1533027979529209 4.35759 -3.42545 -0.356138 0.673743 0.0102485 0.00390549 0.738884
1533027979662433 4.38494 -3.30876 -0.358441 0.706346 0.0100815 0.00438188 0.707782
1533027979795647 4.39859 -3.20156 -0.344886 0.714964 0.0112444 0.00441301 0.699057
1533027979895669 4.42288 -3.09772 -0.347959 0.734004 0.0102908 0.00309006 0.67906
1533027980028703 4.4585 -2.95239 -0.362472 0.744946 0.00920381 0.00465987 0.667045
1533027980128542 4.45804 -2.84538 -0.363036 0.754817 0.00820907 0.00341065 0.655875
1533027980262071 4.49013 -2.69173 -0.369563 0.766014 0.00710066 0.00463944 0.642768
1533027980395603 4.51474 -2.5405 -0.369865 0.762941 0.00827756 0.00599112 0.646387
1533027980495564 4.53112 -2.42414 -0.367896 0.762407 0.0101474 0.00490392 0.647
1533027980628896 4.55183 -2.26515 -0.370021 0.757183 0.00970287 0.00407975 0.653118
1533027980762244 4.59476 -2.10187 -0.370983 0.769923 0.00969064 0.00242237 0.638059
1533027980862131 4.61639 -1.97725 -0.369176 0.7707 0.00961406 0.00195839 0.637122
1533027980995334 4.65018 -1.81773 -0.371897 0.772743 0.00830792 0.00294197 0.634658
1533027981095296 4.67585 -1.6888 -0.374331 0.771396 0.00771273 0.00273565 0.636303
1533027981228571 4.70917 -1.52855 -0.375553 0.772836 0.00658751 0.00236761 0.634568
1533027981361837 4.7536 -1.36007 -0.377904 0.777261 0.00546367 0.00327642 0.629146
1533027981461618 4.76954 -1.23755 -0.379031 0.767456 0.00659595 0.00298672 0.641061
1533027981594991 4.79552 -1.07624 -0.378829 0.763156 0.00753003 0.00257117 0.646165
1533027981728113 4.81178 -0.909271 -0.379072 0.753153 0.00688992 0.00357028 0.6578
1533027981827955 4.83028 -0.788499 -0.377257 0.751107 0.00894772 0.00289085 0.660113
1533027981961076 4.82333 -0.619216 -0.37597 0.72497 0.0083898 0.00413743 0.688717
1533027982060871 4.801 -0.498182 -0.373168 0.695679 0.00890303 0.00227125 0.718294
1533027982194049 4.75945 -0.341758 -0.36874 0.65799 0.00759136 0.000667943 0.752988
1533027982327209 4.69943 -0.19709 -0.36485 0.608372 0.00496324 0.000421629 0.793637
1533027982427187 4.64339 -0.0892272 -0.361356 0.569275 0.00604132 0.000604504 0.822125
1533027982560829 4.53997 0.0313332 -0.354628 0.496379 0.00541437 8.43872e-05 0.868089
1533027982693661 4.43159 0.119634 -0.349631 0.423511 0.00523945 0.000104818 0.905876
1533027982793659 4.3317 0.183506 -0.345041 0.367462 0.00595435 0.000920707 0.930019
1533027982926890 4.18519 0.237727 -0.336556 0.276118 0.00735622 0.000623682 0.961095
1533027983026692 4.07545 0.260181 -0.331963 0.207009 0.00792535 0.00153102 0.978306
1533027983159867 3.92805 0.289707 -0.325725 0.147931 0.00710986 0.00164056 0.988971
1533027983293113 3.77144 0.297992 -0.321597 0.0946688 0.00684929 0.00188688 0.995483
1533027983393054 3.65749 0.29528 -0.318671 0.0549647 0.00623223 0.00239485 0.998466
1533027983526051 3.49794 0.288843 -0.310706 0.0299341 0.00616359 0.00203351 0.999531
1533027983659229 3.343 0.284117 -0.310859 0.0105967 0.0054709 0.0025171 0.999926
1533027983759096 3.2239 0.278871 -0.307642 0.00287932 0.00479759 0.00303882 0.99998
1533027983892386 3.06038 0.262754 -0.305323 -0.0073846 0.00297987 0.00318829 0.999963
1533027983992302 2.94689 0.241946 -0.306932 -0.0232985 0.00440706 0.00296307 0.999714
1533027984125581 2.785 0.239176 -0.306412 -0.0145463 0.00578973 0.00346097 0.999871
1533027984258551 2.6201 0.234174 -0.303739 -0.0161349 0.00492556 0.00427298 0.999849
1533027984358422 2.48567 0.240356 -0.308698 -0.00221164 0.00484742 0.00463328 0.999975
1533027984491737 2.31699 0.228329 -0.308983 -0.0166058 0.00534936 0.0050991 0.999835
1533027984591668 2.1921 0.229732 -0.307249 -0.00614732 0.00674701 0.00373153 0.999951
1533027984724954 2.01948 0.234521 -0.306302 -0.00932905 0.00711865 0.00382809 0.999924
1533027984858001 1.84315 0.247264 -0.30624 0.00753153 0.00742973 0.00443341 0.999934
1533027984958019 1.71273 0.246022 -0.307692 0.00304916 0.00807208 0.00423525 0.999954
1533027985091065 1.53911 0.256453 -0.305046 0.0178534 0.00740707 0.00284136 0.999809
1533027985191006 1.41021 0.262489 -0.306094 0.0205044 0.00734127 0.00307137 0.999758
1533027985324137 1.23546 0.274769 -0.303113 0.0259175 0.00721671 0.00359298 0.999632
1533027985457214 1.06116 0.272038 -0.304031 0.0151057 0.00496547 0.00373829 0.999867
1533027985556990 0.932274 0.272918 -0.304927 0.0160491 0.00535143 0.00299569 0.999852
1533027985690250 0.770176 0.278443 -0.302684 0.0176208 0.00597164 0.00294956 0.999823
1533027985823279 0.596954 0.286701 -0.302024 0.024159 0.00707391 0.00229988 0.99968
1533027985923318 0.470383 0.28684 -0.303997 0.0214894 0.00666546 0.00177156 0.999745
1533027986056488 0.301896 0.281212 -0.301936 0.00866966 0.00606143 0.00100669 0.999944
1533027986189693 0.135201 0.291263 -0.30333 0.0119797 0.00518336 0.00193956 0.999913
1533027986289580 0.00833279 0.294 -0.30527 0.00994832 0.00556696 0.00272764 0.999931
1533027986422698 -0.163313 0.308691 -0.302108 0.0229964 0.00602116 0.0035057 0.999711
1533027986522583 -0.288142 0.307911 -0.300955 0.012798 0.00704373 0.00314236 0.999888
1533027986655865 -0.453768 0.328109 -0.29769 0.0275196 0.00767598 0.00348643 0.999586
1533027986789028 -0.624036 0.337697 -0.296746 0.0272053 0.00640167 0.00396043 0.999602
1533027986889014 -0.755118 0.352416 -0.297601 0.0346924 0.00615128 0.00414833 0.99937
1533027987022294 -0.923973 0.347167 -0.294864 0.0176023 0.00488031 0.0032744 0.999828
1533027987155377 -1.08745 0.356528 -0.29343 0.0234135 0.00447362 0.00342294 0.99971
1533027987255380 -1.21012 0.359219 -0.294166 0.0223143 0.00530109 0.00403491 0.999729
1533027987388492 -1.38302 0.376787 -0.290825 0.0375457 0.0052144 0.00484802 0.99927
1533027987521661 -1.55174 0.381633 -0.294336 0.0305468 0.00547802 0.00394594 0.999511
1533027987621515 -1.68068 0.393775 -0.296674 0.0350321 0.00710259 0.00411305 0.999352
1533027987754755 -1.83864 0.405226 -0.295188 0.0317937 0.00906199 0.00584306 0.999436
1533027987854590 -1.96897 0.41215 -0.297837 0.0350488 0.00745584 0.00478379 0.999346
1533027987987787 -2.1433 0.419596 -0.296998 0.0283554 0.00443346 0.00458449 0.999578
1533027988120916 -2.31488 0.423804 -0.298265 0.0244053 0.00349076 0.00331907 0.999691
1533027988220867 -2.43219 0.438952 -0.301282 0.034575 0.00468129 0.00373154 0.999384
1533027988353871 -2.60311 0.457377 -0.302871 0.036261 0.00123865 0.00448226 0.999332
1533027988486958 -2.78394 0.470753 -0.306527 0.034343 0.000861904 0.00457067 0.999399
1533027988586906 -2.91254 0.467296 -0.311192 0.0213652 0.00312211 0.00531749 0.999753
1533027988720188 -3.07434 0.478288 -0.30982 0.022431 0.00497318 0.00467514 0.999725
1533027988820188 -3.20335 0.480937 -0.31266 0.0216961 0.00473914 0.00412586 0.999745
1533027988953308 -3.37973 0.502785 -0.309822 0.0370072 0.00541567 0.00429018 0.999291
1533027989086537 -3.55773 0.514019 -0.31201 0.0351108 0.00592756 0.00418107 0.999357
1533027989186437 -3.68116 0.534292 -0.313857 0.0471219 0.00612792 0.00413703 0.998862
1533027989319831 -3.851 0.556418 -0.310521 0.0505089 0.00765288 0.00413611 0.998686
1533027989419561 -3.9799 0.578307 -0.313148 0.0621059 0.00653717 0.00466485 0.998037
1533027989552763 -4.14601 0.594609 -0.312944 0.0597239 0.00531794 0.00437431 0.998191
1533027989686102 -4.31132 0.628663 -0.309415 0.078546 0.00604506 0.00361169 0.996886
1533027989785866 -4.429 0.656883 -0.311237 0.0895536 0.00728996 0.00483197 0.995944
1533027989919055 -4.58879 0.700275 -0.308259 0.108452 0.00789991 0.00534197 0.994056
1533027990018987 -4.70792 0.718913 -0.313437 0.0954674 0.00655301 0.00530071 0.995397
1533027990152151 -4.87311 0.743299 -0.312925 0.0818424 0.0056178 0.00433564 0.99662
1533027990285420 -5.02746 0.750975 -0.313921 0.0539504 0.00315518 0.00439556 0.998529
1533027990385201 -5.13631 0.755857 -0.314478 0.034633 0.00355979 0.00492778 0.999382
1533027990518366 -5.28802 0.741357 -0.31285 -0.0053633 0.0026053 0.00444128 0.999972
1533027990651384 -5.41624 0.692477 -0.313968 -0.0761628 0.00287122 0.00265876 0.997088
1533027990751364 -5.49833 0.64944 -0.315941 -0.126937 0.00367251 0.00255283 0.991901
1533027990884521 -5.60145 0.575145 -0.311748 -0.208028 0.00490306 0.00225273 0.978108
1533027991017743 -5.67126 0.475028 -0.309895 -0.311014 0.00466404 0.00175791 0.950392
1533027991117540 -5.70518 0.396966 -0.307957 -0.391187 0.00398529 0.00449605 0.920291
1533027991250831 -5.71008 0.292112 -0.297213 -0.49468 0.00613447 0.00418696 0.869043
1533027991350867 -5.71193 0.225092 -0.285614 0.564794 -0.00438064 -0.00636865 -0.825196
1533027991484017 -5.66718 0.145014 -0.280512 0.664131 -0.00568646 -0.00802354 -0.747551
1533027991617118 -5.60628 0.0788757 -0.273333 0.755927 -0.00351279 -0.00948792 -0.654577
1533027991717032 -5.55086 0.0466798 -0.269642 0.820194 0.00113875 -0.00991971 -0.571998
1533027991850426 -5.46448 0.0324227 -0.263443 0.892798 0.00352847 -0.0114056 -0.450299
1533027991983616 -5.3898 0.0288567 -0.256126 0.941602 0.00817233 -0.00994127 -0.336481
1533027992083423 -5.32144 0.0403325 -0.251375 0.96537 0.010192 -0.00694885 -0.260591
1533027992216686 -5.23836 0.0698103 -0.235314 0.987816 0.0122004 -0.00766061 -0.154956
1533027992316460 -5.17455 0.0970253 -0.230847 0.995974 0.0117063 -0.00522331 -0.088726
1533027992449818 -5.1001 0.122026 -0.220193 0.99985 0.0131119 -0.00605555 -0.00960136
1533027992582852 -5.0134 0.157899 -0.206168 0.998204 0.0134024 -0.00390084 0.0582546
1533027992649415 -4.96991 0.175037 -0.194113 0.99657 0.0113957 -0.00142491 0.0819555
1533027992782619 -4.88194 0.211039 -0.198439 0.993185 0.0127423 0.000193917 0.115848
1533027992882457 -4.81175 0.243827 -0.186835 0.992865 0.0095912 0.000126899 0.118855
1533027993015537 -4.69876 0.276549 -0.180935 0.993317 0.00821309 0.000393322 0.115126
1533027993148831 -4.59452 0.319441 -0.187362 0.994184 0.00781795 0.000123425 0.107406
1533027993248653 -4.50937 0.333388 -0.186066 0.995106 0.00847877 -0.00233562 0.0984213
1533027993382038 -4.37931 0.356381 -0.189638 0.996042 0.00863656 -0.00247402 0.088428
1533027993515319 -4.25399 0.387525 -0.194929 0.995718 0.00751316 -0.00112437 0.0921345
1533027993615236 -4.1544 0.405037 -0.201275 0.996108 0.00763934 -0.000826986 0.0878021
1533027993748358 -4.01687 0.430106 -0.208044 0.996231 0.0087055 -0.000397586 0.0862974
1533027993848279 -3.91593 0.457626 -0.211665 0.996108 0.00791401 -0.00150046 0.087767
1533027993981398 -3.76803 0.480619 -0.215862 0.997071 0.00797661 -0.000297436 0.0760666
1533027994114383 -3.62593 0.500375 -0.214875 0.997281 0.00775547 -0.0017171 0.0732604
1533027994214367 -3.5232 0.514267 -0.213767 0.997498 0.00788316 -0.00466483 0.0701058
1533027994347581 -3.36809 0.541093 -0.213189 0.996987 0.00859823 -0.00362274 0.0770042
1533027994480746 -3.21266 0.576339 -0.2138 0.99617 0.00784619 -0.00120225 0.0870791
1533027994580541 -3.09285 0.595993 -0.21273 0.996643 0.00748044 -0.00247668 0.0814929
1533027994713753 -2.9514 0.625846 -0.212935 0.996377 0.00722447 -0.00246602 0.0847029
1533027994813743 -2.83458 0.640507 -0.21283 0.997105 0.00748778 -0.00290686 0.0756145
1533027994946956 -2.67381 0.669052 -0.212781 0.996844 0.00819247 -0.00253875 0.0789223
1533027995080166 -2.51501 0.690851 -0.215439 0.99665 0.00901732 -0.00303819 0.0812253
1533027995180192 -2.39074 0.711283 -0.21714 0.996575 0.00833474 -0.00334387 0.0822086
1533027995313820 -2.24097 0.734994 -0.217584 0.996763 0.00802525 -0.00348679 0.0799192
1533027995447183 -2.08463 0.752634 -0.216956 0.997755 0.0065799 -0.00631526 0.0663441
1533027995547124 -1.96815 0.773219 -0.215487 0.997402 0.00739421 -0.00906416 0.0710829
1533027995680312 -1.79572 0.786787 -0.214565 0.998507 0.00729828 -0.00663553 0.0537241
1533027995780292 -1.67791 0.803828 -0.216578 0.998599 0.00752691 -0.00433425 0.0521916
1533027995913512 -1.52572 0.808559 -0.21475 0.999325 0.00805191 -0.00493319 0.0355043
1533027996046718 -1.3585 0.820686 -0.215231 0.999443 0.00816912 -0.00188882 0.0322897
1533027996146680 -1.23392 0.809616 -0.217337 0.999895 0.0089463 -0.000660726 0.0113617
1533027996279964 -1.07074 0.795537 -0.216817 0.999853 0.00920558 -0.000953085 -0.0144679
1533027996379825 -0.960927 0.772884 -0.21888 0.999142 0.00901168 -0.00234047 -0.0403493
1533027996512786 -0.809874 0.740989 -0.216495 0.99778 0.0106003 -0.00486267 -0.0655734
1533027996646091 -0.646568 0.715817 -0.217354 0.997187 0.0105053 -0.00467361 -0.0740647
1533027996779157 -0.487914 0.68367 -0.21968 0.996099 0.00925354 -0.00370369 -0.087681
1533027996879155 -0.372515 0.658762 -0.222587 0.995289 0.0089712 -0.00524466 -0.0963912
1533027997012387 -0.229457 0.608219 -0.224898 0.991997 0.00866901 -0.00617204 -0.125815
1533027997112270 -0.111084 0.572965 -0.230407 0.990926 0.00863577 -0.00565822 -0.134014
1533027997245537 0.0482425 0.506318 -0.23191 0.986988 0.00924073 -0.00437158 -0.160469
1533027997378692 0.205843 0.470139 -0.234857 0.989511 0.00854001 -0.00321889 -0.144168
1533027997478535 0.321113 0.435709 -0.236184 0.989661 0.00764047 -0.00328674 -0.143185
1533027997611745 0.476041 0.399409 -0.236391 0.991982 0.00795068 -0.00378914 -0.126076
1533027997744887 0.635551 0.364518 -0.235126 0.993302 0.00886707 -0.00305085 -0.115162
1533027997844663 0.757793 0.337098 -0.229632 0.994364 0.00929741 -0.00456367 -0.105512
1533027997977980 0.916403 0.312763 -0.227531 0.995677 0.00832436 -0.00561607 -0.0923424
1533027998111217 1.07843 0.276865 -0.228475 0.99588 0.00951506 -0.00397547 -0.0900962
1533027998211047 1.20685 0.267115 -0.229165 0.997448 0.009755 -0.00407785 -0.070603
1533027998344148 1.38376 0.24932 -0.226264 0.998194 0.00993082 -0.00498608 -0.0590336
1533027998444077 1.51067 0.257155 -0.227502 0.999495 0.00852688 -0.00517365 -0.0301769
1533027998577309 1.67435 0.244341 -0.22543 0.999486 0.00823735 -0.00593527 -0.0304102
1533027998710495 1.85137 0.246637 -0.225715 0.999875 0.0082058 -0.00483573 -0.0126162
1533027998810521 1.98817 0.237938 -0.22606 0.9998 0.00830167 -0.00420485 -0.0176841
1533027998943831 2.16275 0.245387 -0.226075 0.999964 0.00760203 -0.00368194 -0.000442376
1533027999043575 2.28394 0.241896 -0.230817 0.999955 0.00801101 -0.00445212 -0.00247556
1533027999176699 2.45892 0.251544 -0.229904 0.999839 0.00842137 -0.00397692 0.015306
1533027999309960 2.63353 0.259127 -0.233545 0.999764 0.00776445 -0.0049692 0.0196807
1533027999443100 2.80315 0.268897 -0.234312 0.999614 0.00825953 -0.00595342 0.0258625
1533027999543001 2.93298 0.264542 -0.237583 0.999856 0.00899918 -0.00606339 0.01308
1533027999675992 3.10074 0.271052 -0.238803 0.99984 0.00891984 -0.00617125 0.0142091
1533027999775884 3.2217 0.279612 -0.240023 0.999832 0.00790774 -0.00902228 0.0138918
1533027999909073 3.39842 0.280389 -0.237329 0.999883 0.00913102 -0.00699716 0.0100492
1533028000042217 3.56459 0.281296 -0.236851 0.999938 0.00827905 -0.00728441 0.00175144
1533028000142261 3.68157 0.268607 -0.237218 0.999742 0.00857823 -0.00787122 -0.019522
1533028000275401 3.84927 0.249231 -0.233938 0.998941 0.00939776 -0.00825109 -0.0442776
1533028000408658 4.01607 0.192272 -0.234762 0.994835 0.0107811 -0.00672837 -0.100706
1533028000508402 4.12997 0.161845 -0.23703 0.992154 0.00962292 -0.00743897 -0.124429
1533028000641548 4.26608 0.0872991 -0.236095 0.983659 0.0102814 -0.00747133 -0.179593
1533028000774669 4.40598 0.00840028 -0.239634 0.97455 0.0109114 -0.0073887 -0.223781
1533028000874537 4.50083 -0.0754861 -0.246091 0.961197 0.0109009 -0.00777957 -0.275536
1533028001007848 4.61427 -0.177574 -0.245736 0.94811 0.0102279 -0.00837879 -0.317668
1533028001107898 4.69096 -0.2801 -0.251266 0.929675 0.00837486 -0.00857155 -0.368185
1533028001241005 4.77852 -0.409539 -0.253905 0.908676 0.00784076 -0.0092392 -0.417327
1533028001374270 4.8325 -0.56485 -0.261249 0.875031 0.00825374 -0.00965643 -0.4839
1533028001474166 4.88458 -0.671765 -0.270114 0.863406 0.00637592 -0.00972981 -0.504376
1533028001607287 4.92703 -0.827381 -0.278509 0.834444 0.00699397 -0.00980778 -0.550961
1533028001707178 4.96185 -0.935551 -0.284784 0.820139 0.0062968 -0.00996526 -0.572043
1533028001840289 4.98118 -1.09676 -0.287172 0.789166 0.00622105 -0.00990556 -0.614068
1533028001973554 4.99972 -1.25068 -0.294017 0.765504 0.00565913 -0.00904826 -0.643342
1533028002073604 4.99997 -1.3689 -0.30212 0.741582 0.0032665 -0.00875088 -0.670797
1533028002206657 5.00526 -1.52506 -0.303782 0.72923 0.00193468 -0.00919454 -0.684204
1533028002306617 4.99585 -1.64977 -0.308866 0.713311 0.00107601 -0.010499 -0.700768
1533028002439793 4.99316 -1.80903 -0.309088 0.70619 0.00191026 -0.0107265 -0.707939
1533028002539737 4.98417 -1.92472 -0.310931 0.693962 0.00152751 -0.0101977 -0.719938
1533028002672932 4.96187 -2.07742 -0.308501 0.680216 0.000889157 -0.0113164 -0.732924
1533028002806190 4.93787 -2.24209 -0.30752 0.669876 0.0017524 -0.0124533 -0.742367
1533028002939411 4.90765 -2.4046 -0.306058 0.660342 0.00336157 -0.0116702 -0.750867
1533028003039140 4.89899 -2.52169 -0.304705 0.661981 0.00279526 -0.0105885 -0.74944
1533028003172441 4.87282 -2.67096 -0.305007 0.654068 0.00302705 -0.00998854 -0.756364
1533028003272334 4.85891 -2.78633 -0.308339 0.656876 0.0041053 -0.00942167 -0.753929
1533028003405388 4.82349 -2.94258 -0.309242 0.645051 0.004932 -0.00957494 -0.764063
1533028003538390 4.79894 -3.09753 -0.309067 0.648097 0.00539718 -0.0098168 -0.761476
1533028003638306 4.77563 -3.20996 -0.309497 0.642152 0.00449743 -0.00989774 -0.7665
1533028003771627 4.74934 -3.36033 -0.307387 0.641223 0.00275334 -0.010148 -0.767283
1533028003904866 4.7237 -3.51074 -0.303518 0.641757 0.000508786 -0.0102 -0.76684
1533028004004684 4.69926 -3.63076 -0.305848 0.63912 0.00238986 -0.00975622 -0.769041
1533028004137801 4.68923 -3.77336 -0.304535 0.659134 0.00314174 -0.00939733 -0.751961
1533028004237666 4.68873 -3.87626 -0.305411 0.671718 0.00305248 -0.00852186 -0.740751
1533028004371106 4.70456 -4.00752 -0.303687 0.7059 0.00256015 -0.00852582 -0.708255
1533028004470918 4.73839 -4.09189 -0.304161 0.745005 0.00172864 -0.00896906 -0.666996
1533028004604004 4.79859 -4.19959 -0.301014 0.797894 0.000677842 -0.00961293 -0.602721
1533028004737030 4.8791 -4.26939 -0.297791 0.856377 0.000634784 -0.0116188 -0.516221
1533028004837030 4.94813 -4.29372 -0.296081 0.896722 0.00248221 -0.0118911 -0.442427
1533028004970301 5.05055 -4.30622 -0.290381 0.944945 0.00320698 -0.0127419 -0.326965
1533028005103448 5.14642 -4.28298 -0.286957 0.981612 0.00662647 -0.0136599 -0.190281
1533028005203198 5.21087 -4.2502 -0.28174 0.996679 0.011093 -0.00928451 -0.0801321
1533028005336498 5.27483 -4.18048 -0.274398 0.997686 0.0152107 -0.00936458 0.0656075
1533028005469529 5.32087 -4.10424 -0.269451 0.980196 0.0190666 -0.00469345 0.197056
1533028005569443 5.34869 -4.03664 -0.264988 0.955756 0.0184755 -9.91294e-05 0.29358
1533028005702724 5.36926 -3.94391 -0.261215 0.913074 0.0204709 0.00298812 0.407268
1533028005836020 5.37419 -3.84473 -0.259745 0.863392 0.0191144 0.00640794 0.504131
1533028005935922 5.36437 -3.76893 -0.255531 0.827413 0.0151025 0.00788132 0.561335
1533028006069095 5.35387 -3.68181 -0.246788 0.78169 0.0151132 0.00772277 0.623436
1533028006169145 5.34534 -3.60496 -0.240727 0.755301 0.0125196 0.00763278 0.655214
1533028006302188 5.32527 -3.49315 -0.238264 0.715125 0.0115425 0.00942573 0.698838
1533028006435309 5.30487 -3.37816 -0.225423 0.688679 0.010543 0.0100907 0.72492
1533028006535251 5.26933 -3.27952 -0.210514 0.677205 0.00889752 0.00887835 0.735687
1533028006668457 5.23945 -3.15732 -0.21359 0.664746 0.00929174 0.00808571 0.746968
1533028006768369 5.22561 -3.06591 -0.20971 0.656317 0.00848571 0.00679879 0.754407
1533028006901574 5.19173 -2.9262 -0.209364 0.649891 0.00782553 0.00477052 0.759972
1533028007001418 5.16476 -2.81914 -0.202239 0.641673 0.00731229 0.00451666 0.76693
1533028007134508 5.13811 -2.67959 -0.195002 0.639685 0.00550116 0.00455528 0.768604
1533028007267614 5.13024 -2.53168 -0.1895 0.657665 0.00412562 0.00475466 0.753284
1533028007400774 5.10964 -2.40258 -0.19075 0.664 0.0041428 0.00416475 0.74771
1533028007500731 5.10358 -2.29351 -0.191122 0.675371 0.00450675 0.00270737 0.73746
1533028007633968 5.09871 -2.13831 -0.19318 0.682818 0.00395535 0.00404217 0.730566
1533028007733840 5.09206 -2.03103 -0.202623 0.68894 0.00517822 0.00326683 0.724793
1533028007867146 5.09493 -1.87845 -0.208564 0.703826 0.00439198 0.00372237 0.710349
1533028008000342 5.09963 -1.74149 -0.213584 0.713298 0.00352293 0.00463437 0.700837
1533028008100302 5.11691 -1.6275 -0.217591 0.730718 0.00393256 0.00414416 0.682655
1533028008233484 5.13945 -1.47356 -0.218938 0.746024 0.00309646 0.0049612 0.665893
1533028008366762 5.19016 -1.31936 -0.221207 0.777803 0.00252037 0.00441309 0.628487
1533028008466637 5.22638 -1.20797 -0.224991 0.792956 0.00234129 0.00178091 0.609272
1533028008599654 5.29325 -1.08154 -0.226074 0.818221 0.00294727 0.0020891 0.574892
1533028008699578 5.35765 -0.977888 -0.229081 0.836101 0.00390171 0.000577708 0.548561
1533028008832756 5.43927 -0.841872 -0.226664 0.855339 0.00360634 -0.00129655 0.518055
1533028008966055 5.54076 -0.71681 -0.22706 0.877449 0.00484673 -0.00171285 0.479642
1533028009065878 5.61282 -0.633669 -0.227935 0.888718 0.00596593 -0.00557557 0.458381
1533028009199033 5.74164 -0.537544 -0.225467 0.91386 0.00768372 -0.00486253 0.405928
1533028009332044 5.87684 -0.443001 -0.225414 0.935553 0.00719876 -0.00141902 0.353111
1533028009432050 5.98692 -0.394997 -0.230928 0.950617 0.00808175 -0.00186053 0.310256
1533028009565354 6.1287 -0.325942 -0.233433 0.962298 0.00813242 -0.000500607 0.271874
1533028009665133 6.24108 -0.296891 -0.240048 0.972104 0.00836513 -0.00194694 0.234392
1533028009798488 6.38693 -0.250056 -0.2413 0.978438 0.00930143 -0.0029392 0.20631
1533028009931794 6.54719 -0.238477 -0.240625 0.989107 0.0099427 -0.00445081 0.146795
1533028010031618 6.65663 -0.212177 -0.245216 0.991837 0.00765819 -0.00585757 0.12715
1533028010164784 6.81511 -0.199355 -0.244619 0.995867 0.00644384 -0.00406251 0.0905017
1533028010297987 6.9689 -0.177458 -0.246871 0.996422 0.00564278 -0.00225938 0.0842984
1533028010397953 7.09438 -0.172817 -0.250687 0.997505 0.0057774 -0.00242486 0.0703187
1533028010531149 7.24439 -0.160453 -0.25351 0.997899 0.0061367 -0.000144931 0.0645023
1533028010630919 7.35548 -0.158573 -0.259411 0.998715 0.00626322 0.00010078 0.0502906
1533028010764070 7.51698 -0.14599 -0.261621 0.9989 0.00584727 0.00043054 0.046514
1533028010897399 7.67684 -0.13629 -0.261087 0.999181 0.00465052 -0.000346947 0.0401968
1533028010997412 7.79738 -0.129168 -0.261754 0.999246 0.00464559 -0.0014576 0.0385264
1533028011130530 7.94482 -0.119902 -0.260518 0.999348 0.00475306 -0.00363225 0.035598
1533028011230471 8.05667 -0.118112 -0.263456 0.999532 0.00638542 -0.00324752 0.029752
1533028011363502 8.21784 -0.109132 -0.262454 0.999617 0.00667338 -0.00302467 0.026694
1533028011496534 8.37242 -0.119562 -0.262481 0.999968 0.00692777 -0.00391259 -0.000522857
1533028011596532 8.48882 -0.122177 -0.266266 0.999902 0.00526305 -0.00330274 -0.0125482
1533028011729792 8.63427 -0.152375 -0.265989 0.998885 0.0063845 -0.00229161 -0.0467233
1533028011829594 8.7451 -0.163964 -0.269888 0.998651 0.00680754 -0.00313755 -0.0513793
1533028011962842 8.87356 -0.169216 -0.270535 0.999242 0.00678599 -0.00260965 -0.0382441
1533028012096115 8.99606 -0.180073 -0.273238 0.999329 0.00746584 -0.00268403 -0.0357646
1533028012196115 9.06715 -0.17412 -0.276121 0.999748 0.00711796 -0.00450173 -0.0208156
1533028012329162 9.15492 -0.170324 -0.275463 0.999913 0.00622313 -0.00433605 -0.0107612
1533028012462294 9.24065 -0.163363 -0.277172 0.999966 0.00554131 -0.00548584 0.00258978
1533028012562274 9.30004 -0.14764 -0.278931 0.999732 0.00537885 -0.00593511 0.0217041
1533028012695475 9.37811 -0.129736 -0.276779 0.998961 0.00542215 -0.00741975 0.0446295
1533028012828642 9.45877 -0.113879 -0.274206 0.998342 0.00585733 -0.00912411 0.0565375
1533028012928650 9.54744 -0.112339 -0.274647 0.998952 0.00667412 -0.00896042 0.0443929
1533028013061725 9.66219 -0.110962 -0.267413 0.999508 0.00663198 -0.00953289 0.0291363
1533028013161604 9.74784 -0.11028 -0.268492 0.999646 0.0059513 -0.00899409 0.0243205
1533028013294813 9.88472 -0.115087 -0.266555 0.999855 0.00591363 -0.00891083 0.0132321
1533028013394686 9.98663 -0.115724 -0.266719 0.999903 0.00540995 -0.00761051 0.0103332
1533028013527969 10.124 -0.109208 -0.265792 0.999881 0.00546332 -0.00625612 0.012991
1533028013661201 10.2732 -0.120529 -0.265275 0.99995 0.00625974 -0.00530569 -0.0057255
1533028013761016 10.378 -0.117388 -0.266509 0.999965 0.00578698 -0.00519064 -0.0029409
1533028013894270 10.5196 -0.127892 -0.266617 0.999845 0.00588801 -0.00531959 -0.0157195
1533028013994079 10.6358 -0.132541 -0.269328 0.999818 0.00644724 -0.00685109 -0.0165871
1533028014127185 10.7858 -0.130947 -0.268614 0.999892 0.00662199 -0.00787385 -0.0104578
1533028014260345 10.9436 -0.13845 -0.268754 0.99984 0.00744352 -0.00755306 -0.014418
1533028014360194 11.0515 -0.132065 -0.27096 0.999934 0.00729434 -0.00808101 -0.00361418
1533028014493357 11.1994 -0.138865 -0.268826 0.999892 0.00747828 -0.00880088 -0.00905945
1533028014626566 11.357 -0.144495 -0.266448 0.999902 0.00903583 -0.00947991 -0.00504336
1533028014726356 11.4792 -0.149243 -0.267868 0.999891 0.00926348 -0.00789017 -0.00835193
1533028014859743 11.6488 -0.157453 -0.265462 0.999852 0.00953026 -0.00678282 -0.0125914
1533028014992875 11.7929 -0.156609 -0.26544 0.999898 0.00873272 -0.0071769 -0.00870399
1533028015092752 11.9088 -0.162765 -0.268244 0.999856 0.00868716 -0.00692399 -0.0128043
1533028015225957 12.0689 -0.154784 -0.267748 0.999956 0.0078873 -0.00507652 0.000135761
1533028015359171 12.2306 -0.159913 -0.268022 0.999946 0.00756997 -0.00431619 -0.00570959
1533028015459198 12.3487 -0.153016 -0.270106 0.999957 0.00662341 -0.00439537 0.00482375
1533028015592350 12.4912 -0.157115 -0.27143 0.999971 0.00537867 -0.004513 -0.00304923
1533028015692184 12.6098 -0.159725 -0.274432 0.999967 0.00641946 -0.00487874 -0.000515604
1533028015825356 12.7638 -0.153888 -0.26887 0.999918 0.00677788 -0.00647652 0.00869983
1533028015958603 12.9282 -0.152092 -0.266246 0.999868 0.00782886 -0.00777742 0.0119096
1533028016058451 13.0407 -0.144638 -0.266942 0.999694 0.00772539 -0.00816013 0.0220484
1533028016191674 13.1937 -0.146057 -0.265407 0.999873 0.00741366 -0.00659556 0.0124529
1533028016291509 13.318 -0.13595 -0.2679 0.999765 0.0066463 -0.00583551 0.0197976
1533028016424780 13.4804 -0.131588 -0.265063 0.999822 0.00595698 -0.00608651 0.016855
1533028016558022 13.6492 -0.125328 -0.264467 0.999787 0.00583484 -0.00612698 0.0188395
1533028016657799 13.76 -0.122169 -0.265898 0.99979 0.00590153 -0.00553704 0.0188016
1533028016791162 13.9236 -0.118898 -0.26506 0.999818 0.00592418 -0.00450385 0.0175934
1533028016890803 14.0464 -0.111562 -0.267034 0.999718 0.00610319 -0.00437999 0.0225301
1533028017023999 14.2125 -0.112742 -0.265156 0.999879 0.00616946 -0.00462241 0.0134858
1533028017157239 14.3742 -0.110159 -0.265535 0.999883 0.00646446 -0.00591015 0.0125557
1533028017290485 14.5344 -0.120398 -0.266182 0.999929 0.00541072 -0.004992 -0.00934359
1533028017390375 14.6569 -0.105452 -0.264976 0.99996 0.00517816 -0.00590608 0.00418992
1533028017523445 14.8246 -0.108242 -0.260725 0.999956 0.00653765 -0.00525791 -0.00409235
1533028017623222 14.9509 -0.104355 -0.263879 0.999964 0.00710848 -0.00358825 0.00300224
1533028017756456 15.106 -0.107887 -0.261941 0.999958 0.0065656 -0.00331227 -0.00551387
1533028017889647 15.2748 -0.117386 -0.262622 0.999857 0.00718737 -0.00178686 -0.015216
1533028017989609 15.4 -0.122163 -0.265143 0.999787 0.00656916 -0.00216656 -0.0194555
1533028018122830 15.5631 -0.137241 -0.262041 0.999534 0.00668731 -0.00338641 -0.0295849
1533028018255875 15.7276 -0.141276 -0.262239 0.99961 0.00508392 -0.00382149 -0.0271828
1533028018355968 15.8463 -0.154057 -0.264814 0.999352 0.0039364 -0.00436931 -0.0355024
1533028018489158 16.0104 -0.158266 -0.261924 0.999601 0.00400664 -0.00554756 -0.0273922
1533028018622262 16.1779 -0.181176 -0.262026 0.999118 0.00486714 -0.00476539 -0.0414426
1533028018722103 16.3034 -0.190771 -0.263017 0.999181 0.00492003 -0.00417554 -0.0399478
1533028018855301 16.4586 -0.220583 -0.261245 0.998181 0.00527644 -0.00402297 -0.0599214
1533028018955093 16.5802 -0.232821 -0.26316 0.998493 0.00556582 -0.00282243 -0.0545292
1533028019088374 16.7495 -0.259978 -0.261803 0.997955 0.00571876 -0.00219461 -0.0636285
1533028019221624 16.9142 -0.280908 -0.263303 0.998034 0.00616741 -0.000951062 -0.0623638
1533028019321595 17.0268 -0.306089 -0.267196 0.996801 0.00639642 -0.002662 -0.0796268
1533028019454764 17.1788 -0.348554 -0.266831 0.994553 0.00672136 -0.00419972 -0.103933
1533028019554612 17.3019 -0.385272 -0.268858 0.992359 0.00605754 -0.00385169 -0.123175
1533028019687705 17.4558 -0.444278 -0.267026 0.988104 0.00592657 -0.00356637 -0.153629
1533028019820871 17.6072 -0.487719 -0.266751 0.987643 0.00393889 -0.00610339 -0.156549
1533028019920846 17.7137 -0.533758 -0.269753 0.984858 0.00383657 -0.00477589 -0.173257
1533028020053983 17.8624 -0.58829 -0.2688 0.984462 0.00406044 -0.00554004 -0.175464
1533028020154049 17.972 -0.634369 -0.27101 0.983008 0.00443498 -0.00683869 -0.183383
1533028020287219 18.1092 -0.673921 -0.269856 0.986735 0.00436852 -0.00897381 -0.162035
1533028020420384 18.2434 -0.695519 -0.271553 0.99161 0.00225809 -0.00693686 -0.129057
1533028020520313 18.3413 -0.708171 -0.271609 0.994901 0.00262933 -0.00677972 -0.10059
1533028020653555 18.4651 -0.690728 -0.269776 0.999366 0.00208612 -0.00503582 -0.0351737
1533028020753456 18.5567 -0.665434 -0.267573 0.999765 0.00326747 -0.00348173 0.0211587
1533028020886510 18.6545 -0.613138 -0.260913 0.99432 0.00322673 -0.00461069 0.106282
1533028021019683 18.7205 -0.537476 -0.25847 0.979609 0.00360483 -0.00450961 0.20083
1533028021152892 18.7622 -0.461072 -0.255467 0.954005 0.00465308 -0.00553791 0.299702
1533028021252724 18.7819 -0.392162 -0.249629 0.925 0.00677369 -0.00424143 0.379884
1533028021385928 18.7859 -0.298702 -0.240713 0.875775 0.00744445 -0.00495817 0.482637
1533028021485993 18.7666 -0.234479 -0.233266 0.826703 0.00905326 -0.00223329 0.562562
1533028021619103 18.7172 -0.160326 -0.225653 0.747001 0.0111035 -0.00258829 0.664725
1533028021752369 18.6566 -0.105779 -0.216549 0.660058 0.0126412 0.000829983 0.751108
1533028021852300 18.6107 -0.0671565 -0.209806 0.589788 0.0122945 0.00537297 0.807446
1533028021985528 18.5268 -0.0285535 -0.203105 0.494316 0.0136314 0.00674122 0.86915
1533028022118557 18.4444 0.00234304 -0.195099 0.404034 0.0113084 0.00976097 0.914622
1533028022218413 18.3712 0.0167778 -0.185379 0.340234 0.00774671 0.0106193 0.940249
1533028022351560 18.2824 0.0190305 -0.179469 0.255199 0.00779088 0.0123264 0.966778
1533028022451402 18.2137 0.00973959 -0.167139 0.195195 0.0052374 0.0124206 0.980672
1533028022584555 18.1076 -0.0100462 -0.165553 0.115723 0.0040296 0.0129398 0.993189
1533028022717898 18.006 -0.0258934 -0.159371 0.0515999 0.00201482 0.0128089 0.998584
1533028022817665 17.9209 -0.0367799 -0.156086 0.0267977 0.00076824 0.0108516 0.999582
1533028022950991 17.8033 -0.0652582 -0.146968 0.00241586 -0.000227391 0.00980813 0.999949
1533028023084091 17.6817 -0.0727387 -0.14232 -0.00322846 -0.00113116 0.00920927 0.999952
1533028023183912 17.5838 -0.0824672 -0.1356 -0.00973357 -0.00063971 0.00928351 0.999909
1533028023317167 17.4395 -0.088266 -0.136975 -0.0112802 -0.000943066 0.00916241 0.999894
1533028023416941 17.3371 -0.0988378 -0.135245 -0.0281823 0.000213626 0.0102992 0.99955
1533028023550089 17.2061 -0.114296 -0.148368 -0.0407385 0.00214202 0.0105674 0.999112
1533028023683385 17.0624 -0.113074 -0.15858 -0.0311741 0.00372354 0.00883959 0.999468
1533028023783341 16.9629 -0.127956 -0.16077 -0.0376901 0.00379199 0.00820318 0.999249
1533028023916632 16.8136 -0.136357 -0.164061 -0.0356011 0.00392579 0.00752757 0.99933
1533028024016479 16.7016 -0.151483 -0.164364 -0.0449042 0.00517026 0.00806431 0.998945
1533028024149746 16.5587 -0.172456 -0.16625 -0.0599826 0.00472801 0.00792108 0.998157
1533028024282815 16.4048 -0.18218 -0.166305 -0.0541011 0.00392173 0.00672347 0.998505
1533028024382804 16.3015 -0.195266 -0.163792 -0.0584597 0.00423602 0.00664671 0.998259
1533028024515877 16.1488 -0.206309 -0.159685 -0.0507347 0.00507804 0.00606285 0.998681
1533028024648967 15.9954 -0.215479 -0.158146 -0.0526813 0.00558057 0.00712443 0.99857
1533028024748958 15.8773 -0.226487 -0.157504 -0.05482 0.0055084 0.00716914 0.998455
1533028024882076 15.7174 -0.230638 -0.157304 -0.0402629 0.00391197 0.00728587 0.999155
1533028024982103 15.6115 -0.240957 -0.155624 -0.0448556 0.00398823 0.00752511 0.998957
1533028025115202 15.4501 -0.246539 -0.152653 -0.033729 0.00349104 0.0076685 0.999395
1533028025248803 15.2924 -0.257566 -0.150906 -0.037944 0.00303629 0.00910519 0.999234
1533028025348985 15.1645 -0.252802 -0.149417 -0.021459 0.00306398 0.00907657 0.999724
1533028025482502 15.0101 -0.255585 -0.150222 -0.0148766 0.00371472 0.00871467 0.999844
1533028025582469 14.901 -0.259054 -0.149226 -0.0119701 0.00472678 0.00736504 0.99989
1533028025715731 14.735 -0.267776 -0.146966 -0.0158886 0.00489289 0.00689238 0.999838
1533028025849155 14.5796 -0.281215 -0.145111 -0.0270842 0.0068564 0.00730679 0.999583
1533028025949201 14.4517 -0.280298 -0.146036 -0.0160899 0.00635757 0.00630178 0.99983
1533028026082373 14.3018 -0.289045 -0.146339 -0.0202446 0.00444929 0.00606887 0.999767
1533028026215549 14.1449 -0.289539 -0.146227 -0.0126299 0.00381253 0.00698939 0.999889
1533028026315502 14.0261 -0.297952 -0.147365 -0.019678 0.00487305 0.00770142 0.999765
1533028026448842 13.8715 -0.298018 -0.147043 -0.0148239 0.00501899 0.00839545 0.999842
1533028026581956 13.7104 -0.297817 -0.148412 -0.0122459 0.00415905 0.00962958 0.99987
1533028026681764 13.603 -0.30489 -0.150007 -0.0129456 0.00515456 0.00804342 0.999871
1533028026815001 13.4402 -0.306071 -0.147902 -0.00864146 0.00444774 0.00778845 0.999922
1533028026914844 13.3226 -0.309773 -0.148574 -0.0103658 0.0050899 0.007661 0.999904
1533028027047943 13.1625 -0.300236 -0.145831 0.00636687 0.00522325 0.00713192 0.999941
1533028027181048 13.0121 -0.291723 -0.146333 0.00937169 0.00524684 0.00830577 0.999908
1533028027281041 12.893 -0.280856 -0.147589 0.0160617 0.00571847 0.00939186 0.999811
1533028027414255 12.7262 -0.283441 -0.14727 0.0093202 0.00516718 0.00933561 0.9999
1533028027514104 12.6085 -0.278843 -0.149593 0.0134315 0.00469623 0.0081039 0.999866
1533028027647459 12.4453 -0.272312 -0.149657 0.0191615 0.00354928 0.00768452 0.999781
1533028027780628 12.291 -0.267476 -0.151178 0.0240977 0.00362404 0.00619168 0.999684
1533028027880458 12.1656 -0.259344 -0.150993 0.0281326 0.00463592 0.00597135 0.999576
1533028028013662 12.002 -0.257382 -0.146676 0.0182154 0.00655209 0.00730138 0.999786
1533028028113592 11.8773 -0.24783 -0.146065 0.0221095 0.00611742 0.00804936 0.999704
1533028028246744 11.7162 -0.248018 -0.145101 0.0137992 0.00519651 0.00817454 0.999858
1533028028379874 11.5549 -0.243891 -0.144673 0.015674 0.00471464 0.00711474 0.999841
1533028028479825 11.4294 -0.249607 -0.146349 0.00399771 0.00527143 0.00682045 0.999955
1533028028613019 11.2664 -0.24395 -0.14657 0.00706585 0.00435791 0.00646072 0.999945
1533028028746378 11.0927 -0.233872 -0.14797 0.0135807 0.00353834 0.00566015 0.999885
1533028028846200 10.9787 -0.22958 -0.152219 0.0154142 0.00407373 0.00514276 0.99986
1533028028979259 10.8161 -0.227681 -0.152706 0.0106405 0.00420129 0.00533413 0.99992
1533028029112586 10.6422 -0.230931 -0.153208 0.00255988 0.00399587 0.00505294 0.999976
1533028029212432 10.5156 -0.215596 -0.157297 0.0156986 0.00342184 0.00608621 0.999852
1533028029345676 10.3604 -0.210462 -0.156943 0.0158087 0.00409503 0.00662291 0.999845
1533028029445432 10.2374 -0.203779 -0.161492 0.0204781 0.00443726 0.00634149 0.99976
1533028029578539 10.0667 -0.201256 -0.161807 0.0141228 0.00465925 0.00677583 0.999866
1533028029711746 9.89681 -0.185702 -0.162546 0.0218808 0.00600495 0.00700979 0.999718
1533028029811590 9.779 -0.184115 -0.163795 0.0146177 0.00751438 0.00691699 0.999841
1533028029944893 9.60968 -0.176189 -0.160037 0.0179488 0.00770109 0.00709578 0.999784
1533028030078161 9.43562 -0.177653 -0.160164 0.00804928 0.0059769 0.00695055 0.999926
1533028030177911 9.30307 -0.167682 -0.162783 0.0165371 0.00558366 0.00685466 0.999824
1533028030311118 9.13466 -0.160907 -0.161578 0.0191281 0.00432229 0.00699864 0.999783
1533028030411080 9.012 -0.158114 -0.163754 0.0211788 0.00373269 0.0063593 0.999749
1533028030544464 8.8427 -0.159607 -0.162545 0.0130193 0.00407216 0.00632135 0.999887
1533028030677502 8.66753 -0.16582 -0.164713 0.00484958 0.0042287 0.00604685 0.999961
1533028030777324 8.54424 -0.164637 -0.168437 0.0083181 0.00454132 0.00568226 0.999939
1533028030910558 8.37717 -0.166037 -0.167154 0.00523573 0.00494131 0.00526866 0.99996
1533028031010397 8.25054 -0.163034 -0.169019 0.00539156 0.00580943 0.0043445 0.999959
1533028031143602 8.0782 -0.172847 -0.167227 -0.0070225 0.00709754 0.00448148 0.99994
1533028031276624 7.90621 -0.172243 -0.167337 -0.00586484 0.00803566 0.00502147 0.999938
1533028031376541 7.77881 -0.182085 -0.17049 -0.0160427 0.00719867 0.00544881 0.999831
1533028031509847 7.60439 -0.187942 -0.169768 -0.0195847 0.00443247 0.00617681 0.999779
1533028031643046 7.43321 -0.210858 -0.170863 -0.0383997 0.00419802 0.00540481 0.999239
1533028031742816 7.30348 -0.212683 -0.172023 -0.0276506 0.00538002 0.00524196 0.999589
1533028031876066 7.13571 -0.222475 -0.168708 -0.0318502 0.00586224 0.00588362 0.999458
1533028032009287 6.9758 -0.231863 -0.169018 -0.028249 0.0100154 0.00760474 0.999522
1533028032109258 6.84944 -0.248515 -0.169933 -0.0413508 0.00926507 0.00808153 0.999069
1533028032242338 6.67373 -0.258316 -0.167971 -0.0331127 0.00863131 0.00725931 0.999388
1533028032342289 6.55518 -0.262361 -0.16847 -0.0220319 0.00943391 0.00640604 0.999692
1533028032475458 6.39347 -0.259195 -0.166256 -0.00594812 0.00966572 0.00675418 0.999913
1533028032608543 6.22867 -0.255065 -0.167494 0.00222056 0.00845077 0.00768425 0.999932
1533028032708623 6.10494 -0.258411 -0.170414 -0.00310373 0.00722033 0.00801126 0.999937
1533028032841976 5.93999 -0.26313 -0.169075 -0.0105506 0.00548968 0.00823614 0.999895
1533028032975102 5.78011 -0.306015 -0.169578 -0.0557991 0.00258509 0.00638148 0.998418
1533028033075008 5.67089 -0.334358 -0.169413 -0.0824759 0.00555765 0.00443606 0.996568
1533028033208107 5.52024 -0.395398 -0.163377 -0.13865 0.00691795 0.00484904 0.990305
1533028033307926 5.40597 -0.440435 -0.163269 -0.163272 0.00571765 0.00530441 0.98655
1533028033441048 5.25764 -0.508874 -0.159691 -0.193272 0.00527923 0.00536624 0.981116
1533028033574360 5.14021 -0.603594 -0.158128 -0.247056 0.00362392 0.0047524 0.968983
1533028033674276 5.04251 -0.677812 -0.15775 -0.280759 0.00235544 0.00537474 0.95976
1533028033807425 4.92886 -0.791691 -0.154745 -0.334105 0.00114473 0.00537224 0.94252
1533028033907347 4.85519 -0.877884 -0.155881 -0.363879 0.000612756 0.00381279 0.931438
1533028034040380 4.75206 -1.00171 -0.15456 -0.395675 0.000795141 0.00366234 0.918383
1533028034173766 4.67092 -1.12991 -0.148291 -0.436186 0.00305617 0.00601788 0.899831
1533028034273658 4.61278 -1.22879 -0.147974 -0.455236 0.00340412 0.00560769 0.890347
1533028034406843 4.53706 -1.36209 -0.142978 -0.483758 0.00612783 0.00711621 0.875152
1533028034539878 4.47761 -1.51001 -0.141818 0.52095 -0.00496747 -0.00692785 -0.853545
1533028034639842 4.42251 -1.62468 -0.140731 0.534891 -0.00257187 -0.00708901 -0.844887
1533028034773027 4.38124 -1.76785 -0.136742 0.5642 -0.00226562 -0.00721109 -0.825604
1533028034873035 4.34386 -1.87736 -0.13123 0.563145 -0.00421023 -0.00813973 -0.826308
1533028035006167 4.30324 -2.03275 -0.125523 0.583415 -0.00300111 -0.00834261 -0.812126
1533028035139223 4.27027 -2.1893 -0.121088 0.604831 -0.00345776 -0.0089923 -0.796296
1533028035239157 4.24696 -2.3118 -0.11882 0.617834 -0.00256024 -0.00900662 -0.786253
1533028035372323 4.22963 -2.46069 -0.117848 0.637937 -0.000818341 -0.00784176 -0.770048
1533028035505512 4.20544 -2.61956 -0.118028 0.648373 3.14059e-05 -0.00742494 -0.761287
1533028035605249 4.1947 -2.73882 -0.117759 0.65803 0.00105801 -0.00730188 -0.752956
1533028035738607 4.17428 -2.90206 -0.117431 0.662965 0.00105501 -0.0067514 -0.748619
1533028035838500 4.15725 -3.02029 -0.118769 0.662037 -9.31175e-05 -0.00746544 -0.749434
1533028035971702 4.14622 -3.16992 -0.117718 0.672767 -0.000433056 -0.00857282 -0.739805
1533028036104944 4.13808 -3.33548 -0.116794 0.682831 -0.00128558 -0.00983739 -0.730509
1533028036204949 4.14417 -3.45535 -0.117004 0.699618 0.000619167 -0.00911823 -0.714459
1533028036338156 4.14513 -3.60995 -0.112695 0.706539 -9.47013e-05 -0.00978645 -0.707606
1533028036438151 4.15831 -3.71729 -0.110376 0.722326 0.00113764 -0.00947382 -0.691487
1533028036571259 4.19791 -3.85112 -0.110177 0.752547 0.000663694 -0.00697608 -0.658501
1533028036704378 4.24797 -3.98436 -0.109854 0.789 0.000570129 -0.00627586 -0.614361
1533028036804168 4.31591 -4.0513 -0.109591 0.83227 0.00165064 -0.00745107 -0.554318
1533028036937317 4.39432 -4.13298 -0.106798 0.874439 0.00223039 -0.00828455 -0.48506
1533028037037089 4.46448 -4.17487 -0.104229 0.906434 0.00419615 -0.00891678 -0.422234
1533028037170331 4.56935 -4.2034 -0.100249 0.944613 0.00485097 -0.0102503 -0.327989
1533028037303669 4.67446 -4.19986 -0.0963815 0.975985 0.00700313 -0.00901211 -0.217539
1533028037403698 4.74481 -4.17574 -0.0956156 0.991193 0.00936293 -0.00730886 -0.131892
1533028037536729 4.82195 -4.13341 -0.0932856 0.99967 0.0106913 -0.00795827 -0.021945
1533028037669891 4.89107 -4.06889 -0.0883755 0.995492 0.0131408 -0.00641224 0.09371
1533028037769768 4.94335 -4.01722 -0.0854967 0.983738 0.0148545 -0.00237516 0.178979
1533028037902977 4.98751 -3.93566 -0.0849005 0.958521 0.016447 -0.00155457 0.284542
1533028038002912 5.01325 -3.86522 -0.0811193 0.935043 0.01578 0.00162647 0.35418
1533028038136088 5.03518 -3.77442 -0.0821675 0.900977 0.0155045 0.00287268 0.433581
1533028038269107 5.05933 -3.68596 -0.0791235 0.866572 0.0147694 0.00521801 0.498807
1533028038369048 5.08053 -3.61025 -0.0734247 0.839853 0.0141194 0.00628575 0.542594
1533028038502255 5.1039 -3.51718 -0.0670676 0.802084 0.0155514 0.00654214 0.596973
1533028038635437 5.07808 -3.39929 -0.0502238 0.760052 0.0137749 0.0059899 0.649689
1533028038735288 5.04322 -3.29814 -0.0465628 0.743746 0.0110001 0.00602203 0.668344
1533028038868600 5.04139 -3.18285 -0.0453677 0.724103 0.010167 0.00738474 0.689577
1533028038968366 5.03716 -3.08835 -0.039719 0.709348 0.00966145 0.00748014 0.704752
1533028039101625 5.02744 -2.95966 -0.0365399 0.695438 0.0100829 0.00653903 0.718486
1533028039234993 5.01277 -2.82346 -0.0317954 0.682579 0.00986311 0.00475823 0.73073
1533028039334888 4.98833 -2.72919 -0.0308199 0.668247 0.00900766 0.00333238 0.743878
1533028039468078 4.95954 -2.59889 -0.0310695 0.661157 0.00736484 0.00265972 0.750206
1533028039567894 4.9384 -2.48859 -0.0292339 0.658558 0.00679178 0.0019319 0.752497
1533028039701227 4.90707 -2.35491 -0.0296315 0.651438 0.00556862 0.00195288 0.758679
1533028039800997 4.88525 -2.24724 -0.0344428 0.655428 0.005222 0.00103056 0.755239
1533028039934049 4.86281 -2.102 -0.0379893 0.656976 0.00509266 0.00107973 0.753893
1533028040067314 4.84991 -1.96421 -0.041362 0.662622 0.00557557 0.00103436 0.748933
1533028040200590 4.84248 -1.81008 -0.0453348 0.671265 0.00563977 0.00116572 0.741195
1533028040300868 4.8211 -1.69903 -0.046455 0.663689 0.00510978 0.00169585 0.74799
1533028040434322 4.81007 -1.54738 -0.0491911 0.670978 0.0037202 0.00261625 0.741463
1533028040534234 4.80565 -1.43263 -0.05024 0.679789 0.00288636 0.0029893 0.733396
1533028040667513 4.82216 -1.2779 -0.0535075 0.708412 0.00195959 0.00338654 0.705788
1533028040800818 4.85575 -1.1175 -0.0555116 0.741732 0.0035253 0.00312617 0.670679
1533028040900741 4.88246 -1.0104 -0.0567341 0.761189 0.0050867 0.00168158 0.648508
1533028041034026 4.94135 -0.856338 -0.0590097 0.792218 0.00546673 0.000961211 0.610213
1533028041167249 5.01031 -0.709057 -0.0621157 0.818277 0.00565673 0.0013443 0.574795
1533028041267010 5.08365 -0.618894 -0.0659 0.847686 0.00733664 -0.000833471 0.530448
1533028041400315 5.18666 -0.50247 -0.0678599 0.879032 0.00920757 -0.00446879 0.476653
1533028041533352 5.3116 -0.402702 -0.0729518 0.910151 0.0107863 -0.00607727 0.414092
1533028041633180 5.40261 -0.333907 -0.0814152 0.925911 0.0113361 -0.00804269 0.377487
1533028041766286 5.5472 -0.265422 -0.0863153 0.949882 0.0101282 -0.00826493 0.312335
1533028041866227 5.6408 -0.214379 -0.0928506 0.959392 0.00897952 -0.00836343 0.281809
1533028041999483 5.78094 -0.177482 -0.0980125 0.974683 0.00959792 -0.00775692 0.223251
1533028042132551 5.9183 -0.145165 -0.102012 0.984056 0.00983784 -0.00678664 0.177457
1533028042232326 6.03701 -0.137307 -0.111745 0.991888 0.0106104 -0.00669278 0.126491
1533028042365685 6.18097 -0.127618 -0.117245 0.996065 0.00993574 -0.00627288 0.0878401
1533028042498934 6.3267 -0.133827 -0.121635 0.998912 0.0092002 -0.00554878 0.0453809
1533028042598789 6.43041 -0.134199 -0.125469 0.999282 0.0101306 -0.00704897 0.0358292
1533028042731751 6.5802 -0.145246 -0.127319 0.999929 0.0077116 -0.00719259 0.00559764
1533028042864832 6.72936 -0.15554 -0.126266 0.999954 0.00686705 -0.00494377 -0.00451948
1533028042964682 6.83917 -0.161429 -0.125533 0.999934 0.00667023 -0.00460616 -0.00819781
1533028043097976 6.99341 -0.179002 -0.121983 0.999766 0.00670334 -0.0030598 -0.0203295
1533028043197940 7.10641 -0.182243 -0.117868 0.999849 0.00652842 -0.00224761 -0.0159524
1533028043331102 7.26006 -0.198793 -0.11943 0.999418 0.00636738 -0.00106013 -0.0334958
1533028043464393 7.41955 -0.197609 -0.120032 0.999678 0.00612369 -0.000531184 -0.0246062
1533028043564468 7.5396 -0.195754 -0.120521 0.999751 0.0043292 -0.000849008 -0.0218554
1533028043697566 7.70394 -0.195303 -0.121197 0.999922 0.00452046 -0.00151917 -0.0115244
1533028043797516 7.8183 -0.198777 -0.120771 0.999901 0.00464189 -0.00299778 -0.0129047
1533028043930729 7.98565 -0.216 -0.120421 0.999668 0.00639005 -0.00378495 -0.0246833
1533028044063937 8.14522 -0.218132 -0.120541 0.999845 0.00696004 -0.00479678 -0.0154214
1533028044196961 8.31334 -0.222591 -0.121969 0.99988 0.00635309 -0.00506195 -0.0132157
1533028044296975 8.44378 -0.21749 -0.123847 0.999972 0.00550083 -0.00482876 -0.00130662
1533028044430106 8.61121 -0.232351 -0.125294 0.99988 0.00746967 -0.00226863 -0.0133961
1533028044563505 8.7724 -0.2302 -0.126131 0.999957 0.00769788 -0.00305948 -0.00422754
1533028044663281 8.8981 -0.241286 -0.12552 0.999859 0.00815813 -0.00443683 -0.013957
1533028044796486 9.07033 -0.237579 -0.123171 0.999946 0.0086996 -0.00495143 -0.00268668
1533028044896443 9.19254 -0.24888 -0.123872 0.999795 0.00738763 -0.00628403 -0.017775
1533028045029570 9.36243 -0.250291 -0.12357 0.999894 0.00693426 -0.00690768 -0.0107376
1533028045162848 9.53161 -0.251687 -0.124173 0.999935 0.00624459 -0.00715337 -0.00633215
1533028045262811 9.65359 -0.246241 -0.124277 0.999955 0.00589447 -0.00671277 0.0031038
1533028045395918 9.82299 -0.253161 -0.124123 0.999937 0.00573097 -0.0069724 -0.0067174
1533028045529239 9.99343 -0.266534 -0.124582 0.999804 0.00559983 -0.0053588 -0.0182388
1533028045628924 10.1187 -0.267698 -0.125487 0.999814 0.00531877 -0.00588745 -0.0175788
1533028045761903 10.2866 -0.272708 -0.122817 0.999878 0.00552228 -0.00465969 -0.0138311
1533028045861706 10.4179 -0.266835 -0.122854 0.999969 0.00516312 -0.00528969 -0.00260418
1533028045995000 10.5841 -0.283176 -0.118835 0.999814 0.00576685 -0.00629116 -0.0173029
1533028046128233 10.7492 -0.282088 -0.116423 0.999924 0.0059969 -0.00724173 -0.00794442
1533028046228103 10.8782 -0.289415 -0.116717 0.99989 0.00663513 -0.00820875 -0.0104384
1533028046328039 11.0076 -0.286813 -0.11657 0.999937 0.00670891 -0.00901072 -0.000762417
1533028046461218 11.1792 -0.302186 -0.116067 0.999815 0.0066533 -0.00836001 -0.0160248
1533028046594442 11.3438 -0.301948 -0.116344 0.999903 0.00781661 -0.00959244 -0.00632301
1533028046727646 11.518 -0.302994 -0.115496 0.999924 0.0078749 -0.00794397 -0.00517241
1533028046827402 11.6455 -0.29557 -0.116725 0.99991 0.00785 -0.00792242 0.00744946
1533028046960657 11.808 -0.30465 -0.114139 0.999906 0.00826908 -0.00762363 -0.00780815
1533028047093721 11.9743 -0.307376 -0.115533 0.999883 0.00760803 -0.00693818 -0.0112709
1533028047193599 12.1018 -0.306879 -0.118825 0.999841 0.0058273 -0.0059992 -0.0157285
1533028047326871 12.2672 -0.306902 -0.119945 0.999911 0.00588045 -0.00525128 -0.0107263
1533028047460227 12.4338 -0.311472 -0.120956 0.999872 0.00487145 -0.00758013 -0.0131845
1533028047560052 12.5554 -0.319944 -0.124789 0.999833 0.00558941 -0.00705732 -0.0158903
1533028047693274 12.7182 -0.320346 -0.124089 0.999914 0.00605806 -0.00660367 -0.00956971
1533028047793273 12.8408 -0.332915 -0.122582 0.999841 0.00758324 -0.00794325 -0.014055
1533028047926604 13.0076 -0.335461 -0.118716 0.999896 0.00740711 -0.00941075 -0.00800461
1533028048059659 13.174 -0.356279 -0.118816 0.99956 0.00729708 -0.0076911 -0.0277197
1533028048159587 13.2967 -0.355856 -0.121236 0.99977 0.00595138 -0.00683015 -0.0194445
1533028048292737 13.4646 -0.369552 -0.117499 0.999608 0.00574087 -0.00771285 -0.026286
1533028048425825 13.6311 -0.366409 -0.114941 0.999896 0.00518088 -0.00745446 -0.0111933
1533028048525714 13.752 -0.387011 -0.116662 0.999504 0.00564479 -0.00694059 -0.0301954
1533028048659009 13.9207 -0.39979 -0.11418 0.99939 0.00578074 -0.00543195 -0.0340235
1533028048758859 14.0429 -0.410716 -0.115272 0.999228 0.00543888 -0.0052214 -0.038563
1533028048891971 14.2046 -0.422616 -0.114869 0.999387 0.00525953 -0.00666231 -0.0339506
1533028049025277 14.3696 -0.435691 -0.113812 0.999547 0.00570674 -0.00710002 -0.0286813
1533028049125156 14.4926 -0.457163 -0.114969 0.999062 0.00545281 -0.00772795 -0.0422471
1533028049258237 14.6534 -0.460706 -0.111297 0.999378 0.00492317 -0.00714065 -0.0341839
1533028049391366 14.8157 -0.478819 -0.11096 0.999128 0.00628388 -0.00638617 -0.04077
1533028049491248 14.9392 -0.483584 -0.113296 0.99942 0.00648735 -0.00625963 -0.0328323
1533028049624647 15.1016 -0.517685 -0.112692 0.998258 0.00687284 -0.00479093 -0.0583972
1533028049724521 15.2245 -0.528791 -0.115883 0.998503 0.0068621 -0.0045648 -0.0540811
1533028049857765 15.3856 -0.544969 -0.114455 0.998521 0.00590607 -0.00548769 -0.0537636
1533028049990900 15.5505 -0.554918 -0.114883 0.999024 0.00595761 -0.00510263 -0.0434572
1533028050090813 15.6709 -0.572767 -0.116574 0.99845 0.00523918 -0.00518391 -0.0551641
1533028050223881 15.8342 -0.605444 -0.114751 0.997043 0.00497092 -0.00669637 -0.0763929
1533028050357153 15.9911 -0.635335 -0.115305 0.996099 0.00492914 -0.00674762 -0.0878461
1533028050457032 16.1167 -0.66041 -0.119075 0.99529 0.00520672 -0.00692953 -0.0965549
1533028050590381 16.2781 -0.693899 -0.117835 0.994881 0.00500408 -0.00740559 -0.100656
1533028050690259 16.4006 -0.73377 -0.119719 0.99298 0.00610792 -0.00703571 -0.117917
1533028050823469 16.5525 -0.768299 -0.119593 0.992911 0.00621425 -0.00565784 -0.118564
1533028050956406 16.7112 -0.817622 -0.123376 0.991212 0.00668007 -0.00433551 -0.132045
1533028051056264 16.8291 -0.845934 -0.127462 0.991488 0.00697477 -0.00468342 -0.129928
1533028051189548 16.9842 -0.90231 -0.126718 0.98875 0.00714244 -0.00591984 -0.149292
1533028051322536 17.1281 -0.95228 -0.127378 0.987471 0.00647712 -0.0081111 -0.157461
1533028051422411 17.2446 -0.992355 -0.130091 0.986296 0.00563488 -0.0080206 -0.164696
1533028051555541 17.4043 -1.04872 -0.12877 0.985693 0.0057374 -0.00793428 -0.168266
1533028051655552 17.5142 -1.07511 -0.131068 0.987656 0.00409885 -0.00775478 -0.156395
1533028051788869 17.6661 -1.14095 -0.129208 0.985318 0.00517986 -0.00789491 -0.170469
1533028051888697 17.7807 -1.18355 -0.129706 0.985425 0.00501071 -0.00794227 -0.169852
1533028052021911 17.9239 -1.23597 -0.126305 0.985932 0.00407235 -0.0106148 -0.166761
1533028052155115 18.0718 -1.26558 -0.122765 0.991028 0.00356045 -0.0146765 -0.132797
1533028052254868 18.1875 -1.29158 -0.123351 0.993479 0.00313149 -0.0124575 -0.113287
1533028052388111 18.3365 -1.29957 -0.121147 0.997437 0.00311008 -0.00935997 -0.0708737
1533028052521515 18.4658 -1.28016 -0.116461 0.999841 0.00310124 -0.00840919 -0.0154221
1533028052621417 18.5727 -1.26303 -0.112285 0.999667 0.00467827 -0.00683563 0.0244215
1533028052754428 18.6945 -1.21132 -0.105334 0.995465 0.00513952 -0.00698199 0.0947287
1533028052887797 18.7912 -1.14658 -0.102124 0.986982 0.00634174 -0.00783689 0.160517
1533028052987609 18.8696 -1.0928 -0.0950868 0.976857 0.00779617 -0.00642854 0.213656
1533028053120923 18.9454 -0.994782 -0.08941 0.952317 0.0098754 -0.00738764 0.30486
1533028053254005 18.9866 -0.883886 -0.0836741 0.913112 0.0127257 -0.00610306 0.407465
1533028053353850 18.9973 -0.798272 -0.077244 0.878539 0.0137056 -0.00174728 0.47747
1533028053486943 19.002 -0.693514 -0.0689848 0.825002 0.0177238 -0.00109624 0.564851
1533028053586824 18.9882 -0.61166 -0.0615661 0.777604 0.0167846 0.0023978 0.628526
1533028053720015 18.9466 -0.50981 -0.0561465 0.705911 0.0194579 0.00505138 0.708015
1533028053853236 18.8876 -0.426664 -0.0465894 0.622777 0.0203156 0.00765081 0.782098
1533028053953186 18.8332 -0.377511 -0.0364119 0.565493 0.0165229 0.00821728 0.824547
1533028054086371 18.7408 -0.31659 -0.0285102 0.480718 0.0161505 0.0101207 0.876668
1533028054186244 18.6644 -0.277168 -0.0198548 0.41824 0.011126 0.0104018 0.908209
1533028054319524 18.5648 -0.243913 -0.0141676 0.333926 0.0107912 0.0136631 0.942438
1533028054452878 18.4566 -0.225461 -0.00816864 0.256094 0.00780535 0.0136537 0.966524
1533028054552757 18.377 -0.224438 0.00348459 0.210217 0.00481383 0.0108239 0.977583
1533028054685792 18.2628 -0.221943 0.00726674 0.146052 0.00238091 0.0113884 0.989208
1533028054785708 18.1633 -0.22356 0.0148963 0.10852 0.00115547 0.00946354 0.994049
1533028054918906 18.039 -0.228085 0.0209449 0.0631286 -0.00035679 0.00991637 0.997956
1533028055052108 17.9173 -0.24054 0.0230699 0.0221384 -0.000527247 0.0103186 0.999702
1533028055152021 17.8159 -0.24319 0.0301256 0.0123245 -0.000415277 0.00914612 0.999882
1533028055285303 17.6632 -0.246796 0.035452 0.0096463 -0.00286985 0.00949489 0.999904
1533028055418815 17.5215 -0.251886 0.0385071 -0.00622987 -0.00306911 0.0108982 0.999916
1533028055485527 17.4539 -0.260579 0.0437025 -0.0128145 -0.000517692 0.0113539 0.999853
1533028055618887 17.3059 -0.273512 0.0390486 -0.0266333 0.000236218 0.0118439 0.999575
1533028055718792 17.197 -0.289975 0.0494139 -0.0384386 0.00309869 0.00934905 0.999212
1533028055851992 17.0527 -0.30254 0.0492231 -0.0460525 0.00299676 0.00930348 0.998891
1533028055952016 16.9371 -0.310969 0.0456189 -0.0527322 0.00451165 0.00859858 0.998561
1533028056085379 16.7889 -0.334227 0.042321 -0.0683025 0.00396702 0.00880029 0.997618
1533028056218399 16.6372 -0.348605 0.0372005 -0.0694527 0.00381958 0.0082198 0.997544
1533028056318321 16.5322 -0.3615 0.0373688 -0.0728718 0.00491503 0.00882336 0.99729
1533028056451521 16.3819 -0.38395 0.0375329 -0.0760126 0.0042056 0.00884598 0.997059
1533028056584725 16.2211 -0.411846 0.039084 -0.0824979 0.00371175 0.00849731 0.996548
1533028056684614 16.1162 -0.43609 0.0438811 -0.0937943 0.00569594 0.00807026 0.995543
1533028056817770 15.9591 -0.454017 0.0484124 -0.0823092 0.00564397 0.00789022 0.99656
1533028056917716 15.8484 -0.463667 0.0511864 -0.0773687 0.00544964 0.0086377 0.99695
1533028057050951 15.6846 -0.478179 0.0499502 -0.0586051 0.00510167 0.00873426 0.99823
1533028057184141 15.5237 -0.499446 0.0473863 -0.0611537 0.00330071 0.00885637 0.998084
1533028057284085 15.4101 -0.513872 0.0458006 -0.0606 0.00375696 0.00892982 0.998115
1533028057417367 15.2519 -0.526369 0.0477083 -0.0568666 0.00295532 0.00989178 0.998328
1533028057550382 15.1012 -0.534149 0.047638 -0.0455078 0.0038857 0.0104991 0.998901
1533028057650374 14.9771 -0.542003 0.0472405 -0.0391042 0.00629473 0.0102455 0.999163
1533028057783696 14.8184 -0.554533 0.0481207 -0.0377068 0.00753657 0.00980967 0.999212
1533028057916860 14.6519 -0.557099 0.0477029 -0.0260138 0.00715807 0.00862547 0.999599
1533028058016679 14.5378 -0.559323 0.0477936 -0.0239067 0.00809556 0.00849516 0.999645
1533028058149850 14.372 -0.554595 0.0484248 -0.00816793 0.00657772 0.00745275 0.999917
1533028058249763 14.245 -0.563461 0.0461571 -0.0180722 0.00483291 0.00805819 0.999793
1533028058382831 14.0874 -0.5608 0.0459386 -0.0103422 0.00559404 0.00823133 0.999897
1533028058515987 13.9216 -0.555373 0.0442449 -0.00280882 0.00549683 0.0082994 0.999947
1533028058615877 13.7986 -0.537088 0.0406903 0.0182674 0.00550041 0.00968468 0.999771
1533028058749012 13.6331 -0.53031 0.0442572 0.0262776 0.0061617 0.0103373 0.999582
1533028058848850 13.5153 -0.53407 0.0427662 0.022438 0.00531951 0.00834444 0.999699
1533028058982174 13.3496 -0.53062 0.0441064 0.0198298 0.00504366 0.00812551 0.999758
1533028059115396 13.189 -0.521977 0.0466228 0.0245487 0.0057879 0.00860173 0.999645
1533028059215253 13.0674 -0.510215 0.0477492 0.0327975 0.00557991 0.00884028 0.999407
1533028059348482 12.9021 -0.50625 0.0507066 0.0279851 0.00667198 0.00912962 0.999544
1533028059481763 12.7377 -0.490847 0.0504675 0.0374372 0.00747319 0.0091054 0.99923
1533028059581503 12.6148 -0.487786 0.0493986 0.0303745 0.00521966 0.0090231 0.999484
1533028059714722 12.4512 -0.465981 0.0503829 0.0434024 0.00506348 0.00872132 0.999007
1533028059814664 12.3186 -0.467556 0.0491007 0.0291698 0.00274508 0.00727226 0.999544
1533028059947728 12.1507 -0.458742 0.0496951 0.0267065 0.00193126 0.00681659 0.999618
1533028060080901 11.9893 -0.451497 0.0512992 0.0224577 0.00424574 0.00646442 0.999718
1533028060180778 11.8649 -0.431225 0.0521993 0.034236 0.00646459 0.00818421 0.999359
1533028060314044 11.6912 -0.407064 0.0528448 0.0462545 0.00524716 0.00906897 0.998875
1533028060413925 11.5682 -0.399656 0.0535111 0.0397779 0.00627676 0.00923696 0.999146
1533028060547243 11.3967 -0.394122 0.0545912 0.032829 0.00492487 0.00743937 0.999421
1533028060680491 11.2238 -0.383038 0.0538505 0.029794 0.00278028 0.00742202 0.999525
1533028060780295 11.0949 -0.365656 0.0506432 0.039034 0.00243447 0.00653691 0.999214
1533028060913447 10.9239 -0.360103 0.0506919 0.0294814 0.00284083 0.00567385 0.999545
1533028061013296 10.7996 -0.347765 0.0474063 0.0301625 0.00422538 0.00526291 0.999522
1533028061146514 10.6298 -0.336977 0.0467526 0.0260144 0.00288766 0.00514512 0.999644
1533028061279590 10.4576 -0.311686 0.0444268 0.0392573 0.00269798 0.00593734 0.999208
1533028061379398 10.3274 -0.319172 0.0411684 0.0171125 0.00301024 0.00576455 0.999832
1533028061512545 10.1535 -0.31465 0.0427944 0.0117078 0.00309339 0.00631028 0.999907
1533028061645903 9.98305 -0.312401 0.0405444 0.00397509 0.00381719 0.00634587 0.999965
1533028061745774 9.84546 -0.295693 0.0382936 0.0175588 0.00461896 0.00717895 0.999809
1533028061878991 9.67106 -0.29562 0.0398005 0.00999194 0.00654447 0.00710903 0.999903
1533028062012369 9.49363 -0.289865 0.0419306 0.00842372 0.0075558 0.007068 0.999911
1533028062112181 9.36238 -0.296415 0.0387189 -0.00162294 0.00537677 0.00680099 0.999961
1533028062245520 9.17996 -0.288504 0.038021 0.00572698 0.00408837 0.00744983 0.999947
1533028062345296 9.05095 -0.295037 0.0342708 -0.0023994 0.00360444 0.00737203 0.999963
1533028062478416 8.8741 -0.298303 0.0359567 -0.00417681 0.00414285 0.00708253 0.999958
1533028062611677 8.70237 -0.301501 0.0366738 -0.00716328 0.00455769 0.00672234 0.999941
1533028062711460 8.5695 -0.294819 0.0347004 0.00330387 0.00423901 0.00654664 0.999964
1533028062844580 8.39689 -0.298593 0.0369278 -0.000248533 0.00482238 0.00584149 0.999971
1533028062977872 8.21501 -0.309932 0.035212 -0.0106657 0.00462015 0.00440764 0.999923
1533028063077715 8.0894 -0.318724 0.0334986 -0.0157761 0.00662945 0.00369924 0.999847
1533028063210903 7.91426 -0.315073 0.0352625 -0.00642535 0.00712707 0.00467305 0.999943
1533028063344004 7.73428 -0.317762 0.0343998 -0.00511124 0.0072946 0.00514327 0.999947
1533028063443948 7.59596 -0.318179 0.0300506 -0.00392704 0.00621109 0.00534343 0.999959
1533028063577170 7.423 -0.315224 0.030296 -0.00218083 0.00348717 0.00574888 0.999975
1533028063710351 7.25663 -0.307798 0.0302256 0.00989615 0.00670868 0.00516235 0.999915
1533028063810305 7.1216 -0.304982 0.0272238 0.012189 0.00705422 0.0053468 0.999887
1533028063943481 6.95127 -0.303573 0.028754 0.0118779 0.00897728 0.00689829 0.999865
1533028064076659 6.78883 -0.290899 0.0278001 0.0196643 0.0113234 0.00701865 0.999718
1533028064176466 6.65703 -0.267497 0.0238542 0.0436561 0.0111886 0.00686205 0.99896
1533028064309787 6.48552 -0.236767 0.0253906 0.0666247 0.0113679 0.00599573 0.997695
1533028064409786 6.36563 -0.225091 0.0221632 0.0646912 0.0104764 0.00510714 0.997837
1533028064542791 6.1973 -0.197351 0.0227156 0.0703186 0.00885872 0.00502006 0.997473
1533028064676051 6.02847 -0.166817 0.0229253 0.0802564 0.00742921 0.00509589 0.996734
1533028064775972 5.90539 -0.137621 0.0211264 0.0933067 0.00607355 0.00601593 0.995601
1533028064909170 5.73912 -0.112563 0.0244553 0.0902252 0.00525062 0.00554544 0.995892
1533028065009055 5.61061 -0.0883109 0.0254659 0.0958306 0.00666771 0.00396997 0.995367
1533028065142249 5.44871 -0.064034 0.0290606 0.0880618 0.00735977 0.00434194 0.996078
1533028065275514 5.28399 -0.0184037 0.0293885 0.105627 0.00685631 0.00466942 0.994371
1533028065375371 5.15525 -0.00612322 0.0272398 0.092203 0.00521323 0.00454793 0.995716
1533028065508541 4.98385 0.0290281 0.0285046 0.0965515 0.00407005 0.00511492 0.995307
1533028065641779 4.8175 0.052473 0.0285115 0.0867535 0.00431295 0.00500486 0.996208
1533028065741639 4.69421 0.0906529 0.0273579 0.106123 0.00606653 0.00442598 0.994325
1533028065874744 4.52408 0.121908 0.0259118 0.103684 0.00453909 0.0048963 0.994588
1533028065974709 4.39565 0.151003 0.0229592 0.105753 0.00503675 0.00462373 0.994369
1533028066107919 4.22574 0.175896 0.0203613 0.0916627 0.00557802 0.0046217 0.995764
1533028066241042 4.05854 0.215303 0.0185049 0.0990443 0.00624095 0.00488305 0.995051
1533028066340932 3.93679 0.237867 0.0166228 0.0942331 0.0066951 0.00434073 0.995518
1533028066473985 3.76537 0.269374 0.0179564 0.092555 0.00682685 0.00443839 0.995674
1533028066607107 3.59455 0.298674 0.0173693 0.0863304 0.00843364 0.00395518 0.996223
1533028066707028 3.4711 0.329237 0.0165287 0.0930672 0.00869955 0.00428597 0.995613
1533028066840278 3.29958 0.371762 0.0184113 0.101658 0.00780355 0.00545324 0.994774
1533028066940105 3.16806 0.384384 0.0152232 0.0832838 0.00760492 0.00508236 0.996484
1533028067073478 2.99287 0.414665 0.0180707 0.078708 0.0066651 0.00525555 0.996862
1533028067206686 2.82059 0.443508 0.0189304 0.0762644 0.00758363 0.00549312 0.997044
1533028067306601 2.69245 0.477299 0.020501 0.0920317 0.00948406 0.00698867 0.995686
1533028067439893 2.51558 0.502522 0.0166232 0.0843575 0.00802068 0.00609016 0.996385
1533028067539660 2.38442 0.527948 0.0122393 0.0866693 0.00789302 0.00525757 0.996192
1533028067672817 2.214 0.548095 0.0124078 0.0717099 0.00922139 0.00494942 0.997371
1533028067806023 2.03969 0.58727 0.0123225 0.0829878 0.00886891 0.00470671 0.9965
1533028067905766 1.91304 0.596083 0.0110834 0.067882 0.00931837 0.00442261 0.99764
1533028068038787 1.73787 0.621167 0.013465 0.0672672 0.0103713 0.00476043 0.99767
1533028068172175 1.57029 0.635856 0.0142924 0.0585094 0.0123379 0.00388097 0.998203
1533028068272200 1.43875 0.663825 0.0115508 0.0726637 0.0112932 0.00337822 0.997287
1533028068405254 1.2585 0.679147 0.0153621 0.0612484 0.00828325 0.00337897 0.998082
1533028068505061 1.12749 0.693334 0.0133917 0.0555223 0.0096323 0.00384741 0.998404
1533028068638213 0.956758 0.7033 0.0170351 0.0406552 0.00907467 0.0038571 0.999125
1533028068771297 0.781979 0.73356 0.0204664 0.0553174 0.00929092 0.00404938 0.998417
1533028068871301 0.655806 0.746843 0.0206128 0.0505404 0.0102392 0.0030095 0.998665
1533028069004441 0.478023 0.769493 0.023339 0.0527185 0.0105598 0.00231398 0.998551
1533028069137821 0.31085 0.789466 0.0218032 0.0475 0.0105691 0.00137951 0.998814
1533028069237645 0.182416 0.814167 0.0210987 0.0556212 0.00905136 0.00184995 0.998409
1533028069370925 0.00958921 0.832852 0.0257475 0.0525516 0.00775512 0.00260017 0.998585
1533028069470742 -0.11704 0.837947 0.0272437 0.0402697 0.00863829 0.00254288 0.999148
1533028069603914 -0.284704 0.852922 0.0316469 0.0395876 0.00980037 0.00210054 0.999166
1533028069737056 -0.453022 0.871575 0.0352501 0.043898 0.010749 0.00240233 0.998975
1533028069836997 -0.579904 0.892699 0.0361811 0.0566648 0.0105162 0.00310684 0.998333
1533028069970196 -0.751848 0.899399 0.0383982 0.0448718 0.00895283 0.00293965 0.998948
1533028070103479 -0.924229 0.909053 0.0400178 0.0401071 0.00998179 0.0022107 0.999143
1533028070203408 -1.04882 0.914776 0.0377455 0.0364062 0.00785644 0.0019968 0.999304
1533028070336848 -1.21504 0.941983 0.0402419 0.053278 0.00841067 0.00319054 0.998539
1533028070470270 -1.3869 0.953582 0.0431548 0.0561329 0.00938989 0.00330478 0.998374
1533028070570341 -1.51192 0.975025 0.0422135 0.0701089 0.0102048 0.00363533 0.997481
1533028070703662 -1.67468 1.00121 0.0421806 0.0734861 0.0110766 0.00378237 0.997228
1533028070803738 -1.7938 1.03009 0.0412816 0.0897405 0.0123059 0.00460259 0.995879
1533028070937022 -1.95444 1.05792 0.0429889 0.0902331 0.0123221 0.00544655 0.99583
1533028071070166 -2.11834 1.08599 0.0442895 0.0943025 0.0112356 0.00404459 0.995472
1533028071169931 -2.23898 1.11107 0.0425377 0.0951241 0.00931327 0.00341494 0.995416
1533028071303083 -2.40083 1.15332 0.0446056 0.11147 0.00889848 0.00283178 0.993724
1533028071402950 -2.51566 1.18836 0.040737 0.126492 0.00870542 0.00359236 0.991923
1533028071536363 -2.67458 1.22982 0.0389822 0.127478 0.00587507 0.00407295 0.991816
1533028071669492 -2.83682 1.27909 0.0341326 0.131273 0.0032937 0.00419003 0.991332
1533028071769302 -2.95375 1.30194 0.0338881 0.120302 0.00541649 0.00435281 0.992713
1533028071902602 -3.09994 1.36566 0.0338979 0.145969 0.00777089 0.0060086 0.98924
1533028072002506 -3.22086 1.39736 0.0326698 0.143436 0.00844751 0.0043297 0.989614
1533028072135700 -3.37412 1.45309 0.0339241 0.156751 0.00879182 0.00321158 0.987594
1533028072268736 -3.5292 1.50286 0.0325642 0.152502 0.00796839 0.00410935 0.988262
1533028072368680 -3.64298 1.54861 0.0320459 0.164453 0.00766376 0.00384987 0.986348
1533028072501962 -3.79147 1.60886 0.0327287 0.173695 0.00772342 0.0034644 0.984763
1533028072601837 -3.89794 1.64102 0.0328647 0.166036 0.00812665 0.00405689 0.986078
1533028072735072 -4.04563 1.70001 0.0356977 0.171615 0.00866224 0.00519328 0.985112
1533028072868263 -4.19954 1.74708 0.0361506 0.158657 0.00786537 0.00605013 0.987284
1533028072968060 -4.30286 1.78753 0.0376039 0.163889 0.00649364 0.00635437 0.986437
1533028073101210 -4.45012 1.81083 0.0421742 0.131677 0.00578055 0.00532856 0.991262
1533028073201108 -4.5543 1.81416 0.045386 0.0958875 0.00636817 0.00607984 0.995353
1533028073334463 -4.69924 1.8151 0.0488942 0.0480548 0.00584425 0.00639119 0.998807
1533028073467690 -4.8262 1.78889 0.0507879 -0.0135501 0.00580897 0.00565392 0.999875
1533028073567435 -4.91492 1.76466 0.0517996 -0.0583403 0.00617941 0.00636115 0.998257
1533028073700764 -5.02598 1.70609 0.0555954 -0.13153 0.00534834 0.00480673 0.991286
1533028073834041 -5.11211 1.63166 0.057569 -0.21559 0.00511427 0.0034037 0.976465
1533028073933867 -5.14968 1.55509 0.0596119 -0.296538 0.00424937 0.00331611 0.955006
1533028074067134 -5.1916 1.46144 0.0687593 -0.385981 0.00447993 0.00238313 0.922493
1533028074200219 -5.20572 1.36935 0.0755019 -0.477516 0.00592085 0.00383906 0.878595
1533028074300056 -5.19987 1.29724 0.0777154 0.547599 -0.00352557 -0.00541453 -0.836716
1533028074433112 -5.16452 1.21318 0.0843148 0.638356 -0.00437872 -0.00551922 -0.769709
1533028074566274 -5.1095 1.14318 0.0884854 0.724385 -0.00216992 -0.00563706 -0.68937
1533028074666190 -5.06175 1.10428 0.090817 0.778011 0.00163213 -0.00563454 -0.628224
1533028074799533 -4.97882 1.07722 0.0903053 0.842301 0.00118926 -0.00742271 -0.538955
1533028074899343 -4.91722 1.05737 0.0967285 0.884142 0.00483062 -0.00597915 -0.467156
1533028075032435 -4.83107 1.05664 0.0988773 0.927549 0.00600459 -0.00637183 -0.373598
1533028075165506 -4.75437 1.06578 0.111158 0.958704 0.00834131 -0.00706697 -0.284197
1533028075265400 -4.69353 1.06922 0.126647 0.974836 0.0108086 -0.00545565 -0.222596
1533028075398792 -4.6183 1.09223 0.133585 0.989163 0.0110898 -0.00614055 -0.146272
1533028075531949 -4.5457 1.1015 0.142637 0.996157 0.0109728 -0.00424172 -0.0867906
1533028075631790 -4.48559 1.11603 0.150501 0.998977 0.0102912 -0.00391475 -0.0438527
1533028075765094 -4.39458 1.13504 0.1594 0.999942 0.0100906 -0.00184532 0.00314962
1533028075864881 -4.32806 1.17165 0.155954 0.999617 0.00839669 -0.0017993 0.026295
1533028075998194 -4.23376 1.19086 0.15578 0.998829 0.00827559 -0.00179147 0.0476266
1533028076131209 -4.1319 1.21457 0.159517 0.997508 0.00873846 -0.00141544 0.0699903
1533028076231181 -4.0476 1.23023 0.164181 0.996954 0.00901198 -0.00127912 0.0774574
1533028076364364 -3.93319 1.25506 0.156554 0.996819 0.0083693 -0.00220228 0.0792237
1533028076497687 -3.81801 1.29153 0.148062 0.995599 0.00774366 -0.00376 0.0933218
1533028076597590 -3.72905 1.32142 0.144369 0.994587 0.00727642 -0.00500621 0.103533
1533028076730867 -3.60036 1.34776 0.143253 0.994856 0.00699062 -0.00743064 0.10078
1533028076830663 -3.50072 1.37407 0.1436 0.99427 0.00745047 -0.00607739 0.106463
1533028076963958 -3.36478 1.39979 0.142948 0.994923 0.0068897 -0.00443054 0.100303
1533028077097056 -3.22435 1.41811 0.142954 0.996185 0.00645036 -0.00328936 0.0869648
1533028077196941 -3.12378 1.44333 0.144465 0.995806 0.00705208 -0.0043324 0.0911133
1533028077329990 -2.98356 1.4629 0.146121 0.996705 0.00738492 -0.00478394 0.0806374
1533028077429858 -2.87886 1.48228 0.147406 0.996604 0.00811863 -0.00462618 0.081807
1533028077563176 -2.74484 1.49316 0.146168 0.997259 0.00805687 -0.00445913 0.0734135
1533028077696338 -2.60028 1.48931 0.146255 0.999032 0.00752028 -0.00520617 0.0430297
1533028077796253 -2.49029 1.49299 0.146462 0.999464 0.00712408 -0.00523638 0.0315279
1533028077929340 -2.33722 1.48121 0.14688 0.999965 0.00643514 -0.00536387 -0.000236228
1533028078062522 -2.2 1.47502 0.147877 0.999877 0.00530019 -0.00770487 -0.0126145
1533028078162541 -2.09984 1.46455 0.147854 0.999641 0.00512874 -0.00983381 -0.0243963
1533028078295708 -1.95392 1.43936 0.147376 0.998759 0.00487199 -0.00845266 -0.0488329
1533028078428825 -1.81367 1.41179 0.146998 0.997641 0.00591008 -0.00643624 -0.0680893
1533028078528761 -1.69599 1.37137 0.147564 0.994554 0.00629517 -0.00772205 -0.103747
1533028078661972 -1.55731 1.32651 0.149304 0.99155 0.00646255 -0.00671928 -0.12939
1533028078761711 -1.45288 1.28145 0.148416 0.988155 0.00559306 -0.00462102 -0.153287
1533028078894757 -1.31287 1.21968 0.145822 0.984251 0.00565233 -0.00251925 -0.176671
1533028079028031 -1.18236 1.14587 0.143744 0.977858 0.0051013 -0.00278643 -0.209187
1533028079127913 -1.07591 1.09258 0.142082 0.975936 0.00643767 -0.00379571 -0.21793
1533028079261204 -0.951028 1.0212 0.141825 0.972678 0.0066776 -0.00559812 -0.231996
1533028079394605 -0.809575 0.934662 0.13851 0.967895 0.00571276 -0.00534025 -0.251235
1533028079494426 -0.712442 0.889972 0.134583 0.970522 0.0070183 -0.00529496 -0.240854
1533028079627662 -0.580645 0.819862 0.132171 0.971454 0.0075893 -0.00290719 -0.237089
1533028079727461 -0.470662 0.795991 0.13178 0.98037 0.00845792 -0.0024991 -0.196968
1533028079860586 -0.342766 0.786972 0.134083 0.990056 0.00850382 0.000560255 -0.140413
1533028079993809 -0.222834 0.790155 0.135913 0.9969 0.00798523 0.00170302 -0.0782549
1533028080093736 -0.15891 0.802321 0.139955 0.999193 0.00806722 -0.000358456 -0.0393461
1533028080226963 -0.0697602 0.821639 0.147205 0.999937 0.00767035 0.000226992 0.00820158
1533028080360034 0.00138086 0.837084 0.150001 0.999328 0.00822133 -0.000698321 0.0357157
1533028080459861 0.0354675 0.838144 0.150269 0.99939 0.00941105 -0.00184238 0.0335953
1533028080593156 0.0726064 0.832192 0.15038 0.99966 0.0103136 -0.00191501 0.0238642
1533028080693081 0.0798237 0.830997 0.149054 0.999779 0.0104677 -0.00321226 0.0179598
1533028080826252 0.0898676 0.831636 0.146314 0.99982 0.0103403 -0.0037716 0.0154731
1533028080959364 0.0874869 0.832737 0.14491 0.999791 0.0103783 -0.00496988 0.0169073
1533028081059186 0.0835139 0.832292 0.143737 0.999819 0.0103607 -0.00528496 0.015052
1533028081192323 0.08648 0.832437 0.143373 0.99983 0.0102626 -0.00522507 0.0144075
1533028081292256 0.087481 0.832728 0.142972 0.999827 0.0101787 -0.00517775 0.0146836
1533028081425487 0.0874275 0.832307 0.142949 0.999833 0.0102106 -0.00539584 0.0141755
1533028081525373 0.0872441 0.832643 0.142792 0.999831 0.0101871 -0.00521963 0.0144108
1533028081658592 0.0868413 0.832447 0.142932 0.999828 0.0102226 -0.00545277 0.0144657
1533028081791903 0.0866 0.832646 0.143024 0.999825 0.0102184 -0.00544662 0.0146985
1533028081925061 0.0873481 0.832501 0.143027 0.99983 0.0102483 -0.00518521 0.0144524
1533028082024940 0.0865313 0.832416 0.143374 0.999827 0.0102653 -0.0059235 0.0143528
1533028082158046 0.0853827 0.832317 0.143788 0.999822 0.0102836 -0.00683201 0.0142645
1533028082291288 0.0844822 0.832379 0.14419 0.999814 0.0102862 -0.00768457 0.0143992
1533028082390972 0.0839741 0.832265 0.144438 0.999812 0.0103032 -0.0082081 0.0142502
1533028082524356 0.0831608 0.832289 0.14474 0.999805 0.0103073 -0.0088714 0.0143254
1533028082657482 0.082337 0.832209 0.145079 0.999799 0.0103232 -0.00960867 0.0142349
1533028082757410 0.0817287 0.832184 0.145344 0.999794 0.0103312 -0.0101792 0.0142299
1533028082890673 0.0810771 0.832117 0.145595 0.999789 0.0103434 -0.0107331 0.0141559
1533028082990623 0.0806827 0.832174 0.145749 0.999784 0.0103412 -0.0110697 0.0142633
1533028083123716 0.0801591 0.832155 0.145985 0.999778 0.0103485 -0.0115799 0.0142584
1533028083256811 0.0796389 0.832136 0.146194 0.999772 0.010355 -0.0120387 0.0142535
1533028083356655 0.0790798 0.832082 0.146409 0.999767 0.0103646 -0.0125165 0.0142045
1533028083489935 0.0786607 0.832059 0.146582 0.999762 0.0103711 -0.0128972 0.0141823
1533028083589867 0.0783228 0.832057 0.146711 0.999758 0.010374 -0.0131847 0.0141989
1533028083722928 0.0778812 0.832048 0.146883 0.999753 0.0103786 -0.0135676 0.0142084
