2.62734 0.0336932 0.0256467 -52225.967 -71269.966
2.7616255 0.037496414 0.030982402 -48753.965 -67735.967
2.9461437 0.041220794 0.0093808295 -43816 -63049
3.1287592 0.04255671 0.005249822 -39030 -58311
3.2676601 0.043357652 0.0062826115 -35413.966 -54682.966
3.4492188 0.044974914 0.011532231 -30709.964 -49917.966
3.58975 0.045380069 -0.0057661887 -26944.966 -46353.966
3.7731912 0.044440709 -0.0044752581 -22169 -41563
3.9603173 0.044803063 0.0083480777 -17364 -36609
4.0990374 0.046552156 0.016868179 -13795.955 -32941.956
4.2881267 0.048667794 0.005508024 -8798.9652 -28076.965
4.4279641 0.049540328 0.0069710752 -5161 -24422
4.6193619 0.051055797 0.0088643925 -180.96462 -19419.965
4.8067549 0.051918611 0.00034415704 4755.0356 -14582.965
4.9478783 0.051274891 -0.0094668922 8492 -10960
5.1369901 0.049443844 -0.0098972055 13426 -6031
5.3270119 0.049362075 0.0090365789 18271 -966
5.4682896 0.050115924 0.0016351905 21998 2675
5.6562222 0.049654959 -0.0065408168 26946.036 7528.0351
5.8459065 0.047687752 -0.014200338 31937 12430
5.9839776 0.046232051 -0.0068851396 35495.035 16073.034
6.1689131 0.043319163 -0.02461392 40421 20793
6.3535415 0.039242822 -0.019536148 45207.035 25638.036
6.4946684 0.037038194 -0.011704521 48842 29364
6.6761 0.037038194 0.011704521 53437 34231
6.8144627 0.038038475 0.0027540438 57097.034 37787.034
6.9968695 0.039035347 0.0081760566 61822.034 42575.035
7.1820564 0.041896417 0.022720755 66567.033 47489.035
7.3186925 0.04653136 0.045096832 70002 51184
7.5074843 0.055547693 0.050346804 74900.034 56143.036
7.6965804 0.067067732 0.071346036 79718.036 61205.037
7.8416925 0.078154255 0.081157085 83456 65057
8.0303638 0.093974051 0.086148517 88364.046 70023.044
8.1751361 0.10524139 0.069194369 92249.035 73711.035
8.3636177 0.11821447 0.068247687 97181 78632
8.5083586 0.12862131 0.075304824 100924 82457
8.6979171 0.14370258 0.083480683 105835.04 87463.035
8.8887519 0.15841445 0.070399253 110902 92378
9.032544 0.168094 0.064030616 114697 96099
9.2259519 0.17978482 0.056715291 119792 101109
9.4170949 0.18814688 0.030724368 124932 105947
9.5586269 0.19211881 0.0253885 128655.04 109608.04
9.7507275 0.19721207 0.027626113 133653 114632
9.9391292 0.2035137 0.039244571 138501 119615
10.080655 0.20770486 0.01996645 142305.04 123195.03
10.267744 0.21031344 0.0079177192 147254.04 128004.04
10.41184 0.21111333 0.0031843478 151039.03 131734.04
10.599827 0.21210023 0.007315229 155917.04 136660.03
10.788909 0.21220601 -0.0061964463 160926.03 141512.04
10.929249 0.21181348 0.00060254268 164546.03 145211.04
11.118556 0.21330428 0.015147159 169398.04 150232.04
11.255894 0.21614141 0.026162956 172916.04 153878.03
11.441947 0.21981669 0.013339712 177843 158656
11.626045 0.22241527 0.01488884 182635 163466
11.765154 0.22501352 0.022462426 186219.03 167138.03
11.947284 0.23003065 0.032617746 190911.03 171948.03
12.132069 0.23604415 0.032445688 195733.03 176768.03
12.269059 0.24096851 0.039416697 199267 180383
12.452857 0.24961157 0.054563724 203977 185269
12.633432 0.25937288 0.05344487 208699.03 189978.03
12.769966 0.26639411 0.049313902 212288 193519
12.949759 0.27640805 0.061965324 216910.03 198288.04
13.086665 0.28642334 0.084083381 220361.03 201996.03
13.262726 0.30330895 0.10714806 224839.03 206742.03
13.44179 0.32319288 0.11403302 229497 211480
13.576708 0.33942786 0.12547935 232974 215090
13.759521 0.36331189 0.13434376 237730.03 219949.03
13.891965 0.3809111 0.12986855 241240 223407
14.072276 0.4025453 0.10895532 246097 228021
14.251054 0.42207815 0.10869713 250788.03 232709.03
14.384433 0.43656961 0.10775045 254292 236202
14.558278 0.45366557 0.088299955 258960.04 240644.03
14.692297 0.46319137 0.053616769 262665.03 243946.03
14.869421 0.46940568 0.016523858 267502.03 248352.03
15.046209 0.47019685 -0.0075735138 272252 252822
15.180165 0.46789666 -0.026765693 275857.03 256204.03
15.359659 0.46050069 -0.055596476 280709 260721
15.537065 0.44911807 -0.072550837 285443.03 265258.03
15.672169 0.43917615 -0.074358278 288986.03 268780.03
15.852135 0.42396927 -0.09423882 293811.03 273374.03
15.985748 0.40984784 -0.1163568 297443.03 276749.03
16.162416 0.38811079 -0.12849142 302155.04 281320.04
16.342143 0.36612291 -0.11497971 306798.03 286120.03
16.475632 0.35070633 -0.11497981 310302.03 289624.03
16.649907 0.32930933 -0.12935226 314964.03 294119.03
16.826994 0.30514949 -0.14183118 319697.03 298707.03
16.960877 0.28659054 -0.13365527 323174.03 302279.03
17.137667 0.26323806 -0.12900792 327797.03 306956.03
17.269634 0.2461182 -0.1290078 331267.03 310426.03
17.44425 0.22499955 -0.11170933 335753 315113
17.617781 0.20804749 -0.083050269 340133.03 319826.03
17.744343 0.19880542 -0.062739574 343324.03 323253.03
17.915576 0.18927567 -0.048453276 347713 327808
18.036992 0.18560157 -0.012048772 350669 331187
18.198029 0.18881741 0.051982564 354497.02 335759.03
18.351732 0.20458751 0.15250377 357942.02 340372.03
18.462291 0.22599628 0.23004548 360428 343759
18.602685 0.26708844 0.33943112 363607 348209
18.731241 0.3232861 0.48479237 366421.02 352712.04
18.818231 0.3759763 0.60441916 368378.02 356059.03
18.918163 0.45729025 0.76165451 370824 360332
18.980162 0.52484723 0.89488095 372441.01 363497.03
19.044153 0.62358031 1.0966119 374337.01 367737.03
19.084943 0.73068227 1.317189 376044 372007
19.099306 0.81111433 1.4709844 377281.01 375031.03
19.099272 0.9165563 1.6712522 378867.01 378944.03
19.078945 1.0154626 1.8757356 380312 382765
19.051285 1.083826 2.0347809 381311.01 385612.03
18.998773 1.1654332 2.2503663 382589 389395
18.950475 1.2165611 2.405107 383524 392128
18.874828 1.2722545 2.6088173 384790 395761
18.788055 1.3126186 2.8035784 386154.01 399388.03
18.71632 1.3322712 2.9448059 387273 402148
18.615264 1.3432028 3.1228707 388889.01 405833.03
18.539161 1.340192 -3.0437859 390198.01 408496.03
18.436701 1.3230199 -2.9072907 392114.02 411998.03
18.330241 1.2911879 -2.7948077 394358 415549
18.248647 1.2586059 -2.7285394 396264 418225
18.139664 1.2055239 -2.6481565 398958.02 421853.03
18.030363 1.1432318 -2.5990151 401953 425419
17.947132 1.0927746 -2.5941956 404463 427985
17.833092 1.0229742 -2.5904949 407928 431493
17.747447 0.97007066 -2.5860197 410527 434144
17.626309 0.89519273 -2.5898924 414263.03 437835.03
17.506776 0.82129306 -2.5858477 417904.03 441523.03
17.416904 0.76633292 -2.5996176 420731 444190
17.292524 0.69387797 -2.6286207 424653 447775
17.195736 0.64099453 -2.6544395 427679 450501
17.057674 0.57205105 -2.7024624 431982 454246
16.919901 0.5093154 -2.7261297 436067 458056
16.814711 0.46464256 -2.7538419 439208.03 460875.03
16.675444 0.40891234 -2.7680423 443202.03 464704.03
16.568788 0.3682427 -2.7865456 446286 467573
16.422176 0.31594222 -2.8113319 450489.03 471488.03
16.271328 0.26686273 -2.8427446 454808 475442
16.157124 0.23362361 -2.8739854 458091.03 478362.03
16.004392 0.19346612 -2.8949848 462331.04 482358.04
15.885643 0.16495505 -2.9169305 465643.03 485415.03
15.727912 0.128396 -2.9107342 469829.03 489673.03
15.569352 0.092283762 -2.9245902 474150.03 493833.03
15.452229 0.067084211 -2.9347455 477333 496898
15.288232 0.035789446 -2.9713223 481899.03 501039.03
15.16545 0.015401633 -2.9827685 485211.03 504218.03
14.999511 -0.010760091 -2.9876741 489620 508570
14.837293 -0.035405934 -2.9939567 493935.03 512812.03
14.715014 -0.053160944 -3.0008417 497197 515994
14.551063 -0.073984702 -3.0296728 501674.03 520136.03
14.4277 -0.086566114 -3.0502419 505027.03 523250.03
14.262074 -0.098480915 -3.0893143 509584.03 527353.03
14.101278 -0.10412861 -3.1236533 513979.03 531349.03
13.978063 -0.10468476 3.1326807 517348 534406
13.816486 -0.10305701 3.130357 521575 538606
13.654787 -0.10213781 3.1414593 525727.03 542887.03
13.538766 -0.10321572 -3.1228785 528643 546022
13.376903 -0.10720688 -3.1110017 532796.03 550313.03
13.21357 -0.11420373 -3.0865601 536917 554718
13.088272 -0.1225511 -3.0635813 540058 558126
12.924221 -0.13772154 -3.0351804 544189.03 562587.03
12.800414 -0.15239198 -3.0121159 547306 565972
12.630567 -0.17557813 -2.9997228 551704 570514
12.462723 -0.20135224 -2.9787236 556010 575064
12.33573 -0.22153623 -2.9892233 559424.03 578356.03
12.169724 -0.24612204 -2.999895 563862 582670
11.99865 -0.26911587 -3.0160746 568457.03 587077.03
11.87108 -0.28613946 -3.0017883 571730.03 590516.03
11.698406 -0.31151551 -2.9895673 576210.03 595138.03
11.572474 -0.33153078 -2.9783793 579470.03 598528.03
11.399088 -0.35957829 -2.9840594 584083.03 603075.03
11.223147 -0.38816316 -2.9770023 588690 607764
11.088625 -0.41019112 -2.9815636 592271 611292
10.915456 -0.43802764 -2.9828547 596852.03 615858.03
10.781209 -0.45884952 -2.9925796 600451 619344
10.600971 -0.48654271 -2.9856946 605166.03 624139.03
10.419779 -0.51482946 -2.9877601 609960 628909
10.28844 -0.53500953 -2.9905141 613441 632358
10.108046 -0.56004676 -3.0168493 618343.03 636954.03
9.9292507 -0.58223224 -3.0194312 623056.03 641637.03
9.7943937 -0.59849456 -3.0237343 626623.03 645154.03
9.6190366 -0.61955656 -3.0203779 631209 649779
9.4840272 -0.63536003 -3.0297587 634808.03 653269.03
9.3073187 -0.65576714 -3.0234761 639410 657944
9.127525 -0.67672656 -3.0276072 644154.04 662640.04
8.9961139 -0.6915817 -3.0304473 647619.03 666072.03
8.8167652 -0.70988071 -3.049381 652430 670663
8.6364501 -0.72718923 -3.0424099 657113 675427
8.4986952 -0.74115458 -3.0387092 660702 679059
8.3246955 -0.76010401 -3.0275211 665201.03 683688.03
8.1899493 -0.77514828 -3.0332873 668770 687190
8.0085055 -0.79534305 -3.0282096 673501.03 691980.03
7.8255476 -0.81612091 -3.028812 678306 696778
7.6937403 -0.83140584 -3.0234762 681735.03 700269.03
7.5143812 -0.85225984 -3.0282096 686471 704950
7.3365327 -0.87429681 -3.0084152 691029.03 709738.03
7.2034158 -0.89208389 -3.0091037 694535.03 713236.03
7.0320618 -0.91471007 -3.0115136 699056.03 717729.03
6.8988246 -0.93093994 -3.0292423 702659 721126
6.7226143 -0.9506597 -3.0310496 707293.03 725739.03
6.5456302 -0.970682 -3.0268326 711913 730408
6.4188115 -0.98665091 -3.0058329 715124.03 733863.03
6.249551 -1.0141431 -2.9553145 719302 738628
6.1276159 -1.0416601 -2.8839676 722147.02 742302.04
5.973311 -1.0934183 -2.7519485 725624 747313
5.8310576 -1.1627957 -2.623714 729006.02 752185.04
5.7332737 -1.2263469 -2.5068408 731368.02 755905.04
5.6124364 -1.3323195 -2.3364369 734569.02 761086.04
5.5090178 -1.4574947 -2.1861725 737930 766193
5.4462848 -1.5573274 -2.0774745 740373.02 769899.04
5.3781805 -1.7022076 -1.9429595 743766 774855
5.3392016 -1.8194213 -1.8407161 746393.02 778670.04
5.3065674 -1.9766591 -1.7101593 749822.03 783616.03
5.2915222 -2.1399885 -1.6151462 753547.03 788445.03
5.289982 -2.2618727 -1.5517181 756357.03 791992.03
5.2995152 -2.4219476 -1.4709054 760069.03 796643.03
5.3195125 -2.5780766 -1.4159118 763854 801067
5.3403047 -2.6913878 -1.3627247 766549.03 804380.03
5.376937 -2.8439774 -1.307645 770321 808792
5.410546 -2.9574928 -1.2582444 773121.03 812166.04
5.4630892 -3.1040986 -1.1950747 776815.03 816594.03
5.5225212 -3.2465136 -1.1558301 780611.03 820846.03
5.5695245 -3.3485308 -1.122266 783345 823970
5.6401235 -3.4899463 -1.0932627 787298.03 828260.03
5.7135606 -3.6284539 -1.0732963 791270 832464
5.767877 -3.7291332 -1.0788043 794285 835415
5.8396856 -3.8667654 -1.1010085 798462 839334
5.9057643 -4.0035011 -1.1402536 802650.03 843066.03
5.9514479 -4.1108851 -1.1968829 806022.03 845780.02
6.0001395 -4.2530504 -1.2847532 810451.03 849188.02
6.0264051 -4.3615125 -1.3816598 813924.03 851535.02
6.0436826 -4.5026203 -1.5162621 818413.03 854460.02
6.0393123 -4.6427196 -1.6876989 823064.03 857119.02
6.0219618 -4.7374968 -1.8160171 826322 858886
5.9796458 -4.8545458 -2.0193831 830749 860950
5.9204027 -4.9502263 -2.2310112 834913 862655
5.8641946 -5.010077 -2.4186278 838144 863706
5.7817917 -5.0658064 -2.6752666 842229 864809
5.7171363 -5.0906361 -2.8745877 845193 865457
5.630886 -5.102006 3.1367238 849041.03 866146
5.5507426 -5.0912647 2.8799988 852641.03 866763
5.4939654 -5.0697788 2.6796469 855388 867182
5.4291372 -5.0267789 2.432215 858854.02 867773
5.3877925 -4.9843661 2.2546695 861430 868286
5.3417566 -4.9126136 2.0278083 864971 869191
5.3078568 -4.8277254 1.8736693 868250.02 870679.01
5.2876671 -4.7520836 1.7895869 870780 872232
5.2671444 -4.638062 1.7081716 874274 874780
5.2535154 -4.5166805 1.65705 877756.03 877668.02
5.2468381 -4.41537 1.6161704 880641.03 880078.02
5.2427677 -4.2757795 1.5837248 884471.03 883531.03
5.2426867 -4.1678447 1.559369 887427.03 886204.03
5.2469106 -4.0176901 1.525977 891538 889927
5.2541397 -3.8644614 1.5213296 895565.03 893900.03
5.2597656 -3.745212 1.5259771 898651.03 897040.03
5.2655617 -3.590561 1.5406935 902601.03 901161.03
5.2720253 -3.432463 1.5191779 906852.03 905162.03
5.2791303 -3.3130056 1.5036007 910063 908192
5.291047 -3.1516856 1.4905192 914357.03 912334.03
5.3006173 -3.0278612 1.4968017 917559 915609
5.3125284 -2.8637339 1.4998999 921832.03 919918.03
5.3247781 -2.697615 1.494478 926207 924230
5.3336673 -2.5744679 1.5029984 929377.03 927499.03
5.3433697 -2.4065854 1.5231371 933645.03 932001.03
5.3483938 -2.2436966 1.5567876 937699.03 936446.03
5.3489311 -2.119504 1.5761515 940825 939797
5.3426576 -1.9549315 1.6416452 944739 944472
5.3288921 -1.8290132 1.7177246 947600 948217
5.2959373 -1.6692571 1.8307248 951197 953127
5.2465636 -1.522867 1.961455 954466.02 957915.03
5.1962361 -1.416433 2.0635255 956943.02 961578.04
5.1114774 -1.2858033 2.2291961 960041.02 966601.04
5.0103025 -1.1757586 2.3992559 962951.02 971487.04
4.9206928 -1.1034818 2.5264567 965214.02 975228.04
4.7855849 -1.0258703 2.7138998 968188 980380
4.6769004 -0.98563726 2.8602063 970360 984252
4.5272678 -0.95327984 2.9970459 973557 989039
4.3702767 -0.9388154 3.1023873 977056.03 993762.03
4.2516446 -0.93832483 -3.1106576 979742 997263
4.0898714 -0.94836125 -3.0486064 983608 1001850
3.9328905 -0.96627795 -3.0072964 987488 1006210
3.8137547 -0.98353474 -2.9881904 990516 1009460
3.6547019 -1.009896 -2.9665025 994594.03 1013790
3.5332738 -1.0325536 -2.947741 997706.03 1017120
3.3700217 -1.0643547 -2.9506671 1002060 1021440
3.2084117 -1.0951581 -2.9558309 1006380 1025700
3.081574 -1.1178661 -2.9730434 1009840 1028960
2.9111938 -1.1476136 -2.9644372 1014300 1033520
2.7816938 -1.1706833 -2.9661584 1017740 1036940
2.6157486 -1.2001718 -2.9652978 1022130 1041340
2.4435565 -1.2284063 -2.9928379 1026840 1045730
2.3149068 -1.2471203 -3.0014441 1030280 1049070
2.1424833 -1.2698575 -3.0195173 1034920 1053500
2.0166615 -1.2851292 -3.0220992 1038240 1056790
1.8429293 -1.3050789 -3.0324266 1042860 1061290
1.6720628 -1.3247742 -3.0212384 1047280 1065840
1.5439978 -1.3406537 -3.0152141 1050610 1069240
1.3773676 -1.361825 -3.0152141 1054990 1073620
1.2085267 -1.3823181 -3.0264023 1059490 1077990
1.08302 -1.3970038 -3.0238203 1062770 1081300
0.91407063 -1.4181744 -3.0100504 1067130 1085820
0.74746586 -1.4410201 -3.0005835 1071460 1090260
0.6229291 -1.4586983 -3.0005835 1074740 1093540
0.45434728 -1.4812242 -3.0169354 1079270 1097880
0.32667615 -1.4971665 -3.017796 1082630 1101230
0.15774736 -1.516933 -3.0324267 1087150 1105580
-0.0067689582 -1.5347494 -3.0350086 1091480 1109880
-0.13513377 -1.5479805 -3.0427542 1094890 1113200
-0.30404246 -1.566199 -3.0255416 1099220 1117730
-0.47297007 -1.5859654 -3.024681 1103650 1122170
-0.59598218 -1.6005201 -3.0229599 1106870 1125410
-0.76623203 -1.6188092 -3.0461967 1111470 1129740
-0.93592756 -1.634973 -3.0470573 1115920 1134180
-1.0661261 -1.6472052 -3.0487786 1119340 1137580
-1.2344364 -1.6637488 -3.038451 1123690 1142050
-1.3614741 -1.6767879 -3.0401723 1127030 1145370
-1.5298787 -1.6942925 -3.0358692 1131420 1149810
-1.7020215 -1.7129348 -3.0315661 1135910 1154350
-1.8268861 -1.726457 -3.0358692 1139210 1157600
-1.9924665 -1.7433081 -3.0444754 1143600 1161890
-2.1666851 -1.7605082 -3.0418935 1148150 1166470
-2.30107 -1.7751785 -3.0238203 1151570 1170100
-2.4752042 -1.7966183 -3.0143535 1156090 1174730
-2.6034241 -1.8127972 -3.017796 1159480 1178080
-2.7777704 -1.8324375 -3.0410329 1164190 1182520
-2.9539427 -1.8493713 -3.0504999 1168860 1187080
-3.0836732 -1.8603777 -3.0634093 1172330 1190400
-3.2538726 -1.8728278 -3.0737367 1176840 1194790
-3.3826956 -1.8804138 -3.0918099 1180310 1198050
-3.5487733 -1.8879006 -3.101277 1184700 1202330
-3.7161069 -1.8924156 -3.1279562 1189220 1206540
-3.8380577 -1.8928192 3.1345741 1192520 1209600
-4.0027267 -1.889041 3.102731 1197000 1213710
-4.1238352 -1.8847496 3.1096161 1200120 1216910
-4.2896765 -1.8822296 -3.140005 1204250 1221430
-4.4458796 -1.8869826 -3.0823425 1207990 1225840
-4.5593904 -1.896367 -3.0358686 1210690 1229080
-4.7060573 -1.9177664 -2.9575521 1214100 1233400
-4.8405857 -1.9520381 -2.8267369 1216960 1237780
-4.9329674 -1.988 -2.7139936 1218890 1241020
-5.0410961 -2.0488197 -2.5444514 1221140 1245240
-5.1290592 -2.1229726 -2.337901 1222940 1249440
-5.1798178 -2.1854978 -2.1674952 1224050 1252530
-5.2259268 -2.2749846 -1.9256592 1225270 1256560
-5.2433934 -2.3395842 -1.7440687 1225960 1259360
-5.2470787 -2.4190746 -1.490182 1226560 1262910
-5.2322219 -2.4878598 -1.2259695 1226860 1266280
-5.2106733 -2.5323909 -1.0142553 1226920 1268800
-5.1709479 -2.5794059 -0.72422434 1226840 1272090
-5.1232861 -2.6116138 -0.46431698 1226830 1275100
-5.0835287 -2.6273536 -0.28960979 1226930 1277230
-5.0237824 -2.6385372 -0.080477534 1227300 1280030
-4.9714409 -2.6393035 0.05119833 1227900 1282160
-4.8944465 -2.6291743 0.21041424 1229000 1285110
-4.808727 -2.6046334 0.34725462 1230530 1288230
-4.7653454 -2.5876323 0.39975209 1231440 1289750
-4.6789936 -2.5477725 0.46515989 1233540 1292610
-4.6114554 -2.5130714 0.48409349 1235410 1294700
-4.5125624 -2.4617751 0.47290535 1238380 1297540
-4.4096483 -2.4103449 0.45397141 1241490 1300430
-4.3280054 -2.3712863 0.43848017 1243940 1302700
-4.209875 -2.3170041 0.42298903 1247420 1306000
-4.0905243 -2.2630915 0.42557089 1250820 1309430
-3.9994461 -2.2220444 0.42126775 1253450 1312010
-3.8760214 -2.1673751 0.41266149 1257020 1315480
-3.7820291 -2.1262735 0.41180075 1259700 1318150
-3.648742 -2.0692824 0.39630958 1263570 1321840
-3.513962 -2.0133602 0.39028517 1267410 1325610
-3.4115903 -1.9714001 0.38770332 1270310 1328480
-3.2742819 -1.9145673 0.39717032 1274130 1332410
-3.1357566 -1.8551954 0.41266149 1277970 1336430
-3.0265003 -1.807363 0.4126615 1281080 1339540
-2.8835737 -1.7446433 0.41438264 1285140 1343620
-2.7762664 -1.6981038 0.40405522 1288250 1346610
-2.6317903 -1.636549 0.40147339 1292360 1350690
-2.4833956 -1.572947 0.40835835 1296530 1354940
-2.3698382 -1.5234644 0.41352208 1299730 1358200
-2.2214767 -1.458816 0.40835823 1303980 1362390
-2.0729041 -1.3961193 0.39028512 1308290 1366490
-1.9633191 -1.3515327 0.38253942 1311420 1369530
-1.8131268 -1.2928217 0.36274507 1315740 1373620
-1.7037929 -1.2518087 0.35499951 1318830 1376620
-1.554947 -1.1988062 0.32918057 1323100 1380590
-1.4082312 -1.1502327 0.31024693 1327240 1384510
-1.2959119 -1.1162382 0.27754262 1330490 1387380
-1.139277 -1.0763141 0.22160195 1335030 1391270
-1.0227259 -1.0528864 0.17512856 1338400 1394100
-0.86784128 -1.0293827 0.12607284 1342770 1397900
-0.7108507 -1.0115409 0.10025386 1347040 1401870
-0.55077877 -0.9975238 0.074435067 1351380 1405910
-0.4317634 -0.9897807 0.055501118 1354600 1408910
-0.27499232 -0.98485588 0.0073063753 1358970 1412720
-0.15841161 -0.9855091 -0.018512422 1362160 1415610
0.0029160425 -0.99183112 -0.059822497 1366610 1419580
0.16393233 -1.0007103 -0.05035544 1370760 1423840
0.28884279 -1.0059283 -0.033142839 1373920 1427200
0.45027035 -1.0086391 -0.0004392638 1377940 1431600
0.61267042 -1.0068235 0.022797653 1382040 1435970
0.73667281 -1.0029814 0.039149712 1385180 1439300
0.903477 -0.99464974 0.060665352 1389410 1443780
1.0685522 -0.98312502 0.07873838 1393620 1448200
1.1945454 -0.97121744 0.10972118 1396740 1451680
1.3716359 -0.9486946 0.14328575 1401200 1456530
1.5021851 -0.92721389 0.18287419 1404420 1460210
1.6730526 -0.89378503 0.20352923 1408840 1464870
1.8407113 -0.85714657 0.22676613 1413180 1469480
1.9707767 -0.82725382 0.22504507 1416670 1472950
2.1412998 -0.78597118 0.25000317 1421100 1477670
2.2674651 -0.75306058 0.26033059 1424440 1481130
2.4343755 -0.70628403 0.28614946 1428810 1485800
2.5998385 -0.6565934 0.29733753 1433250 1490370
2.7637274 -0.60567922 0.30508306 1437680 1494890
2.8855637 -0.56805906 0.29389498 1441070 1498150
3.0448239 -0.52038061 0.28787064 1445440 1502450
3.164194 -0.48520325 0.28528874 1448700 1505680
3.3270919 -0.43765535 0.28270688 1453140 1510090
3.4855079 -0.39325934 0.26377309 1457540 1514270
3.6034249 -0.36368972 0.22762678 1460920 1517230
3.7601125 -0.33268486 0.16307978 1465460 1521020
3.9199043 -0.31403698 0.069271488 1470200 1524670
4.0369743 -0.30950185 0.0081670018 1473610 1527370
4.1913826 -0.31608516 -0.093386933 1478230 1530810
4.3405151 -0.33786602 -0.19666299 1482760 1534140
4.451459 -0.36528364 -0.28788936 1486270 1536590
4.5929019 -0.41620236 -0.4032125 1490860 1539840
4.6982406 -0.46704603 -0.49616098 1494450 1542350
4.82682 -0.54640381 -0.60976379 1499050 1545630
4.9462367 -0.64176874 -0.73799696 1503780 1548870
5.0270942 -0.72116732 -0.81459272 1507180 1551380
5.1255566 -0.83678674 -0.9161465 1511730 1554750
5.1905842 -0.92700671 -0.97638979 1514980 1557300
5.2715771 -1.0599817 -1.0710587 1519590 1560810
5.339946 -1.1983727 -1.1528188 1524090 1564360
5.3841406 -1.3070809 -1.2165046 1527520 1567050
5.4339968 -1.4535708 -1.2690032 1531860 1570780
5.4672924 -1.5684941 -1.3085916 1535210 1573670
5.5063311 -1.7223868 -1.3361317 1539510 1577650
5.5324865 -1.838162 -1.3610901 1542750 1580600
5.5622703 -1.9927425 -1.3998181 1547080 1584480
5.5867046 -2.1503942 -1.4342431 1551440 1588440
5.6066082 -2.3088761 -1.45748 1555740 1592470
5.6201375 -2.4277592 -1.4574801 1558860 1595590
5.6369852 -2.5829287 -1.4678076 1562990 1599600
5.6485085 -2.6948931 -1.4686682 1565930 1602530
5.6625644 -2.8497653 -1.4919052 1570120 1606450
5.6743236 -3.0044414 -1.4979295 1574200 1610460
5.6826456 -3.1226499 -1.5030933 1577320 1613520
5.6929427 -3.2764707 -1.5048145 1581350 1617530
5.7030538 -3.430496 -1.5056751 1585380 1621550
5.7103068 -3.5439707 -1.5082567 1588360 1624500
5.7223232 -3.6895874 -1.4686678 1591940 1628540
5.7355659 -3.7961453 -1.4256369 1594490 1631590
5.7614309 -3.9282437 -1.3292467 1597440 1635660
5.7891526 -4.0192216 -1.2208065 1599290 1638770
5.840627 -4.1295656 -1.0478203 1601460 1642950
5.9072378 -4.2214807 -0.83955016 1603210 1647120
5.9630398 -4.2741018 -0.67258683 1604240 1650090
6.042408 -4.3225695 -0.42386753 1605220 1653960
6.1228251 -4.3461188 -0.14588305 1605790 1657760
6.1831861 -4.348302 0.07357674 1606090 1660610
6.2598796 -4.3310227 0.36963016 1606420 1664380
6.3272214 -4.2935142 0.64675378 1606820 1668000
6.3713622 -4.2528492 0.84211587 1607250 1670700
6.4191312 -4.1842386 1.0830912 1608030 1674280
6.4522121 -4.1008207 1.3034114 1609090 1677900
6.4657501 -4.0321554 1.4488559 1610070 1680570
6.4699917 -3.938678 1.6020483 1611620 1683900
6.4641511 -3.8645103 1.6967163 1613010 1686390
6.4453146 -3.7613296 1.8060159 1615110 1689760
6.4145058 -3.6518757 1.8843333 1617620 1693180
6.3835133 -3.5623671 1.9239217 1619860 1695880
6.3356608 -3.4394295 1.960068 1623090 1699530
6.2976148 -3.3493416 1.9807232 1625520 1702200
6.2425961 -3.2256525 1.9979357 1628950 1705830
6.1993758 -3.1324049 2.0117057 1631550 1708590
6.1393413 -3.0061707 2.01773 1635160 1712270
6.0801891 -2.8778271 1.9876079 1639020 1715780
6.0270081 -2.7535464 1.9626499 1642690 1719160
5.9883034 -2.6558556 1.9333884 1645600 1721730
5.9405924 -2.5246711 1.9058486 1649400 1725210
5.9061938 -2.4233552 1.8903571 1652280 1727910
5.8617621 -2.2815497 1.8585141 1656340 1731600
5.823214 -2.1430017 1.8258103 1660280 1735160
5.7980161 -2.0366488 1.7810573 1663390 1737750
5.771885 -1.8952332 1.7259776 1667460 1741180
5.7550627 -1.7441096 1.6373325 1671940 1744630
5.7508182 -1.6302918 1.5788105 1675250 1747260
5.755861 -1.4788941 1.4961898 1679680 1750730
5.7673358 -1.3678895 1.439389 1682920 1753310
5.7930156 -1.2187961 1.361072 1687320 1756800
5.8307198 -1.0730729 1.2741487 1691750 1760220
5.8669376 -0.96711103 1.2087411 1695050 1762760
5.9278491 -0.82820715 1.1063265 1699600 1766120
6.0017561 -0.69950566 0.99272379 1704130 1769330
6.0685727 -0.60655446 0.90235732 1707640 1771790
6.1676452 -0.49272681 0.80682845 1712130 1775170
6.249739 -0.41294578 0.73539591 1715530 1777740
6.3680003 -0.31374758 0.66052126 1719990 1781330
6.4972156 -0.22282228 0.56585247 1724660 1784900
6.5953844 -0.16431651 0.50905166 1727970 1787550
6.7331917 -0.093511084 0.44020133 1732410 1791190
6.8732566 -0.030023775 0.41094006 1736590 1795030
6.9856661 0.017754648 0.39286708 1739880 1798110
7.1313314 0.07694803 0.37909705 1744060 1802130
7.2415448 0.11943082 0.35672064 1747270 1805080
7.3905839 0.17358871 0.34036886 1751500 1809120
7.5434585 0.22669524 0.32832008 1755790 1813270
7.6598205 0.26627796 0.32745943 1759000 1816470
7.810239 0.31708479 0.32401682 1763160 1820590
7.9218712 0.35388322 0.31282871 1766290 1823590
8.0683079 0.40020613 0.29991941 1770370 1827520
8.217643 0.44289013 0.25688808 1774670 1831320
8.3297518 0.47038875 0.22418427 1777870 1834140
8.4766344 0.49958479 0.1682434 1782100 1837720
8.5818452 0.51680328 0.15619477 1784950 1840430
8.7133517 0.5383834 0.16910428 1788350 1843980
8.8318902 0.55956823 0.18459545 1791400 1847210
8.9086417 0.57472126 0.20525049 1793320 1849370
8.9963977 0.5943739 0.23537241 1795490 1851890
9.0732794 0.61414629 0.26807622 1797370 1854150
9.127934 0.63015037 0.30164096 1798660 1855830
9.204128 0.65563099 0.34381136 1800510 1858170
9.2900957 0.68741549 0.3644664 1802780 1860680
9.366014 0.71596821 0.35499928 1804950 1862740
9.4822876 0.75697787 0.3231562 1808350 1865770
9.5761267 0.78773198 0.3102468 1811000 1868270
9.7083169 0.82886095 0.29303439 1814710 1871780
9.8107133 0.85922798 0.28356748 1817550 1874510
9.9466386 0.89858573 0.280125 1821260 1878180
10.09049 0.93809996 0.25602745 1825290 1881930
10.1983 0.96617305 0.25344557 1828210 1884820
10.34097 1.0018846 0.2370936 1832140 1888560
10.447295 1.0271898 0.23020866 1835030 1891370
10.588318 1.0607528 0.23709367 1838770 1895190
10.735702 1.096568 0.23967569 1842710 1899160
10.844842 1.1240865 0.25430619 1845560 1902180
10.991112 1.1619727 0.25258495 1849510 1906110
11.137786 1.1998289 0.2525849 1853460 1910060
11.250743 1.2286719 0.24742119 1856530 1913070
11.408328 1.2679728 0.24139685 1860800 1917270
11.563305 1.3066233 0.24742119 1864930 1921470
11.678421 1.3355432 0.24483941 1868040 1924550
11.826411 1.3736711 0.25946996 1871940 1928620
11.978919 1.414225 0.26033059 1876050 1932740
12.092898 1.4452175 0.27065807 1879070 1935880
12.240446 1.4857472 0.26549434 1883090 1939840
12.350354 1.5156328 0.26549445 1886060 1942810
12.498632 1.5571188 0.280125 1889990 1946910
12.652009 1.6023895 0.29389515 1894080 1951160
12.763358 1.6369289 0.307665 1897040 1954280
12.912436 1.6838052 0.30164068 1901150 1958320
13.024456 1.7187644 0.30336191 1904200 1961390
13.178578 1.7668626 0.3016407 1908420 1965590
13.336273 1.816374 0.30680442 1912700 1969930
13.452332 1.8531971 0.30766505 1915870 1973110
13.607341 1.9023051 0.30594379 1920120 1977340
13.720444 1.9382977 0.31024693 1923190 1980460
13.877979 1.9876846 0.29733747 1927570 1984690
14.035119 2.0350967 0.28873109 1931900 1988920
14.191904 2.0796184 0.26463372 1936290 1993030
14.306795 2.1109119 0.26721557 1939380 1996150
14.46481 2.1538783 0.26377317 1943670 2000400
14.581864 2.1859774 0.27151873 1946790 2003610
14.734292 2.2275656 0.26119121 1950970 2007670
14.890418 2.2679328 0.24483931 1955270 2011780
15.008957 2.2965766 0.22934803 1958540 2014870
15.171528 2.3331308 0.21299612 1962980 2019120
15.333453 2.3681514 0.21299612 1967300 2023440
15.454393 2.3940355 0.20869301 1970550 2026640
15.610985 2.4274093 0.21127473 1974710 2030830
15.773494 2.4605846 0.19148046 1979150 2035040
15.894208 2.4837163 0.18717733 1982380 2038220
16.054524 2.5120116 0.16221916 1986770 2042320
16.171698 2.5309293 0.15791602 1989890 2045390
16.333744 2.5558052 0.14672788 1994230 2049600
16.496537 2.5795781 0.14328537 1998540 2053870
16.61668 2.5954364 0.11918747 2001840 2056890
16.775506 2.6104469 0.069271488 2006290 2060760
16.893676 2.6161455 0.027100786 2009620 2063600
17.053977 2.6160751 -0.027979314 2014120 2067460
17.215107 2.6095525 -0.05293771 2018470 2071520
17.333376 2.6021623 -0.07187133 2021670 2074500
17.485564 2.590547 -0.080477641 2025700 2078430
17.603434 2.5803766 -0.091665439 2028850 2081450
17.750856 2.5693165 -0.058101244 2032510 2085500
17.891748 2.5657981 0.0081676256 2035800 2089560
17.991372 2.5698721 0.073574621 2038020 2092540
18.115033 2.5868992 0.20008673 2040540 2096530
18.200324 2.6093827 0.31541069 2042170 2099500
18.303716 2.6533811 0.48925863 2044090 2103440
18.390005 2.7106139 0.68203907 2045670 2107260
18.454712 2.7752546 0.88772735 2046860 2110840
18.490248 2.8271472 1.0529693 2047540 2113440
18.520955 2.8991017 1.2818961 2048250 2116810
18.532019 2.9549656 1.4686522 2048650 2119380
18.529856 3.0281812 1.7320038 2049030 2122820
18.510264 3.0939714 1.9884704 2049330 2126100
18.485564 3.1383775 2.1683413 2049610 2128470
18.439405 3.1920022 2.3946859 2050140 2131630
18.378917 3.2375846 2.5969331 2050940 2134780
18.323277 3.2660742 2.7397974 2051740 2137240
18.238928 3.2931463 2.9222485 2052990 2140610
18.170345 3.3038484 3.0513437 2054050 2143170
18.073711 3.3050016 -3.0752087 2055660 2146600
17.970466 3.2915414 -2.9486966 2057640 2150050
17.888235 3.2726688 -2.883289 2059460 2152630
17.769781 3.2384643 -2.8376758 2062410 2156110
17.649822 3.1993619 -2.8152994 2065570 2159530
17.55716 3.1675164 -2.8058326 2068070 2162140
17.426928 3.1216916 -2.8006689 2071640 2165770
17.331866 3.0868564 -2.7800136 2074160 2168530
17.202863 3.0360892 -2.7533344 2077620 2172300
17.072487 2.9825663 -2.7507525 2081280 2175990
16.977334 2.943216 -2.7481707 2083950 2178690
16.846034 2.888917 -2.7507524 2087670 2182380
16.747674 2.8477936 -2.740425 2090390 2185220
16.614011 2.7887757 -2.7111637 2094030 2189200
16.477153 2.7256532 -2.7077212 2097940 2193150
16.377327 2.6792982 -2.706 2100800 2196030
16.239355 2.6163084 -2.7206306 2104840 2199900
16.101947 2.5548585 -2.7214912 2108770 2203820
15.996088 2.5074079 -2.7189093 2111780 2206860
15.853562 2.4442564 -2.7300975 2115910 2210860
15.747686 2.398268 -2.73354 2118940 2213850
15.604493 2.3381104 -2.7541951 2123110 2217780
15.460231 2.2795386 -2.7576377 2127190 2221820
15.347165 2.2348749 -2.7731289 2130450 2224900
15.200768 2.1796508 -2.7886202 2134620 2228890
15.090282 2.1395406 -2.798087 2137740 2231900
14.941244 2.085942 -2.7946444 2141850 2236050
14.791484 2.0304043 -2.7782926 2145920 2240310
14.679608 1.9879818 -2.7800138 2149050 2243420
14.53644 1.9339755 -2.7817352 2153050 2247400
14.38998 1.8800196 -2.7955051 2157200 2251390
14.282017 1.8408255 -2.791202 2160170 2254410
14.133979 1.7867217 -2.791202 2164280 2258520
13.98774 1.7332757 -2.791202 2168340 2262580
13.877975 1.6934272 -2.7955051 2171410 2265600
13.730153 1.6409834 -2.8058326 2175560 2269630
13.61939 1.6022229 -2.8041114 2178610 2272700
13.467024 1.550591 -2.825627 2182930 2276770
13.320205 1.5035703 -2.8376758 2187020 2280720
13.20619 1.4685643 -2.8497245 2190200 2283760
13.055358 1.4228222 -2.8445608 2194280 2287900
12.938945 1.3871351 -2.8437002 2197450 2291080
12.78587 1.3408566 -2.8523065 2201670 2295200
12.63155 1.2960795 -2.8660765 2205940 2299310
12.514653 1.2634122 -2.8721009 2209140 2302440
12.357038 1.219 -2.8617734 2213350 2306770
12.235498 1.1837343 -2.8566096 2216620 2310100
12.079773 1.1369469 -2.8428396 2220780 2314420
11.924047 1.0888412 -2.8411182 2225020 2318680
11.808281 1.052369 -2.8316514 2228130 2321900
11.649774 1.001605 -2.8316514 2232470 2326240
11.493007 0.95169588 -2.835094 2236780 2330510
11.375881 0.91507196 -2.8419789 2240020 2333670
11.21772 0.86576612 -2.8368152 2244310 2338020
11.056773 0.81444986 -2.8290695 2248670 2342470
10.937544 0.77620881 -2.8333727 2251960 2345710
10.781091 0.72721387 -2.8428397 2256290 2349930
10.662492 0.69146952 -2.8548883 2259590 2353090
10.506115 0.64485294 -2.8488639 2263810 2357380
10.342924 0.59559273 -2.8480033 2268250 2361830
10.223914 0.5592212 -2.841979 2271460 2365110
10.063504 0.51004636 -2.8462821 2275860 2369460
9.9063556 0.461353 -2.8359546 2280090 2373810
9.7841382 0.42302158 -2.8393971 2283450 2377130
9.6251148 0.37389719 -2.8445609 2287820 2381440
9.504911 0.33749999 -2.8505852 2291130 2384680
9.3431955 0.28800098 -2.8385364 2295470 2389160
9.1782051 0.23484743 -2.8213239 2299890 2393780
9.0563367 0.19419219 -2.8178814 2303220 2397150
8.8965677 0.14051105 -2.8170208 2307610 2401550
8.7755315 0.099785875 -2.8170206 2310940 2404880
8.6143572 0.043695839 -2.7963657 2315270 2409450
8.450675 -0.016205164 -2.7851775 2319750 2414060
8.3320234 -0.061313589 -2.7714075 2322980 2417450
8.1721787 -0.12429713 -2.7610798 2327400 2421990
8.0156807 -0.1894113 -2.73354 2331660 2426570
7.8956447 -0.24130501 -2.73354 2335070 2429980
7.7409658 -0.3082545 -2.7326794 2339460 2434380
7.5858207 -0.37508889 -2.7369825 2343890 2438760
7.4708417 -0.42514912 -2.7249337 2347090 2442100
7.3162766 -0.49331669 -2.7275158 2351510 2446490
7.204877 -0.5410222 -2.7464496 2354780 2449540
7.0563988 -0.59989635 -2.7817351 2359150 2453500
6.9083593 -0.65400055 -2.8006689 2363370 2457500
6.7957324 -0.694395 -2.7937836 2366450 2460660
6.6425141 -0.75272034 -2.7619402 2370540 2465120
6.4923635 -0.81901827 -2.6896475 2374400 2469820
6.383096 -0.87613166 -2.630264 2377270 2473380
6.2474819 -0.96196128 -2.5244071 2380840 2478180
6.1533831 -1.0336709 -2.4564177 2383530 2481660
6.0338802 -1.1384895 -2.3867068 2387270 2486210
5.9268807 -1.2486755 -2.296341 2390750 2490740
5.8502853 -1.3418391 -2.2214672 2393460 2494320
5.7616583 -1.4731045 -2.1078645 2396930 2499110
5.7059428 -1.5750763 -2.0338501 2399530 2502570
5.6400801 -1.7195364 -1.9632792 2403260 2507120
5.5842812 -1.8708347 -1.8849622 2407010 2511780
5.5497157 -1.9871851 -1.8341852 2409880 2515240
5.5136166 -2.1423855 -1.7644739 2413630 2519800
5.4889366 -2.300386 -1.6870181 2417350 2524420
5.4775074 -2.4223785 -1.6414049 2420280 2527880
5.4708524 -2.5815828 -1.5837427 2424100 2532370
5.4705909 -2.7010413 -1.562227 2427090 2535610
5.4749253 -2.8585982 -1.5243593 2430980 2539940
5.4867183 -3.018656 -1.4701402 2434850 2544440
5.5016486 -3.1420093 -1.430551 2437860 2547910
5.5277306 -3.2980349 -1.3797744 2441690 2552330
5.5601743 -3.4542363 -1.3522341 2445690 2556650
5.5870792 -3.5690509 -1.3289973 2448630 2559860
5.6275615 -3.7273247 -1.3117848 2452790 2564220
5.6590026 -3.8443582 -1.3048999 2455910 2567420
5.7024977 -3.9980478 -1.2851055 2459960 2571700
5.7504766 -4.1532105 -1.2567044 2464030 2576100
5.7895331 -4.2654942 -1.2153947 2466890 2579440
5.8473202 -4.4129605 -1.179248 2470810 2583780
5.8916341 -4.5145448 -1.1396596 2473470 2586900
5.9561055 -4.6402993 -1.0544576 2476660 2591080
6.0298918 -4.753339 -0.93052734 2479460 2595320
6.0920382 -4.8265959 -0.80401392 2481230 2598560
6.1800123 -4.9025076 -0.61984115 2483190 2602660
6.2482992 -4.9441044 -0.47439526 2484430 2605590
6.3419034 -4.9806234 -0.26956614 2485860 2609400
6.4343285 -4.9952378 -0.044080307 2486990 2613150
6.500993 -4.9923225 0.13148747 2487710 2615910
6.5822732 -4.9719557 0.35955188 2488570 2619420
6.6561293 -4.9340253 0.58933917 2489400 2622920
6.7051156 -4.8948869 0.7588826 2490050 2625540
6.7605319 -4.8294993 0.9766226 2491020 2629040
6.7934973 -4.7714833 1.1315339 2491860 2631680
6.8244376 -4.6864307 1.3122666 2493170 2635090
6.8416711 -4.593874 1.4611539 2494760 2638410
6.8461348 -4.5192258 1.5609866 2496130 2640940
6.8403937 -4.4152645 1.6909421 2498090 2644410
6.8197109 -4.3056015 1.8234777 2500230 2648090
6.7948438 -4.2221754 1.8974915 2502070 2650790
6.7517937 -4.1062325 1.9551535 2504960 2654350
6.7142465 -4.0176003 1.9878573 2507280 2657050
6.6594449 -3.8997092 2.0240039 2510460 2660650
6.597913 -3.7793431 2.0627322 2513760 2664400
6.5484676 -3.6912156 2.1014603 2516170 2667260
6.4782036 -3.5757289 2.1333033 2519510 2670970
6.422476 -3.4880061 2.1401883 2522180 2673720
6.3480619 -3.3726308 2.1470732 2525720 2677340
6.289992 -3.2827663 2.1419095 2528540 2680100
6.2126162 -3.161773 2.1376064 2532310 2683820
6.1367894 -3.041613 2.1298607 2536060 2687480
6.0592034 -2.915319 2.1135088 2540020 2691250
6.0019646 -2.8204149 2.1135088 2542910 2694140
5.9255622 -2.6916158 2.0988782 2546900 2697960
5.8701928 -2.5945026 2.0790838 2549930 2700760
5.8015036 -2.4601353 2.0076511 2554280 2704280
5.7435074 -2.3183305 1.9104003 2558840 2707710
5.7097125 -2.2105671 1.8389689 2562200 2710240
5.6761509 -2.0616716 1.7460213 2566720 2713680
5.6567735 -1.9104678 1.6504908 2571250 2717100
5.653138 -1.7981625 1.5558218 2574730 2719480
5.6652613 -1.6500545 1.4224257 2579380 2722580
5.6968134 -1.5068002 1.2855851 2584000 2725610
5.7320797 -1.4049731 1.1891959 2587370 2727860
5.7951781 -1.2727622 1.0618224 2591930 2730940
5.8516716 -1.1798725 0.98694864 2595200 2733340
5.9369085 -1.0652368 0.87592782 2599570 2736420
6.0308346 -0.96352978 0.77437302 2603770 2739440
6.1121944 -0.89083791 0.68400809 2607140 2741760
6.2292123 -0.80462769 0.58589608 2611500 2744980
6.3574001 -0.7268359 0.50499777 2615880 2748420
6.4547878 -0.67473677 0.47745741 2618920 2751140
6.5887283 -0.60905178 0.43442618 2623060 2754780
6.7216026 -0.54967777 0.40602555 2627020 2758410
6.8223795 -0.50737619 0.38881318 2629970 2761160
6.961667 -0.45184855 0.36987944 2633990 2764960
7.0672365 -0.41065516 0.37418253 2636920 2767940
7.2119313 -0.35526848 0.35697004 2641060 2771880
7.3574701 -0.30049025 0.36299438 2645080 2775970
7.4696089 -0.25767608 0.36643689 2648190 2779120
7.6189713 -0.19894983 0.38278879 2652280 2783400
7.7318997 -0.1529135 0.39139506 2655410 2786630
7.8846117 -0.091194775 0.3767644 2659790 2790840
8.0370828 -0.030943045 0.37590385 2664070 2795110
8.1907174 0.030534137 0.3853709 2668330 2799480
8.3063457 0.079069663 0.40946822 2671460 2802890
8.4605136 0.14527006 0.40172255 2675880 2807220
8.6127524 0.20963583 0.39827997 2680210 2811510
8.7303608 0.25840832 0.38795265 2683590 2814770
8.8863208 0.32332139 0.40086186 2687920 2819250
9.0039586 0.3725219 0.39139509 2691300 2822520
9.1610358 0.43774143 0.39569819 2695710 2826980
9.3185402 0.50393439 0.40000146 2700140 2831460
9.4344093 0.55386637 0.4137713 2703350 2834830
9.5894919 0.62133071 0.40688619 2707800 2839200
9.7433663 0.68576449 0.38623122 2712270 2843430
9.8590208 0.73221715 0.37762504 2715570 2846630
10.015697 0.7953813 0.38881318 2719910 2851100
10.135259 0.8454471 0.40430446 2723200 2854570
10.29274 0.912189 0.39741945 2727700 2858990
10.44762 0.9772005 0.39741941 2732080 2863370
10.56581 1.0265721 0.3939771 2735440 2866690
10.683855 1.0767806 0.41032876 2738690 2870130
10.841604 1.1443581 0.39914074 2743230 2874540
10.995701 1.2097441 0.40344386 2747570 2878930
11.151481 1.2765574 0.40688634 2751970 2883370
11.265119 1.3268086 0.42582012 2755100 2886720
11.417309 1.3946566 0.41291072 2759520 2890990
11.568248 1.4596246 0.40000133 2763880 2895200
11.683732 1.5075162 0.38623134 2767220 2898380
11.837541 1.5706039 0.39225569 2771520 2902750
11.993445 1.6356511 0.39828007 2775890 2907190
12.107504 1.6834705 0.39569819 2779130 2910400
12.257745 1.7461547 0.39483757 2783380 2914640
12.371812 1.7934586 0.39139513 2786620 2917840
12.523059 1.8567159 0.40086195 2790840 2922170
12.673622 1.9186239 0.37934629 2795210 2926290
12.786427 1.9634255 0.37676441 2798390 2929440
12.94191 2.0244035 0.37074002 2802780 2933760
13.094581 2.0851906 0.38709193 2806970 2938140
13.210159 2.1313241 0.37246115 2810300 2941300
13.363191 2.1896002 0.35524862 2814670 2945470
13.4787 2.2316066 0.34233937 2817950 2948600
13.63141 2.2863245 0.34578185 2822160 2952850
13.786984 2.3432799 0.35610931 2826420 2957230
13.902311 2.3857829 0.35008498 2829660 2960400
14.053091 2.4407631 0.34922436 2833850 2964580
14.204312 2.4950941 0.34061809 2838090 2968720
14.317381 2.5353885 0.3440606 2841200 2971870
14.469335 2.5876322 0.3182418 2845540 2975910
14.583407 2.6249945 0.31479927 2848690 2979020
14.739769 2.6755383 0.31049627 2853000 2983280
14.89368 2.7261694 0.32512681 2857140 2987590
15.010667 2.7651006 0.31738092 2860400 2990760
15.165835 2.8130551 0.28209549 2864840 2994790
15.321526 2.8550716 0.24508835 2869260 2998780
15.437522 2.8828144 0.22443344 2872490 3001770
15.597151 2.9184603 0.21496646 2876810 3005980
15.718944 2.9440112 0.19861461 2880150 3009130
15.874626 2.9741618 0.1839839 2884370 3013180
16.031406 3.0015255 0.16160777 2888650 3017200
16.150305 3.0205946 0.15644382 2891820 3020310
16.31427 3.0442922 0.13062521 2896290 3024480
16.473215 3.0635751 0.11083066 2900580 3028540
16.594323 3.0761566 0.096200161 2903840 3031630
16.752723 3.0915795 0.097921402 2907980 3035790
16.873327 3.1034271 0.097921402 2911140 3038950
17.032926 3.1184123 0.089315136 2915370 3043080
17.151346 3.1289145 0.087593945 2918480 3046170
17.308679 3.1434138 0.096200543 2922550 3050340
17.462045 3.1624888 0.15128025 2926260 3054690
17.576211 3.1830737 0.20549972 2928970 3058030
17.71878 3.2191892 0.29070268 2932310 3062360
17.851355 3.2664354 0.39397772 2935380 3066630
17.946479 3.3106214 0.47573646 2937640 3069840
18.06154 3.3801091 0.61085587 2940360 3074130
18.16118 3.4612042 0.7554401 2942870 3078320
18.227069 3.5308491 0.87076406 2944700 3081490
18.299354 3.6347271 1.0549381 2946930 3085860
18.348452 3.7478242 1.2675145 2948910 3090310
18.367995 3.8344247 1.4301713 2950280 3093570
18.371817 3.9471075 1.6436067 2951980 3097750
18.359276 4.0289883 1.8019635 2953220 3100830
18.323573 4.1304604 2.016258 2954780 3104880
18.266777 4.2215893 2.2400225 2956280 3108980
18.214122 4.2781456 2.4009581 2957360 3111930
18.131575 4.339377 2.6057886 2958850 3115800
18.062097 4.3740669 2.7512331 2960030 3118670
17.95836 4.4059603 2.9354072 2961790 3122570
17.848178 4.4195965 3.1015091 2963720 3126430
17.767075 4.4186246 -3.0775414 2965230 3129150
17.657884 4.4047913 -2.9536104 2967380 3132740
17.571971 4.3848175 -2.8727116 2969210 3135510
17.454344 4.3466104 -2.7823459 2971910 3139260
17.337921 4.2974887 -2.7023082 2974740 3143020
17.250678 4.2545972 -2.6670224 2977070 3145760
17.128456 4.1908079 -2.654113 2980590 3149430
17.00482 4.1239613 -2.6377612 2984160 3153190
16.941893 4.0887742 -2.6257124 2985970 3155140
16.813217 4.0132926 -2.5964509 2989690 3159200
16.720277 3.9550535 -2.5671897 2992380 3162230
16.599344 3.8747771 -2.5439529 2996030 3166150
16.50794 3.8120988 -2.5370679 2998880 3169080
16.387528 3.72699 -2.5155522 3002600 3173050
16.265854 3.6380513 -2.5052247 3006470 3177040
16.177491 3.5721095 -2.4957578 3009290 3179970
16.057104 3.4804831 -2.4862909 3013180 3183970
15.934864 3.3856049 -2.4768239 3017160 3188060
15.843604 3.3130578 -2.4630541 3020120 3191180
15.7202 3.214698 -2.4742422 3024300 3195230
15.628983 3.1436467 -2.4854303 3027380 3198180
15.502008 3.0489756 -2.5164129 3031690 3202130
15.374002 2.9573382 -2.5241585 3035840 3206190
15.275193 2.8871797 -2.5241585 3039000 3209350
15.147342 2.7966478 -2.5267405 3043100 3213420
15.019075 2.7077148 -2.5439529 3047270 3217390
14.918892 2.6409015 -2.5628868 3050520 3220420
14.784489 2.5542441 -2.5749356 3054760 3224520
14.64593 2.4673355 -2.5878449 3059100 3228710
14.544788 2.4052224 -2.5938693 3062230 3231770
14.404977 2.321828 -2.6136637 3066590 3235900
14.301705 2.2617845 -2.6162455 3069720 3239000
14.160278 2.1807743 -2.6265731 3074030 3243190
14.019224 2.1022198 -2.6403434 3078320 3247320
13.910461 2.0445588 -2.6678833 3081690 3250370
13.763368 1.9712982 -2.6911201 3086110 3254520
13.652409 1.9179875 -2.6962838 3089350 3257700
13.503124 1.8457081 -2.6850957 3093610 3262090
13.35938 1.7751932 -2.6859563 3097790 3266260
13.250194 1.7226184 -2.6997263 3101030 3269340
13.104909 1.6544242 -2.7057507 3105250 3273490
12.955099 1.5850477 -2.7100538 3109580 3277770
12.846047 1.5344323 -2.7040295 3112680 3280940
12.694437 1.464381 -2.7134963 3117090 3285240
12.581816 1.4123443 -2.7040294 3120270 3288530
12.429774 1.3404993 -2.6962838 3124610 3292960
12.279737 1.2680152 -2.6868169 3128900 3297360
12.166461 1.2137707 -2.7031688 3132270 3300540
12.012661 1.1434288 -2.7221026 3136790 3304840
11.896488 1.0917999 -2.7246844 3140120 3308140
11.738052 1.0200783 -2.7083326 3144560 3312770
11.585005 0.94856247 -2.700587 3148920 3317220
11.469032 0.89418772 -2.7057507 3152290 3320530
11.315292 0.82234771 -2.7031688 3156700 3324970
11.198026 0.76712036 -2.6997263 3160060 3328370
11.046293 0.69462073 -2.6919807 3164400 3332800
10.890409 0.6201376 -2.6997262 3168950 3337260
10.773326 0.56363592 -2.684235 3172250 3340740
10.615451 0.4840705 -2.6653013 3176750 3345460
10.46345 0.40398873 -2.6480887 3181130 3350040
10.345736 0.34151687 -2.6592769 3184670 3353450
10.189722 0.26000541 -2.6609981 3189270 3358030
10.031676 0.1769994 -2.6549737 3193890 3362720
9.9178215 0.11544099 -2.6369006 3197160 3366200
9.7629995 0.030089522 -2.6386218 3201780 3370800
9.6496798 -0.032445855 -2.63604 3205140 3374190
9.4977008 -0.11699917 -2.6317368 3209650 3378750
9.3467726 -0.20224817 -2.6231306 3214120 3383320
9.2325759 -0.26675011 -2.6317368 3217590 3386690
9.0788643 -0.3525274 -2.633458 3222190 3391270
8.9219501 -0.44160341 -2.617106 3226800 3396070
8.8068967 -0.50922725 -2.6033361 3230200 3399630
8.6562373 -0.59839065 -2.6110819 3234810 3404150
8.5057382 -0.68554599 -2.6222699 3239410 3408620
8.3911792 -0.75057809 -2.6282943 3242880 3412020
8.2395085 -0.83607441 -2.6282944 3247420 3416560
8.0871087 -0.92026165 -2.6455069 3252060 3421000
7.9710157 -0.98251467 -2.6532525 3255540 3424390
7.8175235 -1.0634667 -2.659277 3260100 3428880
7.6661355 -1.1414038 -2.6730472 3264620 3433240
7.5515641 -1.1969365 -2.7074723 3268140 3436360
7.3953776 -1.2652242 -2.7513639 3272840 3440550
7.2782426 -1.3121129 -2.7702977 3276240 3443730
7.120131 -1.3732046 -2.7754615 3280690 3448120
6.9645226 -1.4317186 -2.788371 3285100 3452380
6.8468184 -1.4738528 -2.8073046 3288470 3455530
6.6891566 -1.5277775 -2.8167715 3292870 3459820
6.5664066 -1.5688195 -2.8210747 3296270 3463170
6.4072654 -1.6225626 -2.8107471 3300590 3467610
6.2472576 -1.6761386 -2.8262384 3305080 3471920
6.129067 -1.7150915 -2.820214 3308290 3475200
5.9686056 -1.7685123 -2.820214 3312700 3479610
5.8097609 -1.8225363 -2.8073048 3317000 3484060
5.688008 -1.8635364 -2.8262385 3320460 3487300
5.5273674 -1.9151803 -2.8348447 3324910 3491650
5.4047949 -1.9536566 -2.8400085 3328290 3494970
5.2393393 -2.0072415 -2.8167715 3332690 3499640
5.0749549 -2.0628341 -2.8141897 3337200 3504180
4.9544318 -2.1038825 -2.8124684 3340510 3507510
4.7940249 -2.158669 -2.8124683 3344930 3511930
4.6313673 -2.2151637 -2.8021409 3349360 3516480
4.5107514 -2.2576973 -2.8030016 3352700 3519810
4.3488679 -2.3140793 -2.8098865 3357210 3524240
4.2266934 -2.3568081 -2.8004195 3360530 3527670
4.0604009 -2.417387 -2.7840677 3365050 3532380
3.898745 -2.4783339 -2.7780433 3369520 3536920
3.7749254 -2.5244083 -2.792674 3373050 3540280
3.6120837 -2.5832543 -2.7969771 3377590 3544770
3.4870722 -2.628308 -2.7943951 3381040 3548250
3.32295 -2.6897817 -2.772019 3385480 3552950
3.1578354 -2.7534976 -2.7746008 3390110 3557550
3.0381589 -2.8002128 -2.7642733 3393400 3560960
2.8759213 -2.8654801 -2.7539458 3397900 3565580
2.7190832 -2.9307816 -2.7401759 3402250 3570090
2.6001717 -2.980412 -2.7522245 3405680 3573380
2.4427192 -3.0457309 -2.7444789 3410080 3577870
2.3210645 -3.0977401 -2.7307089 3413450 3581400
2.1634918 -3.1685812 -2.707472 3417820 3586040
2.007312 -3.2401741 -2.7160783 3422350 3590470
1.889659 -3.2931899 -2.7203814 3425740 3593810
1.7325451 -3.3631755 -2.7246845 3430250 3598270
1.5773 -3.4326492 -2.7169389 3434640 3602750
1.4613952 -3.4848773 -2.7195207 3437970 3606050
1.3049932 -3.555516 -2.7152175 3442420 3610550
1.1894507 -3.6085409 -2.7074719 3445690 3613910
1.0347319 -3.6810006 -2.6997263 3450100 3618410
0.88464815 -3.7516048 -2.7040295 3454450 3622710
0.77045483 -3.8038916 -2.7203814 3457820 3625890
0.61979036 -3.8718608 -2.7152176 3462100 3630230
0.46510807 -3.9434935 -2.7005869 3466460 3634760
0.35464425 -3.996508 -2.6876775 3469580 3638030
0.20405009 -4.0678278 -2.7109145 3474060 3642240
0.052043791 -4.1356167 -2.7332908 3478530 3646450
-0.064307726 -4.1844139 -2.755667 3481950 3649610
-0.2182121 -4.2462519 -2.7634129 3486320 3653890
-0.33606052 -4.2918449 -2.7814858 3489720 3657080
-0.49104513 -4.3492884 -2.7918135 3494090 3661330
-0.643615 -4.4038294 -2.8047228 3498390 3665480
-0.75858403 -4.4439271 -2.8073048 3501580 3668640
-0.91059037 -4.4948239 -2.8296812 3505890 3672690
-1.0253279 -4.5300828 -2.857221 3509180 3675660
-1.177285 -4.5733656 -2.870991 3513380 3679700
-1.3369632 -4.6175133 -2.8727123 3517710 3684010
-1.4553024 -4.6507255 -2.8632456 3520860 3687270
-1.6129497 -4.6935823 -2.8890643 3525270 3691380
-1.7295779 -4.7227684 -2.9036948 3528490 3694430
-1.8875377 -4.7588481 -2.9303742 3532870 3698500
-2.0425733 -4.7921601 -2.9295136 3537000 3702640
-2.1611298 -4.8172606 -2.9363986 3540200 3705760
-2.3169877 -4.8485105 -2.9510293 3544430 3709820
-2.430763 -4.8701536 -2.9561931 3547480 3712810
-2.5831363 -4.8981891 -2.963078 3551560 3716810
-2.7324519 -4.9269261 -2.9398411 3555390 3720910
-2.8444733 -4.9504919 -2.928653 3558310 3723960
-2.9891892 -4.9859139 -2.8744335 3561880 3728160
-3.0936922 -5.0179294 -2.8141889 3564380 3731360
-3.2263161 -5.0704894 -2.714357 3567520 3735660
-3.3425165 -5.1325428 -2.5878439 3570220 3739830
-3.4184682 -5.1848655 -2.4888728 3572050 3742810
-3.5070296 -5.2636013 -2.3408438 3574280 3746760
-3.5782642 -5.3507464 -2.1713016 3576230 3750680
-3.6189316 -5.4209247 -2.0206905 3577470 3753670
-3.6526491 -5.5141472 -1.8150022 3578860 3757450
-3.6652728 -5.603961 -1.60587 3580010 3761030
-3.6624092 -5.6664056 -1.4440705 3580700 3763600
-3.6442173 -5.740916 -1.2185863 3581390 3766910
-3.612139 -5.8039812 -0.98191405 3581860 3770130
-3.5822892 -5.841245 -0.80892815 3582100 3772380
-3.5368434 -5.8792613 -0.58430465 3582340 3775230
-3.4998576 -5.8995478 -0.41906593 3582480 3777290
-3.445162 -5.917366 -0.21079295 3582770 3780000
-3.3834609 -5.9246173 -0.023177706 3583300 3782710
-3.3323085 -5.9224778 0.10677803 3583880 3784800
-3.2601299 -5.9089311 0.26427157 3584880 3787630
-3.1875828 -5.8840382 0.39680806 3586110 3790400
-3.1320857 -5.8578637 0.48459268 3587200 3792510
-3.0571751 -5.8135174 0.58442465 3588890 3795360
-2.9986492 -5.7727412 0.63261974 3590470 3797500
-2.9157612 -5.709413 0.67220883 3592960 3800450
-2.831251 -5.6395012 0.71007635 3595600 3803530
-2.7671972 -5.5831294 0.73331304 3597690 3805890
-2.6795664 -5.503359 0.74364072 3600720 3809040
-2.5896216 -5.4187518 0.76601685 3603810 3812390
-2.5224198 -5.3528128 0.78581127 3606150 3814960
-2.4290806 -5.2593159 0.78667189 3609590 3818410
-2.357539 -5.1874065 0.78925373 3612220 3821070
-2.2617613 -5.0914671 0.78322938 3615790 3824570
-2.1646709 -4.9968549 0.76171372 3619450 3827980
-2.0913453 -4.9270433 0.75999237 3622100 3830610
-1.9888453 -4.8308751 0.74708302 3625840 3834200
-1.9112864 -4.7594141 0.7419192 3628620 3836920
-1.8085101 -4.6666624 0.72642803 3632320 3840440
-1.7020912 -4.5769162 0.67479013 3636250 3843770
-1.6200691 -4.5134069 0.64294685 3639140 3846290
-1.5006907 -4.4291607 0.58614564 3643280 3849770
-1.3789487 -4.3515323 0.54913875 3647260 3853320
-1.2860784 -4.2961214 0.52676267 3650210 3856010
-1.1647716 -4.2286129 0.48889475 3654050 3859410
-1.0410167 -4.1665575 0.44069945 3657940 3862740
-0.93889037 -4.1220477 0.38131678 3661190 3865300
-0.79864047 -4.0712095 0.31418791 3665470 3868800
-0.68916199 -4.0384263 0.26771407 3668720 3871510
-0.54387583 -4.0021157 0.22210086 3672890 3875150
-0.39545399 -3.9728023 0.16788139 3677150 3878780
-0.28211669 -3.9553959 0.13689858 3680320 3881590
-0.12980138 -3.9372113 0.10075252 3684530 3885380
0.028145453 -3.9230954 0.077515659 3688800 3889380
0.14148222 -3.9139489 0.083539988 3691730 3892380
0.29014165 -3.8993724 0.11194125 3695460 3896440
0.39206556 -3.8847498 0.17304515 3697790 3899480
0.51561499 -3.8556171 0.29009129 3700420 3903470
0.61846938 -3.8175307 0.41918516 3702530 3907080
0.68078317 -3.7865187 0.50438705 3703850 3909390
0.74660872 -3.7460437 0.59819467 3705320 3911950
0.79450739 -3.7114947 0.65155357 3706550 3913800
0.8197667 -3.6921272 0.65671728 3707350 3914660
0.8416479 -3.6756025 0.63692287 3708180 3915260
0.85140568 -3.668481 0.62401343 3708570 3915500
0.85935899 -3.662791 0.61798909 3708860 3915720
0.86513968 -3.6586779 0.61884969 3709040 3915910
0.86842261 -3.6563462 0.61626782 3709160 3916000
0.87124085 -3.6543538 0.61454657 3709260 3916080
0.87233783 -3.6535803 0.61368595 3709300 3916110
0.87296486 -3.6531386 0.61368595 3709320 3916130
0.87280805 -3.653249 0.61282533 3709320 3916120
0.87233763 -3.6535801 0.61368595 3709300 3916110
0.87233763 -3.6535801 0.61368595 3709300 3916110
0.87265115 -3.6533592 0.61368595 3709310 3916120
0.87265115 -3.6533592 0.61368595 3709310 3916120
0.87249435 -3.6534696 0.61282532 3709310 3916110
0.87265115 -3.6533592 0.61368595 3709310 3916120
0.87265115 -3.6533592 0.61368595 3709310 3916120
0.87265115 -3.6533592 0.61368595 3709310 3916120
0.87265115 -3.6533592 0.61368595 3709310 3916120
0.87265115 -3.6533592 0.61368595 3709310 3916120
0.87265115 -3.6533592 0.61368595 3709310 3916120
0.87265115 -3.6533592 0.61368595 3709310 3916120
0.87265115 -3.6533592 0.61368595 3709310 3916120
0.87265115 -3.6533592 0.61368595 3709310 3916120
0.87265115 -3.6533592 0.61368595 3709310 3916120
0.87265115 -3.6533592 0.61368595 3709310 3916120
0.87265115 -3.6533592 0.61368595 3709310 3916120
0.87265115 -3.6533592 0.61368595 3709310 3916120
0.87265115 -3.6533592 0.61368595 3709310 3916120
