2.62911 0.0222944 0.0169592 -52225.967 -71269.966
2.7635102 0.024902845 0.021853263 -48753.965 -67735.967
2.9481751 0.026886224 -0.00037324874 -43816 -63049
3.1309105 0.026385068 -0.0051117803 -39030 -58311
3.2698995 0.025714425 -0.0045384511 -35413.966 -54682.966
3.4515784 0.025312423 0.00011304635 -30709.964 -49917.966
3.5921961 0.02407856 -0.017661775 -26944.966 -46353.966
3.7757276 0.020899528 -0.01697768 -22169 -41563
3.9629587 0.018863889 -0.0047661147 -17364 -36609
4.1017758 0.018762116 0.0032998131 -13795.955 -32941.956
4.2909972 0.018251777 -0.0086938869 -8798.9652 -28076.965
4.4309205 0.017105289 -0.0076931285 -5161 -24422
4.6224398 0.015752588 -0.006432635 -180.96462 -19419.965
4.8099428 0.013688883 -0.015578975 4755.0356 -14582.965
4.9511279 0.010762923 -0.025863674 8492 -10960
5.1403019 0.0057690476 -0.026920712 13426 -6031
5.3304103 0.0023918764 -0.0086044399 18271 -966
5.471769 0.00061893922 -0.016478473 21998 2675
5.6597809 -0.0033073788 -0.025282151 26946.036 7528.0351
5.849514 -0.008892552 -0.033574852 31937 12430
5.9876158 -0.013056703 -0.026712425 35495.035 16073.034
6.1725745 -0.019697486 -0.045065039 40421 20793
6.357194 -0.027609654 -0.040595791 45207.035 25638.036
6.4983294 -0.032821512 -0.033226765 48842 29364
6.6798283 -0.036781603 -0.01040396 53437 34231
6.8182675 -0.038873742 -0.019818408 57097.034 37787.034
7.0007633 -0.042050916 -0.014997204 61822.034 42575.035
7.1860806 -0.043538494 -0.0010568397 66567.033 47489.035
7.3228711 -0.042182608 0.020880471 70002 51184
7.5119453 -0.037796419 0.025507673 74900.034 56143.036
7.7013871 -0.031030447 0.045892598 79718.036 61205.037
7.8468261 -0.023670754 0.055227749 83456 65057
8.0359657 -0.012800027 0.059595167 88364.046 70023.044
8.1810821 -0.0054112556 0.042149338 92249.035 73711.035
8.3699671 0.0024060148 0.040576245 97181 78632
8.5150322 0.0087736281 0.047157143 100924 82457
8.7050614 0.018460705 0.054708263 105835.04 87463.035
8.896366 0.027620937 0.040984586 110902 92378
9.0404736 0.033036104 0.034134555 114697 96099
9.2342697 0.03888154 0.026172796 119792 101109
9.4257044 0.041342046 -0.00046825566 124932 105947
9.5673815 0.040864256 -0.0062764887 128655.04 109608.04
9.7596674 0.039811433 -0.0046740143 133653 114632
9.9482912 0.039967361 0.0063273417 138501 119615
10.08997 0.039464073 -0.013431926 142305.04 123195.03
10.277161 0.035762837 -0.026108031 147254.04 128004.04
10.421291 0.031623013 -0.031321703 151039.03 131734.04
10.609316 0.02606219 -0.027810926 155917.04 136660.03
10.798405 0.019463315 -0.041957439 160926.03 141512.04
10.938727 0.014017751 -0.035619038 164546.03 145211.04
11.128078 0.0085902585 -0.02169235 169398.04 150232.04
11.265512 0.006334973 -0.011124638 172916.04 153878.03
11.451692 0.0030115963 -0.024572374 177843 158656
11.63587 -0.0014283757 -0.023632146 182635 163466
11.775062 -0.0042228025 -0.016514662 186219.03 167138.03
11.957361 -0.0063622842 -0.0069564702 190911.03 171948.03
12.142355 -0.0077217892 -0.0077410529 195733.03 176768.03
12.279518 -0.0083363361 -0.0012197214 199267 180383
12.463629 -0.0072217483 0.013327352 203977 185269
12.644568 -0.0049656787 0.011608774 208699.03 189978.03
12.781363 -0.0036913145 0.0070223427 212288 193519
12.961531 -0.0013393109 0.019085255 216910.03 198288.04
13.098824 0.0027702693 0.040762536 220361.03 201996.03
13.27556 0.011970482 0.063255874 224839.03 206742.03
13.45544 0.023932471 0.069548386 229497 211480
13.591033 0.034127848 0.080551795 232974 215090
13.774853 0.049731323 0.088811083 237730.03 219949.03
13.908048 0.061261506 0.083890477 241240 223407
14.089284 0.074538358 0.062362523 246097 228021
14.268894 0.085676814 0.061508447 250788.03 232709.03
14.402895 0.093835825 0.060116756 254292 236202
14.577472 0.10258878 0.040075382 258960.04 240644.03
14.711886 0.10561365 0.0049252962 262665.03 243946.03
14.889219 0.10314389 -0.032778054 267502.03 248352.03
15.065944 0.095163365 -0.057476214 272252 252822
15.199704 0.08614771 -0.07712427 275857.03 256204.03
15.378711 0.069660173 -0.10656829 280709 260721
15.555414 0.049187424 -0.12412218 285443.03 265258.03
15.689908 0.032253365 -0.1263795 288986.03 268780.03
15.868948 0.0076386528 -0.14687082 293811.03 273374.03
16.001715 -0.013536662 -0.16944778 297443.03 276749.03
16.177083 -0.044690429 -0.18217967 302155.04 281320.04
16.355472 -0.076363472 -0.16925922 306798.03 286120.03
16.488007 -0.099043285 -0.16970444 310302.03 289624.03
16.660952 -0.13001157 -0.18466755 314964.03 294119.03
16.836536 -0.16399952 -0.19774636 319697.03 298707.03
16.969248 -0.19005714 -0.19001302 323174.03 302279.03
17.144542 -0.22340306 -0.18595344 327797.03 306956.03
17.275397 -0.24805038 -0.18639411 331267.03 310426.03
17.448612 -0.27921796 -0.16966737 335753 315113
17.620967 -0.30625793 -0.14156781 340133.03 319826.03
17.746844 -0.32292172 -0.12166467 343324.03 323253.03
17.917318 -0.34257874 -0.10793745 347713 327808
18.038369 -0.35349373 -0.071912384 350669 331187
18.199399 -0.35996149 -0.0083742483 354497.02 335759.03
18.353856 -0.35352276 0.091698466 357942.02 340372.03
18.465571 -0.3388825 0.168916 360428 343759
18.608293 -0.30645718 0.27788598 363607 348209
18.740132 -0.2582754 0.42287405 366421.02 352712.04
18.83026 -0.21106016 0.54223931 368378.02 356059.03
18.935109 -0.13609808 0.69914694 370824 360332
19.00124 -0.072528372 0.83215357 372441.01 363497.03
19.071331 0.022022884 1.0336219 374337.01 367737.03
19.11881 0.12637173 1.2539582 376044 372007
19.13824 0.20575922 1.4075799 377281.01 375031.03
19.144901 0.31102414 1.6076246 378867.01 378944.03
19.13091 0.41105397 1.8119023 380312 382765
19.107666 0.48106341 1.9708036 381311.01 385612.03
19.060474 0.56588779 2.1862033 382589 389395
19.015545 0.62002486 2.3408085 383524 392128
18.943619 0.68048695 2.5443359 384790 395761
18.859607 0.7263802 2.7389027 386154.01 399388.03
18.789272 0.75064121 2.8799728 387273 402148
18.689104 0.76811432 3.057813 388889.01 405833.03
18.612937 0.77006495 -3.1090225 390198.01 408496.03
18.509532 0.75961786 -2.9727854 392114.02 411998.03
18.401163 0.73482629 -2.8605995 394358 415549
18.317558 0.70767581 -2.7945806 396264 418225
18.205242 0.66189754 -2.7145486 398958.02 421853.03
18.091976 0.60698477 -2.665793 401953 425419
18.005502 0.56217992 -2.6612928 404463 427985
17.886951 0.50016994 -2.6580327 407928 431493
17.797868 0.45315236 -2.6538881 410527 434144
17.671835 0.38664966 -2.658235 414263.03 437835.03
17.547442 0.32107312 -2.6546532 417904.03 441523.03
17.453934 0.27240687 -2.6687807 420731 444190
17.324743 0.20871057 -2.6982789 424653 447775
17.224433 0.1626804 -2.7244793 427679 450501
17.081772 0.10356621 -2.7730437 431982 454246
16.93981 0.05070493 -2.7972273 436067 458056
16.831633 0.013613966 -2.8253356 439208.03 460875.03
16.688637 -0.03201893 -2.8400418 443202.03 464704.03
16.579254 -0.064910981 -2.8589349 446286 467573
16.429133 -0.10645798 -2.8842524 450489.03 471488.03
16.274998 -0.14439998 -2.9162103 454808 475442
16.158579 -0.16915955 -2.9478649 458091.03 478362.03
16.00319 -0.19791104 -2.9694006 462331.04 482358.04
15.882567 -0.21750225 -2.9917646 465643.03 485415.03
15.722438 -0.24213915 -2.9861007 469829.03 489673.03
15.561498 -0.26618146 -3.0005042 474150.03 493833.03
15.442722 -0.28241225 -3.0110627 477333 496898
15.276701 -0.30107695 -3.0482155 481899.03 501039.03
15.152633 -0.3119537 -3.0600813 485211.03 504218.03
14.985059 -0.32518238 -3.0655463 489620 508570
14.821308 -0.33709679 -3.0723764 493935.03 512812.03
14.697934 -0.34519767 -3.079675 497197 515994
14.532741 -0.35300376 -3.1090718 501674.03 520136.03
14.408686 -0.35573643 -3.1300646 505027.03 523250.03
14.242528 -0.35435804 3.1134737 509584.03 527353.03
14.081692 -0.34702437 3.0785801 513979.03 531349.03
13.958756 -0.33758275 3.0513037 517348 534406
13.797748 -0.32277366 3.0484433 521575 538606
13.63657 -0.30857562 3.0590169 525727.03 542887.03
13.520787 -0.30006903 3.077492 528643 546022
13.359051 -0.29060854 3.08884 532796.03 550313.03
13.195605 -0.28393708 3.1127555 536917 554718
13.069973 -0.28173221 3.1353327 540058 558126
12.905129 -0.28299768 -3.1199795 544189.03 562587.03
12.780448 -0.2871069 -3.0973134 547306 565972
12.609136 -0.29571327 -3.0854804 551704 570514
12.439595 -0.30697672 -3.0650304 556010 575064
12.31125 -0.31611694 -3.0759627 559424.03 578356.03
12.143628 -0.32618847 -3.087197 563862 582670
11.971087 -0.33413354 -3.1039586 568457.03 587077.03
11.842436 -0.33987117 -3.0900895 571730.03 590516.03
11.668086 -0.34987732 -3.078439 576210.03 595138.03
11.540795 -0.35861553 -3.0676664 579470.03 598528.03
11.365483 -0.37104728 -3.0739318 584083.03 603075.03
11.187572 -0.38368166 -3.0674607 588690 607764
11.051522 -0.39344283 -3.0724764 592271 611292
10.876426 -0.40539936 -3.0743492 596852.03 615858.03
10.74075 -0.41384292 -3.0845304 600451 619344
10.558613 -0.4248217 -3.0782451 605166.03 624139.03
10.375464 -0.43619345 -3.0809193 609960 628909
10.242731 -0.44404386 -3.0841152 613441 632358
10.060665 -0.45205991 -3.1110703 618343.03 636954.03
9.8804604 -0.45727508 -3.1142506 623056.03 641637.03
9.7445825 -0.46066787 -3.1190063 626623.03 645154.03
9.5679051 -0.46490418 -3.1162328 631209 649779
9.4319152 -0.46768439 -3.1260698 634808.03 653269.03
9.2539513 -0.47095422 -3.1203725 639410 657944
9.0728575 -0.47436888 -3.1251058 644154.04 662640.04
8.9405402 -0.47633352 -3.1283858 647619.03 666072.03
8.7601448 -0.47695327 3.1352568 652430 670663
8.5788888 -0.47638265 -3.1415531 657113 675427
8.4403414 -0.47661288 -3.1383087 660702 679059
8.265211 -0.47811757 -3.1276933 665201.03 683688.03
8.1295491 -0.4795814 -3.1339122 668770 687190
7.9468797 -0.48139327 -3.1294361 673501.03 691980.03
7.762642 -0.48352134 -3.1306488 678306 696778
7.6298806 -0.48529961 -3.1257492 681735.03 700269.03
7.4492143 -0.48768025 -3.1310837 686471 704950
7.2699324 -0.4912871 -3.1118704 691029.03 709738.03
7.1356048 -0.49520458 -3.1130042 694535.03 713236.03
6.9627177 -0.49989035 -3.1159882 699056.03 717729.03
6.8284265 -0.502108 -3.1341727 702659 721126
6.6510077 -0.50321193 -3.1365684 707293.03 725739.03
6.4727873 -0.50443081 -3.1329387 711913 730408
6.344913 -0.50685415 -3.1123493 715124.03 733863.03
6.1735869 -0.51615505 -3.062367 719302 738628
6.0493405 -0.53047077 -2.9913893 722147.02 742302.04
5.8902889 -0.56536788 -2.8598261 725624 747313
5.7413067 -0.61901937 -2.7320351 729006.02 752185.04
5.6371689 -0.67163491 -2.6154746 731368.02 755905.04
5.5054748 -0.76389566 -2.4454957 734569.02 761086.04
5.3889654 -0.87709907 -2.2956746 737930 766193
5.3156482 -0.96951056 -2.1872986 740373.02 769899.04
5.2320033 -1.106102 -2.0532291 743766 774855
5.1803173 -1.2183608 -1.9513305 746393.02 778670.04
5.1304662 -1.3710997 -1.8212234 749822.03 783616.03
5.0973544 -1.5318332 -1.7266938 753547.03 788445.03
5.0822259 -1.6528515 -1.6636295 756357.03 791992.03
5.0737796 -1.8130752 -1.5832971 760069.03 796643.03
5.0761029 -1.9705527 -1.5287902 763854 801067
5.083984 -2.0855498 -1.4759512 766549.03 804380.03
5.1031145 -2.241395 -1.4213566 770321 808792
5.1236167 -2.35806 -1.3723171 773121.03 812166.04
5.1591149 -2.5097876 -1.3096235 776815.03 816594.03
5.2018687 -2.6581598 -1.2708653 780611.03 820846.03
5.2368532 -2.764966 -1.2376521 783345 823970
5.2906962 -2.9136719 -1.2091542 787298.03 828260.03
5.3476224 -3.0598455 -1.1896945 791270 832464
5.3898855 -3.1662275 -1.1955849 794285 835415
5.4451665 -3.3113985 -1.2183173 798462 839334
5.494783 -3.4550378 -1.2580902 802650.03 843066.03
5.5275248 -3.5671344 -1.3151417 806022.03 845780.02
5.5590855 -3.7141669 -1.4035651 810451.03 849188.02
5.572296 -3.8250661 -1.5009024 813924.03 851535.02
5.5726253 -3.9673391 -1.6360603 818413.03 854460.02
5.5514856 -4.1060211 -1.8080694 823064.03 857119.02
5.5228371 -4.1981014 -1.9367876 826322 858886
5.4666471 -4.3092844 -2.1406941 830749 860950
5.3961724 -4.3971571 -2.3528282 834913 862655
5.3330343 -4.4497746 -2.540835 838144 863706
5.2443479 -4.4950692 -2.797965 842229 864809
5.1770626 -4.5118056 -2.9976411 845193 865457
5.0899692 -4.5124836 3.0132111 849041.03 866146
5.011674 -4.4919101 2.7560565 852641.03 866763
4.9579302 -4.4635279 2.5553773 855388 867182
4.8988743 -4.4127535 2.3075319 858854.02 867773
4.8630922 -4.3654697 2.1296783 861430 868286
4.8263377 -4.2884479 1.9023918 864971 869191
4.8033195 -4.1999011 1.7478529 868250.02 870679.01
4.7927848 -4.1222596 1.6634582 870780 872232
4.7867891 -4.0064745 1.5816079 874274 874780
4.7886186 -3.8842586 1.5300495 877756.03 877668.02
4.7948497 -3.7828488 1.4888078 880641.03 880078.02
4.8085855 -3.6437824 1.4558792 884471.03 883531.03
4.8222957 -3.5366494 1.4311506 887427.03 886204.03
4.845739 -3.3881746 1.3972399 891538 889927
4.8726356 -3.2370529 1.3920815 895565.03 893900.03
4.8936206 -3.1194541 1.3963364 898651.03 897040.03
4.9194153 -2.966763 1.4105495 902601.03 901161.03
4.9464012 -2.8107463 1.3884962 906852.03 905162.03
4.9690507 -2.6931614 1.3725128 910063 908192
5.002016 -2.5346903 1.3588873 914357.03 912334.03
5.0277965 -2.4131229 1.3647623 917559 915609
5.0612771 -2.2519005 1.3673174 921832.03 919918.03
5.0954462 -2.0887647 1.3613403 926207 924230
5.1206438 -1.9678178 1.3694571 929377.03 927499.03
5.1526769 -1.8026298 1.3890515 933645.03 932001.03
5.1794893 -1.6417858 1.4221833 937699.03 936446.03
5.1967231 -1.5187179 1.441148 940825 939797
5.2127074 -1.35471 1.5061374 944739 944472
5.2161041 -1.2280198 1.5818452 947600 948217
5.2051265 -1.0651855 1.6943763 951197 953127
5.1761277 -0.91336217 1.824677 954466.02 957915.03
5.1407838 -0.80099944 1.9264219 956943.02 961578.04
5.0746731 -0.65993348 2.0916811 960041.02 966601.04
4.9895246 -0.53698744 2.2613528 962951.02 971487.04
4.9106786 -0.453029 2.3882523 965214.02 975228.04
4.787517 -0.3574786 2.5752974 968188 980380
4.6853982 -0.30257762 2.7213122 970360 984252
4.541628 -0.24975973 2.8577309 973557 989039
4.388095 -0.21358111 2.9626164 977056.03 993762.03
4.2706286 -0.1965384 3.032408 979742 997263
4.1089507 -0.18383553 3.0939614 983608 1001850
3.9509166 -0.179532 3.1347741 987488 1006210
3.8304651 -0.17983807 -3.129692 990516 1009460
3.6691854 -0.18346496 -3.1085244 994594.03 1013790
3.5456971 -0.18868548 -3.0901603 997706.03 1017120
3.3794766 -0.19695226 -3.0936392 1002060 1021440
3.2150201 -0.20437387 -3.0993512 1006380 1025700
3.0861537 -0.20868172 -3.1170014 1009840 1028960
2.9131594 -0.21363255 -3.1089626 1014300 1033520
2.781603 -0.21778467 -3.1111207 1017740 1036940
2.6130311 -0.22294853 -3.1108178 1022130 1041340
2.4384495 -0.22586556 -3.1389533 1026840 1045730
2.3083627 -0.22562078 3.1351898 1030280 1049070
2.1343555 -0.22288286 3.1165292 1034920 1053500
2.0075748 -0.21951412 3.1135258 1038240 1056790
1.8326874 -0.21364909 3.1026126 1042860 1061290
1.6606806 -0.2078559 3.1132381 1047280 1065840
1.5315966 -0.20455653 3.1188387 1050610 1069240
1.3635657 -0.20068574 3.1182823 1054990 1073620
1.1934491 -0.19571869 3.1065238 1059490 1077990
1.0670801 -0.19142221 3.1086888 1062770 1081300
0.89676334 -0.18694244 3.1219034 1067130 1085820
0.72851464 -0.18437958 3.1308192 1071460 1090260
0.60265777 -0.18299739 3.1304025 1074740 1093540
0.43250069 -0.17965288 3.113477 1079270 1097880
0.30381011 -0.1759508 3.1121896 1082630 1101230
0.13373577 -0.16965438 3.0969863 1087150 1105580
-0.031670641 -0.16201177 3.0938546 1091480 1109880
-0.16062472 -0.15532248 3.0856767 1094890 1113200
-0.33042485 -0.14723633 3.1023373 1099220 1117730
-0.50048185 -0.14058262 3.1026351 1103650 1122170
-0.62433886 -0.13583638 3.103947 1106870 1125410
-0.79546958 -0.12734905 3.0801284 1111470 1129740
-0.96571111 -0.11675026 3.0787026 1115920 1134180
-1.096298 -0.10838549 3.0765471 1119340 1137580
-1.2652181 -0.098211205 3.0863209 1123690 1142050
-1.3928011 -0.091014995 3.0841756 1127030 1145370
-1.5619577 -0.081609587 3.0879205 1131420 1149810
-1.7349829 -0.07263782 3.0916528 1135910 1154350
-1.8604856 -0.066067939 3.0869309 1139210 1157600
-2.0267354 -0.056207228 3.077768 1143600 1161890
-2.2015652 -0.045209443 3.0797716 1148150 1166470
-2.3366407 -0.038043368 3.0974084 1151570 1170100
-2.5120601 -0.031068801 3.1063 1156090 1174730
-2.6412891 -0.026255506 3.1024273 1159480 1178080
-2.8166235 -0.01729132 3.0785945 1164190 1182520
-2.9933112 -0.0052530811 3.0685353 1168860 1187080
-3.1231781 0.0051234238 3.0551866 1172330 1190400
-3.2932215 0.020786964 3.0442873 1176840 1194790
-3.4216194 0.034521243 3.0257753 1180310 1198050
-3.5867592 0.054572626 3.0157516 1184700 1202330
-3.7526371 0.077858174 2.9885011 1189220 1206540
-3.8730388 0.097736942 2.9674291 1192520 1209600
-4.0348825 0.12892448 2.9350203 1197000 1213710
-4.1536443 0.15341047 2.9415084 1200120 1216910
-4.3168155 0.18370423 2.9745443 1204250 1221430
-4.4716834 0.20528499 3.0317254 1207990 1225840
-4.5852165 0.21516497 3.0778514 1210690 1229080
-4.7334712 0.21884302 -3.1274591 1214100 1233400
-4.8719253 0.20783323 -2.9970214 1216960 1237780
-4.9691106 0.1880504 -2.8845354 1218890 1241020
-5.0860464 0.14646522 -2.7152973 1221140 1245240
-5.1853766 0.088339986 -2.508998 1222940 1249440
-5.2460612 0.035360009 -2.3387516 1224050 1252530
-5.3067676 -0.0449732 -2.0970966 1225270 1256560
-5.3350071 -0.10565566 -1.9156135 1225960 1259360
-5.3522136 -0.18335748 -1.6618304 1226560 1262910
-5.3493264 -0.25367045 -1.3976846 1226860 1266280
-5.3357056 -0.30122545 -1.1860009 1226920 1268800
-5.3046047 -0.35433056 -0.89599116 1226840 1272090
-5.2631546 -0.39420705 -0.63611062 1226830 1275100
-5.226675 -0.41651132 -0.46143502 1226930 1277230
-5.1697178 -0.43774907 -0.25237238 1227300 1280030
-5.118268 -0.4474615 -0.12078697 1227900 1282160
-5.0406536 -0.4506655 0.038272001 1229000 1285110
-4.9519629 -0.4411762 0.17490322 1230530 1288230
-4.9062875 -0.43186543 0.22727942 1231440 1289750
-4.8143252 -0.40741662 0.29241338 1233540 1292610
-4.7417822 -0.38483643 0.31110739 1235410 1294700
-4.6354607 -0.35132595 0.29954317 1238380 1297540
-4.525139 -0.31841897 0.28021622 1241490 1300430
-4.4379117 -0.2940605 0.26441543 1243940 1302700
-4.3120765 -0.26106356 0.24848389 1247420 1306000
-4.1850916 -0.22869866 0.25063356 1250820 1309430
-4.0881936 -0.20413036 0.2459968 1253450 1312010
-3.9570356 -0.17182976 0.23693797 1257020 1315480
-3.8572384 -0.14779476 0.23573688 1259700 1318150
-3.71593 -0.11504409 0.21975578 1263570 1321840
-3.5733247 -0.083678458 0.21324422 1267410 1325610
-3.4650905 -0.060408871 0.21029425 1270310 1328480
-3.3198097 -0.028715929 0.21927497 1274130 1332410
-3.1728659 0.0051906073 0.23427667 1277970 1336430
-3.0567773 0.032871956 0.23388161 1281080 1339540
-2.9048707 0.069159162 0.23508682 1285140 1343620
-2.7909052 0.095810509 0.22436545 1288250 1346610
-2.6376481 0.13053485 0.2212618 1292360 1350690
-2.480149 0.16648954 0.2276163 1296530 1354940
-2.3594656 0.19474608 0.23237296 1299730 1358200
-2.2017746 0.23158878 0.22666979 1303980 1362390
-2.0442072 0.26638746 0.20805114 1308290 1366490
-1.9282774 0.29036832 0.19990866 1311420 1369530
-1.7698088 0.32080196 0.17956768 1315740 1373620
-1.6547556 0.34120357 0.17143043 1318830 1376620
-1.4986264 0.36611955 0.14507186 1323100 1380590
-1.3453927 0.38698624 0.12561436 1327240 1384510
-1.22866 0.39976752 0.092500728 1330490 1387380
-1.0672398 0.41015227 0.035989385 1335030 1391270
-0.94828426 0.41164419 -0.010907072 1338400 1394100
-0.79161966 0.40604734 -0.060512609 1342770 1397900
-0.63394382 0.39440682 -0.086871226 1347040 1401870
-0.47395805 0.37834584 -0.11323854 1351380 1405910
-0.35551313 0.36371414 -0.13257948 1354600 1408910
-0.20048724 0.33918076 -0.18132414 1358970 1412720
-0.086025238 0.31664061 -0.20754537 1362160 1415610
0.071336048 0.28004758 -0.24941627 1366610 1419580
0.22788041 0.24091678 -0.24047742 1370760 1423840
0.34962214 0.21214546 -0.2236681 1373920 1427200
0.507701 0.17885296 -0.19147872 1377940 1431600
0.66758061 0.1497396 -0.16876514 1382040 1435970
0.79011674 0.12986552 -0.15281373 1385180 1439300
0.95554082 0.10616114 -0.13183776 1389410 1443780
1.1198667 0.085834889 -0.11430148 1393620 1448200
1.2458759 0.073317803 -0.083718376 1396740 1451680
1.4240964 0.061319532 -0.050723989 1401200 1456530
1.5564136 0.057198314 -0.011548861 1404420 1460210
1.7306265 0.056936438 0.008542466 1408840 1464870
1.9023122 0.060350687 0.031225536 1413180 1469480
2.0357922 0.064375451 0.029061325 1416670 1472950
2.2111983 0.071616401 0.05345397 1421100 1477670
2.3414434 0.079232025 0.063355994 1424440 1481130
2.5143889 0.092398896 0.08861695 1428810 1485800
2.6864972 0.10861246 0.099239792 1433250 1490370
2.8573123 0.12623967 0.10642173 1437680 1494890
2.9842613 0.13905567 0.094804228 1441070 1498150
3.1499149 0.15425789 0.088225414 1445440 1502450
3.2739711 0.16504404 0.08522967 1448700 1505680
3.44318 0.17923264 0.082084074 1453140 1510090
3.6073756 0.1911311 0.0625934 1457540 1514270
3.7289067 0.19651937 0.026021627 1460920 1517230
3.8887403 0.19547457 -0.039095109 1465460 1521020
4.0491342 0.18159887 -0.13349539 1470200 1524670
4.1647977 0.16242714 -0.19502645 1473610 1527370
4.3148006 0.12474902 -0.29715629 1478230 1530810
4.4565307 0.073161769 -0.40099663 1482760 1534140
4.5596708 0.023742324 -0.49265902 1486270 1536590
4.6878793 -0.054969847 -0.60855276 1490860 1539840
4.7806925 -0.12629885 -0.70194724 1494450 1542350
4.8903962 -0.23036548 -0.81612211 1499050 1545630
4.9877794 -0.34829426 -0.94494227 1503780 1548870
5.0506241 -0.44269582 -1.0219617 1507180 1551380
5.1231885 -0.57622952 -1.1240825 1511730 1554750
5.1682019 -0.67801268 -1.1847321 1514980 1557300
5.2199345 -0.8249866 -1.2799764 1519590 1560810
5.2580995 -0.9746662 -1.3622993 1524090 1564360
5.278712 -1.0902758 -1.4264139 1527520 1567050
5.2969202 -1.2440491 -1.4794581 1531860 1570780
5.3054538 -1.3634759 -1.5194679 1535210 1573670
5.3113762 -1.522237 -1.5475512 1539510 1577650
5.3126306 -1.6410021 -1.5729185 1542750 1580600
5.3092032 -1.798494 -1.6121923 1547080 1584480
5.2998084 -1.9578575 -1.6471675 1551440 1588440
5.2857198 -2.1170667 -1.6709481 1555740 1592470
5.2737255 -2.2361902 -1.6713445 1558860 1595590
5.2572053 -2.3914955 -1.6821955 1562990 1599600
5.2446156 -2.5034165 -1.6834295 1565930 1602530
5.2252896 -2.6578222 -1.7071962 1570120 1606450
5.2036802 -2.8115318 -1.7137382 1574200 1610460
5.1864621 -2.9288516 -1.7192977 1577320 1613520
5.1634677 -3.0813907 -1.7215307 1581350 1617530
5.1401694 -3.2340776 -1.7229032 1585380 1621550
5.1227631 -3.3465166 -1.7258631 1588360 1624500
5.1030137 -3.4913737 -1.6867332 1591940 1628540
5.0928668 -3.5983316 -1.6440308 1594490 1631590
5.089469 -3.7329645 -1.5480258 1597440 1635660
5.0967757 -3.8278333 -1.4398323 1599290 1638770
5.1230379 -3.9467764 -1.2671405 1601460 1642950
5.1680575 -4.0510217 -1.0591152 1603210 1647120
5.2110656 -4.1145539 -0.89230075 1604240 1650090
5.2779701 -4.1791721 -0.64373283 1605220 1653960
5.3513193 -4.2197005 -0.36585081 1605790 1657760
5.409751 -4.2350041 -0.14645286 1606090 1660610
5.4883677 -4.2348833 0.14952664 1606420 1664380
5.5622778 -4.2129845 0.42656948 1606820 1668000
5.6142406 -4.1829413 0.62185583 1607250 1670700
5.6758589 -4.12642 0.86270599 1608030 1674280
5.7263927 -4.0522386 1.0828677 1609090 1677900
5.7546366 -3.9881815 1.228172 1610070 1680570
5.7792558 -3.8978697 1.381151 1611620 1683900
5.789819 -3.8241945 1.4756322 1613010 1686390
5.7940837 -3.7193471 1.5846532 1615110 1689760
5.7880738 -3.60574 1.6626433 1617620 1693180
5.7775285 -3.5115529 1.7019429 1619860 1695880
5.7579316 -3.3810162 1.737675 1623090 1699530
5.7406975 -3.2846954 1.7580192 1625520 1702200
5.7143695 -3.1518224 1.7747942 1628950 1705830
5.6928595 -3.0512577 1.7882324 1631550 1708590
5.6623059 -2.9147657 1.7937975 1635160 1712270
5.6331457 -2.776392 1.7631883 1639020 1715780
5.6089707 -2.6432994 1.7377668 1642690 1719160
5.5930331 -2.5393646 1.7081388 1645600 1721730
5.5758492 -2.4007419 1.6801192 1649400 1725210
5.5650118 -2.2942256 1.6642635 1652280 1727910
5.5535302 -2.1459674 1.6319082 1656340 1731600
5.5471268 -2.0022032 1.5987075 1660280 1735160
5.5465428 -1.8928314 1.5535643 1663390 1737750
5.5530204 -1.749068 1.4979735 1667460 1741180
5.5708477 -1.5979486 1.4087689 1671940 1744630
5.5925409 -1.4860537 1.3498327 1675250 1747260
5.6318855 -1.3396578 1.2666582 1679680 1750730
5.6683627 -1.2341075 1.2094519 1682920 1753310
5.7274279 -1.0947075 1.1305844 1687320 1756800
5.7975134 -0.96137445 1.0431078 1691750 1760220
5.8570959 -0.86646508 0.97728806 1695050 1762760
5.9483486 -0.74517385 0.87430658 1699600 1766120
6.0499764 -0.63686229 0.7601407 1704130 1769330
6.1365005 -0.56177641 0.66933812 1707640 1771790
6.2592948 -0.47387243 0.57324921 1712130 1775170
6.3577099 -0.41523736 0.50139249 1715530 1777740
6.4958668 -0.34615398 0.42595937 1719990 1781330
6.6428003 -0.28775065 0.33070758 1724660 1784900
6.7519831 -0.25372506 0.27349244 1727970 1787550
6.9026258 -0.21705356 0.20408553 1732410 1791190
7.0537634 -0.18811359 0.17429644 1736590 1795030
7.1743243 -0.16803208 0.15580748 1739880 1798110
7.3299234 -0.14472917 0.14150795 1744060 1802130
7.44712 -0.12939325 0.11872619 1747270 1805080
7.6048327 -0.11192943 0.10183883 1751500 1809120
7.7660342 -0.096480783 0.089246387 1755790 1813270
7.8885394 -0.085596823 0.087978067 1759000 1816470
8.0468202 -0.071952175 0.084007374 1763160 1820590
8.1640775 -0.062762135 0.072422873 1766290 1823590
8.3174334 -0.052670623 0.058996679 1770370 1827520
8.4727463 -0.046888727 0.01542377 1774670 1831320
8.5882564 -0.047019209 -0.017683004 1777870 1834140
8.7379581 -0.053898211 -0.074155172 1782100 1837720
8.8442933 -0.062461739 -0.086564532 1784950 1840430
8.9772106 -0.073161533 -0.074088327 1788350 1843980
9.097434 -0.081172694 -0.058986276 1791400 1847210
9.1756197 -0.084989767 -0.038577371 1793320 1849370
9.2655759 -0.087118154 -0.0087343553 1795490 1851890
9.3450018 -0.086522737 0.0237271 1797370 1854150
9.4019352 -0.084219908 0.057124338 1798660 1855830
9.4820756 -0.077949015 0.099055173 1800510 1858170
9.5732386 -0.067950799 0.11941962 1802780 1860680
9.6538695 -0.058674025 0.10967786 1804950 1862740
9.7767068 -0.047149938 0.077406318 1808350 1865770
9.8752737 -0.040161299 0.064161683 1811000 1868270
10.013593 -0.032501577 0.046479854 1814710 1871780
10.120374 -0.028060506 0.036653189 1817550 1874510
10.261887 -0.023148523 0.032739797 1821260 1878180
10.411133 -0.020098046 0.0081329236 1825290 1881930
10.522607 -0.019355994 0.0051803923 1828210 1884820
10.669773 -0.01983345 -0.011669046 1832140 1888560
10.779125 -0.021506091 -0.018920365 1835030 1891370
10.924158 -0.023785593 -0.012511193 1838770 1895190
11.075917 -0.025526427 -0.010429958 1842710 1899160
11.188541 -0.025897695 0.0038369209 1845560 1902180
11.339733 -0.025485619 0.0016140934 1849510 1906110
11.491309 -0.025278993 0.0011122713 1853460 1910060
11.607964 -0.025473143 -0.0044408622 1856530 1913070
11.770474 -0.026728382 -0.01100697 1860800 1917270
11.930293 -0.028048104 -0.0055079231 1864930 1921470
12.049058 -0.028879023 -0.0084844891 1868040 1924550
12.201974 -0.029095816 0.0056490608 1871940 1928620
12.359878 -0.028177077 0.0059874943 1876050 1932740
12.478061 -0.026881872 0.015930222 1879070 1935880
12.631159 -0.024877204 0.010256397 1883090 1939840
12.745124 -0.023729786 0.0098792156 1886060 1942810
12.899169 -0.02111939 0.024008952 1889990 1946910
13.059111 -0.016218272 0.037258059 1894080 1951160
13.175652 -0.011092499 0.050650409 1897040 1954280
13.33185 -0.0036866701 0.044104636 1901150 1958320
13.449154 0.001568728 0.045438246 1904200 1961390
13.610551 0.0087248225 0.043181141 1908420 1965590
13.775768 0.016245897 0.047800616 1912700 1969930
13.897464 0.022095387 0.048258461 1915870 1973110
14.059988 0.029760493 0.045997512 1920120 1977340
14.178617 0.035453589 0.049910194 1923190 1980460
14.343665 0.042584457 0.03644573 1927570 1984690
14.507822 0.047817593 0.027290239 1931900 1988920
14.670895 0.050257998 0.0026378105 1936290 1993030
14.790045 0.050702709 0.0048268565 1939380 1996150
14.953901 0.051166971 0.00083985794 1943670 2000400
15.07535 0.051715202 0.0081882525 1946790 2003610
15.23345 0.052151491 -0.0026691397 1950970 2007670
15.394804 0.050357592 -0.01956551 1955270 2011780
15.516789 0.04699997 -0.035470505 1958540 2014870
15.683366 0.03967795 -0.052384664 1962980 2019120
15.848909 0.03095253 -0.052933434 1967300 2023440
15.972477 0.024113347 -0.057648938 1970550 2026640
16.13243 0.015046728 -0.055595947 1974710 2030830
16.298039 0.0041382009 -0.075952091 1979150 2035040
16.420651 -0.0054830011 -0.080665069 1982380 2038220
16.582841 -0.020679292 -0.10617821 1986770 2042320
16.700909 -0.033543541 -0.11087721 1989890 2045390
16.863842 -0.052652219 -0.12261546 1994230 2049600
17.027189 -0.07311297 -0.1266051 1998540 2053870
17.147288 -0.089898175 -0.1511196 2001840 2056890
17.304453 -0.11790645 -0.20159547 2006290 2060760
17.419914 -0.1440764 -0.24418463 2009620 2063600
17.574427 -0.18717333 -0.29983042 2014120 2067460
17.727975 -0.2367967 -0.3253387 2018470 2071520
17.83996 -0.27578217 -0.34467678 2021670 2074500
17.983469 -0.3280428 -0.35379409 2025700 2078430
18.094282 -0.36970092 -0.36538083 2028850 2081450
18.233297 -0.42026152 -0.33228519 2032510 2085500
18.368039 -0.46184802 -0.26644142 2035800 2089560
18.465082 -0.48496797 -0.2013235 2038020 2092540
18.588777 -0.50217651 -0.075145192 2040540 2096530
18.677003 -0.50372884 0.039959239 2042170 2099500
18.788509 -0.48951916 0.21354449 2044090 2103440
18.887154 -0.45793943 0.40610338 2045670 2107260
18.96705 -0.41336867 0.61161826 2046860 2110840
19.015398 -0.37312373 0.77675595 2047540 2113440
19.064575 -0.31226485 1.0055678 2048250 2116810
19.090465 -0.26153504 1.1922529 2048650 2119380
19.108367 -0.1905061 1.4555278 2049030 2122820
19.10748 -0.12186514 1.7119286 2049330 2126100
19.095843 -0.072399806 1.8917444 2049610 2128470
19.066083 -0.0082000698 2.1179972 2050140 2131630
19.020342 0.052186661 2.3201209 2050940 2134780
18.974597 0.094811158 2.4628681 2051740 2137240
18.900846 0.14393391 2.6451408 2052990 2140610
18.837789 0.1730045 2.7740873 2054050 2143170
18.745131 0.20058411 2.9304988 2055660 2146600
18.642106 0.21594107 3.0567457 2057640 2150050
18.55781 0.2203506 3.121915 2059460 2152630
18.434446 0.21998801 -3.1160367 2062410 2156110
18.308284 0.21537571 -3.0940642 2065570 2159530
18.210375 0.21026977 -3.084916 2068070 2162140
18.072471 0.20211964 -3.0802063 2071640 2165770
17.971426 0.19487723 -3.0598734 2074160 2168530
17.833333 0.1817414 -3.0336366 2077620 2172300
17.693147 0.16639832 -3.0315199 2081280 2175990
17.590751 0.15496527 -3.0292775 2083950 2178690
17.449447 0.13924619 -3.0323316 2087670 2182380
17.343467 0.12708479 -3.0223508 2090390 2185220
17.19857 0.10760476 -2.993555 2094030 2189200
17.049445 0.085141322 -2.9906096 2097940 2193150
16.940577 0.068502422 -2.989252 2100800 2196030
16.790395 0.046607519 -3.0043941 2104840 2199900
16.64118 0.026109324 -3.0057539 2108770 2203820
16.526187 0.010263157 -3.0035546 2111780 2206860
16.371556 -0.010296067 -3.0152662 2115910 2210860
16.256944 -0.024629378 -3.0190933 2118940 2213850
16.102498 -0.041985623 -3.0402758 2123110 2217780
15.947468 -0.057436595 -3.0442364 2127190 2221820
15.826307 -0.068297902 -3.06014 2130450 2224900
15.670162 -0.079786322 -3.0761593 2134620 2228890
15.55276 -0.086898069 -3.0860214 2137740 2231900
15.394535 -0.095931643 -3.0831013 2141850 2236050
15.235064 -0.10653739 -3.0672683 2145920 2240310
15.11566 -0.1153012 -3.069387 2149050 2243420
14.962935 -0.12617695 -3.0716163 2153050 2247400
14.80706 -0.13598326 -3.0859118 2157200 2251390
14.692322 -0.14260447 -3.0819865 2160170 2254410
14.534885 -0.15195857 -3.0825086 2164280 2258520
14.379357 -0.16111823 -3.0830243 2168340 2262580
14.262693 -0.16768423 -3.087717 2171410 2265600
14.105928 -0.17528531 -3.0985706 2175560 2269630
13.988616 -0.18041377 -3.097237 2178610 2272700
13.827725 -0.18577741 -3.1192991 2182930 2276770
13.67348 -0.18824709 -3.1318661 2187020 2280720
13.554136 -0.1886649 3.1388678 2190200 2283760
13.396422 -0.18860143 -3.1396726 2194280 2287900
13.274586 -0.18886326 -3.1392148 2197450 2291080
13.114567 -0.18851236 3.1348291 2201670 2295200
12.953793 -0.18627441 3.1205181 2205940 2299310
12.832377 -0.18332466 3.1140879 2209140 2302440
12.668564 -0.17962042 3.1238795 2213350 2306770
12.541947 -0.17767806 3.1286274 2216620 2310100
12.379248 -0.17664568 -3.1413179 2220780 2314420
12.216159 -0.17678693 -3.1401353 2225020 2318680
12.094712 -0.17751474 -3.1310646 2228130 2321900
11.928177 -0.17922217 -3.1316159 2232470 2326240
11.763559 -0.18053616 -3.1356056 2236780 2330510
11.640762 -0.1808234 3.1402839 2240020 2333670
11.47499 -0.18098923 -3.1382832 2244310 2338020
11.305959 -0.1821564 -3.1310922 2248670 2342470
11.180673 -0.18317627 -3.1358128 2251960 2345710
11.016623 -0.18330289 3.1373565 2256290 2349930
10.892681 -0.18200524 3.1248899 2259590 2353090
10.729417 -0.17972611 3.1303776 2263810 2357380
10.558857 -0.17783848 3.1306741 2268250 2361830
10.43434 -0.17682855 3.13629 2271460 2365110
10.26646 -0.17553024 3.1314284 2275860 2369460
10.101841 -0.17466274 3.1412175 2280090 2373810
9.9736728 -0.17436672 3.1373485 2283450 2377130
9.8071332 -0.17318372 3.1316302 2287820 2381440
9.6814706 -0.17152681 3.125186 2291130 2384680
9.5122542 -0.16972314 3.1366822 2295470 2389160
9.3388078 -0.17031531 -3.1298539 2299890 2393780
9.2102679 -0.17201834 -3.1268348 2303220 2397150
9.0416345 -0.17453273 -3.126532 2307610 2401550
8.9138642 -0.17643016 -3.1269548 2310940 2404880
8.7431568 -0.18064564 -3.1068521 2315270 2409450
8.5688901 -0.18762866 -3.0962343 2319750 2414060
8.4420474 -0.1942352 -3.0828761 2322980 2417450
8.2704826 -0.2051613 -3.073111 2327400 2421990
8.1014463 -0.21904994 -3.0461153 2331660 2426570
7.9711842 -0.23149648 -3.0465485 2335070 2429980
7.8032956 -0.24752718 -3.0462457 2339460 2434380
7.6349892 -0.26321042 -3.051111 2343890 2438760
7.5100895 -0.27527585 -3.0394701 2347090 2442100
7.3419068 -0.29224399 -3.0426133 2351510 2446490
7.2211262 -0.30305916 -3.0619605 2354780 2449540
7.0615994 -0.31291668 -3.0977973 2359150 2453500
6.903972 -0.31828778 -3.1172651 2363370 2457500
6.7842916 -0.32158871 -3.1107718 2366450 2460660
6.6204265 -0.32921082 -3.0794514 2370540 2465120
6.4569877 -0.34528566 -3.0076568 2374400 2469820
6.3352701 -0.36535847 -2.9486444 2377270 2473380
6.1795141 -0.40440765 -2.8432524 2380840 2478180
6.0676127 -0.44300699 -2.7756121 2383530 2481660
5.9211572 -0.50503006 -2.7063839 2387270 2486210
5.7848629 -0.57601509 -2.6164698 2390750 2490740
5.6827762 -0.64035776 -2.5419484 2393460 2494320
5.5572239 -0.73704107 -2.4287988 2396930 2499110
5.4721277 -0.8162579 -2.3551226 2399530 2502570
5.36393 -0.93256757 -2.2850332 2403260 2507120
5.2630634 -1.0585011 -2.207201 2407010 2511780
5.1933724 -1.157959 -2.1567941 2409880 2515240
5.1098511 -1.2937635 -2.0875667 2413630 2519800
5.0362082 -1.4358132 -2.0105918 2417350 2524420
4.9865344 -1.5478953 -1.9653558 2420280 2527880
4.9294794 -1.6967711 -1.9081851 2424100 2532370
4.891106 -1.8099745 -1.8870515 2427090 2535610
4.8448658 -1.960753 -1.849682 2430980 2539940
4.8048218 -2.1162639 -1.7959604 2434850 2544440
4.7794447 -2.2379717 -1.7567579 2437860 2547910
4.7540995 -2.3942112 -1.7064733 2441690 2552330
4.734647 -2.5526527 -1.6794441 2445690 2556650
4.7231939 -2.6700908 -1.6565833 2448630 2559860
4.7105466 -2.8330698 -1.6399011 2452790 2564220
4.7025661 -2.9540654 -1.6334133 2455910 2567420
4.694103 -3.1136643 -1.6141355 2459960 2571700
4.6893261 -3.2761031 -1.5862545 2464030 2576100
4.6899224 -3.3950521 -1.5453126 2466890 2579440
4.6967833 -3.5533819 -1.5096678 2470810 2583780
4.7057284 -3.6639129 -1.4704215 2473470 2586900
4.7258463 -3.8038673 -1.3856339 2476660 2591080
4.7588593 -3.9348253 -1.2620728 2479460 2595320
4.7937794 -4.0243628 -1.1357979 2481230 2598560
4.8522371 -4.1248352 -0.95189399 2483190 2602660
4.9032455 -4.186445 -0.80662134 2484430 2605590
4.9798365 -4.251523 -0.60199602 2485860 2609400
5.0624479 -4.2955166 -0.37667811 2486990 2613150
5.1264224 -4.3145342 -0.20122077 2487710 2615910
5.2099119 -4.3218377 0.026709733 2488570 2619420
5.2921228 -4.3101234 0.25636675 2489400 2622920
5.351223 -4.2891451 0.42580928 2490050 2625540
5.4249911 -4.2454655 0.64340252 2491020 2629040
5.4751346 -4.2014155 0.79819037 2491860 2631680
5.5322251 -4.1311526 0.97873707 2493170 2635090
5.5788362 -4.0493132 1.1274063 2494760 2638410
5.6075256 -3.9802205 1.2270542 2496130 2640940
5.6362013 -3.8800815 1.3567467 2498090 2644410
5.6526562 -3.7696559 1.4889961 2500230 2648090
5.6565667 -3.6826477 1.5627682 2502070 2650790
5.6540157 -3.5589284 1.6200568 2504960 2654350
5.6477153 -3.4628221 1.6524624 2507280 2657050
5.6347889 -3.3333842 1.6882011 2510460 2660650
5.6163754 -3.1993825 1.726506 2513760 2664400
5.5987798 -3.0998171 1.7649238 2516170 2667260
5.5706049 -2.967522 1.796339 2519510 2670970
5.5470171 -2.866241 1.8028841 2522180 2673720
5.5149892 -2.73265 1.8093186 2525720 2677340
5.4899812 -2.6285493 1.8037972 2528540 2680100
5.4571331 -2.4886436 1.7990157 2532310 2683820
5.4255363 -2.3500233 1.7907945 2536060 2687480
5.3943901 -2.2050124 1.7739413 2540020 2691250
5.3720361 -2.0963899 1.7735742 2542910 2694140
5.342969 -1.9493844 1.7584383 2546900 2697960
5.3232116 -1.8392805 1.7382611 2549930 2700760
5.3034142 -1.6895706 1.6662835 2554280 2704280
5.2962755 -1.536418 1.568464 2558840 2707710
5.3005984 -1.4234796 1.4966136 2562200 2710240
5.3190259 -1.2718527 1.4031018 2566720 2713680
5.3516831 -1.1228371 1.3070062 2571250 2717100
5.3861306 -1.0157929 1.2119054 2574730 2719480
5.4475693 -0.88035806 1.0779329 2579380 2722580
5.5257441 -0.75610116 0.94052031 2584000 2725610
5.5934454 -0.67215447 0.84371338 2587370 2727860
5.6976984 -0.56907377 0.71577444 2591930 2730940
5.7824264 -0.50081868 0.64049335 2595200 2733340
5.9016368 -0.42191055 0.5289294 2599570 2736420
6.0246617 -0.35819191 0.42685204 2603770 2739440
6.1260005 -0.31754421 0.3360688 2607140 2741760
6.2655151 -0.27640591 0.23741354 2611500 2744980
6.4126752 -0.24708177 0.15596757 2615880 2748420
6.5220845 -0.23143974 0.12804401 2618920 2751140
6.6705231 -0.21560585 0.084491534 2623060 2754780
6.8157988 -0.20541389 0.055590924 2627020 2758410
6.9250458 -0.20029758 0.03800568 2629970 2761160
7.075031 -0.19605419 0.018563315 2633990 2764960
7.1883996 -0.19372658 0.022493744 2636920 2767940
7.3434188 -0.19161424 0.0047572045 2641060 2771880
7.4990175 -0.19044509 0.010270235 2645080 2775970
7.6191182 -0.18902858 0.013317302 2648190 2779120
7.7796732 -0.18561907 0.029147882 2652280 2783400
7.9016326 -0.18156221 0.03735561 2655410 2786630
8.0663781 -0.17665747 0.022170134 2659790 2790840
8.2303879 -0.17313595 0.020765982 2664070 2795110
8.3959161 -0.16895905 0.02969086 2668330 2799480
8.5212846 -0.16374832 0.053387966 2671460 2802890
8.6889685 -0.15548576 0.045081658 2675880 2807220
8.8542061 -0.148362 0.041089405 2680210 2811510
8.9815272 -0.14381322 0.030333829 2683590 2814770
9.1504485 -0.13764271 0.042691605 2687920 2819250
9.2779516 -0.13282793 0.032796492 2691300 2822520
9.4480347 -0.12692918 0.036538926 2695710 2826980
9.6188638 -0.12036458 0.040278973 2700140 2831460
9.7449718 -0.11443829 0.053639559 2703350 2834830
9.91399 -0.10599478 0.046189904 2707800 2839200
10.080813 -0.10005676 0.024969336 2712270 2843430
10.205502 -0.097505639 0.015944885 2715570 2846630
10.374498 -0.093911787 0.026580506 2719910 2851100
10.504123 -0.089487739 0.041652177 2723200 2854570
10.675149 -0.082998605 0.034196265 2727700 2858990
10.843129 -0.077298863 0.033639836 2732080 2863370
10.971233 -0.073235899 0.029771067 2735440 2866690
11.099499 -0.068392898 0.045708116 2738690 2870130
11.271087 -0.061555554 0.033944577 2743230 2874540
11.43848 -0.055556942 0.037695917 2747570 2878930
11.60796 -0.048920529 0.040579094 2751970 2883370
11.732133 -0.042725842 0.059113224 2755100 2886720
11.89864 -0.033996469 0.045643744 2759520 2890990
12.062949 -0.02759952 0.032181886 2763880 2895200
12.188011 -0.024461613 0.017989105 2767220 2898380
12.354323 -0.021013832 0.023466567 2771520 2902750
12.5233 -0.016585473 0.028935176 2775890 2907190
12.64701 -0.013190191 0.025941984 2779130 2910400
12.809854 -0.0090788617 0.024541579 2783380 2914640
12.933387 -0.0062847083 0.020687928 2786620 2917840
13.09738 -0.0021589598 0.029617662 2790840 2922170
13.260251 0.00086810284 0.0075491979 2795210 2926290
13.381702 0.0016036692 0.0045636386 2798390 2929440
13.548821 0.0018164004 -0.0020177625 2802780 2933760
13.713246 0.0027850721 0.013800114 2806970 2938140
13.83777 0.0035663452 -0.0012520962 2810300 2941300
14.00162 0.0019056694 -0.019017893 2814670 2945470
14.124569 -0.0012523786 -0.032342409 2817950 2948600
14.286811 -0.0062654105 -0.029435097 2822160 2952850
14.452534 -0.010333505 -0.019649908 2826420 2957230
14.575491 -0.013145707 -0.026085172 2829660 2960400
14.736026 -0.017446119 -0.027477956 2833850 2964580
14.896731 -0.022598453 -0.036621903 2838090 2968720
15.016766 -0.026813219 -0.033574835 2841200 2971870
15.17738 -0.034328776 -0.059942156 2845540 2975910
15.297261 -0.041754523 -0.063784473 2848690 2979020
15.461333 -0.052633523 -0.068634508 2853000 2983280
15.623151 -0.062611367 -0.054531448 2857140 2987590
15.746313 -0.069838295 -0.062690628 2860400 2990760
15.908302 -0.082925178 -0.098536263 2864840 2994790
16.068562 -0.10181331 -0.13610088 2869260 2998780
16.186626 -0.11925059 -0.15716387 2872490 3001770
16.348144 -0.1456762 -0.1671786 2876810 3005980
16.470755 -0.16742643 -0.18395297 2880150 3009130
16.626531 -0.19763334 -0.19911817 2884370 3013180
16.782267 -0.23092111 -0.22203557 2888650 3017200
16.89973 -0.25778309 -0.22760164 2891820 3020310
17.060724 -0.29731656 -0.25398529 2896290 3024480
17.215381 -0.33914739 -0.27432267 2900580 3028540
17.332413 -0.37303412 -0.28936571 2903840 3031630
17.485069 -0.41838381 -0.28817056 2907980 3035790
17.601322 -0.45286931 -0.28857198 2911140 3038950
17.754883 -0.49921993 -0.29771465 2915370 3043080
17.868573 -0.53423545 -0.29983073 2918480 3046170
18.019805 -0.58031981 -0.29174208 2922550 3050340
18.169066 -0.6207369 -0.23713961 2926260 3054690
18.282582 -0.6449564 -0.18327025 2928970 3058030
18.428274 -0.66561924 -0.098500794 2932310 3062360
18.568933 -0.67224405 0.0043731012 2935380 3066630
18.673764 -0.66751249 0.085835918 2937640 3069840
18.806667 -0.64698882 0.22059519 2940360 3074130
18.929727 -0.60990134 0.36484494 2942870 3078320
19.017212 -0.57058219 0.47992397 2944700 3081490
19.123672 -0.50206516 0.66379486 2946930 3085860
19.212222 -0.41621055 0.87609667 2948910 3090310
19.263349 -0.3435965 1.0385619 2950280 3093570
19.309917 -0.24087596 1.2517583 2951980 3097750
19.329609 -0.16038803 1.4099405 2953220 3100830
19.335398 -0.052941677 1.6240136 2954780 3104880
19.317756 0.053009893 1.8475633 2956280 3108980
19.290732 0.12542785 2.0083444 2957360 3111930
19.237887 0.21361514 2.2129634 2958850 3115800
19.186969 0.27228217 2.3582423 2960030 3118670
19.103333 0.34150514 2.5421729 2961790 3122570
19.006756 0.39635361 2.7080117 2963720 3126430
18.93145 0.42657266 2.8119435 2965230 3129150
18.825263 0.45571256 2.9355879 2967380 3132740
18.738225 0.47026603 3.0162455 2969210 3135510
18.614884 0.48019672 3.1062585 2971910 3139260
18.488458 0.47962772 -3.0972573 2974740 3143020
18.391372 0.47361736 -3.0622713 2977070 3145760
18.253925 0.46182975 -3.0498104 2980590 3149430
18.113988 0.44782733 -3.0339139 2984160 3153190
18.042312 0.43965068 -3.0220964 2985970 3155140
17.894378 0.41972471 -2.9933105 2989690 3159200
17.786085 0.40194369 -2.9643942 2992380 3162230
17.64342 0.37471593 -2.9416236 2996030 3166150
17.534804 0.35233278 -2.9351014 2998880 3169080
17.390721 0.3205649 -2.9140606 3002600 3173050
17.24397 0.28582476 -2.9042258 3006470 3177040
17.136859 0.25939472 -2.8951181 3009290 3179970
16.990218 0.22180121 -2.8861464 3013180 3183970
16.840583 0.18200683 -2.877186 3017160 3188060
16.72819 0.15076765 -2.8637937 3020120 3191180
16.576085 0.10835335 -2.8755116 3024300 3195230
16.464284 0.078576876 -2.8870898 3027380 3198180
16.31029 0.041097845 -2.9186165 3031690 3202130
16.156521 0.0068992429 -2.9268884 3035840 3206190
16.03804 -0.018912371 -2.9272899 3039000 3209350
15.884817 -0.052011852 -2.9303924 3043100 3213420
15.73182 -0.083397122 -2.9481327 3047270 3217390
15.613352 -0.10541863 -2.9674774 3050520 3220420
15.45558 -0.1321477 -2.9800634 3054760 3224520
15.293872 -0.15738187 -2.9935227 3059100 3228710
15.176349 -0.17452634 -2.999944 3062230 3231770
15.014855 -0.195882 -3.0202901 3066590 3235900
14.896177 -0.21016952 -3.0232693 3069720 3239000
14.734126 -0.22854106 -3.0341433 3074030 3243190
14.573381 -0.24471683 -3.048457 3078320 3247320
14.450583 -0.25445705 -3.0764221 3081690 3250370
14.286381 -0.26321281 -3.1002179 3086110 3254520
14.163293 -0.26796479 -3.1057926 3089350 3257700
13.997468 -0.27478786 -3.0951468 3093610 3262090
13.837427 -0.28211488 -3.0965383 3097790 3266260
13.716251 -0.28671744 -3.1107184 3101030 3269340
13.555716 -0.29114841 -3.1172783 3105250 3273490
13.390556 -0.29476402 -3.1221309 3109580 3277770
13.270286 -0.29744369 -3.1165011 3112680 3280940
13.103202 -0.30079895 -3.1265271 3117090 3285240
12.979087 -0.30323148 -3.1174651 3120270 3288530
12.810886 -0.30789593 -3.1102717 3124610 3292960
12.64426 -0.31386057 -3.1013508 3128900 3297360
12.518647 -0.31786303 -3.118129 3132270 3300540
12.349431 -0.32018324 -3.137635 3136790 3304840
12.222222 -0.3204956 -3.1406394 3140120 3308140
12.048208 -0.322035 -3.1248534 3144560 3312770
11.879207 -0.32547205 -3.1176625 3148920 3317220
11.751067 -0.32818064 -3.1232538 3152290 3320530
11.581296 -0.33146605 -3.1212324 3156700 3324970
11.451626 -0.33430212 -3.1182171 3160060 3328370
11.283418 -0.33884016 -3.1110237 3164400 3332800
11.110604 -0.34340485 -3.1193462 3168950 3337260
10.980579 -0.34727835 -3.104276 3172250 3340740
10.80387 -0.35550063 -3.0859159 3176750 3345460
10.632311 -0.36649611 -3.0692616 3181130 3350040
10.499255 -0.37535907 -3.0808982 3184670 3353450
10.323432 -0.38584028 -3.0832037 3189270 3358030
10.145137 -0.39674902 -3.0777668 3193890 3362720
10.015969 -0.40615009 -3.060111 3197160 3366200
9.839638 -0.42034491 -3.0624189 3201780 3370800
9.7105441 -0.43072714 -3.0602642 3205140 3374190
9.5371208 -0.44518819 -3.0565343 3209650 3378750
9.3643609 -0.46061795 -3.048497 3214120 3383320
9.2336372 -0.47222687 -3.057543 3217590 3386690
9.0581053 -0.48681136 -3.0598483 3222190 3391270
8.8782845 -0.50297137 -3.0440838 3226800 3396070
8.7454716 -0.51685771 -3.0307473 3230200 3399630
8.5712892 -0.53551033 -3.0390778 3234810 3404150
8.3980758 -0.5523001 -3.050849 3239410 3408620
8.2667656 -0.56382066 -3.0573135 3242880 3412020
8.093162 -0.57843613 -3.0578904 3247420 3416560
7.9194299 -0.59145599 -3.0756904 3252060 3421000
7.7878664 -0.59959814 -3.0838773 3255540 3424390
7.6144819 -0.60904199 -3.0904803 3260100 3428880
7.444265 -0.61652628 -3.1048232 3264620 3433240
7.3168825 -0.61898955 -3.1396917 3268140 3436360
7.1463408 -0.61552008 3.0990096 3272840 3440550
7.0202595 -0.60892445 3.079646 3276240 3443730
6.8510043 -0.59793948 3.0739175 3280690 3448120
6.6851114 -0.58557267 3.0604491 3285100 3452380
6.5605269 -0.57422627 3.0410895 3288470 3455530
6.394719 -0.55666574 3.0310647 3292870 3459820
6.2660316 -0.5420755 3.0263301 3296270 3463170
6.0989794 -0.52356208 3.0361077 3300590 3467610
5.9312182 -0.50443646 3.0200478 3305080 3471920
5.8075733 -0.48968587 3.0256637 3308290 3475200
5.639488 -0.47006443 3.0251035 3312700 3479610
5.4726244 -0.45158296 3.0374651 3317000 3484060
5.3449012 -0.43698329 3.0180939 3320460 3487300
5.1774387 -0.41541595 3.0089233 3324910 3491650
5.050065 -0.39805487 3.0033308 3328290 3494970
4.8774428 -0.37602654 3.0260063 3332690 3499640
4.7049422 -0.35617412 3.028015 3337200 3504180
4.5783521 -0.34181755 3.0293156 3340510 3507510
4.4098137 -0.32276673 3.0287542 3344930 3511930
4.2385207 -0.30420232 3.0385177 3349360 3516480
4.1112321 -0.29095273 3.0372329 3352700 3519810
3.9407028 -0.2724484 3.0297758 3357210 3524240
3.8119367 -0.2585792 3.03882 3360530 3527670
3.6356415 -0.2418011 3.0545959 3365050 3532380
3.4633838 -0.22725068 3.0600517 3369520 3536920
3.3317082 -0.21548995 3.0449743 3373050 3540280
3.1592997 -0.19835541 3.0400949 3377590 3544770
3.027004 -0.18502463 3.0422384 3381040 3548250
2.8523255 -0.169534 3.064048 3385480 3552950
2.675786 -0.15553529 3.0608783 3390110 3557550
2.5476046 -0.14580563 3.0707868 3393400 3560960
2.3730025 -0.13427767 3.0805415 3397900 3565580
2.20326 -0.1250272 3.0937574 3402250 3570090
2.0745122 -0.11805814 3.0812743 3405680 3573380
1.9042168 -0.10838769 3.0884602 3410080 3577870
1.7719728 -0.1022389 3.1018006 3413450 3581400
1.5991732 -0.097321013 3.1244799 3417820 3586040
1.4272969 -0.093590167 3.1152991 3422350 3590470
1.2982218 -0.089889831 3.1105658 3425740 3593810
1.1262128 -0.084131458 3.1056902 3430250 3598270
0.9561144 -0.078633858 3.1128773 3434640 3602750
0.8289633 -0.074790487 3.1098728 3437970 3606050
0.65731832 -0.069665162 3.1136102 3442420 3610550
0.53014846 -0.066572066 3.1209396 3445690 3613910
0.35922111 -0.063655627 3.1281241 3450100 3618410
0.19327522 -0.061017505 3.1232689 3454450 3622710
0.067643581 -0.057660722 3.1064906 3457820 3625890
-0.097657198 -0.052238194 3.1111102 3462100 3630230
-0.26817891 -0.048239599 3.1251854 3466460 3634760
-0.39077436 -0.046995034 3.137697 3469580 3638030
-0.557491 -0.044361131 3.1138935 3474060 3642240
-0.72390869 -0.037839219 3.0909518 3478530 3646450
-0.84991883 -0.030010875 3.0681435 3481950 3649610
-1.015388 -0.017144765 3.0598434 3486320 3653890
-1.1413079 -0.0056542339 3.0413405 3489720 3657080
-1.3057783 0.011794161 3.0304589 3494090 3661330
-1.4667833 0.030858704 3.0170047 3498390 3665480
-1.5876542 0.046179547 3.0140177 3501580 3668640
-1.7465119 0.06840987 2.9910962 3505890 3672690
-1.8650039 0.088076358 2.9631415 3509180 3675660
-2.0203915 0.11725243 2.9488394 3513380 3679700
-2.1830587 0.14919303 2.9465683 3517710 3684010
-2.3038213 0.17247963 2.9556339 3520860 3687270
-2.4640664 0.20482062 2.9292577 3525270 3691380
-2.5814734 0.23105709 2.9142197 3528490 3694430
-2.7389224 0.26975264 2.8869868 3532870 3698500
-2.8924877 0.30969109 2.8873227 3537000 3702640
-3.0097388 0.34062081 2.8800319 3540200 3705760
-3.1630747 0.38291651 2.8648655 3544430 3709820
-3.2744668 0.41488778 2.8593148 3547480 3712810
-3.4232 0.45862117 2.8519123 3551560 3716810
-3.5694935 0.50042038 2.8746602 3555390 3720910
-3.6801423 0.53003602 2.8854762 3558310 3723960
-3.8253154 0.56391043 2.9392363 3561880 3728160
-3.9330504 0.58266975 2.9991568 3564380 3731360
-4.0751699 0.59588564 3.0985791 3567520 3735660
-4.206937 0.59324143 -3.0584498 3570220 3739830
-4.2983997 0.58105057 -2.9597219 3572050 3742810
-4.4130953 0.55106222 -2.8119922 3574280 3746760
-4.5161701 0.50574229 -2.642716 3576230 3750680
-4.5842989 0.46167918 -2.4922787 3577470 3753670
-4.6567149 0.39393768 -2.2867892 3578860 3757450
-4.7087974 0.31965836 -2.0778257 3580010 3761030
-4.7346443 0.26272797 -1.9161314 3580700 3763600
-4.7523303 0.18808438 -1.6907592 3581390 3766910
-4.7524484 0.11732401 -1.4541722 3581860 3770130
-4.7428179 0.070558576 -1.2812355 3582100 3772380
-4.7196441 0.016028035 -1.0566668 3582340 3775230
-4.6959394 -0.018865161 -0.89146371 3582480 3777290
-4.6553417 -0.059622289 -0.68325009 3582770 3780000
-4.6036942 -0.09416473 -0.49572245 3583300 3782710
-4.5571647 -0.11554855 -0.36585444 3583880 3784800
-4.486714 -0.13635575 -0.20850496 3584880 3787630
-4.4107641 -0.14723866 -0.07613905 3586110 3790400
-4.3494121 -0.14922229 0.011497619 3587200 3792510
-4.2624845 -0.14388687 0.11110411 3588890 3795360
-4.1917677 -0.13427457 0.15909328 3590470 3797500
-4.0890596 -0.11571981 0.19836178 3592960 3800450
-3.9818937 -0.092078657 0.23588985 3595600 3803530
-3.8991159 -0.071173386 0.25885854 3597690 3805890
-3.7846449 -0.040251779 0.26880019 3600720 3809040
-3.665891 -0.0061304854 0.29078138 3603810 3812390
-3.5759082 0.021756611 0.3102764 3606150 3814960
-3.450033 0.062145665 0.31069995 3609590 3818410
-3.3534288 0.093285014 0.31294741 3612220 3821070
-3.2242318 0.13462889 0.30647022 3615790 3824570
-3.0944563 0.1741315 0.28449195 3619450 3827980
-2.9971914 0.20246548 0.28243415 3622100 3830610
-2.8618628 0.2407568 0.2690511 3625840 3834200
-2.7600539 0.26852733 0.26353469 3628620 3836920
-2.6260224 0.3035454 0.24757518 3632320 3840440
-2.4901201 0.33415125 0.19544363 3636250 3843770
-2.3879789 0.35266821 0.16323667 3639140 3846290
-2.2430879 0.37228566 0.10591569 3643280 3849770
-2.0991534 0.38486307 0.068407217 3647260 3853320
-1.9911129 0.39103163 0.045658821 3650210 3856010
-1.8522417 0.39471022 0.0073071978 3654050 3859410
-1.7137249 0.39235037 -0.041377052 3657940 3862740
-1.6025237 0.38441144 -0.10116615 3661190 3865300
-1.4545973 0.36431935 -0.16883145 3665470 3868800
-1.3423435 0.34246609 -0.21571311 3668720 3871510
-1.1967387 0.30702206 -0.26185111 3672890 3875150
-1.0516339 0.26384281 -0.31660588 3677150 3878780
-0.94316736 0.22641174 -0.34798803 3680320 3881590
-0.79985259 0.17143003 -0.38466498 3684530 3885380
-0.65348647 0.11014121 -0.40844175 3688800 3889380
-0.54894242 0.065246974 -0.40279027 3691730 3892380
-0.41063737 0.0085853769 -0.37486591 3695460 3896440
-0.313667 -0.02620457 -0.3140646 3697790 3899480
-0.19079824 -0.058327182 -0.19736521 3700420 3903470
-0.082039332 -0.072873505 -0.068553323 3702530 3907080
-0.01242884 -0.07468663 0.016471673 3703850 3909390
0.064723424 -0.069798136 0.11008242 3705320 3911950
0.12325935 -0.061747197 0.1632793 3706550 3913800
0.15467154 -0.056490477 0.16834083 3707350 3914660
0.18176848 -0.052162284 0.14844312 3708180 3915260
0.19373676 -0.050451708 0.13548553 3708570 3915500
0.20343729 -0.049159254 0.12942501 3708860 3915720
0.21047651 -0.048240083 0.13026265 3709040 3915910
0.2144727 -0.047721842 0.12766581 3709160 3916000
0.21789887 -0.047285064 0.12593205 3709260 3916080
0.21923152 -0.047116934 0.12506644 3709300 3916110
0.21999299 -0.0470212 0.1250639 3709320 3916130
0.21980275 -0.047045035 0.12420337 3709320 3916120
0.21923147 -0.047116607 0.12506644 3709300 3916110
0.21923147 -0.047116607 0.12506644 3709300 3916110
0.21961221 -0.047068739 0.12506517 3709310 3916120
0.21961221 -0.047068739 0.12506517 3709310 3916120
0.21942197 -0.047092573 0.12420464 3709310 3916110
0.21961221 -0.047068739 0.12506517 3709310 3916120
0.21961221 -0.047068739 0.12506517 3709310 3916120
0.21961221 -0.047068739 0.12506517 3709310 3916120
0.21961221 -0.047068739 0.12506517 3709310 3916120
0.21961221 -0.047068739 0.12506517 3709310 3916120
0.21961221 -0.047068739 0.12506517 3709310 3916120
0.21961221 -0.047068739 0.12506517 3709310 3916120
0.21961221 -0.047068739 0.12506517 3709310 3916120
0.21961221 -0.047068739 0.12506517 3709310 3916120
0.21961221 -0.047068739 0.12506517 3709310 3916120
0.21961221 -0.047068739 0.12506517 3709310 3916120
0.21961221 -0.047068739 0.12506517 3709310 3916120
0.21961221 -0.047068739 0.12506517 3709310 3916120
0.21961221 -0.047068739 0.12506517 3709310 3916120
