1539935996877231 0 5
1539935996977139 0 5
1539935997077111 0 4
1539935997177135 0 4
1539935997277107 -1 5
1539935997377058 -1 5
1539935997477015 0 5
1539935997577123 0 5
1539935997677085 0 5
1539935997776883 0 5
1539935997876746 0 5
1539935997976691 0 5
1539935998076561 0 5
1539935998176609 0 5
1539935998276511 0 5
1539935998376346 0 5
1539935998476258 0 5
1539935998576161 0 5
1539935998675935 0 5
1539935998775877 0 4
1539935998875769 -1 -1
1539935998975872 -8 4
1539935999075922 6 4
1539935999175734 0 5
1539935999275502 -2 2
1539935999375469 2 5
1539935999475283 2 7
1539935999575064 1 5
1539935999674975 1 5
1539935999774866 2 6
1539935999874704 1 6
1539935999974526 1 6
1539936000074479 0 6
1539936000174376 0 6
1539936000274415 0 5
1539936000374212 0 5
1539936000474028 1 5
1539936000573911 1 6
1539936000673887 1 6
1539936000773864 1 6
1539936000873719 1 6
1539936000973616 1 5
1539936001073637 1 5
1539936001173403 1 5
1539936001273331 1 5
1539936001373142 0 5
1539936001472985 0 5
1539936001573005 0 6
1539936001672920 0 6
1539936001772931 0 6
1539936001872783 1 6
1539936001972659 1 5
1539936002072541 1 6
1539936002172598 0 6
1539936002272428 0 6
1539936002372207 0 6
1539936002472151 1 5
1539936002572021 1 5
1539936002671803 1 5
1539936002771680 1 5
1539936002871512 1 5
1539936002971429 1 5
1539936003071416 1 5
1539936003171281 1 5
1539936003271181 1 5
1539936003371060 1 5
1539936003470876 1 5
1539936003570885 1 6
1539936003670753 1 6
1539936003770782 1 6
1539936003870646 1 6
1539936003970396 1 6
1539936004070369 1 5
1539936004170286 0 1
1539936004270161 0 0
1539936004370148 0 1
1539936004469980 -1 1
1539936004569833 -28 -13
1539936004669687 -104 -9
1539936004769574 -269 61
1539936004869519 -519 158
1539936005002632 -985 304
1539936005102416 -1379 411
1539936005202301 -1767 494
1539936005302281 -2100 485
1539936005402282 -2376 346
1539936005502125 -2552 -11
1539936005602062 -2578 -439
1539936005701967 -2510 -846
1539936005801756 -2386 -1197
1539936005901662 -2195 -1437
1539936006001577 -1972 -1606
1539936006101552 -1664 -1606
1539936006201416 -1340 -1555
1539936006301393 -986 -1497
1539936006401311 -625 -1459
1539936006501147 -320 -1459
1539936006600965 -109 -1482
1539936006700928 28 -1503
1539936006800854 76 -1510
1539936006900808 48 -1500
1539936007000548 13 -1484
1539936007100320 -5 -1471
1539936007200202 0 -1461
1539936007300151 18 -1462
1539936007399976 46 -1463
1539936007499780 95 -1464
1539936007599830 188 -1463
1539936007699725 341 -1463
1539936007799638 601 -1460
1539936007899524 997 -1456
1539936007999300 1531 -1449
1539936008099186 2199 -1430
1539936008232302 3305 -1403
1539936008332195 4327 -1389
1539936008432060 5387 -1363
1539936008532037 6473 -1308
1539936008632084 7560 -1215
1539936008731873 8597 -1125
1539936008831724 9703 -1038
1539936008931658 10830 -967
1539936009031555 11960 -907
1539936009131422 13118 -838
1539936009231359 14293 -761
1539936009331190 15472 -691
1539936009431169 16715 -616
1539936009531087 17954 -540
1539936009631053 19269 -454
1539936009730943 20665 -371
1539936009830739 22066 -284
1539936009930636 23543 -166
1539936010030506 25028 -14
1539936010130342 26489 171
1539936010230350 27983 391
1539936010330282 29501 656
1539936010430200 30996 985
1539936010530282 32450 1428
1539936010630105 33821 2037
1539936010730062 35126 2892
1539936010829907 36393 3936
1539936010929642 37601 5143
1539936011029554 38853 6576
1539936011129431 40108 8154
1539936011229279 41279 9653
1539936011329144 42513 11194
1539936011428982 43722 12664
1539936011528988 44888 14059
1539936011628904 46061 15458
1539936011728900 47215 16828
1539936011828830 48246 18044
1539936011928683 49307 19300
1539936012028420 50267 20455
1539936012128571 51245 21666
1539936012228664 52252 22943
1539936012328573 53334 24357
1539936012428711 54492 25877
1539936012528645 55707 27450
1539936012628481 56959 29093
1539936012728317 58268 30856
1539936012828299 59629 32730
1539936012928215 61011 34638
1539936013028051 62500 36659
1539936013127938 63964 38732
1539936013227762 65470 40971
1539936013327817 67011 43264
1539936013427868 68643 45536
1539936013527777 70357 47827
1539936013627624 72136 50091
1539936013727432 74005 52336
1539936013827314 75966 54580
1539936013927255 77976 56789
1539936014027108 79957 59039
1539936014126899 81896 61288
1539936014226879 83831 63595
1539936014326768 85795 65948
1539936014426642 87840 68279
1539936014526527 89930 70558
1539936014626433 92064 72844
1539936014726356 94298 75070
1539936014826185 96542 77148
1539936014926070 98965 79306
1539936015025969 101386 81462
1539936015125867 103817 83589
1539936015225872 106178 85720
1539936015325829 108413 87865
1539936015425693 110737 90185
1539936015525496 113072 92532
1539936015625309 115297 94841
1539936015725168 117535 97245
1539936015825170 119784 99659
1539936015924979 121980 101978
1539936016024910 124237 104415
1539936016124864 126448 106802
1539936016224900 128760 109126
1539936016324795 131058 111385
1539936016424693 133279 113617
1539936016524474 135552 115898
1539936016624609 137930 118202
1539936016724383 140222 120505
1539936016824309 142537 122841
1539936016924031 144920 125175
1539936017023823 147227 127404
1539936017123723 149654 129802
1539936017223599 152128 132248
1539936017323613 154607 134613
1539936017423497 157025 137016
1539936017523372 159446 139480
1539936017623332 161962 141993
1539936017723109 164423 144466
1539936017823053 166859 147022
1539936017923007 169333 149573
1539936018022859 171765 152096
1539936018122612 174100 154616
1539936018222494 176577 157258
1539936018322386 179053 159758
1539936018422286 181454 162217
1539936018522150 183951 164724
1539936018621961 186512 167199
1539936018722043 189057 169656
1539936018821935 191619 172154
1539936018921846 194262 174658
1539936019021637 196851 177128
1539936019121672 199440 179648
1539936019221473 201960 182074
1539936019321280 204646 184594
1539936019421087 207214 187093
1539936019521056 209810 189542
1539936019621064 212501 192012
1539936019721071 215169 194483
1539936019820839 217781 196938
1539936019920826 220537 199506
1539936020020862 223060 201971
1539936020120466 225690 204600
1539936020220464 228270 207176
1539936020320497 230825 209732
1539936020420310 233389 212305
1539936020520231 235961 214857
1539936020620167 238432 217352
1539936020719998 240852 219877
1539936020819758 243261 222421
1539936020919800 245584 224906
1539936021019649 247879 227410
1539936021119411 250127 229909
1539936021219276 252369 232378
1539936021319201 254550 234809
1539936021419085 256606 237145
1539936021519001 258937 239713
1539936021618904 261208 242082
1539936021718852 263456 244497
1539936021818682 265714 246947
1539936021918586 267985 249388
1539936022018455 270169 251817
1539936022118310 272347 254286
1539936022218114 274564 256729
1539936022318526 276923 259209
1539936022418653 279266 261690
1539936022518322 281535 264038
1539936022618140 284080 266460
1539936022718036 286562 268794
1539936022817973 288977 271041
1539936022917902 291602 273285
1539936023017786 294311 275429
1539936023117692 296968 277558
1539936023217492 299659 279672
1539936023317445 302372 281729
1539936023417222 305014 283754
1539936023517158 307764 285792
1539936023617064 310583 287768
1539936023716998 313376 289617
1539936023816939 316298 291333
1539936023916735 319236 292980
1539936024016595 322142 294547
1539936024116523 325126 296042
1539936024216475 328105 297422
1539936024316283 331021 298710
1539936024416337 333913 299932
1539936024516216 336748 301134
1539936024616113 339441 302239
1539936024716039 342072 303247
1539936024815935 344695 304095
1539936024915959 347161 304741
1539936025015740 349530 305186
1539936025115650 351772 305430
1539936025215668 353822 305477
1539936025315500 355865 305393
1539936025415344 357735 305203
1539936025515321 359523 304995
1539936025615180 361165 304839
1539936025715029 362671 304776
1539936025814801 364048 304828
1539936025914680 365390 305026
1539936026014595 366566 305344
1539936026114356 367636 305766
1539936026214268 368629 306311
1539936026314065 369570 306971
1539936026414122 370427 307740
1539936026513922 371283 308676
1539936026613821 372123 309737
1539936026713742 372975 310890
1539936026813730 373875 312094
1539936026913501 374806 313304
1539936027013301 375885 314678
1539936027113317 376952 316044
1539936027213513 378069 317530
1539936027313561 379251 319129
1539936027413668 380495 320800
1539936027513721 381777 322457
1539936027613656 383094 324133
1539936027713476 384433 325876
1539936027813563 385802 327696
1539936027913303 387217 329546
1539936028013113 388624 331332
1539936028113126 390229 333285
1539936028213030 391915 335358
1539936028312904 393613 337442
1539936028412887 395334 339496
1539936028512761 397165 341610
1539936028612607 399172 343880
1539936028712478 401232 346117
1539936028812327 403349 348300
1539936028912209 405587 350487
1539936029011998 407923 352687
1539936029111954 410253 354849
1539936029211798 412723 357141
1539936029345108 416063 360243
1539936029444959 418521 362547
1539936029544917 420944 364808
1539936029645371 423390 367056
1539936029745121 425853 369398
1539936029845019 428251 371674
1539936029945024 430655 373902
1539936030078302 433911 376951
1539936030178076 436363 379239
1539936030277825 438915 381527
1539936030377735 441499 383854
1539936030477639 444084 386256
1539936030577531 446721 388605
1539936030677603 449354 390982
1539936030777462 451909 393454
1539936030877434 454456 395971
1539936030977294 457004 398448
1539936031077194 459488 400997
1539936031177036 461988 403541
1539936031276818 464481 406007
1539936031376715 466897 408438
1539936031476550 469249 410843
1539936031576452 471614 413202
1539936031676262 474010 415604
1539936031776319 476336 418089
1539936031876101 478631 420575
1539936031975952 480873 423014
1539936032076045 483124 425577
1539936032175825 485308 428109
1539936032275821 487548 430609
1539936032375713 489758 433076
1539936032475689 492010 435626
1539936032575501 494193 438033
1539936032675459 496399 440411
1539936032775208 498526 442757
1539936032875125 500638 445104
1539936032974969 502706 447388
1539936033074875 504804 449690
1539936033174737 506927 451996
1539936033274722 509017 454256
1539936033374485 511123 456519
1539936033474545 513257 458802
1539936033574404 515429 461091
1539936033674289 517500 463246
1539936033774255 519628 465469
1539936033874086 521759 467695
1539936033973873 523829 469877
1539936034073779 525761 471992
1539936034173810 527707 474304
1539936034273797 529461 476581
1539936034373708 531221 479033
1539936034473544 532773 481498
1539936034573278 534179 484013
1539936034673153 535560 486579
1539936034773016 536899 489165
1539936034872997 538209 491732
1539936034972925 539515 494225
1539936035072891 540797 496656
1539936035172636 542037 499007
1539936035272498 543377 501447
1539936035372424 544775 503693
1539936035472309 546246 505904
1539936035572093 547751 508055
1539936035671895 549263 510098
1539936035771754 550863 512112
1539936035871703 552551 514078
1539936035971647 554293 516018
1539936036071555 556012 517898
1539936036171430 557682 519769
1539936036271348 559274 521641
1539936036371318 560905 523727
1539936036471099 562428 525789
1539936036570899 563964 527858
1539936036670738 565488 529886
1539936036770648 567050 531878
1539936036870520 568732 533861
1539936036970501 570549 535689
1539936037070449 572389 537441
1539936037170367 574180 539195
1539936037270280 575928 540970
1539936037370198 577653 542719
1539936037469974 579475 544524
1539936037569985 581259 546325
1539936037669857 583049 548175
1539936037769685 584906 550016
1539936037902873 587420 552317
1539936038002682 589443 554116
1539936038102690 591353 555868
1539936038202579 593209 557577
1539936038302587 595052 559238
1539936038402472 596833 560807
1539936038502498 598530 562368
1539936038602288 600180 563924
1539936038702260 601826 565464
1539936038802264 603457 566961
1539936038902014 605045 568394
1539936039001965 606444 569651
1539936039101693 607765 570870
1539936039201570 608917 571945
1539936039301623 609968 572922
1539936039401587 610955 573808
1539936039501605 611896 574630
1539936039601496 612782 575404
1539936039701323 613614 576138
1539936039801118 614404 576833
1539936039900859 615145 577483
1539936040000735 615825 578094
1539936040100545 616464 578656
1539936040200372 617092 579208
1539936040300403 617676 579732
1539936040400300 618220 580224
1539936040500100 618716 580663
1539936040600100 619189 581083
1539936040700085 619603 581451
1539936040799960 619982 581785
1539936040899914 620316 582082
1539936040999794 620615 582342
1539936041099660 620869 582564
1539936041199530 621070 582750
1539936041299496 621248 582903
1539936041399224 621386 583023
1539936041499099 621490 583116
1539936041599094 621558 583175
1539936041698864 621597 583204
1539936041798652 621605 583216
1539936041898494 621600 583211
1539936041998528 621591 583203
1539936042098412 621586 583199
1539936042198441 621588 583200
1539936042298384 621591 583203
1539936042398406 621592 583204
1539936042498240 621590 583203
1539936042598196 621590 583203
1539936042698042 621591 583203
1539936042797940 621591 583204
1539936042897816 621591 583204
1539936042997782 621591 583204
1539936043097812 621591 583204
1539936043197621 621591 583204
1539936043297433 621591 583204
1539936043397320 621591 583204
1539936043497282 621591 583204
1539936043597122 621592 583204
1539936043697098 621592 583204
1539936043796998 621592 583204
1539936043897017 621592 583204
1539936043996870 621592 583204
1539936044096863 621592 583205
1539936044196620 621592 583204
1539936044296562 621592 583204
1539936044396474 621592 583204
1539936044496354 621592 583204
1539936044596163 621592 583204
1539936044696079 621592 583204
1539936044795918 621592 583205
1539936044895886 621592 583205
1539936044995707 621592 583205
1539936045095691 621592 583205
1539936045195590 621593 583205
1539936045295452 621593 583204
1539936045395340 621592 583205
1539936045495167 621592 583205
1539936045594985 621592 583205
1539936045695042 621592 583205
1539936045794816 621592 583205
1539936045894708 621592 583205
1539936045994585 621593 583205
1539936046094406 621593 583205
1539936046194330 621593 583206
1539936046294131 621593 583205
1539936046394075 621593 583205
1539936046493999 621593 583205
1539936046594050 621593 583205
1539936046693902 621593 583205
1539936046793797 621592 583204
1539936046893679 621592 583205
1539936046993522 621593 583205
1539936047093441 621593 583205
1539936047193343 621593 583205
1539936047293283 621593 583205
1539936047393090 621593 583205
1539936047492941 621592 583206
1539936047592869 621592 583206
1539936047692824 621592 583205
1539936047792645 621593 583205
1539936047892611 621593 583205
1539936047992530 621593 583205
1539936048092353 621593 583205
1539936048192308 621593 583205
1539936048292155 621593 583206
1539936048391984 621593 583205
1539936048491868 621593 583205
1539936048591698 621593 583205
1539936048691722 621593 583205
1539936048791656 621593 583205
1539936048891651 621593 583205
1539936048991586 621593 583206
1539936049091567 621593 583206
1539936049191434 621593 583206
1539936049291286 621593 583206
1539936049391117 621593 583205
1539936049490926 621593 583205
1539936049590826 621593 583205
1539936049690750 621593 583206
1539936049790563 621593 583206
1539936049890576 621593 583206
1539936049990432 621593 583206
1539936050090240 621593 583206
1539936050190137 621593 583206
1539936050290002 621594 583205
1539936050389926 621594 583205
1539936050489719 621594 583206
1539936050589742 621594 583206
1539936050689636 621593 583205
1539936050789521 621594 583205
1539936050889295 621594 583205
1539936050989255 621594 583205
1539936051089066 621594 583205
1539936051189154 621593 583206
1539936051289026 621593 583206
1539936051388993 621593 583206
1539936051488788 621594 583206
1539936051588596 621594 583206
1539936051688496 621593 583206
1539936051788301 621593 583206
1539936051888181 621594 583206
1539936051988036 621594 583206
1539936052087863 621594 583206
1539936052187932 621594 583206
1539936052287844 621594 583206
1539936052387691 621594 583206
1539936052487810 621594 583206
1539936052587663 621594 583206
1539936052687525 621594 583206
1539936052787428 621593 583208
1539936052887291 621595 583216
1539936052987272 621602 583221
1539936053087158 621610 583234
1539936053186911 621649 583280
1539936053286844 621749 583394
1539936053386761 621929 583581
1539936053486615 622181 583827
1539936053586468 622548 584167
1539936053686362 623048 584616
1539936053786325 623664 585164
1539936053886174 624403 585803
1539936053985991 625269 586528
1539936054085978 626247 587337
1539936054185807 627351 588237
1539936054285665 628530 589219
1539936054385475 629763 590259
1539936054485370 631050 591365
1539936054585206 632367 592509
1539936054685053 633810 593740
1539936054785074 635374 595049
1539936054885080 636953 596403
1539936054984937 638691 597931
1539936055084735 640513 599551
1539936055184497 642389 601186
1539936055284420 644306 602851
1539936055384330 646302 604634
1539936055484192 648214 606446
1539936055584233 650170 608303
1539936055684209 652160 610157
1539936055784129 654127 612009
1539936055884014 656010 613906
1539936055983836 657867 615802
1539936056083600 659706 617634
1539936056183625 661535 619450
1539936056283547 663250 621198
1539936056383389 664991 623045
1539936056483407 666643 624744
1539936056583196 668239 626331
1539936056683033 669845 627949
1539936056782951 671390 629565
1539936056882860 672858 631190
1539936056982657 674277 632819
1539936057082695 675687 634469
1539936057182725 677042 636148
1539936057282750 678376 637942
1539936057382716 679628 639842
1539936057482821 680796 641741
1539936057582907 681992 643651
1539936057682737 683117 645466
1539936057782650 684218 647198
1539936057882733 685244 648786
1539936057982614 686191 650203
1539936058082398 687074 651543
1539936058182322 687913 652904
1539936058282320 688704 654168
1539936058382268 689444 655365
1539936058482142 690118 656472
1539936058582010 690772 657487
1539936058681880 691422 658419
1539936058781631 692227 659287
1539936058881645 693301 660160
1539936058981611 694610 661035
1539936059081491 696150 662007
1539936059181366 697779 663173
1539936059281138 699469 664392
1539936059381073 701166 665561
1539936059480962 702829 666674
1539936059580737 704369 667704
1539936059680608 705911 668763
1539936059780447 707382 669778
1539936059880278 708833 670773
1539936059980325 710247 671741
1539936060080134 711610 672672
1539936060179965 712891 673561
1539936060279809 714108 674403
1539936060379773 715294 675206
1539936060479681 716450 675981
1539936060579486 717568 676726
1539936060679447 718679 677460
1539936060779371 719796 678199
1539936060879312 720894 679002
1539936060979240 721988 679893
1539936061079044 723122 680922
1539936061178962 724279 682065
1539936061278792 725446 683304
1539936061378603 726643 684687
1539936061478515 727804 686115
1539936061578456 728962 687616
1539936061678385 730144 689183
1539936061778316 731387 690801
1539936061878129 732706 692451
1539936061978025 734118 694168
1539936062077913 735638 695984
1539936062177923 737258 697862
1539936062277823 738945 699725
1539936062377588 740756 701642
1539936062477519 742650 703661
1539936062577430 744566 705705
1539936062677440 746495 707722
1539936062777245 748523 709766
1539936062877043 750646 711867
1539936062976853 752803 713994
1539936063076827 754936 716067
1539936063176740 757096 718120
1539936063276721 759382 720272
1539936063376535 761666 722429
1539936063476549 763919 724583
1539936063576573 766215 726799
1539936063676486 768503 729088
1539936063776250 770711 731365
1539936063876214 772898 733630
1539936063976125 775200 736040
1539936064075981 777424 738418
1539936064175915 779556 740701
1539936064275703 781716 742969
1539936064375694 783964 745294
1539936064475708 786226 747603
1539936064575453 788421 749805
1539936064675452 790649 751993
1539936064775233 792862 754174
1539936064875151 794959 756271
1539936064975127 797052 758419
1539936065074976 799171 760610
1539936065174870 801354 762908
1539936065274657 803487 765132
1539936065374507 805606 767308
1539936065474333 807785 769519
1539936065574203 809998 771736
1539936065674144 812135 773867
1539936065774264 814318 776036
1539936065874044 816555 778246
1539936065973881 818769 780429
1539936066073706 820938 782558
1539936066173622 823173 784746
1539936066273571 825402 786936
1539936066373358 827540 789042
1539936066473222 829626 791075
1539936066573186 831712 793136
1539936066673038 833779 795281
1539936066772975 835757 797410
1539936066872819 837797 799597
1539936066972797 839868 801838
1539936067072744 841904 804055
1539936067172574 843954 806320
1539936067272402 845917 808591
1539936067372364 848035 811072
1539936067472306 850153 813499
1539936067572243 852257 815906
1539936067672149 854367 818349
1539936067772109 856521 820828
1539936067872067 858644 823199
1539936067971987 860774 825659
1539936068071729 862896 828130
1539936068171661 865042 830533
1539936068271417 867279 832918
1539936068371286 869499 835371
1539936068471204 871707 837747
1539936068571218 873975 840085
1539936068671061 876223 842438
1539936068771051 878411 844840
1539936068870918 880649 847205
1539936068970804 882922 849546
1539936069070668 885153 851920
1539936069170488 887371 854255
1539936069270478 889627 856518
1539936069370435 891960 858835
1539936069470366 894194 861108
1539936069570071 896550 863375
1539936069669962 898959 865599
1539936069769840 901364 867833
1539936069869632 903816 870090
1539936069969452 906310 872265
1539936070069398 908770 874465
1539936070169306 911156 876671
1539936070269253 913532 878831
1539936070369264 915980 880941
1539936070469230 918455 883105
1539936070569072 920937 885286
1539936070668859 923469 887428
1539936070768882 925919 889546
1539936070868739 928309 891693
1539936070968550 930856 894012
1539936071068357 933292 896202
1539936071168365 935691 898423
1539936071268236 938087 900653
1539936071368106 940514 902885
1539936071467960 942928 905101
1539936071567842 945322 907307
1539936071667649 947712 909470
1539936071767477 950112 911604
1539936071867350 952476 913707
1539936071967291 954815 915839
1539936072067160 957186 918126
1539936072167251 959429 920424
1539936072267369 961688 922833
1539936072367480 963981 925365
1539936072467655 966274 927916
1539936072567652 968509 930362
1539936072667592 970737 932803
1539936072767544 972942 935198
1539936072867503 975076 937460
1539936072967573 977294 939809
1539936073067397 979586 942192
1539936073167218 981961 944616
1539936073267225 984324 947049
1539936073367123 986722 949564
1539936073467015 989152 952088
1539936073566802 991555 954568
1539936073666743 993925 957040
1539936073766557 996441 959607
1539936073866513 998965 962059
1539936073966403 1001524 964565
1539936074066222 1004141 967130
1539936074166119 1006801 969676
1539936074265956 1009385 972190
1539936074365795 1012077 974818
1539936074465806 1014782 977380
1539936074565726 1017517 979942
1539936074665616 1020297 982495
1539936074765450 1023025 984949
1539936074865419 1025750 987379
1539936074965307 1028519 989825
1539936075065196 1031276 992339
1539936075165110 1033950 994892
1539936075264999 1036536 997468
1539936075364876 1039172 1000306
1539936075464782 1041636 1003109
1539936075564682 1044090 1005993
1539936075664630 1046568 1008939
1539936075764503 1049066 1011876
1539936075864416 1051573 1014822
1539936075964390 1054219 1017825
1539936076064363 1056866 1020747
1539936076164227 1059486 1023744
1539936076263973 1062150 1026769
1539936076363982 1064794 1029804
1539936076463963 1067329 1032946
1539936076564033 1069930 1036116
1539936076663736 1072421 1039322
1539936076763566 1074777 1042536
1539936076863400 1077172 1045850
1539936076963382 1079589 1049229
1539936077063220 1081962 1052537
1539936077162961 1084366 1055873
1539936077262890 1086846 1059225
1539936077362855 1089344 1062518
1539936077462630 1091813 1065803
1539936077562402 1094304 1069044
1539936077662303 1096824 1072310
1539936077762291 1099277 1075573
1539936077862165 1101747 1078821
1539936077962165 1104240 1082111
1539936078061936 1106631 1085298
1539936078161772 1108981 1088511
1539936078261793 1111322 1091608
1539936078361582 1113826 1094753
1539936078461431 1116404 1097821
1539936078561233 1119050 1100693
1539936078661070 1121884 1103382
1539936078794304 1125643 1106873
1539936078894256 1128573 1109435
1539936078994176 1131517 1111939
1539936079094209 1134400 1114475
1539936079194160 1137236 1116889
1539936079293965 1140112 1119359
1539936079393767 1142988 1121833
1539936079493790 1145963 1124309
1539936079593678 1148882 1126685
1539936079693550 1151753 1129044
1539936079793357 1154626 1131472
1539936079893262 1157411 1133883
1539936079993186 1160191 1136328
1539936080092959 1162913 1138823
1539936080192801 1165450 1141353
1539936080292721 1168150 1144061
1539936080392760 1170745 1146811
1539936080492666 1173238 1149528
1539936080592466 1175737 1152212
1539936080692498 1178394 1155055
1539936080792307 1180971 1157856
1539936080892120 1183608 1160689
1539936080992019 1186251 1163550
1539936081091872 1188898 1166457
1539936081191877 1191518 1169361
1539936081291896 1194120 1172287
1539936081391770 1196763 1175266
1539936081491664 1199424 1178284
1539936081591554 1202099 1181273
1539936081691359 1204785 1184164
1539936081791285 1207508 1187188
1539936081891165 1210267 1190209
1539936081991147 1212941 1193183
1539936082091006 1215651 1196304
1539936082190845 1218358 1199469
1539936082290669 1220962 1202639
1539936082390475 1223420 1205829
1539936082490430 1226032 1209076
1539936082590327 1228712 1212464
1539936082690248 1231387 1215798
1539936082790043 1234073 1219055
1539936082890107 1236800 1222480
1539936082990089 1239413 1225802
1539936083089982 1242099 1229253
1539936083189833 1244780 1232696
1539936083289690 1247374 1236158
1539936083389605 1249974 1239668
1539936083489507 1252545 1243074
1539936083589484 1255007 1246437
1539936083689329 1257590 1249815
1539936083789228 1260263 1253176
1539936083889022 1263034 1256535
1539936083988946 1265921 1259764
1539936084088743 1268904 1263034
1539936084188654 1271827 1266238
1539936084288520 1274757 1269483
1539936084388422 1277661 1272756
1539936084488310 1280398 1276000
1539936084588207 1283097 1279235
1539936084688064 1285813 1282482
1539936084788017 1288513 1285758
1539936084887862 1291264 1288982
1539936084987808 1294070 1292097
1539936085087791 1296846 1295280
1539936085187762 1299603 1298298
1539936085287636 1302380 1301404
1539936085387506 1305087 1304490
1539936085487531 1307799 1307424
1539936085587174 1310423 1310272
1539936085687077 1313044 1313053
1539936085787030 1315860 1315912
1539936085886854 1318579 1318681
1539936085986941 1321253 1321354
1539936086086788 1324018 1323995
1539936086186697 1326847 1326564
1539936086286486 1329638 1329006
1539936086386461 1332468 1331433
1539936086486347 1335113 1333837
1539936086586235 1337752 1336583
1539936086686326 1340397 1339185
1539936086786022 1343111 1341662
1539936086885877 1346116 1344220
1539936086985746 1349288 1346708
1539936087085649 1352383 1349125
1539936087185576 1355510 1351801
1539936087285504 1358584 1354409
1539936087385542 1361670 1357009
1539936087485533 1364724 1359585
1539936087585532 1367618 1362022
1539936087718866 1371403 1365190
1539936087818789 1374173 1367497
1539936087918601 1376852 1369745
1539936088018579 1379513 1371947
1539936088118443 1382155 1374073
1539936088218199 1384701 1376219
1539936088318097 1387169 1378286
1539936088418105 1389696 1380305
1539936088517871 1392123 1382256
1539936088617676 1394605 1384341
1539936088717597 1396998 1386303
1539936088817622 1399406 1388236
1539936088917397 1401680 1390111
1539936089017343 1403842 1391947
1539936089117283 1406082 1393817
1539936089217227 1408300 1395858
1539936089317023 1410246 1398087
1539936089416921 1412025 1400520
1539936089516901 1413757 1403026
1539936089616763 1415523 1405527
1539936089716733 1417300 1408234
1539936089816494 1418924 1410920
1539936089916338 1420528 1413665
1539936090016263 1422106 1416515
1539936090116298 1423647 1419305
1539936090216060 1425442 1422204
1539936090315876 1427374 1425010
1539936090415781 1429499 1427699
1539936090515743 1431763 1430279
1539936090615674 1434131 1432861
1539936090715579 1436586 1435425
1539936090815431 1439152 1437888
1539936090915261 1441711 1440441
1539936091015300 1444206 1443035
1539936091115049 1446694 1445612
1539936091214888 1449103 1448154
1539936091314713 1451497 1450951
1539936091414613 1453822 1453592
1539936091514470 1456159 1456152
1539936091614389 1458540 1458708
1539936091714354 1460992 1461133
1539936091814306 1463625 1463543
1539936091914342 1466409 1466111
1539936092014202 1469088 1468656
1539936092114259 1471793 1471206
1539936092213989 1474489 1473808
1539936092313782 1477039 1476369
1539936092413583 1479823 1479026
1539936092513505 1482485 1481635
1539936092613453 1485056 1484228
1539936092713279 1487657 1486770
1539936092813144 1490262 1489313
1539936092913128 1492838 1492040
1539936093012948 1495454 1494758
1539936093112871 1498050 1497474
1539936093212915 1500632 1500283
1539936093312729 1503213 1502972
1539936093412541 1505709 1505507
1539936093512480 1508306 1508205
1539936093612385 1510822 1510705
1539936093712200 1513343 1513157
1539936093812116 1515866 1515650
1539936093912080 1518390 1518111
1539936094011895 1521001 1520614
1539936094111825 1523776 1523382
1539936094211668 1526444 1526070
1539936094311530 1529113 1528694
1539936094411607 1531805 1531396
1539936094511534 1534285 1533985
1539936094611315 1537020 1536629
1539936094711192 1539646 1539165
1539936094811111 1542228 1541674
1539936094911007 1544814 1544109
1539936095010918 1547433 1546619
1539936095110733 1550139 1549343
1539936095210539 1552789 1551998
1539936095310580 1555456 1554695
1539936095410368 1558059 1557452
1539936095510165 1560632 1560199
1539936095609982 1563143 1562926
1539936095709878 1565707 1565937
1539936095809751 1568234 1568809
1539936095909643 1570840 1571665
1539936096009729 1573450 1574486
1539936096109567 1576041 1577191
1539936096209627 1578782 1580055
1539936096309516 1581514 1583032
1539936096409313 1584184 1585963
1539936096509209 1586907 1588997
1539936096609119 1589593 1592052
1539936096709007 1592221 1595101
1539936096808837 1594884 1598239
1539936096908953 1597601 1601511
1539936097008883 1600223 1604769
1539936097108697 1602934 1608072
1539936097208639 1605671 1611405
1539936097308393 1608434 1614921
1539936097408437 1611240 1618328
1539936097508204 1614039 1621829
1539936097608093 1616847 1625311
1539936097708003 1619671 1628767
1539936097807986 1622477 1632296
1539936097907924 1625445 1635898
1539936098007722 1628438 1639495
1539936098107513 1631384 1642998
1539936098207499 1634360 1646503
1539936098307265 1637498 1650062
1539936098407155 1640470 1653448
1539936098506969 1643615 1656966
1539936098606917 1646725 1660427
1539936098706775 1649703 1663871
1539936098806699 1652658 1667196
1539936098906529 1655558 1670566
1539936099006673 1658566 1674061
1539936099106552 1661498 1677408
1539936099206416 1664374 1680761
1539936099306207 1667300 1684021
1539936099406285 1670352 1687264
1539936099506078 1673396 1690459
1539936099605983 1676523 1693530
1539936099705742 1679622 1696585
1539936099805538 1682623 1699528
1539936099905478 1685632 1702427
1539936100005391 1688483 1705179
1539936100105298 1691633 1708083
1539936100205154 1694719 1710893
1539936100305083 1697627 1713568
1539936100405108 1700773 1716343
1539936100504953 1703793 1719005
1539936100604724 1706708 1721697
1539936100704622 1709604 1724281
1539936100804466 1712467 1726951
1539936100904373 1715224 1729581
1539936101004237 1718006 1732104
1539936101104143 1720684 1734502
1539936101204035 1723441 1737081
1539936101303992 1726134 1739546
1539936101403766 1728765 1742013
1539936101503793 1731274 1744512
1539936101603590 1733855 1747041
1539936101703423 1736354 1749420
1539936101803341 1738832 1751879
1539936101903167 1741269 1754315
1539936102003218 1743680 1756705
1539936102103140 1746064 1759125
1539936102203203 1748381 1761500
1539936102303244 1750771 1763849
1539936102403278 1753126 1766176
1539936102503271 1755440 1768619
1539936102603358 1757714 1771059
1539936102703313 1759980 1773480
1539936102803303 1762144 1776007
1539936102903203 1764332 1778717
1539936103003168 1766511 1781416
1539936103103150 1768674 1784181
1539936103203090 1770802 1787059
1539936103302917 1772897 1789862
1539936103402815 1775180 1792905
1539936103502751 1777461 1796020
1539936103602665 1779636 1799038
1539936103702642 1781947 1802331
1539936103802449 1784204 1805584
1539936103902554 1786372 1808890
1539936104002425 1788519 1812333
1539936104102188 1790643 1815688
1539936104202013 1792865 1819203
1539936104301820 1795082 1822645
1539936104401783 1797391 1825963
1539936104501895 1799888 1829388
1539936104601738 1802429 1832650
1539936104701725 1805015 1835954
1539936104801470 1807650 1839208
1539936104901340 1810262 1842476
1539936105001190 1812769 1845727
1539936105101074 1815397 1849017
1539936105200886 1818011 1852297
1539936105300832 1820604 1855510
1539936105400667 1823158 1858650
1539936105500578 1825740 1861779
1539936105600529 1828378 1864931
1539936105700424 1831047 1868041
1539936105800400 1833714 1871018
1539936105900233 1836414 1874023
1539936106000097 1839144 1877081
1539936106099887 1841855 1879989
1539936106199820 1844455 1882889
1539936106299731 1847026 1885741
1539936106399518 1849581 1888493
1539936106499337 1852045 1891189
1539936106599181 1854374 1893785
1539936106699050 1856800 1896371
1539936106798892 1859110 1898888
1539936106898875 1861322 1901360
1539936106998786 1863515 1903715
1539936107098740 1865734 1906055
1539936107198599 1867963 1908354
1539936107298450 1870229 1910516
1539936107398401 1872644 1912529
1539936107498288 1875140 1914442
1539936107598167 1877631 1916208
1539936107698113 1880189 1917914
1539936107798069 1882866 1919640
1539936107897915 1885414 1921358
1539936107997809 1887886 1923154
1539936108097690 1890268 1925088
1539936108197834 1892567 1927241
1539936108297709 1894737 1929384
1539936108397739 1896959 1931580
1539936108497625 1899174 1933759
1539936108597394 1901337 1935882
1539936108697289 1903448 1937936
1539936108797181 1905696 1940111
1539936108897040 1907909 1942261
1539936108996866 1910186 1944434
1539936109096879 1912541 1946518
1539936109196725 1914977 1948601
1539936109296608 1917480 1950659
1539936109396479 1919997 1952632
1539936109496435 1922642 1954645
1539936109596333 1925228 1956720
1539936109696229 1927760 1958844
1539936109796236 1930333 1961011
1539936109896281 1932862 1963217
1539936109996064 1935390 1965639
1539936110095782 1937906 1968088
1539936110195587 1940450 1970568
1539936110295478 1942983 1973106
1539936110395315 1945571 1975704
1539936110495219 1948228 1978232
1539936110595022 1950862 1980778
1539936110694869 1953530 1983354
1539936110794679 1956200 1985888
1539936110894695 1958825 1988455
1539936110994480 1961390 1991046
1539936111094347 1964077 1993691
1539936111194289 1966701 1996338
1539936111294206 1969183 1998922
1539936111394140 1971905 2001710
1539936111493973 1974442 2004324
1539936111593998 1976942 2007009
1539936111693775 1979539 2009686
1539936111793714 1982180 2012348
1539936111893646 1984709 2014990
1539936111993567 1987320 2017672
1539936112093557 1989817 2020199
1539936112193423 1992338 2022903
1539936112293236 1994839 2025611
1539936112393151 1997349 2028268
1539936112493083 1999800 2030984
1539936112592849 2002263 2033698
1539936112692930 2004789 2036366
1539936112792856 2007307 2039084
1539936112892644 2009823 2041817
1539936112992449 2012387 2044501
1539936113092264 2014907 2047121
1539936113192118 2017472 2049813
1539936113292080 2020139 2052514
1539936113392125 2022751 2055231
1539936113491910 2025178 2057852
1539936113591840 2027778 2060596
1539936113691716 2030330 2063298
1539936113791712 2032813 2066010
1539936113891501 2035274 2068639
1539936113991397 2037827 2071341
1539936114091266 2040296 2074090
1539936114191181 2042727 2076728
1539936114291092 2045175 2079352
1539936114391070 2047788 2082167
1539936114490983 2050316 2084849
1539936114590889 2052899 2087514
1539936114690786 2055524 2090245
1539936114790742 2058094 2092902
1539936114890488 2060701 2095532
1539936114990308 2063379 2098184
1539936115090322 2066043 2100793
1539936115190309 2068722 2103345
1539936115290161 2071424 2105955
1539936115390038 2074006 2108484
1539936115489820 2076598 2111006
1539936115589746 2079222 2113563
1539936115689833 2081800 2116100
1539936115789654 2084326 2118539
1539936115889405 2086880 2121050
1539936115989176 2089323 2123525
1539936116088982 2091752 2125948
1539936116188966 2094186 2128319
1539936116288796 2096630 2130715
1539936116388707 2098997 2133038
1539936116488729 2101340 2135306
1539936116588717 2103725 2137673
1539936116688730 2106055 2140080
1539936116788579 2108311 2142402
1539936116888479 2110598 2144729
1539936116988286 2112845 2147093
1539936117088089 2114955 2149356
1539936117188150 2117128 2151699
1539936117288242 2119280 2154101
1539936117388298 2121326 2156533
1539936117488118 2123227 2158915
1539936117588044 2125058 2161363
1539936117687947 2126899 2163925
1539936117787878 2128685 2166464
1539936117887675 2130410 2168986
1539936117987669 2132101 2171566
1539936118087477 2133804 2174039
1539936118187304 2135516 2176470
1539936118287284 2137234 2178942
1539936118387143 2138887 2181368
1539936118487073 2140512 2183714
1539936118586961 2142142 2186099
1539936118686986 2143797 2188477
1539936118820255 2146100 2191630
1539936118920104 2147806 2193893
1539936119020099 2149590 2196165
1539936119119945 2151421 2198358
1539936119219885 2153283 2200517
1539936119319770 2155160 2202748
1539936119419553 2157054 2204974
1539936119519349 2159017 2207176
1539936119619240 2160998 2209414
1539936119719355 2162958 2211727
1539936119819212 2164892 2214002
1539936119919003 2166882 2216309
1539936120018901 2168880 2218628
1539936120118785 2170804 2220971
1539936120218652 2172717 2223199
1539936120318460 2174700 2225394
1539936120418467 2176750 2227629
1539936120518229 2178831 2229812
1539936120618057 2180931 2231958
1539936120718009 2183118 2234129
1539936120818061 2185411 2236375
1539936120917975 2187702 2238636
1539936121017765 2190000 2240906
1539936121117753 2192388 2243255
1539936121217569 2194755 2245626
1539936121317463 2197127 2248004
1539936121417270 2199496 2250346
1539936121517292 2201915 2252783
1539936121617173 2204288 2255231
1539936121717085 2206688 2257680
1539936121816992 2209204 2260218
1539936121916980 2211756 2262788
1539936122016816 2214336 2265364
1539936122116813 2216964 2267992
1539936122216698 2219604 2270685
1539936122316673 2222210 2273323
1539936122416476 2224916 2276003
1539936122516358 2227670 2278688
1539936122616358 2230427 2281317
1539936122716234 2233197 2283888
1539936122816079 2235864 2286452
1539936122915918 2238572 2289110
1539936123015705 2241268 2291756
1539936123115593 2243881 2294351
1539936123215488 2246525 2296984
1539936123348794 2249898 2300377
1539936123448667 2252385 2303036
1539936123548557 2254717 2305632
1539936123648416 2256968 2308174
1539936123748212 2259261 2310858
1539936123848109 2261396 2313483
1539936123947916 2263391 2316114
1539936124047765 2265374 2319004
1539936124147701 2267263 2321851
1539936124247828 2269073 2324671
1539936124347617 2270837 2327483
1539936124447389 2272637 2330191
1539936124547179 2274482 2332821
1539936124647243 2276396 2335442
1539936124747238 2278296 2337896
1539936124847273 2280310 2340320
1539936124947201 2282401 2342725
1539936125046947 2284472 2345081
1539936125146850 2286518 2347426
1539936125246644 2288538 2349846
1539936125346619 2290552 2352275
1539936125446353 2292600 2354727
1539936125546339 2294585 2357138
1539936125646301 2296568 2359517
1539936125746033 2298611 2361867
1539936125845942 2300619 2364064
1539936125945734 2302588 2366303
1539936126045662 2304582 2368593
1539936126145490 2306593 2370822
1539936126245409 2308631 2373014
1539936126345394 2310632 2375267
1539936126445384 2312603 2377483
1539936126545230 2314582 2379659
1539936126644995 2316555 2381839
1539936126745102 2318516 2384050
1539936126844957 2320395 2386191
1539936126944949 2322401 2388376
1539936127044922 2324441 2390600
1539936127144641 2326452 2392864
1539936127244572 2328448 2395112
1539936127344338 2330453 2397328
1539936127444238 2332474 2399603
1539936127544143 2334439 2401871
1539936127644065 2336367 2404091
1539936127743934 2338282 2406278
1539936127843909 2340266 2408528
1539936127943728 2342246 2410735
1539936128043514 2344152 2412829
1539936128143476 2346150 2414991
1539936128243273 2348140 2417113
1539936128343297 2350122 2419195
1539936128443136 2352012 2421174
1539936128543124 2353959 2423209
1539936128642998 2355924 2425203
1539936128742816 2357892 2427155
1539936128842788 2359809 2429043
1539936128942574 2361704 2430923
1539936129042363 2363582 2432798
1539936129142412 2365382 2434573
1539936129242296 2367191 2436361
1539936129342242 2368888 2438059
1539936129442205 2370570 2439759
1539936129542052 2372240 2441441
1539936129642012 2373854 2443032
1539936129741799 2375405 2444550
1539936129841745 2376884 2446010
1539936129941565 2378321 2447440
1539936130041440 2379709 2448832
1539936130141504 2381021 2450139
1539936130241304 2382233 2451338
1539936130341239 2383391 2452482
1539936130440940 2384453 2453545
1539936130540900 2385453 2454546
1539936130640633 2386447 2455516
1539936130740546 2387507 2456476
1539936130840343 2388654 2457466
1539936130940201 2389874 2458497
1539936131040060 2391183 2459573
1539936131139912 2392627 2460716
1539936131239879 2394255 2461982
1539936131339720 2395989 2463336
1539936131439584 2397795 2464793
1539936131539413 2399621 2466302
1539936131639391 2401467 2467855
1539936131739235 2403325 2469408
1539936131839395 2405301 2471055
1539936131939411 2407259 2472762
1539936132039252 2409340 2474694
1539936132139228 2411438 2476650
1539936132239312 2413601 2478675
1539936132339560 2415767 2480811
1539936132439493 2417878 2483029
1539936132539439 2420081 2485290
1539936132639319 2422346 2487551
1539936132739326 2424611 2489843
1539936132839388 2426838 2492173
1539936132972685 2429874 2495241
1539936133072516 2432268 2497701
1539936133172452 2434607 2500219
1539936133272246 2436991 2502658
1539936133372042 2439625 2505303
1539936133472105 2442222 2507930
1539936133571943 2444812 2510473
1539936133671849 2447471 2513018
1539936133771867 2450102 2515691
1539936133871744 2452677 2518264
1539936133971618 2455313 2520835
1539936134071477 2457911 2523426
1539936134171350 2460530 2526020
1539936134271131 2463196 2528532
1539936134371085 2465845 2531150
1539936134471047 2468480 2533776
1539936134570957 2471201 2536397
1539936134670989 2473919 2539040
1539936134770876 2476646 2541791
1539936134870723 2479468 2544519
1539936134970454 2482298 2547371
1539936135070355 2485123 2550248
1539936135170258 2487981 2553101
1539936135270285 2490855 2556025
1539936135370257 2493702 2558951
1539936135470183 2496518 2561776
1539936135570030 2499399 2564804
1539936135669978 2502165 2567721
1539936135769804 2505023 2570717
1539936135869544 2507834 2573779
1539936135969424 2510655 2576755
1539936136069214 2513444 2579724
1539936136169154 2516134 2582686
1539936136268993 2518759 2585564
1539936136368979 2521401 2588502
1539936136468788 2523875 2591430
1539936136568763 2526245 2594325
1539936136668546 2528569 2597336
1539936136768438 2530770 2600342
1539936136868284 2532732 2603323
1539936136968224 2534679 2606400
1539936137068073 2536481 2609402
1539936137168020 2538185 2612429
1539936137267834 2539726 2615411
1539936137367758 2541170 2618378
1539936137467762 2542575 2621391
1539936137567574 2543927 2624296
1539936137667376 2545278 2627186
1539936137767325 2546610 2630149
1539936137867377 2547931 2633087
1539936137967309 2549248 2635987
1539936138067392 2550639 2639035
1539936138167214 2552073 2642018
1539936138267051 2553506 2645027
1539936138366842 2554946 2648058
1539936138466843 2556366 2651048
1539936138566723 2557798 2654103
1539936138666550 2559279 2657123
1539936138766356 2560831 2660063
1539936138866305 2562496 2663028
1539936138966228 2564253 2665917
1539936139066108 2566129 2668711
1539936139165920 2568124 2671553
1539936139265846 2570277 2674273
1539936139365775 2572357 2676922
1539936139465690 2574394 2679584
1539936139565647 2576404 2682167
1539936139665477 2578404 2684639
1539936139765339 2580338 2687143
1539936139865372 2582279 2689623
1539936139998543 2584965 2692867
1539936140098520 2587135 2695265
1539936140198257 2589468 2697610
1539936140298058 2591960 2699884
1539936140431258 2595533 2702991
1539936140531250 2598228 2705359
1539936140631182 2600974 2707698
1539936140730991 2603733 2710076
1539936140830806 2606457 2712500
1539936140930621 2609272 2714953
1539936141030573 2612100 2717346
1539936141130579 2614826 2719772
1539936141230607 2617526 2722126
1539936141330387 2620275 2724465
1539936141430331 2622984 2726869
1539936141530300 2625698 2729361
1539936141630079 2628441 2731835
1539936141729871 2631082 2734311
1539936141829668 2633705 2736823
1539936141929594 2636346 2739312
1539936142029494 2638955 2741792
1539936142129333 2641525 2744329
1539936142229195 2644151 2746861
1539936142329103 2646747 2749397
1539936142429083 2649366 2752018
1539936142529026 2652053 2754691
1539936142628932 2654739 2757384
1539936142728914 2657422 2760186
1539936142828693 2660149 2763003
1539936142928611 2662827 2765784
1539936143028445 2665491 2768614
1539936143128257 2668232 2771390
1539936143228101 2670938 2774064
1539936143328080 2673686 2776811
1539936143461258 2677415 2780407
1539936143561195 2680193 2783139
1539936143661012 2682960 2785895
1539936143760952 2685761 2788621
1539936143860966 2688499 2791373
1539936143960829 2691248 2794218
1539936144060814 2694036 2797020
1539936144160655 2696664 2799776
1539936144260506 2699234 2802468
1539936144360353 2701903 2805180
1539936144460438 2704542 2807901
1539936144560264 2707087 2810629
1539936144660130 2709721 2813357
1539936144759994 2712270 2816082
1539936144859863 2714867 2818903
1539936144993160 2718452 2822673
1539936145092990 2721126 2825570
1539936145192842 2723837 2828450
1539936145292711 2726567 2831273
1539936145392612 2729279 2834124
1539936145492586 2732079 2836972
1539936145592435 2734932 2839700
1539936145692405 2737641 2842408
1539936145792223 2740329 2845042
1539936145892009 2742967 2847567
1539936145991971 2745462 2850059
1539936146091758 2747919 2852516
1539936146191645 2750367 2854842
1539936146291496 2752735 2857145
1539936146391407 2755085 2859478
1539936146491376 2757418 2861757
1539936146591351 2759676 2863904
1539936146691197 2761792 2866019
1539936146791086 2763879 2868108
1539936146890923 2765962 2870122
1539936146990911 2768017 2872067
1539936147090783 2769975 2874005
1539936147190656 2771888 2875911
1539936147290699 2773788 2877752
1539936147390576 2775661 2879530
1539936147490591 2777484 2881308
1539936147590457 2779209 2883049
1539936147690433 2780895 2884722
1539936147790444 2782604 2886319
1539936147890355 2784322 2887863
1539936147990165 2786182 2889421
1539936148090142 2788278 2891000
1539936148190073 2790566 2892588
1539936148290035 2792922 2894197
1539936148389914 2795207 2895853
1539936148489723 2797575 2897605
1539936148589715 2799970 2899414
1539936148689514 2802319 2901233
1539936148789453 2804659 2903053
1539936148889436 2807084 2904937
1539936148989316 2809496 2906915
1539936149089119 2811883 2908964
1539936149189118 2814319 2910972
1539936149289016 2816699 2912905
1539936149389010 2819166 2914951
1539936149488791 2821629 2916973
1539936149588587 2824103 2918922
1539936149688632 2826530 2920836
1539936149788523 2828921 2922754
1539936149888339 2831423 2924754
1539936149988157 2833935 2926766
1539936150087993 2836421 2928769
1539936150188138 2838940 2930790
1539936150287942 2841502 2932865
1539936150387848 2843986 2934945
1539936150487762 2846472 2936978
1539936150587685 2849001 2939032
1539936150687567 2851473 2941120
1539936150787484 2853929 2943199
1539936150887359 2856443 2945259
1539936150987205 2858946 2947384
1539936151086967 2861392 2949560
1539936151186772 2863928 2951793
1539936151286712 2866509 2954021
1539936151386689 2869069 2956304
1539936151486759 2871673 2958669
1539936151586568 2874274 2960989
1539936151686362 2876764 2963302
1539936151786298 2879331 2965684
1539936151886108 2881951 2968021
1539936151985983 2884519 2970250
1539936152085978 2887030 2972531
1539936152185883 2889675 2974989
1539936152285820 2892227 2977441
1539936152385619 2894772 2979995
1539936152485424 2897348 2982607
1539936152585371 2899885 2985224
1539936152685292 2902417 2987881
1539936152785172 2904976 2990573
1539936152884928 2907565 2993252
1539936152984756 2910061 2995826
1539936153084597 2912645 2998455
1539936153184540 2915280 3000990
1539936153284562 2917817 3003409
1539936153384456 2920513 3005964
1539936153484475 2923231 3008521
1539936153584354 2925795 3010940
1539936153684237 2928439 3013445
1539936153784168 2931101 3015881
1539936153883936 2933647 3018199
1539936153983731 2936239 3020590
1539936154083542 2938818 3023027
1539936154183495 2941335 3025466
1539936154283510 2943790 3027829
1539936154383428 2946359 3030261
1539936154483476 2948769 3032523
1539936154583300 2951199 3034779
1539936154683218 2953689 3037075
1539936154783155 2956208 3039433
1539936154883008 2958583 3041709
1539936154982838 2960989 3043906
1539936155082645 2963495 3046119
1539936155182557 2966026 3048298
1539936155282498 2968504 3050336
1539936155382292 2971176 3052336
1539936155482234 2973982 3054409
1539936155582310 2976687 3056395
1539936155682188 2979479 3058336
1539936155782050 2982298 3060212
1539936155881906 2985078 3062119
1539936155981814 2987935 3064082
1539936156081621 2990668 3065987
1539936156181561 2993434 3067926
1539936156281406 2996245 3069910
1539936156381181 2998977 3072031
1539936156481081 3001658 3074218
1539936156580991 3004303 3076420
1539936156680894 3006989 3078822
1539936156780719 3009569 3081334
1539936156880739 3012212 3083855
1539936156980723 3014813 3086386
1539936157080574 3017421 3088940
1539936157180410 3020137 3091433
1539936157280310 3022927 3093813
1539936157380170 3025714 3096210
1539936157480155 3028666 3098723
1539936157579938 3031528 3101217
1539936157679814 3034280 3103761
1539936157779614 3037184 3106539
1539936157879438 3039955 3109284
1539936157979352 3042697 3112162
1539936158079254 3045551 3115069
1539936158179086 3048394 3117926
1539936158279017 3051183 3120721
1539936158378867 3054287 3123745
1539936158478736 3057341 3126746
1539936158578572 3060457 3129815
1539936158678539 3063610 3132830
1539936158778486 3066665 3135796
1539936158878492 3069872 3138935
1539936158978253 3073010 3142039
1539936159078083 3076050 3145060
1539936159177994 3079219 3148109
1539936159277859 3082321 3151072
1539936159377825 3085493 3154082
1539936159477763 3088648 3157066
1539936159577697 3091720 3159995
1539936159677527 3094857 3162984
1539936159777453 3097813 3165798
1539936159877337 3100811 3168692
1539936159977161 3103817 3171677
1539936160077010 3106737 3174616
1539936160176975 3109756 3177638
1539936160276893 3112687 3180569
1539936160376760 3115631 3183485
1539936160476730 3118546 3186393
1539936160576594 3121491 3189379
1539936160676446 3124455 3192418
1539936160776216 3127419 3195488
1539936160876065 3130283 3198477
1539936160975914 3133086 3201443
1539936161075973 3136006 3204551
1539936161175901 3138891 3207641
1539936161275895 3141723 3210716
1539936161375653 3144594 3213765
1539936161475653 3147430 3216796
1539936161575546 3150249 3219846
1539936161675421 3153113 3222924
1539936161775300 3155890 3225978
1539936161875180 3158700 3229023
1539936161975180 3161487 3231937
1539936162075064 3164182 3234813
1539936162174823 3166896 3237724
1539936162274765 3169654 3240578
1539936162374891 3172219 3243389
1539936162474862 3174789 3246137
1539936162574795 3177342 3248787
1539936162674818 3179808 3251420
1539936162774883 3182161 3253974
1539936162874794 3184658 3256552
1539936162974752 3186987 3259053
1539936163074599 3189234 3261501
1539936163174448 3191551 3263892
1539936163274425 3193875 3266171
1539936163374469 3196176 3268458
1539936163474354 3198458 3270693
1539936163574172 3200749 3272820
1539936163674094 3203007 3274955
1539936163774022 3205203 3277064
1539936163873805 3207470 3279148
1539936163973834 3209835 3281190
1539936164073719 3212224 3283157
1539936164173532 3214754 3285093
1539936164273540 3217343 3286927
1539936164373340 3220033 3288805
1539936164473295 3222747 3290738
1539936164573186 3225535 3292731
1539936164673213 3228310 3294782
1539936164772960 3231094 3296878
1539936164872856 3233784 3298999
1539936164972661 3236551 3301529
1539936165072592 3239279 3304076
1539936165172418 3241954 3306663
1539936165272419 3244557 3309387
1539936165372445 3247135 3312245
1539936165472224 3249688 3315053
1539936165572134 3252266 3317979
1539936165671890 3254815 3320901
1539936165771972 3257438 3323790
1539936165871942 3260070 3326707
1539936165971820 3262583 3329457
1539936166071571 3265314 3332359
1539936166171521 3267939 3335223
1539936166271401 3270444 3337958
1539936166371275 3273012 3340715
1539936166471199 3275560 3343420
1539936166570979 3278185 3346146
1539936166670806 3280888 3348880
1539936166770643 3283649 3351599
1539936166870707 3286379 3354243
1539936166970696 3289132 3356846
1539936167070559 3291820 3359361
1539936167170356 3294697 3362014
1539936167270226 3297452 3364536
1539936167370018 3300253 3367182
1539936167469918 3302960 3369819
1539936167569835 3305670 3372453
1539936167669661 3308341 3375062
1539936167769538 3311117 3377826
1539936167869493 3313801 3380415
1539936167969295 3316462 3383040
1539936168069144 3318988 3385592
1539936168169231 3321448 3388029
1539936168269254 3324085 3390594
1539936168368966 3326527 3393087
1539936168468950 3328940 3395516
1539936168568711 3331337 3397958
1539936168668627 3333671 3400420
1539936168768543 3335856 3402802
1539936168868350 3338169 3405267
1539936168968163 3340440 3407699
1539936169068085 3342622 3410050
1539936169168175 3344770 3412344
1539936169268096 3346868 3414578
1539936169368049 3349077 3416957
1539936169467810 3351059 3419106
1539936169567728 3353086 3421280
1539936169667476 3355094 3423408
1539936169767266 3357043 3425463
1539936169867319 3358967 3427486
1539936169967214 3360845 3429459
1539936170067103 3362680 3431395
1539936170167060 3364517 3433340
1539936170267046 3366295 3435186
1539936170366873 3368011 3436946
1539936170466769 3369815 3438769
1539936170566664 3371569 3440490
1539936170666640 3373422 3442249
1539936170766461 3375218 3443916
1539936170866250 3376972 3445538
1539936170966249 3378692 3447141
1539936171066109 3380405 3448735
1539936171165956 3382006 3450250
1539936171265792 3383615 3451771
1539936171365831 3385208 3453258
1539936171465740 3386784 3454703
1539936171565505 3388457 3456216
1539936171665395 3390015 3457623
1539936171765316 3391552 3459002
1539936171865211 3393007 3460283
1539936171965008 3394388 3461476
1539936172064931 3395789 3462675
1539936172164805 3397124 3463827
1539936172264634 3398448 3465031
1539936172364488 3399783 3466319
1539936172464534 3401178 3467693
1539936172564419 3402595 3469085
1539936172664316 3404262 3470701
1539936172764230 3406031 3472436
1539936172864078 3407895 3474330
1539936172963979 3409858 3476314
1539936173063755 3411953 3478375
1539936173163595 3414178 3480567
1539936173263535 3416417 3482853
1539936173363453 3418703 3485155
1539936173463361 3421054 3487469
1539936173563190 3423458 3489836
1539936173663187 3425816 3492192
1539936173762971 3428393 3494655
1539936173862817 3430993 3497162
1539936173962648 3433567 3499692
1539936174062705 3436210 3502189
1539936174162572 3438883 3504664
1539936174262392 3441523 3507188
1539936174362205 3444276 3509762
1539936174462332 3447012 3512296
1539936174562202 3449641 3514859
1539936174662082 3452284 3517422
1539936174762013 3454903 3519911
1539936174861824 3457747 3522703
1539936174961777 3460528 3525383
1539936175061630 3463378 3528029
1539936175161428 3466193 3530705
1539936175261356 3468973 3533285
1539936175361289 3471832 3535832
1539936175461110 3474637 3538414
1539936175561015 3477375 3540919
1539936175660970 3480098 3543378
1539936175760799 3482729 3545861
1539936175860880 3485228 3548236
1539936175960655 3488055 3550837
1539936176060565 3490637 3553270
1539936176160354 3493379 3555918
1539936176260190 3496069 3558471
1539936176360033 3498681 3561005
1539936176459941 3501173 3563621
1539936176559818 3503804 3566370
1539936176659698 3506316 3569100
1539936176759605 3508724 3571876
1539936176859606 3511127 3574680
1539936176959458 3513456 3577405
1539936177059391 3515866 3580478
1539936177159263 3518208 3583436
1539936177259408 3520570 3586433
1539936177359539 3522893 3589519
1539936177459643 3525220 3592598
1539936177559576 3527552 3595764
1539936177659757 3529887 3599062
1539936177759733 3532158 3602336
1539936177859541 3534418 3605650
1539936177959456 3536680 3608914
1539936178059305 3538872 3612184
1539936178159343 3541102 3615657
1539936178259212 3543297 3619041
1539936178359135 3545484 3622452
1539936178459117 3547630 3625828
1539936178558877 3549759 3629277
1539936178658751 3551911 3632568
1539936178758692 3554216 3635922
1539936178858683 3556555 3639200
1539936178958583 3558984 3642326
1539936179058483 3561522 3645471
1539936179158259 3563977 3648491
1539936179258074 3566501 3651525
1539936179358078 3569049 3654510
1539936179457945 3571555 3657316
1539936179557790 3574076 3660067
1539936179690881 3577435 3663568
1539936179790901 3580020 3666123
1539936179890765 3582576 3668607
1539936179990573 3585169 3670997
1539936180090559 3587829 3673312
1539936180190480 3590435 3675517
1539936180290524 3593034 3677703
1539936180390394 3595660 3679924
1539936180490229 3598162 3682069
1539936180590025 3600682 3684226
1539936180689843 3603212 3686409
1539936180789729 3605605 3688483
1539936180889748 3608139 3690605
1539936180989711 3610722 3692735
1539936181089628 3613196 3694817
1539936181189514 3615663 3696923
1539936181289366 3618081 3698995
1539936181389124 3620426 3701220
1539936181489107 3622585 3703558
1539936181588961 3624646 3705992
1539936181688738 3626624 3708512
1539936181788560 3628423 3711188
1539936181888392 3630023 3713818
1539936181988420 3631628 3716587
1539936182088227 3633199 3719413
1539936182188174 3634729 3722217
1539936182288098 3636190 3724938
1539936182388037 3637626 3727816
1539936182488046 3638995 3730620
1539936182587811 3640332 3733427
1539936182687711 3641643 3736305
1539936182787590 3642935 3739125
1539936182887466 3644201 3741964
1539936182987347 3645372 3744778
1539936183087262 3646557 3747665
1539936183187069 3647708 3750521
1539936183286938 3648863 3753461
1539936183386878 3649952 3756241
1539936183486806 3651003 3759079
1539936183586668 3652021 3761975
1539936183686619 3652983 3764836
1539936183786651 3653890 3767704
1539936183886521 3654789 3770636
1539936184019604 3655895 3774451
1539936184119540 3656695 3777318
1539936184219425 3657490 3780173
1539936184319236 3658273 3782965
1539936184419147 3659050 3785802
1539936184519075 3659838 3788561
1539936184618857 3660620 3791293
1539936184718799 3661434 3794081
1539936184818724 3662294 3796761
1539936184918727 3663232 3799448
1539936185018610 3664292 3802089
1539936185118381 3665489 3804596
1539936185218300 3666813 3806957
1539936185318110 3668334 3809432
1539936185418107 3669887 3811801
1539936185518064 3671443 3814089
1539936185617918 3673020 3816362
1539936185717697 3674661 3818699
1539936185817536 3676236 3820881
1539936185917479 3677809 3823125
1539936186017383 3679328 3825398
1539936186117197 3680774 3827569
1539936186217020 3682239 3829732
1539936186316943 3683658 3831813
1539936186416754 3685073 3833944
1539936186516609 3686404 3835933
1539936186616564 3687724 3837868
1539936186716614 3689025 3839760
1539936186816607 3690312 3841655
1539936186916465 3691555 3843493
1539936187016340 3692799 3845276
1539936187116228 3693977 3846960
1539936187216097 3695150 3848633
1539936187316084 3696333 3850248
1539936187415961 3697512 3851700
1539936187515918 3698709 3853028
1539936187615887 3699776 3854152
1539936187715720 3700692 3855136
1539936187815644 3701413 3855934
1539936187915573 3702015 3856630
1539936188015518 3702385 3857112
1539936188115329 3702550 3857390
1539936188215222 3702561 3857483
1539936188315100 3702509 3857439
1539936188414950 3702461 3857339
1539936188514739 3702446 3857282
1539936188614663 3702433 3857281
1539936188714535 3702441 3857295
1539936188814432 3702455 3857309
1539936188914420 3702460 3857321
1539936189014185 3702462 3857324
1539936189113970 3702459 3857320
1539936189213920 3702457 3857319
1539936189313840 3702459 3857319
1539936189413776 3702459 3857321
1539936189513777 3702460 3857320
1539936189613624 3702460 3857320
1539936189713554 3702460 3857320
1539936189813436 3702460 3857321
1539936189913331 3702461 3857324
1539936190013185 3702461 3857324
1539936190113121 3702460 3857323
1539936190213105 3702465 3857326
1539936190312911 3702523 3857293
1539936190412886 3702642 3857194
1539936190512615 3702854 3857009
1539936190612474 3703164 3856737
1539936190712450 3703548 3856407
1539936190812225 3704059 3856016
1539936190912096 3704650 3855614
1539936191012089 3705296 3855213
1539936191112059 3705990 3854802
1539936191211967 3706728 3854380
1539936191311920 3707498 3853928
1539936191411669 3708235 3853506
1539936191511555 3708903 3853152
1539936191611459 3709491 3852847
1539936191711256 3709970 3852596
1539936191811158 3710326 3852428
1539936191911268 3710551 3852326
1539936192010880 3710658 3852273
1539936192111035 3710693 3852255
1539936192210791 3710676 3852264
1539936192310791 3710654 3852273
1539936192410763 3710641 3852277
1539936192510634 3710646 3852278
1539936192610569 3710650 3852276
1539936192710412 3710648 3852276
1539936192810477 3710646 3852277
1539936192910395 3710647 3852277
1539936193010345 3710648 3852277
1539936193110198 3710647 3852277
1539936193210093 3710647 3852277
1539936193309984 3710648 3852277
1539936193410086 3710648 3852277
1539936193509932 3710648 3852277
1539936193609776 3710648 3852277
1539936193709643 3710648 3852277
1539936193809423 3710648 3852277
1539936193909245 3710648 3852277
1539936194009182 3710648 3852277
1539936194109300 3710648 3852277
1539936194209147 3710648 3852277
1539936194309007 3710648 3852277
1539936194408794 3710648 3852277
1539936194508671 3710648 3852277
1539936194608717 3710648 3852277
1539936194708514 3710648 3852277
1539936194808408 3710648 3852277
1539936194908190 3710648 3852277
1539936195041339 3710648 3852277
1539936195141201 3710648 3852277
1539936195241055 3710648 3852277
1539936195341120 3710648 3852277
1539936195441038 3710648 3852277
1539936195540968 3710649 3852277
1539936195640741 3710649 3852277
1539936195740577 3710648 3852277
1539936195840482 3710649 3852277
1539936195940335 3710649 3852277
1539936196040273 3710649 3852277
1539936196140105 3710649 3852277
1539936196240072 3710649 3852277
1539936196339993 3710648 3852277
1539936196439926 3710648 3852277
1539936196573058 3710648 3852277
1539936196672986 3710649 3852277
1539936196772899 3710649 3852277
1539936196872795 3710649 3852277
1539936196972733 3710649 3852277
1539936197072540 3710648 3852277
1539936197172591 3710648 3852277
1539936197272447 3710649 3852277
1539936197405699 3710649 3852277
1539936197505664 3710649 3852277
1539936197605563 3710649 3852277
1539936197705508 3710649 3852277
1539936197805253 3710649 3852277
1539936197905174 3710649 3852277
1539936198005292 3710649 3852277
1539936198104879 3710649 3852277
1539936198204646 3710648 3852277
1539936198304581 3710649 3852277
1539936198404584 3710649 3852277
1539936198504523 3710649 3852277
1539936198670850 3710649 3852277
1539936198770717 3710649 3852277
1539936198903981 3710649 3852277
1539936199003793 3710649 3852277
1539936199103796 3710649 3852277
1539936199203609 3710649 3852277
1539936199337013 3710648 3852277
1539936199470250 3710648 3852277
1539936199570185 3710649 3852277
1539936199703279 3710650 3852277
1539936199836473 3710649 3852277
1539936200003038 3710649 3852277
1539936200202582 3710649 3852276
1539936200302384 3710649 3852277
1539936200402343 3710649 3852277
1539936200535569 3710649 3852277
1539936200668660 3710649 3852277
1539936200768481 3710649 3852277
1539936200901680 3710649 3852277
1539936201001644 3710649 3852277
1539936201134883 3710649 3852277
1539936201268191 3710649 3852277
1539936201368065 3710649 3852277
1539936201467882 3710649 3852277
1539936201600961 3710649 3852277
1539936201701014 3710649 3852277
1539936201800813 3710649 3852277
1539936201900681 3710649 3852276
1539936202000548 3710649 3852276
1539936202100555 3710649 3852277
1539936202200407 3710649 3852277
1539936202300312 3710649 3852277
1539936202400244 3710649 3852277
1539936202533396 3710649 3852277
1539936202699744 3710649 3852277
1539936202832929 3710649 3852277
1539936202966167 3710649 3852277
1539936203099390 3710649 3852277
1539936203199383 3710649 3852277
1539936203299304 3710649 3852277
1539936203399071 3710649 3852277
1539936203499064 3710649 3852277
1539936203599038 3710649 3852277
1539936203699113 3710649 3852277
1539936203798950 3710649 3852277
1539936203898885 3710649 3852277
1539936203998628 3710649 3852277
1539936204098577 3710649 3852276
1539936204198426 3710650 3852277
1539936204298173 3710650 3852277
1539936204398478 3710649 3852276
1539936204498287 3710649 3852276
1539936204598243 3710649 3852276
1539936204698186 3710649 3852276
1539936204798099 3710649 3852276
1539936204931386 3710649 3852276
1539936205031213 3710649 3852277
1539936205131098 3710649 3852277
1539936205230880 3710649 3852277
1539936205330801 3710649 3852277
1539936205430692 3710649 3852277
1539936205530751 3710649 3852277
1539936205630522 3710649 3852277
1539936205730427 3710649 3852277
1539936205830327 3710649 3852277
1539936205930141 3710649 3852277
1539936206030151 3710649 3852277
1539936206130008 3710649 3852277
1539936206229830 3710649 3852277
1539936206329841 3710649 3852277
