1539938029144958 0 0 0 1 0 0 0
1539938029278133 0.0879124 -0.00854953 0.0221377 0.999872 0.00283233 -0.00959597 -0.0125145
1539938029411177 0.180623 -0.0286008 0.0473894 0.999381 0.0157293 -0.0169536 -0.0265067
1539938029577489 0.289769 -0.0482189 0.0603387 0.998639 0.033141 -0.0132197 -0.0380363
1539938029710775 0.377622 -0.0479857 0.0752474 0.998835 0.0308893 -0.0141092 -0.034284
1539938029910508 0.525425 -0.0392914 0.113457 0.999302 0.0280268 -0.020707 -0.0134765
1539938030010512 0.587436 -0.0311397 0.134419 0.999376 0.0194477 -0.0286293 0.00709325
1539938030176912 0.708616 0.00292046 0.154734 0.997938 0.0104863 -0.030409 0.0555477
1539938030343443 0.82731 0.045756 0.16623 0.995779 0.00344223 -0.0256761 0.0880568
1539938030476493 0.922308 0.112407 0.185856 0.990826 -0.00718761 -0.024655 0.132678
1539938030609886 1.01277 0.16284 0.200205 0.986159 -0.0106289 -0.0258484 0.16343
1539938030743051 1.0882 0.217357 0.213964 0.980136 -0.0149105 -0.0280345 0.19577
1539938030909546 1.19871 0.321487 0.224904 0.966444 -0.027681 -0.0252589 0.254129
1539938031042683 1.26611 0.392603 0.228671 0.956391 -0.0313784 -0.02688 0.289153
1539938031175871 1.3367 0.474647 0.238103 0.945003 -0.0346346 -0.0273111 0.324073
1539938031309032 1.42365 0.56314 0.235306 0.935579 -0.040117 -0.0211775 0.350192
1539938031442294 1.48734 0.639348 0.239378 0.925869 -0.0409145 -0.0172829 0.375226
1539938031542313 1.54016 0.70682 0.243713 0.920605 -0.0396466 -0.0176774 0.388074
1539938031708705 1.63526 0.798364 0.252254 0.920374 -0.0385439 -0.0166782 0.388777
1539938031841842 1.71053 0.871045 0.260103 0.919921 -0.0375008 -0.0146402 0.390031
1539938032008225 1.82759 0.954878 0.274069 0.930016 -0.0350948 -0.0121444 0.365637
1539938032141449 1.92201 1.01416 0.289644 0.93854 -0.0328413 -0.0131293 0.343353
1539938032274546 2.02853 1.06656 0.303582 0.949389 -0.0291509 -0.0113026 0.312544
1539938032407879 2.14233 1.10874 0.320014 0.960539 -0.0250748 -0.0104348 0.276816
1539938032540956 2.25738 1.14144 0.334727 0.970591 -0.0209098 -0.00890612 0.23966
1539938032707328 2.42114 1.16693 0.355036 0.983443 -0.0146173 -0.00872228 0.180418
1539938032840496 2.55419 1.17185 0.375867 0.991785 -0.00858169 -0.00957576 0.12727
1539938033007144 2.70931 1.13793 0.401638 0.998663 0.000518428 -0.0146349 0.0495691
1539938033107176 2.80641 1.1279 0.415234 0.999701 0.00421608 -0.0149086 0.0189061
1539938033240429 2.93441 1.0882 0.432822 0.999256 0.00986827 -0.0153162 -0.0340013
1539938033373554 3.04188 1.04589 0.453551 0.996852 0.0144683 -0.0163595 -0.0762199
1539938033506658 3.16178 0.996873 0.469775 0.993465 0.0184488 -0.015177 -0.111609
1539938033639807 3.26763 0.956977 0.485463 0.990985 0.0204533 -0.0151387 -0.131532
1539938033772912 3.37293 0.920387 0.501505 0.989301 0.0213123 -0.0150886 -0.143535
1539938033906136 3.48623 0.876381 0.521274 0.987643 0.0235792 -0.0161518 -0.154092
1539938034039436 3.58444 0.841623 0.533155 0.987543 0.0233486 -0.0160448 -0.15478
1539938034172659 3.68729 0.793023 0.547066 0.986125 0.0263217 -0.0166925 -0.163052
1539938034305859 3.79847 0.7519 0.559441 0.985553 0.0271207 -0.0164604 -0.166371
1539938034438918 3.89752 0.715952 0.572676 0.985115 0.0266149 -0.0186256 -0.1688
1539938034572110 4.00033 0.660901 0.58734 0.981623 0.0278736 -0.0211123 -0.187602
1539938034705213 4.10281 0.610988 0.600952 0.979577 0.0297555 -0.0221344 -0.197621
1539938034838447 4.2023 0.560992 0.613557 0.977556 0.0312993 -0.0210124 -0.207276
1539938035004930 4.3251 0.485442 0.632278 0.972228 0.0332185 -0.0228044 -0.230541
1539938035137979 4.41609 0.441638 0.644442 0.97169 0.0324129 -0.0241727 -0.232774
1539938035271124 4.51818 0.377453 0.661907 0.967662 0.0337975 -0.025842 -0.248638
1539938035404374 4.61814 0.317428 0.675248 0.965647 0.034542 -0.0241711 -0.256414
1539938035504432 4.68918 0.275478 0.685115 0.965033 0.0344481 -0.022538 -0.258876
1539938035637600 4.78369 0.20647 0.698605 0.960402 0.0353941 -0.0217293 -0.275504
1539938035770902 4.86194 0.144802 0.714055 0.956168 0.0346158 -0.0231961 -0.289839
1539938035904016 4.95264 0.0775251 0.727137 0.95551 0.0356021 -0.023098 -0.291889
1539938036037190 5.04184 -0.00675964 0.743224 0.951199 0.037962 -0.0230083 -0.30537
1539938036203661 5.15667 -0.0906099 0.758787 0.950684 0.0393303 -0.0226021 -0.306826
1539938036336862 5.24163 -0.167454 0.77173 0.947581 0.0400226 -0.023925 -0.316095
1539938036503365 5.33877 -0.290389 0.786348 0.934694 0.0450224 -0.0234717 -0.351807
1539938036636642 5.4047 -0.394005 0.794386 0.919657 0.0494205 -0.0231051 -0.388915
1539938036769755 5.44588 -0.516283 0.80066 0.892088 0.0555872 -0.0229465 -0.447843
1539938036936216 5.47128 -0.669487 0.809136 0.848269 0.064398 -0.0232658 -0.52512
1539938037069434 5.45897 -0.804736 0.809221 0.798956 0.0724126 -0.022012 -0.596608
1539938037235882 5.40796 -0.956094 0.808065 0.726724 0.0804232 -0.021853 -0.681856
1539938037369022 5.33489 -1.06359 0.801635 0.654461 0.0868369 -0.0213534 -0.750789
1539938037469067 5.27381 -1.12882 0.791194 0.599317 0.0915483 -0.0185057 -0.795045
1539938037635573 5.1386 -1.22061 0.779866 -0.490891 -0.100903 0.0139014 0.865246
1539938037768837 5.02062 -1.26211 0.769742 -0.402728 -0.108336 0.0108519 0.908821
1539938037935302 4.86623 -1.26885 0.748687 -0.276315 -0.115151 0.00524366 0.954129
1539938038068418 4.73164 -1.25228 0.737326 -0.171763 -0.119555 0.00148891 0.977856
1539938038201685 4.6398 -1.19153 0.728534 -0.0605687 -0.121247 -0.00110797 0.990772
1539938038334986 4.54371 -1.13066 0.715461 0.0423535 -0.123045 -0.004434 0.991487
1539938038435049 4.48549 -1.08147 0.711552 0.119156 -0.124665 -0.00655899 0.984996
1539938038567982 4.41481 -0.997136 0.703423 0.214078 -0.125474 -0.00898402 0.968683
1539938038734419 4.33057 -0.884918 0.693472 0.303875 -0.12516 -0.00913546 0.94441
1539938038867578 4.26267 -0.795858 0.695292 0.345506 -0.122335 -0.00748896 0.930378
1539938039033917 4.17535 -0.70817 0.689175 0.359141 -0.119956 -0.00800122 0.925508
1539938039167068 4.12253 -0.616319 0.687866 0.352334 -0.11689 -0.00471022 0.928534
1539938039300376 4.03831 -0.561897 0.67587 0.335837 -0.115794 -0.00369344 0.934768
1539938039433575 3.94643 -0.510744 0.665434 0.320952 -0.116054 -0.0033929 0.939952
1539938039533790 3.88802 -0.474022 0.660001 0.315847 -0.113835 -0.0037491 0.941949
1539938039633904 3.82004 -0.422655 0.651536 0.314577 -0.112449 -0.00394548 0.94254
1539938039734038 3.75258 -0.36926 0.642817 0.315408 -0.112581 -0.00322176 0.942249
1539938039867237 3.66931 -0.292055 0.629797 0.323185 -0.110835 -0.00375133 0.939815
1539938040067196 3.55367 -0.166553 0.615531 0.352771 -0.108166 -0.00496838 0.929424
1539938040233611 3.45738 -0.0571678 0.602153 0.369064 -0.108686 -0.0039219 0.923019
1539938040366927 3.38116 0.0338377 0.59177 0.384799 -0.106482 -0.00478983 0.916825
1539938040533420 3.27756 0.140402 0.579957 0.386729 -0.105712 -0.00397021 0.916106
1539938040666657 3.2074 0.227265 0.570634 0.399786 -0.105042 -0.00414969 0.91056
1539938040799971 3.13404 0.322984 0.563833 0.412562 -0.10343 -0.00401171 0.90503
1539938040933224 3.06219 0.416125 0.554253 0.422206 -0.102999 -0.0038762 0.900621
1539938041066358 3.00191 0.520199 0.546682 0.444247 -0.10285 -0.00373577 0.889973
1539938041166377 2.9591 0.597416 0.541883 0.456696 -0.100751 -0.00433949 0.883889
1539938041332817 2.88757 0.728552 0.534444 0.475574 -0.0999894 -0.00533701 0.873958
1539938041466095 2.85196 0.851063 0.532346 0.510352 -0.0984578 -0.00641483 0.854287
1539938041599310 2.82089 0.971904 0.53117 0.538464 -0.0949047 -0.00790565 0.83725
1539938041765795 2.79688 1.10614 0.531299 0.576548 -0.089833 -0.0118614 0.812023
1539938041898950 2.78557 1.22076 0.532586 0.606981 -0.087926 -0.0134957 0.789722
1539938042065484 2.79062 1.37578 0.536942 0.65291 -0.0838101 -0.0155034 0.752625
1539938042198708 2.81291 1.48495 0.543489 0.686022 -0.0808084 -0.0158378 0.722906
1539938042365106 2.86422 1.61702 0.556811 0.733636 -0.0741643 -0.0162003 0.675289
1539938042498201 2.90504 1.72465 0.572213 0.764717 -0.0699504 -0.0182108 0.640299
1539938042631390 2.95657 1.81453 0.584009 0.792566 -0.066637 -0.018413 0.605854
1539938042764673 3.02371 1.90906 0.594693 0.822948 -0.0639327 -0.0164785 0.564268
1539938042897808 3.08466 1.99642 0.604263 0.841188 -0.0630218 -0.0140037 0.536875
1539938043030928 3.15447 2.0953 0.622507 0.852596 -0.0606122 -0.0115232 0.518915
1539938043164166 3.21087 2.17949 0.633431 0.859758 -0.0580601 -0.0136382 0.507207
1539938043297323 3.26679 2.25774 0.638106 0.86651 -0.0564582 -0.0130107 0.495787
1539938043463785 3.35374 2.38282 0.648358 0.874283 -0.0557022 -0.0120848 0.482058
1539938043596932 3.42027 2.47556 0.656911 0.879492 -0.0543315 -0.0133208 0.472614
1539938043696933 3.47122 2.53504 0.664185 0.886122 -0.0517482 -0.0164815 0.460259
1539938043829989 3.54469 2.63049 0.674887 0.890129 -0.0500742 -0.0193171 0.452537
1539938043963247 3.61259 2.71735 0.684321 0.892777 -0.0484755 -0.0197005 0.447449
1539938044096590 3.68918 2.80521 0.693708 0.898413 -0.0480929 -0.0179001 0.436143
1539938044263104 3.789 2.93707 0.706351 0.898715 -0.0480842 -0.0166816 0.435569
1539938044396276 3.85794 3.0184 0.714502 0.901686 -0.0471843 -0.016532 0.429492
1539938044529358 3.93568 3.10752 0.723148 0.904921 -0.0470886 -0.0162522 0.422655
1539938044695850 4.04886 3.23874 0.737816 0.907165 -0.046991 -0.0162729 0.417827
1539938044795851 4.11192 3.29519 0.74713 0.913743 -0.0458168 -0.0168951 0.403347
1539938044928956 4.19773 3.37976 0.760305 0.917319 -0.0452511 -0.0182778 0.395151
1539938045062128 4.28281 3.45968 0.773464 0.921429 -0.0433952 -0.0208022 0.385556
1539938045195364 4.37006 3.53325 0.787291 0.92563 -0.0420132 -0.0218723 0.375453
1539938045328525 4.46003 3.6255 0.798219 0.922429 -0.0405727 -0.0207148 0.38347
1539938045461832 4.54236 3.69901 0.807949 0.925125 -0.0404712 -0.0187253 0.377034
1539938045594896 4.62534 3.77507 0.821184 0.926639 -0.0393438 -0.0212532 0.373284
1539938045761180 4.73374 3.88044 0.83381 0.926068 -0.0399525 -0.0213158 0.374631
1539938045861298 4.80262 3.93764 0.840666 0.929383 -0.040269 -0.020931 0.366317
1539938045994418 4.88839 4.01907 0.850905 0.928566 -0.0407286 -0.0180659 0.368485
1539938046161025 4.98672 4.11476 0.864493 0.928434 -0.0385634 -0.0208749 0.3689
1539938046294029 5.07248 4.18663 0.876321 0.931312 -0.0376771 -0.020562 0.361684
1539938046493809 5.20153 4.31434 0.89495 0.92995 -0.0380332 -0.020082 0.365161
1539938046627091 5.28453 4.38151 0.90868 0.933686 -0.0360225 -0.0220313 0.355595
1539938046793584 5.37747 4.48196 0.922741 0.930935 -0.0366709 -0.0230555 0.362606
1539938046993185 5.51244 4.59393 0.937635 0.935995 -0.0367405 -0.0221562 0.349388
1539938047159650 5.60584 4.68651 0.949192 0.932879 -0.0375274 -0.0215764 0.357578
1539938047292759 5.68307 4.75817 0.960497 0.932153 -0.0377002 -0.0219643 0.359425
1539938047426154 5.76171 4.83416 0.970453 0.929058 -0.0379572 -0.0225281 0.367292
1539938047559362 5.83211 4.92764 0.979461 0.919946 -0.0410008 -0.0207904 0.389339
1539938047692431 5.89735 5.00415 0.986903 0.915562 -0.0423174 -0.0194848 0.399469
1539938047825571 5.95674 5.09043 0.996305 0.908069 -0.0439229 -0.0207215 0.415995
1539938047958839 6.01699 5.18556 1.00681 0.899802 -0.0463188 -0.0201019 0.433366
1539938048092122 6.07867 5.27601 1.01832 0.895826 -0.0480724 -0.0189112 0.441392
1539938048225177 6.13482 5.37223 1.02731 0.888165 -0.0508289 -0.0176039 0.456366
1539938048358359 6.18436 5.46803 1.03889 0.879218 -0.0522655 -0.0192851 0.473151
1539938048491507 6.23553 5.5611 1.04645 0.874446 -0.0538728 -0.0192192 0.481739
1539938048591541 6.27558 5.64258 1.05297 0.870083 -0.0556429 -0.0180114 0.489424
1539938048757984 6.32725 5.75779 1.05955 0.859878 -0.0566486 -0.0197212 0.506964
1539938048891206 6.37081 5.85561 1.06456 0.85339 -0.0579763 -0.0189725 0.517692
1539938048991223 6.41073 5.94286 1.07152 0.846566 -0.0580143 -0.0207179 0.528706
1539938049157482 6.45588 6.06365 1.07698 0.83842 -0.0595183 -0.0192331 0.541424
1539938049290754 6.49182 6.16054 1.08256 0.834443 -0.0594321 -0.0198148 0.547521
1539938049390822 6.5287 6.24309 1.08836 0.834326 -0.0596024 -0.0190009 0.547711
1539938049557080 6.58678 6.35893 1.09784 0.83843 -0.0580487 -0.0186499 0.541588
1539938049690152 6.63993 6.45418 1.10799 0.845525 -0.0565648 -0.0191652 0.530586
1539938049823311 6.70094 6.55441 1.12061 0.854496 -0.0543849 -0.0199349 0.516219
1539938049956531 6.75904 6.63415 1.1307 0.864781 -0.0526225 -0.0191706 0.499017
1539938050056534 6.81612 6.70104 1.13936 0.875481 -0.050327 -0.0183416 0.480275
1539938050189702 6.89583 6.77499 1.15102 0.892215 -0.046704 -0.018486 0.448809
1539938050389399 7.0381 6.86413 1.17048 0.922772 -0.0390487 -0.0189666 0.382894
1539938050555973 7.16563 6.90698 1.18786 0.948046 -0.0308618 -0.0207568 0.31595
1539938050689258 7.27344 6.93304 1.20422 0.964907 -0.0240589 -0.021308 0.260619
1539938050855687 7.42812 6.93676 1.22637 0.986036 -0.0143211 -0.0217683 0.164482
1539938050955855 7.50527 6.9254 1.23621 0.9931 -0.00929124 -0.0228783 0.114641
1539938051088858 7.61378 6.89065 1.25537 0.998991 -0.00135557 -0.0247804 0.0374228
1539938051189162 7.69554 6.85605 1.26866 0.999573 0.00540338 -0.0251264 -0.0138792
1539938051355769 7.81269 6.77444 1.29181 0.994303 0.0155538 -0.0250632 -0.102428
1539938051488817 7.89339 6.6896 1.30322 0.983388 0.0238598 -0.0243257 -0.178288
1539938051655293 7.96902 6.58225 1.31753 0.962362 0.0332814 -0.0235906 -0.26869
1539938051788474 8.0031 6.47 1.33069 0.936571 0.0434213 -0.0218312 -0.347091
1539938051955106 8.01961 6.3337 1.34406 0.893607 0.0542239 -0.0199298 -0.445117
1539938052088195 7.9962 6.22505 1.35317 0.840947 0.064424 -0.0177427 -0.536975
1539938052254582 7.94506 6.10032 1.35077 0.761286 0.0750739 -0.0149006 -0.643884
1539938052387945 7.87159 6.01355 1.34515 0.681798 0.0835146 -0.0127698 -0.726645
1539938052554327 7.76204 5.93406 1.34217 0.577299 0.0951181 -0.00999747 -0.810912
1539938052687484 7.65584 5.89334 1.33052 -0.487426 -0.10513 0.00579986 0.866793
1539938052854145 7.52013 5.86275 1.31554 -0.372973 -0.113956 0.00151549 0.920816
1539938052987295 7.42732 5.86125 1.31128 -0.308052 -0.118866 0.00274425 0.943911
1539938053153630 7.31546 5.83505 1.31166 -0.256492 -0.123162 0.00228798 0.958665
1539938053286920 7.24567 5.8185 1.32149 -0.249667 -0.118404 0.00511299 0.961052
1539938053420155 7.17811 5.77564 1.31743 -0.256099 -0.115009 0.00687706 0.95976
1539938053553331 7.11033 5.72973 1.30865 -0.261626 -0.115898 0.00703642 0.95816
1539938053686459 7.04247 5.67783 1.30209 -0.272148 -0.114807 0.00755691 0.955352
1539938053852977 6.97375 5.61529 1.29257 -0.287829 -0.112952 0.00812425 0.950963
1539938053986008 6.91465 5.56564 1.27745 -0.295095 -0.11226 0.00832638 0.948814
1539938054152392 6.83673 5.49764 1.25357 -0.304063 -0.112009 0.00887553 0.946003
1539938054285536 6.78102 5.4392 1.2445 -0.315431 -0.110285 0.00961174 0.942469
1539938054452175 6.707 5.36886 1.23519 -0.329092 -0.110049 0.00986536 0.937811
1539938054552350 6.65835 5.32138 1.22746 -0.336461 -0.110659 0.0102547 0.935117
1539938054652475 6.61132 5.27324 1.22035 -0.344569 -0.110893 0.0104688 0.932129
1539938054752526 6.56756 5.22804 1.21186 -0.35302 -0.111132 0.0108242 0.928929
1539938054885908 6.50789 5.16415 1.20257 -0.361315 -0.111033 0.0108352 0.925746
1539938055052408 6.43648 5.08793 1.19508 -0.374708 -0.108844 0.0125577 0.920646
1539938055152433 6.39186 5.03586 1.18997 -0.383517 -0.108869 0.0127968 0.917005
1539938055285529 6.33491 4.96475 1.18283 -0.392802 -0.107444 0.0130823 0.913231
1539938055418855 6.28205 4.90957 1.17296 -0.402897 -0.10626 0.0144961 0.90894
1539938055552018 6.22814 4.83784 1.16668 -0.416924 -0.106462 0.014837 0.902563
1539938055685279 6.17377 4.76584 1.16204 -0.426303 -0.104978 0.0158295 0.898329
1539938055851737 6.10042 4.68226 1.15164 -0.426296 -0.105203 0.0158381 0.898306
1539938055984891 6.04304 4.61018 1.14314 -0.429102 -0.1066 0.0154614 0.89681
1539938056151489 5.97482 4.5328 1.13243 -0.427696 -0.106214 0.0158467 0.897521
1539938056251540 5.91775 4.47552 1.12419 -0.419243 -0.106326 0.0157057 0.901489
1539938056384505 5.85811 4.41426 1.1151 -0.411933 -0.106475 0.0151493 0.904845
1539938056584207 5.76741 4.31316 1.10263 -0.409292 -0.107222 0.0144321 0.905966
1539938056750789 5.67446 4.22508 1.08778 -0.397573 -0.10849 0.0135513 0.911033
1539938056884048 5.60161 4.16168 1.07697 -0.389745 -0.108982 0.0135275 0.914351
1539938057017169 5.52769 4.08933 1.06876 -0.384876 -0.107673 0.014355 0.916554
1539938057150438 5.45176 4.02726 1.05777 -0.372419 -0.108628 0.0139366 0.92158
1539938057283539 5.36969 3.95797 1.04568 -0.363083 -0.110531 0.0132849 0.925082
1539938057416644 5.28314 3.89076 1.03414 -0.353031 -0.111176 0.0130835 0.928891
1539938057583129 5.16978 3.80975 1.01925 -0.337511 -0.110693 0.0123534 0.934709
1539938057716291 5.08356 3.74747 1.00705 -0.332063 -0.111761 0.011918 0.936537
1539938057882624 4.96412 3.64855 0.985863 -0.332416 -0.113343 0.0101833 0.936242
1539938058015806 4.87907 3.57646 0.975259 -0.336427 -0.112439 0.0110851 0.934907
1539938058182355 4.76951 3.47662 0.962868 -0.343282 -0.108691 0.0128245 0.932834
1539938058315775 4.68033 3.391 0.948563 -0.347473 -0.106807 0.0121866 0.931507
1539938058482011 4.56975 3.27928 0.933666 -0.355831 -0.105573 0.0114523 0.928497
1539938058615110 4.48312 3.1939 0.922865 -0.360545 -0.104722 0.0112648 0.926776
1539938058781607 4.39097 3.08321 0.908297 -0.374046 -0.103559 0.0103747 0.921552
1539938058914811 4.29218 2.97257 0.89346 -0.385257 -0.106009 0.00840312 0.916662
1539938059081232 4.20811 2.85912 0.880454 -0.403204 -0.10549 0.00897119 0.908965
1539938059214534 4.13579 2.75929 0.871643 -0.420009 -0.10456 0.00980715 0.901423
1539938059380894 4.04348 2.64062 0.859706 -0.433107 -0.102355 0.0130417 0.895417
1539938059514050 3.96626 2.53425 0.847122 -0.446534 -0.100658 0.0152135 0.888957
1539938059680769 3.86963 2.40835 0.835271 -0.447275 -0.101034 0.0156602 0.888534
1539938059813836 3.80674 2.31533 0.826262 -0.452505 -0.101388 0.0159989 0.885835
1539938059913896 3.74368 2.23081 0.818223 -0.450063 -0.0997215 0.0162804 0.887262
1539938060080316 3.64876 2.10639 0.804904 -0.448699 -0.099122 0.0161934 0.888021
1539938060213469 3.57505 2.00289 0.795354 -0.45175 -0.100378 0.0161584 0.886332
1539938060379895 3.47995 1.88024 0.782504 -0.44792 -0.102766 0.0157769 0.888008
1539938060513102 3.4103 1.78061 0.773782 -0.454719 -0.103304 0.0158111 0.884482
1539938060679480 3.30307 1.65684 0.757679 -0.445699 -0.106164 0.0139584 0.888756
1539938060812621 3.23135 1.55298 0.748555 -0.448048 -0.103989 0.0134643 0.887839
1539938060979122 3.12365 1.44195 0.738645 -0.432704 -0.100376 0.0150567 0.895804
1539938061079137 3.05134 1.36693 0.729964 -0.426281 -0.10233 0.0150048 0.898659
1539938061212243 2.96764 1.27268 0.719819 -0.418301 -0.102195 0.0144969 0.902425
1539938061312254 2.89355 1.20492 0.710615 -0.406085 -0.104136 0.012812 0.907792
1539938061478793 2.78015 1.08397 0.695901 -0.402161 -0.107366 0.0116313 0.909178
1539938061612139 2.67689 0.994259 0.684313 -0.389798 -0.108512 0.0113506 0.914414
1539938061778474 2.55798 0.883593 0.670179 -0.380739 -0.106978 0.0110447 0.918407
1539938061911599 2.45851 0.79151 0.657212 -0.371827 -0.106531 0.0110859 0.922102
1539938062044721 2.35726 0.701732 0.643031 -0.367072 -0.107589 0.0110454 0.923884
1539938062211382 2.23666 0.585983 0.624623 -0.364407 -0.106783 0.0109316 0.925033
1539938062378072 2.1033 0.461298 0.607648 -0.363245 -0.10694 0.0116999 0.925462
1539938062510983 2.0052 0.367935 0.59494 -0.367805 -0.106344 0.0119981 0.923724
1539938062677580 1.89159 0.251673 0.581252 -0.382845 -0.104673 0.0127019 0.917776
1539938062810723 1.79954 0.150228 0.56791 -0.39555 -0.104433 0.0125696 0.912401
1539938062943903 1.71031 0.0541122 0.556294 -0.403111 -0.103924 0.0121789 0.90915
1539938063077243 1.62605 -0.0488726 0.545262 -0.41546 -0.102422 0.0130801 0.903732
1539938063210376 1.5347 -0.150648 0.532162 -0.417124 -0.102729 0.0131333 0.902929
1539938063343553 1.45843 -0.250544 0.52027 -0.428541 -0.103128 0.0129344 0.897524
1539938063510019 1.34622 -0.384026 0.499437 -0.43013 -0.103419 0.0123199 0.896739
1539938063643169 1.27 -0.485896 0.486962 -0.437213 -0.103459 0.013066 0.893292
1539938063809524 1.16607 -0.614333 0.469651 -0.439624 -0.101388 0.0146669 0.892321
1539938063942727 1.08725 -0.721419 0.458448 -0.445023 -0.101796 0.0145928 0.889595
1539938064042758 1.0284 -0.805355 0.448836 -0.449238 -0.102764 0.014529 0.887363
1539938064142822 0.958134 -0.883337 0.438502 -0.44045 -0.103718 0.0134467 0.891665
1539938064309170 0.854661 -1.00453 0.426786 -0.435359 -0.0999986 0.0159722 0.894543
1539938064442242 0.762853 -1.10348 0.414599 -0.421314 -0.10101 0.0150039 0.901147
1539938064608721 0.653874 -1.2306 0.400056 -0.41585 -0.101123 0.0141692 0.903682
1539938064741927 0.561035 -1.33139 0.387737 -0.409686 -0.102011 0.0142032 0.906394
1539938064908427 0.467951 -1.44458 0.376748 -0.413343 -0.0987027 0.0150785 0.905084
1539938065041538 0.389669 -1.54766 0.367457 -0.420512 -0.0993649 0.0136241 0.901727
1539938065207953 0.293906 -1.67122 0.35528 -0.431367 -0.100593 0.0139413 0.896442
1539938065341200 0.221781 -1.77473 0.346321 -0.440198 -0.10119 0.0134197 0.89208
1539938065474455 0.13821 -1.87053 0.336662 -0.436497 -0.101378 0.0130655 0.89388
1539938065607640 0.0667327 -1.96737 0.32726 -0.441034 -0.101484 0.0124264 0.891648
1539938065740923 -0.0107556 -2.06616 0.317776 -0.440098 -0.101814 0.0122003 0.892075
1539938065841017 -0.0727075 -2.13897 0.309433 -0.437564 -0.102174 0.0124651 0.893276
1539938066007271 -0.15163 -2.25626 0.300389 -0.445459 -0.0996694 0.0128204 0.889645
1539938066140502 -0.240419 -2.3651 0.28989 -0.437781 -0.099853 0.0115623 0.893445
1539938066307015 -0.331367 -2.48588 0.278255 -0.438569 -0.099593 0.0107653 0.893097
1539938066473523 -0.441342 -2.60427 0.26508 -0.424433 -0.100315 0.0106498 0.899822
1539938066639977 -0.542675 -2.71497 0.25446 -0.419797 -0.100807 0.0114787 0.901929
1539938066740003 -0.617104 -2.78353 0.244925 -0.409186 -0.100809 0.0118127 0.906788
1539938066873153 -0.714273 -2.86965 0.23276 -0.395078 -0.100386 0.0114182 0.913075
1539938067039573 -0.821052 -2.97453 0.217788 -0.388512 -0.101084 0.0104928 0.915822
1539938067172702 -0.912114 -3.05381 0.205082 -0.379195 -0.101849 0.00939991 0.919647
1539938067339207 -1.02165 -3.15824 0.191778 -0.374897 -0.101776 0.00948187 0.921414
1539938067439236 -1.09907 -3.22266 0.182374 -0.366855 -0.101188 0.0101949 0.924702
1539938067572463 -1.1821 -3.28556 0.171445 -0.352755 -0.101405 0.0100917 0.93015
1539938067738728 -1.30138 -3.36084 0.1556 -0.327956 -0.103957 0.0101869 0.938901
1539938067871818 -1.40235 -3.40739 0.141009 -0.297783 -0.106626 0.00987185 0.948609
1539938068038313 -1.52947 -3.44559 0.126124 -0.245521 -0.106215 0.00972001 0.963506
1539938068138337 -1.61023 -3.44927 0.116459 -0.202262 -0.107257 0.00994261 0.973389
1539938068271514 -1.70784 -3.44666 0.10353 -0.147734 -0.107117 0.00929585 0.983165
1539938068438086 -1.82625 -3.40962 0.0894626 -0.06018 -0.108609 0.00796911 0.992229
1539938068571291 -1.90866 -3.3643 0.079738 0.0164545 -0.108427 0.00661947 0.993946
1539938068704417 -1.97244 -3.30474 0.0742544 0.0918313 -0.108361 0.0054074 0.989846
1539938068870860 -2.03833 -3.21114 0.065773 0.197527 -0.106675 0.00331823 0.97447
1539938068970966 -2.06495 -3.14631 0.0621475 0.26361 -0.105121 0.00175913 0.958883
1539938069137347 -2.08363 -3.04002 0.0592828 0.368965 -0.102684 -0.00118891 0.923753
1539938069270486 -2.07646 -2.95506 0.0639319 0.455571 -0.100339 -0.00291494 0.884522
1539938069436811 -2.04005 -2.8527 0.0785432 0.559106 -0.0945021 -0.00591499 0.823671
1539938069536872 -2.00686 -2.80078 0.0884345 0.615403 -0.0902244 -0.00769925 0.782994
1539938069670176 -1.95321 -2.73498 0.0984569 0.685541 -0.0840726 -0.0100243 0.723093
1539938069770304 -1.89771 -2.69686 0.108339 0.738649 -0.0782352 -0.0111174 0.669443
1539938069936741 -1.79853 -2.65588 0.129721 0.814975 -0.0682845 -0.0135392 0.575299
1539938070069877 -1.71747 -2.64059 0.142247 0.864739 -0.0598538 -0.0154449 0.498402
1539938070203152 -1.63408 -2.64394 0.159587 0.905694 -0.0484882 -0.0154004 0.420869
1539938070336310 -1.5581 -2.65048 0.171471 0.939563 -0.039684 -0.0150922 0.339733
1539938070469511 -1.49037 -2.67314 0.185856 0.963789 -0.0317544 -0.0148967 0.264349
1539938070636205 -1.40911 -2.7023 0.199521 0.983878 -0.0228576 -0.0104858 0.177065
1539938070769439 -1.3512 -2.74635 0.223259 0.993223 -0.0141433 -0.00847594 0.115053
1539938070902559 -1.29856 -2.77173 0.234227 0.996821 -0.00949213 -0.00596179 0.0788766
1539938071035940 -1.24561 -2.7691 0.248827 0.997721 -0.00768064 -0.00719832 0.066655
1539938071168993 -1.19848 -2.75614 0.260923 0.996703 -0.00847865 -0.0106492 0.0799825
1539938071302160 -1.14423 -2.72878 0.272825 0.993596 -0.0111828 -0.0130588 0.111674
1539938071435178 -1.09479 -2.69197 0.281422 0.988948 -0.0151175 -0.0148357 0.146739
1539938071568322 -1.04586 -2.64523 0.291367 0.981762 -0.0196205 -0.0172424 0.188313
1539938071734748 -0.980939 -2.57405 0.28597 0.971439 -0.0250737 -0.0199284 0.23512
1539938071834889 -0.948102 -2.52866 0.283893 0.964309 -0.0284533 -0.0201298 0.262475
1539938071968055 -0.908677 -2.46298 0.285204 0.952055 -0.0335186 -0.0189385 0.303496
1539938072134502 -0.867635 -2.37687 0.288729 0.934726 -0.039409 -0.0174452 0.352747
1539938072267524 -0.832054 -2.31225 0.291783 0.922577 -0.0434482 -0.0145516 0.383081
1539938072434025 -0.794566 -2.21064 0.296117 0.901299 -0.04877 -0.0134286 0.430235
1539938072567231 -0.774921 -2.14107 0.297429 0.885394 -0.0519082 -0.0139152 0.461724
1539938072700389 -0.751362 -2.06993 0.297077 0.870252 -0.0539719 -0.0138887 0.489444
1539938072833552 -0.730074 -1.99338 0.296408 0.855992 -0.0565981 -0.0128897 0.51372
1539938072966641 -0.709838 -1.91829 0.293959 0.844273 -0.0583934 -0.0133628 0.532554
1539938073099835 -0.686329 -1.84783 0.295428 0.838478 -0.0584083 -0.0137404 0.541622
1539938073233189 -0.663965 -1.77863 0.296958 0.834512 -0.059194 -0.0135513 0.547633
1539938073366346 -0.641894 -1.70046 0.299339 0.831408 -0.0597574 -0.0144559 0.55225
1539938073466451 -0.622635 -1.64882 0.302189 0.830087 -0.0601064 -0.0142713 0.554202
1539938073632711 -0.593095 -1.57561 0.306991 0.831525 -0.0592365 -0.0157659 0.552094
1539938073765767 -0.571032 -1.51578 0.30918 0.831515 -0.0585949 -0.0169691 0.552143
1539938073899008 -0.550376 -1.45686 0.312846 0.829059 -0.0589276 -0.0171148 0.555783
1539938073999012 -0.540766 -1.41545 0.314534 0.82516 -0.0591259 -0.0169361 0.561541
1539938074132270 -0.525628 -1.36156 0.315994 0.821726 -0.0600697 -0.0163535 0.566472
1539938074265407 -0.510146 -1.31444 0.318159 0.82034 -0.0597716 -0.0164602 0.568506
1539938074398589 -0.490557 -1.26964 0.32179 0.820112 -0.059838 -0.0157202 0.568849
1539938074565188 -0.473432 -1.21936 0.323603 0.819264 -0.0601286 -0.0152356 0.570051
1539938074698425 -0.462637 -1.18464 0.323955 0.818302 -0.0609414 -0.0145995 0.571362
1539938074864849 -0.44862 -1.14185 0.328074 0.816581 -0.0616866 -0.0144268 0.573744
1539938074997893 -0.440037 -1.11326 0.328744 0.815333 -0.0621055 -0.0141678 0.575478
1539938075098021 -0.43401 -1.09404 0.329475 0.814726 -0.0621394 -0.0142528 0.57633
1539938075264367 -0.423131 -1.0663 0.332713 0.814328 -0.0625948 -0.0138045 0.576855
1539938075397538 -0.41561 -1.04708 0.33294 0.814731 -0.0623352 -0.0142844 0.576302
1539938075564031 -0.408852 -1.02512 0.333474 0.814153 -0.062828 -0.013721 0.577078
1539938075697086 -0.40362 -1.01181 0.33381 0.814366 -0.062473 -0.0139791 0.57681
1539938075863561 -0.396985 -0.998793 0.33667 0.814044 -0.0623092 -0.0145726 0.577268
1539938075963772 -0.395154 -0.991166 0.336624 0.813985 -0.0625901 -0.0146344 0.577319
1539938076096630 -0.39321 -0.984427 0.336641 0.813854 -0.0627188 -0.0145899 0.57749
1539938076262980 -0.39216 -0.978799 0.334229 0.814347 -0.0627082 -0.0141786 0.576807
1539938076396320 -0.388749 -0.97887 0.335038 0.813982 -0.0623913 -0.0147544 0.577341
1539938076596106 -0.391271 -0.978106 0.334278 0.814168 -0.062344 -0.0149654 0.577079
1539938076696116 -0.391636 -0.978972 0.334416 0.814127 -0.062152 -0.0152463 0.57715
1539938076829267 -0.391928 -0.979612 0.334556 0.814082 -0.0619736 -0.0155091 0.577225
1539938076962308 -0.392162 -0.980146 0.334884 0.814067 -0.0616229 -0.0160053 0.577271
1539938077095558 -0.392292 -0.980479 0.335145 0.814074 -0.0613494 -0.0163868 0.577279
1539938077262111 -0.392665 -0.981434 0.335572 0.814071 -0.0608711 -0.0170584 0.577315
1539938077395374 -0.392802 -0.981757 0.335748 0.814062 -0.0606795 -0.0173293 0.577339
1539938077528486 -0.392994 -0.982279 0.336025 0.814073 -0.0603748 -0.0177535 0.577343
1539938077661678 -0.393148 -0.982661 0.336206 0.814068 -0.0601728 -0.018038 0.577362
1539938077761687 -0.39332 -0.982974 0.336379 0.814029 -0.059984 -0.018313 0.577428
1539938077894795 -0.393442 -0.983316 0.336549 0.814038 -0.0597952 -0.0185752 0.577426
1539938078061210 -0.393671 -0.98387 0.336831 0.814027 -0.0594822 -0.0190167 0.57746
1539938078161230 -0.393706 -0.983956 0.336875 0.814026 -0.0594338 -0.0190849 0.577465
1539938078294449 -0.393847 -0.984298 0.337049 0.814019 -0.0592406 -0.0193572 0.577485
1539938078427639 -0.393927 -0.984491 0.337147 0.814016 -0.0591311 -0.0195115 0.577496
1539938078560735 -0.394053 -0.984798 0.337303 0.81401 -0.0589576 -0.0197561 0.577514
1539938078693943 -0.394216 -0.985152 0.337487 0.813989 -0.0587533 -0.0200475 0.577553
1539938078893666 -0.394347 -0.985491 0.337653 0.813989 -0.0585669 -0.0203085 0.577563
1539938079026879 -0.394579 -0.986037 0.337933 0.813973 -0.0582538 -0.0207511 0.577601
1539938079160133 -0.394808 -0.986634 0.338229 0.813973 -0.0579213 -0.0212165 0.577618
1539938079293280 -0.394907 -0.986872 0.338348 0.813968 -0.0577872 -0.0214056 0.577632
1539938079393287 -0.394961 -0.987004 0.338414 0.813965 -0.0577129 -0.0215103 0.577639
1539938079559720 -0.395019 -0.987145 0.338485 0.813962 -0.0576336 -0.0216221 0.577647
1539938079692881 -0.39513 -0.987464 0.338652 0.813972 -0.057446 -0.0218822 0.577643
1539938079859228 -0.395288 -0.9878 0.338812 0.813948 -0.0572641 -0.0221426 0.577684
1539938079992414 -0.395305 -0.987924 0.338887 0.813973 -0.0571814 -0.0222521 0.577653
1539938080159027 -0.395391 -0.98805 0.338937 0.813943 -0.0571234 -0.0223409 0.577698
1539938080292147 -0.395688 -0.988774 0.339297 0.813927 -0.0567156 -0.0229155 0.577738
1539938080458521 -0.395793 -0.989031 0.339424 0.813921 -0.0565714 -0.0231186 0.577752
1539938080591761 -0.395875 -0.989157 0.339476 0.813893 -0.0565119 -0.0232089 0.577794
1539938080724993 -0.395819 -0.989093 0.339456 0.81392 -0.0565362 -0.0231682 0.577756
1539938080858344 -0.39584 -0.989144 0.339481 0.813919 -0.0565073 -0.0232089 0.577758
1539938080991498 -0.395974 -0.98947 0.339642 0.813911 -0.056324 -0.0234671 0.577776
1539938081157918 -0.396168 -0.989944 0.339876 0.8139 -0.0560576 -0.0238424 0.577802
1539938081291229 -0.396312 -0.99038 0.340067 0.813916 -0.0558365 -0.0241475 0.577789
1539938081491067 -0.39652 -0.990802 0.340299 0.81388 -0.0555755 -0.0245215 0.577849
1539938081690820 -0.396456 -0.99065 0.340225 0.813885 -0.0556602 -0.0244019 0.577839
1539938081890450 -0.396399 -0.990509 0.340155 0.813887 -0.0557401 -0.0242896 0.577833
1539938082057010 -0.396572 -0.990926 0.340373 0.813876 -0.0554925 -0.0246384 0.577857
1539938082190076 -0.396645 -0.991107 0.340448 0.813873 -0.0554043 -0.0247626 0.577865
1539938082323349 -0.396709 -0.991263 0.340525 0.813869 -0.0553165 -0.0248863 0.577874
1539938082456632 -0.396784 -0.991514 0.340658 0.813885 -0.0551649 -0.0250942 0.577856
1539938082556668 -0.396855 -0.991569 0.340666 0.813844 -0.0551532 -0.0251207 0.577915
1539938082689709 -0.396866 -0.991646 0.340713 0.81386 -0.0551011 -0.0251896 0.577894
1539938082856240 -0.396874 -0.99166 0.340743 0.813858 -0.0550696 -0.025234 0.577897
1539938082956241 -0.396951 -0.991855 0.340815 0.813855 -0.0549838 -0.0253548 0.577905
1539938083089348 -0.396971 -0.991904 0.340839 0.813853 -0.0549561 -0.0253938 0.577908
1539938083255638 -0.396911 -0.991757 0.340767 0.813857 -0.0550392 -0.0252767 0.5779
1539938083388900 -0.397002 -0.992042 0.340916 0.813871 -0.0548693 -0.0255109 0.577886
1539938083522186 -0.397031 -0.992051 0.34091 0.81385 -0.0548742 -0.0255091 0.577916
1539938083655206 -0.396996 -0.991965 0.340868 0.813852 -0.0549222 -0.0254415 0.577911
1539938083788362 -0.397007 -0.992073 0.340934 0.813877 -0.0548488 -0.0255381 0.577879
1539938083921454 -0.397112 -0.992207 0.340981 0.813832 -0.0547925 -0.0256275 0.577943
1539938084054578 -0.397132 -0.992299 0.341032 0.813844 -0.0547343 -0.0257059 0.577928
1539938084187927 -0.397164 -0.992477 0.341134 0.813874 -0.0546188 -0.0258602 0.577891
1539938084287949 -0.39725 -0.992657 0.341217 0.813859 -0.0545223 -0.0259986 0.577914
1539938084454432 -0.3973 -0.992708 0.34123 0.813833 -0.0545056 -0.0260282 0.577951
1539938084554540 -0.397296 -0.992697 0.341224 0.813834 -0.0545128 -0.026018 0.57795
1539938084654697 -0.39734 -0.992804 0.341277 0.813831 -0.0544514 -0.0261045 0.577956
1539938084787846 -0.397455 -0.993087 0.341415 0.813824 -0.0542926 -0.0263281 0.577971
1539938084887864 -0.397507 -0.993126 0.341444 0.813794 -0.0542609 -0.0263795 0.578013
1539938085054384 -0.397406 -0.992979 0.341361 0.813831 -0.054355 -0.0262392 0.577959
1539938085187517 -0.397421 -0.992963 0.341348 0.813813 -0.0543686 -0.0262244 0.577983
1539938085354055 -0.397304 -0.992707 0.341261 0.813832 -0.0544749 -0.0260714 0.577954
1539938085487213 -0.397334 -0.992863 0.341317 0.813854 -0.054407 -0.0261609 0.577924
1539938085620348 -0.39736 -0.992926 0.341348 0.813852 -0.0543716 -0.0262108 0.577928
1539938085753729 -0.397407 -0.992902 0.341333 0.813806 -0.0543887 -0.0261981 0.577992
1539938085886997 -0.397543 -0.993302 0.341519 0.813818 -0.0541726 -0.0264971 0.577982
1539938086053548 -0.397679 -0.993613 0.341666 0.813803 -0.0540016 -0.0267397 0.578009
1539938086186747 -0.397813 -0.993911 0.341806 0.813785 -0.0538391 -0.0269709 0.578038
1539938086319784 -0.397803 -0.993936 0.341826 0.813802 -0.0538171 -0.0269977 0.578015
1539938086486322 -0.39781 -0.994036 0.341887 0.813827 -0.0537482 -0.0270878 0.577982
1539938086619376 -0.397897 -0.994153 0.341941 0.813792 -0.0536851 -0.0271842 0.578032
1539938086752466 -0.397962 -0.9944 0.342061 0.813815 -0.0535454 -0.027374 0.578005
1539938086885622 -0.398048 -0.994537 0.342116 0.813786 -0.0534806 -0.0274714 0.578047
1539938087018866 -0.397967 -0.994399 0.342059 0.81381 -0.0535476 -0.027372 0.57801
1539938087152182 -0.398008 -0.994511 0.342115 0.813811 -0.0534833 -0.0274616 0.578011
1539938087252184 -0.398092 -0.994566 0.342139 0.813759 -0.0534549 -0.0275136 0.578084
1539938087385340 -0.397996 -0.994524 0.342116 0.813824 -0.0534811 -0.0274616 0.577993
1539938087518443 -0.397988 -0.994389 0.342047 0.81379 -0.053561 -0.0273582 0.578039
1539938087684904 -0.39794 -0.994116 0.341931 0.813746 -0.053698 -0.0271771 0.578096
1539938087851469 -0.39803 -0.994488 0.342112 0.813786 -0.0534876 -0.0274615 0.578046
1539938087984643 -0.398037 -0.99448 0.342084 0.813777 -0.0535172 -0.0274224 0.578058
1539938088151112 -0.398019 -0.994574 0.342141 0.813821 -0.0534526 -0.0275022 0.577998
1539938088284290 -0.398039 -0.994498 0.342116 0.813783 -0.053483 -0.0274687 0.578051
1539938088450855 -0.398079 -0.994615 0.342173 0.813786 -0.0534175 -0.0275595 0.578048
1539938088584011 -0.398018 -0.994557 0.34214 0.813817 -0.0534544 -0.0275006 0.578004
1539938088750440 -0.398087 -0.994656 0.342171 0.81379 -0.0534162 -0.0275602 0.578042
1539938088883528 -0.398115 -0.994719 0.342206 0.813787 -0.0533757 -0.0276176 0.578048
1539938089050151 -0.398133 -0.994871 0.342297 0.81382 -0.0532729 -0.0277533 0.578003
1539938089183343 -0.398184 -0.99487 0.342276 0.813777 -0.0532936 -0.0277346 0.578064
1539938089316634 -0.398081 -0.99486 0.342309 0.81386 -0.0532613 -0.0277601 0.577948
1539938089483057 -0.39772 -0.994568 0.342349 0.814074 -0.0532427 -0.0277356 0.57765
1539938089616302 -0.397642 -0.994098 0.342113 0.813993 -0.053516 -0.0273729 0.577756
1539938089749542 -0.395586 -0.99167 0.34128 0.814928 -0.0545272 -0.0257313 0.576417
1539938089882592 -0.384605 -0.975629 0.33548 0.818689 -0.0612627 -0.0151963 0.570758
1539938090049178 -0.356255 -0.963314 0.338828 0.836097 -0.0585352 -0.0137743 0.545276
1539938090182290 -0.321177 -0.951465 0.343796 0.856241 -0.0542759 -0.01321 0.513547
1539938090282310 -0.29153 -0.944475 0.350225 0.872347 -0.0487547 -0.0159826 0.486188
1539938090415548 -0.245124 -0.93012 0.357514 0.892871 -0.0432338 -0.0163979 0.447933
1539938090548662 -0.193876 -0.916118 0.365414 0.912139 -0.0375927 -0.0167447 0.40781
1539938090681875 -0.140278 -0.904067 0.374262 0.929206 -0.031637 -0.0181437 0.367759
1539938090848286 -0.0672804 -0.890348 0.388033 0.947674 -0.0233937 -0.0230163 0.317549
1539938090981473 -0.010085 -0.87859 0.399099 0.957989 -0.018009 -0.0274619 0.284919
1539938091147858 -0.303459 -0.562353 0.306706 0.967738 -0.0498298 -0.0255364 0.245659
1539938091247876 -0.32545 -0.502571 0.301671 0.975399 -0.0405701 -0.0277505 0.214897
1539938091380964 -0.299198 -0.406219 0.307339 0.980716 -0.0359385 -0.0253762 0.19042
1539938091547685 -0.201253 -0.284822 0.317944 0.985368 -0.028623 -0.0203603 0.166782
1539938091714231 0.0127701 -0.263103 0.357054 0.987472 -0.0183421 -0.00911088 0.156459
1539938091880647 0.0995999 -0.180539 0.370338 0.986874 -0.0172074 -0.00723196 0.160411
1539938092013780 0.182884 -0.128956 0.38092 0.985647 -0.015977 -0.00987055 0.167772
1539938092146927 0.256645 -0.0962237 0.391413 0.983553 -0.0139421 -0.0166612 0.17931
1539938092280013 0.334543 -0.0621357 0.390826 0.98156 -0.0159458 -0.0157997 0.189833
1539938092413266 0.418605 0.000868238 0.398653 0.981316 -0.015719 -0.0165423 0.191045
1539938092579844 0.573223 0.00926617 0.427725 0.978615 -0.0170724 -0.0176852 0.204227
1539938092713039 0.668291 0.0255489 0.43925 0.976218 -0.0195688 -0.0150658 0.21538
1539938092879444 0.769185 0.0587182 0.453677 0.976042 -0.0206996 -0.014267 0.216123
1539938093012600 0.863205 0.125284 0.470248 0.972634 -0.0218822 -0.0134656 0.230917
1539938093112620 0.931552 0.169146 0.478244 0.970049 -0.0225728 -0.0145795 0.241417
1539938093312316 1.07465 0.262262 0.500872 0.965192 -0.0245539 -0.0150312 0.259952
1539938093478637 1.1963 0.367908 0.520948 0.956278 -0.0260621 -0.01939 0.29065
1539938093578652 1.2643 0.42345 0.527892 0.953079 -0.0270695 -0.0189232 0.300915
1539938093712016 1.34372 0.504166 0.54137 0.948368 -0.0307714 -0.019046 0.315101
1539938093911570 1.46535 0.626911 0.561364 0.93984 -0.0332848 -0.0191549 0.339449
1539938094078168 1.57251 0.733827 0.579232 0.933703 -0.034465 -0.0198885 0.35583
1539938094211323 1.65425 0.816925 0.591654 0.929718 -0.0356394 -0.0199795 0.366
1539938094377782 1.77646 0.949728 0.605807 0.926643 -0.0371782 -0.0184793 0.373644
1539938094510961 1.83226 1.01448 0.614585 0.922433 -0.0383332 -0.018311 0.383814
1539938094610993 1.89344 1.08599 0.621434 0.921243 -0.0383407 -0.018034 0.386674
1539938094744047 1.97967 1.18732 0.633978 0.921066 -0.0377991 -0.0194768 0.387078
1539938094910522 2.07729 1.29521 0.647569 0.920005 -0.0378881 -0.0197963 0.389567
1539938095076881 2.17588 1.39389 0.663084 0.922099 -0.0372979 -0.0193759 0.384664
1539938095176926 2.23074 1.44534 0.67189 0.923178 -0.0383588 -0.0158945 0.382122
1539938095310009 2.30918 1.519 0.685113 0.926752 -0.0372348 -0.0167783 0.373447
1539938095410043 2.38482 1.58387 0.70081 0.931488 -0.0361496 -0.0177819 0.361536
1539938095576488 2.49815 1.65992 0.719384 0.936741 -0.0350489 -0.0181961 0.347788
1539938095709646 2.6103 1.75855 0.735111 0.940827 -0.033704 -0.0159016 0.336833
1539938095809656 2.67067 1.7831 0.74708 0.945466 -0.0324133 -0.0167227 0.323671
1539938095976121 2.79075 1.87104 0.770199 0.948059 -0.0293276 -0.0221663 0.315964
1539938096109316 2.9047 1.94151 0.786279 0.95386 -0.0274976 -0.0227735 0.29812
1539938096275698 3.03363 2.02355 0.810401 0.956671 -0.0282457 -0.020949 0.289039
1539938096408960 3.1387 2.08679 0.827399 0.959854 -0.0289917 -0.0165554 0.278506
1539938096575552 3.28512 2.18573 0.856028 0.960882 -0.0275057 -0.0192135 0.274918
1539938096708610 3.37475 2.24843 0.86803 0.959472 -0.0277125 -0.0207728 0.279667
1539938096841832 3.47831 2.31641 0.884272 0.959609 -0.0287308 -0.0216399 0.279027
1539938096975046 3.57593 2.40766 0.897956 0.951829 -0.0305528 -0.0220018 0.30431
1539938097108310 3.66741 2.48269 0.910966 0.948544 -0.0303582 -0.0243637 0.314245
1539938097274681 3.77309 2.60238 0.927314 0.937603 -0.0360246 -0.0233779 0.345045
1539938097407825 3.86433 2.69107 0.938988 0.933518 -0.0379747 -0.0228446 0.35578
1539938097574369 3.97351 2.81069 0.950255 0.926817 -0.0412488 -0.0216005 0.372614
1539938097707529 4.05227 2.89404 0.95951 0.922793 -0.0432771 -0.0200229 0.382334
1539938097874038 4.16174 3.01112 0.972991 0.919846 -0.0432394 -0.0196857 0.389392
1539938098007093 4.23504 3.09339 0.980451 0.917112 -0.0445801 -0.0196375 0.395641
1539938098173593 4.34283 3.20538 0.993002 0.91808 -0.0443692 -0.0182835 0.393479
1539938098306801 4.43171 3.28661 1.00432 0.923249 -0.0432622 -0.018765 0.381296
1539938098473240 4.55506 3.37145 1.01925 0.934859 -0.0386335 -0.0194211 0.352377
1539938098606457 4.66404 3.44671 1.03443 0.942808 -0.0360259 -0.0196981 0.330799
1539938098739645 4.75725 3.50112 1.04915 0.94873 -0.0319424 -0.0215159 0.313734
1539938098906205 4.88467 3.5746 1.06844 0.954568 -0.0281075 -0.0232038 0.295757
1539938099106050 5.04061 3.68114 1.09091 0.956025 -0.0292859 -0.0211486 0.291051
1539938099272442 5.1655 3.76729 1.10554 0.955314 -0.030034 -0.0229208 0.29317
1539938099405585 5.25547 3.83324 1.1166 0.953382 -0.0305336 -0.0246742 0.299201
1539938099505613 5.32859 3.88547 1.12614 0.953206 -0.0307741 -0.0241108 0.299782
1539938099605665 5.40141 3.9396 1.13512 0.952237 -0.0320809 -0.0240294 0.302718
1539938099705923 5.47596 4.00139 1.14379 0.950432 -0.0330969 -0.024802 0.308168
1539938099805942 5.53902 4.04315 1.1531 0.950969 -0.0324341 -0.0256948 0.306507
1539938099939146 5.63449 4.11825 1.16408 0.949107 -0.033446 -0.0256487 0.31212
1539938100072303 5.72064 4.2 1.17584 0.945338 -0.0349035 -0.0247994 0.32327
1539938100205503 5.81678 4.27504 1.18843 0.94544 -0.0348511 -0.024076 0.323031
1539938100338729 5.90309 4.3606 1.19918 0.941258 -0.0363366 -0.0259381 0.334724
1539938100471963 5.98378 4.43492 1.20907 0.938699 -0.0369493 -0.0254049 0.341808
1539938100572020 6.05425 4.49713 1.21608 0.938183 -0.0371172 -0.0249779 0.343237
1539938100705154 6.14135 4.5866 1.22729 0.93368 -0.0388188 -0.0243082 0.355166
1539938100871704 6.23883 4.6825 1.23977 0.932479 -0.0396547 -0.0225155 0.358336
1539938101004750 6.33371 4.76461 1.25896 0.932309 -0.038365 -0.0238463 0.358831
1539938101137961 6.41888 4.84226 1.27141 0.932133 -0.0382964 -0.023868 0.359293
1539938101271149 6.5114 4.9224 1.28424 0.934082 -0.0376278 -0.0244893 0.354224
1539938101404451 6.60516 5.01362 1.29913 0.932748 -0.0388394 -0.0240979 0.35762
1539938101537666 6.70162 5.10835 1.31355 0.931742 -0.0396394 -0.023239 0.360202
1539938101704191 6.80061 5.1976 1.33138 0.930631 -0.0389711 -0.0248433 0.363029
1539938101837348 6.88923 5.29104 1.34419 0.927461 -0.0401085 -0.0243347 0.370965
1539938102003707 7.00118 5.39051 1.36145 0.929857 -0.0389408 -0.0249997 0.365
1539938102136933 7.09421 5.46238 1.37726 0.934741 -0.0366907 -0.0257914 0.352487
1539938102303484 7.22718 5.53478 1.3984 0.949403 -0.0315624 -0.0265048 0.311345
1539938102436730 7.33757 5.58337 1.41539 0.96029 -0.0278347 -0.0266926 0.276327
1539938102569793 7.45405 5.62497 1.43146 0.969398 -0.0240901 -0.0249084 0.243037
1539938102702948 7.5553 5.66405 1.4481 0.974681 -0.0221982 -0.0235036 0.221251
1539938102836222 7.65237 5.72373 1.46367 0.972231 -0.0236777 -0.0232685 0.231659
1539938102936225 7.71803 5.7746 1.47621 0.967506 -0.0257063 -0.0236217 0.250425
1539938103102641 7.81562 5.87047 1.49067 0.95448 -0.0302404 -0.0249033 0.29569
1539938103235909 7.85927 5.97326 1.49681 0.928753 -0.0384761 -0.0251335 0.36784
1539938103402443 7.89104 6.11035 1.49727 0.88431 -0.0501675 -0.0239779 0.463577
1539938103535571 7.87167 6.23343 1.49204 0.827859 -0.0617381 -0.0235496 0.55703
1539938103701946 7.80639 6.35631 1.47854 0.740771 -0.0733005 -0.0229848 0.667351
1539938103802035 7.74464 6.42256 1.46327 0.67261 -0.0813983 -0.0207963 0.735212
1539938103935070 7.63917 6.48263 1.44423 0.572883 -0.0897565 -0.0190568 0.814485
1539938104101583 7.49233 6.50889 1.41084 0.423002 -0.100053 -0.014148 0.900477
1539938104234724 7.37605 6.49876 1.38645 0.298255 -0.10842 -0.00945948 0.948261
1539938104367986 7.2676 6.45517 1.35986 0.170521 -0.114619 -0.00525218 0.978651
1539938104534467 7.16025 6.37532 1.32854 0.0127386 -0.121015 0.000724552 0.992569
1539938104667619 7.08537 6.2897 1.31647 -0.106443 -0.120531 0.00529327 0.986972
1539938104834054 7.0115 6.20488 1.29648 -0.218104 -0.121506 0.00930659 0.968287
1539938104967306 6.95047 6.12341 1.26676 -0.287866 -0.121291 0.00753378 0.949929
1539938105133699 6.87285 6.03381 1.24212 -0.339419 -0.118855 0.00610638 0.933076
1539938105266794 6.7971 5.95071 1.22292 -0.363244 -0.117135 0.00450454 0.92429
1539938105433291 6.70948 5.85211 1.2148 -0.374108 -0.112067 0.00618756 0.920568
1539938105533306 6.65658 5.78146 1.20519 -0.388506 -0.108872 0.00703082 0.914965
1539938105666496 6.59106 5.68841 1.19564 -0.399743 -0.107852 0.00730209 0.910231
1539938105799833 6.53033 5.6029 1.19546 -0.404879 -0.106222 0.00848334 0.90814
1539938105933021 6.4645 5.4981 1.18789 -0.421376 -0.104116 0.0102463 0.900831
1539938106066159 6.39684 5.40785 1.17789 -0.425473 -0.106763 0.00898219 0.898607
1539938106232450 6.30942 5.28619 1.16584 -0.435137 -0.10884 0.00747606 0.89373
1539938106365646 6.24764 5.19149 1.15931 -0.445131 -0.104184 0.00925309 0.889336
1539938106565415 6.13291 5.04966 1.14213 -0.438734 -0.105801 0.008697 0.892324
1539938106731779 6.03448 4.93156 1.12577 -0.433754 -0.108838 0.00778991 0.8944
1539938106831820 5.9646 4.87181 1.11941 -0.415516 -0.107647 0.00835798 0.903155
1539938106964970 5.87586 4.78286 1.10774 -0.404771 -0.107723 0.00937534 0.908002
1539938107131441 5.74942 4.6827 1.09194 -0.376448 -0.108117 0.00928022 0.920061
1539938107264576 5.65236 4.61093 1.08055 -0.35702 -0.107633 0.00914177 0.92783
1539938107364720 5.57386 4.5522 1.07094 -0.344883 -0.108705 0.00883082 0.932288
1539938107497784 5.46728 4.4847 1.05623 -0.318993 -0.109315 0.00791457 0.941398
1539938107630880 5.36269 4.42419 1.04152 -0.29698 -0.11148 0.00665609 0.948331
1539938107730918 5.26449 4.3749 1.02901 -0.275744 -0.114644 0.00441861 0.95436
1539938107864053 5.14599 4.32088 1.01192 -0.253626 -0.119325 0.0022278 0.959912
1539938108030445 5.01003 4.26029 1.00045 -0.233555 -0.111384 0.00349313 0.965936
1539938108163731 4.88831 4.18772 0.98296 -0.235595 -0.113637 0.00269051 0.965181
1539938108330137 4.74836 4.10664 0.964289 -0.238301 -0.11381 0.00408419 0.964491
1539938108463406 4.63718 4.02691 0.951577 -0.251541 -0.111737 0.00379366 0.961367
1539938108596570 4.52966 3.95552 0.936245 -0.259332 -0.112343 0.00392479 0.959224
1539938108729808 4.42242 3.87762 0.919472 -0.269529 -0.114129 0.00255306 0.956202
1539938108863008 4.30553 3.79517 0.900296 -0.275545 -0.11913 0.000832753 0.953878
1539938109029454 4.14438 3.68239 0.8835 -0.27716 -0.11555 0.00207335 0.953848
1539938109129527 4.0712 3.63024 0.877489 -0.281768 -0.109954 0.0035138 0.953155
1539938109229577 3.97707 3.56082 0.859916 -0.289082 -0.111037 0.00451668 0.950832
1539938109362651 3.86933 3.47668 0.844707 -0.304572 -0.11138 0.00565074 0.945938
1539938109529090 3.73321 3.35033 0.826239 -0.32891 -0.109437 0.0062449 0.937978
1539938109662170 3.6238 3.24983 0.81115 -0.340494 -0.109232 0.00636957 0.933858
1539938109828533 3.5009 3.12304 0.793511 -0.35741 -0.107631 0.0059769 0.927706
1539938109961760 3.38675 3.01679 0.778317 -0.361504 -0.108889 0.00606496 0.925971
1539938110128317 3.26098 2.88902 0.762205 -0.373642 -0.103567 0.00939873 0.921725
1539938110261604 3.15952 2.79274 0.749341 -0.371465 -0.102089 0.00900405 0.922773
1539938110427973 3.02671 2.65059 0.730132 -0.378421 -0.104081 0.00827069 0.919726
1539938110528065 2.94796 2.57474 0.718829 -0.376421 -0.105592 0.00781744 0.920378
1539938110661216 2.86134 2.4701 0.706722 -0.388795 -0.106493 0.00727906 0.91512
1539938110827584 2.7269 2.33868 0.689766 -0.380611 -0.108035 0.00621056 0.918382
1539938110960837 2.63663 2.2414 0.679141 -0.38497 -0.108398 0.00697125 0.916515
1539938111127191 2.50674 2.12775 0.66404 -0.369618 -0.107221 0.00787689 0.922943
1539938111260475 2.4063 2.0296 0.651985 -0.366854 -0.106606 0.00773027 0.924118
1539938111426944 2.26627 1.91654 0.633502 -0.346279 -0.107236 0.00721999 0.931955
1539938111526996 2.18684 1.84731 0.623035 -0.343274 -0.10825 0.0070172 0.93295
1539938111660052 2.07153 1.75281 0.607022 -0.335108 -0.109381 0.00673825 0.935785
1539938111793177 1.97411 1.67476 0.590741 -0.333224 -0.109804 0.00668977 0.936408
1539938111959707 1.8466 1.55924 0.571604 -0.330969 -0.108734 0.0052203 0.937341
1539938112092873 1.74321 1.4806 0.554547 -0.327508 -0.111248 0.00435407 0.938266
1539938112259344 1.60377 1.37755 0.536361 -0.323442 -0.108712 0.00479435 0.93997
1539938112392465 1.5007 1.29937 0.522382 -0.32342 -0.108438 0.00515141 0.940008
1539938112558928 1.36733 1.19099 0.505461 -0.324519 -0.107075 0.00541212 0.939783
1539938112692113 1.25625 1.10351 0.490511 -0.321508 -0.106552 0.00549626 0.940877
1539938112858483 1.13444 1.00699 0.472714 -0.321735 -0.106704 0.00580611 0.94078
1539938112991843 1.02562 0.929693 0.458888 -0.316826 -0.107529 0.00611988 0.942349
1539938113158413 0.894666 0.83313 0.44202 -0.308177 -0.108391 0.00622359 0.945114
1539938113291630 0.784276 0.768097 0.427054 -0.29341 -0.10859 0.00615417 0.949779
1539938113424762 0.657873 0.700966 0.408001 -0.281234 -0.109655 0.00639002 0.953332
1539938113591264 0.520478 0.630428 0.388098 -0.270281 -0.111304 0.00560728 0.95631
1539938113724530 0.411915 0.562167 0.372646 -0.268954 -0.110323 0.00521375 0.9568
1539938113857525 0.307233 0.487174 0.359235 -0.279021 -0.109514 0.00530909 0.954005
1539938113990790 0.20358 0.412563 0.348141 -0.290403 -0.107932 0.00682312 0.950774
1539938114157321 0.0788808 0.302941 0.326684 -0.312143 -0.109553 0.00635775 0.943676
1539938114290522 -0.0121779 0.221603 0.312506 -0.32492 -0.108616 0.00892478 0.939441
1539938114423678 -0.10592 0.134743 0.300694 -0.33383 -0.105102 0.00758497 0.936725
1539938114557154 -0.209488 0.0471528 0.284702 -0.336371 -0.1054 0.00681589 0.935788
1539938114657196 -0.274991 -0.0139995 0.275908 -0.343425 -0.105218 0.00747262 0.933238
1539938114790509 -0.372266 -0.104124 0.26283 -0.349438 -0.104904 0.00769858 0.931037
1539938114890546 -0.443136 -0.168557 0.254311 -0.350721 -0.102994 0.00851395 0.93076
1539938115057144 -0.549503 -0.285219 0.241071 -0.366264 -0.101982 0.00825 0.924869
1539938115190338 -0.641516 -0.375862 0.229164 -0.368939 -0.102029 0.00777819 0.923804
1539938115323528 -0.709465 -0.461589 0.21587 -0.383202 -0.105208 0.00543592 0.917637
1539938115456710 -0.795908 -0.565755 0.205655 -0.393728 -0.103375 0.00578367 0.913378
1539938115589785 -0.872421 -0.657716 0.195854 -0.403237 -0.10252 0.00690063 0.909309
1539938115689809 -0.928998 -0.734899 0.187809 -0.417612 -0.102276 0.00931633 0.902803
1539938115823048 -1.00462 -0.830539 0.178167 -0.422289 -0.101845 0.00953263 0.900671
1539938115956102 -1.08127 -0.918864 0.170649 -0.421964 -0.101969 0.00868536 0.900818
1539938116089337 -1.14922 -1.01771 0.162549 -0.432546 -0.101468 0.00841631 0.895845
1539938116255914 -1.25027 -1.13915 0.152066 -0.430488 -0.101068 0.00876798 0.896877
1539938116389014 -1.31886 -1.2358 0.144973 -0.438434 -0.102992 0.00794449 0.892808
1539938116489016 -1.37416 -1.3026 0.137122 -0.434895 -0.10449 0.00726845 0.894368
1539938116655523 -1.4953 -1.42437 0.124104 -0.415471 -0.104744 0.00781478 0.903522
1539938116788684 -1.58645 -1.50214 0.113491 -0.399034 -0.105519 0.00817818 0.910808
1539938116955233 -1.7139 -1.58801 0.0958987 -0.364284 -0.106226 0.00771036 0.925177
1539938117088425 -1.80853 -1.65879 0.08317 -0.345738 -0.106085 0.00754511 0.932284
1539938117254809 -1.9413 -1.73165 0.0656679 -0.307653 -0.106963 0.00739027 0.945438
1539938117388062 -2.04335 -1.77346 0.052649 -0.278343 -0.107669 0.00732249 0.9544
1539938117554659 -2.17928 -1.83166 0.0360282 -0.244384 -0.109199 0.00648832 0.963488
1539938117687831 -2.28621 -1.87681 0.0228961 -0.22564 -0.11086 0.00580385 0.967865
1539938117820957 -2.39346 -1.91098 0.0116114 -0.205378 -0.111392 0.00533544 0.972308
1539938117987308 -2.52237 -1.96549 -0.0047113 -0.200856 -0.112676 0.0049388 0.973107
1539938118153812 -2.63854 -2.03507 -0.0167653 -0.217759 -0.110511 0.00507203 0.969713
1539938118287101 -2.71549 -2.10366 -0.0279084 -0.25315 -0.108358 0.00582226 0.961322
1539938118420259 -2.77395 -2.1922 -0.0367723 -0.314684 -0.106654 0.00834664 0.943149
1539938118553531 -2.81249 -2.28828 -0.0434359 -0.383178 -0.102747 0.00905121 0.917898
1539938118686756 -2.82999 -2.39749 -0.0485553 -0.464343 -0.0999187 0.00951484 0.87995
1539938118853264 -2.80138 -2.5172 -0.048366 0.568921 0.0901572 -0.0142589 -0.817311
1539938118986395 -2.7354 -2.61503 -0.0417128 0.669745 0.0791268 -0.0173163 -0.73816
1539938119152804 -2.62217 -2.6916 -0.0311444 0.783049 0.0655404 -0.0201993 -0.618168
1539938119286066 -2.5088 -2.71035 -0.0198262 0.867372 0.0515705 -0.0239121 -0.494403
1539938119452550 -2.36632 -2.68419 -0.0218183 0.949409 0.0341444 -0.0218068 -0.311418
1539938119585612 -2.26261 -2.62853 -0.0172199 0.985481 0.0197758 -0.0171603 -0.167753
1539938119752059 -2.16302 -2.54241 -0.019558 0.999892 0.00137163 -0.00704741 -0.0128096
1539938119852119 -2.10588 -2.47963 -0.0199382 0.997394 -0.0103093 -0.00191533 0.0713832
1539938119985385 -2.0344 -2.4145 -0.0180613 0.990216 -0.0201071 0.0018425 0.138074
1539938120118460 -1.96396 -2.35011 -0.0156566 0.982307 -0.0284744 -0.000364943 0.185099
1539938120251628 -1.88405 -2.29462 -0.0079143 0.976986 -0.0318892 -0.00358066 0.210877
1539938120384756 -1.80462 -2.23362 0.00287738 0.972696 -0.0321974 -0.00782819 0.229704
1539938120551287 -1.68213 -2.15637 0.00932662 0.966371 -0.0328554 -0.00842933 0.254904
1539938120684333 -1.60584 -2.08789 0.0341769 0.963452 -0.0338591 -0.0136772 0.26538
1539938120784338 -1.54371 -2.0291 0.044039 0.958061 -0.0359779 -0.0153609 0.283883
1539938120951009 -1.42434 -1.92584 0.0559327 0.951274 -0.0375834 -0.0123814 0.305797
1539938121084130 -1.34089 -1.84223 0.0697267 0.943797 -0.0378936 -0.0162731 0.327944
1539938121217211 -1.26886 -1.74837 0.0784479 0.932497 -0.0410094 -0.0148831 0.358534
1539938121350364 -1.1853 -1.65423 0.0916911 0.926918 -0.0415508 -0.0167636 0.372578
1539938121483471 -1.10642 -1.55508 0.102022 0.917091 -0.043279 -0.016564 0.395975
1539938121649824 -1.01156 -1.43505 0.115322 0.91045 -0.0450494 -0.016086 0.410845
1539938121782997 -0.935193 -1.3293 0.124332 0.90311 -0.0476456 -0.0139328 0.42653
1539938121883058 -0.885672 -1.25461 0.129807 0.897341 -0.0495566 -0.0130878 0.438351
1539938122049438 -0.794851 -1.13172 0.144066 0.89526 -0.0501371 -0.0156109 0.44244
1539938122149465 -0.742457 -1.0542 0.150499 0.892338 -0.0507925 -0.0151293 0.448246
1539938122282816 -0.665412 -0.950723 0.160024 0.892986 -0.0500213 -0.0147244 0.447054
1539938122482506 -0.547192 -0.796543 0.174709 0.896821 -0.0497018 -0.0132937 0.439392
1539938122648801 -0.439053 -0.693981 0.192351 0.909273 -0.04702 -0.0143308 0.413287
1539938122782093 -0.345567 -0.605076 0.207841 0.918289 -0.0451292 -0.0159409 0.393006
1539938122948442 -0.233026 -0.500748 0.228073 0.925671 -0.0438162 -0.0167916 0.375409
1539938123048487 -0.163112 -0.433419 0.239501 0.927986 -0.0434328 -0.0173293 0.369668
1539938123181538 -0.0807996 -0.338 0.252389 0.923743 -0.0450407 -0.016832 0.379983
1539938123347959 0.0240288 -0.224919 0.270611 0.922502 -0.0463395 -0.0167632 0.382834
1539938123481166 0.103635 -0.127077 0.283361 0.917844 -0.0479495 -0.0161117 0.393706
1539938123647739 0.196483 -0.0124166 0.295832 0.914881 -0.049808 -0.0133757 0.400416
1539938123780975 0.276879 0.0863955 0.307837 0.911434 -0.0497382 -0.014536 0.40817
1539938123947583 0.369804 0.218143 0.32053 0.906241 -0.0506901 -0.0173128 0.419355
1539938124080659 0.455681 0.327899 0.330974 0.904713 -0.0512743 -0.0159207 0.422624
1539938124247275 0.546431 0.444159 0.341544 0.902852 -0.0499931 -0.0177434 0.426667
1539938124380434 0.627653 0.54883 0.351398 0.902526 -0.0494346 -0.0185076 0.427388
1539938124546935 0.72002 0.667907 0.36184 0.902123 -0.050561 -0.0178175 0.428136
1539938124680110 0.803908 0.764022 0.372435 0.906094 -0.0500498 -0.0188924 0.41968
1539938124780114 0.867944 0.833157 0.378479 0.907782 -0.0493032 -0.0170694 0.416185
1539938124946525 0.96876 0.934663 0.389013 0.913612 -0.0472692 -0.0189441 0.403385
1539938125079762 1.05357 1.0226 0.402221 0.917454 -0.0458504 -0.0203381 0.394667
1539938125246159 1.14592 1.12779 0.416418 0.917143 -0.0456621 -0.0213346 0.395358
1539938125379474 1.22986 1.21141 0.428499 0.919247 -0.0451169 -0.0211479 0.390515
1539938125545972 1.31767 1.31906 0.440018 0.915871 -0.046051 -0.0198866 0.398327
1539938125679079 1.39801 1.39848 0.451128 0.918187 -0.0448867 -0.0197508 0.393101
1539938125845571 1.50154 1.48673 0.463619 0.924235 -0.0423632 -0.0192948 0.378976
1539938125978685 1.58527 1.54918 0.474818 0.93144 -0.03979 -0.0190029 0.361214
1539938126145140 1.72386 1.60708 0.493952 0.951595 -0.0330544 -0.0191242 0.304973
1539938126278352 1.82506 1.64142 0.508586 0.963418 -0.0286246 -0.0190666 0.265788
1539938126411465 1.93266 1.66346 0.523796 0.975395 -0.0221509 -0.0203675 0.218402
1539938126577806 2.07197 1.66735 0.545526 0.987972 -0.0140913 -0.0203009 0.152648
1539938126711135 2.18019 1.65512 0.563242 0.994811 -0.00739607 -0.0221236 0.0990319
1539938126877670 2.30792 1.61932 0.585181 0.999328 0.00180077 -0.0239961 0.0276354
1539938127010755 2.40619 1.57149 0.600099 0.999007 0.00974184 -0.0239439 -0.0363002
1539938127143903 2.49449 1.50929 0.613928 0.993798 0.0182913 -0.0243597 -0.106949
1539938127277185 2.57827 1.4381 0.629818 0.983903 0.0260829 -0.0240358 -0.175148
1539938127410238 2.64209 1.36056 0.642583 0.970587 0.0332012 -0.0233207 -0.237307
1539938127576657 2.70819 1.24389 0.657923 0.945772 0.0417048 -0.0223415 -0.321368
1539938127709849 2.73951 1.15837 0.665115 0.924721 0.0472771 -0.0229036 -0.377003
1539938127876456 2.75771 1.02796 0.671261 0.888899 0.0561821 -0.0226828 -0.45408
1539938128009717 2.76169 0.939161 0.674072 0.861129 0.0624089 -0.0218513 -0.504067
1539938128176201 2.75472 0.834792 0.674662 0.82349 0.0679955 -0.0212101 -0.562841
1539938128309399 2.74346 0.744574 0.675981 0.786147 0.0738299 -0.0196255 -0.6133
1539938128475876 2.71585 0.648064 0.671214 0.739806 0.080984 -0.0175534 -0.667698
1539938128609040 2.67343 0.576028 0.665622 0.692526 0.0863153 -0.0161316 -0.716029
1539938128775565 2.59386 0.495282 0.657627 0.613259 0.0924112 -0.0155942 -0.784302
1539938128908752 2.528 0.452414 0.650787 0.550728 0.0939971 -0.0157372 -0.829226
1539938129041914 2.46542 0.426975 0.64537 -0.495997 -0.0975844 0.0139354 0.862711
1539938129175209 2.39853 0.404219 0.637382 -0.441321 -0.101116 0.0131043 0.891538
1539938129308345 2.35198 0.397263 0.630328 -0.400173 -0.103528 0.0119619 0.910495
1539938129441562 2.30609 0.398048 0.626198 -0.362439 -0.105091 0.0120964 0.925985
1539938129575020 2.26499 0.40034 0.622469 -0.328399 -0.106272 0.0116117 0.93847
1539938129675095 2.23789 0.400345 0.618039 -0.304925 -0.108064 0.0106548 0.946166
1539938129808501 2.20181 0.412957 0.615004 -0.275653 -0.108076 0.0105481 0.955104
1539938129908518 2.18207 0.423615 0.61464 -0.255436 -0.10642 0.0106197 0.960893
1539938130075077 2.17258 0.447058 0.62361 -0.231897 -0.0934764 0.0133475 0.968147
1539938130208413 2.17765 0.452375 0.623434 -0.23027 -0.0948292 0.0118616 0.968423
1539938130374969 2.21857 0.461115 0.632173 -0.246325 -0.0943605 0.0109015 0.964521
1539938130508084 2.26566 0.473292 0.645626 -0.262801 -0.0909425 0.0109749 0.960492
1539938130674669 2.32074 0.502658 0.654206 -0.265425 -0.0923066 0.0104226 0.959646
1539938130807838 2.35431 0.515574 0.659853 -0.255485 -0.0991113 0.00788329 0.961687
1539938130974238 2.4272 0.558865 0.664698 -0.241338 -0.101955 0.00699907 0.965045
1539938131107330 2.4861 0.589481 0.663744 -0.232954 -0.106292 0.00511392 0.966648
1539938131240549 2.54517 0.620853 0.672173 -0.223448 -0.104074 0.00444654 0.969134
1539938131373886 2.60349 0.656952 0.678058 -0.213554 -0.10347 0.0040793 0.971428
1539938131507063 2.65795 0.683938 0.684137 -0.205641 -0.105005 0.00312352 0.972973
1539938131673677 2.71429 0.712779 0.685885 -0.194136 -0.111902 0.00158828 0.97457
1539938131806866 2.73918 0.736539 0.679218 -0.176693 -0.125843 -0.000738603 0.976188
1539938131939996 2.75173 0.762805 0.674601 -0.152243 -0.137306 -0.00236564 0.978756
1539938132073143 2.75336 0.780435 0.681887 -0.129807 -0.142804 -0.00278065 0.981198
1539938132206276 2.74796 0.80112 0.681485 -0.107185 -0.146861 -0.00302333 0.983328
1539938132339566 2.72084 0.822888 0.682449 -0.0822866 -0.152674 -0.00405175 0.984837
1539938132472776 2.68673 0.850345 0.679056 -0.0423061 -0.15337 -0.00357519 0.987256
1539938132606009 2.6508 0.888309 0.678154 0.0125625 -0.147611 -0.00308174 0.988961
1539938132772537 2.60429 0.967518 0.681937 0.11346 -0.134853 -0.0038748 0.984341
1539938132905629 2.57666 1.03056 0.683489 0.189553 -0.124408 -0.00573601 0.97394
1539938133038839 2.55162 1.10989 0.684051 0.276274 -0.119431 -0.00695111 0.953604
1539938133172068 2.54359 1.18591 0.691 0.356157 -0.110146 -0.0100019 0.927858
1539938133305251 2.54704 1.26474 0.700814 0.432849 -0.0992831 -0.014188 0.89587
1539938133471631 2.56447 1.36856 0.711912 0.523663 -0.0953547 -0.0148486 0.846442
1539938133571651 2.58655 1.4256 0.721971 0.573828 -0.0914012 -0.0158994 0.813704
1539938133704809 2.61984 1.49179 0.733415 0.631931 -0.0875802 -0.016165 0.769891
1539938133871165 2.68017 1.57084 0.757989 0.702132 -0.0810755 -0.0158082 0.707239
1539938133971227 2.72394 1.61532 0.770152 0.739696 -0.0791091 -0.013763 0.668133
1539938134104308 2.7787 1.6658 0.783833 0.779907 -0.0755993 -0.0123974 0.62119
1539938134237364 2.83044 1.70831 0.797353 0.808826 -0.0722695 -0.0114024 0.583479
1539938134370691 2.89278 1.74467 0.818295 0.834697 -0.0680788 -0.0115994 0.546362
1539938134503789 2.94793 1.78817 0.830707 0.855916 -0.064105 -0.0119274 0.512987
1539938134636848 2.99647 1.82037 0.847168 0.869783 -0.0603909 -0.0142013 0.48952
1539938134770225 3.03813 1.86138 0.857889 0.876383 -0.0572161 -0.016619 0.477916
1539938134903336 3.07138 1.92609 0.860619 0.875804 -0.058293 -0.0146108 0.478911
1539938135069686 3.08822 2.00592 0.860926 0.862585 -0.0587312 -0.0185655 0.502148
1539938135202829 3.09227 2.07272 0.854461 0.846208 -0.0627789 -0.0165624 0.528883
1539938135336010 3.08802 2.14513 0.849022 0.823856 -0.0671433 -0.0152855 0.5626
1539938135469299 3.07223 2.22269 0.844377 0.792953 -0.071211 -0.015365 0.604911
1539938135602617 3.04519 2.29555 0.838628 0.756871 -0.0758652 -0.0151599 0.64897
1539938135769121 3.00678 2.37633 0.831086 0.710635 -0.0800538 -0.0137496 0.698856
1539938135902252 2.95702 2.44646 0.823618 0.663275 -0.0853533 -0.0135647 0.743368
1539938136035609 2.90023 2.50886 0.812015 0.612391 -0.0918335 -0.010962 0.785127
1539938136168621 2.84455 2.55664 0.799553 0.564048 -0.0949688 -0.0101157 0.8202
1539938136301690 2.77729 2.59891 0.787482 0.507051 -0.0982441 -0.00879027 0.856254
1539938136468177 2.69003 2.64049 0.77015 0.434318 -0.101414 -0.00807041 0.894996
1539938136601369 2.62003 2.66201 0.757763 0.37746 -0.104183 -0.0071562 0.920119
1539938136734676 2.54784 2.67288 0.743939 0.316912 -0.106139 -0.0059946 0.942478
1539938136867857 2.47041 2.67321 0.73085 0.255343 -0.108172 -0.00458402 0.960769
1539938137000990 2.39381 2.66966 0.716307 0.198778 -0.110352 -0.00306084 0.973807
1539938137134179 2.32519 2.65495 0.705183 0.142638 -0.11153 -0.00143354 0.98347
1539938137267476 2.25355 2.63231 0.691682 0.0806464 -0.112933 0.000926961 0.990324
1539938137400687 2.19234 2.60564 0.682015 0.028781 -0.113293 0.00293463 0.99314
1539938137533943 2.12948 2.57267 0.673095 -0.0236338 -0.113029 0.0046168 0.9933
1539938137700250 2.04458 2.52171 0.656579 -0.0895315 -0.1155 0.00525296 0.98925
1539938137833320 1.98853 2.48558 0.646691 -0.127941 -0.116034 0.00574718 0.984954
1539938137999706 1.90913 2.42195 0.63016 -0.179466 -0.116145 0.00661092 0.976862
1539938138132870 1.85943 2.36852 0.622504 -0.218863 -0.116195 0.00734299 0.968785
1539938138266012 1.80904 2.31518 0.61497 -0.251011 -0.114351 0.00706531 0.96118
1539938138399185 1.75518 2.26043 0.607501 -0.278554 -0.11197 0.00818625 0.953836
1539938138532429 1.69986 2.19861 0.599466 -0.305801 -0.108761 0.009083 0.945819
1539938138665596 1.65054 2.1361 0.591818 -0.327534 -0.108779 0.0082917 0.93852
1539938138832313 1.58964 2.05173 0.582123 -0.357793 -0.108104 0.00866668 0.927482
1539938139031940 1.52448 1.94142 0.571053 -0.398307 -0.106295 0.00903717 0.911028
1539938139198472 1.47635 1.85514 0.560992 -0.423454 -0.105676 0.00907244 0.899687
1539938139331665 1.44038 1.77413 0.554875 -0.453274 -0.103996 0.0104095 0.885222
1539938139498201 1.40215 1.67356 0.547151 -0.489078 -0.102497 0.0117004 0.866118
1539938139631448 1.37337 1.59849 0.542826 0.508206 0.100365 -0.0133219 -0.855264
1539938139797992 1.34488 1.50104 0.539826 0.536203 0.0980794 -0.0145159 -0.838246
1539938139931285 1.32981 1.42365 0.538698 0.558849 0.0963176 -0.0149108 -0.823522
1539938140097620 1.31466 1.33563 0.536706 0.58107 0.0964876 -0.0140381 -0.807992
1539938140230874 1.30684 1.25648 0.53542 0.601287 0.0956312 -0.0137537 -0.793171
1539938140397271 1.31247 1.15816 0.537764 0.632408 0.0914896 -0.0138466 -0.769089
1539938140530337 1.32375 1.08228 0.540062 0.661267 0.088926 -0.0139565 -0.744731
1539938140696864 1.36331 0.98794 0.545934 0.710938 0.0835786 -0.0152906 -0.698103
1539938140830100 1.4125 0.918661 0.551413 0.756741 0.0777952 -0.0165879 -0.648857
1539938140996577 1.49376 0.844098 0.557471 0.817471 0.0686416 -0.0191656 -0.571544
1539938141129786 1.5823 0.803608 0.56636 0.868807 0.0593231 -0.0211701 -0.491129
1539938141262903 1.67795 0.785476 0.578775 0.914973 0.0490574 -0.0221854 -0.399907
1539938141396060 1.78424 0.781902 0.587984 0.95329 0.039292 -0.0188975 -0.298894
1539938141529302 1.90748 0.811787 0.595493 0.98232 0.027611 -0.00879601 -0.184951
1539938141629318 1.98787 0.848363 0.605767 0.994489 0.0180184 -0.00853015 -0.102925
1539938141829120 2.13173 0.940815 0.611937 0.998848 -0.00233544 -0.00724343 0.0473831
1539938141995690 2.22882 1.02842 0.614652 0.988277 -0.0150664 -0.0196035 0.150659
1539938142128968 2.30329 1.10883 0.614416 0.975577 -0.0215013 -0.0242402 0.217254
1539938142295433 2.39249 1.21748 0.606873 0.955992 -0.0303795 -0.023159 0.290895
1539938142428559 2.46428 1.29064 0.609088 0.944777 -0.0354074 -0.0234565 0.324951
1539938142561630 2.52721 1.37409 0.615054 0.932414 -0.038516 -0.0227523 0.358614
1539938142694879 2.58849 1.45887 0.620561 0.922099 -0.0411865 -0.0226187 0.38409
1539938142827967 2.6445 1.53368 0.629905 0.91598 -0.0428875 -0.0219706 0.39832
1539938142928005 2.68573 1.60298 0.642696 0.909102 -0.0445118 -0.021903 0.41361
1539938143094364 2.73689 1.71147 0.647995 0.893367 -0.0496884 -0.0189867 0.446169
1539938143227427 2.76681 1.79985 0.652079 0.877295 -0.0541198 -0.0170067 0.476587
1539938143394225 2.77327 1.92957 0.656107 0.839708 -0.0612364 -0.0185079 0.539257
1539938143527259 2.75986 2.0274 0.652815 0.800228 -0.0680337 -0.0171228 0.595578
1539938143660434 2.71275 2.11971 0.647157 0.738225 -0.074577 -0.0157668 0.670234
1539938143793581 2.64718 2.19848 0.636939 0.665279 -0.0803351 -0.0136967 0.742134
1539938143893584 2.58569 2.2501 0.62349 0.603279 -0.0866247 -0.0110494 0.792735
1539938144026733 2.48375 2.30092 0.605648 0.503473 -0.0930153 -0.00735923 0.858958
1539938144193219 2.34799 2.32166 0.583448 0.366979 -0.0981017 -0.00247389 0.925038
1539938144326298 2.23442 2.29691 0.559076 0.238162 -0.104637 0.00188218 0.965571
1539938144492793 2.11508 2.22982 0.526041 0.0774668 -0.110213 0.00497698 0.990872
1539938144626074 2.03038 2.15454 0.506382 -0.0492999 -0.113187 0.00833231 0.992315
1539938144726127 1.97609 2.08718 0.485039 -0.134782 -0.120996 0.0081213 0.983426
1539938144859442 1.91648 1.98099 0.452851 -0.237316 -0.131452 0.00328703 0.962492
1539938144992753 1.86946 1.89321 0.444315 -0.308426 -0.123178 0.00431193 0.94323
1539938145092863 1.82642 1.82585 0.431364 -0.340986 -0.119543 0.00365557 0.93243
1539938145225967 1.7559 1.73958 0.407036 -0.367457 -0.11627 0.00268794 0.92274
1539938145392405 1.6699 1.64029 0.391916 -0.382413 -0.107492 0.00600434 0.917698
1539938145525751 1.58304 1.55122 0.373709 -0.381038 -0.10754 0.00554267 0.918267
1539938145692257 1.4827 1.44972 0.357657 -0.376013 -0.108365 0.00543543 0.92024
1539938145825349 1.39949 1.36594 0.347967 -0.375834 -0.108962 0.0053693 0.920243
1539938145991931 1.29258 1.24744 0.331841 -0.373719 -0.10814 0.00496066 0.921203
1539938146125189 1.21307 1.16112 0.320788 -0.379998 -0.106903 0.00630907 0.918767
1539938146258378 1.13406 1.07554 0.313857 -0.385895 -0.106157 0.00692516 0.916388
1539938146391652 1.05633 0.992745 0.305973 -0.389713 -0.107093 0.00713468 0.91466
1539938146524787 0.971239 0.899002 0.29095 -0.389986 -0.108842 0.0064669 0.914343
1539938146691125 0.857201 0.812329 0.279004 -0.371717 -0.10864 0.00701172 0.921941
1539938146824307 0.75473 0.746726 0.27151 -0.354877 -0.109375 0.00727711 0.928464
1539938146924333 0.678785 0.692433 0.260566 -0.342709 -0.110184 0.00725399 0.93293
1539938147091016 0.549785 0.615935 0.249433 -0.32435 -0.111266 0.00724073 0.939343
1539938147224141 0.44905 0.555734 0.237078 -0.309857 -0.111886 0.00677248 0.944153
1539938147357322 0.349888 0.493223 0.226203 -0.301582 -0.111048 0.00680007 0.946927
1539938147490505 0.258707 0.434988 0.216295 -0.294119 -0.111271 0.00644187 0.949248
1539938147623705 0.159657 0.370634 0.203597 -0.288376 -0.112341 0.00560084 0.950888
1539938147823315 0.00932682 0.263758 0.180729 -0.289969 -0.12066 0.00285213 0.949395
1539938147989808 -0.0933388 0.188814 0.177579 -0.289777 -0.107782 0.0050146 0.950993
1539938148122864 -0.185424 0.101812 0.159291 -0.30315 -0.108039 0.00439083 0.946789
1539938148256163 -0.275216 0.0251615 0.148196 -0.313158 -0.107397 0.00466005 0.943598
1539938148389315 -0.358543 -0.0633884 0.13699 -0.334736 -0.104926 0.00556178 0.936435
1539938148522612 -0.431368 -0.148326 0.127228 -0.35485 -0.102868 0.00686813 0.929222
1539938148655826 -0.514386 -0.24024 0.11286 -0.370147 -0.101973 0.00632581 0.923338
1539938148788908 -0.595712 -0.326162 0.100127 -0.375533 -0.105136 0.0043193 0.920816
1539938148888965 -0.659021 -0.390072 0.0913354 -0.376218 -0.106863 0.00429387 0.920338
1539938149021982 -0.753723 -0.485094 0.0797197 -0.376108 -0.106234 0.00443388 0.920455
1539938149188417 -0.852066 -0.58489 0.066247 -0.379136 -0.105224 0.00652219 0.919316
1539938149321556 -0.944713 -0.679583 0.0562792 -0.383435 -0.103396 0.00777736 0.917729
1539938149488141 -1.05912 -0.791548 0.0430894 -0.381625 -0.103909 0.00736 0.918428
1539938149621199 -1.13597 -0.869136 0.033518 -0.382327 -0.103586 0.00712047 0.918175
1539938149754454 -1.22867 -0.958812 0.021338 -0.378978 -0.103142 0.00652979 0.919617
1539938149887903 -1.31189 -1.03501 0.0113645 -0.373551 -0.10422 0.00619657 0.921715
1539938150020967 -1.40815 -1.11577 1.23928e-05 -0.362561 -0.105566 0.00607435 0.925942
1539938150187353 -1.52519 -1.19491 -0.0155867 -0.34174 -0.106808 0.00655544 0.933682
1539938150320711 -1.61657 -1.25497 -0.0270832 -0.325582 -0.107955 0.00676578 0.939306
1539938150453882 -1.72148 -1.32294 -0.0413597 -0.310107 -0.107819 0.00648975 0.944546
1539938150587123 -1.803 -1.37095 -0.0512507 -0.298128 -0.107574 0.0061333 0.948425
1539938150720112 -1.89792 -1.41805 -0.0621003 -0.276732 -0.107487 0.00621748 0.954896
1539938150886693 -2.0304 -1.47581 -0.080557 -0.249561 -0.109787 0.00659372 0.962093
1539938150986930 -2.09943 -1.49854 -0.0872784 -0.233904 -0.110235 0.00644668 0.965969
1539938151119765 -2.20005 -1.52983 -0.100119 -0.21056 -0.110987 0.00579337 0.971243
1539938151286099 -2.32982 -1.57537 -0.113445 -0.192902 -0.111782 0.00534916 0.974815
1539938151386139 -2.40421 -1.60052 -0.121745 -0.185967 -0.111141 0.00572965 0.976233
1539938151519283 -2.51716 -1.6282 -0.13788 -0.167717 -0.111953 0.00502005 0.979445
1539938151685980 -2.63601 -1.67915 -0.155085 -0.17637 -0.111713 0.00359788 0.977958
1539938151819010 -2.72045 -1.73591 -0.166069 -0.202722 -0.109473 0.00331104 0.973092
1539938151985564 -2.81366 -1.82693 -0.182451 -0.260334 -0.107326 0.003349 0.959529
1539938152118714 -2.84849 -1.92731 -0.187407 -0.343108 -0.101889 0.00506307 0.93374
1539938152285137 -2.85566 -2.05644 -0.193175 -0.455634 -0.0949594 0.00721426 0.885058
1539938152385140 -2.83611 -2.13807 -0.194089 0.533114 0.0901448 -0.00888086 -0.84118
1539938152518310 -2.78678 -2.23209 -0.189584 0.630905 0.0800541 -0.0139058 -0.771593
1539938152684708 -2.67869 -2.31302 -0.176921 0.752973 0.0629247 -0.0223308 -0.654655
1539938152818053 -2.57829 -2.35375 -0.177394 0.838385 0.0534694 -0.0246402 -0.54189
1539938152951167 -2.47211 -2.35534 -0.172804 0.908769 0.0423699 -0.0260683 -0.414325
1539938153051234 -2.39449 -2.33719 -0.170972 0.948203 0.033518 -0.0261856 -0.314806
1539938153217725 -2.27426 -2.2836 -0.167561 0.987276 0.0202058 -0.0198673 -0.156468
1539938153350713 -2.19084 -2.2311 -0.171718 0.999202 0.00740619 -0.00976463 -0.0380244
1539938153483982 -2.11286 -2.16932 -0.173443 0.998796 -0.00622321 0.000637718 0.0486624
1539938153617059 -2.04143 -2.09671 -0.166789 0.991388 -0.016889 0.00167657 0.129855
1539938153750280 -1.96959 -2.04036 -0.160802 0.983855 -0.0226024 0.00042734 0.177532
1539938153916730 -1.86833 -1.96554 -0.148792 0.977421 -0.0281613 -0.00266646 0.2094
1539938154049902 -1.79212 -1.90264 -0.136693 0.974356 -0.0297077 -0.011418 0.222748
1539938154216339 -1.67611 -1.82454 -0.120687 0.971603 -0.0308711 -0.0160492 0.234045
1539938154349612 -1.57311 -1.76967 -0.103056 0.970057 -0.0296338 -0.012838 0.240722
1539938154516085 -1.45019 -1.69232 -0.0871264 0.967139 -0.0305793 -0.0121608 0.252109
1539938154649233 -1.35167 -1.61948 -0.0739279 0.963008 -0.0322852 -0.0106136 0.26732
1539938154815798 -1.23059 -1.52449 -0.0487485 0.958278 -0.0333563 -0.0131183 0.28358
1539938154948913 -1.13993 -1.44201 -0.0306158 0.950395 -0.0356617 -0.0123375 0.308749
1539938155082085 -1.04296 -1.35472 -0.0159257 0.944982 -0.0375977 -0.0141129 0.324648
1539938155215252 -0.96366 -1.25854 -0.00611155 0.934171 -0.0406975 -0.0141529 0.354216
1539938155348462 -0.883683 -1.14792 0.00367417 0.92185 -0.0441315 -0.0139509 0.384773
1539938155481635 -0.814285 -1.04176 0.0155448 0.909819 -0.0460004 -0.0159291 0.41214
1539938155614975 -0.75846 -0.924679 0.0217956 0.892704 -0.049934 -0.0146472 0.447629
1539938155748100 -0.697454 -0.808196 0.0300504 0.879876 -0.0520112 -0.0151543 0.472106
1539938155914477 -0.651268 -0.651669 0.0354689 0.854999 -0.0564675 -0.0162092 0.515292
1539938156047661 -0.619906 -0.528598 0.0379598 0.835678 -0.059715 -0.0156842 0.545738
1539938156214042 -0.604125 -0.366778 0.0369566 0.805464 -0.0649977 -0.0157522 0.588859
1539938156314199 -0.609738 -0.277973 0.0340238 0.781294 -0.0679029 -0.0159072 0.620255
1539938156480549 -0.638179 -0.127399 0.0261697 0.732567 -0.0735892 -0.0145282 0.67655
1539938156613842 -0.669378 -0.00955951 0.0188052 0.692912 -0.0787213 -0.0127938 0.716597
1539938156746979 -0.728871 0.085869 0.00331309 0.640017 -0.0839634 -0.0110377 0.76368
1539938156880129 -0.787808 0.179083 -0.00486496 0.594443 -0.0854925 -0.010715 0.799508
1539938157046727 -0.874454 0.283757 -0.0202997 0.536198 -0.0898092 -0.00941942 0.839248
1539938157179926 -0.951822 0.351992 -0.0348038 0.489871 -0.0955873 -0.00881254 0.866494
1539938157346356 -1.05736 0.418311 -0.0535982 0.425067 -0.0997598 -0.00705676 0.89962
1539938157479494 -1.14421 0.470241 -0.0673853 0.382612 -0.102189 -0.00551837 0.918224
1539938157612662 -1.23197 0.50696 -0.0822484 0.336504 -0.104136 -0.00439676 0.935896
1539938157745784 -1.32709 0.534978 -0.0991844 0.286491 -0.106846 -0.00280972 0.952102
1539938157879121 -1.41304 0.543316 -0.117937 0.243068 -0.110501 -0.00277194 0.963691
1539938158045694 -1.52896 0.555569 -0.136796 0.187071 -0.113069 -0.0013894 0.975817
1539938158178878 -1.60925 0.560188 -0.151819 0.14867 -0.114507 -5.85403e-05 0.982235
1539938158345381 -1.70724 0.552175 -0.16685 0.0953543 -0.113722 0.00138016 0.988925
1539938158478427 -1.78943 0.536902 -0.179558 0.0519369 -0.114358 0.00289007 0.992077
1539938158644966 -1.88073 0.518874 -0.190968 0.0128151 -0.113733 0.00432069 0.993419
1539938158778117 -1.94028 0.50797 -0.192332 -0.0117005 -0.103043 0.00552939 0.994593
1539938158944578 -2.0021 0.497536 -0.204623 -0.025158 -0.103059 0.00523396 0.994343
1539938159044615 -2.02739 0.493471 -0.210851 -0.0280046 -0.105412 0.00505366 0.994021
1539938159177779 -2.05078 0.491477 -0.218863 -0.0300661 -0.110932 0.004848 0.993361
1539938159311041 -2.05429 0.488795 -0.215891 -0.0307225 -0.107856 0.00480538 0.99368
1539938159444190 -2.05229 0.489226 -0.216544 -0.029568 -0.109373 0.00466534 0.99355
1539938159577598 -2.05116 0.488676 -0.215824 -0.0272938 -0.110344 0.00474991 0.993507
1539938159677671 -2.04791 0.488801 -0.216422 -0.0273546 -0.111829 0.00470845 0.99334
1539938159810917 -2.03979 0.489325 -0.212897 -0.0273738 -0.110284 0.00492685 0.993511
1539938159944181 -2.03803 0.489541 -0.212419 -0.0268039 -0.109937 0.00484946 0.993565
1539938160077461 -2.03819 0.489346 -0.212557 -0.0269648 -0.110196 0.00480241 0.993532
1539938160243993 -2.03971 0.488697 -0.212756 -0.02709 -0.110399 0.00475131 0.993507
1539938160377214 -2.04016 0.488701 -0.212911 -0.0270493 -0.11058 0.00474698 0.993488
1539938160477259 -2.04037 0.488637 -0.213178 -0.0271184 -0.110974 0.00473526 0.993442
1539938160643785 -2.04026 0.488633 -0.21314 -0.0271337 -0.11093 0.00473622 0.993446
1539938160776876 -2.04072 0.48864 -0.213417 -0.027085 -0.111301 0.00472685 0.993406
1539938160909995 -2.04095 0.488639 -0.213575 -0.0270675 -0.111518 0.00472121 0.993382
1539938161043356 -2.04115 0.488587 -0.213726 -0.027122 -0.111728 0.00471466 0.993357
1539938161176485 -2.04116 0.488584 -0.213751 -0.0271249 -0.111766 0.00471359 0.993353
1539938161309711 -2.04074 0.488567 -0.213456 -0.027185 -0.11136 0.00472375 0.993397
1539938161476269 -2.04082 0.488639 -0.213512 -0.0270776 -0.111437 0.00472327 0.993391
1539938161609590 -2.04057 0.48856 -0.213397 -0.027208 -0.111293 0.00472524 0.993404
1539938161742729 -2.04047 0.488695 -0.213385 -0.027028 -0.111288 0.00472805 0.993409
1539938161875930 -2.03934 0.488439 -0.212786 -0.0274781 -0.110507 0.00474288 0.993484
1539938162042304 -2.03882 0.488894 -0.212746 -0.0268805 -0.110523 0.00475091 0.993499
1539938162175464 -2.03679 0.48968 -0.211903 -0.0259412 -0.109481 0.0047913 0.993639
1539938162341933 -2.02993 0.496501 -0.21026 -0.016762 -0.107865 0.00493748 0.994012
1539938162475241 -2.01902 0.504886 -0.208782 -0.00527776 -0.107125 0.00506913 0.994219
1539938162641789 -1.99987 0.520148 -0.208561 0.0166533 -0.109625 0.005333 0.993819
1539938162774894 -1.98492 0.530841 -0.209442 0.0326068 -0.113224 0.00564976 0.993018
1539938162908011 -1.97019 0.534955 -0.207872 0.0398414 -0.11295 0.00575448 0.992785
1539938163041138 -1.9586 0.53263 -0.205434 0.0379002 -0.1109 0.00564555 0.993093
1539938163174386 -1.95054 0.527008 -0.203349 0.0308207 -0.108896 0.00548654 0.99356
1539938163307682 -1.94542 0.520219 -0.202365 0.0216341 -0.108205 0.00536412 0.993879
1539938163440794 -1.94115 0.514346 -0.20171 0.0135573 -0.107891 0.0052705 0.994056
1539938163573935 -1.93813 0.51022 -0.201465 0.00782127 -0.108018 0.00520947 0.994105
1539938163740258 -1.93767 0.509468 -0.201229 0.00676441 -0.107714 0.00519578 0.994145
1539938163873460 -1.93796 0.509429 -0.201019 0.00670082 -0.10733 0.00519249 0.994187
1539938164040135 -1.93711 0.509513 -0.200516 0.00683593 -0.106647 0.00518915 0.99426
1539938164173333 -1.93848 0.510992 -0.201512 0.00890011 -0.108029 0.00522141 0.994094
1539938164306484 -1.94405 0.522235 -0.203109 0.0244773 -0.109594 0.00542972 0.99366
1539938164439641 -1.95137 0.547099 -0.2043 0.0584615 -0.109969 0.00587114 0.992197
1539938164572785 -1.95974 0.583958 -0.205758 0.107319 -0.110191 0.00652827 0.988078
1539938164706011 -1.96639 0.625174 -0.20684 0.160163 -0.109687 0.00720045 0.980951
1539938164839375 -1.97299 0.658121 -0.207507 0.199571 -0.108596 0.00758915 0.973818
1539938164972385 -1.98371 0.674799 -0.207632 0.214493 -0.106608 0.00738543 0.970862
1539938165105532 -1.99411 0.686043 -0.207962 0.222422 -0.105193 0.00717415 0.969232
1539938165239165 -2.00164 0.698102 -0.209298 0.232697 -0.105743 0.00744425 0.966755
1539938165372320 -2.00539 0.709633 -0.209904 0.244337 -0.105686 0.0076011 0.963884
1539938165538870 -2.00846 0.720335 -0.210263 0.25511 -0.105362 0.00768191 0.961124
1539938165672049 -2.00993 0.725011 -0.210583 0.259629 -0.105457 0.00777861 0.959901
1539938165838536 -2.01027 0.726492 -0.210509 0.261154 -0.10523 0.00774114 0.959513
1539938165971777 -2.01011 0.725483 -0.210613 0.260065 -0.105459 0.00778615 0.959783
1539938166138190 -2.00908 0.723862 -0.209984 0.25889 -0.104685 0.0075586 0.960187
1539938166271457 -2.00892 0.723854 -0.209841 0.258997 -0.104482 0.00750535 0.960181
1539938166437808 -2.00867 0.723827 -0.209569 0.25916 -0.104092 0.00740233 0.96018
1539938166570956 -2.00862 0.723718 -0.209562 0.259066 -0.104093 0.00740136 0.960206
1539938166704079 -2.00865 0.723771 -0.209557 0.259107 -0.104078 0.00739797 0.960196
1539938166837330 -2.00883 0.72388 -0.20968 0.259106 -0.104243 0.0074424 0.960178
1539938166970519 -2.00866 0.723818 -0.209578 0.259149 -0.104107 0.00740641 0.960182
1539938167070604 -2.00833 0.723689 -0.209282 0.259245 -0.103692 0.00729573 0.960201
1539938167203743 -2.00833 0.723735 -0.209256 0.259304 -0.10365 0.00728515 0.96019
1539938167337010 -2.00789 0.723376 -0.208933 0.259197 -0.103217 0.00716669 0.960267
1539938167470267 -2.00742 0.723137 -0.208496 0.259263 -0.102602 0.00700138 0.960316
1539938167603551 -2.00691 0.72274 -0.208153 0.259166 -0.102148 0.00687767 0.960391
1539938167769897 -2.00645 0.722486 -0.207778 0.259204 -0.101628 0.00673785 0.960437
1539938167902927 -2.00643 0.722531 -0.207742 0.259268 -0.10157 0.00672273 0.960426
1539938168102589 -2.00624 0.722294 -0.207596 0.259127 -0.101375 0.00666856 0.960485
1539938168202635 -2.00616 0.722177 -0.20749 0.259052 -0.101224 0.00662692 0.960522
1539938168335798 -2.00563 0.721953 -0.20708 0.259174 -0.100655 0.00647467 0.96055
1539938168468913 -2.00522 0.721682 -0.206757 0.25915 -0.100209 0.00635419 0.960603
1539938168602082 -2.00525 0.721758 -0.206767 0.259222 -0.100216 0.0063569 0.960583
1539938168768498 -2.00475 0.721413 -0.206366 0.25918 -0.0996611 0.00620665 0.960653
1539938168868529 -2.00449 0.721259 -0.206161 0.259185 -0.0993772 0.00613007 0.960682
1539938169001761 -2.0043 0.721183 -0.206029 0.259239 -0.0991964 0.00608178 0.960686
1539938169168391 -2.0042 0.721077 -0.205926 0.259184 -0.0990484 0.00604133 0.960717
1539938169268478 -2.00409 0.721052 -0.205862 0.259235 -0.0989632 0.00601879 0.960712
1539938169401595 -2.00397 0.720948 -0.205748 0.259202 -0.0988016 0.00597489 0.960738
1539938169567916 -2.00362 0.7207 -0.205464 0.259162 -0.0984059 0.0058678 0.96079
1539938169701248 -2.00365 0.720776 -0.205505 0.259232 -0.0984642 0.00588411 0.960765
1539938169867630 -2.00351 0.72065 -0.205369 0.259189 -0.098271 0.00583162 0.960797
1539938170000792 -2.00286 0.720252 -0.204883 0.259193 -0.0975982 0.00565012 0.960865
1539938170200561 -2.00261 0.7201 -0.204651 0.259195 -0.0972664 0.00556062 0.960899
1539938170367024 -2.00223 0.719831 -0.204352 0.259156 -0.0968485 0.00544764 0.960952
1539938170500155 -2.00207 0.719805 -0.204245 0.25924 -0.0966991 0.00540786 0.960945
1539938170633346 -2.00197 0.719705 -0.204164 0.259199 -0.0965871 0.00537739 0.960967
1539938170799721 -2.00156 0.719424 -0.203826 0.25916 -0.0961103 0.00524856 0.961026
1539938170932859 -2.00146 0.719408 -0.203735 0.259222 -0.0959787 0.00521339 0.961023
1539938171032897 -2.00142 0.719331 -0.203715 0.259152 -0.095954 0.00520636 0.961044
1539938171232704 -2.00162 0.719462 -0.203873 0.259163 -0.0961768 0.00526652 0.961019
1539938171399048 -2.00149 0.719413 -0.203765 0.259202 -0.0960219 0.00522495 0.961024
1539938171565690 -2.00122 0.719213 -0.203551 0.259165 -0.0957234 0.00514423 0.961064
1539938171732201 -2.00103 0.719133 -0.203424 0.259205 -0.0955467 0.00509679 0.961071
1539938171865317 -2.00098 0.719023 -0.203404 0.259104 -0.0955258 0.00509065 0.9611
1539938172065189 -2.00069 0.71845 -0.203249 0.258619 -0.0953399 0.00503828 0.96125
1539938172264916 -2.00092 0.718798 -0.203396 0.258872 -0.0955299 0.00509065 0.961162
1539938172464601 -2.00052 0.718471 -0.203082 0.258779 -0.0950927 0.00497247 0.961232
1539938172564824 -2.00032 0.718391 -0.202913 0.258834 -0.094849 0.00490707 0.961241
1539938172764409 -2.00015 0.718326 -0.202799 0.258876 -0.0946891 0.00486419 0.961246
1539938172930890 -1.99953 0.717848 -0.202299 0.258765 -0.0939836 0.00467382 0.961346
1539938173064158 -1.99929 0.717687 -0.202112 0.258747 -0.0937204 0.00460294 0.961377
1539938173197270 -1.99896 0.717549 -0.201885 0.258825 -0.0934023 0.00451751 0.961387
1539938173363898 -1.99897 0.717577 -0.201875 0.258854 -0.0933839 0.00451264 0.961381
1539938173497064 -1.99895 0.717557 -0.201843 0.258841 -0.0933342 0.00449921 0.961389
1539938173663423 -1.99905 0.717576 -0.201922 0.25879 -0.0934475 0.00452958 0.961392
1539938173796648 -1.99906 0.717672 -0.20193 0.258904 -0.0934568 0.00453239 0.961361
1539938173962992 -1.99891 0.717563 -0.201805 0.258883 -0.0932775 0.00448405 0.961384
1539938174096178 -1.99898 0.717606 -0.201862 0.258881 -0.093358 0.00450572 0.961376
1539938174262654 -1.99914 0.717674 -0.201971 0.258841 -0.0935111 0.00454685 0.961372
1539938174395746 -1.99897 0.7176 -0.201852 0.258883 -0.0933441 0.00450197 0.961377
1539938174595832 -1.99878 0.717323 -0.201768 0.25868 -0.0932453 0.00447492 0.961442
1539938174762553 -1.99864 0.717571 -0.201554 0.259102 -0.0929043 0.00438396 0.961361
1539938174862574 -1.9986 0.717452 -0.201536 0.258981 -0.0928852 0.00437859 0.961396
1539938174962587 -1.9984 0.717264 -0.20141 0.258897 -0.0927154 0.00433271 0.961435
1539938175062636 -1.99838 0.717186 -0.201362 0.258823 -0.0926433 0.00431317 0.961462
1539938175229104 -1.99843 0.717314 -0.201368 0.258945 -0.0926408 0.0043127 0.961429
1539938175428927 -1.99792 0.717026 -0.201028 0.258971 -0.0921687 0.00418556 0.961468
1539938175595454 -1.99789 0.717006 -0.200983 0.258972 -0.0920991 0.00416684 0.961475
1539938175728515 -1.998 0.71704 -0.201071 0.258929 -0.0922264 0.00420106 0.961474
