1539938014642568 3713123 3856095
1539938014697749 3713125 3856095
1539938014808041 3713124 3856096
1539938014916908 3713125 3856096
1539938015026601 3713124 3856096
1539938015081603 3713126 3856095
1539938015191462 3713124 3856095
1539938015301359 3713124 3856096
1539938015412368 3713126 3856095
1539938015522326 3713124 3856096
1539938015632225 3713125 3856096
1539938015687039 3713124 3856096
1539938015797143 3713124 3856095
1539938015907064 3713124 3856096
1539938016016666 3713124 3856096
1539938016073623 3713124 3856095
1539938016236536 3713124 3856096
1539938016294199 3713124 3856096
1539938016401199 3713124 3856096
1539938016511990 3713125 3856096
1539938016623909 3713125 3856096
1539938016732032 3713124 3856095
1539938016789479 3713124 3856095
1539938016896867 3713125 3856096
1539938017006668 3713124 3856097
1539938017116518 3713127 3856099
1539938017173209 3713127 3856099
1539938017337733 3713124 3856097
1539938017392870 3713126 3856099
1539938017502643 3713131 3856105
1539938017611909 3713131 3856109
1539938017721913 3713136 3856109
1539938017831809 3713149 3856124
1539938017942590 3713194 3856147
1539938017996734 3713239 3856161
1539938018107428 3713385 3856187
1539938018216735 3713615 3856199
1539938018326490 3713957 3856213
1539938018383057 3714171 3856218
1539938018492167 3714671 3856227
1539938018602644 3715276 3856242
1539938018712035 3715975 3856228
1539938018821797 3716764 3856225
1539938018877222 3717193 3856232
1539938019041679 3718634 3856263
1539938019096464 3719155 3856264
1539938019208140 3720241 3856283
1539938019322692 3721374 3856317
1539938019372227 3721957 3856328
1539938019482415 3723165 3856360
1539938019592057 3724413 3856381
1539938019702581 3725696 3856385
1539938019811975 3726960 3856381
1539938019923759 3728176 3856384
1539938020031920 3729333 3856401
1539938020086463 3729898 3856409
1539938020197367 3730991 3856418
1539938020307381 3732038 3856419
1539938020417113 3733003 3856430
1539938020475955 3733456 3856432
1539938020581997 3734299 3856438
1539938020691717 3735055 3856447
1539938020801898 3735721 3856457
1539938020914009 3736299 3856466
1539938020967557 3736554 3856460
1539938021078854 3736979 3856462
1539938021187285 3737300 3856471
1539938021298798 3737522 3856468
1539938021407425 3737650 3856469
1539938021517347 3737683 3856470
1539938021574055 3737665 3856469
1539938021738238 3737555 3856462
1539938021792793 3737529 3856459
1539938021847759 3737499 3856457
1539938022012403 3737435 3856459
1539938022067294 3737420 3856456
1539938022177526 3737410 3856456
1539938022287339 3737414 3856456
1539938022397179 3737417 3856457
1539938022507514 3737416 3856457
1539938022616762 3737414 3856457
1539938022672970 3737414 3856458
1539938022781751 3737416 3856458
1539938022894244 3737415 3856457
1539938023002421 3737414 3856457
1539938023112374 3737414 3856458
1539938023222495 3737415 3856458
1539938023277256 3737415 3856457
1539938023386970 3737413 3856458
1539938023497149 3737413 3856458
1539938023607822 3737414 3856458
1539938023721707 3737413 3856458
1539938023828101 3737413 3856458
1539938023882446 3737413 3856459
1539938023992569 3737413 3856458
1539938024102461 3737413 3856458
1539938024212598 3737413 3856458
1539938024267048 3737413 3856458
1539938024432051 3737412 3856459
1539938024489864 3737413 3856458
1539938024597706 3737413 3856458
1539938024707685 3737413 3856458
1539938024821586 3737413 3856458
1539938024873464 3737413 3856458
1539938024982636 3737413 3856459
1539938025092416 3737413 3856458
1539938025202608 3737412 3856458
1539938025256944 3737412 3856458
1539938025426298 3737411 3856458
1539938025478800 3737412 3856458
1539938025587708 3737412 3856460
1539938025643010 3737412 3856458
1539938025807437 3737412 3856460
1539938025862410 3737412 3856458
1539938026027792 3737412 3856458
1539938026082368 3737412 3856458
1539938026191981 3737412 3856459
1539938026302945 3737413 3856460
1539938026412042 3737417 3856460
1539938026523777 3737421 3856465
1539938026632662 3737423 3856471
1539938026687745 3737424 3856471
1539938026856772 3737432 3856489
1539938026907715 3737456 3856497
1539938027017230 3737534 3856512
1539938027127139 3737695 3856536
1539938027238023 3738022 3856604
1539938027347804 3738549 3856708
1539938027457862 3739280 3856885
1539938027512600 3739722 3857008
1539938027622658 3740731 3857345
1539938027732254 3741878 3857843
1539938027842538 3743113 3858531
1539938027897151 3743751 3858939
1539938028007340 3745063 3859850
1539938028121974 3746458 3860869
1539938028227788 3747935 3861958
1539938028338154 3749486 3863101
1539938028447532 3751077 3864302
1539938028557443 3752679 3865557
1539938028612502 3753504 3866221
1539938028667338 3754342 3866892
1539938028832251 3757002 3868969
1539938028943255 3758857 3870399
1539938029052968 3760707 3871904
1539938029108180 3761639 3872708
1539938029222477 3763555 3874391
1539938029327958 3765563 3876142
1539938029438189 3767599 3877934
1539938029547537 3769586 3879781
1539938029657668 3771579 3881771
1539938029712527 3772591 3882845
1539938029823579 3774583 3885065
1539938029934050 3776517 3887384
1539938030043068 3778396 3889869
1539938030152935 3780320 3892482
1539938030207956 3781313 3893798
1539938030322902 3783296 3896385
1539938030429802 3785239 3899047
1539938030537460 3787202 3901722
1539938030647509 3789201 3904361
1539938030705437 3790208 3905717
1539938030872434 3793177 3909906
1539938030923125 3794109 3911232
1539938031033428 3796033 3913911
1539938031143739 3798039 3916651
1539938031252708 3800071 3919260
1539938031362603 3802126 3921813
1539938031473506 3804230 3924342
1539938031530026 3805337 3925583
1539938031641355 3807623 3927948
1539938031748372 3809919 3930250
1539938031858109 3812283 3932534
1539938031972200 3814815 3934719
1539938032026012 3816122 3935781
1539938032134491 3818736 3937900
1539938032242639 3821453 3940023
1539938032352667 3824289 3942156
1539938032463405 3827090 3944232
1539938032573495 3830007 3946336
1539938032682144 3833084 3948492
1539938032738409 3834615 3949560
1539938032847992 3837771 3951655
1539938032958044 3841037 3953759
1539938033072682 3844177 3955922
1539938033177565 3847297 3958129
1539938033232510 3848855 3959213
1539938033345417 3851819 3961353
1539938033453585 3854717 3963533
1539938033563343 3857521 3965797
1539938033622196 3858836 3966931
1539938033783058 3862681 3970380
1539938033892984 3865227 3972758
1539938033947839 3866451 3973952
1539938034057636 3868850 3976290
1539938034171932 3871300 3978618
1539938034281407 3873811 3981012
1539938034332698 3875045 3982204
1539938034443518 3877475 3984524
1539938034553122 3880004 3986789
1539938034663591 3882554 3989086
1539938034722068 3883801 3990235
1539938034882825 3887613 3993621
1539938034992822 3890250 3995939
1539938035047781 3891505 3997124
1539938035157788 3893975 3999477
1539938035212880 3895214 4000627
1539938035324223 3897719 4002911
1539938035433676 3900194 4005233
1539938035543809 3902727 4007571
1539938035653660 3905347 4009856
1539938035708087 3906642 4010990
1539938035872904 3910362 4014508
1539938035927931 3911617 4015699
1539938036037747 3914149 4018069
1539938036147719 3916667 4020487
1539938036257519 3919217 4022950
1539938036313517 3920551 4024155
1539938036478857 3924671 4027553
1539938036588211 3927516 4029695
1539938036698054 3930550 4031705
1539938036808021 3933610 4033537
1539938036863452 3935165 4034395
1539938036976253 3938380 4036049
1539938037083887 3941537 4037625
1539938037192756 3944681 4039091
1539938037248399 3946282 4039781
1539938037357510 3949404 4041064
1539938037472155 3952461 4042227
1539938037578230 3955516 4043312
1539938037687927 3958400 4044333
1539938037797872 3961310 4045302
1539938037855851 3962780 4045764
1539938037962668 3965657 4046664
1539938038073597 3968497 4047493
1539938038183526 3971379 4048262
1539938038293522 3974168 4049039
1539938038404439 3976929 4049836
1539938038513164 3979738 4050720
1539938038572148 3981096 4051215
1539938038678534 3983696 4052340
1539938038788763 3986232 4053724
1539938038898584 3988623 4055413
1539938038953943 3989716 4056368
1539938039121596 3992793 4059510
1539938039173505 3993821 4060655
1539938039283456 3995898 4063051
1539938039393797 3997997 4065463
1539938039503187 4000161 4067826
1539938039558213 4001299 4069014
1539938039672079 4003686 4071418
1539938039778805 4006138 4073767
1539938039889471 4008637 4076053
1539938039998486 4011270 4078339
1539938040108620 4013924 4080674
1539938040163987 4015221 4081822
1539938040276189 4017808 4084107
1539938040383271 4020423 4086477
1539938040493249 4022948 4088894
1539938040603175 4025456 4091250
1539938040659092 4026751 4092413
1539938040771697 4029371 4094778
1539938040878712 4031950 4097173
1539938040988424 4034593 4099485
1539938041098455 4037303 4101768
1539938041153603 4038637 4102942
1539938041322179 4042690 4106428
1539938041374748 4044109 4107543
1539938041482851 4046929 4109723
1539938041652109 4051132 4112990
1539938041703736 4052562 4114048
1539938041813870 4055333 4116042
1539938041926052 4058033 4117975
1539938042033348 4060809 4119896
1539938042143255 4063584 4121793
1539938042198215 4064949 4122719
1539938042307996 4067717 4124503
1539938042421897 4070477 4126235
1539938042528881 4073112 4128010
1539938042583775 4074429 4128907
1539938042693825 4077104 4130675
1539938042803542 4079678 4132428
1539938042913569 4082169 4134307
1539938042972462 4083417 4135316
1539938043078424 4085931 4137455
1539938043188484 4088382 4139674
1539938043297980 4090836 4141904
1539938043408847 4093415 4144243
1539938043521909 4096027 4146646
1539938043576081 4097324 4147833
1539938043684084 4099999 4150202
1539938043793655 4102686 4152642
1539938043903551 4105279 4155107
1539938044013398 4107846 4157516
1539938044072259 4109159 4158738
1539938044178112 4111766 4161260
1539938044288957 4114324 4163804
1539938044398958 4116946 4166294
1539938044508756 4119607 4168796
1539938044621845 4122210 4171327
1539938044673842 4123538 4172569
1539938044838627 4127649 4176263
1539938044893369 4128992 4177516
1539938045004201 4131657 4180022
1539938045113177 4134288 4182435
1539938045228133 4136863 4184925
1539938045279085 4138090 4186187
1539938045444161 4141831 4189890
1539938045498801 4143114 4191113
1539938045609162 4145622 4193604
1539938045721617 4148084 4196064
1539938045828501 4150598 4198453
1539938045884210 4151878 4199667
1539938045993244 4154343 4202148
1539938046103287 4156825 4204668
1539938046214170 4159382 4207116
1539938046323980 4161891 4209588
1539938046433824 4164363 4212079
1539938046488808 4165617 4213291
1539938046599476 4168143 4215677
1539938046708914 4170565 4218090
1539938046821961 4172952 4220497
1539938046929537 4175368 4222810
1539938046983294 4176570 4223962
1539938047093272 4178895 4226311
1539938047204135 4181179 4228694
1539938047314424 4183465 4231031
1539938047372343 4184592 4232213
1539938047478705 4186755 4234668
1539938047643826 4189945 4238415
1539938047698861 4191036 4239646
1539938047808560 4193245 4242158
1539938047865601 4194337 4243436
1539938047974622 4196527 4245949
1539938048139319 4199921 4249647
1539938048194100 4201068 4250922
1539938048305488 4203300 4253489
1539938048413806 4205510 4255988
1539938048525994 4207787 4258511
1539938048578596 4208925 4259790
1539938048689031 4211161 4262316
1539938048798453 4213354 4264761
1539938048909438 4215594 4267263
1539938049022269 4217852 4269767
1539938049129358 4220044 4272178
1539938049184526 4221142 4273368
1539938049294001 4223399 4275771
1539938049403806 4225742 4278116
1539938049513982 4228080 4280339
1539938049624097 4230474 4282536
1539938049733462 4232966 4284727
1539938049789646 4234203 4285798
1539938049899456 4236620 4287865
1539938050009485 4239099 4289865
1539938050122206 4241697 4291848
1539938050229217 4244318 4293768
1539938050338958 4247013 4295574
1539938050393889 4248415 4296435
1539938050504579 4251225 4298116
1539938050613940 4253977 4299759
1539938050724674 4256849 4301368
1539938050834469 4259759 4302922
1539938050890740 4261178 4303681
1539938050999088 4264049 4305171
1539938051108985 4266949 4306620
1539938051221856 4269718 4308074
1539938051328734 4272499 4309486
1539938051383802 4273897 4310160
1539938051493592 4276613 4311481
1539938051604668 4279277 4312713
1539938051714615 4281984 4313870
1539938051772334 4283323 4314417
1539938051934424 4287207 4315902
1539938051989101 4288532 4316322
1539938052099217 4291241 4317042
1539938052209072 4293890 4317648
1539938052321762 4296534 4318171
1539938052373763 4297872 4318422
1539938052485227 4300494 4318911
1539938052594636 4303014 4319414
1539938052705328 4305558 4319948
1539938052814455 4308067 4320560
1539938052872455 4309250 4320918
1539938052979257 4311499 4321782
1539938053089041 4313597 4322922
1539938053198889 4315531 4324397
1539938053308871 4317301 4326126
1539938053365268 4318137 4327015
1539938053529516 4320610 4329727
1539938053584493 4321440 4330654
1539938053694235 4323129 4332561
1539938053804210 4324818 4334473
1539938053916730 4326483 4336329
1539938053972132 4327317 4337241
1539938054078822 4329005 4339075
1539938054189614 4330694 4340945
1539938054299519 4332389 4342848
1539938054409650 4334044 4344725
1539938054464523 4334868 4345655
1539938054629210 4337400 4348510
1539938054739275 4339141 4350481
1539938054794069 4340031 4351473
1539938054903895 4341810 4353425
1539938055013857 4343559 4355386
1539938055126802 4345332 4357386
1539938055179748 4346232 4358402
1539938055289762 4348028 4360387
1539938055344563 4348920 4361368
1539938055454549 4350655 4363324
1539938055564877 4352397 4365307
1539938055729162 4355124 4368298
1539938055791987 4356061 4369261
1539938055839133 4357005 4370216
1539938056004548 4359834 4373066
1539938056116048 4361807 4374996
1539938056172808 4362831 4375952
1539938056279548 4364891 4377832
1539938056389827 4366919 4379708
1539938056501052 4368931 4381649
1539938056609596 4371033 4383650
1539938056664641 4372111 4384652
1539938056776473 4374281 4386635
1539938056885402 4376440 4388669
1539938056994801 4378682 4390779
1539938057104703 4381000 4392887
1539938057215364 4383311 4394974
1539938057324831 4385655 4397114
1539938057434337 4388129 4399342
1539938057544423 4390630 4401620
1539938057602023 4391857 4402764
1539938057709255 4394331 4405118
1539938057822024 4396853 4407614
1539938057929335 4399348 4410152
1539938058040214 4401843 4412727
1539938058153104 4404434 4415438
1539938058204562 4405740 4416800
1539938058316455 4408332 4419499
1539938058428643 4410920 4422207
1539938058535208 4413565 4424973
1539938058649107 4416133 4427643
1539938058757432 4418605 4430328
1539938058865784 4421154 4433131
1539938058921952 4422431 4434528
1539938059029699 4424900 4437284
1539938059139919 4427388 4440143
1539938059249541 4429945 4442954
1539938059304557 4431216 4444330
1539938059414407 4433713 4447122
1539938059525327 4436292 4449935
1539938059635281 4438948 4452625
1539938059745073 4441571 4455305
1539938059857096 4444244 4457996
1539938059964908 4446962 4460602
1539938060021650 4448285 4461903
1539938060130511 4450854 4464570
1539938060240761 4453502 4467252
1539938060349427 4456172 4469875
1539938060459617 4458801 4472585
1539938060514200 4460142 4473938
1539938060626183 4462935 4476610
1539938060735145 4465712 4479319
1539938060845062 4468490 4482068
1539938060902069 4469929 4483414
1539938061009715 4472847 4486077
1539938061121737 4475722 4488770
1539938061229554 4478657 4491457
1539938061340337 4481512 4494065
1539938061450224 4484335 4496764
1539938061560566 4487304 4499551
1539938061615048 4488805 4500942
1539938061726869 4491720 4503699
1539938061834879 4494721 4506561
1539938061889917 4496226 4507970
1539938062000136 4499140 4510763
1539938062164688 4503611 4515151
1539938062221547 4505103 4516603
1539938062330514 4508003 4519488
1539938062440529 4510917 4522465
1539938062550176 4513755 4525413
1539938062604130 4515108 4526871
1539938062715080 4517840 4529891
1539938062879804 4521991 4534362
1539938062934758 4523344 4535828
1539938063044638 4526080 4538794
1539938063154548 4528888 4541678
1539938063265458 4531597 4544514
1539938063375537 4534336 4547429
1539938063430445 4535741 4548870
1539938063595030 4539908 4553156
1539938063650063 4541301 4554623
1539938063760027 4544159 4557525
1539938063871913 4546973 4560358
1539938063979656 4549779 4563278
1539938064089927 4552709 4566150
1539938064144662 4554195 4567559
1539938064256206 4557121 4570384
1539938064365279 4560117 4573187
1539938064475179 4563055 4575860
1539938064585775 4565900 4578592
1539938064639962 4567349 4579992
1539938064750063 4570187 4582728
1539938064859801 4572871 4585454
1539938064971798 4575516 4588267
1539938065079514 4578140 4591007
1539938065189513 4580650 4593701
1539938065245514 4581901 4595066
1539938065355520 4584483 4597759
1539938065410273 4585801 4599063
1539938065575556 4589682 4602990
1539938065686458 4592319 4605653
1539938065740813 4593657 4606957
1539938065849847 4596271 4609560
1539938065960146 4598868 4612254
1539938066071808 4601570 4614926
1539938066179589 4604264 4617533
1539938066235533 4605596 4618856
1539938066345456 4608330 4621521
1539938066510414 4612505 4625364
1539938066622267 4615241 4627985
1539938066676142 4616651 4629309
1539938066788106 4619480 4631874
1539938066895769 4622224 4634422
1539938067004670 4624968 4637011
1539938067060563 4626337 4638272
1539938067172727 4628973 4640728
1539938067280365 4631548 4643228
1539938067390240 4634194 4645746
1539938067500354 4636801 4648124
1539938067610073 4639323 4650352
1539938067722208 4641877 4652489
1539938067774854 4643163 4653505
1539938067885019 4645666 4655377
1539938067995742 4648119 4657040
1539938068104781 4650630 4658549
1539938068215631 4653084 4659906
1539938068272324 4654282 4660538
1539938068380230 4656656 4661664
1539938068490501 4659035 4662633
1539938068600043 4661299 4663450
1539938068654913 4662378 4663807
1539938068821775 4665592 4664688
1539938068876091 4666658 4664924
1539938068986099 4668749 4665325
1539938069095466 4670755 4665628
1539938069150416 4671753 4665753
1539938069260384 4673766 4665963
1539938069372436 4675769 4666130
1539938069480037 4677694 4666270
1539938069590979 4679564 4666385
1539938069645289 4680507 4666438
1539938069755698 4682430 4666526
1539938069868886 4684345 4666574
1539938069975562 4686131 4666595
1539938070085979 4687860 4666621
1539938070140505 4688715 4666632
1539938070305636 4691290 4666672
1539938070415046 4692967 4666749
1539938070471971 4693772 4666803
1539938070581225 4695337 4666951
1539938070635831 4696100 4667061
1539938070800883 4698334 4667658
1539938070858218 4699038 4667982
1539938070965559 4700369 4668871
1539938071075723 4701584 4670079
1539938071186429 4702688 4671532
1539938071295382 4703760 4673169
1539938071405667 4704835 4674940
1539938071515481 4705952 4676843
1539938071571804 4706533 4677819
1539938071680869 4707725 4679772
1539938071790867 4708910 4681675
1539938071900597 4710072 4683597
1539938072010293 4711227 4685581
1539938072065480 4711807 4686573
1539938072175528 4713002 4688527
1539938072286673 4714246 4690460
1539938072395062 4715533 4692455
1539938072504859 4716859 4694492
1539938072616194 4718206 4696504
1539938072672000 4718883 4697484
1539938072782340 4720256 4699414
1539938072891037 4721709 4701342
1539938072945634 4722458 4702295
1539938073055510 4724009 4704128
1539938073168344 4725567 4705842
1539938073276052 4727122 4707472
1539938073331591 4727893 4708277
1539938073440994 4729426 4709873
1539938073605861 4731687 4712183
1539938073663214 4732421 4712909
1539938073772618 4733818 4714318
1539938073880399 4735111 4715694
1539938073990483 4736318 4717027
1539938074100381 4737458 4718311
1539938074212506 4738555 4719502
1539938074322000 4739595 4720581
1539938074430845 4740568 4721562
1539938074540683 4741461 4722454
1539938074650633 4742272 4723267
1539938074705926 4742646 4723646
1539938074815617 4743346 4724365
1539938074925791 4743974 4725034
1539938074980452 4744265 4725349
1539938075146383 4745079 4726226
1539938075201283 4745328 4726493
1539938075311477 4745793 4726983
1539938075422001 4746211 4727421
1539938075531008 4746587 4727816
1539938075640742 4746924 4728158
1539938075697427 4747073 4728313
1539938075806882 4747344 4728590
1539938075915450 4747574 4728820
1539938076029398 4747758 4729003
1539938076080493 4747833 4729079
1539938076191232 4747954 4729199
1539938076300984 4748031 4729278
1539938076411832 4748068 4729319
1539938076522219 4748080 4729324
1539938076575678 4748074 4729320
1539938076685821 4748058 4729306
1539938076795431 4748048 4729296
1539938076852893 4748046 4729297
1539938077015659 4748052 4729300
1539938077126272 4748052 4729301
1539938077236110 4748051 4729300
1539938077291255 4748050 4729299
1539938077401082 4748051 4729300
1539938077511110 4748052 4729300
1539938077565624 4748051 4729300
1539938077730647 4748051 4729300
1539938077787407 4748052 4729300
1539938077896542 4748051 4729300
1539938078006658 4748050 4729300
1539938078116143 4748051 4729300
1539938078226262 4748051 4729300
1539938078281104 4748051 4729300
1539938078391344 4748051 4729300
1539938078500731 4748051 4729300
1539938078611714 4748051 4729299
1539938078723933 4748051 4729300
1539938078831419 4748052 4729299
1539938078886422 4748051 4729300
1539938078996273 4748051 4729301
1539938079106275 4748052 4729300
1539938079216123 4748052 4729300
1539938079326242 4748051 4729300
1539938079381017 4748051 4729300
1539938079491169 4748051 4729300
1539938079600754 4748051 4729300
1539938079712102 4748052 4729300
1539938079822977 4748051 4729300
1539938079876899 4748051 4729300
1539938079986292 4748052 4729300
1539938080096476 4748051 4729300
1539938080206193 4748051 4729300
1539938080316405 4748052 4729300
1539938080429928 4748051 4729300
1539938080480825 4748052 4729300
1539938080590923 4748050 4729300
1539938080701673 4748051 4729300
1539938080811796 4748051 4729300
1539938080922466 4748051 4729300
1539938081031412 4748052 4729300
1539938081142550 4748051 4729300
1539938081196266 4748052 4729300
1539938081306201 4748051 4729300
1539938081416319 4748051 4729300
1539938081526723 4748051 4729300
1539938081637068 4748052 4729300
1539938081692899 4748051 4729300
1539938081801652 4748051 4729300
1539938081911483 4748051 4729300
1539938082023334 4748051 4729300
1539938082131073 4748051 4729300
1539938082186043 4748051 4729300
1539938082299946 4748051 4729300
1539938082405992 4748051 4729300
1539938082516876 4748051 4729300
1539938082572214 4748051 4729300
1539938082681887 4748051 4729300
1539938082791605 4748051 4729300
1539938082901247 4748052 4729300
1539938083011212 4748051 4729300
1539938083066138 4748051 4729300
1539938083176247 4748052 4729300
1539938083286038 4748051 4729300
1539938083396842 4748052 4729300
1539938083506783 4748051 4729300
1539938083616757 4748051 4729300
1539938083726414 4748051 4729300
1539938083781456 4748052 4729300
1539938083891382 4748051 4729300
1539938084001141 4748052 4729300
1539938084111008 4748051 4729300
1539938084222012 4748052 4729300
1539938084331044 4748051 4729301
1539938084386898 4748051 4729300
1539938084496675 4748052 4729301
1539938084606741 4748051 4729300
1539938084716697 4748051 4729300
1539938084826451 4748051 4729300
1539938084881782 4748051 4729301
1539938084995035 4748051 4729301
1539938085102001 4748052 4729300
1539938085157364 4748051 4729300
1539938085323968 4748052 4729301
1539938085377116 4748052 4729301
1539938085541679 4748051 4729300
1539938085596416 4748052 4729300
1539938085706534 4748051 4729300
1539938085817369 4748051 4729300
1539938085927354 4748051 4729300
1539938086036929 4748051 4729300
1539938086091899 4748052 4729300
1539938086201737 4748051 4729300
1539938086312035 4748051 4729300
1539938086422564 4748051 4729300
1539938086478787 4748052 4729300
1539938086586487 4748052 4729300
1539938086696154 4748051 4729300
1539938086806176 4748051 4729300
1539938086917005 4748052 4729300
1539938086973926 4748051 4729300
1539938087136722 4748052 4729300
1539938087191704 4748051 4729301
1539938087301437 4748052 4729301
1539938087411446 4748051 4729300
1539938087466714 4748052 4729301
1539938087631406 4748051 4729301
1539938087686996 4748052 4729300
1539938087796947 4748052 4729300
1539938087907488 4748052 4729300
1539938088016769 4748052 4729300
1539938088126814 4748052 4729300
1539938088236506 4748051 4729301
1539938088291404 4748052 4729301
1539938088401427 4748052 4729300
1539938088457221 4748052 4729301
1539938088624206 4748051 4729301
1539938088677694 4748051 4729301
1539938088787841 4748052 4729300
1539938088896996 4748051 4729300
1539938089007373 4748052 4729300
1539938089061955 4748051 4729300
1539938089229767 4748051 4729300
1539938089281404 4748053 4729300
1539938089391267 4748059 4729301
1539938089447382 4748064 4729303
1539938089557961 4748065 4729308
1539938089722029 4748089 4729303
1539938089777756 4748132 4729309
1539938089887049 4748334 4729347
1539938089996901 4748783 4729404
1539938090106778 4749496 4729489
1539938090162028 4749947 4729554
1539938090273820 4750977 4729757
1539938090382339 4752109 4730064
1539938090492596 4753367 4730471
1539938090603423 4754740 4730968
1539938090661524 4755467 4731258
1539938090823719 4757750 4732303
1539938090880848 4758520 4732705
1539938090986773 4760036 4733584
1539938091096894 4761526 4734557
1539938091207290 4763044 4735616
1539938091261355 4763827 4736175
1539938091372160 4765446 4737373
1539938091482161 4767085 4738669
1539938091591964 4768685 4740075
1539938091702000 4770295 4741652
1539938091812350 4771963 4743418
1539938091922719 4773697 4745319
1539938092031683 4775483 4747298
1539938092141548 4777332 4749363
1539938092252429 4779256 4751523
1539938092307445 4780262 4752612
1539938092417149 4782325 4754775
1539938092527554 4784359 4756936
1539938092636830 4786423 4759197
1539938092746818 4788565 4761500
1539938092857641 4790816 4763820
1539938092913931 4791938 4765011
1539938093022415 4794181 4767516
1539938093132282 4796449 4770060
1539938093242343 4798778 4772657
1539938093297050 4799926 4774007
1539938093463845 4803417 4778159
1539938093517319 4804612 4779508
1539938093626765 4807059 4782225
1539938093736612 4809444 4785011
1539938093847608 4811819 4787703
1539938093901630 4813031 4789022
1539938094012692 4815468 4791706
1539938094122534 4817819 4794353
1539938094232477 4820158 4796883
1539938094287154 4821345 4798134
1539938094451968 4824912 4801928
1539938094507667 4826075 4803168
1539938094616883 4828430 4805608
1539938094728737 4830890 4808107
1539938094837186 4833334 4810593
1539938094947720 4835724 4812977
1539938095057550 4838165 4815354
1539938095113086 4839416 4816562
1539938095224198 4841913 4818937
1539938095332076 4844460 4821264
1539938095441774 4847118 4823654
1539938095551667 4849781 4826107
1539938095662913 4852442 4828542
1539938095716669 4853805 4829749
1539938095826524 4856601 4832252
1539938095937551 4859348 4834834
1539938096047202 4862072 4837301
1539938096157337 4864861 4839796
1539938096212216 4866230 4841081
1539938096323196 4868960 4843679
1539938096432883 4871776 4846278
1539938096543234 4874570 4849013
1539938096652742 4877286 4851820
1539938096762396 4880076 4854605
1539938096821407 4881473 4856065
1539938096928890 4884137 4859091
1539938097037176 4886763 4862013
1539938097148754 4889352 4864946
1539938097257997 4891834 4867891
1539938097312817 4893069 4869296
1539938097426526 4895598 4872072
1539938097532591 4898124 4874880
1539938097587503 4899384 4876259
1539938097697589 4901878 4878935
1539938097807538 4904469 4881645
1539938097917391 4907031 4884352
1539938098027353 4909551 4886957
1539938098082110 4910846 4888250
1539938098194496 4913543 4890837
1539938098302829 4916272 4893322
1539938098412829 4919090 4895693
1539938098524357 4921996 4898088
1539938098577577 4923425 4899316
1539938098742765 4927581 4902947
1539938098856486 4930351 4905397
1539938098907285 4931695 4906671
1539938099017751 4934346 4909246
1539938099127129 4937020 4911810
1539938099238226 4939634 4914472
1539938099292929 4940878 4915831
1539938099402732 4943390 4918466
1539938099513104 4945965 4921059
1539938099623334 4948499 4923692
1539938099732531 4951038 4926273
1539938099843843 4953596 4928819
1539938099897270 4954850 4930121
1539938100007440 4957277 4932768
1539938100121981 4959711 4935333
1539938100227982 4962229 4937930
1539938100337742 4964704 4940601
1539938100447847 4967144 4943212
1539938100508194 4968384 4944496
1539938100612674 4970882 4947131
1539938100723547 4973335 4949799
1539938100832236 4975824 4952369
1539938100942174 4978467 4954981
1539938100996994 4979811 4956325
1539938101107856 4982438 4958972
1539938101221795 4985099 4961564
1539938101327700 4987799 4964232
1539938101437655 4990387 4966883
1539938101547297 4992999 4969506
1539938101657628 4995663 4972229
1539938101772880 4998234 4974958
1539938101824795 4999508 4976267
1539938101933500 5002132 4978861
1539938102042873 5004823 4981424
1539938102154732 5007506 4983779
1539938102262828 5010343 4985955
1539938102375976 5013210 4988064
1539938102484009 5015978 4990147
1539938102537568 5017347 4991190
1539938102653802 5019995 4993316
1539938102757420 5022414 4995646
1539938102872132 5024631 4998197
1539938102923240 5025709 4999513
1539938103087892 5028736 5003639
1539938103142760 5029621 5005128
1539938103252601 5031240 5008184
1539938103363024 5032680 5011275
1539938103473503 5033992 5014538
1539938103583879 5035188 5017743
1539938103637390 5035739 5019356
1539938103748384 5036728 5022659
1539938103858149 5037597 5025887
1539938103971940 5038323 5029117
1539938104078327 5038944 5032351
1539938104188537 5039512 5035476
1539938104297927 5040101 5038705
1539938104407759 5040750 5041857
1539938104463526 5041093 5043400
1539938104574065 5041865 5046532
1539938104682838 5042775 5049547
1539938104793122 5043886 5052449
1539938104903157 5045219 5055316
1539938105013636 5046781 5058021
1539938105071775 5047659 5059326
1539938105177617 5049584 5061925
1539938105287650 5051720 5064474
1539938105397516 5053986 5066933
1539938105456848 5055112 5068174
1539938105617584 5058593 5072052
1539938105675477 5059804 5073350
1539938105787147 5062247 5075950
1539938105893064 5064642 5078620
1539938106003467 5067074 5081247
1539938106058154 5068296 5082499
1539938106167564 5070731 5085001
1539938106281440 5073083 5087588
1539938106388416 5075554 5090171
1539938106498234 5078082 5092690
1539938106608105 5080638 5095266
1539938106721984 5083365 5097790
1539938106774254 5084793 5099014
1539938106883028 5087635 5101491
1539938106992740 5090458 5104041
1539938107047646 5091932 5105314
1539938107158485 5094895 5107793
1539938107272507 5097748 5110274
1539938107378270 5100634 5112758
1539938107488343 5103505 5115138
1539938107598668 5106324 5117486
1539938107653600 5107778 5118684
1539938107763019 5110740 5121135
1539938107875176 5113630 5123629
1539938107986008 5116582 5126259
1539938108092699 5119501 5129048
1539938108148589 5120892 5130465
1539938108314029 5125088 5134767
1539938108372899 5126514 5136279
1539938108478943 5129297 5139310
1539938108533505 5130691 5140790
1539938108698708 5135004 5145377
1539938108752974 5136429 5146888
1539938108862788 5139314 5149869
1539938108975889 5142397 5152994
1539938109083724 5145468 5156167
1539938109138678 5146987 5157755
1539938109304659 5151573 5162689
1539938109358695 5153079 5164336
1539938109472273 5156054 5167677
1539938109578174 5159130 5171085
1539938109689104 5162191 5174377
1539938109798292 5165272 5177733
1539938109908165 5168454 5181053
1539938109962845 5170004 5182673
1539938110073989 5173138 5186004
1539938110183485 5176347 5189240
1539938110293665 5179456 5192421
1539938110403506 5182585 5195611
1539938110458147 5184145 5197153
1539938110572234 5187133 5200236
1539938110678258 5190121 5203364
1539938110788748 5193151 5206340
1539938110897840 5196149 5209367
1539938110953648 5197688 5210889
1539938111063977 5200840 5213818
1539938111173832 5203897 5216730
1539938111283449 5207023 5219689
1539938111393379 5210152 5222551
1539938111503750 5213216 5225444
1539938111612976 5216314 5228387
1539938111725225 5219302 5231275
1539938111833004 5222216 5234190
1539938111943677 5225206 5237134
1539938111998635 5226673 5238564
1539938112108546 5229603 5241461
1539938112222092 5232649 5244429
1539938112328320 5235599 5247329
1539938112383281 5237045 5248796
1539938112493108 5240008 5251791
1539938112603537 5242968 5254704
1539938112712829 5245856 5257592
1539938112823965 5248777 5260495
1539938112934086 5251655 5263262
1539938113043565 5254463 5266004
1539938113098693 5255923 5267393
1539938113208483 5258870 5270101
1539938113322271 5261765 5272733
1539938113373505 5263226 5274057
1539938113538177 5267594 5278090
1539938113592999 5268985 5279421
1539938113703931 5271777 5282184
1539938113813866 5274561 5285107
1539938113926381 5277218 5287995
1539938114033494 5279861 5290925
1539938114089014 5281201 5292440
1539938114198445 5283895 5295446
1539938114308467 5286557 5298333
1539938114363280 5287918 5299800
1539938114473945 5290684 5302691
1539938114584242 5293373 5305479
1539938114694169 5296102 5308360
1539938114804254 5298877 5311206
1539938114913574 5301496 5313938
1539938115023448 5304091 5316712
1539938115078454 5305383 5318080
1539938115188383 5307973 5320792
1539938115298369 5310457 5323531
1539938115408023 5313028 5326377
1539938115522066 5315632 5329173
1539938115628865 5318164 5331987
1539938115683798 5319447 5333415
1539938115793954 5322111 5336199
1539938115903708 5324783 5338922
1539938115958483 5326087 5340315
1539938116072515 5328707 5343071
1539938116178254 5331340 5345686
1539938116344045 5335118 5349624
1539938116399070 5336401 5350929
1539938116509784 5339117 5353459
1539938116621923 5341892 5355980
1539938116729248 5344705 5358485
1539938116838680 5347609 5360858
1539938116893610 5349030 5362002
1539938117004460 5351775 5364306
1539938117113453 5354561 5366623
1539938117225253 5357321 5368820
1539938117336027 5360016 5370949
1539938117390465 5361387 5372013
1539938117498931 5364129 5374175
1539938117609016 5366723 5376333
1539938117721934 5369267 5378496
1539938117773672 5370564 5379605
1539938117940147 5374324 5383098
1539938117994078 5375501 5384303
1539938118104223 5377769 5386758
1539938118213999 5379895 5389407
1539938118325161 5381755 5392180
1539938118379035 5382584 5393555
1539938118488783 5384104 5396356
1539938118598726 5385485 5399325
1539938118708743 5386741 5402312
1539938118822571 5387828 5405316
1539938118875485 5388306 5406866
1539938118983412 5389094 5409902
1539938119094234 5389652 5412941
1539938119204514 5390000 5416104
1539938119316169 5390202 5419196
1539938119424239 5390321 5422290
1539938119478931 5390394 5423840
1539938119588695 5390606 5426794
1539938119698565 5390966 5429655
1539938119808516 5391585 5432496
1539938119922457 5392534 5435155
1539938119974297 5393156 5436434
1539938120084358 5394709 5438982
1539938120194038 5396553 5441441
1539938120304014 5398600 5443860
1539938120414112 5400743 5446384
1539938120525875 5402991 5449004
1539938120578874 5404153 5450309
1539938120688628 5406529 5452948
1539938120798535 5408882 5455751
1539938120909847 5411313 5458575
1539938120964521 5412563 5459978
1539938121074423 5415032 5462894
1539938121184502 5417437 5465876
1539938121293881 5419991 5468818
1539938121404281 5422586 5471803
1539938121513849 5425106 5474744
1539938121623620 5427642 5477526
1539938121733493 5430217 5480356
1539938121788484 5431476 5481770
1539938121901343 5433994 5484529
1539938122010511 5436611 5487304
1539938122064922 5437939 5488714
1539938122175643 5440582 5491445
1539938122284081 5443248 5494075
1539938122393822 5446012 5496728
1539938122448970 5447402 5498043
1539938122613579 5451668 5501796
1539938122723556 5454659 5504309
1539938122779539 5456107 5505591
1539938122889477 5458931 5508128
1539938122999451 5461741 5510684
1539938123109172 5464420 5513394
1539938123222136 5466989 5516158
1539938123328877 5469626 5518884
1539938123384553 5470954 5520281
1539938123493822 5473526 5523098
1539938123604654 5476128 5525834
1539938123714605 5478863 5528656
1539938123825558 5481570 5531577
1539938123934349 5484275 5534425
1539938123989424 5485663 5535861
1539938124099183 5488427 5538761
1539938124209073 5491188 5541571
1539938124265689 5492582 5542942
1539938124374580 5495410 5545755
1539938124485652 5498115 5548490
1539938124594597 5500763 5551075
1539938124704474 5503499 5553682
1539938124814531 5506156 5556227
1539938124924238 5508836 5558689
1539938125034184 5511538 5561160
1539938125089504 5512836 5562411
1539938125199661 5515336 5564889
1539938125308953 5517815 5567311
1539938125364133 5519052 5568541
1539938125531448 5522638 5572253
1539938125584816 5523814 5573430
1539938125694884 5526231 5575706
1539938125804583 5528685 5577933
1539938125914986 5531135 5580065
1539938125973326 5532402 5581075
1539938126079089 5535037 5582979
1539938126189407 5537717 5584811
1539938126298836 5540364 5586612
1539938126409725 5543093 5588353
1539938126522862 5545770 5590007
1539938126629792 5548348 5591610
1539938126739402 5550980 5593188
1539938126794241 5552313 5593967
1539938126904106 5554939 5595461
1539938127014027 5557578 5596872
1539938127126418 5560262 5598206
1539938127234782 5562844 5599485
1539938127289161 5564096 5600117
1539938127399633 5566627 5601369
1539938127509767 5569182 5602613
1539938127564881 5570420 5603235
1539938127729492 5573961 5605000
1539938127839348 5576294 5606118
1539938127949107 5578539 5607181
1539938128004044 5579610 5607693
1539938128114132 5581705 5608689
1539938128227077 5583795 5609651
1539938128335702 5585861 5610590
1539938128444594 5587857 5611467
1539938128554593 5589877 5612288
1539938128609647 5590926 5612660
1539938128722479 5593118 5613312
1539938128829248 5595205 5613850
1539938128939245 5597035 5614302
1539938129049182 5598669 5614706
1539938129104888 5599422 5614898
1539938129214779 5600784 5615240
1539938129324719 5601977 5615538
1539938129436135 5603037 5615806
1539938129544639 5603991 5616054
1539938129654431 5604855 5616277
1539938129709495 5605258 5616384
1539938129822386 5606008 5616571
1539938129929182 5606655 5616725
1539938130039962 5607080 5616750
1539938130150006 5607038 5616569
1539938130206607 5606859 5616425
1539938130314806 5606259 5616031
1539938130424937 5605421 5615505
1539938130535268 5604455 5614811
1539938130644432 5603357 5613791
1539938130754832 5602106 5612432
1539938130809441 5601429 5611650
1539938130922120 5600004 5609979
1539938131030055 5598492 5608258
1539938131141233 5597045 5606657
1539938131249763 5595680 5605112
1539938131359852 5594360 5603603
1539938131414578 5593712 5602859
1539938131524554 5592453 5601440
1539938131634991 5591298 5600104
1539938131744281 5590390 5598922
1539938131799809 5590027 5598385
1539938131909083 5589525 5597488
1539938132022108 5589330 5596879
1539938132075347 5589343 5596682
1539938132184771 5589587 5596515
1539938132295381 5590092 5596598
1539938132404517 5590906 5596814
1539938132514643 5592078 5597088
1539938132627347 5593590 5597378
1539938132734226 5595311 5597667
1539938132845072 5597156 5597985
1539938132900343 5598123 5598159
1539938133009965 5600118 5598534
1539938133122043 5602143 5598935
1539938133229988 5604156 5599348
1539938133284843 5605154 5599545
1539938133394712 5607116 5599921
1539938133505044 5609062 5600298
1539938133615447 5610944 5600677
1539938133725166 5612730 5601064
1539938133780117 5613621 5601260
1539938133890282 5615407 5601669
1539938134000489 5617174 5602135
1539938134109756 5618891 5602713
1539938134221882 5620516 5603406
1539938134331410 5622147 5604202
1539938134439443 5623801 5605080
1539938134494495 5624621 5605552
1539938134605186 5626233 5606555
1539938134715294 5627746 5607684
1539938134825370 5629133 5608948
1539938134880407 5629793 5609644
1539938134990545 5631070 5611204
1539938135099993 5632258 5612902
1539938135209914 5633385 5614686
1539938135321741 5634482 5616556
1539938135375838 5635028 5617536
1539938135540171 5636618 5620643
1539938135651540 5637632 5622730
1539938135705408 5638122 5623762
1539938135815851 5639111 5625884
1539938135925466 5640093 5628088
1539938136036030 5641070 5630293
1539938136144996 5642061 5632457
1539938136255361 5643031 5634655
1539938136310248 5643505 5635773
1539938136422548 5644449 5637971
1539938136529852 5645371 5640092
1539938136640640 5646286 5642214
1539938136695916 5646750 5643298
1539938136812864 5647692 5645465
1539938136971930 5649122 5648596
1539938137079934 5650073 5650669
1539938137135999 5650554 5651721
1539938137244764 5651514 5653812
1539938137354660 5652446 5655811
1539938137464484 5653394 5657763
1539938137577517 5654370 5659754
1539938137686197 5655416 5661750
1539938137740125 5655967 5662731
1539938137851446 5657144 5664689
1539938137962022 5658402 5666693
1539938138071941 5659713 5668775
1539938138126099 5660385 5669813
1539938138235749 5661759 5671848
1539938138348323 5663187 5673853
1539938138455580 5664707 5675913
1539938138565408 5666286 5677988
1539938138675499 5667865 5680022
1539938138786422 5669410 5682036
1539938138840504 5670183 5683061
1539938138950045 5671741 5685171
1539938139062174 5673322 5687275
1539938139172864 5674943 5689350
1539938139279761 5676547 5691473
1539938139335696 5677328 5692559
1539938139445519 5678882 5694732
1539938139557368 5680477 5696827
1539938139665586 5682061 5698873
1539938139775282 5683608 5700894
1539938139884997 5685095 5702868
1539938139940063 5685816 5703823
1539938140050511 5687226 5705663
1539938140161746 5688625 5707494
1539938140272565 5690030 5709396
1539938140325677 5690732 5710374
1539938140435478 5692096 5712383
1539938140545440 5693387 5714463
1539938140655240 5694625 5716703
1539938140710298 5695227 5717894
1539938140825559 5696399 5720337
1539938140930060 5697509 5722842
1539938141039882 5698538 5725521
1539938141150721 5699489 5728347
1539938141259711 5700380 5731188
1539938141372649 5701254 5734193
1539938141480483 5702159 5737257
1539938141535605 5702643 5738783
1539938141645441 5703706 5741983
1539938141755381 5704942 5745259
1539938141810473 5705634 5746849
1539938141977590 5708028 5751692
1539938142031065 5708902 5753247
1539938142140764 5710623 5756204
1539938142250732 5712394 5759134
1539938142360614 5714256 5761933
1539938142416224 5715220 5763254
1539938142527475 5717189 5765853
1539938142635369 5719153 5768372
1539938142745515 5721077 5770716
1539938142801201 5722042 5771850
1539938142910138 5723962 5774111
1539938143074877 5726677 5777597
1539938143131208 5727518 5778759
1539938143185807 5728342 5779939
1539938143350499 5730711 5783776
1539938143460528 5732180 5786496
1539938143572687 5733505 5789323
1539938143625199 5734107 5790815
1539938143735334 5735238 5793896
1539938143846235 5736293 5796957
1539938143956190 5737290 5800156
1539938144066130 5738228 5803355
1539938144121915 5738682 5804947
1539938144230584 5739550 5808254
1539938144340639 5740384 5811556
1539938144450349 5741208 5814846
1539938144505490 5741618 5816532
1539938144616173 5742484 5819787
1539938144726012 5743421 5822947
1539938144836708 5744503 5826065
1539938144945851 5745899 5828988
1539938145000819 5746718 5830409
1539938145165648 5749635 5834565
1539938145275578 5751857 5837151
1539938145330545 5753033 5838432
1539938145443245 5755515 5841008
1539938145551104 5758119 5843527
1539938145661393 5760666 5845983
1539938145771999 5763243 5848528
1539938145825859 5764542 5849824
1539938145935719 5767102 5852366
1539938146045805 5769593 5854921
1539938146155824 5772111 5857558
1539938146265377 5774602 5860137
1539938146322361 5775813 5861381
1539938146430358 5778226 5863871
1539938146541277 5780764 5866369
1539938146651785 5783400 5868756
1539938146760902 5786066 5871083
1539938146871721 5788802 5873446
1539938146925534 5790168 5874629
1539938147036048 5792801 5876945
1539938147145535 5795404 5879269
1539938147256352 5798039 5881670
1539938147365181 5800579 5884052
1539938147423241 5801819 5885214
1539938147531075 5804325 5887540
1539938147641699 5806876 5889982
1539938147750717 5809361 5892507
1539938147805936 5810619 5893777
1539938147915430 5813180 5896357
1539938148025680 5815756 5899070
1539938148136182 5818231 5901753
1539938148246576 5820742 5904498
1539938148355985 5823262 5907390
1539938148465801 5825675 5910197
1539938148521777 5826854 5911573
1539938148630682 5829287 5914354
1539938148743629 5831790 5917066
1539938148850408 5834347 5919646
1539938148960519 5837019 5922309
1539938149016658 5838395 5923682
1539938149126112 5841075 5926383
1539938149236979 5843694 5929091
1539938149347184 5846387 5931865
1539938149400849 5847742 5933213
1539938149510788 5850386 5935832
1539938149621704 5853027 5938463
1539938149730558 5855690 5941051
1539938149841614 5858250 5943490
1539938149896480 5859517 5944687
1539938150062111 5863467 5948275
1539938150172163 5866082 5950576
1539938150226021 5867367 5951693
1539938150337577 5869945 5953918
1539938150391129 5871246 5955050
1539938150502166 5873763 5957286
1539938150610666 5876174 5959421
1539938150723588 5878664 5961504
1539938150831496 5881179 5963592
1539938150941372 5883628 5965646
1539938151051220 5886093 5967681
1539938151162202 5888576 5969776
1539938151215926 5889799 5970848
1539938151326087 5892205 5973014
1539938151436909 5894670 5975184
1539938151545645 5897103 5977401
1539938151656656 5899364 5979798
1539938151768892 5901487 5982319
1539938151822379 5902491 5983603
1539938151931262 5904330 5986311
1539938152041084 5905866 5989177
1539938152151077 5907148 5992068
1539938152261286 5908208 5995026
1539938152371879 5909090 5998104
1539938152426024 5909490 5999632
1539938152535694 5910149 6002658
1539938152647096 5910647 6005769
1539938152756460 5911041 6008799
1539938152811981 5911193 6010300
1539938152976201 5911561 6014842
1539938153087486 5911833 6017708
1539938153196204 5912174 6020573
1539938153251058 5912394 6021986
1539938153305973 5912662 6023367
1539938153472648 5913767 6027311
1539938153581591 5914826 6029946
1539938153636518 5915494 6031235
1539938153746440 5917108 6033732
1539938153856409 5919021 6036225
1539938153966200 5921135 6038697
1539938154077705 5923377 6041142
1539938154186086 5925675 6043628
1539938154241502 5926861 6044912
1539938154351761 5929299 6047495
1539938154461618 5931731 6050074
1539938154572599 5934161 6052751
1539938154681754 5936687 6055552
1539938154793741 5939222 6058355
1539938154846547 5940459 6059792
1539938154956371 5942990 6062790
1539938155066081 5945596 6065773
1539938155176232 5948153 6068825
1539938155285915 5950693 6072019
1539938155397023 5953314 6075147
1539938155451667 5954605 6076734
1539938155561532 5957100 6079964
1539938155616528 5958348 6081533
1539938155785248 5962169 6086281
1539938155891468 5964656 6089496
1539938155946286 5965873 6091055
1539938156056001 5968329 6094243
1539938156165864 5970735 6097431
1539938156277193 5972951 6100529
1539938156386644 5975045 6103729
1539938156498489 5977088 6106858
1539938156607852 5979043 6109977
1539938156716457 5980916 6113145
1539938156826386 5982768 6116122
1539938156881285 5983692 6117599
1539938156994042 5985531 6120562
1539938157100949 5987330 6123380
1539938157211177 5989056 6126156
1539938157267017 5989896 6127553
1539938157436562 5992384 6131547
1539938157486536 5993207 6132827
1539938157596633 5994831 6135405
1539938157651335 5995625 6136685
1539938157816174 5997927 6140337
1539938157872945 5998678 6141522
1539938157981243 6000188 6143896
1539938158091933 6001672 6146199
1539938158201907 6003122 6148390
1539938158313678 6004500 6150554
1539938158366835 6005161 6151637
1539938158476430 6006461 6153750
1539938158586553 6007760 6155715
1539938158696513 6009033 6157547
1539938158751343 6009667 6158385
1539938158916033 6011211 6160295
1539938158975042 6011582 6160723
1539938159081865 6012078 6161291
1539938159191664 6012336 6161570
1539938159301822 6012397 6161657
1539938159411569 6012333 6161571
1539938159522567 6012209 6161401
1539938159576378 6012128 6161309
1539938159687054 6011992 6161174
1539938159743664 6011943 6161122
1539938159907333 6011875 6161037
1539938160016762 6011869 6161036
1539938160073141 6011877 6161043
1539938160183485 6011895 6161063
1539938160292330 6011906 6161078
1539938160401547 6011908 6161080
1539938160511320 6011904 6161075
1539938160623177 6011902 6161074
1539938160677804 6011903 6161075
1539938160787182 6011905 6161076
1539938160896820 6011905 6161076
1539938161008150 6011904 6161076
1539938161061758 6011904 6161076
1539938161230236 6011905 6161076
1539938161281801 6011904 6161077
1539938161391360 6011904 6161075
1539938161502605 6011904 6161077
1539938161558687 6011902 6161077
1539938161667209 6011899 6161073
1539938161777184 6011899 6161070
1539938161886819 6011884 6161066
1539938161996814 6011881 6161050
1539938162051836 6011876 6161042
1539938162216691 6011854 6160959
1539938162273533 6011839 6160879
1539938162382405 6011762 6160621
1539938162492709 6011599 6160204
1539938162602264 6011373 6159652
1539938162712043 6011105 6159051
1539938162767713 6010974 6158776
1539938162877736 6010719 6158351
1539938162986861 6010489 6158101
1539938163096758 6010277 6158001
1539938163152578 6010184 6157981
1539938163262354 6010007 6157973
1539938163372435 6009842 6157981
1539938163482385 6009703 6157978
1539938163592370 6009613 6157975
1539938163701929 6009592 6157981
1539938163757414 6009604 6157987
1539938163869788 6009617 6158003
1539938163976917 6009614 6158003
1539938164086658 6009607 6157991
1539938164197541 6009653 6157959
1539938164253286 6009748 6157924
1539938164362342 6010097 6157779
1539938164472223 6010634 6157543
1539938164582846 6011327 6157279
1539938164692082 6012107 6157038
1539938164802296 6012825 6156943
1539938164857888 6013135 6156976
1539938164967366 6013653 6157182
1539938165076793 6014064 6157437
1539938165189534 6014406 6157594
1539938165297293 6014700 6157665
1539938165407281 6014956 6157695
1539938165462636 6015063 6157712
1539938165574130 6015230 6157745
1539938165682073 6015331 6157763
1539938165791715 6015372 6157771
1539938165847740 6015370 6157772
1539938166012529 6015323 6157762
1539938166066801 6015310 6157761
1539938166177471 6015303 6157760
1539938166232461 6015305 6157760
1539938166397600 6015313 6157762
1539938166507543 6015310 6157762
1539938166617039 6015310 6157762
1539938166727230 6015311 6157762
1539938166788046 6015312 6157762
1539938166892944 6015313 6157763
1539938167002686 6015312 6157761
1539938167112417 6015315 6157763
1539938167223272 6015315 6157762
1539938167277467 6015314 6157763
1539938167442266 6015316 6157763
1539938167552889 6015313 6157762
1539938167607167 6015311 6157761
1539938167716920 6015310 6157761
1539938167830340 6015313 6157762
1539938167937542 6015312 6157763
1539938168047615 6015311 6157762
1539938168102605 6015311 6157762
1539938168212495 6015312 6157762
1539938168323519 6015313 6157763
1539938168436794 6015312 6157762
1539938168542458 6015313 6157763
1539938168597395 6015314 6157763
1539938168707122 6015313 6157763
1539938168822992 6015313 6157762
1539938168927054 6015313 6157763
1539938169037961 6015313 6157763
1539938169147527 6015313 6157763
1539938169202777 6015313 6157763
1539938169313098 6015313 6157762
1539938169423534 6015313 6157763
1539938169534000 6015313 6157763
1539938169642138 6015313 6157763
1539938169697455 6015313 6157762
1539938169807750 6015313 6157763
1539938169917791 6015313 6157763
1539938170028116 6015312 6157762
1539938170137406 6015312 6157762
1539938170251089 6015313 6157763
1539938170303444 6015312 6157763
1539938170470709 6015313 6157762
1539938170577872 6015312 6157763
1539938170687731 6015313 6157763
1539938170743435 6015312 6157763
1539938170855539 6015312 6157763
1539938170963745 6015313 6157763
1539938171073866 6015312 6157763
1539938171182114 6015312 6157762
1539938171237144 6015312 6157763
1539938171351964 6015313 6157763
1539938171458066 6015313 6157762
1539938171569605 6015312 6157763
1539938171677654 6015313 6157762
1539938171788092 6015312 6157763
1539938171897400 6015306 6157762
1539938172007442 6015298 6157760
1539938172119240 6015295 6157760
1539938172173170 6015297 6157760
1539938172283012 6015304 6157761
1539938172391950 6015303 6157762
1539938172503702 6015302 6157761
1539938172612618 6015304 6157761
1539938172670479 6015303 6157762
1539938172777506 6015302 6157760
1539938172890479 6015301 6157761
1539938172997297 6015301 6157761
1539938173109250 6015300 6157761
1539938173222073 6015298 6157760
1539938173327859 6015300 6157760
1539938173439767 6015302 6157761
1539938173492745 6015302 6157761
1539938173602946 6015302 6157760
1539938173712733 6015301 6157761
1539938173823461 6015304 6157761
1539938173878365 6015303 6157761
1539938174045266 6015302 6157761
1539938174098082 6015303 6157761
1539938174208114 6015304 6157761
1539938174325346 6015303 6157761
1539938174381459 6015303 6157761
1539938174537894 6015295 6157760
1539938174648155 6015300 6157761
1539938174702519 6015306 6157762
1539938174758403 6015309 6157762
1539938174923232 6015304 6157761
1539938175033695 6015303 6157762
1539938175088410 6015306 6157761
1539938175197927 6015307 6157763
1539938175307899 6015305 6157762
1539938175476853 6015306 6157762
1539938175527548 6015306 6157762
1539938175637424 6015306 6157762
1539938175747417 6015305 6157762
