0.0853237 -0.00107526 -0.0252028
0.175241 -0.00452226 -0.0514305
0.287969 -0.0112908 -0.0685108
0.382641 -0.0175375 -0.0632638
0.5296 -0.0234205 -0.0167561
0.60612 -0.0230157 0.0273344
0.737846 -0.0136144 0.115165
0.866624 0.00655273 0.195519
0.974164 0.0322057 0.272813
1.07853 0.0654794 0.344458
1.1781 0.105372 0.417671
1.30182 0.168414 0.524819
1.39316 0.2263 0.60492
1.4815 0.292283 0.678138
1.56413 0.362869 0.735729
1.64211 0.436924 0.783454
1.69838 0.49427 0.806367
1.79191 0.592473 0.813122
1.86719 0.671617 0.807692
1.96256 0.766955 0.762769
2.04584 0.842432 0.709884
2.13557 0.914569 0.644414
2.22995 0.980158 0.570204
2.32951 1.03847 0.489448
2.46762 1.10188 0.371362
2.58354 1.13999 0.263964
2.73498 1.16953 0.121255
2.82691 1.17728 0.0471427
2.95371 1.177 -0.0516153
3.07021 1.16617 -0.133816
3.18825 1.14615 -0.202105
3.29854 1.12106 -0.245383
3.41105 1.0912 -0.273454
3.52153 1.05919 -0.290491
3.62843 1.02688 -0.296588
3.73147 0.994758 -0.307818
3.84208 0.95889 -0.319318
3.94851 0.923066 -0.330064
4.05428 0.885242 -0.356793
4.15717 0.845483 -0.380689
4.26222 0.801671 -0.409544
4.39341 0.741676 -0.448309
4.4949 0.692065 -0.461052
4.59396 0.641662 -0.480307
4.69262 0.589088 -0.498847
4.76709 0.547834 -0.513022
4.86586 0.490191 -0.543529
4.9626 0.430104 -0.568082
5.05749 0.368621 -0.58175
5.1527 0.3049 -0.597821
5.272 0.222591 -0.610019
5.367 0.154524 -0.633409
5.48178 0.0641696 -0.700356
5.5683 -0.0153588 -0.786361
5.64517 -0.102097 -0.904942
5.72112 -0.219616 -1.08909
5.76473 -0.323148 -1.25525
5.79207 -0.455751 -1.47967
5.7915 -0.558799 -1.67281
5.77925 -0.628743 -1.81571
5.73486 -0.741716 -2.07467
5.68318 -0.816594 -2.27506
5.60088 -0.891327 -2.53371
5.52544 -0.932838 -2.7433
5.44391 -0.957035 -2.96289
5.36109 -0.963202 3.11153
5.29844 -0.956494 2.95831
5.21731 -0.933361 2.76936
5.11654 -0.882949 2.58612
5.03926 -0.829886 2.49358
4.94538 -0.756866 2.46746
4.86732 -0.69526 2.47953
4.78359 -0.63221 2.51282
4.69743 -0.571472 2.5423
4.63063 -0.526508 2.55587
4.56279 -0.48165 2.55897
4.49213 -0.434868 2.55451
4.39897 -0.371652 2.53632
4.25888 -0.269393 2.48578
4.14832 -0.180831 2.44663
4.0594 -0.104594 2.41904
3.95199 -0.00826707 2.40201
3.86903 0.0690337 2.38104
3.78667 0.149343 2.35653
3.70423 0.233868 2.33087
3.62583 0.31975 2.29056
3.56909 0.386336 2.26243
3.4799 0.499736 2.21211
3.41113 0.598642 2.14461
3.35231 0.696378 2.08056
3.28777 0.825897 1.98554
3.24826 0.926278 1.9061
3.21007 1.05942 1.79417
3.19095 1.16606 1.70227
3.1822 1.29659 1.57318
3.187 1.40033 1.47597
3.20158 1.50346 1.38456
3.22508 1.60323 1.29438
3.25628 1.7001 1.22407
3.29426 1.79811 1.17814
3.33803 1.89946 1.14822
3.38418 1.99898 1.12479
3.44748 2.12653 1.09547
3.50198 2.2294 1.07182
3.54602 2.308 1.04817
3.60684 2.41091 1.02593
3.66845 2.51091 1.01138
3.73047 2.60828 0.995859
3.81333 2.73529 0.989647
3.87929 2.8345 0.978517
3.94703 2.93358 0.963643
4.03403 3.05658 0.946661
4.08822 3.13012 0.924986
4.16217 3.22611 0.903711
4.23694 3.31922 0.884637
4.31068 3.40801 0.870828
4.38724 3.49892 0.871077
4.46224 3.58769 0.867387
4.53789 3.67648 0.862886
4.6307 3.78448 0.858878
4.68845 3.85073 0.848922
4.76526 3.93793 0.848286
4.86169 4.04717 0.846996
4.93888 4.13394 0.840439
5.055 4.26321 0.837466
5.13178 4.34746 0.825987
5.22593 4.44969 0.827053
5.34038 4.57258 0.814855
5.43326 4.67183 0.822221
5.50632 4.75106 0.829481
5.57791 4.83073 0.848169
5.64874 4.91407 0.884489
5.71568 4.99882 0.920131
5.78082 5.08736 0.952857
5.84276 5.17786 0.988348
5.90259 5.27102 1.01145
5.9606 5.36652 1.03845
6.01537 5.46315 1.07185
6.06694 5.56101 1.09969
6.10507 5.63793 1.1216
6.1625 5.76281 1.15786
6.20508 5.86372 1.18516
6.23504 5.93962 1.20453
6.28208 6.06781 1.23375
6.31723 6.17083 1.25019
6.34316 6.24904 1.25093
6.38611 6.37524 1.23466
6.4232 6.47715 1.20882
6.4627 6.57637 1.17511
6.50512 6.67218 1.13285
6.53987 6.74251 1.09087
6.59237 6.83541 1.02185
6.68488 6.965 0.879881
6.77482 7.05886 0.73353
6.85604 7.12334 0.608539
6.96836 7.18791 0.434968
7.03955 7.21646 0.327724
7.13838 7.24198 0.177674
7.211 7.25117 0.0739909
7.33505 7.24906 -0.10795
7.42829 7.23194 -0.255126
7.53425 7.19321 -0.445841
7.60936 7.14955 -0.60726
7.68933 7.08005 -0.823624
7.73771 7.01581 -1.02708
7.77517 6.92956 -1.29509
7.78723 6.85587 -1.52195
7.77951 6.76705 -1.79316
7.75659 6.69958 -2.00326
7.70929 6.62293 -2.24417
7.65899 6.56867 -2.3925
7.58511 6.50656 -2.49248
7.52004 6.45815 -2.51149
7.45553 6.41056 -2.50049
7.39083 6.36138 -2.48287
7.32526 6.30943 -2.46036
7.24555 6.24294 -2.43229
7.18457 6.18964 -2.41432
7.10713 6.1192 -2.39266
7.04648 6.06161 -2.37147
6.97347 5.98872 -2.34259
6.9299 5.94318 -2.32545
6.88672 5.89645 -2.30803
6.8433 5.84775 -2.29003
6.78617 5.78122 -2.27059
6.71765 5.6975 -2.2428
6.67713 5.64562 -2.22483
6.62362 5.57427 -2.20369
6.57291 5.50356 -2.18221
6.52409 5.43205 -2.15735
6.47544 5.35728 -2.13795
6.41623 5.26331 -2.12822
6.36965 5.18844 -2.12653
6.31016 5.09338 -2.13343
6.27221 5.0341 -2.14696
6.22167 4.95769 -2.16334
6.14244 4.84166 -2.17646
6.07291 4.74345 -2.19725
6.01474 4.66426 -2.21141
5.95298 4.58269 -2.22641
5.88925 4.50171 -2.24864
5.82338 4.42172 -2.27075
5.75238 4.33946 -2.295
5.65985 4.23768 -2.32222
5.58139 4.15476 -2.33482
5.48071 4.04963 -2.33446
5.39906 3.96373 -2.32714
5.29487 3.85163 -2.31208
5.21192 3.75995 -2.30047
5.1095 3.64356 -2.28439
5.02956 3.55012 -2.27265
4.93254 3.43226 -2.24628
4.85555 3.33351 -2.21982
4.76413 3.20765 -2.17824
4.69424 3.10355 -2.14586
4.61217 2.97205 -2.1116
4.54946 2.86444 -2.0853
4.47316 2.7283 -2.07786
4.41346 2.62029 -2.0737
4.36795 2.53798 -2.07797
4.29324 2.40376 -2.0795
4.23323 2.29533 -2.07306
4.15806 2.15863 -2.07406
4.09792 2.04857 -2.06766
4.02161 1.90999 -2.08059
3.95832 1.79736 -2.08504
3.87682 1.65709 -2.10922
3.82635 1.57409 -2.12501
3.75563 1.4628 -2.14869
3.70239 1.38284 -2.16786
3.61001 1.24981 -2.18768
3.53076 1.14043 -2.20803
3.43045 1.00766 -2.22754
3.34598 0.899917 -2.24385
3.26148 0.795003 -2.25387
3.15291 0.662628 -2.26152
3.04412 0.530894 -2.26065
2.95794 0.425415 -2.25109
2.85447 0.293623 -2.22166
2.77458 0.185973 -2.19681
2.69777 0.0770714 -2.17342
2.62329 -0.0335962 -2.15288
2.55182 -0.143443 -2.14238
2.48214 -0.253766 -2.12578
2.3959 -0.394905 -2.11284
2.3282 -0.508764 -2.10158
2.24449 -0.65233 -2.09582
2.17811 -0.767951 -2.08808
2.12776 -0.85653 -2.08731
2.0771 -0.944863 -2.09564
1.99217 -1.08878 -2.1123
1.92207 -1.20218 -2.13662
1.8333 -1.3392 -2.15466
1.76039 -1.44833 -2.16495
1.67258 -1.57968 -2.15525
1.60355 -1.68574 -2.1402
1.52231 -1.81594 -2.1171
1.45955 -1.92096 -2.10181
1.39772 -2.02647 -2.09991
1.33647 -2.13162 -2.09652
1.27434 -2.2386 -2.09755
1.22787 -2.31843 -2.09819
1.1509 -2.45175 -2.09058
1.08846 -2.56012 -2.09656
1.00969 -2.69477 -2.10356
0.928604 -2.8286 -2.12757
0.845357 -2.95963 -2.146
0.793115 -3.03866 -2.1638
0.721893 -3.14177 -2.1867
0.630366 -3.26807 -2.20913
0.559628 -3.36156 -2.22792
0.466523 -3.48075 -2.23997
0.410809 -3.55021 -2.25371
0.337936 -3.63732 -2.28115
0.246739 -3.73795 -2.33296
0.172042 -3.81136 -2.39682
0.0797211 -3.88763 -2.50531
0.0221827 -3.92662 -2.58676
-0.0534116 -3.96769 -2.70106
-0.148954 -4.00303 -2.87358
-0.222074 -4.01732 -3.02379
-0.288727 -4.02 3.10426
-0.366171 -4.00903 2.89748
-0.407927 -3.99563 2.7645
-0.467609 -3.96382 2.53952
-0.507337 -3.93062 2.35126
-0.545374 -3.88181 2.11436
-0.561611 -3.85014 1.97455
-0.575842 -3.80576 1.78772
-0.580887 -3.77121 1.6439
-0.578363 -3.71616 1.40609
-0.56786 -3.67593 1.22466
-0.550687 -3.63898 1.04695
-0.527291 -3.60559 0.872023
-0.499044 -3.57702 0.710245
-0.457761 -3.5476 0.528046
-0.418494 -3.52761 0.413765
-0.373933 -3.51002 0.338187
-0.321859 -3.49237 0.315482
-0.266547 -3.47354 0.340865
-0.207431 -3.45063 0.398397
-0.146532 -3.42227 0.473402
-0.0849136 -3.38744 0.555418
-0.00947651 -3.3353 0.654088
0.0326024 -3.30105 0.712331
0.0857054 -3.25117 0.796045
0.14636 -3.18234 0.900786
0.189763 -3.12318 0.974836
0.240333 -3.04054 1.06849
0.275463 -2.97073 1.14065
0.305254 -2.89989 1.20479
0.331156 -2.82627 1.26018
0.353859 -2.74977 1.30445
0.373333 -2.67467 1.3297
0.390863 -2.60143 1.342
0.407381 -2.52929 1.34945
0.41929 -2.4758 1.35396
0.438016 -2.39009 1.35745
0.451904 -2.32587 1.35822
0.464941 -2.26408 1.36747
0.473674 -2.22061 1.37762
0.483981 -2.1659 1.39157
0.492939 -2.11536 1.39915
0.501022 -2.0684 1.40151
0.509873 -2.01658 1.4018
0.516067 -1.98021 1.4024
0.52279 -1.94025 1.40579
0.527479 -1.91168 1.41048
0.530589 -1.89224 1.41382
0.535213 -1.8626 1.41828
0.538339 -1.84211 1.42061
0.541676 -1.81989 1.42282
0.543878 -1.80507 1.42368
0.546107 -1.79 1.42424
0.547165 -1.78283 1.42422
0.548285 -1.77525 1.42427
0.549151 -1.76937 1.42432
0.549492 -1.76706 1.42468
0.549527 -1.76683 1.42433
0.549453 -1.76733 1.42447
0.5494 -1.76768 1.42462
0.549416 -1.76758 1.42456
0.549426 -1.76751 1.42453
0.549419 -1.76756 1.42456
0.549421 -1.76754 1.42456
0.549423 -1.76753 1.4245
0.549421 -1.76754 1.42456
0.549423 -1.76753 1.42451
0.549421 -1.76754 1.42456
0.54942 -1.76755 1.4246
0.549421 -1.76754 1.42456
0.549421 -1.76754 1.42456
0.549421 -1.76754 1.42456
0.54942 -1.76755 1.42451
0.549421 -1.76754 1.42454
0.549422 -1.76754 1.42456
0.549424 -1.76752 1.4246
0.549424 -1.76752 1.42447
0.549422 -1.76753 1.42453
0.549421 -1.76754 1.42456
0.549421 -1.76754 1.42456
0.549424 -1.76752 1.42449
0.549421 -1.76754 1.42456
0.549424 -1.76752 1.42448
0.549421 -1.76754 1.42456
0.549424 -1.76752 1.42449
0.549423 -1.76753 1.42451
0.549419 -1.76756 1.42464
0.549421 -1.76754 1.42456
0.549421 -1.76754 1.42456
0.549423 -1.76753 1.4245
0.549422 -1.76753 1.42453
0.549422 -1.76754 1.42455
0.549421 -1.76754 1.42456
0.549421 -1.76754 1.42456
0.549421 -1.76754 1.42456
0.549421 -1.76754 1.42456
0.549421 -1.76754 1.42456
0.549421 -1.76754 1.42456
0.549421 -1.76754 1.42456
0.549421 -1.76754 1.42456
0.549421 -1.76754 1.42456
0.549423 -1.76753 1.42451
0.549423 -1.76753 1.42452
0.549422 -1.76754 1.42454
0.549422 -1.76753 1.42453
0.549424 -1.76752 1.42448
0.549421 -1.76754 1.42456
0.549421 -1.76754 1.42456
0.549424 -1.76752 1.42448
0.549422 -1.76753 1.42453
0.549423 -1.76753 1.42451
0.549423 -1.76753 1.4245
0.549424 -1.76752 1.42458
0.549425 -1.76752 1.42456
0.549424 -1.76752 1.42456
0.549421 -1.76754 1.42456
0.549421 -1.76754 1.42456
0.549424 -1.76752 1.42465
0.549424 -1.76752 1.42455
0.549422 -1.76753 1.42456
0.549427 -1.7675 1.42456
0.549423 -1.76753 1.42456
0.549424 -1.76752 1.42449
0.549421 -1.76754 1.42456
0.549421 -1.76754 1.42456
0.549422 -1.76753 1.42453
0.549422 -1.76754 1.42455
0.549421 -1.76754 1.42456
0.549424 -1.76752 1.42447
0.549423 -1.76753 1.4245
0.549421 -1.76754 1.42456
0.549423 -1.76753 1.4245
0.549422 -1.76753 1.42453
0.549424 -1.76752 1.42452
0.549426 -1.76751 1.4246
0.549423 -1.76753 1.42456
0.549426 -1.76751 1.42459
0.549424 -1.76752 1.42448
0.549424 -1.76752 1.42447
0.549424 -1.76752 1.42447
0.549424 -1.76752 1.42451
0.549427 -1.7675 1.42457
0.549427 -1.7675 1.42455
0.549425 -1.76752 1.42462
0.549424 -1.76752 1.42453
0.549422 -1.76754 1.42455
0.549422 -1.76754 1.42454
0.549421 -1.76754 1.42456
0.549433 -1.76746 1.42425
0.549472 -1.7672 1.42381
0.549503 -1.76699 1.42315
0.549607 -1.7663 1.41995
0.550383 -1.76144 1.40472
0.553749 -1.74451 1.34439
0.55957 -1.72296 1.26955
0.566648 -1.70252 1.2054
0.580676 -1.67018 1.11747
0.600113 -1.63445 1.02773
0.625316 -1.5966 0.939101
0.666989 -1.54562 0.831844
0.706669 -1.50504 0.761445
0.76095 -1.4566 0.695771
0.796924 -1.42763 0.65994
0.84938 -1.38872 0.616449
0.921015 -1.33994 0.579331
0.998375 -1.28979 0.570875
1.08397 -1.23381 0.587624
1.15624 -1.18463 0.607319
1.23057 -1.13172 0.629985
1.30685 -1.07473 0.653267
1.38492 -1.01422 0.66545
1.48148 -0.936881 0.685225
1.56054 -0.871011 0.704036
1.66043 -0.785068 0.716937
1.74292 -0.711359 0.741505
1.8046 -0.653616 0.763388
1.92673 -0.530672 0.814027
2.02496 -0.420634 0.870073
2.08303 -0.350165 0.893046
2.15724 -0.254349 0.930569
2.26004 -0.109375 0.977411
2.3403 0.0142535 1.01253
2.39993 0.112329 1.03652
2.4716 0.23626 1.05641
2.52643 0.335118 1.07243
2.56666 0.409662 1.07938
2.62025 0.510346 1.08396
2.68684 0.63662 1.0871
2.75256 0.760714 1.08044
2.79285 0.835451 1.07216
2.8487 0.935695 1.05281
2.89326 1.01208 1.03265
2.97134 1.1387 1.00377
3.03684 1.23859 0.977135
3.08973 1.31506 0.954137
3.18021 1.4393 0.928522
3.25491 1.53623 0.900056
3.35235 1.656 0.875542
3.43376 1.7517 0.856281
3.53956 1.87287 0.849809
3.62501 1.97067 0.85547
3.70886 2.06831 0.866992
3.79401 2.17243 0.903638
3.87228 2.27535 0.937653
3.96262 2.40593 0.993409
4.02717 2.50817 1.02182
4.10739 2.6448 1.05799
4.16579 2.75093 1.07744
4.23779 2.88765 1.0948
4.29251 2.99528 1.10607
4.36064 3.13013 1.09988
4.41782 3.23918 1.0759
4.49397 3.37055 1.01503
4.56196 3.47468 0.96972
4.63224 3.57329 0.933382
4.72534 3.69462 0.899278
4.84046 3.83742 0.885348
4.93655 3.95601 0.894281
5.01139 4.05064 0.909003
5.06685 4.12196 0.910644
5.12204 4.19361 0.918176
5.17694 4.26576 0.922529
5.23066 4.33671 0.922955
5.30254 4.43282 0.9343
5.37019 4.52614 0.95282
5.43894 4.62395 0.963429
5.50709 4.724 0.982286
5.57069 4.82101 0.998773
5.61888 4.89668 1.00853
5.68229 4.99963 1.02898
5.75921 5.12881 1.03849
5.82217 5.23555 1.03721
5.88389 5.34006 1.03755
5.94659 5.44564 1.03217
6.01099 5.55373 1.03482
6.07346 5.65924 1.03765
6.15103 5.79236 1.04875
6.21145 5.89877 1.05995
6.28738 6.03282 1.05093
6.3474 6.13441 1.02338
6.42896 6.25626 0.938434
6.49981 6.34569 0.863335
6.57605 6.42908 0.79692
6.65433 6.50635 0.760884
6.73433 6.58376 0.776978
6.79441 6.64508 0.814353
6.88479 6.75122 0.916397
6.94528 6.84305 1.0604
6.99682 6.96523 1.28283
7.016 7.06797 1.48952
7.00823 7.19481 1.77441
6.98689 7.26491 1.95822
6.94174 7.34507 2.20938
6.85904 7.42375 2.55282
6.78052 7.46198 2.82418
6.69266 7.47817 3.09466
6.58204 7.46596 -2.87478
6.49656 7.43163 -2.64463
6.39986 7.36374 -2.41439
6.33095 7.29311 -2.27329
6.25408 7.19116 -2.16037
6.19568 7.09859 -2.10691
6.12807 6.98083 -2.07708
6.08731 6.90551 -2.05656
6.03474 6.80288 -2.03189
5.98385 6.69811 -2.01398
5.93333 6.58782 -1.98661
5.88685 6.48051 -1.97252
5.83226 6.34884 -1.95519
5.78903 6.23936 -1.93851
5.72505 6.07259 -1.93571
5.67038 5.93364 -1.95555
5.63304 5.84536 -1.98638
5.58045 5.73119 -2.01858
5.50792 5.5902 -2.07324
5.44738 5.48505 -2.11312
5.39574 5.4024 -2.14545
5.32628 5.30081 -2.1956
5.253 5.20438 -2.24557
5.19222 5.13146 -2.28575
5.1088 5.03949 -2.3293
4.99403 4.92261 -2.36484
4.89874 4.82925 -2.36798
4.78174 4.71374 -2.35719
4.68604 4.6159 -2.33311
4.59215 4.51559 -2.31312
4.49946 4.41256 -2.29384
4.40906 4.30889 -2.28199
4.29258 4.17255 -2.27353
4.22154 4.08784 -2.26382
4.15168 4.00217 -2.24605
4.06068 3.88531 -2.21874
3.95266 3.73551 -2.17227
3.86916 3.61 -2.14343
3.76965 3.45 -2.111
3.69305 3.32008 -2.09602
3.60052 3.1569 -2.07721
3.52881 3.02669 -2.07124
3.4411 2.86498 -2.06437
3.39165 2.77258 -2.05993
3.32471 2.6447 -2.04621
3.24397 2.48813 -2.04759
3.17897 2.36242 -2.04835
3.0962 2.20722 -2.07317
3.02698 2.08364 -2.08957
2.93788 1.93292 -2.11977
2.88265 1.84392 -2.13266
2.80765 1.7266 -2.14651
2.73297 1.61212 -2.15113
2.63818 1.46824 -2.15558
2.56289 1.35506 -2.15995
2.46696 1.21279 -2.1682
2.38872 1.09784 -2.1686
2.29149 0.954961 -2.16805
2.21491 0.842517 -2.16935
2.1202 0.704272 -2.1735
2.04531 0.596518 -2.18278
1.94929 0.462526 -2.20246
1.8726 0.360499 -2.22821
1.79002 0.256427 -2.25489
1.68583 0.131814 -2.27948
1.60159 0.0335544 -2.27957
1.51725 -0.0666148 -2.2617
1.43574 -0.168 -2.2342
1.33598 -0.301365 -2.19186
1.26124 -0.408821 -2.16508
1.1886 -0.518498 -2.14649
1.11887 -0.627329 -2.13478
1.06707 -0.710233 -2.12369
0.998704 -0.822294 -2.11356
0.94999 -0.903859 -2.10483
0.871703 -1.03963 -2.08284
0.81173 -1.14808 -2.06903
0.754476 -1.25686 -2.04157
0.699229 -1.36896 -2.01581
0.646823 -1.48252 -1.99049
0.608782 -1.57039 -1.9682
0.56032 -1.68771 -1.95688
0.513426 -1.8049 -1.94595
0.469395 -1.91874 -1.93378
0.414824 -2.06363 -1.92821
0.373393 -2.17615 -1.91899
0.341698 -2.2618 -1.93149
0.285262 -2.40426 -1.96446
0.234551 -2.51931 -2.00742
0.166635 -2.65317 -2.07325
0.106814 -2.75611 -2.12118
0.0277448 -2.87529 -2.19195
-0.040853 -2.96522 -2.25299
-0.134881 -3.07302 -2.32312
-0.210728 -3.15077 -2.3645
-0.29297 -3.22907 -2.39701
-0.396832 -3.32344 -2.41109
-0.498228 -3.41774 -2.37379
-0.573857 -3.4966 -2.29671
-0.638522 -3.57859 -2.18047
-0.690205 -3.66591 -2.03001
-0.726446 -3.7591 -1.85335
-0.744956 -3.87562 -1.60332
-0.73693 -3.96735 -1.36373
-0.698879 -4.06362 -1.02505
-0.648844 -4.12371 -0.727854
-0.566677 -4.17209 -0.336435
-0.493535 -4.18617 -0.0438689
-0.397819 -4.17515 0.273134
-0.340616 -4.15421 0.428706
-0.264037 -4.11165 0.585864
-0.185873 -4.0543 0.680121
-0.108093 -3.98784 0.733929
-0.0300464 -3.91458 0.773728
0.0682537 -3.81389 0.821018
0.147231 -3.72661 0.849636
0.205713 -3.65769 0.88468
0.299524 -3.53716 0.934091
0.371866 -3.43439 0.980784
0.439252 -3.3274 1.03669
0.502807 -3.21472 1.07784
0.561248 -3.10006 1.12099
0.626728 -2.95776 1.15806
0.675501 -2.8418 1.18726
0.708542 -2.75762 1.20631
0.76329 -2.60912 1.22885
0.79451 -2.52027 1.23693
0.83568 -2.40176 1.23597
0.900107 -2.2237 1.21126
0.958928 -2.07798 1.16304
1.01186 -1.9623 1.12029
1.0825 -1.82267 1.08463
1.12699 -1.73935 1.07587
1.18491 -1.63041 1.08848
1.25725 -1.48947 1.1047
1.31277 -1.37586 1.1277
1.37885 -1.23345 1.1451
1.43163 -1.11452 1.1611
1.49528 -0.96358 1.18233
1.54454 -0.840911 1.19561
1.60346 -0.690142 1.20091
1.65115 -0.567408 1.19943
1.70784 -0.421891 1.19922
1.75361 -0.306266 1.18846
1.78824 -0.221242 1.17955
1.84752 -0.0826086 1.15397
1.89716 0.0266978 1.13498
1.95861 0.157908 1.13063
2.00764 0.261711 1.12848
2.067 0.38873 1.13876
2.11379 0.488887 1.12865
2.17394 0.610962 1.09737
2.22327 0.702418 1.05487
2.29597 0.816407 0.951189
2.36046 0.898816 0.862469
2.43168 0.973977 0.762131
2.52651 1.05336 0.631878
2.60982 1.10767 0.523383
2.71964 1.1608 0.377787
2.80988 1.19016 0.251307
2.90018 1.2068 0.113307
2.99086 1.2109 -0.0229124
3.07851 1.20303 -0.156159
3.18478 1.17709 -0.322769
3.26152 1.14601 -0.446959
3.34828 1.09565 -0.604826
3.40794 1.04885 -0.725657
3.47002 0.985245 -0.869331
3.51222 0.928867 -0.987076
3.55363 0.854625 -1.13687
3.57748 0.79276 -1.26894
3.59356 0.714083 -1.46937
3.59497 0.656851 -1.62287
3.58921 0.608299 -1.75526
3.57924 0.567661 -1.86726
3.56696 0.533506 -1.9649
3.55385 0.50536 -2.04798
3.54018 0.481137 -2.12132
3.52992 0.465322 -2.17103
3.51698 0.447551 -2.22972
3.50776 0.43613 -2.2701
3.50095 0.428411 -2.3168
3.5074 0.435357 -2.32169
3.52968 0.460005 -2.28948
3.55301 0.487499 -2.25958
3.59251 0.535965 -2.24974
3.63301 0.585352 -2.26551
3.6921 0.654101 -2.29604
3.74111 0.708353 -2.31485
3.78851 0.758896 -2.33335
3.83472 0.806316 -2.35333
3.87983 0.850872 -2.37132
3.9311 0.899312 -2.39777
3.96482 0.929334 -2.43048
3.98755 0.948108 -2.47234
3.99926 0.956958 -2.51584
3.99635 0.954949 -2.55927
3.98177 0.945869 -2.60961
3.95613 0.932109 -2.68853
3.92036 0.917176 -2.80375
3.86237 0.902796 -2.99328
3.811 0.899327 3.12813
3.75572 0.904774 2.95857
3.70133 0.919667 2.79016
3.6501 0.94353 2.62114
3.59496 0.983198 2.41482
3.5668 1.01142 2.29529
3.53571 1.05237 2.14517
3.50607 1.10876 1.96418
3.49301 1.14547 1.86087
3.48091 1.19756 1.73742
3.47457 1.25071 1.64174
3.47296 1.30862 1.55539
3.47621 1.36876 1.47824
3.48358 1.42916 1.42054
3.49371 1.49014 1.3917
3.50487 1.55231 1.39474
3.51738 1.63495 1.44628
3.5236 1.70261 1.51189
3.52488 1.77122 1.59255
3.51954 1.84423 1.69509
3.50663 1.91569 1.80399
3.47948 2.00177 1.94852
3.44801 2.06857 2.07359
3.40817 2.13113 2.20209
3.36074 2.18817 2.32698
3.30659 2.23854 2.45777
3.23216 2.28979 2.61939
3.16799 2.32146 2.74668
3.10133 2.34444 2.87271
3.03233 2.35899 2.9947
2.95933 2.36525 3.11736
2.88812 2.36274 -3.04682
2.81747 2.35176 -2.92804
2.75161 2.33364 -2.81816
2.68866 2.30881 -2.71351
2.61067 2.2671 -2.58747
2.55069 2.22639 -2.50316
2.47713 2.16595 -2.40445
2.42004 2.10983 -2.32517
2.36757 2.0501 -2.25785
2.31796 1.98586 -2.19895
2.26956 1.91523 -2.14411
2.22543 1.84307 -2.09516
2.17606 1.75114 -2.03224
2.12399 1.6343 -1.94776
2.0875 1.53299 -1.88522
2.06274 1.44846 -1.82633
2.03944 1.34299 -1.75018
2.0263 1.25842 -1.69969
2.0161 1.15419 -1.63704
2.01282 1.07414 -1.58638
2.01402 0.979924 -1.52985
2.01895 0.904377 -1.48126
2.03156 0.806357 -1.40453
2.04763 0.72928 -1.32598
2.07902 0.632049 -1.19105
2.11388 0.558705 -1.06312
2.17681 0.46844 -0.860817
2.23969 0.407864 -0.672615
2.31367 0.360429 -0.467713
2.39736 0.329148 -0.247647
2.49081 0.316511 -0.0211948
2.56527 0.321206 0.147149
2.7169 0.3681 0.4527
2.83565 0.442056 0.661358
2.91885 0.51633 0.796132
3.0073 0.620901 0.941315
3.06665 0.710149 1.02665
3.11846 0.8023 1.09062
3.16386 0.895392 1.14336
3.2028 0.985482 1.18221
3.22975 1.05419 1.2119
3.26797 1.16794 1.28133
3.29116 1.25922 1.36267
3.30801 1.37962 1.50098
3.30785 1.47597 1.64385
3.29161 1.57347 1.82782
3.25744 1.66421 2.03407
3.21978 1.72624 2.19879
3.1538 1.79776 2.43316
3.051 1.86145 2.74066
2.95746 1.8875 2.99932
2.83658 1.88495 -2.95722
2.74519 1.85575 -2.70738
2.68277 1.81985 -2.53192
2.60833 1.75566 -2.32807
2.54346 1.67586 -2.17869
2.49865 1.60656 -2.11093
2.44462 1.50945 -2.046
2.38109 1.38157 -2.01786
2.32929 1.27378 -2.01952
2.26474 1.14139 -2.02952
2.21114 1.03313 -2.03147
2.1452 0.899994 -2.02983
2.09287 0.792705 -2.01938
2.04172 0.68501 -2.00908
1.99363 0.581347 -2.00117
1.94498 0.475402 -2.00143
1.88188 0.3437 -2.03371
1.82731 0.239246 -2.07066
1.78296 0.160771 -2.09973
1.70772 0.0376935 -2.13929
1.64388 -0.0594172 -2.16539
1.57785 -0.155164 -2.18367
1.51304 -0.245666 -2.20085
1.44425 -0.338689 -2.21432
1.33843 -0.480314 -2.21065
1.24813 -0.602881 -2.20088
1.178 -0.701101 -2.18088
1.10909 -0.802403 -2.15532
1.04179 -0.908685 -2.11526
0.981683 -1.01275 -2.07392
0.924609 -1.12079 -2.03969
0.871104 -1.22844 -2.02447
0.830349 -1.31214 -2.02336
0.775697 -1.42449 -2.02372
0.707677 -1.56541 -2.01727
0.653819 -1.67924 -2.00819
0.587188 -1.82168 -2.00849
0.535368 -1.93227 -2.00949
0.482873 -2.04293 -2.01793
0.43214 -2.14699 -2.03097
0.379052 -2.25091 -2.05517
0.309547 -2.37702 -2.09388
0.251913 -2.47293 -2.12997
0.190552 -2.5675 -2.16269
0.128708 -2.65667 -2.1917
0.0662607 -2.74047 -2.23077
-0.0194769 -2.8449 -2.28565
-0.0723596 -2.90387 -2.3179
-0.145548 -2.97962 -2.36017
-0.24263 -3.07226 -2.39898
-0.30247 -3.12603 -2.42015
-0.385147 -3.1969 -2.44574
-0.488031 -3.28429 -2.42916
-0.567677 -3.35653 -2.38072
-0.65729 -3.4541 -2.2467
-0.713407 -3.53656 -2.08994
-0.758784 -3.64514 -1.84335
-0.771548 -3.71299 -1.67016
-0.769453 -3.80088 -1.42378
-0.737275 -3.89938 -1.08635
-0.691234 -3.96327 -0.806297
-0.630551 -4.01034 -0.51321
-0.57986 -4.03237 -0.306581
-0.486834 -4.04551 0.0258247
-0.410459 -4.03487 0.251098
-0.336502 -4.00802 0.445288
-0.260106 -3.96389 0.602462
-0.184037 -3.90592 0.699943
-0.0869521 -3.81853 0.765757
-0.0103339 -3.74282 0.793185
0.0871694 -3.64121 0.81883
0.166105 -3.55541 0.835285
0.263352 -3.44533 0.859121
0.341924 -3.35162 0.887033
0.437614 -3.22954 0.924951
0.513011 -3.12433 0.973042
0.584319 -3.01472 1.01498
0.650646 -2.9008 1.07208
0.710943 -2.7815 1.1336
0.763897 -2.6583 1.1961
0.808021 -2.53271 1.26972
0.842713 -2.40699 1.33341
0.874704 -2.24119 1.42696
0.888609 -2.11027 1.50302
0.890984 -1.94975 1.60898
0.883934 -1.85735 1.6849
0.856026 -1.70859 1.82759
0.818748 -1.59532 1.94992
0.767985 -1.48908 2.08318
0.7071 -1.39433 2.20068
0.618424 -1.28925 2.34281
0.539387 -1.21655 2.45295
0.436679 -1.14307 2.58826
0.347787 -1.09433 2.69187
0.257042 -1.05603 2.79261
0.167167 -1.02818 2.88955
0.0784232 -1.00963 2.98153
-0.0341488 -0.997881 3.09362
-0.120188 -0.997219 -3.10901
-0.222917 -1.0059 -3.00549
-0.302182 -1.02027 -2.91912
-0.39258 -1.04468 -2.83656
-0.456296 -1.06635 -2.7909
-0.515371 -1.08894 -2.76182
-0.535148 -1.09691 -2.75516
-0.550145 -1.10305 -2.75135
-0.55377 -1.10455 -2.74902
-0.549779 -1.1029 -2.75195
-0.54293 -1.1001 -2.75573
-0.538551 -1.09832 -2.75566
-0.535212 -1.09697 -2.75653
-0.533558 -1.0963 -2.75726
-0.53377 -1.09638 -2.75705
-0.534681 -1.09675 -2.75669
-0.534943 -1.09686 -2.75653
-0.534848 -1.09682 -2.75659
-0.534758 -1.09678 -2.75653
-0.534829 -1.09681 -2.75661
-0.534832 -1.09681 -2.75661
-0.534816 -1.09681 -2.75653
-0.534828 -1.09681 -2.75659
-0.534825 -1.09681 -2.75649
-0.534826 -1.09681 -2.75649
-0.53474 -1.09678 -2.75631
-0.534636 -1.09674 -2.75654
-0.534314 -1.0966 -2.75576
-0.533748 -1.09637 -2.75701
-0.532299 -1.09579 -2.76102
-0.526336 -1.09346 -2.77783
-0.515239 -1.08939 -2.80219
-0.493569 -1.08225 -2.84433
-0.474915 -1.07686 -2.87625
-0.460577 -1.07308 -2.89052
-0.451223 -1.07066 -2.88701
-0.445493 -1.06912 -2.87289
-0.441546 -1.068 -2.85501
-0.438214 -1.06699 -2.83889
-0.435805 -1.06622 -2.82818
-0.435473 -1.06611 -2.82494
-0.436105 -1.06632 -2.82483
-0.435851 -1.06624 -2.82483
-0.435903 -1.06625 -2.83029
-0.4389 -1.06716 -2.86387
-0.444811 -1.06863 -2.93283
-0.453923 -1.07011 -3.02796
-0.466553 -1.07089 -3.13275
-0.481446 -1.07044 3.073
-0.498136 -1.069 3.03743
-0.51275 -1.06734 3.0205
-0.523071 -1.06598 2.9997
-0.530539 -1.06482 2.97596
-0.537213 -1.06363 2.95403
-0.540453 -1.063 2.94386
-0.541572 -1.06277 2.94055
-0.540758 -1.06294 2.943
-0.54013 -1.06306 2.94517
-0.540158 -1.06306 2.94506
-0.540282 -1.06303 2.94476
-0.540246 -1.06304 2.94492
-0.540261 -1.06304 2.94485
-0.540302 -1.06303 2.94475
-0.540282 -1.06303 2.94469
-0.540323 -1.06302 2.94461
-0.540344 -1.06302 2.9445
-0.540354 -1.06302 2.9446
-0.540359 -1.06302 2.94453
-0.54025 -1.06304 2.94474
-0.540262 -1.06304 2.94475
-0.540303 -1.06303 2.94478
-0.540265 -1.06303 2.94483
-0.540282 -1.06303 2.94475
-0.540318 -1.06302 2.94475
-0.540295 -1.06303 2.94475
-0.54034 -1.06302 2.94466
-0.540312 -1.06303 2.9447
-0.540311 -1.06303 2.9447
-0.540322 -1.06302 2.94475
-0.540322 -1.06302 2.94475
-0.54031 -1.06303 2.9447
-0.540318 -1.06302 2.94473
-0.540322 -1.06302 2.94475
-0.540303 -1.06303 2.94466
-0.540322 -1.06302 2.94475
-0.540293 -1.06303 2.94475
-0.540305 -1.06303 2.94475
-0.540303 -1.06303 2.94477
-0.540303 -1.06303 2.94471
-0.540312 -1.06303 2.94479
-0.540303 -1.06303 2.94483
-0.540316 -1.06302 2.94477
-0.54031 -1.06303 2.9448
-0.540301 -1.06303 2.94483
-0.540313 -1.06303 2.94471
-0.540303 -1.06303 2.94483
-0.540303 -1.06303 2.94475
-0.540209 -1.06305 2.94514
-0.539952 -1.0631 2.94592
-0.540089 -1.06307 2.94544
-0.540089 -1.06307 2.94553
-0.540097 -1.06307 2.94543
-0.540064 -1.06307 2.94545
-0.540057 -1.06308 2.94561
-0.540046 -1.06308 2.94566
-0.539994 -1.06309 2.94577
-0.540037 -1.06308 2.94558
-0.540075 -1.06307 2.94552
-0.540057 -1.06308 2.94553
-0.5401 -1.06307 2.94542
-0.540085 -1.06307 2.94548
-0.540094 -1.06307 2.94544
-0.540105 -1.06307 2.94539
-0.540079 -1.06307 2.94549
-0.539984 -1.06309 2.94586
-0.540224 -1.06304 2.94502
-0.540155 -1.06306 2.94523
-0.540114 -1.06306 2.94541
-0.540134 -1.06306 2.94534
-0.540192 -1.06305 2.94529
-0.540165 -1.06305 2.94529
-0.54017 -1.06305 2.94527
-0.540155 -1.06306 2.94534
-0.540155 -1.06306 2.94534
