0.0848286 -0.00107189 -0.0252705 3764614.5 3875314.9
0.17422341 -0.0045082278 -0.05157167 3767100.1 3877494.9
0.28629378 -0.011263487 -0.06883654 3770128 3880322.2
0.38040953 -0.017517039 -0.063859048 3772558.7 3882810.7
0.52650001 -0.023499306 -0.017993336 3776104.9 3886889.8
0.60256823 -0.023208201 0.0256471 3777834.9 3889126.9
0.73353321 -0.014138831 0.11263282 3780752.7 3893055.5
0.8616073 0.0055336275 0.19218914 3783669.3 3896896.5
0.96860393 0.030639377 0.2687535 3786090.3 3900207.1
1.0724949 0.06325862 0.33970418 3788517.6 3903458.8
1.1716759 0.10240915 0.41221985 3790876.7 3906660.5
1.2950371 0.16434568 0.51839231 3793859.3 3910876.8
1.3862224 0.22126977 0.59775294 3796201.3 3914140.9
1.4745299 0.28619995 0.67026586 3798638.2 3917420.3
1.5572459 0.35569507 0.72724765 3801124.2 3920568.5
1.6354075 0.42863217 0.77442307 3803637.9 3923630.2
1.6918643 0.48512432 0.79699982 3805589.3 3925844
1.7857797 0.58185935 0.80337336 3809068 3929396.7
1.8613949 0.65979936 0.79770036 3811932.6 3932195.4
1.9571579 0.75362886 0.75270019 3815690 3935430
2.0407009 0.82783368 0.69984062 3818910.8 3938036.6
2.1306229 0.89865892 0.63446354 3822275.4 3940641.5
2.2251034 0.96294067 0.56039706 3825685.5 3943191.1
2.3246451 1.019949 0.47982247 3829144.8 3945714.1
2.4625587 1.0816918 0.36204286 3833769.3 3948970
2.5781591 1.1185311 0.25496493 3837555.1 3951511.7
2.7289816 1.1465739 0.11270078 3842381.9 3954685.4
2.820444 1.153515 0.03878885 3845203.1 3956647.8
2.9465116 1.152196 -0.059711844 3849062.9 3959363.1
3.062254 1.1404989 -0.14172752 3852572.8 3961920.1
3.1794502 1.1196781 -0.20991899 3856072.9 3964627.7
3.2889068 1.0938678 -0.25322904 3859256.9 3967308.6
3.4005237 1.0632976 -0.28142916 3862438.5 3970162.5
3.5101016 1.0305931 -0.29865627 3865520.5 3973044.3
3.6161057 0.99758979 -0.30499873 3868452.3 3975902.5
3.7182653 0.96478446 -0.31643545 3871316.7 3978633.9
3.827917 0.92816714 -0.32816112 3874399.3 3981580.3
3.9334017 0.89160601 -0.3391265 3877374.1 3984427.7
4.0382119 0.85304358 -0.36598257 3880442.3 3987183.8
4.1401357 0.81257014 -0.39001698 3883441.6 3989903.8
4.2441643 0.76803427 -0.41898973 3886560.7 3992686.3
4.3740186 0.70714857 -0.45789189 3890526.5 3996200.1
4.4744317 0.65685147 -0.47084518 3893530.2 3999053.3
4.5724135 0.6057718 -0.49026729 3896524.4 4001821.8
4.669976 0.55252082 -0.50898023 3899531.4 4004611.4
4.7435821 0.51075382 -0.52328728 3901821.4 4006735.1
4.8411824 0.45243552 -0.55390353 3904964 4009521.9
4.9367309 0.39169599 -0.5786003 3908059.8 4012330.8
5.0304154 0.32957274 -0.59247353 3911071.6 4015181.4
5.1243835 0.26520208 -0.60873878 3914136.2 4018057
5.2420794 0.18206585 -0.62123054 3917966.2 4021741.9
5.3357564 0.11333255 -0.64477869 3921132.7 4024634.8
5.4488461 0.022209959 -0.71170201 3925308.6 4028033.1
5.5339672 -0.05782339 -0.79750119 3928853.7 4030581.2
5.6094482 -0.14489678 -0.91568156 3932545.2 4032899.5
5.6837555 -0.26252717 -1.099104 3937238.9 4035461.9
5.7261163 -0.36588844 -1.2645813 3941113.1 4037413.4
5.7521356 -0.49797976 -1.4880316 3945921.9 4039625.8
5.7507654 -0.60044251 -1.6803052 3949711 4041180.8
5.7380798 -0.66990649 -1.8225498 3952378.7 4042195.7
5.6932377 -0.78197233 -2.0802971 3957023.6 4043845.7
5.6414663 -0.85616788 -2.279751 3960541.5 4045046.1
5.5593134 -0.93015245 -2.5371727 3964919.9 4046433.4
5.4841783 -0.97121153 -2.7457549 3968364.4 4047454.3
5.403048 -0.99511992 -2.9642717 3971839.4 4048390.3
5.3206775 -1.0011802 3.1111544 3975200.1 4049336.9
5.2583777 -0.99450879 2.9586723 3977719.8 4050084.9
5.1776773 -0.97156951 2.7706179 3981000.1 4051180
5.0773902 -0.92160708 2.5881644 3984981.7 4053041.7
5.000443 -0.86901585 2.4959267 3987947.9 4054936.1
4.9069464 -0.79663246 2.4696612 3991183.8 4057866.8
4.8292133 -0.73554523 2.4814075 3993693.5 4060513
4.7458705 -0.67300336 2.5142408 3996219.9 4063420.9
4.660143 -0.61272437 2.5432755 3998783.9 4066322.3
4.5937057 -0.56807988 2.5565674 4000793.9 4068486.7
4.5262265 -0.52352318 2.5594499 4002885.7 4070612
4.4559674 -0.47704141 2.5547942 4005109.5 4072781.7
4.3633329 -0.41421168 2.5364276 4008134.9 4075593.7
4.2240508 -0.31255183 2.485753 4012925.8 4079795.7
4.114144 -0.22449342 2.4464755 4016826.3 4083239.9
4.0257578 -0.14867919 2.4187456 4020023.9 4086115.3
3.9190174 -0.052867786 2.401452 4023864.5 4089755
3.836584 0.024036058 2.3803163 4026927 4092571.9
3.7547688 0.10394377 2.3556609 4030052.4 4095410.8
3.6728885 0.18805453 2.3298552 4033263.2 4098321.7
3.5950265 0.27351999 2.2894936 4036512.5 4101102
3.5386918 0.33978146 2.261306 4038944.1 4103206.2
3.4501474 0.45262681 2.2109117 4042977.2 4106653.6
3.3818882 0.55104138 2.1435005 4046491.9 4109385.1
3.3235074 0.64827585 2.0795369 4049820.9 4111970.9
3.2594642 0.7771084 1.9847123 4054123.4 4115171.6
3.2202495 0.87694063 1.9054596 4057380.7 4117508
3.182342 1.0093405 1.7938347 4061620.4 4120450.7
3.1633527 1.1153654 1.7022039 4064961.4 4122727
3.1546343 1.2451517 1.5735384 4069100.9 4125371.4
3.1593523 1.3483006 1.4766375 4072356.4 4127501
3.1737763 1.4508543 1.3854924 4075586.4 4129672
3.197035 1.5500737 1.2955812 4078766.1 4131807
3.2279303 1.6464253 1.2254241 4081812.2 4134037.8
3.2655598 1.7439247 1.179503 4084804.1 4136496.2
3.3089359 1.844742 1.149482 4087840.4 4139183.7
3.3547074 1.9437332 1.125908 4090821.3 4141890.6
3.4175103 2.0706063 1.0963972 4094684.2 4145410.6
3.4716012 2.1729267 1.072599 4097840.4 4148290.4
3.5153344 2.2510987 1.0488553 4100314.1 4150488.1
3.5757373 2.3534506 1.0264485 4103543.3 4153457
3.6369449 2.4528963 1.0116849 4106674 4156416.2
3.6985884 2.5497128 0.99596352 4109758.2 4159317.7
3.7809668 2.6759684 0.98940582 4113727.4 4163210.6
3.8465787 2.7745849 0.97804151 4116882.1 4166233.3
3.9139831 2.8730463 0.96295172 4120081.2 4169257.1
4.0005782 2.9952519 0.94568962 4124087 4173062.4
4.0545244 3.0683161 0.92391064 4126581.8 4175304.1
4.1281557 3.1636579 0.90245511 4129847.7 4178320.7
4.2026229 3.2561277 0.88319203 4133055.5 4181304.6
4.2760679 3.344284 0.86917324 4136129 4184215.2
4.3523379 3.4345324 0.86912067 4139210.4 4187296
4.4270855 3.5226202 0.86515976 4142245.9 4190285.5
4.5025078 3.6107209 0.86039207 4145297.8 4193282
4.5950629 3.7178427 0.85604882 4149014.6 4196948.3
4.6526597 3.7835379 0.84592897 4151351.6 4199167.7
4.7293 3.8699866 0.84500474 4154369.5 4202174.9
4.8255379 3.9782599 0.84335553 4158156.5 4205942.7
4.9026049 4.0642296 0.83654362 4161206.7 4208913.8
5.0185745 4.1922754 0.83315116 4165731.1 4213398.8
5.0952795 4.275694 0.82145142 4168754.2 4216285.9
5.1893562 4.3768832 0.8221615 4172352.8 4219892.8
5.303754 4.4984782 0.80961174 4176779.1 4224173.3
5.3966307 4.5966491 0.81659287 4180262.5 4227737.8
5.4697186 4.6749887 0.82353867 4183015.9 4230571.9
5.541372 4.7537619 0.8418483 4185686.3 4233455
5.6123272 4.8361411 0.87768045 4188313.2 4236498.3
5.6794629 4.9199243 0.91284259 4190908.5 4239502.2
5.7448834 5.0074569 0.94510118 4193570.7 4242539.1
5.8071729 5.0969238 0.98010879 4196210 4245585.2
5.867435 5.1890354 1.0027987 4198948.4 4248587.3
5.9259436 5.2834624 1.029356 4201690.7 4251638.2
5.9812851 5.3790125 1.0622835 4204378.7 4254708.8
6.0335047 5.4757891 1.0896786 4207087 4257735.4
6.0721802 5.5518641 1.1112471 4209187.1 4260086.1
6.1305941 5.6753979 1.1469464 4212542.9 4263856.7
6.1740368 5.7752368 1.1738118 4215226 4266852
6.204688 5.8503461 1.192862 4217230.7 4269078
6.2529641 5.977223 1.2215715 4220603.7 4272784.6
6.2891721 6.0791963 1.2376453 4223332.1 4275699.7
6.3159389 6.1566117 1.2381698 4225464.9 4277838.7
6.3602496 6.2815253 1.2216572 4229017 4281198.9
6.3984429 6.3823452 1.1956924 4231979.1 4283859.3
6.4390051 6.4804667 1.1619126 4234944 4286431.7
6.4824326 6.5751534 1.1196414 4237905.9 4288902.5
6.5179039 6.6446181 1.0777093 4240183.4 4290692.7
6.5713128 6.7362906 1.0088204 4243350.2 4293059
6.6649276 6.8639478 0.867279 4248300.4 4296364.6
6.755508 6.9561678 0.72145508 4252518.3 4298888.1
6.8370158 7.0193211 0.59693241 4255930.5 4300853.4
6.9494151 7.082265 0.42404914 4260294.1 4303208.2
7.0205059 7.1098912 0.31723775 4262903.4 4304576.5
7.1190209 7.134263 0.16780678 4266417.9 4306354.6
7.1913228 7.1427007 0.064545164 4268915.9 4307652.8
7.3146408 7.1394875 -0.11664602 4273185.3 4309816.9
7.4072126 7.1216914 -0.26320114 4276494.9 4311423.5
7.5122811 7.0823658 -0.45308703 4280523.4 4313245.7
7.5866692 7.0384367 -0.61378174 4283709.7 4314564.9
7.6657736 6.9688514 -0.8291489 4287708.2 4316060.9
7.7135593 6.9047255 -1.031619 4290969.8 4316969.9
7.7504797 6.8188026 -1.2982971 4294957.8 4317859.2
7.762284 6.7454862 -1.5240241 4298205.6 4318484.2
7.7544775 6.6571582 -1.7938736 4302085.6 4319228.7
7.7316759 6.5900653 -2.0029278 4305147.9 4319861.9
7.6847016 6.5137908 -2.242662 4308876.5 4320805
7.6347895 6.4597486 -2.3903096 4311652.6 4321865.5
7.561473 6.3978113 -2.4899482 4314734.2 4323789.3
7.4968979 6.3495218 -2.5090482 4316947.7 4325780.9
7.4328788 6.3020644 -2.4983176 4318963.4 4327921.3
7.3686567 6.2530466 -2.481006 4320969.5 4330128.6
7.3035582 6.2012949 -2.4588419 4323009.3 4332425.9
7.2244027 6.1350855 -2.4311961 4325539.6 4335277.4
7.1638296 6.0820416 -2.4135354 4327536.5 4337479.5
7.0868886 6.0119715 -2.3922606 4330126.6 4340316.7
7.0266118 5.9547088 -2.3714036 4332173.3 4342605.9
6.9540148 5.8822543 -2.3429504 4334682.6 4345445.7
6.910682 5.8370004 -2.3260729 4336218.3 4347177.6
6.8677194 5.7905768 -2.3089153 4337768 4348926.6
6.8245033 5.7422134 -2.291182 4339356.2 4350720.9
6.7676187 5.6761437 -2.2720761 4341518.6 4353105.3
6.6993588 5.5930333 -2.2447242 4344164.2 4356068.7
6.6589758 5.5415423 -2.2270233 4345767.7 4357877.8
6.6056124 5.4707354 -2.2062329 4347958.9 4360310.6
6.555005 5.4005728 -2.1851002 4350091.9 4362689.2
6.5062605 5.3296366 -2.160604 4352194 4365075.9
6.4576419 5.2554729 -2.141535 4354395.6 4367499.1
6.3984191 5.1622675 -2.132144 4357220.6 4370433.2
6.3518115 5.0880296 -2.1306891 4359497.8 4372727.3
6.2922652 4.9937786 -2.1378292 4362446.4 4375592.9
6.2542728 4.9350038 -2.1514538 4364350.5 4377338.7
6.2036876 4.8592757 -2.1679688 4366821.1 4379617.5
6.1243712 4.7442973 -2.1813697 4370541.3 4383182
6.0547591 4.6470071 -2.2023412 4373782.6 4386179.6
5.996521 4.5685754 -2.2166615 4376413.2 4388643.7
5.9346819 4.4878101 -2.2318339 4379153.8 4391208
5.8708853 4.4076507 -2.2541961 4381955.1 4393749.5
5.8049474 4.3284906 -2.2764409 4384770.8 4396306.8
5.7338937 4.2471225 -2.3008142 4387729.3 4398982
5.641307 4.1464783 -2.3282269 4391454.5 4402388.7
5.5628049 4.0645157 -2.3410372 4394488.4 4405273.7
5.4620389 3.9606487 -2.3410454 4398262 4409047.2
5.3802923 3.8757964 -2.3340651 4401293.8 4412160.2
5.2759204 3.765095 -2.3194824 4405176.4 4416212.2
5.1927621 3.6745811 -2.3082497 4408316.2 4419482.6
5.0900195 3.5596943 -2.2926511 4412244.6 4423592.2
5.0097601 3.4674767 -2.2812945 4415366.5 4426846
4.9122744 3.3511684 -2.2554656 4419173.7 4430953.4
4.8348105 3.2537267 -2.2294685 4422268.6 4434350.4
4.7426815 3.1295221 -2.1885271 4426063.3 4438620.7
4.672114 3.0267692 -2.1566471 4429128.4 4442056.3
4.5890832 2.89695 -2.1229868 4432951.2 4446270.2
4.5255009 2.7907034 -2.0971501 4436029.8 4449649
4.4480273 2.656283 -2.0901441 4440034.7 4453735.3
4.3873384 2.5496546 -2.08632 4443211.8 4456956.8
4.3410604 2.4684075 -2.0908001 4445676 4459369
4.2650484 2.3359443 -2.092709 4449669.5 4463340.3
4.2039563 2.2289639 -2.0866183 4452846.5 4466588.1
4.1273601 2.094099 -2.0880113 4456898.9 4470624.3
4.0660366 1.9855367 -2.0819558 4460115 4473910.8
3.9881883 1.8488714 -2.0952112 4464293.3 4477935.1
3.9236139 1.7378449 -2.0999601 4467670.1 4481256.7
3.8405015 1.599628 -2.1244094 4472017.7 4485320.2
3.7890711 1.5178833 -2.1403534 4474628.7 4487745.9
3.7170652 1.4083362 -2.1642266 4478185.8 4491025.6
3.6628962 1.3296783 -2.1835222 4480788.3 4493403.9
3.5689773 1.1988939 -2.2036381 4485103.7 4497485.6
3.4884458 1.0914347 -2.2242075 4488724.9 4500867.7
3.3865827 0.96108151 -2.2440264 4493153.8 4505066.4
3.3008375 0.85537466 -2.2605841 4496799.2 4508519.4
3.2150776 0.75250462 -2.2708846 4500351.4 4511951.9
3.1048969 0.62277815 -2.2789195 4504836.3 4516343.4
2.9944541 0.49373986 -2.278482 4509262.7 4520774.9
2.9068954 0.39043921 -2.2693209 4512740.6 4524359.2
2.8016243 0.26134851 -2.2404918 4516916.6 4528870.3
2.7201766 0.15586334 -2.2161239 4520250.2 4532487
2.6417097 0.049113517 -2.1932018 4523571.7 4536074.9
2.5654839 -0.059402258 -2.1731145 4526913 4539649.5
2.4922137 -0.16713157 -2.1630123 4530251.6 4543105.5
2.4206775 -0.2753417 -2.1468381 4533540.2 4546582
2.3319677 -0.41379725 -2.1343873 4537755.7 4550942.2
2.2622216 -0.52550005 -2.1235265 4541126.5 4554439.2
2.1758534 -0.66634615 -2.1182186 4545403.9 4558778.3
2.1072845 -0.77977161 -2.1108584 4548817.2 4562277.2
2.0552215 -0.86666356 -2.1103521 4551455.7 4564921.5
2.0028419 -0.95329272 -2.1188913 4554145 4567511.6
1.9150749 -1.0943512 -2.135872 4558575.8 4571745.1
1.8427328 -1.2054137 -2.160388 4562174.5 4575058.9
1.7512481 -1.3394915 -2.178734 4566513.6 4579184.8
1.6761579 -1.4461963 -2.189295 4569977.3 4582525.8
1.5856779 -1.5745903 -2.1800515 4574019.4 4586675.3
1.5144403 -1.6782874 -2.1654069 4577214.9 4590041
1.4304085 -1.8056236 -2.1428211 4581061.9 4594150.5
1.3653322 -1.9083734 -2.1279312 4584146.9 4597408.4
1.3011272 -2.0116181 -2.1263552 4587308.1 4600587.9
1.2374781 -2.1145009 -2.1232863 4590444.9 4603760.4
1.1728639 -2.2191462 -2.1246231 4593659.6 4606959.6
1.124531 -2.2972305 -2.1254921 4596059.3 4609349.2
1.044393 -2.4276153 -2.1183104 4600008.3 4613381.7
0.97933356 -2.5335763 -2.1245747 4603287 4616587.6
0.89728556 -2.6651882 -2.1319263 4607373.9 4620589
0.81291194 -2.795883 -2.1561858 4611571.3 4624504.6
0.72643781 -2.923717 -2.174906 4615704.5 4628420.2
0.67224605 -3.0007483 -2.1928335 4618264.6 4630772
0.59848272 -3.1011595 -2.2159198 4621647.6 4633886.8
0.5038426 -3.2239954 -2.2386071 4625822.9 4637798.4
0.43079896 -3.3148225 -2.2575855 4628972.4 4640727.5
0.33474445 -3.4305038 -2.2699431 4632965 4644576.5
0.27730561 -3.4978608 -2.283829 4635354 4646804.1
0.20227512 -3.5822404 -2.3113971 4638458.5 4649588.3
0.10861963 -3.6794991 -2.3632502 4642280.5 4652807.8
0.032181449 -3.7502064 -2.4269936 4645366.1 4655152.7
-0.061845359 -3.8232589 -2.5351582 4649099.3 4657629.1
-0.1201821 -3.8603112 -2.6163048 4651372.9 4658959.8
-0.19651233 -3.8989274 -2.7301514 4654264.9 4660529
-0.29248709 -3.9313254 -2.9019217 4657904.2 4662172.4
-0.36556776 -3.9434874 -3.0514479 4660704.8 4663235.6
-0.43189874 -3.9443463 3.0773455 4663331.5 4664068.4
-0.50860151 -3.9314062 2.8715765 4666555.3 4664901.3
-0.54977473 -3.9170186 2.7392591 4668461.4 4665269.8
-0.60833509 -3.8839347 2.515423 4671515.6 4665723.3
-0.64705801 -3.8499849 2.3281375 4673946.6 4665978.1
-0.68378922 -3.8006 2.0924638 4676920.7 4666213.8
-0.69925703 -3.768752 1.9533733 4678652 4666328.9
-0.71249615 -3.7243299 1.7675168 4680940.5 4666457.8
-0.71683211 -3.6898759 1.6244551 4682677.1 4666532.2
-0.7132917 -3.6351678 1.3878886 4685481 4666587.4
-0.70213623 -3.5953474 1.2074186 4687607.9 4666617.2
-0.68444022 -3.5588786 1.03064 4689691.9 4666647.2
-0.6606445 -3.5260466 0.85663403 4691760.2 4666693.6
-0.63212694 -3.4980508 0.69569919 4693737.2 4666800.7
-0.59065779 -3.4693706 0.51443729 4696105.1 4667062.4
-0.55134642 -3.4500124 0.40071176 4697908.4 4667544.3
-0.5068146 -3.4330936 0.32545435 4699587.8 4668349.2
-0.454823 -3.416204 0.30274343 4701145.2 4669642.8
-0.39960042 -3.3981922 0.32783115 4702514.1 4671303.2
-0.34053914 -3.3762071 0.38486851 4703826.1 4673277.8
-0.27962004 -3.3488511 0.45926548 4705135.2 4675451.4
-0.21787569 -3.3151244 0.54062507 4706497.1 4677758.7
-0.1421103 -3.264444 0.63848763 4708305.4 4680704.1
-0.099748695 -3.2310637 0.69625387 4709376.2 4682446.1
-0.046156712 -3.1823477 0.7792955 4710782.3 4684817.1
0.01530108 -3.1149795 0.88319436 4712556.5 4687798.5
0.059490499 -3.0569579 0.95662727 4714031.7 4690127
0.11127912 -2.9757566 1.0494902 4716003.6 4693177.9
0.14753292 -2.9070511 1.1210287 4717613.6 4695619.2
0.17854185 -2.8372346 1.1846086 4719236.3 4697980.6
0.20578212 -2.7645906 1.2394722 4720940.6 4700322.4
0.22993734 -2.6890308 1.2832886 4722754.5 4702645.4
0.25088534 -2.6148021 1.3081923 4724621 4704801.3
0.2698836 -2.5423915 1.32023 4726503.2 4706823.3
0.28787138 -2.4710408 1.3274472 4728380 4708784
0.30088147 -2.4181459 1.3317979 4729775.1 4710229.7
0.32139163 -2.3333715 1.3350415 4732030.6 4712522.9
0.33663075 -2.2698496 1.3356434 4733730.5 4714229.8
0.35098179 -2.2087321 1.3446844 4735315 4715919.3
0.36064933 -2.1657274 1.354657 4736406.5 4717126.6
0.37214822 -2.1115851 1.368389 4737770 4718649.7
0.38222041 -2.061564 1.3757997 4739057.5 4720023.3
0.39134638 -2.0150868 1.378019 4740279.7 4721271.3
0.40135666 -1.9637837 1.3781753 4741641.7 4722635.2
0.40836919 -1.9277808 1.378681 4742595.3 4723594.6
0.41599558 -1.8882285 1.3819514 4743626.6 4724663.9
0.42133428 -1.8599433 1.3865386 4744350.6 4725441.2
0.42488763 -1.8407027 1.3898103 4744841.8 4725970.4
0.43019263 -1.8113505 1.3941715 4745594.2 4726773.5
0.43379093 -1.7910577 1.3964316 4746118.5 4727324.1
0.43764201 -1.7690575 1.3985772 4746688.4 4727918.9
0.44018869 -1.7543811 1.3993913 4747072.1 4728312.1
0.44276849 -1.7394548 1.3999108 4747464.1 4728710.1
0.443993 -1.7323599 1.3998743 4747652 4728897.6
0.44528929 -1.7248492 1.3998983 4747850.6 4729096.5
0.44629311 -1.719032 1.3999373 4748004.3 4729250.6
0.44668753 -1.7167436 1.4002929 4748062.8 4729313.3
0.44672776 -1.7165102 1.3999427 4748071 4729317.4
0.44664201 -1.7170075 1.4000829 4748057.1 4729305.1
0.44658108 -1.717361 1.400235 4748046.8 4729296.6
0.44659944 -1.7172545 1.4001676 4748050 4729299
0.4466114 -1.7171851 1.4001451 4748052 4729300.7
0.44660272 -1.7172355 1.400169 4748050.5 4729299.5
0.44660545 -1.7172196 1.400169 4748050.9 4729299.9
0.44660801 -1.7172048 1.4001104 4748051.7 4729300
0.44660579 -1.7172176 1.400169 4748051 4729300
0.44660757 -1.7172073 1.4001219 4748051.5 4729300
0.44660584 -1.7172173 1.4001676 4748051 4729300
0.44660416 -1.7172271 1.4002122 4748050.5 4729300
0.44660579 -1.7172176 1.400169 4748051 4729300
0.44660579 -1.7172176 1.400169 4748051 4729300
0.44660579 -1.7172176 1.400169 4748051 4729300
0.44660403 -1.7172278 1.4001225 4748051 4729299.5
0.44660492 -1.7172227 1.400146 4748051 4729299.7
0.446606 -1.7172164 1.4001747 4748051 4729300.1
0.44660904 -1.7171987 1.4002072 4748051.3 4729300.7
0.44660904 -1.7171987 1.4000829 4748052 4729300
0.44660676 -1.717212 1.4001432 4748051.3 4729300
0.44660579 -1.7172176 1.400169 4748051 4729300
0.44660579 -1.7172176 1.400169 4748051 4729300
0.44660848 -1.717202 1.4000978 4748051.8 4729300
0.44660579 -1.7172176 1.400169 4748051 4729300
0.44660886 -1.7171998 1.4000877 4748051.9 4729300
0.44660579 -1.7172176 1.400169 4748051 4729300
0.44660833 -1.7172029 1.4001019 4748051.8 4729300
0.44660762 -1.717207 1.4001207 4748051.6 4729300
0.44660256 -1.7172364 1.4002544 4748050 4729300
0.44660579 -1.7172176 1.400169 4748051 4729300
0.44660579 -1.7172176 1.400169 4748051 4729300
0.44660785 -1.7172057 1.4001145 4748051.6 4729300
0.44660672 -1.7172122 1.4001444 4748051.3 4729300
0.44660623 -1.7172151 1.4001573 4748051.1 4729300
0.44660579 -1.7172176 1.400169 4748051 4729300
0.44660591 -1.7172169 1.4001658 4748051 4729300
0.44660579 -1.7172176 1.400169 4748051 4729300
0.44660579 -1.7172176 1.400169 4748051 4729300
0.44660579 -1.7172176 1.400169 4748051 4729300
0.44660579 -1.7172176 1.400169 4748051 4729300
0.44660579 -1.7172176 1.400169 4748051 4729300
0.44660579 -1.7172176 1.400169 4748051 4729300
0.44660579 -1.7172176 1.400169 4748051 4729300
0.44660771 -1.7172065 1.4001183 4748051.6 4729300
0.44660742 -1.7172082 1.400126 4748051.5 4729300
0.44660647 -1.7172136 1.4001509 4748051.2 4729300
0.44660669 -1.7172124 1.4001452 4748051.3 4729300
0.44660881 -1.7172001 1.4000891 4748051.9 4729300
0.44660579 -1.7172176 1.400169 4748051 4729300
0.44660579 -1.7172176 1.400169 4748051 4729300
0.44660884 -1.7171999 1.4000883 4748051.9 4729300
0.44660668 -1.7172125 1.4001454 4748051.3 4729300
0.44660746 -1.7172079 1.4001248 4748051.5 4729300
0.44660804 -1.7172045 1.4001094 4748051.7 4729300
0.44660904 -1.7171987 1.400187 4748051.4 4729300.6
0.44660979 -1.7171944 1.400169 4748051.6 4729300.6
0.44660888 -1.7171997 1.400169 4748051.5 4729300.5
0.44660579 -1.7172176 1.400169 4748051 4729300
0.44660579 -1.7172176 1.400169 4748051 4729300
0.44660904 -1.7171987 1.4002551 4748051 4729301
0.44660904 -1.7171987 1.4001596 4748051.6 4729300.4
0.44660697 -1.7172108 1.400169 4748051.2 4729300.2
0.4466123 -1.7171798 1.400169 4748052 4729301
0.44660794 -1.7172051 1.400169 4748051.3 4729300.3
0.44660834 -1.7172028 1.4001016 4748051.8 4729300
0.44660579 -1.7172176 1.400169 4748051 4729300
0.44660579 -1.7172176 1.400169 4748051 4729300
0.44660677 -1.7172119 1.400143 4748051.3 4729300
0.44660623 -1.7172151 1.4001573 4748051.1 4729300
0.44660579 -1.7172176 1.400169 4748051 4729300
0.44660904 -1.7171987 1.4000829 4748052 4729300
0.44660807 -1.7172044 1.4001087 4748051.7 4729300
0.44660579 -1.7172176 1.400169 4748051 4729300
0.44660812 -1.7172041 1.4001073 4748051.7 4729300
0.44660669 -1.7172124 1.4001452 4748051.3 4729300
0.44660904 -1.7171987 1.4001313 4748051.7 4729300.3
0.44661084 -1.7171883 1.4002076 4748051.6 4729301
0.44660733 -1.7172087 1.400169 4748051.2 4729300.2
0.44661128 -1.7171858 1.400196 4748051.7 4729301
0.44660904 -1.7171987 1.4000894 4748052 4729300
0.44660904 -1.7171987 1.4000829 4748052 4729300
0.44660904 -1.7171987 1.4000829 4748052 4729300
0.44660904 -1.7171987 1.4001211 4748051.8 4729300.2
0.44661188 -1.7171823 1.4001802 4748051.9 4729301
0.44661193 -1.717182 1.4001592 4748052 4729300.9
0.44660983 -1.7171942 1.4002343 4748051.2 4729301
0.44660904 -1.7171987 1.4001414 4748051.7 4729300.3
0.44660619 -1.7172153 1.4001584 4748051.1 4729300
0.44660649 -1.7172135 1.4001504 4748051.2 4729300
0.44660579 -1.7172176 1.400169 4748051 4729300
0.44661962 -1.7171374 1.3998589 4748054.9 4729300.3
0.44666433 -1.7168787 1.3994194 4748064.3 4729304.6
0.44669978 -1.7166743 1.3987651 4748073.5 4729306.2
0.44682048 -1.7159862 1.3955847 4748110.2 4729306
0.44770933 -1.7111777 1.3804338 4748325.8 4729345.5
0.45146267 -1.6944227 1.3204072 4749122.2 4729444.4
0.45776027 -1.673134 1.245954 4750133.7 4729590.8
0.46527447 -1.6529727 1.1821254 4751065.6 4729781
0.47996288 -1.6211492 1.0946191 4752487.9 4730186.6
0.50009077 -1.5860632 1.0053 4754061.6 4730722.4
0.52598421 -1.5489846 0.91707053 4755753.5 4731389.1
0.56851723 -1.4992117 0.81027409 4758081.1 4732475.9
0.60882709 -1.459715 0.74014354 4759960.1 4733540
0.66380662 -1.4127059 0.67466978 4762226.8 4735045.9
0.70017215 -1.3846684 0.63893152 4763631.8 4736035.6
0.7531256 -1.3470854 0.59553028 4765577.2 4737476.7
0.8253458 -1.3000811 0.55841015 4768039.8 4739508
0.90328465 -1.2518566 0.54977203 4770479.9 4741847.7
0.98954198 -1.1980214 0.5661651 4773036 4744594.3
1.0624287 -1.1507 0.58552485 4775189.6 4746972.8
1.137465 -1.0997301 0.60782877 4777425.3 4749467.8
1.2145395 -1.0447894 0.63073569 4779760.4 4752069
1.2934957 -0.98641102 0.64259905 4782252 4754698.4
1.3912365 -0.91175692 0.66194651 4785346.6 4758017.9
1.4713496 -0.84813455 0.68038864 4787907.2 4760792.7
1.5726648 -0.76508692 0.6928825 4791250.6 4764281.3
1.6564281 -0.69382154 0.71702909 4793978.1 4767289.4
1.7191408 -0.63794676 0.73857152 4796043.1 4769604.7
1.8435958 -0.51882048 0.78847851 4800245.5 4774387
1.9440438 -0.41199602 0.84382552 4803747.6 4778532.2
2.003604 -0.34349112 0.86643478 4805983.3 4781030.6
2.0799091 -0.25025457 0.90343356 4808910 4784387.2
2.1860301 -0.10899585 0.94955411 4813249.1 4789262.2
2.2692482 0.011612803 0.98409419 4816869.4 4793283.9
2.3312959 0.10737552 1.0076587 4819708 4796396.2
2.4061031 0.22845505 1.0270722 4823306.4 4800220.2
2.4634875 0.32508208 1.0427132 4826146 4803241.6
2.5056759 0.39796345 1.0494134 4828303 4805476.4
2.5619442 0.49640869 1.0536746 4831235 4808458
2.6319365 0.6198694 1.0564364 4834919.7 4812174.7
2.7010409 0.74116819 1.0494665 4838600.4 4815774.5
2.7433901 0.81418942 1.0410213 4840850.7 4817926.6
2.8020004 0.91206846 1.0214935 4843939 4820788
2.8486566 0.98657961 1.0012274 4846349.2 4822962.7
2.9302164 1.1099568 0.97214285 4850374.7 4826650.3
2.9984453 1.2071537 0.94536065 4853626.9 4829591.3
3.0534284 1.2814684 0.92226219 4856171.7 4831867.7
3.1472864 1.4020391 0.89640984 4860306.2 4835701.8
3.2246086 1.4959752 0.86780171 4863644.9 4838708.1
3.325293 1.6118486 0.8430419 4867791.6 4842567.1
3.4092862 1.7043021 0.82357743 4871161.8 4845711.2
3.5183664 1.8212418 0.81673785 4875371.5 4849841.4
3.6065077 1.9155883 0.82203902 4878707.5 4853238.9
3.693084 2.0097995 0.83317018 4881979.2 4856640
3.7812118 2.1103647 0.86926288 4885256.3 4860336.5
3.862515 2.2099263 0.90275349 4888413.6 4863882.9
3.9568474 2.3364852 0.95778441 4892209.9 4868318.6
4.0246267 2.4357618 0.98572372 4895182.1 4871615.4
4.1092632 2.5685965 1.0212814 4899082.6 4875929.2
4.1711782 2.6718873 1.0403202 4902112.2 4879180
4.2477788 2.8050421 1.0571901 4906019.9 4883283.7
4.3061851 2.9099109 1.0680824 4909086.7 4886477
4.3789841 3.0412954 1.061552 4913041.4 4890355.8
4.4399496 3.1474488 1.0374028 4916373.8 4893407.6
4.5206301 3.2750436 0.97650051 4920664.1 4896990.3
4.5921641 3.3758881 0.93114594 4924151.6 4899950.8
4.6657735 3.4711519 0.89471577 4927502.5 4902878.4
4.7629333 3.5881029 0.86042604 4931666.4 4906643.9
4.8828364 3.7254963 0.84611474 4936504.7 4911315.9
4.9829418 3.839533 0.85461191 4940412.1 4915322
5.0610377 3.9305727 0.86894427 4943456.6 4918533
5.1189726 3.9991951 0.87034821 4945790.2 4920883
5.1766818 4.068154 0.87760783 4948092.8 4923270
5.2341344 4.1376038 0.88170741 4950419.3 4925644.1
5.2903778 4.2058904 0.88190708 4952725 4927952.1
5.3657176 4.298411 0.89288324 4955772.5 4931127.1
5.4367748 4.3883128 0.91100466 4958655.3 4934220.5
5.5091441 4.4825932 0.92125157 4961695 4937379.3
5.5810421 4.5790944 0.93969356 4964725.9 4940624.4
5.6483358 4.6727493 0.95579165 4967639.5 4943725.1
5.6994454 4.7458344 0.96526791 4969910 4946105.7
5.7668711 4.8453444 0.98528959 4972928.1 4949356.4
5.8489044 4.9702906 0.99437246 4976772.8 4953306.7
5.9161372 5.073535 0.99278274 4979994.8 4956510.2
5.9820629 5.1746 0.99281456 4983141.1 4959656.9
6.0490477 5.2766605 0.98716183 4986357.3 4962807.3
6.1178554 5.3811179 0.98947588 4989605.5 4966082.5
6.1846657 5.4830766 0.99197673 4992769.6 4969275.6
6.2677708 5.6117409 1.0026313 4996701.7 4973331.5
6.3326738 5.7146315 1.0134495 4999811 4976566.5
6.414297 5.844239 1.0040946 5003859.4 4980506.2
6.4786374 5.9423272 0.97641292 5007079.1 4983404.3
6.5653199 6.0595337 0.89159366 5011373.2 4986712.8
6.6398362 6.1450661 0.81664532 5014766.6 4989235.4
6.7194211 6.2243477 0.75033395 5018081.1 4991779.4
6.8007406 6.2974569 0.71423132 5021142.3 4994421.1
6.8837943 6.3706086 0.72995113 5023937 4997398.4
6.9463294 6.4286819 0.76689163 5025947.7 4999838.4
7.0411285 6.5297594 0.86798861 5028973.9 5004039.3
7.1056449 6.6179922 1.0108755 5030994 5007719.6
7.1629183 6.7367014 1.2316683 5033148.1 5012439.2
7.1872588 6.8376881 1.4368942 5034664.6 5016340.3
7.1863055 6.9639785 1.7197939 5036314.2 5021277.1
7.1689742 7.0347166 1.9023476 5037152.8 5024236.8
7.1286853 7.1168 2.1518115 5038087.8 5028070.4
7.0512289 7.1996796 2.4929554 5039063.9 5033010.4
6.9756556 7.2423359 2.7625127 5039760.7 5036839.4
6.8895126 7.2638497 3.031194 5040515 5040715.6
6.7790281 7.2588284 -2.9403596 5041588.4 5045410
6.6920003 7.2304204 -2.7117864 5042647.7 5049125.2
6.5915228 7.1696292 -2.4831907 5044381.9 5053515.5
6.5183299 7.1043362 -2.3431632 5046126 5056886.6
6.4349839 7.0086148 -2.2312253 5048785.2 5060846.6
6.3705341 6.9209572 -2.1783495 5051315.1 5063990.9
6.2951038 6.8090026 -2.1490346 5054664.9 5067681.3
6.2492918 6.7372372 -2.1288527 5056767.8 5070018.7
6.1897726 6.6392677 -2.1046122 5059616.1 5073148.6
6.131729 6.539072 -2.0871042 5062533.9 5076269.8
6.0736104 6.4334046 -2.0601978 5065522.2 5079570.8
6.0196609 6.3304182 -2.0464856 5068474.2 5082682.1
5.9558332 6.2039059 -2.0296174 5072071.2 5086475.1
5.9048604 6.0985665 -2.0133293 5075028 5089621.2
5.8290056 5.9380112 -2.0109997 5079644.9 5094265.1
5.7644013 5.8043551 -2.0310917 5083632.6 5098019.4
5.720755 5.7196395 -2.0619829 5086297.1 5100324.9
5.6600396 5.6104177 -2.0943194 5089743.5 5103395.6
5.5775238 5.4760999 -2.149056 5094172.1 5107188.1
5.5095899 5.3764242 -2.1890077 5097549.6 5110101.4
5.4521627 5.2983861 -2.2213994 5100264.3 5112439.8
5.3756372 5.2029136 -2.2715573 5103746.2 5115338.9
5.2957165 5.1128418 -2.3215436 5107176.6 5118188.5
5.229962 5.0451445 -2.3617319 5109871 5120415.9
5.1403167 4.9602716 -2.405335 5113343.4 5123381.7
5.0177056 4.8530839 -2.441087 5117797.8 5127420.6
4.9161677 4.7677716 -2.4445427 5121276 5130858.7
4.7913887 4.6622002 -2.4342298 5125478.2 5135180.7
4.6890157 4.5725643 -2.4106372 5128889.2 5138865.9
4.5882158 4.4803917 -2.3911067 5132337.5 5142541.1
4.4883431 4.3854873 -2.3722857 5135820.7 5146243
4.3906525 4.2898034 -2.3608571 5139320 5149875.1
4.2645058 4.1638277 -2.352889 5143922.5 5154570.1
4.1874108 4.0854909 -2.3435216 5146734.1 5157490.6
4.1113847 4.0061443 -2.3261308 5149498.5 5160457.1
4.0118842 3.8975977 -2.299351 5153182.6 5164452.4
3.8928134 3.7578531 -2.2536196 5157704.3 5169505.4
3.799905 3.6402624 -2.2253229 5161447.8 5173577.7
3.6882418 3.489862 -2.1935598 5166147.8 5178646.8
3.6016721 3.3674411 -2.1790472 5169973.2 5182640.9
3.496506 3.2134354 -2.1608204 5174730.2 5187609.6
3.414627 3.0904142 -2.1552562 5178551.3 5191495.4
3.3142005 2.937558 -2.1488969 5183283.5 5196301.5
3.2574501 2.8501823 -2.1447418 5185976.2 5199042.4
3.1803433 2.7291689 -2.1314644 5189640.7 5202861.2
3.0870767 2.5809271 -2.1332866 5194218.3 5207417.6
3.0119805 2.4619528 -2.1343928 5197893.4 5211079.8
2.9167131 2.3153178 -2.1595152 5202599.1 5215493.7
2.8375447 2.1988615 -2.1761736 5206367.8 5219068.8
2.7363194 2.0572541 -2.2066401 5211083.8 5223430.8
2.6739288 1.9738727 -2.2197203 5213875.3 5226070.3
2.5894921 1.8641694 -2.2338304 5217567.1 5229598.2
2.5055885 1.757281 -2.238773 5221139.2 5233112.8
2.3991672 1.6230653 -2.2436289 5225633.9 5237551.1
2.3146963 1.5175712 -2.2483195 5229185.2 5241047.9
2.2071894 1.3851253 -2.2569464 5233683.5 5245446
2.119562 1.2781994 -2.2577029 5237292.8 5249046.5
2.0106153 1.1453465 -2.2575901 5241772.3 5253527.3
1.9247721 1.0408288 -2.2592241 5245308.6 5257044.6
1.8186378 0.9124166 -2.2637677 5249679.1 5261362.3
1.7348207 0.81244963 -2.2733228 5253136.4 5264708.6
1.6276806 0.68843277 -2.2933052 5257526 5268866
1.5425443 0.59434031 -2.3192252 5260985.4 5272024.3
1.4513731 0.49877255 -2.3460849 5264585.6 5275312.3
1.3369194 0.38484843 -2.3709421 5268941 5279378.9
1.244584 0.29523456 -2.3713599 5272298.6 5282731.7
1.1519392 0.20377683 -2.3539245 5275592 5286227.6
1.0619473 0.11089909 -2.3269057 5278807.3 5289756.9
0.9508842 -0.011895548 -2.2852365 5282882.6 5294316.3
0.86693013 -0.1113084 -2.2589399 5286122.8 5297862.1
0.78479063 -0.213077 -2.2407876 5289427.6 5301377.8
0.70556665 -0.3142476 -2.2294734 5292712.6 5304794.3
0.64649911 -0.39141883 -2.2186993 5295184.1 5307391
0.56824581 -0.4958592 -2.2089519 5298530.5 5310850.7
0.51230213 -0.57195646 -2.2005124 5300944.3 5313362.5
0.4219012 -0.69885649 -2.1790519 5304882.5 5317550
0.3521778 -0.80043408 -2.1656282 5308017.1 5320840.7
0.28507155 -0.90256149 -2.138642 5311046.9 5324184
0.21958173 -1.0081421 -2.1133506 5314139.7 5327570.7
0.15671159 -1.1154134 -2.0884921 5317237.5 5330957.3
0.11051207 -1.198644 -2.0665687 5319592.4 5333566.9
0.051091224 -1.3099639 -2.0556412 5322819.3 5336920.8
-0.0068101735 -1.4212993 -2.0450889 5326030.3 5340254.4
-0.061590248 -1.5295708 -2.0332979 5329125.9 5343487
-0.12991459 -1.6674997 -2.0281504 5333109.7 5347530.6
-0.1820773 -1.7746844 -2.0192832 5336166.5 5350690.5
-0.22196145 -1.8562456 -2.0319421 5338607.5 5352984.4
-0.29200266 -1.9915322 -2.0651033 5342772.7 5356764.2
-0.35366092 -2.1002718 -2.1081327 5346282.3 5359773.8
-0.43422182 -2.2258903 -2.1739496 5350556 5363282.8
-0.50368583 -2.321739 -2.221899 5353921.3 5366090.9
-0.59381167 -2.4317283 -2.2926178 5358040.1 5369388
-0.6706506 -2.5138288 -2.3535874 5361326.5 5371966
-0.77442383 -2.6110802 -2.4236653 5365442.2 5375267.4
-0.85721128 -2.6804186 -2.4650801 5368498.7 5377842.7
-0.94638334 -2.7496551 -2.4976897 5371632 5380597.1
-1.0585581 -2.8326055 -2.5120344 5375353.3 5384151.7
-1.1683165 -2.9156851 -2.4753056 5378729.4 5387954.6
-1.2510806 -2.98603 -2.3989551 5381118.2 5391230.6
-1.3233767 -3.0605121 -2.2836508 5383154.9 5394607.1
-1.3834602 -3.1415155 -2.1343291 5384917.3 5398104.5
-1.428988 -3.2298612 -1.9589468 5386490 5401715
-1.459588 -3.3430581 -1.7106762 5388105.3 5406215.1
-1.4615004 -3.4345489 -1.4727166 5389109 5409983.8
-1.4344286 -3.5337932 -1.1362742 5389836.8 5414620.9
-1.3917071 -3.5986947 -0.84101172 5390147.5 5418362.4
-1.3160843 -3.6557747 -0.45211826 5390358.8 5423092.3
-1.2455265 -3.6781263 -0.1614482 5390600 5426711
-1.1497819 -3.6785086 0.15346155 5391267.2 5431037.2
-1.090845 -3.6646644 0.30797184 5391948.2 5433513.5
-1.0101706 -3.6318811 0.46399109 5393312.5 5436690.7
-0.92610036 -3.5847759 0.55745322 5395282.3 5439746.6
-0.84126108 -3.5286969 0.6106902 5397624.9 5442707.7
-0.75529286 -3.4659716 0.64998734 5400171.6 5445711
-0.64593686 -3.3787419 0.69664648 5403548.2 5449629.7
-0.5572476 -3.3023992 0.72480128 5406436 5452844.7
-0.49101864 -3.2416699 0.75941254 5408578.1 5455388.9
-0.38348325 -3.1344815 0.80815123 5412254.1 5459631.3
-0.29927741 -3.0421854 0.85425438 5415244.1 5463157
-0.21937027 -2.9451524 0.90951934 5418200.8 5466755.8
-0.14246255 -2.84207 0.95009818 5421318.7 5470345.2
-0.070287266 -2.7364377 0.99267716 5424407.3 5473928.6
0.012415406 -2.6044937 1.0291281 5428256.1 5478200.9
0.075347778 -2.4964194 1.0578487 5431350.4 5481628.9
0.11873404 -2.4176749 1.0765605 5433586 5484082
0.19184301 -2.278347 1.0985677 5437561.1 5488312.7
0.23410412 -2.1948057 1.1063588 5439957.1 5490799.3
0.29004314 -2.0833253 1.1050873 5443216.9 5494044.3
0.37667629 -1.9161963 1.0800488 5448271.1 5498807.6
0.45361639 -1.780218 1.0317183 5452625.9 5502600.8
0.52084937 -1.6730963 0.98889525 5456172.6 5505649.9
0.60867141 -1.5446788 0.95304839 5460437.6 5509498.5
0.66340316 -1.468373 0.9441015 5462938.3 5511895.1
0.73473105 -1.368584 0.95632798 5466065.7 5515164.7
0.82451505 -1.2391895 0.97205416 5470081.2 5519362.8
0.89418898 -1.1345576 0.99460033 5473228.1 5522771.7
0.97811632 -1.0029662 1.011509 5477199.7 5526939.8
1.0458933 -0.89279082 1.0270794 5480482.3 5530403.3
1.1286927 -0.75255948 1.0477794 5484608.5 5534770.1
1.1935998 -0.63829319 1.0606469 5487960.5 5538271.6
1.2718403 -0.49766668 1.0655037 5492128.6 5542496.1
1.3353102 -0.38317641 1.0637051 5495552.6 5545899.2
1.4107494 -0.24748014 1.063101 5499604.5 5549944.1
1.4714486 -0.13977524 1.0520886 5502892.3 5553103.9
1.5170568 -0.060715989 1.0430022 5505325.1 5555431.1
1.5942137 0.067797869 1.0171962 5509383.7 5559189.9
1.6579349 0.16871763 0.99801308 5512607.4 5562190.7
1.736285 0.2895855 0.99332031 5516390.7 5565919.4
1.7987051 0.38513184 0.99089364 5519380.8 5568881.4
1.8745039 0.50210572 1.0007667 5522958.1 5572573.3
1.9342919 0.59432538 0.99043697 5525883.9 5575379.2
2.0102479 0.70628939 0.95899769 5529594.6 5578724.5
2.0713679 0.78958146 0.91648454 5532535.5 5581171.5
2.1585841 0.89187161 0.81306431 5536641.6 5584075.9
2.2333604 0.96421047 0.7245994 5539868.5 5586274.9
2.3137632 1.0285132 0.62458636 5543134.2 5588378.4
2.4179643 1.0937962 0.49478211 5547094.7 5590830.7
2.5073987 1.1359796 0.38667021 5550301.2 5592781.1
2.6227684 1.1734635 0.24161756 5554307.1 5595101.5
2.7156223 1.1902284 0.11563654 5557499.4 5596830
2.8068232 1.1945111 -0.021788141 5560678.6 5598412.4
2.8967185 1.1864335 -0.15744115 5563820.3 5599977.8
2.9820449 1.1670134 -0.29013114 5566873 5601488.8
3.0833359 1.1273661 -0.45604379 5570673.3 5603361.3
3.1548632 1.0866133 -0.57971755 5573538.5 5604789.4
3.2337738 1.025583 -0.73691494 5577053 5606477.4
3.2864587 0.9716533 -0.8572318 5579718 5607744.3
3.3393803 0.90087523 -1.0002905 5582853.6 5609217.7
3.373682 0.83982288 -1.1175257 5585360.7 5610362.6
3.4049354 0.7612789 -1.2666616 5588431.5 5611700.5
3.4205048 0.69721328 -1.3981273 5590914.4 5612655.9
3.4263245 0.61756608 -1.5975888 5594155.7 5613579.5
3.4204612 0.56093446 -1.7503352 5596527.7 5614176.7
3.4086478 0.51376651 -1.8820704 5598561 5614679.3
3.3937166 0.47492543 -1.9935242 5600293.6 5615116.9
3.3773267 0.44276404 -2.0906879 5601799.3 5615493.6
3.3608943 0.41662536 -2.1733603 5603084.7 5615818.4
3.3443951 0.39442155 -2.2463469 5604230.1 5616115.7
3.3323151 0.38008777 -2.2958077 5605006.2 5616317.2
3.3173429 0.36415147 -2.3542161 5605915.8 5616548
3.3068361 0.35401846 -2.3943949 5606529.8 5616695.2
3.2991674 0.34723849 -2.4408468 5607066.6 5616692.2
3.3063847 0.35329693 -2.4456842 5606849 5616418.4
3.3313907 0.37487563 -2.4135825 5605801.2 5615743.7
3.3577972 0.39912897 -2.3837582 5604693 5614982
3.4027339 0.44207946 -2.3738234 5603014.4 5613418.8
3.4487562 0.48582219 -2.3893437 5601448.9 5611673
3.5154776 0.54640163 -2.4194657 5599273.9 5609148
3.5704597 0.59393538 -2.4379796 5597486.3 5607145.2
3.6233879 0.63802124 -2.4561973 5595795.9 5605243.2
3.6747573 0.67918458 -2.475897 5594193.8 5603412.2
3.7246723 0.71767123 -2.4936203 5592653.2 5601665.7
3.781125 0.75925822 -2.5197348 5590976.6 5599685.6
3.8180215 0.78480805 -2.5521392 5589994.6 5598327.1
3.8427182 0.8005919 -2.5936835 5589471.7 5597321.4
3.8553268 0.80791708 -2.6368934 5589342.5 5596690.2
3.8522075 0.80628078 -2.6800744 5589685.2 5596531.1
3.8367299 0.79906085 -2.7301682 5590421.6 5596685.5
3.8097713 0.78853758 -2.8087001 5591632.4 5596983.8
3.7726738 0.77804762 -2.9233388 5593303.7 5597323.1
3.713712 0.77070063 -3.1119129 5595948.7 5597776.9
3.6625681 0.77330118 3.0103052 5598219.2 5598177.1
3.6086103 0.78512042 2.8415994 5600639.7 5598637.3
3.556599 0.80612271 2.6740262 5603075.9 5599126.4
3.5087348 0.83557751 2.5058507 5605518.4 5599614.8
3.4587725 0.88104961 2.3005699 5608472.7 5600183.8
3.4341438 0.91211686 2.1816376 5610197.4 5600526.7
3.4080228 0.95607591 2.0322621 5612398.6 5600992.2
3.3850275 1.0151145 1.8521658 5615097.1 5601598
3.3761941 1.0528463 1.7493631 5616704.8 5602011.3
3.3699792 1.1056626 1.6264958 5618805.4 5602684.2
3.3695496 1.1588803 1.53124 5620746.5 5603518.5
3.3743001 1.2162962 1.4452524 5622748.4 5604521.2
3.3840749 1.2753743 1.3684004 5624756.3 5605636.2
3.3979353 1.3342645 1.3108858 5626668.1 5606879.6
3.4145843 1.3934255 1.2820583 5628438.2 5608314.8
3.4323775 1.4536432 1.2849239 5630058.9 5609968.8
3.4537669 1.5339314 1.335947 5631929 5612431.8
3.4673395 1.6000973 1.4009997 5633312.4 5614571
3.4761669 1.6677309 1.4810226 5634626 5616814.5
3.4789966 1.7404406 1.5827736 5635932.3 5619303
3.4742347 1.8124657 1.6908581 5637186.6 5621813.2
3.4571328 1.9005378 1.8343216 5638692.5 5624986.1
3.4336559 1.9700746 1.9584753 5639885 5627621.2
3.4014938 2.0364083 2.0860302 5641066.3 5630284.6
3.3612583 2.0981945 2.2100074 5642268.6 5632927.5
3.3136706 2.1542209 2.3398518 5643431.1 5635598.7
3.2462347 2.2135483 2.5002953 5644841.1 5638872.9
3.1866648 2.2524163 2.6266612 5645961.7 5641461.8
3.1236316 2.2830493 2.751783 5647062.2 5644016.2
3.0573048 2.3057132 2.8728798 5648186.4 5646547.5
2.9860499 2.3207391 2.9946423 5649377.9 5649153.8
2.9154995 2.3269556 3.1127699 5650538.4 5651686.9
2.8444605 2.3248144 -3.0525054 5651706.6 5654225.1
2.7772685 2.3150974 -2.9434417 5652843.3 5656629.1
2.712099 2.2984508 -2.8395688 5653993.8 5658986.5
2.6299607 2.2671051 -2.7144911 5655559.6 5662005.6
2.5656918 2.2345461 -2.6308571 5656952.4 5664370.2
2.4854909 2.1842996 -2.5329614 5658851.5 5667406.8
2.4220392 2.1362692 -2.4543439 5660469.8 5669938.7
2.3626585 2.0841241 -2.3876199 5662142.9 5672387
2.3054787 2.0272012 -2.329273 5663907.8 5674829.9
2.2486313 1.9638478 -2.2749683 5665811.9 5677364.9
2.1957625 1.8984623 -2.2265141 5667723 5679839
2.1351066 1.8143157 -2.1642252 5670065.9 5682905.8
2.0684681 1.7060138 -2.0805598 5672895.7 5686707.7
2.0191514 1.6110092 -2.0186505 5675327.3 5689858.6
1.9835509 1.531009 -1.9603268 5677271.7 5692480.7
1.946551 1.4302152 -1.8848942 5679633.3 5695718.8
1.9222961 1.3486699 -1.8349129 5681561.3 5698227.6
1.8982463 1.2473764 -1.7729008 5683915.8 5701302.6
1.8842216 1.16898 -1.7227355 5685701.1 5703670.8
1.8726401 1.076028 -1.6667726 5687818.5 5706438.4
1.8672322 1.0009626 -1.6186576 5689501.4 5708680.5
1.8662654 0.90272687 -1.5426181 5691621.4 5711683.9
1.871515 0.82463759 -1.4647252 5693209.7 5714177.3
1.8889985 0.72459467 -1.3308418 5695080.1 5717603.4
1.9131174 0.64756455 -1.2038704 5696447.2 5720445.9
1.9623903 0.54992419 -1.0030214 5698132.2 5724464.6
2.01568 0.48143341 -0.81613804 5699309.4 5727813.2
2.0816655 0.42421067 -0.61265373 5700404.7 5731272.9
2.15945 0.38137522 -0.39409797 5701450.5 5734858.2
2.2494736 0.35532747 -0.16920544 5702587.7 5738608.5
2.3233521 0.34898657 -0.0020325127 5703550 5741513.3
2.479345 0.3725069 0.30133441 5705901.1 5747389.4
2.6071517 0.42727915 0.50842208 5708323.8 5752218.3
2.700172 0.48759691 0.64212811 5710437.9 5755886
2.8030516 0.57676513 0.78611854 5713151.5 5760272.7
2.8750793 0.65527061 0.87068983 5715438.3 5763542.2
2.9402105 0.7377442 0.93401808 5717810.7 5766650.4
2.9992538 0.82209796 0.98619167 5720192.5 5769638.4
3.0515277 0.90448078 1.024564 5722513.7 5772405.5
3.0887166 0.96772485 1.0538973 5724256.5 5774489.1
3.1440725 1.073397 1.1226119 5726967.9 5777999
3.1812068 1.1593368 1.2032474 5728940.7 5780908.7
3.2167982 1.2748235 1.3404457 5731294.8 5784856.9
3.2320047 1.3693785 1.4822332 5732968.3 5788178
3.2317338 1.4676145 1.6648763 5734468.8 5791800.7
3.2129189 1.5621376 1.8696821 5735792.1 5795503.7
3.1861237 1.6290931 2.0332565 5736722.3 5798334.6
3.1332181 1.7100489 2.2660166 5737891.9 5802208.6
3.0430894 1.7895575 2.5714184 5739251.5 5807116.9
2.9558531 1.8308106 2.8283181 5740275.3 5811125.7
2.8370661 1.8488918 -3.1304296 5741523.6 5816143.8
2.7425817 1.8360361 -2.8822936 5742568.5 5820071.8
2.6752718 1.8117384 -2.70804 5743422.1 5822950.2
2.5912112 1.7619468 -2.5056247 5744793.8 5826673.8
2.5137019 1.6953127 -2.3573735 5746597.8 5830200.5
2.4576019 1.6354549 -2.2902255 5748346.9 5832729.8
2.3875119 1.5500619 -2.2259502 5750854.2 5835983.9
2.3025848 1.436316 -2.1983355 5754395.3 5839845.9
2.2326824 1.3401428 -2.2002819 5757506.9 5842934.9
2.1458669 1.2222276 -2.2106016 5761385.1 5846693.2
2.0740577 1.1259666 -2.2128428 5764529.7 5849811.7
1.9856806 1.0076172 -2.2115819 5768374 5853670.6
1.9152157 0.91212956 -2.2014967 5771409.9 5856823.7
1.8457947 0.8160576 -2.1915553 5774442.9 5859972.2
1.7800669 0.72339792 -2.1839796 5777361.2 5862978.6
1.7133417 0.62862902 -2.1845353 5780386.7 5865997.6
1.6278087 0.51131067 -2.2169952 5784361.2 5869595
1.5555391 0.41909242 -2.2540187 5787631.4 5872435
1.4979575 0.35042159 -2.2831513 5790137.5 5874602.6
1.402082 0.24376116 -2.3228396 5794107.8 5878111.8
1.3220532 0.1604264 -2.349081 5797273.1 5880972.1
1.2401165 0.078836616 -2.3675507 5800395.6 5883880
1.1603109 0.0021663923 -2.3849086 5803382.2 5886664.9
1.0761362 -0.076225721 -2.3985917 5806461.1 5889584.8
0.94689119 -0.19533405 -2.3953828 5811025.5 5894186.5
0.83624098 -0.29859634 -2.3860529 5814917.8 5898187.3
0.74971643 -0.38171594 -2.366473 5817932.7 5901429.6
0.66378973 -0.468034 -2.3413716 5820962.8 5904751.4
0.57846894 -0.55946831 -2.3018701 5823994.4 5908241.9
0.50053224 -0.65001869 -2.2610689 5826872.7 5911594.3
0.42477585 -0.74497291 -2.2273445 5829844.2 5914957.7
0.3525358 -0.84017045 -2.2125223 5832874.3 5918160
0.29716782 -0.91433526 -2.2116534 5835282.6 5920578.5
0.22287326 -1.0138723 -2.2123271 5838525.4 5923813.4
0.13015639 -1.1387866 -2.2063031 5842546.8 5927904.8
0.05628345 -1.23986 -2.1975981 5845760.8 5931219.9
-0.035459851 -1.3664455 -2.1982878 5849841.3 5935292.5
-0.10680974 -1.4646868 -2.1995877 5853015 5938451
-0.17885989 -1.5628562 -2.208287 5856240.8 5941575.8
-0.24797083 -1.6548857 -2.2215425 5859318.9 5944499.9
-0.31937285 -1.7463327 -2.2458999 5862485.8 5947383.7
-0.41099658 -1.8563291 -2.2847405 5866444.4 5950891
-0.48534719 -1.9390718 -2.3209081 5869555.2 5953581.6
-0.5630912 -2.0198089 -2.3537133 5872668.5 5956313.7
-0.64029302 -2.0951682 -2.3828286 5875650.8 5958957.7
-0.71707618 -2.1651673 -2.4219321 5878587.4 5961439.9
-0.82049325 -2.2509058 -2.4768366 5882409.3 5964623.8
-0.883254 -2.2984806 -2.5091019 5884650.3 5966490
-0.96900373 -2.3585851 -2.5513846 5887626.6 5968974.9
-1.081273 -2.4306646 -2.5903058 5891331.6 5972227.8
-1.1498472 -2.4718315 -2.611561 5893540.7 5974189.9
-1.2439504 -2.5253589 -2.6372747 5896513.1 5976863.5
-1.3609142 -2.5911513 -2.6211277 5899918.7 5980456.7
-1.4523519 -2.646511 -2.5732444 5902427.8 5983522.1
-1.5583847 -2.7246033 -2.4403412 5905089.5 5987728.1
-1.6289345 -2.7942631 -2.284743 5906770.8 5991217.4
-1.694156 -2.8913532 -2.039894 5908398.2 5995689.8
-1.7198019 -2.9549903 -1.8678835 5909188 5998478.2
-1.7349907 -3.0410335 -1.6231606 5910044.5 6002178.3
-1.7231502 -3.1433321 -1.2879672 5910782.5 6006811.1
-1.6911037 -3.2147208 -1.0097467 5911206.6 6010467.9
-1.6415538 -3.2727619 -0.71856439 5911504.9 6014149.6
-1.5967247 -3.3044907 -0.51328145 5911744.4 6016774.4
-1.5089662 -3.3363429 -0.18305295 5912260.3 6021127.4
-1.4325262 -3.3417924 0.040710806 5912958.6 6024425.7
-1.3550651 -3.3311023 0.23356865 5913877.2 6027585.1
-1.2715943 -3.3042183 0.38960326 5915257.3 6030778.3
-1.1854949 -3.263901 0.48627351 5917174.8 6033819.1
-1.0727354 -3.1995152 0.55137455 5920182.5 6037583.2
-0.98228491 -3.1421914 0.57837178 5922818 6040532.4
-0.86602908 -3.0641929 0.60351219 5926322.5 6044329
-0.77113004 -2.9976477 0.61957776 5929251.5 6047444.7
-0.65324801 -2.9114739 0.64290489 5932923.6 6051387.8
-0.55695156 -2.8372571 0.67034564 5935934.4 6054717.5
-0.43792419 -2.7392197 0.70765139 5939738.7 6058955.2
-0.34215915 -2.6532772 0.75513617 5942818.1 6062586.4
-0.24936367 -2.5622429 0.79650062 5945967.5 6066216.4
-0.16041891 -2.4660133 0.8529356 5949056.6 6069961.3
-0.076091279 -2.3633069 0.91376031 5952168.5 6073779.9
0.0020297494 -2.2552876 0.97555987 5955285.6 6077615.1
0.072184108 -2.1430939 1.0484074 5958312.8 6081488.7
0.13330611 -2.0287476 1.1114021 5961327.7 6085235.6
0.20069208 -1.8750144 1.2039756 5965166.8 6090150.4
0.2430018 -1.7511588 1.2792639 5968142.3 6094000.7
0.28079037 -1.5961121 1.3842026 5971694 6098771.7
0.29446323 -1.5050115 1.4594435 5973659 6101610.9
0.30057229 -1.3546811 1.6009187 5976760.3 6106356.1
0.28982682 -1.2366381 1.7222341 5979146.3 6110151.7
0.26456773 -1.1223584 1.8544207 5981430.2 6113971.6
0.22703291 -1.016883 1.9709494 5983672.5 6117567.9
0.16505786 -0.89506694 2.1119043 5986417.6 6121950.7
0.10515882 -0.80670369 2.2211295 5988566.7 6125369
0.022628152 -0.71211744 2.3553378 5991060.3 6129422
-0.052134876 -0.64455061 2.4580852 5993091 6132646.6
-0.13104138 -0.58658779 2.5579874 5995063.7 6135780.1
-0.21147689 -0.5388593 2.6541287 5996944 6138777.5
-0.29294256 -0.50032144 2.7453338 5998764.1 6141657.4
-0.39898529 -0.46272914 2.8564928 6001052.1 6145237
-0.48195703 -0.44196945 2.9363551 6002818.4 6147931.2
-0.58322633 -0.42625908 3.0390149 6004894.2 6151199.9
-0.66315851 -0.42147788 3.1246813 6006484.6 6153785.6
-0.75621069 -0.42371212 -3.0766693 6008436.2 6156688.2
-0.82285691 -0.42956117 -3.0314391 6009918 6158695.5
-0.88524376 -0.43737056 -3.002688 6011390.5 6160502
-0.90622693 -0.44037441 -2.9961197 6011905 6161092.9
-0.92216143 -0.44273938 -2.9923801 6012303.4 6161534.7
-0.92601582 -0.44332336 -2.990073 6012391.6 6161649.8
-0.9217727 -0.44268176 -2.9929708 6012296.6 6161521
-0.91449662 -0.44160626 -2.996712 6012126.5 6161307.5
-0.90984733 -0.44092773 -2.9966341 6012003.5 6161185.4
-0.906302 -0.44041171 -2.9974862 6011915.1 6161087.1
-0.90454685 -0.44015766 -2.9982032 6011873 6161036.7
-0.90477164 -0.44019014 -2.9979971 6011877.7 6161043.8
-0.90573881 -0.44033016 -2.9976403 6011901.1 6161071.3
-0.90601691 -0.4403705 -2.9974875 6011907.6 6161079.6
-0.90591603 -0.44035586 -2.9975468 6011905.2 6161076.6
-0.90582043 -0.44034199 -2.9974875 6011902.4 6161074.4
-0.90589563 -0.4403529 -2.9975654 6011904.8 6161075.9
-0.90589875 -0.44035335 -2.9975633 6011904.9 6161076
-0.90588202 -0.44035092 -2.9974875 6011904 6161076
-0.90589494 -0.4403528 -2.9975461 6011904.7 6161076
-0.90589132 -0.44035227 -2.9974453 6011904 6161076.5
-0.90589201 -0.44035237 -2.9974422 6011904 6161076.5
-0.90580074 -0.44033912 -2.9972697 6011900.6 6161075.1
-0.90569112 -0.4403232 -2.9974926 6011899 6161070.9
-0.90534857 -0.44027336 -2.9967209 6011885.5 6161066.4
-0.90474827 -0.44018616 -2.9979591 6011876.9 6161043.4
-0.90321079 -0.43996692 -3.0019408 6011859.5 6160979.8
-0.89690479 -0.43913411 -3.0186344 6011790.6 6160716.9
-0.88522887 -0.43783435 -3.0428232 6011624.8 6160270
-0.86261907 -0.43607058 -3.0846598 6011276.5 6159435.6
-0.84333585 -0.43527782 -3.1163482 6010957.4 6158748.3
-0.82859699 -0.43501001 -3.1305015 6010655.2 6158281.6
-0.81899266 -0.4348866 -3.1269846 6010384.3 6158051.6
-0.81309476 -0.43475899 -3.1129342 6010148.8 6157979.4
-0.80901541 -0.43460573 -3.0951483 6009939.1 6157976.3
-0.80555687 -0.43441718 -3.0791132 6009755.6 6157979.1
-0.80304832 -0.43424682 -3.0684532 6009628.1 6157975.5
-0.8027012 -0.43422082 -3.0652312 6009600.3 6157985.1
-0.80336009 -0.43427127 -3.0651239 6009616.9 6158003
-0.80309544 -0.43425099 -3.0651224 6009610 6157996.1
-0.80315068 -0.43425507 -3.0705522 6009643 6157966
-0.8062633 -0.43442439 -3.1039449 6009918.2 6157853.3
-0.81232699 -0.43444477 3.1106645 6010474.8 6157613
-0.82148812 -0.43372665 3.0160668 6011264 6157303
-0.83388307 -0.43150152 2.9118633 6012197.7 6157026
-0.84817582 -0.42757291 2.8348367 6013031.8 6156965
-0.86396511 -0.42226225 2.7994305 6013671.9 6157193.7
-0.87769923 -0.41723962 2.7825619 6014151.2 6157477
-0.88735358 -0.41350192 2.7618596 6014541.4 6157626.7
-0.89430092 -0.41063364 2.7382392 6014874.6 6157685.5
-0.90047353 -0.40791951 2.7164258 6015177.2 6157734.6
-0.90345708 -0.40655036 2.7062989 6015321.6 6157761.3
-0.90448584 -0.40606988 2.7030112 6015370.3 6157771.8
-0.90373775 -0.40641966 2.7054505 6015334.6 6157764.5
-0.90315947 -0.40668842 2.7076038 6015305.5 6157760.4
-0.90318594 -0.40667615 2.707493 6015306.9 6157760.5
-0.90329973 -0.40662338 2.707193 6015311.9 6157762
-0.90326663 -0.40663873 2.7073568 6015310 6157762
-0.90328037 -0.40663236 2.7072888 6015310.8 6157762
-0.90331777 -0.40661501 2.7071847 6015312.5 6157762.5
-0.90329933 -0.40662357 2.7071238 6015312.3 6157761.6
-0.90333786 -0.40660569 2.7070453 6015313.9 6157762.2
-0.90335667 -0.40659696 2.7069416 6015315 6157762.2
-0.90336617 -0.40659255 2.7070364 6015314.7 6157763
-0.90337078 -0.40659041 2.70697 6015315.2 6157762.7
-0.90327011 -0.40663712 2.7071789 6015311.1 6157761.1
-0.90328174 -0.40663173 2.7071903 6015311.4 6157761.5
-0.90331882 -0.40661453 2.7072151 6015312.3 6157762.7
-0.90328403 -0.40663067 2.7072707 6015311 6157762
-0.90329986 -0.40662332 2.7071924 6015311.9 6157762
-0.90333244 -0.40660821 2.7071847 6015312.9 6157762.9
-0.903312 -0.40661769 2.7071847 6015312.3 6157762.3
-0.90335286 -0.40659873 2.7071023 6015314 6157763
-0.903327 -0.40661073 2.7071391 6015313 6157762.5
-0.90332643 -0.406611 2.7071363 6015313 6157762.4
-0.90333621 -0.40660646 2.7071847 6015313 6157763
-0.90333621 -0.40660646 2.7071847 6015313 6157763
-0.90332585 -0.40661126 2.7071334 6015313 6157762.4
-0.90333276 -0.40660806 2.7071676 6015313 6157762.8
-0.90333621 -0.40660646 2.7071847 6015313 6157763
-0.90331942 -0.40661425 2.7071016 6015313 6157762
-0.90333621 -0.40660646 2.7071847 6015313 6157763
-0.90331004 -0.4066186 2.7071847 6015312.2 6157762.2
-0.90332075 -0.40661363 2.7071847 6015312.6 6157762.6
-0.90331882 -0.40661453 2.7072053 6015312.4 6157762.6
-0.90331882 -0.40661453 2.7071459 6015312.7 6157762.3
-0.9033276 -0.40661045 2.7072273 6015312.5 6157763
-0.90331882 -0.40661453 2.7072707 6015312 6157763
-0.90333125 -0.40660876 2.7072092 6015312.7 6157763
-0.90332529 -0.40661152 2.7072387 6015312.4 6157763
-0.90331741 -0.40661518 2.7072638 6015312 6157762.9
-0.90332849 -0.40661004 2.7071465 6015313 6157762.6
-0.90331882 -0.40661453 2.7072647 6015312 6157763
-0.90331882 -0.40661453 2.7071836 6015312.5 6157762.5
-0.90323279 -0.40665442 2.7075747 6015307.8 6157762.3
-0.90299608 -0.40676402 2.7083508 6015296.5 6157760
-0.90312192 -0.40670578 2.7078722 6015302.8 6157760.8
-0.90312222 -0.40670564 2.7079592 6015302.3 6157761.3
-0.90312958 -0.40670223 2.7078626 6015303.1 6157761
-0.90309904 -0.40671638 2.7078837 6015302.1 6157760.2
-0.90309265 -0.40671933 2.7080453 6015301 6157761
-0.90308226 -0.40672414 2.7080967 6015300.4 6157761
-0.90303452 -0.40674624 2.7081985 6015298.4 6157760.2
-0.90307466 -0.40672766 2.7080176 6015300.6 6157760.3
-0.90310937 -0.40671159 2.7079559 6015302 6157761
-0.90309265 -0.40671933 2.707968 6015301.4 6157760.6
-0.90313221 -0.40670101 2.7078496 6015303.3 6157761
-0.90311863 -0.4067073 2.7079168 6015302.5 6157761
-0.90312682 -0.40670351 2.7078763 6015303 6157761
-0.90313675 -0.40669891 2.7078271 6015303.5 6157761
-0.90311315 -0.40670984 2.7079282 6015302.3 6157760.9
-0.9030257 -0.40675031 2.7082947 6015297.6 6157760.5
-0.9032466 -0.406648 2.7074515 6015308.9 6157762
-0.90318326 -0.40667736 2.7076604 6015305.8 6157761.4
-0.90314485 -0.40669516 2.7078484 6015303.6 6157761.4
-0.90316325 -0.40668663 2.7077771 6015304.6 6157761.5
-0.90321704 -0.40666172 2.7077254 6015306.4 6157762.7
-0.90319211 -0.40667327 2.7077254 6015305.7 6157762
-0.90319704 -0.40667098 2.707701 6015306 6157762
-0.90318264 -0.40667766 2.7077723 6015305.2 6157762
-0.90318264 -0.40667766 2.7077723 6015305.2 6157762
