0.0879124 -0.00854953 -0.0250874
0.180623 -0.0286008 -0.0535688
0.289769 -0.0482189 -0.0769431
0.377622 -0.0479857 -0.0694391
0.525425 -0.0392914 -0.0281218
0.587436 -0.0311397 0.0130861
0.708616 0.00292046 0.110666
0.82731 0.045756 0.176341
0.922308 0.112407 0.266718
1.01277 0.16284 0.329162
1.0882 0.217357 0.395276
1.19871 0.321487 0.515419
1.26611 0.392603 0.58846
1.3367 0.474647 0.661946
1.42365 0.56314 0.716842
1.48734 0.639348 0.770139
1.54016 0.70682 0.797953
1.63526 0.798364 0.799384
1.71053 0.871045 0.801924
1.82759 0.954878 0.749062
1.92201 1.01416 0.701501
2.02853 1.06656 0.636163
2.14233 1.10874 0.561337
2.25738 1.14144 0.484322
2.42114 1.16693 0.363066
2.55419 1.17185 0.255417
2.70931 1.13793 0.0991955
2.80641 1.1279 0.037701
2.93441 1.0882 -0.0683381
3.04188 1.04589 -0.153101
3.16178 0.996873 -0.22427
3.26763 0.956977 -0.264463
3.37293 0.920387 -0.288716
3.48623 0.876381 -0.31018
3.58444 0.841623 -0.311561
3.68729 0.793023 -0.328426
3.79847 0.7519 -0.335158
3.89752 0.715952 -0.34022
4.00033 0.660901 -0.378647
4.10281 0.610988 -0.3992
4.2023 0.560992 -0.418865
4.3251 0.485442 -0.466745
4.41609 0.441638 -0.471436
4.51818 0.377453 -0.504316
4.61814 0.317428 -0.520241
4.68918 0.275478 -0.525176
4.78369 0.20647 -0.559613
4.86194 0.144802 -0.589613
4.95264 0.0775251 -0.593907
5.04184 -0.00675964 -0.622177
5.15667 -0.0906099 -0.625214
5.24163 -0.167454 -0.644861
5.33877 -0.290389 -0.720588
5.4047 -0.394005 -0.800388
5.44588 -0.516283 -0.929988
5.47128 -0.669487 -1.10672
5.45897 -0.804736 -1.27915
5.40796 -0.956094 -1.50134
5.33489 -1.06359 -1.70012
5.27381 -1.12882 -1.84099
5.1386 -1.22061 -2.09933
5.02062 -1.26211 -2.29696
4.86623 -1.26885 -2.56953
4.73164 -1.25228 -2.78848
4.6398 -1.19153 -3.01791
4.54371 -1.13066 3.05376
4.48549 -1.08147 2.89537
4.41481 -0.997136 2.69768
4.33057 -0.884918 2.50774
4.26267 -0.795858 2.41903
4.17535 -0.70817 2.38992
4.12253 -0.616319 2.40615
4.03831 -0.561897 2.44237
3.94643 -0.510744 2.47444
3.88802 -0.474022 2.48585
3.82004 -0.422655 2.48885
3.75258 -0.36926 2.48717
3.66931 -0.292055 2.47078
3.55367 -0.166553 2.40735
3.45738 -0.0571678 2.37192
3.38116 0.0338377 2.33788
3.27756 0.140402 2.33395
3.2074 0.227265 2.3053
3.13404 0.322984 2.27741
3.06219 0.416125 2.25605
3.00191 0.520199 2.20657
2.9591 0.597416 2.17887
2.88757 0.728552 2.13581
2.85196 0.851063 2.05536
2.82089 0.971904 1.98966
2.79688 1.10614 1.8985
2.78557 1.22076 1.82303
2.79062 1.37578 1.70533
2.81291 1.48495 1.61671
2.86422 1.61702 1.48298
2.90504 1.72465 1.3901
2.95657 1.81453 1.30201
3.02371 1.90906 1.19928
3.08466 1.99642 1.13344
3.15447 2.0953 1.09097
3.21087 2.17949 1.06396
3.26679 2.25774 1.03755
3.35374 2.38282 1.00601
3.42027 2.47556 0.984676
3.47122 2.53504 0.957119
3.54469 2.63049 0.940097
3.61259 2.71735 0.928766
3.68918 2.80521 0.903394
3.789 2.93707 0.901994
3.85794 3.0184 0.888518
3.93568 3.10752 0.87339
4.04886 3.23874 0.862761
4.11192 3.29519 0.831099
4.19773 3.37976 0.813382
4.28281 3.45968 0.792825
4.37006 3.53325 0.771103
4.46003 3.6255 0.788287
4.54236 3.69901 0.774178
4.62534 3.77507 0.766344
4.73374 3.88044 0.769258
4.80262 3.93764 0.751333
4.88839 4.01907 0.755704
4.98672 4.11476 0.756864
5.07248 4.18663 0.741333
5.20153 4.31434 0.748748
5.28453 4.38151 0.728425
5.37747 4.48196 0.743552
5.51244 4.59393 0.71519
5.60584 4.68651 0.732639
5.68307 4.75817 0.736635
5.76171 4.83416 0.753572
5.83211 4.92764 0.801013
5.89735 5.00415 0.82291
5.95674 5.09043 0.859207
6.01699 5.18556 0.897476
6.07867 5.27601 0.915173
6.13482 5.37223 0.948495
6.18436 5.46803 0.98654
6.23553 5.5611 1.00604
6.27558 5.64258 1.02346
6.32725 5.75779 1.06405
6.37081 5.85561 1.08892
6.41073 5.94286 1.11494
6.45588 6.06365 1.14484
6.49182 6.16054 1.15943
6.5287 6.24309 1.15979
6.58678 6.35893 1.14519
6.63993 6.45418 1.11922
6.70094 6.55441 1.08563
6.75904 6.63415 1.04567
6.81612 6.70104 1.00265
6.89583 6.77499 0.931686
7.0381 6.86413 0.786858
7.16563 6.90698 0.644089
7.27344 6.93304 0.528429
7.42812 6.93676 0.331256
7.50527 6.9254 0.230372
7.61378 6.89065 0.0749991
7.69554 6.85605 -0.028057
7.81269 6.77444 -0.206149
7.89339 6.6896 -0.359799
7.96902 6.58225 -0.545588
8.0031 6.47 -0.710331
8.01961 6.3337 -0.923545
7.9962 6.22505 -1.13403
7.94506 6.10032 -1.3991
7.87159 6.01355 -1.62749
7.76204 5.93406 -1.89507
7.65584 5.89334 -2.10686
7.52013 5.86275 -2.3624
7.42732 5.86125 -2.50159
7.31546 5.83505 -2.61044
7.24567 5.8185 -2.62518
7.17811 5.77564 -2.61194
7.11033 5.72973 -2.60008
7.04247 5.67783 -2.57797
6.97375 5.61529 -2.54502
6.91465 5.56564 -2.52969
6.83673 5.49764 -2.51054
6.78102 5.4392 -2.48651
6.707 5.36886 -2.45722
6.65835 5.32138 -2.44114
6.61132 5.27324 -2.42354
6.56756 5.22804 -2.40512
6.50789 5.16415 -2.38712
6.43648 5.08793 -2.35822
6.39186 5.03586 -2.33888
6.33491 4.96475 -2.31882
6.28205 4.90957 -2.29667
6.22814 4.83784 -2.26544
6.17377 4.76584 -2.24482
6.10042 4.68226 -2.24477
6.04304 4.61018 -2.23813
5.97482 4.5328 -2.24134
5.91775 4.47552 -2.2602
5.85811 4.41426 -2.2765
5.76741 4.31316 -2.28224
5.67446 4.22508 -2.30794
5.60161 4.16168 -2.32506
5.52769 4.08933 -2.336
5.45176 4.02726 -2.36307
5.36969 3.95797 -2.38302
5.28314 3.89076 -2.40472
5.16978 3.80975 -2.43852
5.08356 3.74747 -2.45007
4.96412 3.64855 -2.44921
4.87907 3.57646 -2.44064
4.76951 3.47662 -2.42649
4.68033 3.391 -2.418
4.56975 3.27928 -2.40033
4.48312 3.1939 -2.39034
4.39097 3.08321 -2.36136
4.29218 2.97257 -2.33647
4.20811 2.85912 -2.29695
4.13579 2.75929 -2.25976
4.04348 2.64062 -2.23067
3.96626 2.53425 -2.20069
3.86963 2.40835 -2.19886
3.80674 2.31533 -2.18689
3.74368 2.23081 -2.19287
3.64876 2.10639 -2.19614
3.57505 2.00289 -2.18888
3.47995 1.88024 -2.19689
3.4103 1.78061 -2.18133
3.30307 1.65684 -2.2011
3.23135 1.55298 -2.1965
3.12365 1.44195 -2.2319
3.05134 1.36693 -2.24573
2.96764 1.27268 -2.26362
2.89355 1.20492 -2.29043
2.78015 1.08397 -2.29838
2.67689 0.994259 -2.32539
2.55798 0.883593 -2.34574
2.45851 0.79151 -2.36534
2.35726 0.701732 -2.37545
2.23666 0.585983 -2.38147
2.1033 0.461298 -2.38385
2.0052 0.367935 -2.37403
1.89159 0.251673 -2.34149
1.79954 0.150228 -2.31365
1.71031 0.0541122 -2.29715
1.62605 -0.0488726 -2.27006
1.5347 -0.150648 -2.26626
1.45843 -0.250544 -2.2407
1.34622 -0.384026 -2.23713
1.27 -0.485896 -2.22113
1.16607 -0.614333 -2.21612
1.08725 -0.721419 -2.20385
1.0284 -0.805355 -2.19405
0.958134 -0.883337 -2.21373
0.854661 -1.00453 -2.22594
0.762853 -1.10348 -2.25718
0.653874 -1.2306 -2.26941
0.561035 -1.33139 -2.28285
0.467951 -1.44458 -2.27552
0.389669 -1.54766 -2.25958
0.293906 -1.67122 -2.23496
0.221781 -1.77473 -2.21503
0.13821 -1.87053 -2.22334
0.0667327 -1.96737 -2.21318
-0.0107556 -2.06616 -2.21521
-0.0727075 -2.13897 -2.22078
-0.15163 -2.25626 -2.20367
-0.240419 -2.3651 -2.22105
-0.331367 -2.48588 -2.21944
-0.441342 -2.60427 -2.25094
-0.542675 -2.71497 -2.26104
-0.617104 -2.78353 -2.28458
-0.714273 -2.86965 -2.3159
-0.821052 -2.97453 -2.33029
-0.912114 -3.05381 -2.35067
-1.02165 -3.15824 -2.36007
-1.09907 -3.22266 -2.37764
-1.1821 -3.28556 -2.40819
-1.30138 -3.36084 -2.46102
-1.40235 -3.40739 -2.52491
-1.52947 -3.44559 -2.63526
-1.61023 -3.44927 -2.7252
-1.70784 -3.44666 -2.83793
-1.82625 -3.40962 -3.01723
-1.90866 -3.3643 3.10956
-1.97244 -3.30474 2.95555
-2.03833 -3.21114 2.73775
-2.06495 -3.14631 2.59958
-2.08363 -3.04002 2.374
-2.07646 -2.95506 2.1817
-2.04005 -2.8527 1.94011
-2.00686 -2.80078 1.8011
-1.95321 -2.73498 1.61701
-1.89771 -2.69686 1.46676
-1.79853 -2.65588 1.22575
-1.71747 -2.64059 1.04374
-1.63408 -2.64394 0.869357
-1.5581 -2.65048 0.693977
-1.49037 -2.67314 0.535808
-1.40911 -2.7023 0.356426
-1.3512 -2.74635 0.230852
-1.29856 -2.77173 0.15803
-1.24561 -2.7691 0.133525
-1.19848 -2.75614 0.160336
-1.14423 -2.72878 0.224143
-1.09479 -2.69197 0.295035
-1.04586 -2.64523 0.379616
-0.980939 -2.57405 0.475716
-0.948102 -2.52866 0.532286
-0.908677 -2.46298 0.617785
-0.867635 -2.37687 0.721919
-0.832054 -2.31225 0.786836
-0.794566 -2.21064 0.889843
-0.774921 -2.14107 0.960158
-0.751362 -2.06993 1.02311
-0.730074 -1.99338 1.07906
-0.709838 -1.91829 1.12325
-0.686329 -1.84783 1.14478
-0.663965 -1.77863 1.15908
-0.641894 -1.70046 1.1702
-0.622635 -1.64882 1.17486
-0.593095 -1.57561 1.16996
-0.571032 -1.51578 1.17021
-0.550376 -1.45686 1.17896
-0.540766 -1.41545 1.19282
-0.525628 -1.36156 1.20468
-0.510146 -1.31444 1.20964
-0.490557 -1.26964 1.2104
-0.473432 -1.21936 1.21328
-0.462637 -1.18464 1.2164
-0.44862 -1.14185 1.22218
-0.440037 -1.11326 1.22638
-0.43401 -1.09404 1.22847
-0.423131 -1.0663 1.22971
-0.41561 -1.04708 1.22841
-0.408852 -1.02512 1.23025
-0.40362 -1.01181 1.22962
-0.396985 -0.998793 1.2308
-0.395154 -0.991166 1.23092
-0.39321 -0.984427 1.23133
-0.39216 -0.978799 1.22962
-0.388749 -0.97887 1.23099
-0.391271 -0.978106 1.23037
-0.391636 -0.978972 1.23057
-0.391928 -0.979612 1.23078
-0.392162 -0.980146 1.23095
-0.392292 -0.980479 1.23101
-0.392665 -0.981434 1.23117
-0.392802 -0.981757 1.23126
-0.392994 -0.982279 1.23132
-0.393148 -0.982661 1.23139
-0.39332 -0.982974 1.23159
-0.393442 -0.983316 1.23161
-0.393671 -0.98387 1.23174
-0.393706 -0.983956 1.23176
-0.393847 -0.984298 1.23184
-0.393927 -0.984491 1.23189
-0.394053 -0.984798 1.23196
-0.394216 -0.985152 1.23209
-0.394347 -0.985491 1.23214
-0.394579 -0.986037 1.23229
-0.394808 -0.986634 1.23239
-0.394907 -0.986872 1.23244
-0.394961 -0.987004 1.23247
-0.395019 -0.987145 1.2325
-0.39513 -0.987464 1.23253
-0.395288 -0.9878 1.23266
-0.395305 -0.987924 1.23259
-0.395391 -0.98805 1.23272
-0.395688 -0.988774 1.23288
-0.395793 -0.989031 1.23294
-0.395875 -0.989157 1.23306
-0.395819 -0.989093 1.23296
-0.39584 -0.989144 1.23297
-0.395974 -0.98947 1.23304
-0.396168 -0.989944 1.23315
-0.396312 -0.99038 1.23316
-0.39652 -0.990802 1.23335
-0.396456 -0.99065 1.23331
-0.396399 -0.990509 1.23328
-0.396572 -0.990926 1.23339
-0.396645 -0.991107 1.23342
-0.396709 -0.991263 1.23346
-0.396784 -0.991514 1.23344
-0.396855 -0.991569 1.23359
-0.396866 -0.991646 1.23355
-0.396874 -0.99166 1.23356
-0.396951 -0.991855 1.23359
-0.396971 -0.991904 1.23361
-0.396911 -0.991757 1.23357
-0.397002 -0.992042 1.23357
-0.397031 -0.992051 1.23364
-0.396996 -0.991965 1.23362
-0.397007 -0.992073 1.23355
-0.397112 -0.992207 1.23372
-0.397132 -0.992299 1.2337
-0.397164 -0.992477 1.23362
-0.39725 -0.992657 1.2337
-0.3973 -0.992708 1.23379
-0.397296 -0.992697 1.23379
-0.39734 -0.992804 1.23381
-0.397455 -0.993087 1.23388
-0.397507 -0.993126 1.23399
-0.397406 -0.992979 1.23384
-0.397421 -0.992963 1.2339
-0.397304 -0.992707 1.23381
-0.397334 -0.992863 1.23374
-0.39736 -0.992926 1.23376
-0.397407 -0.992902 1.23391
-0.397543 -0.993302 1.23393
-0.397679 -0.993613 1.23403
-0.397813 -0.993911 1.23413
-0.397803 -0.993936 1.23407
-0.39781 -0.994036 1.23401
-0.397897 -0.994153 1.23414
-0.397962 -0.9944 1.2341
-0.398048 -0.994537 1.23422
-0.397967 -0.994399 1.23411
-0.398008 -0.994511 1.23413
-0.398092 -0.994566 1.23431
-0.397996 -0.994524 1.23408
-0.397988 -0.994389 1.23418
-0.39794 -0.994116 1.2343
-0.39803 -0.994488 1.23421
-0.398037 -0.99448 1.23424
-0.398019 -0.994574 1.2341
-0.398039 -0.994498 1.23422
-0.398079 -0.994615 1.23423
-0.398018 -0.994557 1.23411
-0.398087 -0.994656 1.23421
-0.398115 -0.994719 1.23424
-0.398133 -0.994871 1.23414
-0.398184 -0.99487 1.23429
-0.398081 -0.99486 1.23401
-0.39772 -0.994568 1.23328
-0.397642 -0.994098 1.23349
-0.395586 -0.99167 1.23
-0.384605 -0.975629 1.21497
-0.356255 -0.963314 1.15348
-0.321177 -0.951465 1.07873
-0.29153 -0.944475 1.01593
-0.245124 -0.93012 0.929542
-0.193876 -0.916118 0.840861
-0.140278 -0.904067 0.7541
-0.0672804 -0.890348 0.647498
-0.010085 -0.87859 0.579229
-0.303459 -0.562353 0.498559
-0.32545 -0.502571 0.435382
-0.299198 -0.406219 0.385006
-0.201253 -0.284822 0.336307
0.0127701 -0.263103 0.314515
0.0995999 -0.180539 0.32243
0.182884 -0.128956 0.337444
0.256645 -0.0962237 0.36112
0.334543 -0.0621357 0.382548
0.418605 0.000868238 0.385047
0.573223 0.00926617 0.412036
0.668291 0.0255489 0.434766
0.769185 0.0587182 0.436264
0.863205 0.125284 0.46659
0.931552 0.169146 0.488273
1.07465 0.262262 0.526617
1.1963 0.367908 0.590804
1.2643 0.42345 0.612272
1.34372 0.504166 0.642151
1.46535 0.626911 0.693702
1.57251 0.733827 0.728704
1.65425 0.816925 0.75052
1.77646 0.949728 0.766832
1.83226 1.01448 0.788783
1.89344 1.08599 0.79495
1.97967 1.18732 0.795962
2.07729 1.29521 0.801391
2.17588 1.39389 0.79072
2.23074 1.44534 0.784898
2.30918 1.519 0.766251
2.38482 1.58387 0.740741
2.49815 1.65992 0.711382
2.6103 1.75855 0.687868
2.67067 1.7831 0.660053
2.79075 1.87104 0.644215
2.9047 1.94151 0.606738
3.03363 2.02355 0.587606
3.1387 2.08679 0.565308
3.28512 2.18573 0.558023
3.37475 2.24843 0.568035
3.47831 2.31641 0.566796
3.57593 2.40766 0.619716
3.66741 2.48269 0.640816
3.77309 2.60238 0.706048
3.86433 2.69107 0.728928
3.97351 2.81069 0.764952
4.05227 2.89404 0.785769
4.16174 3.01112 0.80102
4.23504 3.09339 0.814592
4.34283 3.20538 0.809748
4.43171 3.28661 0.783392
4.55506 3.37145 0.721316
4.66404 3.44671 0.675432
4.75725 3.50112 0.639508
4.88467 3.5746 0.601842
5.04061 3.68114 0.591848
5.1655 3.76729 0.596449
5.25547 3.83324 0.609246
5.32859 3.88547 0.610417
5.40141 3.9396 0.616596
5.47596 4.00139 0.628136
5.53902 4.04315 0.62472
5.63449 4.11825 0.636539
5.72064 4.2 0.659993
5.81678 4.27504 0.659413
5.90309 4.3606 0.684387
5.98378 4.43492 0.699388
6.05425 4.49713 0.702385
6.14135 4.5866 0.727783
6.23883 4.6825 0.734382
6.33371 4.76461 0.735568
6.41888 4.84226 0.736559
6.5114 4.9224 0.725771
6.60516 5.01362 0.73301
6.70162 5.10835 0.738455
6.80061 5.1976 0.744681
6.88923 5.29104 0.761689
7.00118 5.39051 0.748928
7.09421 5.46238 0.722185
7.22718 5.53478 0.634948
7.33757 5.58337 0.561595
7.45405 5.62497 0.49237
7.5553 5.66405 0.447399
7.65237 5.72373 0.468804
7.71803 5.7746 0.507566
7.81562 5.87047 0.601907
7.85927 5.97326 0.755036
7.89104 6.11035 0.965449
7.87167 6.23343 1.18263
7.80639 6.35631 1.46213
7.74464 6.42256 1.65317
7.63917 6.48263 1.90716
7.49233 6.50889 2.25378
7.37605 6.49876 2.5236
7.2676 6.45517 2.79086
7.16025 6.37532 3.11572
7.08537 6.2897 -2.92226
7.0115 6.20488 -2.68992
6.95047 6.12341 -2.54319
6.87285 6.03381 -2.43341
6.7971 5.95071 -2.38234
6.70948 5.85211 -2.35966
6.65658 5.78146 -2.32877
6.59106 5.68841 -2.30421
6.53033 5.6029 -2.29311
6.4645 5.4981 -2.25677
6.39684 5.40785 -2.24703
6.30942 5.28619 -2.22493
6.24764 5.19149 -2.20353
6.13291 5.04966 -2.21756
6.03448 4.93156 -2.228
5.9646 4.87181 -2.2691
5.87586 4.78286 -2.29281
5.74942 4.6827 -2.3551
5.65236 4.61093 -2.39759
5.57386 4.5522 -2.42367
5.46728 4.4847 -2.4794
5.36269 4.42419 -2.52615
5.26449 4.3749 -2.571
5.14599 4.32088 -2.61727
5.01003 4.26029 -2.66061
4.88831 4.18772 -2.65612
4.74836 4.10664 -2.65013
4.63718 4.02691 -2.62276
4.52966 3.95552 -2.60622
4.42242 3.87762 -2.58463
4.30553 3.79517 -2.57122
4.14438 3.68239 -2.56828
4.0712 3.63024 -2.55936
3.97707 3.56082 -2.54343
3.86933 3.47668 -2.51017
3.73321 3.35033 -2.45837
3.6238 3.24983 -2.43343
3.5009 3.12304 -2.39725
3.38675 3.01679 -2.38802
3.26098 2.88902 -2.36238
3.15952 2.79274 -2.36755
3.02671 2.65059 -2.35196
2.94796 2.57474 -2.35602
2.86134 2.4701 -2.32872
2.7269 2.33868 -2.34646
2.63663 2.2414 -2.33668
2.50674 2.12775 -2.37047
2.4063 2.0296 -2.37668
2.26627 1.91654 -2.42127
2.18684 1.84731 -2.42756
2.07153 1.75281 -2.44496
1.97411 1.67476 -2.44892
1.8466 1.55924 -2.45427
1.74321 1.4806 -2.46129
1.60377 1.37755 -2.47053
1.5007 1.29937 -2.47058
1.36733 1.19099 -2.46848
1.25625 1.10351 -2.47504
1.13444 1.00699 -2.47446
1.02562 0.929693 -2.48475
0.894666 0.83313 -2.50303
0.784276 0.768097 -2.53445
0.657873 0.700966 -2.56001
0.520478 0.630428 -2.583
0.411915 0.562167 -2.58607
0.307233 0.487174 -2.56493
0.20358 0.412563 -2.54085
0.0788808 0.302941 -2.49428
-0.0121779 0.221603 -2.46668
-0.10592 0.134743 -2.44856
-0.209488 0.0471528 -2.44315
-0.274991 -0.0139995 -2.42787
-0.372266 -0.104124 -2.41491
-0.443136 -0.168557 -2.41246
-0.549503 -0.285219 -2.37901
-0.641516 -0.375862 -2.37325
-0.709465 -0.461589 -2.34161
-0.795908 -0.565755 -2.31888
-0.872421 -0.657716 -2.29795
-0.928998 -0.734899 -2.26579
-1.00462 -0.830539 -2.25545
-1.08127 -0.918864 -2.25625
-1.14922 -1.01771 -2.23274
-1.25027 -1.13915 -2.23742
-1.31886 -1.2358 -2.21914
-1.37416 -1.3026 -2.22676
-1.4953 -1.42437 -2.27008
-1.58645 -1.50214 -2.30628
-1.7139 -1.58801 -2.38237
-1.80853 -1.65879 -2.42266
-1.9413 -1.73165 -2.50425
-2.04335 -1.77346 -2.56636
-2.17928 -1.83166 -2.63772
-2.28621 -1.87681 -2.67678
-2.39346 -1.91098 -2.71902
-2.52237 -1.96549 -2.72831
-2.63854 -2.03507 -2.69343
-2.71549 -2.10366 -2.6196
-2.77395 -2.1922 -2.48914
-2.81249 -2.28828 -2.34177
-2.82999 -2.39749 -2.16111
-2.80138 -2.5172 -1.917
-2.7354 -2.61503 -1.66168
-2.62217 -2.6916 -1.33336
-2.5088 -2.71035 -1.0356
-2.36632 -2.68419 -0.634699
-2.26261 -2.62853 -0.337825
-2.16302 -2.54241 -0.0256411
-2.10588 -2.47963 0.14292
-2.0344 -2.4145 0.276909
-1.96396 -2.35011 0.372222
-1.88405 -2.29462 0.42496
-1.80462 -2.23362 0.463821
-1.68213 -2.15637 0.515785
-1.60584 -2.08789 0.537868
-1.54371 -2.0291 0.576487
-1.42434 -1.92584 0.622077
-1.34089 -1.84223 0.669086
-1.26886 -1.74837 0.734054
-1.1853 -1.65423 0.764383
-1.10642 -1.55508 0.815006
-1.01156 -1.43505 0.847426
-0.935193 -1.3293 0.88171
-0.885672 -1.25461 0.907805
-0.794851 -1.13172 0.917146
-0.742457 -1.0542 0.930048
-0.665412 -0.950723 0.927353
-0.547192 -0.796543 0.910138
-0.439053 -0.693981 0.852596
-0.345567 -0.605076 0.808481
-0.233026 -0.500748 0.770484
-0.163112 -0.433419 0.758177
-0.0807996 -0.338 0.780357
0.0240288 -0.224919 0.786508
0.103635 -0.127077 0.810005
0.196483 -0.0124166 0.824319
0.276879 0.0863955 0.841375
0.369804 0.218143 0.866204
0.455681 0.327899 0.87325
0.546431 0.444159 0.882378
0.627653 0.54883 0.884057
0.72002 0.667907 0.885628
0.803908 0.764022 0.867096
0.867944 0.833157 0.859218
0.96876 0.934663 0.831392
1.05357 1.0226 0.81255
1.14592 1.12779 0.814163
1.22986 1.21141 0.803619
1.31767 1.31906 0.820466
1.39801 1.39848 0.809082
1.50154 1.48673 0.778434
1.58527 1.54918 0.740186
1.72386 1.60708 0.620894
1.82506 1.64142 0.539073
1.93266 1.66346 0.44134
2.07197 1.66735 0.307199
2.18019 1.65512 0.19885
2.30792 1.61932 0.0552391
2.40619 1.57149 -0.0731412
2.49449 1.50929 -0.215335
2.57827 1.4381 -0.353478
2.64209 1.36056 -0.480705
2.70819 1.24389 -0.655831
2.73951 1.15837 -0.774595
2.75771 1.02796 -0.943909
2.76169 0.939161 -1.05752
2.75472 0.834792 -1.19626
2.74346 0.744574 -1.3208
2.71585 0.648064 -1.46248
2.67343 0.576028 -1.59685
2.59386 0.495282 -1.80554
2.528 0.452414 -1.95993
2.46542 0.426975 -2.08849
2.39853 0.404219 -2.21256
2.35198 0.397263 -2.30378
2.30609 0.398048 -2.38601
2.26499 0.40034 -2.45931
2.23789 0.400345 -2.50927
2.20181 0.412957 -2.57138
2.18207 0.423615 -2.61426
2.17258 0.447058 -2.6652
2.17765 0.452375 -2.66862
2.21857 0.461115 -2.6354
2.26566 0.473292 -2.60149
2.32074 0.502658 -2.59585
2.35431 0.515574 -2.61595
2.4272 0.558865 -2.64524
2.4861 0.589481 -2.6624
2.54517 0.620853 -2.6827
2.60349 0.656952 -2.70345
2.65795 0.683938 -2.71985
2.71429 0.712779 -2.74309
2.73918 0.736539 -2.77792
2.75173 0.762805 -2.82767
2.75336 0.780435 -2.87381
2.74796 0.80112 -2.9205
2.72084 0.822888 -2.9721
2.68673 0.850345 -3.05498
2.6508 0.888309 3.11466
2.60429 0.967518 2.90673
2.57666 1.03056 2.74982
2.55162 1.10989 2.56837
2.54359 1.18591 2.3987
2.54704 1.26474 2.23198
2.56447 1.36856 2.02423
2.58655 1.4256 1.90449
2.61984 1.49179 1.75912
2.68017 1.57084 1.57167
2.72394 1.61532 1.46338
2.7787 1.6658 1.34018
2.83044 1.70831 1.24555
2.89278 1.74467 1.15566
2.94793 1.78817 1.07709
2.99647 1.82037 1.02319
3.03813 1.86138 0.997008
3.07138 1.92609 0.999041
3.08822 2.00592 1.05275
3.09227 2.07272 1.11482
3.08802 2.14513 1.19506
3.07223 2.22269 1.29927
3.04519 2.29555 1.41247
3.00678 2.37633 1.54787
2.95702 2.44646 1.67719
2.90023 2.50886 1.80813
2.84455 2.55664 1.92764
2.77729 2.59891 2.06296
2.69003 2.64049 2.22882
2.62003 2.66201 2.3542
2.54784 2.67288 2.48488
2.47041 2.67321 2.61526
2.39381 2.66966 2.73336
2.32519 2.65495 2.84959
2.25355 2.63231 2.97718
2.19234 2.60564 3.08357
2.12948 2.57267 -3.09232
2.04458 2.52171 -2.9574
1.98853 2.48558 -2.8784
1.90913 2.42195 -2.77183
1.85943 2.36852 -2.68971
1.80904 2.31518 -2.62274
1.75518 2.26043 -2.56488
1.69986 2.19861 -2.50752
1.65054 2.1361 -2.46113
1.58964 2.05173 -2.39587
1.52448 1.94142 -2.30756
1.47635 1.85514 -2.25185
1.44038 1.77413 -2.18501
1.40215 1.67356 -2.10325
1.37337 1.59849 -2.05919
1.34488 1.50104 -1.99359
1.32981 1.42365 -1.93957
1.31466 1.33563 -1.88507
1.30684 1.25648 -1.83487
1.31247 1.15816 -1.75665
1.32375 1.08228 -1.68138
1.36331 0.98794 -1.54584
1.4125 0.918661 -1.41226
1.49376 0.844098 -1.21715
1.5823 0.803608 -1.02768
1.67795 0.785476 -0.824172
1.78424 0.781902 -0.608205
1.90748 0.811787 -0.372405
1.98787 0.848363 -0.206506
2.13173 0.940815 0.0948426
2.22882 1.02842 0.303174
2.30329 1.10883 0.439232
2.39249 1.21748 0.591722
2.46428 1.29064 0.663418
2.52721 1.37409 0.73499
2.58849 1.45887 0.789835
2.6445 1.53368 0.820672
2.68573 1.60298 0.854101
2.73689 1.71147 0.925822
2.76681 1.79985 0.994073
2.77327 1.92957 1.13958
2.75986 2.0274 1.27615
2.71275 2.11971 1.46925
2.64718 2.19848 1.6734
2.58569 2.2501 1.83289
2.48375 2.30092 2.07299
2.34799 2.32166 2.37918
2.23442 2.29691 2.6531
2.11508 2.22982 2.98473
2.03038 2.15454 -3.03909
1.97609 2.08718 -2.8632
1.91648 1.98099 -2.64902
1.86946 1.89321 -2.49945
1.82642 1.82585 -2.43029
1.7559 1.73958 -2.37367
1.6699 1.64029 -2.34268
1.58304 1.55122 -2.34575
1.4827 1.44972 -2.35657
1.39949 1.36594 -2.35682
1.29258 1.24744 -2.36172
1.21307 1.16112 -2.34808
1.13406 1.07554 -2.33524
1.05633 0.992745 -2.32656
0.971239 0.899002 -2.3256
0.857201 0.812329 -2.36566
0.75473 0.746726 -2.40211
0.678785 0.692433 -2.42827
0.549785 0.615935 -2.46757
0.44905 0.555734 -2.49857
0.349888 0.493223 -2.51642
0.258707 0.434988 -2.53232
0.159657 0.370634 -2.54446
0.00932682 0.263758 -2.5398
-0.0933388 0.188814 -2.54253
-0.185424 0.101812 -2.51415
-0.275216 0.0251615 -2.49287
-0.358543 -0.0633884 -2.44697
-0.431368 -0.148326 -2.4038
-0.514386 -0.24024 -2.37084
-0.595712 -0.326162 -2.3586
-0.659021 -0.390072 -2.35668
-0.753723 -0.485094 -2.35705
-0.852066 -0.58489 -2.35037
-0.944713 -0.679583 -2.34122
-1.05912 -0.791548 -2.34512
-1.13597 -0.869136 -2.3437
-1.22867 -0.958812 -2.35123
-1.31189 -1.03501 -2.36288
-1.40815 -1.11577 -2.38653
-1.52519 -1.19491 -2.43128
-1.61657 -1.25497 -2.46577
-1.72148 -1.32294 -2.49898
-1.803 -1.37095 -2.52463
-1.89792 -1.41805 -2.57
-2.0304 -1.47581 -2.62673
-2.09943 -1.49854 -2.65949
-2.20005 -1.52983 -2.70821
-2.32982 -1.57537 -2.74487
-2.40421 -1.60052 -2.75926
-2.51716 -1.6282 -2.79706
-2.63601 -1.67915 -2.77951
-2.72045 -1.73591 -2.72524
-2.81366 -1.82693 -2.60514
-2.84849 -1.92731 -2.42969
-2.85566 -2.05644 -2.18255
-2.83611 -2.13807 -2.00379
-2.78678 -2.23209 -1.76418
-2.67869 -2.31302 -1.42829
-2.57829 -2.35375 -1.14664
-2.47211 -2.35534 -0.856138
-2.39449 -2.33719 -0.642251
-2.27426 -2.2836 -0.315114
-2.19084 -2.2311 -0.0762202
-2.11286 -2.16932 0.0973536
-2.04143 -2.09671 0.260356
-1.96959 -2.04036 0.356852
-1.86833 -1.96554 0.421909
-1.79212 -1.90264 0.44978
-1.67611 -1.82454 0.47333
-1.57311 -1.76967 0.486817
-1.45019 -1.69232 0.510265
-1.35167 -1.61948 0.54165
-1.23059 -1.52449 0.575653
-1.13993 -1.44201 0.628272
-1.04296 -1.35472 0.661924
-0.96366 -1.25854 0.724753
-0.883683 -1.14792 0.790438
-0.814285 -1.04176 0.850244
-0.75846 -0.924679 0.928631
-0.697454 -0.808196 0.983741
-0.651268 -0.651669 1.08305
-0.619906 -0.528598 1.15474
-0.604125 -0.366778 1.25939
-0.609738 -0.277973 1.33824
-0.638179 -0.127399 1.4863
-0.669378 -0.00955951 1.59827
-0.728871 0.085869 1.73935
-0.787808 0.179083 1.85545
-0.874454 0.283757 1.99649
-0.951822 0.351992 2.10375
-1.05736 0.418311 2.25011
-1.14421 0.470241 2.34365
-1.23197 0.50696 2.44353
-1.32709 0.534978 2.55008
-1.41304 0.543316 2.64097
-1.52896 0.555569 2.75763
-1.60925 0.560188 2.83716
-1.70724 0.552175 2.94712
-1.78943 0.536902 3.03626
-1.88073 0.518874 3.11646
-1.94028 0.50797 -3.11665
-2.0021 0.497536 -3.08935
-2.02739 0.493471 -3.08354
-2.05078 0.491477 -3.07921
-2.05429 0.488795 -3.07798
-2.05229 0.489226 -3.08032
-2.05116 0.488676 -3.08491
-2.04791 0.488801 -3.08475
-2.03979 0.489325 -3.0847
-2.03803 0.489541 -3.08589
-2.03819 0.489346 -3.08557
-2.03971 0.488697 -3.08532
-2.04016 0.488701 -3.0854
-2.04037 0.488637 -3.08525
-2.04026 0.488633 -3.08522
-2.04072 0.48864 -3.08531
-2.04095 0.488639 -3.08534
-2.04115 0.488587 -3.08522
-2.04116 0.488584 -3.08522
-2.04074 0.488567 -3.0851
-2.04082 0.488639 -3.08532
-2.04057 0.48856 -3.08506
-2.04047 0.488695 -3.08542
-2.03934 0.488439 -3.08453
-2.03882 0.488894 -3.08574
-2.03679 0.48968 -3.08768
-2.02993 0.496501 -3.10638
-2.01902 0.504886 -3.12974
-1.99987 0.520148 3.10887
-1.98492 0.530841 3.07639
-1.97019 0.534955 3.06166
-1.9586 0.53263 3.06562
-1.95054 0.527008 3.08004
-1.94542 0.520219 3.09873
-1.94115 0.514346 3.11516
-1.93813 0.51022 3.12682
-1.93767 0.509468 3.12897
-1.93796 0.509429 3.1291
-1.93711 0.509513 3.12881
-1.93848 0.510992 3.12463
-1.94405 0.522235 3.09295
-1.95137 0.547099 3.02375
-1.95974 0.583958 2.92399
-1.96639 0.625174 2.81553
-1.97299 0.658121 2.73414
-1.98371 0.674799 2.7033
-1.99411 0.686043 2.68692
-2.00164 0.698102 2.66544
-2.00539 0.709633 2.6411
-2.00846 0.720335 2.61854
-2.00993 0.725011 2.60903
-2.01027 0.726492 2.60585
-2.01011 0.725483 2.60812
-2.00908 0.723862 2.61067
-2.00892 0.723854 2.61046
-2.00867 0.723827 2.61016
-2.00862 0.723718 2.61036
-2.00865 0.723771 2.61027
-2.00883 0.72388 2.61026
-2.00866 0.723818 2.61018
-2.00833 0.723689 2.61002
-2.00833 0.723735 2.6099
-2.00789 0.723376 2.61017
-2.00742 0.723137 2.6101
-2.00691 0.72274 2.61035
-2.00645 0.722486 2.61032
-2.00643 0.722531 2.61019
-2.00624 0.722294 2.61051
-2.00616 0.722177 2.61068
-2.00563 0.721953 2.61048
-2.00522 0.721682 2.61057
-2.00525 0.721758 2.61042
-2.00475 0.721413 2.61057
-2.00449 0.721259 2.61058
-2.0043 0.721183 2.61049
-2.0042 0.721077 2.61062
-2.00409 0.721052 2.61052
-2.00397 0.720948 2.61061
-2.00362 0.7207 2.61073
-2.00365 0.720776 2.61058
-2.00351 0.72065 2.61069
-2.00286 0.720252 2.61074
-2.00261 0.7201 2.61077
-2.00223 0.719831 2.61089
-2.00207 0.719805 2.61073
-2.00197 0.719705 2.61083
-2.00156 0.719424 2.61096
-2.00146 0.719408 2.61084
-2.00142 0.719331 2.61099
-2.00162 0.719462 2.61095
-2.00149 0.719413 2.61088
-2.00122 0.719213 2.61098
-2.00103 0.719133 2.61092
-2.00098 0.719023 2.61113
-2.00069 0.71845 2.61217
-2.00092 0.718798 2.61162
-2.00052 0.718471 2.61186
-2.00032 0.718391 2.61176
-2.00015 0.718326 2.61169
-1.99953 0.717848 2.61199
-1.99929 0.717687 2.61205
-1.99896 0.717549 2.61192
-1.99897 0.717577 2.61186
-1.99895 0.717557 2.61189
-1.99905 0.717576 2.61199
-1.99906 0.717672 2.61175
-1.99891 0.717563 2.61181
-1.99898 0.717606 2.61181
-1.99914 0.717674 2.61188
-1.99897 0.7176 2.6118
-1.99878 0.717323 2.61224
-1.99864 0.717571 2.61139
-1.9986 0.717452 2.61164
-1.9984 0.717264 2.61184
-1.99838 0.717186 2.612
-1.99843 0.717314 2.61174
-1.99792 0.717026 2.61173
-1.99789 0.717006 2.61174
-1.998 0.71704 2.61181
-1.998 0.71704 2.61181
