0.0537591 0.000677769 0.0252137
0.106136 0.00268224 0.0512892
0.162661 0.00652009 0.0842944
0.219587 0.0124517 0.123355
0.279656 0.0211998 0.165883
0.341008 0.0327902 0.20755
0.403507 0.0473462 0.250088
0.466028 0.0649157 0.297816
0.531893 0.0873099 0.357663
0.596346 0.113492 0.414051
0.662035 0.144528 0.468717
0.726547 0.179586 0.526844
0.789682 0.218923 0.587569
0.849231 0.26121 0.647424
0.907394 0.308198 0.711609
0.964483 0.360852 0.778396
1.0201 0.419127 0.839136
1.07282 0.481291 0.895553
1.12049 0.544784 0.95802
1.16576 0.613964 1.02482
1.20565 0.683721 1.07777
1.24301 0.757901 1.13073
1.27621 0.833191 1.18024
1.30612 0.910673 1.22455
1.33331 0.98956 1.2533
1.35949 1.07142 1.26908
1.38509 1.15345 1.26756
1.41134 1.23488 1.25047
1.44059 1.31835 1.21696
1.47265 1.39973 1.17394
1.50957 1.482 1.124
1.5492 1.55869 1.06367
1.59874 1.64063 0.990394
1.65218 1.71658 0.924895
1.71155 1.78975 0.853343
1.77798 1.86004 0.774016
1.84892 1.92465 0.703335
1.92672 1.98592 0.630932
2.00895 2.04113 0.551609
2.09713 2.09028 0.465373
2.18812 2.13083 0.373079
2.2877 2.16474 0.283394
2.38714 2.18879 0.191108
2.48976 2.20336 0.0910404
2.59312 2.20818 0.00221499
2.69765 2.20395 -0.0831465
2.79902 2.19162 -0.159002
2.90203 2.17121 -0.232256
3.00544 2.14324 -0.29599
3.1071 2.10944 -0.345887
3.20541 2.07146 -0.391464
3.30415 2.02891 -0.422332
3.40344 1.98379 -0.430711
3.50045 1.93877 -0.43823
3.59801 1.89312 -0.437099
3.69473 1.84886 -0.421268
3.78979 1.80702 -0.408038
3.88655 1.76668 -0.381833
3.98488 1.72981 -0.335736
4.0827 1.69786 -0.295698
4.18419 1.66938 -0.251329
4.28382 1.64606 -0.208697
4.38178 1.62691 -0.177315
4.48634 1.60958 -0.151108
4.58706 1.59515 -0.133559
4.68661 1.58218 -0.125527
4.79058 1.56889 -0.128727
4.89218 1.55522 -0.138852
4.99339 1.54024 -0.155031
5.09812 1.52282 -0.17466
5.20004 1.50384 -0.19343
5.30077 1.48286 -0.217392
5.40428 1.4584 -0.246534
5.50336 1.43211 -0.272226
5.60678 1.40132 -0.306554
5.70804 1.36754 -0.337424
5.80497 1.33246 -0.357061
5.90277 1.2942 -0.388801
5.99788 1.25346 -0.420545
6.09258 1.20989 -0.441909
6.18717 1.16339 -0.471918
6.27904 1.11495 -0.498472
6.37028 1.06453 -0.511187
6.46069 1.01265 -0.530821
6.547 0.960629 -0.553923
6.63489 0.905652 -0.564045
6.71841 0.852069 -0.576772
6.7978 0.799896 -0.58605
6.87348 0.749807 -0.583231
6.94676 0.702016 -0.572636
7.0205 0.65494 -0.563771
7.09211 0.610279 -0.551454
7.16255 0.567754 -0.534819
7.2328 0.5268 -0.52078
7.30251 0.487223 -0.511933
7.37016 0.449874 -0.497039
7.43934 0.413352 -0.474359
7.50803 0.378802 -0.457736
7.57546 0.346062 -0.446308
7.63806 0.316612 -0.433164
7.69671 0.290108 -0.415707
7.75614 0.264428 -0.39998
7.81308 0.240765 -0.387719
7.86796 0.218664 -0.378059
7.92036 0.19817 -0.367542
7.97141 0.178997 -0.350974
8.01952 0.16188 -0.332686
8.06772 0.145602 -0.318722
8.11372 0.130667 -0.309089
8.15784 0.116793 -0.300326
8.20152 0.103455 -0.29243
8.24456 0.0906814 -0.284535
8.28677 0.0784968 -0.277507
8.33405 0.0650995 -0.274791
8.38206 0.0514982 -0.277262
8.43613 0.0359139 -0.284042
8.49269 0.0192475 -0.289085
8.55531 0.000657829 -0.288058
8.61931 -0.0180013 -0.279245
8.68682 -0.0370363 -0.270423
8.75968 -0.0569563 -0.263317
8.83606 -0.0771822 -0.254473
8.91543 -0.0973444 -0.243027
8.99632 -0.117018 -0.234173
9.08127 -0.13708 -0.229632
9.16543 -0.156284 -0.21904
9.25679 -0.175989 -0.205836
9.34741 -0.194491 -0.196959
9.44157 -0.213014 -0.191532
9.54229 -0.232081 -0.18263
9.6411 -0.249832 -0.172868
9.742 -0.266852 -0.161372
9.84601 -0.282664 -0.140355
9.94675 -0.295509 -0.113293
10.0522 -0.305927 -0.0836255
10.1587 -0.313265 -0.0539564
10.2639 -0.317471 -0.0260203
10.3752 -0.318813 0.00193071
10.4872 -0.317468 0.0220993
10.5954 -0.31403 0.0413941
10.7111 -0.308371 0.0563833
10.8219 -0.301813 0.0618471
10.9353 -0.29428 0.070777
11.0479 -0.285987 0.0762454
11.1569 -0.277791 0.0739211
11.2666 -0.269318 0.0802473
11.377 -0.26066 0.076197
11.4845 -0.253329 0.0600313
11.5915 -0.247443 0.0499181
11.7006 -0.242873 0.0337558
11.8037 -0.240317 0.015849
11.911 -0.239205 0.00487117
12.016 -0.239542 -0.0113014
12.1189 -0.241493 -0.0266142
12.2212 -0.244689 -0.0358745
12.3236 -0.248619 -0.04081
12.4245 -0.252813 -0.0422899
12.5233 -0.256766 -0.037721
12.6247 -0.260452 -0.0348752
12.7214 -0.263729 -0.0329062
12.8166 -0.266603 -0.0274815
12.9131 -0.268952 -0.0211887
13.0102 -0.27083 -0.017489
13.103 -0.271962 -0.00688088
13.1957 -0.272068 0.00459161
13.2878 -0.271395 0.0100087
13.3765 -0.270422 0.0119577
13.4628 -0.269156 0.0173604
13.5514 -0.267531 0.0193093
13.6366 -0.266246 0.0108715
13.7211 -0.266232 -0.0105407
13.8063 -0.268667 -0.0466548
13.8935 -0.275908 -0.119087
13.9786 -0.289775 -0.203629
14.0586 -0.310623 -0.306344
14.1363 -0.339964 -0.415976
14.2066 -0.375585 -0.522158
14.2719 -0.418317 -0.636992
14.336 -0.472861 -0.772567
14.3914 -0.534233 -0.901226
14.4406 -0.604662 -1.02036
14.4827 -0.681522 -1.11788
14.5185 -0.761578 -1.18425
14.549 -0.842729 -1.23766
14.5753 -0.926348 -1.29366
14.5959 -1.00562 -1.34102
14.6127 -1.08674 -1.39098
14.6253 -1.1696 -1.44872
14.6327 -1.24902 -1.50733
14.6355 -1.32566 -1.56249
14.634 -1.40175 -1.61679
14.6287 -1.47574 -1.66936
14.6199 -1.54746 -1.71502
14.61 -1.61104 -1.73735
14.6014 -1.6645 -1.72251
14.5953 -1.71385 -1.66531
14.5929 -1.75831 -1.58131
14.5947 -1.79856 -1.4731
14.6003 -1.83358 -1.35193
14.609 -1.86336 -1.2178
14.6207 -1.889 -1.07244
14.6358 -1.9123 -0.918421
14.6531 -1.93168 -0.761817
14.6732 -1.94799 -0.60435
14.6966 -1.96177 -0.45812
14.7232 -1.97272 -0.323997
14.7548 -1.98117 -0.197645
14.7896 -1.98608 -0.0833971
14.8279 -1.98757 0.00577814
14.8701 -1.98603 0.0672874
14.9152 -1.98206 0.108048
14.9636 -1.97615 0.134979
15.0164 -1.96862 0.148084
15.0709 -1.96039 0.15168
15.1268 -1.95208 0.144035
15.1833 -1.94428 0.130339
15.2387 -1.93735 0.118369
15.2944 -1.93098 0.108994
15.3487 -1.92531 0.0996158
15.4024 -1.92026 0.0876412
15.4565 -1.91588 0.0739379
15.5111 -1.91226 0.0585057
15.5683 -1.90928 0.0456743
15.6288 -1.90693 0.0319862
15.6942 -1.90539 0.0148512
15.7628 -1.90508 -0.00573572
15.8334 -1.90627 -0.0280478
15.9038 -1.90885 -0.0451705
15.9823 -1.91294 -0.0588136
16.0631 -1.91811 -0.0689918
16.143 -1.92404 -0.0791717
16.2206 -1.93053 -0.0876278
16.2995 -1.93789 -0.098675
16.3765 -1.94598 -0.110592
16.4525 -1.95491 -0.123375
16.5272 -1.96466 -0.136162
16.6022 -1.97522 -0.143758
16.6868 -1.98747 -0.143546
16.7694 -1.99929 -0.140745
16.856 -2.01163 -0.142259
16.944 -2.02425 -0.142904
17.0336 -2.03706 -0.14095
17.1222 -2.04954 -0.138999
17.2111 -2.06212 -0.142236
17.3055 -2.07592 -0.148054
17.3997 -2.09026 -0.153872
17.4932 -2.1052 -0.163152
17.5904 -2.1218 -0.175016
17.6877 -2.13946 -0.184285
17.784 -2.15813 -0.198745
17.8843 -2.17896 -0.210599
17.9838 -2.20048 -0.215537
18.0837 -2.22256 -0.219608
18.183 -2.24532 -0.230599
18.2837 -2.26935 -0.238126
18.3843 -2.2944 -0.249978
18.4867 -2.32157 -0.268743
18.5895 -2.35026 -0.275397
18.6911 -2.37931 -0.282055
18.7945 -2.41014 -0.297356
18.8979 -2.44221 -0.304007
18.9991 -2.47437 -0.311528
19.1012 -2.50794 -0.32337
19.2015 -2.54167 -0.325703
19.3009 -2.57564 -0.333227
19.3999 -2.61107 -0.353723
19.4982 -2.64808 -0.366436
19.5954 -2.68624 -0.381745
19.6919 -2.72569 -0.39446
19.7892 -2.76569 -0.385551
19.8876 -2.80448 -0.365397
20.02 -2.85257 -0.33132
20.1246 -2.88612 -0.289534
20.2282 -2.91511 -0.256404
20.3344 -2.94129 -0.226728
20.4415 -2.96431 -0.197052
20.5486 -2.98463 -0.177755
20.6593 -3.00376 -0.164504
20.8132 -3.02839 -0.152875
20.9278 -3.04557 -0.144805
21.0423 -3.06125 -0.127222
21.155 -3.07461 -0.108779
21.272 -3.08644 -0.0929207
21.3883 -3.09686 -0.0857129
21.5052 -3.10633 -0.0759092
21.6256 -3.11369 -0.0462055
21.7426 -3.11619 0.00338169
21.8608 -3.11128 0.0797814
21.98 -3.09668 0.16397
22.1344 -3.05983 0.304471
22.2452 -3.01874 0.405951
22.3524 -2.96601 0.508301
22.4517 -2.90382 0.610644
22.5455 -2.83103 0.709532
22.6326 -2.74901 0.800638
22.7094 -2.66285 0.884816
22.7821 -2.56534 0.975927
22.8444 -2.46633 1.04281
22.8995 -2.36381 1.11229
22.9474 -2.25814 1.1783
22.9898 -2.14914 1.22097
23.0285 -2.03753 1.25326
23.0638 -1.92764 1.26652
23.0981 -1.81764 1.27027
23.132 -1.70893 1.26622
23.166 -1.60447 1.24747
23.2032 -1.49808 1.22094
23.2419 -1.39611 1.19526
23.2829 -1.29713 1.16093
23.3271 -1.19892 1.13439
23.3737 -1.10117 1.11736
23.4218 -1.0052 1.096
23.471 -0.910508 1.08589
23.5217 -0.814588 1.08356
23.5722 -0.720323 1.07431
23.6239 -0.624715 1.07631
23.6759 -0.527511 1.0835
23.7277 -0.430248 1.07859
23.7811 -0.330536 1.07973
23.8344 -0.231 1.07828
23.8879 -0.131351 1.07769
23.9407 -0.0313156 1.09268
23.9925 0.0701409 1.10593
24.0425 0.171345 1.11659
24.0927 0.276571 1.13504
24.1397 0.378172 1.13964
24.1884 0.485808 1.15291
24.2344 0.592712 1.17568
24.2785 0.70084 1.19154
24.3216 0.813075 1.21605
24.3607 0.923135 1.24402
24.3974 1.03724 1.27545
24.4299 1.15279 1.31639
24.4571 1.26774 1.36079
24.4795 1.38628 1.40779
24.4965 1.50687 1.45307
24.5073 1.62779 1.51045
24.5116 1.75104 1.56265
24.5087 1.87357 1.62522
24.4976 1.99698 1.69558
24.4787 2.11884 1.75469
24.4508 2.24216 1.83112
24.4152 2.36002 1.89801
24.3696 2.4798 1.97011
24.3179 2.59174 2.03788
24.2581 2.70137 2.10219
24.1662 2.84482 2.17872
24.0919 2.94567 2.23265
24.0123 3.04337 2.2762
23.9292 3.13576 2.331
23.8435 3.22069 2.3901
23.7494 3.30396 2.44404
23.6551 3.37828 2.50401
23.5562 3.44793 2.55274
23.454 3.51284 2.59801
23.3512 3.57169 2.64587
23.2457 3.62614 2.68422
23.1374 3.67715 2.71825
23.0313 3.72308 2.74794
22.9216 3.76722 2.77072
22.8134 3.80808 2.79003
22.7097 3.8453 2.80414
22.6012 3.88303 2.80961
22.4952 3.91975 2.80643
22.3911 3.95636 2.80065
22.2839 3.99485 2.79315
22.1839 4.03115 2.79341
22.0788 4.0687 2.8032
21.9764 4.10366 2.8225
21.8745 4.13574 2.85044
21.7722 4.16413 2.89135
21.6679 4.18858 2.9314
21.5656 4.20859 2.96538
21.4634 4.225 2.99937
21.3601 4.23918 3.01087
21.2578 4.25325 2.99902
21.1564 4.26842 2.98716
21.0525 4.28556 2.96926
20.9503 4.30446 2.9479
20.8506 4.32472 2.93431
20.7503 4.34659 2.91986
20.62 4.37754 2.89684
20.5227 4.4024 2.88585
20.4241 4.42882 2.87399
20.3298 4.45518 2.86386
20.2349 4.48222 2.8641
20.1396 4.50909 2.86953
20.0454 4.53497 2.87756
19.9501 4.55971 2.8977
19.8164 4.59039 2.93436
19.7165 4.61002 2.96056
19.6118 4.62781 2.9859
19.5038 4.64423 2.99568
19.395 4.66063 2.98817
19.2869 4.67781 2.97979
19.1778 4.69692 2.95672
19.0764 4.71746 2.9267
18.972 4.74228 2.88978
18.8708 4.77103 2.83988
18.7743 4.80386 2.78737
18.6509 4.85449 2.71678
18.564 4.89635 2.66946
18.4817 4.94073 2.62385
18.4054 4.98658 2.57737
18.328 5.03785 2.53608
18.256 5.08921 2.50776
18.1871 5.14129 2.4803
18.1198 5.19411 2.47186
18.0525 5.24596 2.49888
17.985 5.29437 2.53974
17.9166 5.33898 2.58837
17.8448 5.38036 2.64912
17.771 5.41689 2.71419
17.6957 5.44842 2.77666
17.6174 5.47563 2.8374
17.5346 5.49887 2.89816
17.45 5.51757 2.95026
17.3633 5.53225 2.99718
17.2715 5.54373 3.03719
17.1774 5.5528 3.05386
17.0825 5.56064 3.06447
16.9858 5.56764 3.07423
16.8872 5.57458 3.06842
16.7879 5.58258 3.05396
16.6859 5.59207 3.04384
16.5851 5.60264 3.03025
16.4856 5.61488 3.00801
16.3845 5.62943 2.98924
16.2831 5.64644 2.96182
16.1818 5.667 2.92056
16.0827 5.69144 2.8793
15.9823 5.72078 2.83545
15.8833 5.75466 2.78814
15.7884 5.79187 2.74774
15.6915 5.83397 2.71514
15.5985 5.87789 2.68599
15.5085 5.92415 2.64732
15.4197 5.97488 2.59828
15.3318 6.03094 2.54924
15.2531 6.08685 2.49845
15.167 6.15473 2.44943
15.0873 6.22221 2.42893
15.0068 6.29287 2.41362
14.9267 6.36461 2.4087
14.8458 6.43579 2.43059
14.7632 6.50514 2.4568
14.6767 6.57282 2.49859
14.586 6.63657 2.55854
14.492 6.69549 2.60551
14.3911 6.75242 2.64991
14.2883 6.80491 2.68911
14.1825 6.85431 2.72054
14.0732 6.90114 2.75283
13.9618 6.9443 2.79118
13.8478 6.98312 2.83559
13.732 7.01695 2.87913
13.6169 7.04515 2.92353
13.4942 7.06949 2.96795
13.3714 7.08835 3.01063
13.2068 7.1045 3.07677
13.0817 7.10957 3.12551
12.9547 7.1078 -3.09768
12.8271 7.09819 -3.0351
12.7012 7.08007 -2.96213
12.5801 7.05285 -2.8788
12.4568 7.01403 -2.79459
12.342 6.9669 -2.70953
12.2271 6.90766 -2.62186
12.1146 6.83677 -2.53677
12.015 6.76204 -2.45862
11.9149 6.67244 -2.36402
11.8244 6.57668 -2.29278
11.7426 6.4763 -2.21635
11.6672 6.36953 -2.15376
11.5981 6.25753 -2.09376
11.5364 6.14305 -2.03722
11.4793 6.02317 -1.99278
11.4279 5.90578 -1.9743
11.3755 5.78214 -1.96965
11.3224 5.65816 -1.98142
11.2695 5.53933 -1.99753
11.2141 5.42036 -2.01537
11.159 5.30662 -2.02889
11.1068 5.20065 -2.02774
11.0502 5.08394 -2.01617
10.9998 4.97587 -1.99944
10.9503 4.86482 -1.98098
10.9029 4.75474 -1.97377
10.8571 4.64585 -1.96396
10.7941 4.49152 -1.95231
10.75 4.38008 -1.94336
10.7061 4.26812 -1.94479
10.6622 4.15849 -1.9592
10.6173 4.05091 -1.97362
10.5693 3.9413 -1.99321
10.5198 3.83404 -2.01281
10.469 3.72912 -2.03069
10.4175 3.62733 -2.0477
10.364 3.52571 -2.06298
10.3111 3.42793 -2.07049
10.2546 3.32422 -2.06934
10.2019 3.22631 -2.05955
10.1498 3.1272 -2.04976
10.0994 3.02959 -2.0443
10.0503 2.93374 -2.04489
10.0007 2.83747 -2.04809
9.95339 2.74654 -2.05302
9.9017 2.64919 -2.06486
9.85059 2.55613 -2.08103
9.79828 2.46485 -2.10152
9.74679 2.37957 -2.12636
9.6899 2.29016 -2.14858
9.63581 2.20765 -2.15353
9.58393 2.12876 -2.15156
9.52968 2.04497 -2.13921
9.48038 1.96695 -2.12947
9.43034 1.88711 -2.13183
9.3799 1.80683 -2.13159
9.33126 1.72816 -2.11753
9.28492 1.65057 -2.10087
9.23943 1.57159 -2.08594
9.19623 1.49441 -2.07621
9.15136 1.41265 -2.06906
9.10981 1.33633 -2.06971
9.06597 1.25642 -2.07554
9.0229 1.17939 -2.0857
8.97917 1.1043 -2.11057
8.93268 1.03065 -2.15705
8.88024 0.957299 -2.22602
8.82447 0.890406 -2.30537
8.76543 0.830655 -2.39511
8.70247 0.778006 -2.49523
8.63854 0.73429 -2.58844
8.56561 0.693784 -2.68078
8.49237 0.66121 -2.76533
8.41989 0.635602 -2.83866
8.34744 0.615673 -2.90766
8.27457 0.600813 -2.9732
8.20304 0.590643 -3.02751
8.13551 0.584317 -3.06886
8.06567 0.580586 -3.1076
7.99805 0.579481 3.14029
7.93331 0.580456 3.11278
7.86958 0.582868 3.09477
7.80168 0.586838 3.07159
7.73486 0.592448 3.04408
7.67134 0.599991 3.00272
7.60861 0.610364 2.95272
7.54672 0.624059 2.89493
7.47987 0.643272 2.82851
7.41722 0.666034 2.75775
7.35525 0.693585 2.68873
7.29561 0.725062 2.62317
7.23717 0.760606 2.56712
7.17977 0.799211 2.53184
7.12105 0.840985 2.51472
7.06199 0.883605 2.51836
7.0015 0.92656 2.52978
6.93879 0.969704 2.54813
6.8734 1.0123 2.58033
6.80422 1.05393 2.61945
6.72959 1.09538 2.64993
6.65015 1.13641 2.67955
6.56633 1.17644 2.71265
6.48105 1.21419 2.73709
6.39309 1.25107 2.75203
6.29594 1.29045 2.76094
6.20196 1.3279 2.76379
6.10752 1.36574 2.75712
6.01347 1.40402 2.75305
5.92294 1.44125 2.74983
5.83314 1.47875 2.74228
5.74269 1.51718 2.73734
5.65308 1.55559 2.73585
5.55614 1.59697 2.74044
5.45891 1.63766 2.75021
5.36488 1.6755 2.76776
5.26369 1.71462 2.77754
5.16102 1.75363 2.77954
5.06177 1.79135 2.77721
4.95971 1.83087 2.7671
4.85792 1.87162 2.7544
4.75789 1.91311 2.74256
4.65933 1.95606 2.71861
4.56155 2.0017 2.6912
4.4653 2.05004 2.6612
4.37251 2.10043 2.62686
4.28418 2.15169 2.60463
4.19122 2.20724 2.60144
4.10315 2.26008 2.60083
4.01044 2.31454 2.62012
3.91523 2.36695 2.65671
3.81931 2.41511 2.6959
3.7181 2.46021 2.74893
3.61401 2.49986 2.80629
3.50579 2.53407 2.86451
3.39631 2.56174 2.9236
3.28421 2.58292 2.98615
3.17034 2.59638 3.06168
3.05386 2.60129 3.13721
2.93754 2.59695 -3.06266
2.82484 2.58344 -2.98195
2.71351 2.56138 -2.90988
2.60554 2.531 -2.82485
2.50222 2.49205 -2.73722
2.39875 2.44175 -2.64094
2.30411 2.3841 -2.54813
2.18726 2.29296 -2.41025
2.10858 2.21494 -2.31051
2.03687 2.12894 -2.22116
1.9708 2.03335 -2.13006
1.91513 1.93666 -2.05627
1.86471 1.83282 -1.98939
1.8196 1.72386 -1.93721
1.77916 1.61287 -1.90318
1.74105 1.49923 -1.88559
1.69149 1.34535 -1.87914
1.65487 1.22961 -1.87538
1.61911 1.1144 -1.86816
1.58543 1.00078 -1.8497
1.55181 0.882133 -1.84421
1.51956 0.7665 -1.84132
1.48786 0.652113 -1.84102
1.45466 0.535147 -1.8537
1.41995 0.417412 -1.86118
1.38488 0.303211 -1.87645
1.34693 0.187092 -1.8969
1.30741 0.0731251 -1.91217
1.26703 -0.0372569 -1.93091
1.22501 -0.147444 -1.93926
1.18299 -0.255358 -1.94503
1.14224 -0.357974 -1.95254
1.09866 -0.466308 -1.95398
1.05545 -0.573544 -1.9537
1.01354 -0.677771 -1.95255
0.971641 -0.782835 -1.94795
0.93078 -0.886031 -1.94768
0.887398 -0.994857 -1.95258
0.845081 -1.10017 -1.95316
0.802247 -1.20672 -1.95288
0.761057 -1.30979 -1.94914
0.720073 -1.41294 -1.94887
0.67896 -1.5152 -1.95724
0.635964 -1.61961 -1.96561
0.591918 -1.72421 -1.97311
0.547691 -1.82768 -1.9763
0.503978 -1.92991 -1.97343
0.461257 -2.03026 -1.97316
0.415936 -2.13641 -1.97547
0.372913 -2.23726 -1.9726
0.329522 -2.33941 -1.97233
0.287394 -2.43855 -1.97292
0.244279 -2.53936 -1.97698
0.199792 -2.64125 -1.98794
0.154966 -2.74046 -2.00238
0.108394 -2.84014 -2.01335
0.0603331 -2.94126 -2.01567
0.0149449 -3.03724 -2.00935
-0.0285764 -3.13133 -1.99871
-0.0760981 -3.238 -1.98113
-0.118241 -3.33713 -1.96443
-0.159274 -3.43818 -1.94859
-0.198431 -3.53852 -1.93708
-0.235181 -3.63587 -1.92645
-0.271951 -3.7365 -1.9158
-0.308964 -3.84053 -1.90948
-0.343114 -3.93984 -1.89451
-0.375855 -4.04064 -1.87523
-0.406683 -4.14264 -1.85334
-0.433366 -4.24142 -1.8159
-0.457852 -4.34988 -1.76978
-0.477303 -4.45661 -1.73233
-0.491706 -4.56162 -1.6819
-0.501247 -4.66969 -1.6358
-0.506714 -4.77765 -1.60699
-0.508649 -4.88844 -1.56953
-0.506967 -4.99576 -1.54072
-0.502681 -5.10358 -1.52143
-0.495885 -5.21147 -1.49435
-0.486958 -5.31649 -1.47766
-0.477235 -5.41854 -1.47394
-0.466881 -5.52402 -1.47195
-0.457898 -5.62226 -1.48727
-0.451116 -5.723 -1.51989
-0.448174 -5.8245 -1.56375
-0.450604 -5.92409 -1.62663
-0.460106 -6.0215 -1.70942
-0.47683 -6.115 -1.78616
-0.499438 -6.20408 -1.85252
-0.529254 -6.29508 -1.92234
-0.562091 -6.3772 -1.98007
-0.598361 -6.45532 -2.03088
-0.640722 -6.53535 -2.08428
-0.683678 -6.60755 -2.13077
-0.730003 -6.67763 -2.179
-0.780766 -6.74673 -2.22981
-0.833568 -6.81207 -2.27112
-0.888298 -6.87478 -2.30551
-0.947157 -6.9374 -2.34508
-1.00541 -6.9955 -2.36995
-1.06649 -7.05458 -2.3758
-1.12734 -7.11334 -2.37126
-1.18775 -7.17228 -2.36587
-1.25059 -7.23507 -2.34748
-1.31071 -7.29863 -2.30921
-1.36787 -7.36435 -2.26403
-1.42105 -7.43235 -2.205
-1.46958 -7.50469 -2.1183
-1.50934 -7.57872 -2.00912
-1.54037 -7.65743 -1.8835
-1.56005 -7.73773 -1.73887
-1.56746 -7.81699 -1.58905
-1.56208 -7.89718 -1.41847
-1.54377 -7.97108 -1.23753
-1.51249 -8.03817 -1.03151
-1.46929 -8.0954 -0.816846
-1.41957 -8.1381 -0.602201
-1.36512 -8.16751 -0.388425
-1.30968 -8.18329 -0.166013
-1.25327 -8.18623 0.0615848
-1.20084 -8.17715 0.281391
-1.15108 -8.15675 0.496874
-1.10683 -8.12685 0.691599
-1.06836 -8.089 0.862975
-1.03592 -8.0449 1.01014
-1.00805 -7.99336 1.14001
-0.985857 -7.9383 1.23529
-0.967809 -7.88075 1.29858
-0.952617 -7.82138 1.34197
-0.938973 -7.75887 1.3698
-0.926672 -7.69766 1.37515
-0.913074 -7.632 1.35802
-0.898533 -7.56892 1.3305
-0.880731 -7.50168 1.29348
-0.860593 -7.43611 1.25214
-0.837797 -7.37223 1.20387
-0.81002 -7.30616 1.14178
-0.768908 -7.22461 1.0659
-0.734515 -7.16548 1.02196
-0.696695 -7.10596 0.987542
-0.656369 -7.04647 0.962639
-0.615029 -6.98768 0.953304
-0.573273 -6.928 0.967322
-0.531572 -6.86524 1.00124
-0.492428 -6.80109 1.04467
-0.457519 -6.73759 1.09155
-0.425064 -6.67066 1.14708
-0.396205 -6.60043 1.21473
-0.372837 -6.53144 1.27372
-0.353128 -6.46051 1.3258
-0.337043 -6.38808 1.37874
-0.32494 -6.31508 1.43427
-0.316645 -6.23941 1.48894
-0.312517 -6.16553 1.54102
-0.31213 -6.08864 1.59051
-0.315276 -6.01027 1.63135
-0.321011 -5.93205 1.65662
-0.328322 -5.85242 1.66806
-0.336364 -5.76744 1.66222
-0.342673 -5.68309 1.6287
-0.345354 -5.59951 1.57702
-0.343333 -5.51514 1.51668
-0.336144 -5.43048 1.45549
-0.324261 -5.34887 1.39688
-0.307392 -5.26737 1.33655
-0.283513 -5.18021 1.27018
-0.255452 -5.09614 1.22715
-0.225056 -5.01452 1.20142
-0.193034 -4.93457 1.17829
-0.159391 -4.85465 1.16639
-0.125488 -4.77484 1.1718
-0.0918385 -4.69472 1.17461
-0.0580524 -4.61528 1.16271
-0.0244312 -4.5385 1.15341
0.0117019 -4.45756 1.14844
0.0483309 -4.37706 1.13914
0.0864496 -4.29512 1.13158
0.123299 -4.21578 1.14045
0.161194 -4.13225 1.14932
0.19822 -4.05002 1.14608
0.237667 -3.96297 1.14459
0.276659 -3.87676 1.14742
0.315695 -3.79101 1.13987
0.355701 -3.70484 1.13232
0.395512 -3.61944 1.13688
0.43815 -3.5277 1.13453
0.481443 -3.43606 1.12441
0.541956 -3.30886 1.12908
0.587495 -3.21231 1.13107
0.632103 -3.1166 1.13825
0.676448 -3.01738 1.16274
0.717616 -2.91993 1.17943
0.759509 -2.81569 1.19787
0.798313 -2.71335 1.2189
0.836527 -2.60853 1.2235
0.873718 -2.50518 1.22723
0.912158 -2.39635 1.2353
0.949213 -2.29091 1.23039
0.988004 -2.18179 1.22808
1.02808 -2.06987 1.22578
1.0673 -1.96275 1.21395
1.10621 -1.85818 1.21509
1.1479 -1.74725 1.2076
1.18866 -1.64175 1.19664
1.23062 -1.53484 1.19692
1.27251 -1.42895 1.19115
1.31464 -1.32398 1.18711
1.3582 -1.21522 1.19259
1.40117 -1.10851 1.18336
1.44431 -1.00249 1.18537
1.487 -0.896709 1.18911
1.52969 -0.790715 1.1868
1.57114 -0.686513 1.19746
1.61304 -0.579377 1.19861
1.65445 -0.474328 1.19197
1.69666 -0.367312 1.1983
1.73949 -0.258062 1.196
1.78082 -0.152151 1.20147
1.82201 -0.0428868 1.21906
1.86117 0.0648701 1.22539
1.90025 0.175318 1.23606
1.93768 0.285115 1.24846
1.97437 0.39455 1.24615
2.01119 0.504958 1.25163
2.04739 0.613746 1.24759
2.08436 0.723085 1.24182
2.12214 0.834592 1.24643
2.15988 0.945912 1.24153
2.19689 1.05443 1.24268
2.23476 1.16733 1.25163
2.27208 1.27838 1.24154
2.30975 1.38931 1.24529
2.34728 1.50009 1.24298
2.38473 1.60886 1.23548
2.42238 1.71817 1.24269
2.45871 1.82448 1.24037
2.49652 1.93556 1.24499
2.53308 2.04586 1.25652
2.56876 2.15664 1.26199
2.60278 2.26613 1.27698
2.63581 2.37833 1.29197
2.66761 2.48929 1.29139
2.6989 2.60039 1.30119
2.72978 2.71181 1.29975
2.76025 2.81953 1.29051
2.79118 2.92773 1.29425
2.82183 3.0344 1.2876
2.8542 3.14479 1.28356
2.88654 3.25539 1.28904
2.91898 3.36696 1.28673
2.9514 3.47914 1.29221
2.98248 3.5895 1.30028
3.01314 3.69918 1.29623
3.04345 3.80795 1.3017
3.07324 3.91546 1.29938
3.10376 4.02358 1.29188
3.13466 4.13259 1.29735
3.16562 4.24178 1.29158
3.19786 4.353 1.28581
3.23036 4.46416 1.28696
3.26372 4.57626 1.27601
3.29755 4.68601 1.26764
3.33336 4.79917 1.26102
3.37039 4.91012 1.23622
3.40993 5.02081 1.21922
3.45108 5.12926 1.19702
3.49437 5.2348 1.16617
3.54051 5.34017 1.15002
3.58937 5.44559 1.12349
3.64061 5.54965 1.10302
3.69317 5.65219 1.0912
3.74649 5.75304 1.07765
3.79859 5.85061 1.08311
3.85133 5.95219 1.10069
3.90035 6.05113 1.12085
3.94594 6.14999 1.15658
3.98848 6.25189 1.19405
4.02741 6.35418 1.22026
4.06399 6.4602 1.25686
4.09691 6.56519 1.27703
4.12902 6.67324 1.28682
4.15998 6.78144 1.29748
4.19072 6.89009 1.29257
4.22134 6.99577 1.28505
4.2537 7.10616 1.2862
4.28578 7.21482 1.2813
4.31841 7.32373 1.27812
4.35134 7.43375 1.28186
4.38409 7.54262 1.27522
4.41767 7.65365 1.27897
4.45048 7.7631 1.28012
4.48379 7.87361 1.27608
4.51646 7.98351 1.28761
4.5477 8.09182 1.29221
4.57823 8.19893 1.29421
4.60759 8.30557 1.31006
4.63599 8.41227 1.31119
4.66389 8.5185 1.31665
4.69066 8.62482 1.33163
4.7163 8.73023 1.33276
4.74146 8.83556 1.33995
4.76602 8.94262 1.3506
4.78873 9.04476 1.35345
4.81201 9.15269 1.36324
4.83286 9.2564 1.38166
4.85172 9.35834 1.39403
4.86946 9.46381 1.41418
4.88439 9.56523 1.43519
4.89732 9.66459 1.44755
4.9094 9.76852 1.46251
4.91941 9.8657 1.474
4.92877 9.96314 1.47597
4.9378 10.0604 1.48053
4.94529 10.1497 1.49373
4.95134 10.2393 1.51298
4.95523 10.3279 1.54087
4.95601 10.415 1.5826
4.95282 10.4993 1.6347
4.9451 10.5787 1.70063
4.93209 10.6553 1.77779
4.91417 10.7251 1.86619
4.89189 10.7871 1.96494
4.86496 10.8424 2.08358
4.83427 10.8893 2.21604
4.8011 10.9277 2.35195
4.76673 10.9578 2.49304
4.73144 10.9806 2.6419
4.6967 10.9964 2.78729
4.66336 11.006 2.93267
4.633 11.0103 3.07199
4.60562 11.0103 -3.07102
4.57872 11.0064 -2.92306
4.55508 10.9993 -2.77597
4.53344 10.9891 -2.62889
4.50859 10.9718 -2.43768
4.49234 10.9559 -2.29579
4.47815 10.9374 -2.15303
4.46612 10.916 -2.01545
4.45685 10.8929 -1.88999
4.45004 10.8672 -1.76884
4.44599 10.839 -1.65807
4.44506 10.8089 -1.54556
4.44766 10.7772 -1.43219
4.45366 10.7458 -1.33178
4.46327 10.7124 -1.24867
4.47551 10.6792 -1.18804
4.49025 10.6446 -1.1473
4.5073 10.6077 -1.12904
4.52578 10.568 -1.14018
4.55082 10.5102 -1.18413
4.56806 10.4642 -1.24022
4.58283 10.4162 -1.30496
4.59456 10.3665 -1.37316
4.60328 10.3142 -1.43789
4.60878 10.2617 -1.49484
4.61183 10.2061 -1.53708
4.61301 10.1508 -1.56203
4.61312 10.0934 -1.57572
4.61254 10.0339 -1.58509
4.61135 9.97394 -1.59618
4.60938 9.9127 -1.60987
4.60655 9.85053 -1.62269
4.60251 9.78611 -1.64415
4.59647 9.71894 -1.67685
4.58753 9.64802 -1.71559
4.5759 9.57651 -1.74828
4.56039 9.49708 -1.77921
4.54199 9.4163 -1.81014
4.52068 9.33404 -1.83847
4.48869 9.22354 -1.86673
4.46254 9.14007 -1.88208
4.43378 9.05236 -1.89309
4.40484 8.96675 -1.90065
4.37413 8.87767 -1.90474
4.34201 8.78479 -1.90277
4.31042 8.69194 -1.89474
4.27795 8.5945 -1.89017
4.24478 8.49283 -1.88212
4.21232 8.39053 -1.87407
4.18088 8.28831 -1.86429
4.14825 8.1784 -1.85449
4.11812 8.07418 -1.8499
4.08618 7.96286 -1.85048
4.05399 7.85142 -1.85365
4.02221 7.74307 -1.85856
3.97796 7.59561 -1.86596
3.94387 7.48514 -1.87433
3.89679 7.33916 -1.89124
3.85991 7.23081 -1.90653
3.82262 7.12709 -1.92528
3.7817 7.02103 -1.95268
3.73876 6.91806 -1.97921
3.69321 6.81791 -2.01613
3.64252 6.71766 -2.06169
3.58873 6.62213 -2.10553
3.52981 6.52898 -2.16406
3.46563 6.43915 -2.21828
3.39846 6.35397 -2.25866
3.32566 6.26893 -2.29903
3.25212 6.18786 -2.31605
3.17568 6.10528 -2.31924
3.09935 6.02365 -2.32588
3.02346 5.94213 -2.31522
2.94665 5.85727 -2.29764
2.87134 5.77107 -2.28006
2.79888 5.68321 -2.24086
2.72945 5.59222 -2.20426
2.66295 5.49811 -2.16765
2.60037 5.40111 -2.11979
2.54067 5.30008 -2.08923
2.48479 5.19886 -2.06127
2.43132 5.09505 -2.03158
2.37955 4.98866 -2.01572
2.32946 4.8802 -1.9912
2.28378 4.7742 -1.96411
2.24057 4.66592 -1.93701
2.20297 4.5621 -1.89955
2.16821 4.45345 -1.86121
2.13826 4.34537 -1.82115
2.11335 4.23978 -1.78369
2.09249 4.13371 -1.74624
2.07566 4.02751 -1.70965
2.06292 3.92307 -1.67479
2.0547 3.81837 -1.62351
2.05223 3.71376 -1.5653
2.05584 3.60957 -1.5071
2.06677 3.50531 -1.42554
2.08582 3.40457 -1.34226
2.11329 3.30539 -1.25898
2.14957 3.20848 -1.16618
2.19267 3.11908 -1.07686
2.24524 3.03128 -0.985794
2.30597 2.94702 -0.906834
2.37182 2.86869 -0.836527
2.44489 2.79325 -0.766214
2.55243 2.69698 -0.694073
2.63722 2.62961 -0.648832
2.72528 2.56591 -0.603591
2.81793 2.50375 -0.578234
2.91367 2.44316 -0.550278
3.00931 2.38608 -0.525787
3.10685 2.33035 -0.512536
3.20579 2.27553 -0.499283
3.30276 2.22272 -0.498145
3.40361 2.16698 -0.511698
3.50454 2.10905 -0.530437
3.60129 2.05045 -0.558697
3.69918 1.9875 -0.584355
3.79483 1.9236 -0.593584
3.88936 1.85941 -0.599355
3.98555 1.79457 -0.58696
4.08154 1.73258 -0.559867
4.1789 1.67349 -0.531045
4.28047 1.61666 -0.489243
4.38173 1.56538 -0.448314
4.48748 1.51677 -0.413432
4.59561 1.47118 -0.384601
4.7014 1.42954 -0.365293
4.81053 1.38852 -0.353762
4.91998 1.34839 -0.349149
5.02448 1.31041 -0.348009
5.13263 1.27067 -0.356372
5.23792 1.2304 -0.374256
5.34124 1.18833 -0.399061
5.44726 1.14174 -0.429044
5.54511 1.09534 -0.456452
5.64326 1.04563 -0.481261
5.74455 0.991911 -0.49395
5.84089 0.939568 -0.501462
5.93871 0.885519 -0.508105
6.03511 0.831689 -0.510426
6.12971 0.778198 -0.518806
6.22558 0.723038 -0.525451
6.32046 0.668478 -0.518261
6.41462 0.615388 -0.508481
6.51094 0.562592 -0.494371
6.6019 0.514487 -0.478549
6.69654 0.465928 -0.469637
6.79102 0.41835 -0.463321
6.88435 0.372341 -0.452686
6.97813 0.327248 -0.44378
7.07528 0.281639 -0.434001
7.16661 0.239948 -0.422509
7.26464 0.196705 -0.408406
7.35526 0.158198 -0.39519
7.44314 0.122129 -0.383712
7.52659 0.0889545 -0.373111
7.61345 0.0555265 -0.361638
7.69688 0.0244708 -0.351039
7.77687 -0.00422441 -0.337856
7.85579 -0.031293 -0.322947
7.93438 -0.0569431 -0.30804
8.01254 -0.0813937 -0.298324
8.088 -0.104127 -0.286885
8.16245 -0.125525 -0.272856
8.23717 -0.14594 -0.260556
8.31005 -0.16506 -0.252586
8.38067 -0.18289 -0.242028
8.45002 -0.199433 -0.226284
8.51943 -0.21487 -0.211405
8.58847 -0.229305 -0.200852
8.65477 -0.242649 -0.196361
8.72211 -0.255736 -0.187543
8.79374 -0.268939 -0.176984
8.8676 -0.281714 -0.165555
8.94486 -0.294065 -0.151524
9.02637 -0.305315 -0.12278
9.11206 -0.314042 -0.0801888
9.20151 -0.319393 -0.0393187
9.29206 -0.321142 0.000689443
9.38298 -0.31871 0.0528062
9.47401 -0.31112 0.113572
9.56325 -0.298104 0.176066
9.65432 -0.27796 0.259322
9.74037 -0.250927 0.349491
9.81739 -0.218816 0.440509
9.89769 -0.17568 0.545381
9.99137 -0.111234 0.659825
10.0569 -0.0556548 0.746524
10.1166 0.00457106 0.833219
10.1712 0.0697231 0.913862
10.221 0.139736 0.990181
10.2655 0.21264 1.05699
10.3053 0.287918 1.11082
10.3419 0.365901 1.15341
10.3746 0.443726 1.1934
10.4041 0.52299 1.23426
10.4253 0.591282 1.30622
10.4416 0.663873 1.39462
10.4523 0.743121 1.47698
10.4569 0.818909 1.5429
10.4572 0.895606 1.59152
10.4539 0.976474 1.6315
10.4483 1.05547 1.65159
10.4421 1.13481 1.64573
10.4369 1.21828 1.61999
10.4346 1.33116 1.56319
10.4376 1.41724 1.50892
10.4456 1.50434 1.4486
10.4589 1.59295 1.39606
10.4769 1.68268 1.34872
10.4995 1.77117 1.2936
10.528 1.86197 1.23848
10.5604 1.94984 1.1972
10.5976 2.03892 1.15333
10.6373 2.12395 1.11464
10.681 2.20981 1.08548
10.728 2.29678 1.06583
10.7777 2.38553 1.05397
10.8273 2.4728 1.05336
10.8795 2.56571 1.06486
10.9306 2.65988 1.08242
10.9779 2.75195 1.11122
11.0249 2.85118 1.14436
11.0691 2.95173 1.16885
11.1109 3.05373 1.19506
11.1517 3.16087 1.2187
11.1908 3.26968 1.23282
11.2281 3.37994 1.25733
11.2636 3.49281 1.27492
11.2967 3.60358 1.28558
11.3297 3.7186 1.29712
11.3623 3.83634 1.30434
11.393 3.95079 1.31242
11.4228 4.0659 1.32396
11.4519 4.18056 1.31906
11.4811 4.29363 1.31762
11.5115 4.40557 1.29369
11.5447 4.51511 1.25938
11.5813 4.62294 1.22766
11.6227 4.73068 1.18038
11.6678 4.83293 1.13049
11.7199 4.93636 1.07802
11.7753 5.03342 1.02641
11.835 5.12652 0.974789
11.9005 5.21774 0.92058
11.9706 5.30431 0.860316
12.0457 5.38524 0.785346
12.1268 5.45981 0.700863
12.214 5.52726 0.616379
12.3051 5.58507 0.514593
12.3987 5.63211 0.416258
12.4969 5.66995 0.319654
12.5954 5.69776 0.230825
12.6936 5.71638 0.143723
12.792 5.72617 0.0548857
12.8925 5.72762 -0.026162
12.9931 5.72156 -0.0942366
13.0937 5.70881 -0.157985
13.1911 5.6913 -0.197523
13.2919 5.66955 -0.227539
13.3929 5.64461 -0.256687
13.4915 5.61784 -0.273731
13.5921 5.58909 -0.282986
13.6937 5.55907 -0.291372
13.7931 5.52895 -0.297169
13.8975 5.49683 -0.299493
14.0038 5.46353 -0.307866
14.1105 5.42901 -0.317967
14.2166 5.39315 -0.334123
14.3252 5.35404 -0.357189
14.4332 5.31231 -0.380253
14.5427 5.26715 -0.401581
14.6496 5.22063 -0.419455
14.7556 5.17242 -0.434735
14.8629 5.1222 -0.440495
14.9701 5.07173 -0.439337
15.0795 5.02082 -0.43212
15.1901 4.97085 -0.416252
15.2999 4.9232 -0.402983
15.4108 4.87642 -0.394902
15.521 4.83078 -0.390282
15.6336 4.78469 -0.387387
15.7465 4.73868 -0.38622
15.8567 4.69395 -0.385061
15.9674 4.6491 -0.384766
16.0773 4.60468 -0.383608
16.1875 4.56006 -0.385908
16.3007 4.51377 -0.38993
16.4116 4.46782 -0.395687
16.5261 4.41939 -0.404893
16.636 4.37203 -0.408921
16.7509 4.32225 -0.408611
16.8652 4.273 -0.404844
16.9752 4.22634 -0.397629
17.0884 4.1793 -0.390407
17.2016 4.13331 -0.381456
17.3107 4.09006 -0.373382
17.4266 4.0453 -0.363561
17.5395 4.00281 -0.356344
17.6494 3.96214 -0.352595
17.7678 3.91863 -0.351417
17.8757 3.8792 -0.349404
17.9951 3.83591 -0.346495
18.1106 3.79429 -0.345326
18.2242 3.75336 -0.345892
18.3409 3.71121 -0.347315
18.4543 3.67007 -0.348746
18.5669 3.62934 -0.345856
18.6855 3.58684 -0.342084
18.7985 3.54695 -0.336599
18.9142 3.5071 -0.326782
19.0261 3.46994 -0.314383
19.1384 3.43437 -0.299389
19.2504 3.40062 -0.286126
19.3646 3.36762 -0.276319
19.4819 3.33512 -0.26391
19.599 3.30388 -0.257556
19.7125 3.27474 -0.245158
19.8258 3.2471 -0.233626
19.9437 3.21931 -0.229002
20.0565 3.19357 -0.220067
20.1693 3.16854 -0.216322
20.2804 3.14444 -0.210852
20.3936 3.12065 -0.203647
20.51 3.09658 -0.204217
20.6252 3.07207 -0.215169
20.7413 3.04576 -0.230442
20.8531 3.0179 -0.257833
20.9625 2.9877 -0.280903
21.073 2.95443 -0.303969
21.1838 2.91826 -0.327032
21.2879 2.88178 -0.347516
21.3919 2.84263 -0.372321
21.4882 2.80373 -0.395416
21.5807 2.76368 -0.421977
21.6761 2.71928 -0.449392
21.7664 2.6741 -0.478548
21.8533 2.62704 -0.513762
21.9374 2.57782 -0.544657
22.0166 2.52821 -0.574695
22.0924 2.47719 -0.610793
22.1662 2.4234 -0.648622
22.238 2.36726 -0.678666
22.3083 2.30895 -0.706116
22.3786 2.24771 -0.726641
22.4488 2.18575 -0.719491
22.5245 2.12063 -0.701947
22.601 2.0571 -0.684403
22.6783 1.99586 -0.654754
22.7579 1.93685 -0.621644
22.837 1.88156 -0.598054
22.9209 1.82566 -0.577913
23.0077 1.77043 -0.555172
23.0925 1.71855 -0.542818
23.2079 1.64949 -0.535567
23.2945 1.59817 -0.535318
23.3801 1.5461 -0.557556
23.4659 1.49074 -0.588439
23.5444 1.43626 -0.624527
23.6261 1.3728 -0.696054
23.7003 1.30521 -0.781427
23.7682 1.23095 -0.879772
23.827 1.15109 -0.991093
23.8746 1.06863 -1.10502
23.9112 0.984541 -1.21549
23.9398 0.89136 -1.32941
23.9573 0.800554 -1.43124
23.965 0.712262 -1.53653
23.9633 0.620957 -1.64355
23.9523 0.529321 -1.73586
23.9335 0.438968 -1.81607
23.9084 0.349948 -1.87465
23.879 0.262679 -1.91766
23.8461 0.174805 -1.94078
23.811 0.0848702 -1.94487
23.7771 -0.0034559 -1.92993
23.7443 -0.0934503 -1.9098
23.7125 -0.188265 -1.87928
23.6846 -0.279481 -1.8557
23.6559 -0.379101 -1.84679
23.6274 -0.479763 -1.8474
23.5988 -0.579815 -1.8506
23.5699 -0.679578 -1.85467
23.5404 -0.780752 -1.85527
23.5109 -0.882752 -1.84895
23.4804 -0.990473 -1.84435
23.4508 -1.09724 -1.83802
23.4225 -1.20197 -1.8317
23.3945 -1.30697 -1.83143
23.3665 -1.41199 -1.83116
23.3387 -1.51586 -1.83263
23.3114 -1.61566 -1.84362
23.2819 -1.71985 -1.85027
23.2534 -1.81873 -1.85174
23.2251 -1.91725 -1.84976
23.1964 -2.01989 -1.83652
23.17 -2.12112 -1.81637
23.1454 -2.22324 -1.79622
23.1229 -2.32661 -1.77434
23.1034 -2.42626 -1.75419
23.0863 -2.52245 -1.73925
23.0689 -2.62757 -1.7312
23.0526 -2.72684 -1.73441
23.0357 -2.82618 -1.74541
23.017 -2.92598 -1.76678
22.9929 -3.0367 -1.80282
22.9722 -3.11791 -1.83807
22.9432 -3.21381 -1.89145
22.9092 -3.30665 -1.95088
22.87 -3.39588 -2.01982
22.8236 -3.48275 -2.10174
22.772 -3.56336 -2.18021
22.7125 -3.6409 -2.26905
22.6477 -3.71082 -2.36827
22.5797 -3.77124 -2.46145
22.5013 -3.82846 -2.56153
22.4223 -3.87509 -2.65471
22.3418 -3.91303 -2.7479
22.2546 -3.94404 -2.85145
22.1679 -3.96567 -2.9429
22.079 -3.97965 -3.0283
21.9897 -3.9862 -3.10851
21.9028 -3.98619 3.10829
21.8093 -3.9805 3.05317
21.7174 -3.97027 3.00843
21.6263 -3.9564 2.97233
21.5366 -3.93954 2.93969
21.4451 -3.91951 2.91225
21.3223 -3.89025 2.90305
21.2306 -3.86795 2.90328
21.1362 -3.8452 2.90698
21.0393 -3.82294 2.92453
20.942 -3.80229 2.94034
20.8462 -3.78306 2.94664
20.7435 -3.7633 2.95641
20.643 -3.74468 2.96012
20.5409 -3.72572 2.95605
20.4373 -3.70643 2.95891
20.3367 -3.68798 2.96176
20.2311 -3.66866 2.95943
20.126 -3.6497 2.96661
20.0224 -3.63167 2.97206
19.9166 -3.61344 2.96973
19.8074 -3.59474 2.97433
19.7012 -3.57696 2.97719
19.59 -3.55838 2.97487
19.4801 -3.54029 2.98207
19.3712 -3.52308 2.98753
19.2594 -3.50579 2.98867
19.151 -3.48962 2.99846
19.0379 -3.47338 2.99961
18.9248 -3.45728 3.00075
18.812 -3.44145 3.00363
18.6996 -3.42572 3.00132
18.5821 -3.40904 2.99988
18.4684 -3.39273 2.99844
18.3521 -3.37548 2.99008
18.2359 -3.35785 2.9921
18.1222 -3.34059 2.98979
18.0099 -3.32302 2.98315
17.8947 -3.3046 2.98257
17.7773 -3.28505 2.97076
17.6638 -3.26488 2.96067
17.5475 -3.24331 2.95577
17.4344 -3.22145 2.94568
17.3189 -3.1987 2.94856
17.2029 -3.17641 2.95491
17.0867 -3.15505 2.96472
16.9731 -3.13587 2.98403
16.8553 -3.11812 2.99989
16.7385 -3.10219 3.01229
16.6243 -3.08831 3.02901
16.5055 -3.07552 3.03968
16.3877 -3.06442 3.05554
16.273 -3.05549 3.07226
16.1566 -3.04839 3.08898
16.0386 -3.04316 3.1057
15.9269 -3.03994 3.11982
15.8065 -3.03812 3.13309
15.6546 -3.0379 -3.13588
15.5398 -3.03917 -3.12522
15.4238 -3.04159 -3.11629
15.3137 -3.04496 -3.10564
15.1956 -3.04999 -3.09237
15.0837 -3.0562 -3.07998
14.9733 -3.06379 -3.06587
14.861 -3.07306 -3.05262
14.7539 -3.083 -3.04544
14.6435 -3.09415 -3.03651
14.5358 -3.1059 -3.02933
14.4309 -3.11792 -3.02561
14.3295 -3.13011 -3.01843
14.226 -3.1427 -3.0225
14.1284 -3.15346 -3.04128
14.0284 -3.16253 -3.06093
13.9294 -3.16947 -3.0823
13.8312 -3.17412 -3.10628
13.7386 -3.1764 -3.12767
13.6449 -3.17658 3.13153
13.5513 -3.17435 3.10409
13.4545 -3.16901 3.06887
13.3552 -3.15911 3.01549
13.2234 -3.13648 2.92761
13.129 -3.11218 2.85174
13.0354 -3.0804 2.77674
12.941 -3.04159 2.72683
12.8486 -2.999 2.69249
12.7562 -2.95245 2.65729
12.6348 -2.8864 2.62909
12.5429 -2.83365 2.61206
12.449 -2.77778 2.59762
12.3556 -2.72151 2.60135
12.2601 -2.66455 2.60595
12.1667 -2.60969 2.61487
12.0719 -2.55586 2.63589
11.9755 -2.50355 2.6526
11.8787 -2.45287 2.66584
11.7845 -2.40562 2.68772
11.6862 -2.35841 2.7001
11.5866 -2.31218 2.71421
11.4904 -2.26958 2.73523
11.3878 -2.22619 2.74761
11.2874 -2.18503 2.75739
11.1901 -2.14662 2.77408
11.0859 -2.10678 2.77869
10.9855 -2.06928 2.78933
10.8818 -2.03198 2.80344
10.78 -1.99628 2.80544
10.6794 -1.96156 2.81262
10.5779 -1.92749 2.82326
10.4754 -1.89364 2.8218
10.3763 -1.86118 2.82811
10.2375 -1.8164 2.83107
10.1371 -1.78363 2.82095
10.035 -1.74938 2.81516
9.93462 -1.71479 2.80418
9.8373 -1.67966 2.78627
9.73747 -1.64239 2.78221
9.60865 -1.593 2.76872
9.51399 -1.5557 2.76378
9.41848 -1.51847 2.77614
9.32529 -1.48324 2.78417
9.22884 -1.44795 2.7974
9.13467 -1.41544 2.821
9.04116 -1.38521 2.83681
8.9493 -1.3568 2.84656
8.85512 -1.32939 2.87015
8.7658 -1.30537 2.88768
8.67405 -1.28229 2.90262
8.58471 -1.26152 2.9236
8.49872 -1.24341 2.94457
8.4153 -1.22726 2.95603
8.30266 -1.20693 2.97015
8.21958 -1.19319 2.98506
8.13901 -1.1808 2.99304
8.05952 -1.16909 2.99757
7.98074 -1.15784 3.00209
7.90496 -1.14738 3.0066
7.83015 -1.1369 2.99814
7.75534 -1.1252 2.97498
7.67919 -1.11104 2.94057
7.60746 -1.09455 2.89059
7.53955 -1.07484 2.82763
7.47497 -1.05062 2.73786
7.39292 -1.00923 2.61095
7.33394 -0.97093 2.52031
7.27958 -0.928164 2.42967
7.2272 -0.878691 2.33991
7.1791 -0.825298 2.2683
7.13187 -0.765621 2.21228
7.08546 -0.701209 2.17788
7.04226 -0.637384 2.15385
7.00185 -0.574485 2.12982
6.96456 -0.512594 2.09627
6.93004 -0.450439 2.05926
6.8985 -0.388662 2.02656
6.87108 -0.330654 1.99818
6.84393 -0.26808 1.96203
6.82058 -0.208115 1.9224
6.80086 -0.151121 1.88536
6.78185 -0.0900403 1.85958
6.76461 -0.0316425 1.85627
6.74673 0.0283775 1.8642
6.72845 0.0874707 1.87733
6.71021 0.143339 1.89564
6.69232 0.194041 1.92431
6.67321 0.242437 1.96941
6.65299 0.286804 2.02748
6.63214 0.325923 2.09332
6.60799 0.364465 2.16781
6.57281 0.410838 2.27174
6.54191 0.444479 2.35574
6.50773 0.475931 2.43975
6.47062 0.504806 2.52116
6.43087 0.531003 2.59652
6.38724 0.555257 2.67189
6.34 0.577065 2.74639
6.28894 0.59624 2.81831
6.23636 0.612123 2.87812
6.1796 0.625833 2.93102
6.12071 0.636959 2.97874
6.05984 0.645581 3.023
5.99617 0.651825 3.06467
5.93212 0.655782 3.0951
5.86548 0.657954 3.12294
5.79669 0.658428 -3.13672
5.72887 0.657446 -3.11753
5.65838 0.655195 -3.10179
5.59082 0.651884 -3.08346
5.52411 0.647329 -3.0634
5.45866 0.64154 -3.04335
5.39428 0.634627 -3.02589
5.33386 0.627069 -3.00844
5.27015 0.617913 -2.98925
5.20415 0.607218 -2.97266
5.13507 0.595061 -2.9621
5.06457 0.582074 -2.95674
4.99259 0.568672 -2.95829
4.91743 0.55547 -2.97712
4.83846 0.544243 -3.02363
4.7565 0.537065 -3.08483
4.67388 0.534688 -3.14084
4.5872 0.536788 3.0924
4.4984 0.543001 3.0511
4.40853 0.552518 3.02106
4.31861 0.564783 2.99101
4.22734 0.579753 2.96702
4.13464 0.596629 2.95601
4.04501 0.61417 2.94067
3.95608 0.633234 2.92014
3.86692 0.653907 2.90739
3.77821 0.675629 2.89551
3.68753 0.699774 2.8672
3.59696 0.726445 2.84322
3.50614 0.754967 2.83135
3.41356 0.785523 2.81429
3.32013 0.817816 2.80329
3.22748 0.849996 2.81132
3.13252 0.881987 2.82195
3.03858 0.912754 2.82824
2.93955 0.943415 2.85445
2.84044 0.971091 2.88411
2.73963 0.996091 2.9129
2.63867 1.01697 2.96246
2.54187 1.03156 3.02151
2.44241 1.04007 3.09094
2.34009 1.04104 -3.10983
2.2423 1.03338 -3.01704
2.1453 1.01637 -2.91907
2.05078 0.990149 -2.82283
1.9599 0.955318 -2.72832
1.87371 0.912233 -2.62776
1.7928 0.860987 -2.52633
1.71629 0.801145 -2.42923
1.64457 0.732548 -2.32779
1.58231 0.660017 -2.23242
1.5253 0.578537 -2.13012
1.4759 0.490021 -2.02955
1.43586 0.399002 -1.94108
1.40372 0.302865 -1.8457
1.38073 0.206118 -1.76243
1.36449 0.104309 -1.69558
1.35416 -1.17042e-05 -1.64343
1.34796 -0.104847 -1.61636
1.34375 -0.212867 -1.60311
1.34005 -0.323217 -1.60544
1.336 -0.43124 -1.61122
1.33093 -0.541533 -1.62219
1.32389 -0.656352 -1.6418
1.31476 -0.76561 -1.66661
1.30281 -0.873042 -1.69661
1.28639 -0.985339 -1.73525
1.26675 -1.09026 -1.7765
1.24095 -1.20078 -1.82379
1.21103 -1.30846 -1.85983
1.17772 -1.41352 -1.89589
1.12918 -1.55147 -1.92233
1.0919 -1.65233 -1.92726
1.05349 -1.75378 -1.93823
1.01543 -1.8527 -1.93797
0.977508 -1.95083 -1.94117
0.939832 -2.04679 -1.9487
0.900857 -2.14451 -1.9519
0.86265 -2.24026 -1.94905
0.810514 -2.37236 -1.94437
0.772815 -2.4712 -1.92595
0.736073 -2.57287 -1.90925
0.700824 -2.67445 -1.90033
0.667585 -2.77407 -1.88537
0.635233 -2.87398 -1.88252
0.602228 -2.9757 -1.88658
0.569431 -3.07627 -1.88545
0.536331 -3.17655 -1.89384
0.501738 -3.27774 -1.90655
0.46578 -3.37927 -1.91579
0.428267 -3.48106 -1.93196
0.389359 -3.58109 -1.95158
0.349241 -3.68022 -1.9591
0.308947 -3.7772 -1.97008
0.268324 -3.87362 -1.96896
0.216072 -4.00402 -1.93488
0.180476 -4.10098 -1.91041
0.147186 -4.19956 -1.88248
0.116219 -4.2991 -1.86233
0.0864991 -4.39741 -1.8664
0.0539843 -4.50212 -1.87737
0.0213635 -4.60235 -1.89354
-0.0133708 -4.70084 -1.92615
-0.0520173 -4.80076 -1.95356
-0.0938711 -4.90147 -1.97578
-0.136968 -4.99786 -2.00665
-0.182858 -5.09382 -2.02714
-0.229252 -5.18652 -2.04246
-0.277585 -5.27844 -2.06728
-0.326584 -5.36827 -2.07308
-0.376377 -5.46007 -2.06244
-0.424692 -5.55223 -2.04489
-0.470076 -5.64501 -2.00658
-0.510869 -5.73928 -1.95184
-0.547423 -5.83712 -1.90488
-0.579769 -5.93987 -1.84667
-0.605535 -6.04367 -1.78154
-0.62504 -6.15039 -1.72159
-0.638491 -6.25882 -1.66684
-0.646133 -6.36589 -1.61727
-0.648631 -6.47454 -1.5703
-0.646503 -6.58282 -1.53198
-0.640415 -6.69094 -1.49712
-0.630492 -6.79956 -1.46225
-0.617536 -6.9063 -1.43777
-0.603205 -7.00955 -1.428
-0.588268 -7.11117 -1.42169
-0.574256 -7.21271 -1.44566
-0.563746 -7.31681 -1.49469
-0.558731 -7.42189 -1.55151
-0.560649 -7.52476 -1.62737
-0.570423 -7.62467 -1.70928
-0.58817 -7.72131 -1.79552
-0.614898 -7.81887 -1.88089
-0.647336 -7.90876 -1.95331
-0.685987 -7.99511 -2.03004
-0.729097 -8.07496 -2.1016
-0.779806 -8.15483 -2.17142
-0.833822 -8.22799 -2.24212
-0.894399 -8.29863 -2.31713
-0.957916 -8.36318 -2.37918
-1.02585 -8.42479 -2.43084
-1.09643 -8.48336 -2.46694
-1.16698 -8.53891 -2.48228
-1.241 -8.59628 -2.48205
-1.31779 -8.6573 -2.45846
-1.39116 -8.71916 -2.42362
-1.46125 -8.78385 -2.3689
-1.52724 -8.85353 -2.2891
-1.58443 -8.92575 -2.19201
-1.63273 -9.00329 -2.06378
-1.66856 -9.08375 -1.91567
-1.69015 -9.16297 -1.75806
-1.69761 -9.24416 -1.56673
-1.6895 -9.32083 -1.36416
-1.6667 -9.39004 -1.14084
-1.63106 -9.44823 -0.901973
-1.58607 -9.49266 -0.656196
-1.53429 -9.5229 -0.400914
-1.47986 -9.538 -0.140454
-1.42781 -9.53906 0.100106
-1.37605 -9.52758 0.336346
-1.32955 -9.5055 0.550094
-1.28954 -9.47563 0.732701
-1.25576 -9.43966 0.900606
-1.22747 -9.39805 1.04689
-1.20444 -9.35225 1.16291
-1.18575 -9.30327 1.24953
-1.16988 -9.25069 1.30588
-1.15553 -9.19389 1.34062
-1.14205 -9.13451 1.35461
-1.12871 -9.07411 1.35216
-1.11437 -9.01197 1.33589
-1.09834 -8.94884 1.30837
-1.07917 -8.88339 1.26357
-1.05619 -8.81713 1.21012
-1.03056 -8.75433 1.15667
-1.00189 -8.69329 1.10667
-0.969602 -8.63256 1.05755
-0.933589 -8.57171 1.01534
-0.895321 -8.51155 0.993034
-0.855389 -8.45064 0.988025
-0.81449 -8.38828 0.992534
-0.772322 -8.32261 1.00743
-0.730922 -8.25487 1.03703
-0.691963 -8.18569 1.07874
-0.655589 -8.11361 1.12824
-0.623318 -8.0398 1.18898
-0.596579 -7.96668 1.25144
-0.573606 -7.88867 1.31737
-0.556861 -7.81303 1.38848
-0.544996 -7.7318 1.46306
-0.538723 -7.64995 1.52553
-0.537262 -7.56844 1.58022
-0.540548 -7.48217 1.63752
-0.548608 -7.3939 1.68617
-0.560252 -7.30466 1.71493
-0.574209 -7.21537 1.73678
-0.59039 -7.12255 1.74998
-0.606514 -7.03225 1.74502
-0.62197 -6.93833 1.72277
-0.634939 -6.84423 1.69273
-0.643756 -6.75236 1.64021
-0.646941 -6.65646 1.5678
-0.643092 -6.56348 1.49105
-0.632 -6.47069 1.41258
-0.613271 -6.37954 1.32373
-0.586511 -6.29021 1.23575
-0.551511 -6.20211 1.14949
-0.508388 -6.11575 1.06584
-0.459281 -6.03444 0.989105
-0.405523 -5.95943 0.908901
-0.345552 -5.88777 0.839079
-0.283713 -5.82187 0.795194
-0.220137 -5.75901 0.764281
-0.15389 -5.69642 0.749803
-0.0872563 -5.6331 0.769923
-0.0214853 -5.56725 0.802153
0.0447424 -5.497 0.827473
0.109753 -5.42408 0.857984
0.173277 -5.34808 0.891094
0.234157 -5.27118 0.911229
0.297453 -5.18738 0.936569
0.356679 -5.1037 0.973147
0.415724 -5.0143 1.00109
0.473325 -4.92146 1.0299
0.528039 -4.82666 1.06476
0.581253 -4.72729 1.09358
0.630807 -4.62775 1.12413
0.675925 -4.52952 1.1564
0.717795 -4.42964 1.19126
0.755712 -4.32902 1.22958
0.789502 -4.22775 1.2679
0.81994 -4.12503 1.29757
0.849072 -4.02033 1.30129
0.878912 -3.91543 1.286
0.910142 -3.81315 1.26291
0.944791 -3.70974 1.23204
0.982505 -3.60762 1.20204
1.02229 -3.50773 1.18155
1.06342 -3.40839 1.1749
1.10405 -3.3103 1.18122
1.1437 -3.21076 1.20224
1.18128 -3.10858 1.23451
1.21422 -3.00582 1.28667
1.23993 -2.90379 1.3613
1.2574 -2.79846 1.45152
1.26436 -2.69019 1.56162
1.25857 -2.5857 1.69074
1.23977 -2.48374 1.81554
1.20772 -2.3827 1.94034
1.16505 -2.28864 2.05303
1.11116 -2.19826 2.16399
1.04756 -2.11323 2.26198
0.975248 -2.03338 2.35133
0.896704 -1.96135 2.44759
0.814081 -1.89936 2.54817
0.724523 -1.84598 2.66
0.636699 -1.8068 2.78391
0.55416 -1.78212 2.91818
0.465735 -1.76877 3.06543
0.38017 -1.76781 -3.08782
0.297394 -1.77675 -2.98037
0.215138 -1.79389 -2.89195
0.138207 -1.81644 -2.82083
0.0661338 -1.84323 -2.75059
-0.00509717 -1.87561 -2.67947
-0.0728968 -1.91187 -2.62134
-0.137773 -1.95132 -2.56926
-0.199548 -1.99379 -2.5094
-0.257074 -2.03879 -2.44608
-0.309818 -2.08503 -2.39748
-0.354804 -2.12777 -2.36619
-0.391127 -2.16394 -2.35049
-0.421933 -2.19526 -2.3452
-0.446042 -2.21965 -2.35549
-0.46491 -2.23811 -2.37878
-0.481734 -2.25369 -2.41072
-0.495425 -2.26554 -2.44527
-0.507263 -2.2751 -2.47896
-0.517544 -2.28291 -2.50574
-0.526909 -2.28968 -2.52474
-0.535934 -2.29594 -2.54633
-0.54396 -2.30126 -2.56533
-0.551268 -2.30593 -2.58175
-0.557498 -2.30977 -2.59557
-0.562619 -2.31284 -2.60679
-0.56644 -2.31509 -2.61457
-0.569109 -2.31663 -2.62148
-0.570782 -2.31758 -2.62493
-0.571285 -2.31787 -2.6258
-0.571117 -2.31777 -2.62493
-0.570448 -2.31739 -2.6232
-0.569946 -2.31711 -2.62234
-0.569779 -2.31701 -2.62148
-0.569779 -2.31701 -2.62148
-0.569779 -2.31701 -2.62148
-0.569779 -2.31701 -2.62148
-0.569779 -2.31701 -2.62148
-0.569779 -2.31701 -2.62148
-0.569779 -2.31701 -2.62148
-0.569779 -2.31701 -2.62148
-0.569779 -2.31701 -2.62148
-0.569779 -2.31701 -2.62148
-0.569779 -2.31701 -2.62148
-0.569779 -2.31701 -2.62148
-0.569779 -2.31701 -2.62148
-0.569779 -2.31701 -2.62148
-0.569779 -2.31701 -2.62148
-0.569779 -2.31701 -2.62148
-0.569779 -2.31701 -2.62148
-0.569779 -2.31701 -2.62148
-0.569779 -2.31701 -2.62148
-0.569779 -2.31701 -2.62148
-0.569779 -2.31701 -2.62148
-0.569779 -2.31701 -2.62148
-0.569779 -2.31701 -2.62148
-0.569779 -2.31701 -2.62148
-0.569779 -2.31701 -2.62148
-0.569779 -2.31701 -2.62148
-0.569779 -2.31701 -2.62148
-0.569779 -2.31701 -2.62148
-0.569779 -2.31701 -2.62148
-0.569779 -2.31701 -2.62148
-0.569779 -2.31701 -2.62148
-0.569779 -2.31701 -2.62148
-0.569779 -2.31701 -2.62148
-0.569779 -2.31701 -2.62148
-0.569779 -2.31701 -2.62148
-0.569779 -2.31701 -2.62148
-0.569779 -2.31701 -2.62148
-0.569779 -2.31701 -2.62148
-0.569779 -2.31701 -2.62148
-0.569779 -2.31701 -2.62148
-0.569779 -2.31701 -2.62148
-0.569779 -2.31701 -2.62148
-0.569779 -2.31701 -2.62148
-0.569779 -2.31701 -2.62148
-0.569779 -2.31701 -2.62148
-0.569779 -2.31701 -2.62148
-0.569779 -2.31701 -2.62148
-0.569779 -2.31701 -2.62148
-0.569779 -2.31701 -2.62148
-0.569779 -2.31701 -2.62148
-0.569779 -2.31701 -2.62148
-0.569779 -2.31701 -2.62148
-0.569779 -2.31701 -2.62148
-0.569779 -2.31701 -2.62148
-0.569779 -2.31701 -2.62148
-0.569444 -2.31682 -2.62148
-0.568607 -2.31634 -2.62407
-0.566929 -2.31539 -2.631
-0.564227 -2.3139 -2.64484
-0.56082 -2.3121 -2.66388
-0.556509 -2.30994 -2.6907
-0.551088 -2.30742 -2.72272
-0.543788 -2.30438 -2.77203
-0.539623 -2.30286 -2.80923
-0.536868 -2.30197 -2.84816
-0.53631 -2.30181 -2.87151
-0.535938 -2.3017 -2.87497
-0.535938 -2.3017 -2.87151
-0.535939 -2.3017 -2.86632
-0.53631 -2.30181 -2.86459
-0.536124 -2.30176 -2.86546
-0.535939 -2.3017 -2.86632
-0.536124 -2.30176 -2.86719
-0.536124 -2.30176 -2.86719
-0.536124 -2.30176 -2.86546
-0.53631 -2.30181 -2.86459
-0.53631 -2.30181 -2.86459
-0.536495 -2.30186 -2.86546
-0.536495 -2.30186 -2.86546
-0.536681 -2.30191 -2.86459
-0.536495 -2.30186 -2.86546
-0.536495 -2.30186 -2.86546
-0.536681 -2.30191 -2.86459
-0.536495 -2.30186 -2.86546
-0.536681 -2.30191 -2.86459
-0.536681 -2.30191 -2.86459
-0.536681 -2.30191 -2.86459
-0.536681 -2.30191 -2.86459
-0.536681 -2.30191 -2.86459
-0.536681 -2.30191 -2.86459
-0.536681 -2.30191 -2.86459
-0.536681 -2.30191 -2.86459
-0.536681 -2.30191 -2.86459
-0.536681 -2.30191 -2.86459
-0.536681 -2.30191 -2.86459
-0.536681 -2.30191 -2.86459
-0.536681 -2.30191 -2.86459
-0.536681 -2.30191 -2.86459
-0.536681 -2.30191 -2.86459
-0.536681 -2.30191 -2.86459
