0.0711025 0.000590458 0.0166083
0.126961 0.00229553 0.0444225
0.184253 0.00623827 0.0929969
0.241057 0.0132552 0.152813
0.302598 0.0249028 0.221293
0.363045 0.0405544 0.285447
0.422029 0.0598263 0.34614
0.48488 0.0848319 0.411172
0.545115 0.113429 0.475337
0.603604 0.145848 0.536908
0.661985 0.183328 0.604539
0.718147 0.225037 0.673036
0.772366 0.271345 0.74067
0.823345 0.320922 0.802252
0.869641 0.372075 0.868152
0.91547 0.430424 0.941849
0.95603 0.490001 1.0043
0.993475 0.552709 1.06069
1.02779 0.617836 1.11104
1.05879 0.684177 1.15619
1.0869 0.751586 1.19529
1.1136 0.822456 1.22575
1.13885 0.894874 1.24496
1.1634 0.96895 1.2564
1.18675 1.04078 1.25659
1.21028 1.11256 1.25159
1.23632 1.18959 1.23795
1.26388 1.26609 1.2122
1.29301 1.33994 1.17781
1.32581 1.41455 1.13563
1.36271 1.48894 1.08481
1.40229 1.55931 1.03225
1.44726 1.62981 0.973648
1.49604 1.69654 0.905528
1.55254 1.76331 0.831366
1.6139 1.8262 0.764125
1.67971 1.88469 0.6891
1.75646 1.9426 0.603716
1.8355 1.9928 0.52784
1.91983 2.03777 0.451969
2.01487 2.07914 0.369199
2.10731 2.11071 0.289008
2.2371 2.14204 0.184691
2.33747 2.15745 0.120077
2.439 2.16639 0.055465
2.5409 2.16884 -0.00741707
2.64297 2.16571 -0.0538673
2.7423 2.15817 -0.0977287
2.84564 2.14606 -0.135525
2.94783 2.13106 -0.156026
3.05219 2.11377 -0.172197
3.15458 2.09525 -0.185777
3.25561 2.07573 -0.195901
3.35812 2.0548 -0.206885
3.45758 2.0334 -0.217012
3.55425 2.01183 -0.221956
3.65439 1.98902 -0.226026
3.74839 1.96703 -0.233571
3.83922 1.94506 -0.241123
3.93383 1.92146 -0.247801
4.02436 1.89828 -0.253624
4.11162 1.87551 -0.25686
4.19935 1.85227 -0.26096
4.28604 1.82889 -0.265927
4.37411 1.80467 -0.27089
4.45941 1.78059 -0.27932
4.54486 1.75561 -0.289478
4.62859 1.73029 -0.29791
4.7099 1.70494 -0.306348
4.78933 1.67941 -0.315655
4.87272 1.65171 -0.325816
4.95222 1.62455 -0.332527
5.02931 1.59749 -0.342703
5.10595 1.56975 -0.352015
5.18023 1.54229 -0.356143
5.25466 1.51468 -0.354217
5.32573 1.48851 -0.351435
5.39759 1.46228 -0.348651
5.46973 1.43627 -0.343272
5.53935 1.41177 -0.333576
5.60774 1.38844 -0.323884
5.67799 1.3652 -0.315052
5.74644 1.34326 -0.305361
5.8116 1.3231 -0.294814
5.8753 1.30409 -0.285136
5.93563 1.28658 -0.279791
5.99962 1.26853 -0.270113
6.06304 1.25136 -0.258708
6.12537 1.23533 -0.244711
6.18528 1.2207 -0.23418
6.24533 1.20671 -0.223649
6.30327 1.19385 -0.213124
6.3653 1.18074 -0.203453
6.42366 1.16894 -0.195522
6.4789 1.15825 -0.186734
6.54221 1.14669 -0.174467
6.58665 1.13902 -0.167437
6.64142 1.13006 -0.156921
6.69303 1.12211 -0.149008
6.74068 1.11508 -0.1437
6.79029 1.10804 -0.138387
6.8344 1.10207 -0.130493
6.87626 1.09671 -0.124335
6.91759 1.09183 -0.110394
6.95193 1.0885 -0.0834974
6.98194 1.08672 -0.0349907
7.00391 1.08665 0.0290628
7.01988 1.08776 0.109535
7.03055 1.08941 0.197777
7.03654 1.09093 0.298116
7.03909 1.09186 0.403637
7.03875 1.09169 0.514337
7.03617 1.09003 0.63022
7.03157 1.08625 0.745233
7.02518 1.07958 0.868019
7.01814 1.07019 0.988206
7.0111 1.05803 1.1032
7.0049 1.04393 1.2104
7.00003 1.02871 1.31155
6.99663 1.01289 1.40665
6.99476 0.997795 1.48877
6.99411 0.983175 1.56311
6.99445 0.969313 1.62708
6.99561 0.955882 1.68758
6.9971 0.945396 1.73686
6.99851 0.938021 1.78267
6.99904 0.935774 1.81899
6.99799 0.939684 1.84927
6.99532 0.948544 1.87697
6.9907 0.962445 1.90641
6.98374 0.981242 1.94452
6.97451 1.00329 1.98955
6.96227 1.02884 2.04583
6.94596 1.05814 2.11165
6.92492 1.09044 2.18439
6.89973 1.12359 2.25714
6.86848 1.15899 2.33077
6.83202 1.19475 2.40095
6.79014 1.23058 2.46682
6.74355 1.26546 2.53096
6.69245 1.29893 2.59252
6.63833 1.33008 2.64629
6.57804 1.36075 2.69576
6.51366 1.38955 2.74609
6.44676 1.41582 2.78865
6.37689 1.44019 2.82343
6.30642 1.46215 2.85561
6.23149 1.48253 2.89645
6.15623 1.50007 2.92864
6.08131 1.51556 2.94699
5.97862 1.53458 2.96974
5.90219 1.54723 2.9855
5.82241 1.5596 2.99002
5.74432 1.57159 2.98849
5.66508 1.58367 2.99214
5.58482 1.5955 2.9984
5.50343 1.60755 2.99082
5.42224 1.62085 2.96767
5.33608 1.63709 2.94281
5.2519 1.65529 2.91448
5.16796 1.67626 2.87923
5.08569 1.69972 2.84831
5.00526 1.72465 2.83382
4.92085 1.75231 2.81587
4.83873 1.78131 2.78841
4.75887 1.812 2.76095
4.6794 1.8452 2.73089
4.57474 1.89386 2.68188
4.49752 1.93371 2.64837
4.42191 1.97575 2.62004
4.34718 2.02011 2.59171
4.27309 2.06698 2.56339
4.20213 2.11478 2.5342
4.13327 2.16423 2.50327
4.06165 2.21902 2.47409
3.9951 2.27278 2.45009
3.9301 2.3284 2.41743
3.86415 2.38905 2.37874
3.80169 2.45057 2.34868
3.73856 2.51684 2.31518
3.67812 2.58505 2.27649
3.62028 2.65523 2.24385
3.56459 2.72689 2.21899
3.51197 2.79917 2.18116
3.46367 2.87141 2.13899
3.4178 2.94658 2.09856
3.37595 3.02251 2.05035
3.33856 3.09988 1.99175
3.30599 3.17816 1.93834
3.27732 3.25835 1.89011
3.25117 3.34445 1.84104
3.22997 3.42852 1.79455
3.21278 3.5135 1.74634
3.19913 3.60322 1.69726
3.18946 3.69133 1.66289
3.18294 3.77624 1.63196
3.17923 3.86403 1.59413
3.17863 3.94919 1.56147
3.18028 4.03492 1.54179
3.18386 4.12232 1.51779
3.18954 4.20846 1.49206
3.19723 4.29715 1.47671
3.20606 4.38476 1.46396
3.21655 4.47297 1.44083
3.22929 4.56127 1.41424
3.24399 4.64906 1.39543
3.26058 4.73633 1.37057
3.2802 4.82533 1.33707
3.30217 4.91199 1.30788
3.32757 5.00073 1.27611
3.35675 5.09031 1.23569
3.38852 5.17615 1.197
3.42529 5.26415 1.15313
3.46442 5.34774 1.11271
3.50637 5.42952 1.08094
3.55058 5.50943 1.05003
3.59789 5.58958 1.02518
3.64581 5.66733 1.01157
3.69528 5.74548 1.00142
3.74617 5.8241 0.99127
3.79794 5.90352 0.994964
3.84748 5.98117 1.01076
3.89586 6.05955 1.02483
3.94423 6.14131 1.04841
3.99061 6.22488 1.07978
4.03356 6.30788 1.10683
4.07487 6.39322 1.13301
4.11436 6.48004 1.15486
4.15049 6.56372 1.17152
4.18722 6.65217 1.183
4.22297 6.74081 1.19189
4.25816 6.82967 1.19558
4.29338 6.91934 1.19755
4.32848 7.00948 1.20125
4.36326 7.10036 1.20927
4.39617 7.18927 1.22335
4.42829 7.28032 1.24002
4.45867 7.37073 1.25323
4.48691 7.45861 1.26643
4.51375 7.54591 1.27876
4.54114 7.63808 1.28505
4.56732 7.72639 1.28009
4.59452 7.81579 1.27081
4.62368 7.90661 1.24942
4.6545 7.99462 1.21852
4.68827 8.08217 1.18675
4.72309 8.16515 1.16016
4.76297 8.25475 1.14397
4.80039 8.33659 1.13987
4.83837 8.41923 1.1401
4.87541 8.5006 1.14724
4.91222 8.5842 1.16476
4.94425 8.66145 1.19091
4.97522 8.7443 1.23524
5.00046 8.82384 1.29166
5.01891 8.89848 1.36537
5.0301 8.97066 1.46847
5.03272 9.04135 1.59923
5.02618 9.10597 1.74383
5.01139 9.16347 1.90138
4.97813 9.23217 2.142
4.94593 9.27356 2.32202
4.90861 9.30673 2.50809
4.86537 9.33247 2.70108
4.81796 9.34931 2.89925
4.76972 9.35649 3.08878
4.7206 9.35447 -3.00661
4.66976 9.34244 -2.81189
4.62344 9.32184 -2.63447
4.57916 9.29199 -2.46223
4.53864 9.25348 -2.30123
4.50341 9.20811 -2.16098
4.4733 9.15673 -2.04061
4.4479 9.09884 -1.92802
4.42873 9.0382 -1.82581
4.41589 8.97807 -1.73658
4.40781 8.91382 -1.65512
4.40481 8.84991 -1.58059
4.40629 8.78325 -1.51642
4.41111 8.71965 -1.47389
4.41857 8.65262 -1.44604
4.42752 8.58441 -1.43463
4.43676 8.51527 -1.44138
4.44481 8.44599 -1.46888
4.45028 8.378 -1.51196
4.45233 8.31059 -1.56887
4.44996 8.23877 -1.63875
4.44281 8.16862 -1.70603
4.43231 8.10454 -1.76036
4.41806 8.03942 -1.81208
4.40131 7.97748 -1.85776
4.38286 7.91845 -1.88961
4.36295 7.85989 -1.90762
4.34301 7.80358 -1.91439
4.32305 7.7483 -1.9203
4.30374 7.69545 -1.92189
4.28454 7.64236 -1.91396
4.26065 7.57294 -1.89043
4.24366 7.52031 -1.87559
4.2261 7.46422 -1.87285
4.20702 7.40478 -1.88999
4.18579 7.34382 -1.92183
4.16159 7.2815 -1.96059
4.13282 7.21585 -2.00711
4.10011 7.15034 -2.06055
4.06136 7.08217 -2.11485
4.0185 7.0149 -2.16135
3.97105 6.94744 -2.20612
3.91932 6.88052 -2.25175
3.86544 6.81682 -2.29392
3.80846 6.75483 -2.33436
3.74835 6.69396 -2.36528
3.68081 6.62853 -2.37889
3.61668 6.56707 -2.37607
3.55 6.50242 -2.36719
3.48385 6.43639 -2.34707
3.41869 6.36833 -2.32176
3.35389 6.29755 -2.30249
3.29002 6.22541 -2.28842
3.22226 6.14695 -2.27778
3.15895 6.07229 -2.27062
3.09307 5.99376 -2.26691
3.02547 5.91213 -2.258
2.9576 5.828 -2.2413
2.89283 5.7441 -2.21509
2.82878 5.65535 -2.17676
2.77061 5.56745 -2.13413
2.71322 5.47176 -2.08801
2.66028 5.37531 -2.05747
2.61101 5.27865 -2.02693
2.56342 5.1788 -2.00417
2.51846 5.08071 -1.99699
2.47257 4.97796 -1.9846
2.42718 4.87456 -1.98432
2.38218 4.77374 -1.99702
2.33767 4.67692 -2.00627
2.28974 4.57682 -2.02848
2.24324 4.48569 -2.05677
2.19425 4.3952 -2.07727
2.14272 4.30525 -2.10469
2.09208 4.22261 -2.13645
2.03856 4.14112 -2.16734
1.9813 4.05984 -2.20169
1.92301 3.98313 -2.23951
1.86098 3.90767 -2.27818
1.79613 3.8346 -2.31513
1.73223 3.76694 -2.33998
1.66587 3.69978 -2.36051
1.57833 3.61401 -2.37231
1.51101 3.54836 -2.36516
1.45078 3.48815 -2.34765
1.38696 3.42145 -2.32061
1.32593 3.35298 -2.27714
1.27062 3.28445 -2.22244
1.21862 3.21147 -2.15735
1.17174 3.13443 -2.07756
1.13288 3.05733 -1.99778
1.0993 2.97341 -1.90502
1.0744 2.88753 -1.80101
1.05817 2.7994 -1.70479
1.05012 2.7086 -1.61376
1.05047 2.61649 -1.52012
1.05881 2.52765 -1.43428
1.07443 2.43961 -1.35622
1.09652 2.35236 -1.2894
1.1235 2.2657 -1.24853
1.1531 2.18052 -1.22409
1.18488 2.09284 -1.22213
1.21546 2.00474 -1.25131
1.24293 1.9136 -1.30469
1.26461 1.82409 -1.36155
1.28102 1.72877 -1.43914
1.28935 1.63802 -1.51935
1.29031 1.55056 -1.60043
1.2838 1.46333 -1.69016
1.26968 1.37837 -1.78076
1.2481 1.29639 -1.87568
1.21897 1.21843 -1.98099
1.1836 1.14693 -2.07939
1.14243 1.08043 -2.17087
1.09644 1.01907 -2.25716
1.04747 0.963866 -2.33568
0.995852 0.913587 -2.40296
0.942548 0.867715 -2.45901
0.885743 0.823374 -2.49861
0.828495 0.781207 -2.51487
0.773906 0.741274 -2.50519
0.720259 0.700719 -2.4834
0.66883 0.659506 -2.44864
0.619816 0.616606 -2.39659
0.573651 0.570927 -2.32637
0.532826 0.523935 -2.24579
0.497236 0.475469 -2.16261
0.465261 0.422732 -2.06905
0.438677 0.367725 -1.97291
0.418013 0.312695 -1.88714
0.401704 0.25522 -1.80742
0.388641 0.189241 -1.72509
0.381876 0.135707 -1.66788
0.377091 0.0730667 -1.62621
0.374252 0.00934637 -1.60443
0.372176 -0.0586425 -1.59821
0.369994 -0.130482 -1.60409
0.36701 -0.203256 -1.61947
0.360101 -0.303405 -1.65987
0.351722 -0.378856 -1.70293
0.339933 -0.45541 -1.74425
0.325408 -0.530317 -1.78039
0.308095 -0.604033 -1.82258
0.28668 -0.679671 -1.87082
0.262386 -0.752815 -1.91214
0.235279 -0.824961 -1.94827
0.204975 -0.896662 -1.99305
0.172469 -0.963982 -2.04822
0.137573 -1.02769 -2.09561
0.099713 -1.09081 -2.12656
0.0592393 -1.15481 -2.1428
0.0176551 -1.21948 -2.14175
-0.0224802 -1.28324 -2.1234
-0.0603216 -1.34751 -2.08257
-0.0961302 -1.41555 -2.02789
-0.12743 -1.48345 -1.97754
-0.157041 -1.5567 -1.93237
-0.183411 -1.63098 -1.89153
-0.208053 -1.70807 -1.86884
-0.233266 -1.78942 -1.87382
-0.259871 -1.87154 -1.89437
-0.288267 -1.95387 -1.91145
-0.318379 -2.0358 -1.93458
-0.351015 -2.118 -1.96291
-0.384971 -2.19778 -1.98345
-0.422009 -2.27979 -2.00658
-0.462076 -2.36229 -2.03921
-0.504954 -2.44337 -2.07531
-0.549875 -2.52223 -2.1019
-0.597337 -2.60116 -2.12243
-0.644506 -2.67666 -2.13604
-0.693068 -2.75288 -2.14014
-0.74196 -2.82979 -2.13386
-0.789491 -2.90621 -2.12067
-0.834618 -2.98115 -2.10488
-0.876438 -3.05402 -2.07873
-0.918821 -3.13297 -2.04824
-0.958001 -3.21119 -2.02208
-0.994334 -3.28908 -1.99246
-1.02881 -3.36948 -1.95938
-1.06107 -3.45101 -1.93581
-1.09172 -3.53336 -1.9183
-1.12087 -3.61748 -1.8904
-1.14814 -3.70404 -1.86163
-1.17332 -3.79064 -1.84584
-1.19735 -3.87876 -1.82832
-1.21893 -3.96414 -1.80821
-1.24006 -4.05201 -1.80539
-1.26141 -4.13843 -1.82074
-1.28336 -4.22231 -1.83263
-1.30585 -4.30486 -1.84107
-1.32804 -4.38389 -1.84779
-1.35003 -4.46177 -1.84413
-1.37009 -4.53819 -1.81107
-1.38582 -4.6105 -1.75899
-1.39775 -4.68607 -1.69567
-1.40392 -4.75807 -1.61679
-1.40386 -4.82707 -1.52321
-1.39725 -4.89246 -1.41667
-1.38425 -4.95216 -1.2963
-1.36459 -5.00694 -1.15605
-1.33921 -5.05436 -1.00284
-1.30934 -5.09388 -0.844446
-1.27529 -5.12634 -0.678278
-1.23826 -5.15106 -0.499142
-1.20094 -5.16726 -0.320015
-1.16397 -5.17597 -0.142625
-1.12777 -5.17788 0.0373577
-1.09277 -5.17344 0.214741
-1.05946 -5.16304 0.390393
-1.03011 -5.14802 0.555663
-1.00354 -5.12849 0.712284
-0.979183 -5.10405 0.861991
-0.956964 -5.07421 0.999595
-0.937993 -5.0402 1.12423
-0.922885 -5.00348 1.23676
-0.911298 -4.96369 1.33805
-0.902548 -4.91827 1.42292
-0.896844 -4.86868 1.48964
-0.893661 -4.81598 1.53128
-0.892133 -4.76011 1.55564
-0.891688 -4.7025 1.57048
-0.891854 -4.64296 1.57669
-0.892034 -4.58149 1.57078
-0.89143 -4.51752 1.55191
-0.889245 -4.45147 1.52354
-0.885122 -4.38493 1.4943
-0.878834 -4.31643 1.4642
-0.870023 -4.24588 1.42891
-0.858361 -4.17457 1.38844
-0.843978 -4.10455 1.34797
-0.818425 -4.00588 1.28682
-0.794353 -3.93023 1.23858
-0.767022 -3.85632 1.19467
-0.73686 -3.78477 1.14903
-0.702459 -3.7128 1.10079
-0.664207 -3.64105 1.06121
-0.623823 -3.57092 1.03546
-0.580915 -3.50072 1.00886
-0.534712 -3.42986 0.977066
-0.48624 -3.36007 0.950465
-0.435342 -3.29035 0.929922
-0.381117 -3.21951 0.905062
-0.324664 -3.14944 0.880204
-0.265975 -3.0792 0.869187
-0.204449 -3.00682 0.863368
-0.142 -2.93422 0.857551
-0.0784106 -2.8598 0.869901
-0.016177 -2.78399 0.896954
0.0462643 -2.70366 0.923152
0.106076 -2.62159 0.958863
0.162989 -2.53701 0.998033
0.219629 -2.44721 1.01819
0.275264 -2.3552 1.03575
0.329996 -2.26041 1.05851
0.382381 -2.16541 1.07521
0.433332 -2.06854 1.09797
0.481259 -1.97079 1.13196
0.525919 -1.87297 1.15299
0.569438 -1.7715 1.17834
0.60877 -1.67308 1.20282
0.646272 -1.57334 1.21952
0.683036 -1.47107 1.23189
0.718652 -1.369 1.23821
0.75424 -1.26693 1.23243
0.790587 -1.16431 1.22837
0.827136 -1.06298 1.22086
0.864706 -0.962037 1.20815
0.902967 -0.862587 1.1989
0.941807 -0.764602 1.18792
0.982393 -0.667332 1.1631
1.0238 -0.573768 1.14519
1.06826 -0.478203 1.12556
1.11403 -0.384761 1.10506
1.16059 -0.292787 1.09926
1.2092 -0.197529 1.09866
1.2576 -0.104116 1.08681
1.30679 -0.0111114 1.08188
1.35755 0.0834512 1.07436
1.40805 0.175088 1.05992
1.45958 0.266591 1.05586
1.5107 0.356778 1.05438
1.56313 0.447767 1.04167
1.61592 0.537884 1.0402
1.6679 0.626684 1.04218
1.72175 0.718636 1.03985
1.77433 0.809546 1.05308
1.82438 0.898791 1.06631
1.87463 0.990122 1.06916
1.92423 1.08181 1.08066
1.97229 1.17323 1.09303
2.01943 1.2647 1.09674
2.06524 1.35555 1.11083
2.10834 1.4443 1.12664
2.153 1.53849 1.12949
2.19694 1.63196 1.13321
2.24102 1.72664 1.13693
2.28528 1.82102 1.12767
2.33021 1.91573 1.12793
2.37471 2.01064 1.13684
2.41845 2.10505 1.1371
2.46252 2.20037 1.13822
2.5046 2.29216 1.14366
2.54871 2.38789 1.13441
2.59239 2.48126 1.13207
2.63662 2.57609 1.13665
2.68087 2.67111 1.13345
2.72635 2.76833 1.13285
2.77018 2.86249 1.13743
2.81443 2.95751 1.1325
2.85883 3.05247 1.13449
2.90169 3.14623 1.14945
2.94305 3.23918 1.15489
2.98459 3.33416 1.16207
3.02466 3.42894 1.17962
3.06402 3.52547 1.18766
3.10357 3.62463 1.19484
3.14157 3.72253 1.20635
3.17815 3.81871 1.20833
3.21605 3.9183 1.206
3.25231 4.01315 1.20538
3.29023 4.11067 1.1944
3.3288 4.20731 1.18774
3.36737 4.30353 1.19145
3.40511 4.39801 1.18998
3.44369 4.49465 1.19196
3.4816 4.59114 1.20087
3.51893 4.68744 1.20112
3.55699 4.78532 1.19879
3.60845 4.91644 1.19481
3.64808 5.01389 1.17432
3.69075 5.11237 1.1495
3.73379 5.20541 1.12554
3.78023 5.29787 1.08515
3.8297 5.38765 1.04908
3.88264 5.4761 1.01387
3.93904 5.56216 0.967424
3.99984 5.64683 0.928764
4.06267 5.7288 0.904803
4.12528 5.80654 0.880834
4.19095 5.8855 0.873304
4.25639 5.96466 0.886531
4.31979 6.04399 0.906675
4.38021 6.12344 0.934597
4.43739 6.20479 0.981545
4.49078 6.28775 1.01638
4.54192 6.37348 1.0495
4.58965 6.46049 1.08866
4.63437 6.5493 1.12004
4.67801 6.64184 1.14019
4.7193 6.73504 1.16725
4.75827 6.82903 1.18826
4.79612 6.92492 1.20149
4.83212 7.02091 1.2225
4.86539 7.11522 1.2409
4.89757 7.21072 1.25067
4.9282 7.30451 1.25956
4.95917 7.40142 1.26327
4.99011 7.49713 1.25314
5.02249 7.59398 1.24302
5.0548 7.68781 1.23548
5.088 7.7803 1.21669
5.1225 7.87087 1.19704
5.15809 7.95916 1.17825
5.19425 8.04302 1.14907
5.23316 8.12544 1.11038
5.27355 8.20347 1.076
5.3154 8.27742 1.03556
5.36067 8.35001 0.990802
5.40748 8.41884 0.956413
5.4548 8.48496 0.942777
5.50183 8.5494 0.937785
5.54644 8.61059 0.944026
5.59042 8.67319 0.972756
5.64173 8.75475 1.04564
5.67502 8.81715 1.11587
5.70248 8.87918 1.19215
5.72419 8.94182 1.28226
5.73918 9.00403 1.3862
5.74692 9.06463 1.50138
5.74724 9.11995 1.62865
5.74011 9.17481 1.77149
5.72559 9.22559 1.92729
5.70619 9.26759 2.07962
5.68009 9.30626 2.24925
5.64974 9.33779 2.42493
5.61737 9.36145 2.59627
5.58354 9.3783 2.76241
5.54661 9.38939 2.93721
5.50928 9.39386 3.10768
5.46924 9.39171 -3.0007
5.43087 9.38311 -2.84147
5.39104 9.36746 -2.69261
5.35051 9.34435 -2.55412
5.31179 9.31503 -2.43292
5.27366 9.27877 -2.32987
5.23609 9.23507 -2.232
5.20215 9.18732 -2.14537
5.17075 9.13446 -2.06824
5.14331 9.07988 -2.00496
5.11863 9.02253 -1.94945
5.09519 8.95908 -1.89999
5.07425 8.89375 -1.86176
5.05557 8.82794 -1.83305
5.03877 8.76143 -1.80348
5.02455 8.69668 -1.77045
5.01176 8.62712 -1.73481
5.00162 8.56064 -1.70957
4.99295 8.49278 -1.68605
4.98596 8.42338 -1.65647
4.98092 8.35284 -1.62775
4.97743 8.28259 -1.61288
4.97436 8.21097 -1.61443
4.97075 8.13939 -1.62809
4.96544 8.06346 -1.65298
4.95745 7.987 -1.6969
4.94571 7.91161 -1.75379
4.92796 7.83049 -1.81845
4.90625 7.75333 -1.87187
4.87938 7.67455 -1.92702
4.84787 7.59709 -1.98735
4.81306 7.52361 -2.03904
4.77384 7.4502 -2.08381
4.73116 7.37739 -2.1182
4.68623 7.30549 -2.14047
4.64083 7.23618 -2.16102
4.59117 7.1644 -2.19108
4.53866 7.09299 -2.21853
4.48178 7.01933 -2.2382
4.42328 6.94645 -2.25613
4.36261 6.87261 -2.26108
4.30263 6.79919 -2.25047
4.24234 6.72404 -2.24331
4.17928 6.64469 -2.24133
4.11719 6.56555 -2.2307
4.0559 6.48604 -2.2244
3.99326 6.40416 -2.22328
3.92952 6.31997 -2.21437
3.86914 6.2388 -2.20634
3.80327 6.14972 -2.20866
3.73849 6.06222 -2.20752
3.6745 5.97629 -2.21418
3.60724 5.88752 -2.22428
3.5411 5.80104 -2.22314
3.4795 5.72031 -2.22203
3.40943 5.62835 -2.22174
3.34466 5.54228 -2.21023
3.28103 5.45585 -2.20045
3.21833 5.3685 -2.18635
3.15726 5.27929 -2.15581
3.09681 5.18483 -2.1244
3.03949 5.08866 -2.09212
2.98656 4.99286 -2.05899
2.93679 4.89516 -2.02499
2.88959 4.79428 -1.99185
2.84713 4.6957 -1.96304
2.80703 4.59427 -1.93164
2.76949 4.49167 -1.91147
2.73438 4.39024 -1.8965
2.70143 4.28829 -1.87029
2.67152 4.18541 -1.83716
2.64446 4.07658 -1.79191
2.62435 3.96918 -1.71986
2.61195 3.86042 -1.64867
2.60746 3.75087 -1.57489
2.61111 3.64378 -1.49851
2.62227 3.5378 -1.43339
2.64051 3.43066 -1.37085
2.66383 3.33063 -1.31265
2.69209 3.23469 -1.25618
2.72593 3.14078 -1.19367
2.76202 3.05666 -1.13722
2.80604 2.9703 -1.06174
2.85424 2.89248 -0.970705
2.90728 2.82169 -0.884864
2.96435 2.75793 -0.796438
3.02901 2.69785 -0.701084
3.09576 2.64619 -0.616119
3.19648 2.58155 -0.525013
3.27656 2.53723 -0.485868
3.35778 2.49503 -0.472668
3.43907 2.45338 -0.474172
3.52553 2.4075 -0.501606
3.61049 2.35811 -0.551525
3.68674 2.30821 -0.607515
3.76297 2.25121 -0.676468
3.83207 2.1915 -0.74889
3.8917 2.13206 -0.818737
3.94872 2.06673 -0.88771
3.99941 2.00145 -0.933343
4.04702 1.936 -0.95044
4.0936 1.87053 -0.954566
4.1401 1.80571 -0.94226
4.18675 1.74411 -0.90315
4.23881 1.68188 -0.845004
4.29244 1.62492 -0.786
4.34853 1.57176 -0.731323
4.41446 1.51602 -0.672299
4.47916 1.46708 -0.6228
4.55182 1.41731 -0.578475
4.62683 1.37008 -0.545391
4.70696 1.32274 -0.52181
4.78538 1.2782 -0.511208
4.86976 1.23131 -0.503186
4.95196 1.18603 -0.503818
5.03502 1.13993 -0.509637
5.11497 1.09498 -0.5146
5.19763 1.04779 -0.523013
5.27836 1.00032 -0.540078
5.35347 0.954366 -0.558022
5.43328 0.903552 -0.57595
5.53846 0.833447 -0.599854
5.61336 0.781517 -0.612601
5.68844 0.728175 -0.622752
5.76375 0.673816 -0.627711
5.83888 0.619213 -0.629211
5.91233 0.565906 -0.626392
5.98719 0.511903 -0.623569
6.05991 0.459891 -0.618159
6.13219 0.409251 -0.604102
6.20361 0.3611 -0.582268
6.27921 0.312639 -0.557829
6.35095 0.268916 -0.536865
6.42078 0.228012 -0.522827
6.49246 0.186836 -0.520028
6.561 0.147164 -0.529345
6.62768 0.107351 -0.547316
6.69023 0.0685648 -0.562701
6.75269 0.0285347 -0.57722
6.81392 -0.0119724 -0.591741
6.8971 -0.0688605 -0.607924
6.95759 -0.111137 -0.612066
7.01897 -0.153824 -0.603232
7.08034 -0.195162 -0.582292
7.13908 -0.232428 -0.548391
7.19242 -0.263381 -0.503265
7.24384 -0.289804 -0.446042
7.29958 -0.313862 -0.368919
7.34866 -0.330552 -0.286629
7.39601 -0.342198 -0.195698
7.43873 -0.348494 -0.0969959
7.48341 -0.350276 0.0172763
7.52321 -0.347362 0.128941
7.56317 -0.33982 0.244068
7.59964 -0.32856 0.354865
7.63446 -0.313399 0.466527
7.66702 -0.294618 0.579915
7.69668 -0.272807 0.688115
7.72376 -0.248158 0.788529
7.74867 -0.220782 0.876835
7.77217 -0.190477 0.945254
7.7951 -0.157124 0.992057
7.81711 -0.122482 1.01724
7.83873 -0.0873653 1.0208
7.86102 -0.0517649 1.00188
7.88374 -0.0175869 0.96652
7.90714 0.0147053 0.920781
7.93127 0.0447446 0.867255
7.95628 0.0725227 0.808537
7.98353 0.0992093 0.741172
8.01178 0.123387 0.67467
8.04036 0.144686 0.606434
8.06868 0.162968 0.539924
8.09715 0.178767 0.47341
8.1258 0.192067 0.395651
8.15473 0.202706 0.30924
8.18598 0.211105 0.215916
8.21883 0.216733 0.123457
8.2507 0.219324 0.0387803
8.27882 0.219418 -0.0320685
8.30765 0.21747 -0.102915
8.33761 0.213312 -0.172894
8.36965 0.206567 -0.242002
8.40541 0.196369 -0.313693
8.44399 0.182383 -0.381915
8.48353 0.165097 -0.442349
8.52702 0.143079 -0.494985
8.56906 0.119177 -0.538973
8.61123 0.0928584 -0.576904
8.65119 0.0659624 -0.60792
8.70197 0.0296477 -0.633711
8.74083 0.000860101 -0.641375
8.77775 -0.0266754 -0.640396
8.81901 -0.0570856 -0.629891
8.86016 -0.08667 -0.616793
8.90103 -0.115306 -0.605426
8.94079 -0.142514 -0.594929
8.97856 -0.167836 -0.586168
9.01479 -0.191646 -0.576547
9.05108 -0.215017 -0.567791
9.08773 -0.238189 -0.5599
9.12502 -0.261423 -0.554603
9.16649 -0.28704 -0.551887
9.20883 -0.313102 -0.551765
9.25637 -0.342473 -0.555086
9.307 -0.374169 -0.563586
9.35887 -0.407509 -0.579002
9.41447 -0.444645 -0.598728
9.46978 -0.483225 -0.619318
9.52405 -0.522615 -0.636449
9.5792 -0.564039 -0.651846
9.63747 -0.609335 -0.669825
9.69594 -0.656543 -0.688666
9.75578 -0.706624 -0.704906
9.81452 -0.757418 -0.721146
9.87616 -0.812498 -0.737374
9.93806 -0.869298 -0.747544
9.99821 -0.92515 -0.749071
10.0605 -0.982928 -0.746266
10.1258 -1.0426 -0.734804
10.1933 -1.10187 -0.706906
10.2621 -1.15833 -0.666902
10.3353 -1.21334 -0.622568
10.412 -1.26565 -0.573906
10.5209 -1.33108 -0.508727
10.6052 -1.37512 -0.45314
10.6956 -1.41619 -0.400139
10.7861 -1.45202 -0.35406
10.8758 -1.48257 -0.301934
10.972 -1.50985 -0.25066
11.0661 -1.53229 -0.217556
11.1621 -1.55183 -0.184449
11.2587 -1.5686 -0.159126
11.3565 -1.5842 -0.157151
11.4545 -1.59993 -0.16123
11.5551 -1.61623 -0.160113
11.6532 -1.63258 -0.170245
11.7521 -1.64979 -0.174321
11.8497 -1.66688 -0.172346
11.9771 -1.68972 -0.182404
12.0722 -1.70742 -0.185624
12.1656 -1.72466 -0.179335
12.2576 -1.74144 -0.181698
12.3494 -1.75852 -0.185792
12.4379 -1.77501 -0.182974
12.5296 -1.79213 -0.186203
12.6187 -1.8095 -0.198952
12.7068 -1.82762 -0.206513
12.7888 -1.84483 -0.20717
12.8741 -1.86333 -0.219927
12.9541 -1.88185 -0.235291
13.0346 -1.90144 -0.242005
13.1114 -1.92071 -0.249593
13.1875 -1.94072 -0.264966
13.265 -1.96254 -0.283794
13.3388 -1.98462 -0.297441
13.4178 -2.00972 -0.317993
13.4948 -2.03656 -0.353251
13.5719 -2.06676 -0.392829
13.6468 -2.09939 -0.428951
13.7274 -2.1385 -0.474567
13.8044 -2.18046 -0.523647
13.878 -2.22522 -0.569271
13.9519 -2.27514 -0.618348
14.025 -2.32992 -0.668284
14.0937 -2.38705 -0.718224
14.1598 -2.44786 -0.769894
14.2268 -2.51546 -0.809442
14.2933 -2.58627 -0.824769
14.36 -2.65843 -0.824526
14.4292 -2.73277 -0.818221
14.5007 -2.80729 -0.793749
14.5722 -2.87802 -0.765824
14.6495 -2.94994 -0.732699
14.7281 -3.01753 -0.68747
14.807 -3.07935 -0.642248
14.8897 -3.13829 -0.59616
14.9741 -3.19295 -0.552668
15.0614 -3.24421 -0.51004
15.1495 -3.29111 -0.46828
15.2411 -3.33529 -0.429974
15.3311 -3.37492 -0.400325
15.4239 -3.41201 -0.359429
15.5154 -3.44474 -0.328054
15.6412 -3.48536 -0.296592
15.7354 -3.51259 -0.26608
15.8307 -3.53744 -0.244214
15.927 -3.56063 -0.228402
16.0218 -3.58146 -0.203946
16.1216 -3.60136 -0.189856
16.2196 -3.62044 -0.194798
16.3188 -3.64023 -0.198872
16.418 -3.66118 -0.217649
16.5168 -3.68511 -0.25718
16.6147 -3.71284 -0.294983
16.7117 -3.74471 -0.339703
16.8062 -3.78134 -0.399993
16.9015 -3.82468 -0.45422
16.9947 -3.87306 -0.503257
17.0842 -3.92493 -0.547109
17.1737 -3.98161 -0.581441
17.2612 -4.04081 -0.608855
17.351 -4.1053 -0.636257
17.4353 -4.1695 -0.6654
17.5185 -4.23671 -0.693676
17.5992 -4.30544 -0.71763
17.6777 -4.37573 -0.74245
17.7595 -4.45277 -0.768983
17.8332 -4.52539 -0.786889
17.9061 -4.60016 -0.809117
17.9773 -4.67578 -0.821833
18.049 -4.75223 -0.812925
18.119 -4.82554 -0.804025
18.1904 -4.89858 -0.789935
18.2622 -4.96926 -0.764605
18.3332 -5.03579 -0.741013
18.4067 -5.10111 -0.713094
18.4827 -5.16431 -0.673931
18.5578 -5.2219 -0.634778
18.6333 -5.27531 -0.596495
18.7155 -5.32874 -0.555604
18.7946 -5.37568 -0.516458
18.8771 -5.42028 -0.473847
18.9613 -5.46133 -0.433832
19.0455 -5.49881 -0.404199
19.1277 -5.53243 -0.37198
19.2113 -5.56344 -0.33803
19.2965 -5.59243 -0.317915
19.3796 -5.61931 -0.308186
19.4654 -5.64572 -0.288936
19.5515 -5.67061 -0.274012
19.6367 -5.69428 -0.267739
19.7222 -5.71697 -0.251088
19.8093 -5.73813 -0.225786
19.8969 -5.75746 -0.208266
19.984 -5.77511 -0.191614
20.0745 -5.79123 -0.161116
20.1635 -5.80432 -0.130624
20.2827 -5.81844 -0.105246
20.3724 -5.82668 -0.0782125
20.4602 -5.83276 -0.0598327
20.5472 -5.83765 -0.0526984
20.6357 -5.84231 -0.0524791
20.7244 -5.847 -0.0531242
20.8121 -5.85242 -0.0702043
20.9004 -5.86 -0.10112
20.9884 -5.87077 -0.142414
21.074 -5.88536 -0.194956
21.1578 -5.90541 -0.275175
21.2401 -5.93314 -0.374418
21.3182 -5.96862 -0.478854
21.393 -6.01327 -0.597989
21.46 -6.06514 -0.71886
21.5194 -6.12401 -0.843195
21.5709 -6.1911 -0.989147
21.6104 -6.26215 -1.1377
21.6381 -6.33733 -1.29664
21.6529 -6.41493 -1.46941
21.654 -6.48908 -1.64307
21.6423 -6.55862 -1.8297
21.6171 -6.62526 -2.03709
21.5808 -6.68187 -2.24363
21.5343 -6.72909 -2.45276
21.4804 -6.76493 -2.65671
21.4224 -6.7889 -2.84336
21.3595 -6.80226 -3.02136
21.2942 -6.80472 3.09679
21.2295 -6.7971 2.95166
21.1647 -6.78009 2.81864
21.1 -6.7545 2.7107
21.0397 -6.72386 2.63217
20.9784 -6.68682 2.56488
20.9224 -6.6482 2.51057
20.8653 -6.60459 2.46837
20.8102 -6.55966 2.44692
20.7554 -6.51374 2.44104
20.7002 -6.46738 2.44468
20.6438 -6.42102 2.46303
20.5861 -6.37625 2.50039
20.5262 -6.3337 2.54641
20.4649 -6.2941 2.5907
20.4025 -6.25765 2.63499
20.3345 -6.22219 2.68707
20.267 -6.19139 2.74001
20.1995 -6.16454 2.78603
20.1288 -6.1401 2.83119
20.056 -6.11849 2.87462
19.9824 -6.09992 2.91459
19.9098 -6.08439 2.94677
19.8358 -6.07068 2.97031
19.7589 -6.05801 2.98607
19.6843 -6.04638 2.98799
19.6085 -6.03459 2.98645
19.5299 -6.0222 2.98405
19.4512 -6.00942 2.97733
19.372 -5.99584 2.96628
19.2937 -5.98153 2.95524
19.2146 -5.96627 2.94679
19.1344 -5.94998 2.93575
19.0502 -5.93183 2.92299
18.9681 -5.91305 2.91022
18.8806 -5.89193 2.8992
18.793 -5.86968 2.88645
18.7052 -5.84613 2.87284
18.6153 -5.82051 2.85491
18.5205 -5.79127 2.83007
18.4281 -5.76003 2.80091
18.3359 -5.72559 2.76742
18.2431 -5.68717 2.73048
18.1536 -5.64675 2.70478
18.0633 -5.6032 2.67908
17.9767 -5.55843 2.64992
17.8871 -5.50901 2.62509
17.8008 -5.45854 2.60026
17.7165 -5.40614 2.57023
17.6338 -5.35166 2.54799
17.5516 -5.29505 2.52921
17.4714 -5.23695 2.50005
17.393 -5.17704 2.47781
17.3165 -5.11629 2.46335
17.2403 -5.05367 2.44456
17.1409 -4.9704 2.44402
17.065 -4.90822 2.46588
16.9883 -4.84804 2.48688
16.9105 -4.79048 2.52172
16.8317 -4.7368 2.56606
16.7502 -4.68612 2.60435
16.6673 -4.63892 2.6435
16.5864 -4.59742 2.69216
16.4989 -4.55784 2.74083
16.4122 -4.52307 2.77998
16.3223 -4.49124 2.8226
16.2333 -4.46394 2.8652
16.1432 -4.44045 2.90781
16.05 -4.42042 2.95216
15.9588 -4.40482 2.99217
15.8688 -4.39314 3.03304
15.7753 -4.38489 3.07392
15.686 -4.38001 3.10009
15.5934 -4.37701 3.11848
15.5011 -4.37565 3.13514
15.4094 -4.37523 3.13883
15.3188 -4.37467 3.13213
15.2261 -4.37385 3.13323
15.1331 -4.3732 3.13605
15.0412 -4.37234 3.1285
14.9491 -4.37091 3.12353
14.8585 -4.36936 3.12549
14.7643 -4.36741 3.11621
14.6713 -4.36413 3.09655
14.5786 -4.35908 3.07775
14.4841 -4.35149 3.04512
14.3911 -4.3403 2.99865
14.3012 -4.32542 2.9565
14.2113 -4.30707 2.92386
14.1179 -4.28522 2.89988
14.0301 -4.26287 2.88454
13.944 -4.23964 2.87178
13.8544 -4.21426 2.85904
13.7686 -4.18873 2.84629
13.6824 -4.16198 2.8344
13.5964 -4.13425 2.82511
13.512 -4.10665 2.8262
13.4282 -4.07967 2.8342
13.3439 -4.05334 2.84307
13.2576 -4.02727 2.85367
13.1727 -4.00235 2.85821
13.0895 -3.97811 2.85843
13.0057 -3.95363 2.85605
12.9236 -3.92947 2.85453
12.8409 -3.90489 2.85128
12.7614 -3.88075 2.84198
12.681 -3.85522 2.82662
12.601 -3.82818 2.80434
12.5233 -3.79956 2.77341
12.4462 -3.76807 2.73383
12.3691 -3.73285 2.69253
12.2937 -3.69536 2.66766
12.2196 -3.65624 2.64451
12.1441 -3.61398 2.61792
12.0706 -3.5705 2.59651
11.9974 -3.52519 2.57856
11.9258 -3.47867 2.55196
11.8551 -3.42991 2.52449
11.7845 -3.3789 2.50741
11.713 -3.32546 2.4912
11.6414 -3.26941 2.46375
11.5714 -3.21168 2.44062
11.5014 -3.15174 2.42528
11.4327 -3.09071 2.40562
11.3427 -3.00694 2.37825
11.2764 -2.94283 2.36896
11.2094 -2.87651 2.35276
11.1455 -2.81078 2.33223
11.0811 -2.74222 2.3169
11.0177 -2.67279 2.30502
10.9568 -2.60423 2.28968
10.8966 -2.53495 2.28126
10.8357 -2.46386 2.27803
10.7756 -2.39329 2.27394
10.7172 -2.32433 2.2733
10.6592 -2.25652 2.28303
10.599 -2.18813 2.30315
10.5394 -2.12357 2.32931
10.4792 -2.06244 2.36671
10.4173 -2.00455 2.41363
10.3509 -1.94787 2.45622
10.2856 -1.89625 2.48929
10.2173 -1.84602 2.52582
10.1464 -1.79769 2.55977
10.0751 -1.75184 2.58073
10.0032 -1.70758 2.59824
9.93029 -1.66476 2.62353
9.85745 -1.62404 2.64017
9.78446 -1.58404 2.64037
9.68811 -1.53051 2.62854
9.61661 -1.48942 2.61144
9.54695 -1.44709 2.57965
9.47884 -1.40234 2.54093
9.41383 -1.35643 2.51259
9.34937 -1.30847 2.49116
9.28565 -1.25858 2.46369
9.22536 -1.20844 2.43188
9.16751 -1.15721 2.4018
9.11044 -1.10343 2.37
9.05633 -1.04882 2.333
9.00626 -0.994341 2.29513
8.95779 -0.937673 2.26158
8.91178 -0.880225 2.23063
8.86808 -0.821958 2.19795
8.82655 -0.762362 2.16094
8.7896 -0.704804 2.12219
8.75494 -0.645165 2.0722
8.72374 -0.583864 2.01096
8.69718 -0.522303 1.9454
8.67527 -0.459956 1.87205
8.65844 -0.39665 1.78918
8.64745 -0.333444 1.6968
8.64214 -0.249229 1.57074
8.64516 -0.18746 1.47316
8.65445 -0.125931 1.36867
8.66935 -0.0684983 1.26503
8.68949 -0.0145317 1.16226
8.715 0.0364673 1.0517
8.74665 0.084822 0.930758
8.78202 0.127066 0.816733
8.82171 0.164999 0.708762
8.8642 0.197915 0.609436
8.91238 0.228425 0.519632
8.96244 0.254925 0.454043
9.01731 0.280425 0.416139
9.07285 0.304407 0.398991
9.13038 0.328665 0.399146
9.18998 0.35445 0.417468
9.24914 0.382149 0.458278
9.30671 0.412626 0.51552
9.36149 0.446062 0.580544
9.4145 0.483249 0.642974
9.46501 0.523759 0.708863
9.51353 0.568373 0.778216
9.55808 0.615362 0.845835
9.59862 0.664364 0.913452
9.64849 0.735778 1.0088
9.68212 0.793581 1.07902
9.71216 0.854188 1.14232
9.7387 0.917451 1.20476
9.76142 0.983207 1.27153
9.77926 1.04805 1.3331
9.79349 1.11399 1.38343
9.80492 1.18221 1.42598
9.81377 1.25199 1.46334
9.82025 1.323 1.49638
9.82461 1.393 1.52077
9.82754 1.4654 1.53998
9.82952 1.53917 1.54794
9.83135 1.617 1.54641
9.83356 1.69636 1.53968
9.83635 1.77435 1.53036
9.84009 1.85577 1.51932
9.84478 1.93849 1.50915
9.85025 2.02097 1.49984
9.85648 2.10359 1.4914
9.86364 2.18865 1.48209
9.87149 2.27327 1.47452
9.87999 2.35685 1.46435
9.8894 2.44149 1.45591
9.89981 2.52913 1.44921
9.91063 2.61594 1.44424
9.92211 2.70383 1.43754
9.93457 2.79275 1.42565
9.94932 2.88933 1.41292
9.96528 2.98434 1.39586
9.98348 3.07993 1.36929
10.0049 3.17781 1.34187
10.028 3.27234 1.32049
10.054 3.3677 1.28873
10.0833 3.46349 1.25784
10.1146 3.55707 1.23906
10.1478 3.64998 1.21682
10.1828 3.74242 1.20063
10.218 3.83274 1.19828
10.2542 3.92409 1.18814
10.2932 4.01869 1.17196
10.3333 4.11302 1.1653
10.3739 4.20588 1.15171
10.4166 4.29928 1.13207
10.4603 4.39202 1.12887
10.5043 4.4848 1.12652
10.5487 4.57721 1.11986
10.5931 4.67045 1.13222
10.6363 4.76469 1.14978
10.6771 4.85749 1.16387
10.7164 4.95215 1.19006
10.7528 5.04635 1.21453
10.7877 5.14088 1.2191
10.8347 5.26775 1.21425
10.8699 5.3601 1.19806
10.9088 5.45391 1.15766
10.9502 5.54342 1.1164
10.997 5.63269 1.06043
11.0491 5.71782 0.982838
11.1071 5.79739 0.89919
11.1726 5.87214 0.802571
11.2454 5.93955 0.691251
11.3217 5.99516 0.568674
11.4048 6.0403 0.426205
11.4913 6.07212 0.279408
11.5805 6.09033 0.123093
11.6697 6.09388 -0.0436057
11.7534 6.08323 -0.20945
11.8343 6.05796 -0.396049
11.9046 6.02071 -0.578339
11.9641 5.97334 -0.765826
12.0117 5.91774 -0.959371
12.0459 5.85786 -1.14428
12.0687 5.79256 -1.3266
12.0804 5.70317 -1.5547
12.0767 5.6399 -1.70416
12.0629 5.57469 -1.85448
12.0415 5.51546 -1.98146
12.0139 5.46029 -2.08509
11.98 5.40586 -2.17228
11.9408 5.35288 -2.24304
11.8986 5.30229 -2.28958
11.8552 5.25424 -2.32055
11.8085 5.20532 -2.34547
11.7631 5.15971 -2.3626
11.7163 5.1138 -2.36763
11.6704 5.0685 -2.35969
11.6259 5.02361 -2.34396
11.5818 4.97752 -2.32391
11.5381 4.92951 -2.29521
11.4953 4.87909 -2.25267
11.4549 4.82607 -2.19197
11.4184 4.77138 -2.12521
11.3854 4.7139 -2.05932
11.3564 4.65471 -1.99342
11.3311 4.59282 -1.92493
11.3106 4.53182 -1.86596
11.2936 4.46972 -1.80872
11.2806 4.40826 -1.74976
11.2709 4.34385 -1.69079
11.2649 4.28112 -1.64133
11.2618 4.2176 -1.59966
11.2613 4.15382 -1.55713
11.2634 4.09219 -1.51546
11.268 4.02915 -1.47898
11.2744 3.96782 -1.45634
11.2818 3.90641 -1.44494
11.2901 3.842 -1.44046
11.2984 3.77779 -1.44549
11.3059 3.71426 -1.4609
11.312 3.64981 -1.49014
11.3161 3.58366 -1.52803
11.3176 3.51643 -1.57024
11.3163 3.44919 -1.609
11.3125 3.38225 -1.64516
11.306 3.31339 -1.68563
11.2966 3.2435 -1.72351
11.2846 3.17264 -1.7536
11.2703 3.10042 -1.77764
11.2535 3.026 -1.80859
11.2339 2.95087 -1.84385
11.2119 2.87679 -1.87393
11.1868 2.79987 -1.89968
11.1596 2.72345 -1.92629
11.1305 2.64793 -1.9503
11.1005 2.57442 -1.96567
11.0691 2.49985 -1.97412
11.0378 2.42688 -1.97738
11.0051 2.35053 -1.97285
10.9746 2.27744 -1.95969
10.9457 2.20474 -1.93874
10.9169 2.12746 -1.91605
10.8907 2.0517 -1.89163
10.8668 1.97619 -1.86289
10.845 1.89944 -1.83156
10.8252 1.82078 -1.80455
10.8079 1.74488 -1.78533
10.7922 1.66784 -1.75746
10.7787 1.58999 -1.72786
10.7672 1.51203 -1.70777
10.7571 1.43502 -1.69288
10.7485 1.35785 -1.67107
10.7417 1.2803 -1.64666
10.7363 1.20283 -1.63349
10.7317 1.1257 -1.62725
10.7276 1.04931 -1.621
10.724 0.973276 -1.61476
10.7206 0.898014 -1.6189
10.7163 0.820671 -1.63255
10.7112 0.744921 -1.64274
10.7056 0.669402 -1.64687
10.6995 0.593733 -1.65706
10.6922 0.517967 -1.67504
10.6841 0.444814 -1.68869
10.6748 0.370047 -1.69975
10.6647 0.296168 -1.71427
10.6534 0.223821 -1.73657
10.6408 0.15286 -1.75542
10.6276 0.0841882 -1.76822
10.6129 0.0130354 -1.77928
10.597 -0.0594143 -1.79553
10.575 -0.151432 -1.81519
10.5583 -0.21777 -1.81935
10.5408 -0.286877 -1.81917
10.5234 -0.355223 -1.82073
10.5062 -0.422229 -1.82315
10.49 -0.485921 -1.8152
10.4745 -0.550169 -1.80034
10.4602 -0.614095 -1.78288
10.4465 -0.680733 -1.76282
10.4345 -0.746517 -1.7393
10.4248 -0.809952 -1.70541
10.4171 -0.878897 -1.65854
10.4128 -0.946979 -1.60994
10.4137 -1.05759 -1.51626
10.4202 -1.12724 -1.43911
10.432 -1.19345 -1.34813
10.4498 -1.25712 -1.24851
10.4742 -1.31855 -1.13678
10.5053 -1.37623 -1.01554
10.5428 -1.42926 -0.895163
10.5849 -1.4757 -0.774793
10.6335 -1.51759 -0.647499
10.6849 -1.55174 -0.526267
10.7372 -1.57814 -0.4085
10.795 -1.59908 -0.286403
10.8553 -1.61295 -0.166035
10.9131 -1.61963 -0.0638366
10.9695 -1.62062 0.0288423
11.0281 -1.616 0.128447
11.0813 -1.60678 0.215066
11.1348 -1.59281 0.295635
11.1846 -1.57559 0.371009
11.2312 -1.55565 0.437728
11.276 -1.53278 0.506177
11.3307 -1.49965 0.582442
11.3675 -1.47428 0.624066
11.4029 -1.44761 0.667419
11.4379 -1.41889 0.706449
11.4611 -1.39879 0.724687
11.4565 -1.4029 0.73505
11.4477 -1.41079 0.735886
11.4417 -1.41617 0.720299
11.4349 -1.42192 0.690871
11.4251 -1.42968 0.643273
11.4147 -1.43707 0.596539
11.4024 -1.44496 0.541152
11.3883 -1.45284 0.475382
11.3729 -1.46 0.395773
11.3595 -1.46501 0.321359
11.3464 -1.46883 0.244354
11.3379 -1.47065 0.179467
11.3301 -1.4718 0.111124
11.3283 -1.47195 0.0670117
11.3326 -1.47171 0.0479953
11.3395 -1.47142 0.0341748
11.3518 -1.47102 0.0307457
11.3637 -1.47077 0.0117483
11.3809 -1.47078 -0.01329
11.3976 -1.47135 -0.053897
11.418 -1.47285 -0.0936304
11.4414 -1.47547 -0.129896
11.4673 -1.47927 -0.160966
11.4937 -1.48401 -0.194629
11.5267 -1.49074 -0.207519
11.5598 -1.49796 -0.221273
11.5936 -1.50586 -0.238484
11.6321 -1.51533 -0.243575
11.6708 -1.52507 -0.249531
11.7111 -1.53562 -0.263265
11.7568 -1.54808 -0.268337
11.8027 -1.56083 -0.274273
11.8497 -1.57437 -0.286261
11.899 -1.58904 -0.292187
11.951 -1.60473 -0.293782
12.005 -1.62084 -0.286724
12.0593 -1.63671 -0.281395
12.1161 -1.65331 -0.287303
12.1754 -1.67086 -0.288015
12.2332 -1.68831 -0.299109
12.2928 -1.7068 -0.302414
12.3525 -1.72558 -0.306583
12.4139 -1.74546 -0.319396
12.474 -1.7662 -0.345185
12.5386 -1.78994 -0.359717
12.5997 -1.81353 -0.376852
12.6622 -1.83851 -0.38447
12.7263 -1.86443 -0.383434
12.7884 -1.88972 -0.390187
12.8503 -1.91544 -0.396939
12.9128 -1.94134 -0.388988
12.9767 -1.96744 -0.387088
13.0453 -1.99558 -0.391229
13.1118 -2.02346 -0.403159
13.1796 -2.0525 -0.405571
13.2503 -2.08279 -0.404516
13.3196 -2.11288 -0.414707
13.3924 -2.14545 -0.426618
13.4658 -2.17957 -0.443715
13.5428 -2.21631 -0.446098
13.6207 -2.25393 -0.453668
13.696 -2.29126 -0.467298
13.776 -2.33191 -0.472265
13.8564 -2.37332 -0.479825
13.9389 -2.41638 -0.482189
14.018 -2.45797 -0.485427
14.1011 -2.50116 -0.473088
14.1869 -2.54505 -0.472849
14.2702 -2.5879 -0.477807
14.3551 -2.63169 -0.474111
14.441 -2.67579 -0.474737
14.5273 -2.72032 -0.477956
14.6118 -2.76376 -0.471667
14.7007 -2.80902 -0.46969
14.8183 -2.869 -0.473688
14.907 -2.91431 -0.470847
14.9968 -2.96014 -0.473192
15.0844 -3.00554 -0.483327
15.177 -3.05427 -0.485662
15.2671 -3.10232 -0.494058
15.3605 -3.15324 -0.504173
15.4507 -3.20388 -0.51862
15.5408 -3.25636 -0.536524
15.6295 -3.31003 -0.551835
15.7186 -3.36512 -0.555035
15.8079 -3.42078 -0.559964
15.8967 -3.4766 -0.563164
15.9845 -3.532 -0.562042
16.07 -3.58609 -0.566116
16.1611 -3.64395 -0.565849
16.2484 -3.69916 -0.562134
16.3384 -3.75539 -0.554088
16.4272 -3.81041 -0.555559
16.5146 -3.8643 -0.549251
16.6035 -3.91875 -0.549858
16.6936 -3.97317 -0.53749
16.7814 -4.02493 -0.527724
16.8698 -4.07597 -0.518823
16.9612 -4.1273 -0.504726
17.0472 -4.17418 -0.494105
17.1404 -4.22377 -0.483466
17.2313 -4.27109 -0.476293
17.3208 -4.31625 -0.458748
17.408 -4.35852 -0.443806
17.5036 -4.40336 -0.433166
17.5927 -4.44397 -0.422546
17.6847 -4.48449 -0.406729
17.7771 -4.52333 -0.389184
17.8675 -4.55976 -0.376835
17.9576 -4.59454 -0.360164
18.0479 -4.6276 -0.341764
18.1439 -4.66119 -0.331134
18.236 -4.69211 -0.317056
18.3302 -4.72274 -0.311622
18.4251 -4.75315 -0.308781
18.514 -4.78173 -0.312874
18.611 -4.81253 -0.302244
18.7047 -4.84218 -0.310649
18.7984 -4.8718 -0.301757
18.8904 -4.90042 -0.301519
18.9878 -4.93116 -0.309915
19.0795 -4.96053 -0.309677
19.1769 -4.99122 -0.300775
19.3058 -5.03116 -0.300442
19.4015 -5.0608 -0.300194
19.4972 -5.09042 -0.299946
19.591 -5.11985 -0.308351
19.6865 -5.15025 -0.308103
19.7783 -5.17945 -0.307865
19.8721 -5.20882 -0.298973
19.9658 -5.23816 -0.307379
20.0616 -5.26763 -0.289834
20.1559 -5.2953 -0.280942
20.2522 -5.32307 -0.280694
20.345 -5.34895 -0.263159
20.44 -5.37409 -0.254267
20.5352 -5.39839 -0.245375
20.6289 -5.42097 -0.227839
20.7192 -5.44107 -0.210313
20.8136 -5.46036 -0.192778
20.9045 -5.47728 -0.175252
20.9941 -5.49036 -0.114488
21.0844 -5.49797 -0.0537225
21.1711 -5.49924 0.0243296
21.2634 -5.49299 0.111044
21.3452 -5.47989 0.206384
21.4289 -5.45737 0.319031
21.506 -5.42699 0.431667
21.5762 -5.39055 0.526997
21.6421 -5.34702 0.639625
21.7187 -5.28244 0.760953
21.768 -5.23086 0.856263
21.8126 -5.17522 0.934277
21.8527 -5.11627 1.01229
21.885 -5.05925 1.09894
21.9149 -4.99452 1.17695
21.9378 -4.93107 1.27225
21.9543 -4.86766 1.3589
21.9665 -4.80132 1.41961
21.9742 -4.74014 1.47165
21.9795 -4.67484 1.50641
21.983 -4.61327 1.52386
21.983 -4.61133 1.619
21.984 -4.62283 1.70546
21.9837 -4.62093 1.766
21.9837 -4.62092 1.81789
21.9837 -4.62092 1.83519
21.9837 -4.62092 1.83519
21.9837 -4.62092 1.83519
21.9837 -4.62092 1.83519
21.9837 -4.62092 1.81789
21.9837 -4.62092 1.81789
21.9837 -4.62092 1.81789
21.9837 -4.62092 1.81789
21.9837 -4.62092 1.81789
21.985 -4.62655 1.79193
21.9866 -4.6341 1.75732
21.9884 -4.64552 1.7054
21.9896 -4.65703 1.63618
21.99 -4.67052 1.55831
21.9895 -4.68015 1.48045
21.9886 -4.68781 1.42854
21.9886 -4.68782 1.39395
21.9897 -4.68215 1.36801
21.9913 -4.67461 1.35074
21.9939 -4.66335 1.33347
21.9972 -4.65029 1.30755
22.003 -4.6299 1.28166
22.0088 -4.61153 1.24711
22.0153 -4.59337 1.21257
22.0231 -4.57369 1.16938
22.0325 -4.55257 1.13484
22.0443 -4.52832 1.10031
22.0568 -4.50439 1.08308
22.0725 -4.47565 1.05722
22.087 -4.45066 1.03134
22.104 -4.42263 1.02278
22.1232 -4.39147 1.01422
22.1426 -4.36046 1.00566
22.1645 -4.32638 0.997111
22.1887 -4.28926 0.988572
22.2132 -4.25235 0.980033
22.2389 -4.21394 0.980147
22.2668 -4.17233 0.980271
22.2935 -4.1322 0.989039
22.3207 -4.0901 1.00646
22.3491 -4.04426 1.02389
22.3756 -3.99947 1.04997
22.4013 -3.95423 1.05874
22.4285 -3.90539 1.06753
22.4541 -3.8579 1.08496
22.4788 -3.80997 1.10239
22.5045 -3.75817 1.11983
22.5286 -3.70776 1.12862
22.555 -3.65203 1.12877
22.5793 -3.59957 1.14621
22.6047 -3.54338 1.14636
22.629 -3.48883 1.15516
22.6529 -3.43408 1.16396
22.6763 -3.37912 1.17275
22.6997 -3.32415 1.16425
22.7286 -3.25689 1.16443
22.7565 -3.19128 1.17326
22.7774 -3.14153 1.17339
22.7993 -3.0901 1.16488
22.8225 -3.03719 1.14773
22.8478 -2.98305 1.12193
22.875 -2.92773 1.10478
22.9049 -2.86945 1.08765
22.9359 -2.8117 1.07051
22.9702 -2.75142 1.03609
23.0187 -2.67267 1.00173
23.0587 -2.61132 0.984609
23.0997 -2.55068 0.967493
23.1409 -2.4925 0.941724
23.1845 -2.43366 0.924608
23.23 -2.37386 0.916145
23.2746 -2.31577 0.916326
23.3177 -2.25901 0.925151
23.3604 -2.20188 0.933976
23.402 -2.14401 0.960098
23.4435 -2.08365 0.977577
23.4847 -2.0208 1.00371
23.5222 -1.96016 1.02983
23.56 -1.89524 1.05596
23.5943 -1.83273 1.08208
23.6281 -1.76778 1.09956
23.6597 -1.70383 1.12569
23.689 -1.64096 1.14315
23.7177 -1.57571 1.16928
23.7437 -1.51139 1.20404
23.7667 -1.45003 1.2215
23.7889 -1.38636 1.24761
23.8095 -1.32213 1.27373
23.8276 -1.25916 1.30848
23.8435 -1.19559 1.34324
23.857 -1.13346 1.36934
23.8703 -1.06537 1.38681
23.8818 -0.996961 1.42158
23.8915 -0.926321 1.4477
23.8994 -0.857404 1.46517
23.906 -0.78641 1.49129
23.9103 -0.717171 1.52606
23.9124 -0.64012 1.56084
23.9119 -0.566894 1.59562
23.9088 -0.493733 1.63039
23.9022 -0.416932 1.68248
23.8928 -0.342364 1.70861
23.8803 -0.264358 1.75205
23.8643 -0.186972 1.79548
23.8449 -0.108397 1.83028
23.8145 -0.0048539 1.88244
23.7884 0.0717379 1.91723
23.7568 0.150447 1.98663
23.7222 0.223609 2.03872
23.682 0.298263 2.09082
23.6374 0.370341 2.16022
23.5892 0.437791 2.22097
23.538 0.500479 2.29036
23.4805 0.562772 2.34246
23.4182 0.623062 2.40321
23.3545 0.679033 2.43802
23.2914 0.72977 2.49011
23.2245 0.778571 2.53356
23.1558 0.825012 2.55971
23.0875 0.868311 2.5945
23.0158 0.909869 2.63795
22.9446 0.948307 2.65545
22.8708 0.986059 2.6816
22.7999 1.02082 2.69044
22.7264 1.05483 2.72524
22.6505 1.08801 2.73409
22.5778 1.119 2.74294
22.5049 1.14934 2.75178
22.4317 1.17904 2.76062
22.3565 1.20913 2.76082
22.285 1.23777 2.76101
22.2079 1.2682 2.76987
22.1325 1.29759 2.77007
22.0552 1.32733 2.77892
21.9795 1.35603 2.77912
21.8966 1.38745 2.77934
21.8173 1.41749 2.77955
21.7364 1.44854 2.77112
21.6537 1.48063 2.77134
21.573 1.51234 2.7629
21.4887 1.54545 2.77177
21.408 1.57713 2.76334
21.3204 1.61237 2.75493
21.2331 1.64834 2.74651
21.1465 1.6858 2.7208
21.0589 1.7259 2.70374
20.97 1.76794 2.69533
20.8816 1.81073 2.68693
20.7938 1.85502 2.66123
20.7035 1.90259 2.65283
20.615 1.94963 2.65308
20.5255 1.99871 2.62738
20.4382 2.04798 2.62763
20.3509 2.09723 2.62788
20.2656 2.14588 2.61948
20.1787 2.19584 2.61972
20.0937 2.24519 2.61132
20.0077 2.2966 2.59427
19.924 2.34809 2.58586
19.8375 2.40233 2.57747
19.7482 2.45937 2.56908
19.6607 2.51573 2.56934
19.5718 2.5735 2.56095
19.4835 2.632 2.55257
19.3983 2.68836 2.56147
19.3089 2.74529 2.58767
19.2199 2.79924 2.60523
19.13 2.85163 2.62278
19.0359 2.90431 2.64035
18.9412 2.95615 2.64061
18.8485 3.00744 2.63223
18.749 3.06243 2.64116
18.6543 3.11419 2.64143
18.5562 3.16778 2.6417
18.463 3.21816 2.65061
18.3663 3.27035 2.64224
18.2765 3.31886 2.65114
18.1828 3.36836 2.66005
18.092 3.41526 2.66895
17.9994 3.46262 2.66921
17.9082 3.50868 2.67811
17.8171 3.55472 2.66971
17.7278 3.60026 2.66996
17.6382 3.645 2.6875
17.5481 3.68894 2.68775
17.4581 3.73286 2.688
17.3676 3.77597 2.70555
17.2752 3.81949 2.69715
17.1828 3.86299 2.70605
17.0916 3.90447 2.7236
16.9965 3.9467 2.72385
16.9033 3.98852 2.71546
16.7785 4.04451 2.72444
16.6552 4.09914 2.72478
16.5635 4.13969 2.72503
16.47 4.1806 2.73393
16.3796 4.21916 2.74282
16.2908 4.25656 2.74306
16.2017 4.29317 2.76059
16.1122 4.32898 2.76083
16.0228 4.36478 2.76107
15.9314 4.40087 2.76996
15.8435 4.43553 2.76155
15.756 4.47092 2.75313
15.6352 4.52158 2.73616
15.5415 4.56225 2.72776
15.4536 4.60174 2.7107
15.3606 4.64399 2.7196
15.2676 4.6862 2.71121
15.175 4.7292 2.70281
15.0859 4.77056 2.7117
14.9948 4.81231 2.71195
14.9021 4.85523 2.70356
14.8094 4.89814 2.71246
14.6883 4.95292 2.72144
14.5984 4.99261 2.73033
14.5042 5.0322 2.75653
14.4107 5.06822 2.79137
14.3144 5.102 2.81757
14.2188 5.13225 2.85241
14.1223 5.15914 2.88725
14.0269 5.18262 2.91344
13.9291 5.20443 2.93099
13.8309 5.22452 2.94853
13.7344 5.24294 2.95742
13.6375 5.25967 2.98361
13.546 5.27263 3.01843
13.454 5.28239 3.05326
13.3598 5.28868 3.09673
13.2673 5.29122 3.13156
13.1767 5.29016 -3.10816
13.0882 5.28489 -3.05605
12.9982 5.27519 -3.01258
12.9085 5.26236 -2.98641
12.8213 5.24639 -2.9343
12.7351 5.22589 -2.88219
12.6518 5.20183 -2.83873
12.5696 5.17417 -2.79528
12.489 5.14228 -2.73452
12.412 5.10669 -2.68242
12.337 5.06714 -2.63032
12.2623 5.02308 -2.58686
12.1914 4.97656 -2.53476
12.124 4.92842 -2.50861
12.0552 4.87561 -2.46515
11.9871 4.81893 -2.43034
11.9238 4.76247 -2.39553
11.8609 4.70278 -2.36937
11.8001 4.64094 -2.32591
11.7431 4.5782 -2.29111
11.6892 4.51521 -2.26496
11.6367 4.44865 -2.21286
11.5849 4.37675 -2.17805
11.5349 4.30352 -2.16053
11.4869 4.229 -2.12571
11.4422 4.15471 -2.09955
11.3955 4.07484 -2.09933
11.3496 3.99456 -2.0818
11.3051 3.91349 -2.06427
11.2607 3.83014 -2.05539
11.2146 3.74338 -2.0638
11.1685 3.6566 -2.05491
11.1249 3.57284 -2.04602
11.0826 3.49059 -2.04579
11.038 3.40299 -2.0369
10.9977 3.32191 -2.02803
10.9446 3.21275 -2.01908
10.9073 3.13443 -2.01022
10.8713 3.0577 -2.01001
10.8254 2.96003 -2.00974
10.791 2.88677 -2.00954
10.7573 2.8132 -1.99204
10.7258 2.74286 -1.99185
10.6954 2.67414 -1.98302
10.665 2.60542 -1.99148
10.6361 2.54021 -1.98266
10.6079 2.47475 -1.97383
10.5822 2.41448 -1.97367
10.5555 2.35255 -1.98215
10.5272 2.28921 -1.99928
10.4968 2.22475 -2.02505
10.4664 2.16454 -2.05082
10.4315 2.10019 -2.08524
10.395 2.03889 -2.1283
10.3552 1.97744 -2.16272
10.3156 1.92055 -2.19714
10.2716 1.86198 -2.23155
10.2242 1.80365 -2.27461
10.1749 1.74699 -2.30037
10.1267 1.69447 -2.32614
10.0745 1.64042 -2.3519
10.022 1.58932 -2.38631
9.97112 1.54221 -2.40344
9.91653 1.4934 -2.42056
9.86404 1.44806 -2.43768
9.81245 1.40463 -2.44616
9.76477 1.36553 -2.46331
9.7181 1.32825 -2.47181
9.66976 1.28996 -2.47166
9.62581 1.25545 -2.48017
9.57716 1.21757 -2.48001
9.53155 1.18205 -2.47987
9.47379 1.13706 -2.47969
9.42683 1.10013 -2.47089
9.3832 1.06521 -2.46211
9.34153 1.03094 -2.44468
9.30149 0.997717 -2.45319
9.26146 0.964488 -2.44442
9.22305 0.932319 -2.44429
9.18331 0.898735 -2.43552
9.1468 0.867317 -2.42675
9.10636 0.831595 -2.40932
9.07068 0.799231 -2.40055
9.03528 0.766556 -2.39178
8.99988 0.733877 -2.40031
8.96478 0.700887 -2.37425
8.93177 0.668492 -2.35684
8.89754 0.634597 -2.36536
8.86274 0.601296 -2.39119
8.81494 0.559362 -2.45157
8.77689 0.529838 -2.512
8.73689 0.503013 -2.58971
8.69493 0.479374 -2.66743
8.65125 0.459064 -2.74515
8.60801 0.442694 -2.81422
8.56374 0.429347 -2.8833
8.52242 0.419942 -2.95238
8.48247 0.413537 -3.01282
8.44607 0.40962 -3.05598
8.40384 0.405993 -3.05587
8.36936 0.402126 -3.00389
8.33337 0.395378 -2.90867
8.30007 0.385627 -2.8048
8.26612 0.371893 -2.70957
8.23005 0.353527 -2.63164
8.19865 0.334692 -2.571
8.16038 0.308706 -2.519
8.12211 0.279436 -2.45834
8.08409 0.246803 -2.40632
8.04782 0.212238 -2.35431
8.01426 0.177668 -2.32824
7.98102 0.142808 -2.33677
7.94896 0.109477 -2.33666
7.91662 0.0764217 -2.35384
7.88522 0.0451441 -2.36238
7.85607 0.0170854 -2.38823
7.83037 -0.00619943 -2.42273
7.80699 -0.0263 -2.43996
7.78908 -0.0409154 -2.47449
7.77384 -0.052705 -2.49174
7.76458 -0.0596194 -2.50901
7.76145 -0.0618697 -2.5263
7.75831 -0.0640941 -2.52629
7.75831 -0.0640941 -2.52629
7.76145 -0.0618697 -2.5263
7.75988 -0.0629745 -2.53494
7.75828 -0.0640507 -2.56088
7.75174 -0.0681074 -2.61276
7.74161 -0.0736766 -2.66462
7.72591 -0.0810291 -2.74241
7.70786 -0.0877404 -2.82885
7.68559 -0.0938947 -2.91528
7.66098 -0.0985604 -2.99306
7.63226 -0.101722 -3.07082
7.60338 -0.102644 3.1346
7.56682 -0.100965 3.05685
7.5305 -0.0964522 2.9791
7.49079 -0.0887038 2.91866
7.44597 -0.077317 2.86689
7.39813 -0.0624851 2.81512
7.34749 -0.0438676 2.76336
7.29622 -0.0216762 2.70296
7.2411 0.00594363 2.65122
7.18384 0.0377865 2.61679
7.12562 0.0718249 2.60831
7.06588 0.107084 2.60848
7.00282 0.144292 2.60866
6.93859 0.183301 2.5829
6.87718 0.223176 2.54848
6.81718 0.265139 2.51407
6.75866 0.309141 2.47966
6.70169 0.355132 2.44524
6.64925 0.400533 2.41082
6.5984 0.447712 2.3764
6.54762 0.497753 2.35063
6.4939 0.553016 2.33352
6.44016 0.608273 2.35101
6.38614 0.66053 2.39444
6.32658 0.712437 2.45518
6.26266 0.762084 2.50727
6.19307 0.810538 2.55937
6.12289 0.854589 2.60282
6.02213 0.911303 2.65499
5.94496 0.950846 2.68116
5.86744 0.989702 2.67272
5.79181 1.02801 2.67293
5.71307 1.06872 2.65585
5.63692 1.11018 2.63012
5.56149 1.15294 2.62169
5.48456 1.19697 2.62191
5.4091 1.23969 2.63077
5.33178 1.28302 2.63099
5.25594 1.32506 2.63985
5.17973 1.36643 2.64872
5.10316 1.40712 2.65758
5.02281 1.44891 2.66645
4.94363 1.48876 2.68397
4.86411 1.52792 2.68419
4.78148 1.56947 2.66712
4.69616 1.61421 2.65006
4.6165 1.65729 2.64164
4.53235 1.7042 2.62458
4.45194 1.74991 2.62481
4.36776 1.79678 2.64234
4.28428 1.84089 2.66852
4.20157 1.88231 2.68605
4.11624 1.92274 2.71223
4.02989 1.96092 2.73841
3.94287 1.99758 2.74729
3.85392 2.03458 2.74753
3.76106 2.07224 2.76507
3.66951 2.10797 2.77396
3.57405 2.14425 2.78286
3.47962 2.17779 2.81771
3.38409 2.20802 2.85255
3.28558 2.23499 2.89604
3.18778 2.25681 2.94818
3.08715 2.27426 2.99168
2.98575 2.28644 3.05247
2.88379 2.29243 3.11327
2.78358 2.29266 -3.11778
2.67965 2.28747 -3.06563
2.57997 2.27726 -3.01349
2.48095 2.26187 -2.96135
2.38108 2.24052 -2.90056
2.28442 2.21407 -2.84842
2.19124 2.18282 -2.78764
2.09851 2.14485 -2.7182
2.00826 2.10131 -2.66606
1.92229 2.05368 -2.60528
1.83892 2.00164 -2.56179
1.75606 1.94529 -2.52695
1.67702 1.88688 -2.48346
1.60184 1.82663 -2.44863
1.53224 1.76571 -2.39651
1.46756 1.70231 -2.33574
1.40267 1.63108 -2.28361
1.34494 1.56129 -2.24015
1.2903 1.48906 -2.19668
1.23885 1.41452 -2.15321
1.18937 1.33867 -2.14434
1.13853 1.26141 -2.16141
1.08637 1.18503 -2.17848
1.03162 1.11049 -2.23014
0.972478 1.03939 -2.2991
0.910192 0.973654 -2.35942
0.845203 0.91339 -2.42839
0.776216 0.857749 -2.49736
0.707139 0.808601 -2.54904
0.635225 0.763708 -2.61802
0.562257 0.724468 -2.67835
0.487057 0.6897 -2.73869
0.411564 0.660557 -2.80768
0.332507 0.635777 -2.86801
0.256177 0.615413 -2.89376
0.179508 0.596358 -2.90221
0.106427 0.57885 -2.91068
0.0294457 0.561093 -2.91913
-0.043779 0.544189 -2.9103
-0.118647 0.525865 -2.89281
-0.191401 0.507039 -2.88397
-0.263986 0.487571 -2.87514
-0.332519 0.467901 -2.84902
-0.398585 0.446741 -2.81425
-0.462161 0.424223 -2.78814
-0.525126 0.400054 -2.76203
-0.608501 0.364675 -2.71856
-0.667768 0.336744 -2.6838
-0.72419 0.307406 -2.6404
-0.779557 0.276127 -2.6143
-0.832299 0.244177 -2.57955
-0.882427 0.211685 -2.55346
-0.933129 0.176586 -2.51871
-0.979491 0.14205 -2.48397
-1.0219 0.108699 -2.46654
-1.06344 0.0742529 -2.43181
-1.10246 0.0398353 -2.40574
-1.13774 0.00703635 -2.37968
-1.16263 -0.0171255 -2.36229
-1.1831 -0.0375286 -2.35357
-1.19528 -0.0498772 -2.34488
-1.20199 -0.0567964 -2.33621
-1.20466 -0.0595753 -2.3362
-1.20333 -0.0581808 -2.32755
-1.202 -0.0567848 -2.33621
-1.19933 -0.0540058 -2.33622
-1.19666 -0.0512269 -2.33623
-1.19666 -0.0512269 -2.33623
-1.19666 -0.0512269 -2.33623
-1.19666 -0.0512269 -2.33623
-1.198 -0.0526098 -2.34487
-1.19934 -0.0539943 -2.33622
-1.19934 -0.0539943 -2.33622
-1.19934 -0.0539943 -2.33622
-1.19934 -0.0539943 -2.33622
-1.19934 -0.0539943 -2.33622
-1.19934 -0.0539943 -2.33622
-1.19934 -0.0539943 -2.33622
-1.19934 -0.0539943 -2.33622
-1.19934 -0.0539943 -2.33622
-1.19934 -0.0539943 -2.33622
-1.19934 -0.0539943 -2.33622
-1.19934 -0.0539943 -2.33622
-1.19934 -0.0539943 -2.33622
-1.19934 -0.0539943 -2.33622
-1.19934 -0.0539943 -2.33622
-1.19934 -0.0539943 -2.33622
-1.19934 -0.0539943 -2.33622
-1.19934 -0.0539943 -2.33622
-1.19934 -0.0539943 -2.33622
-1.19934 -0.0539943 -2.33622
-1.19934 -0.0539943 -2.33622
-1.19934 -0.0539943 -2.33622
-1.19934 -0.0539943 -2.33622
-1.19934 -0.0539943 -2.33622
-1.19934 -0.0539943 -2.33622
-1.19934 -0.0539943 -2.33622
-1.19934 -0.0539943 -2.33622
-1.19934 -0.0539943 -2.33622
-1.19934 -0.0539943 -2.33622
-1.19934 -0.0539943 -2.33622
-1.19934 -0.0539943 -2.33622
-1.19934 -0.0539943 -2.33622
-1.19934 -0.0539943 -2.33622
-1.19934 -0.0539943 -2.33622
-1.19934 -0.0539943 -2.33622
-1.19934 -0.0539943 -2.33622
-1.19934 -0.0539943 -2.33622
-1.19934 -0.0539943 -2.33622
-1.19934 -0.0539943 -2.33622
-1.19934 -0.0539943 -2.33622
-1.19934 -0.0539943 -2.33622
-1.19934 -0.0539943 -2.33622
-1.19934 -0.0539943 -2.33622
-1.19934 -0.0539943 -2.33622
-1.19934 -0.0539943 -2.33622
-1.19934 -0.0539943 -2.33622
-1.19934 -0.0539943 -2.33622
-1.19934 -0.0539943 -2.33622
-1.19934 -0.0539943 -2.33622
-1.19934 -0.0539943 -2.33622
-1.19934 -0.0539943 -2.33622
-1.19934 -0.0539943 -2.33622
-1.19934 -0.0539943 -2.33622
-1.19934 -0.0539943 -2.33622
-1.19934 -0.0539943 -2.33622
-1.19934 -0.0539943 -2.33622
-1.198 -0.0526098 -2.34487
-1.19531 -0.0498541 -2.34488
-1.19259 -0.0471203 -2.36219
-1.18287 -0.0377631 -2.38817
-1.17144 -0.0274102 -2.4228
-1.15966 -0.0174593 -2.45743
-1.14754 -0.00792216 -2.49206
-1.13502 0.00108294 -2.54399
-1.12694 0.00633324 -2.58726
-1.12031 0.0102785 -2.62187
-1.11523 0.0130428 -2.66513
-1.11179 0.0147816 -2.68244
-1.10832 0.0164605 -2.69975
-1.10657 0.0172773 -2.7084
-1.11007 0.0156596 -2.70839
-1.11182 0.0148587 -2.71703
-1.1171 0.0125007 -2.72567
-1.12417 0.0094484 -2.74295
-1.1313 0.00651883 -2.76022
-1.13669 0.00443818 -2.78615
-1.14212 0.00245026 -2.79479
-1.14393 0.00181993 -2.82073
-1.14393 0.00181993 -2.82073
-1.14393 0.00181993 -2.82073
-1.14393 0.00181993 -2.82073
-1.14211 0.0024352 -2.81209
-1.14211 0.0024345 -2.79479
-1.14211 0.0024345 -2.79479
-1.14211 0.0024345 -2.79479
-1.14211 0.0024345 -2.79479
-1.14211 0.0024345 -2.79479
-1.14211 0.0024345 -2.79479
-1.14211 0.0024345 -2.79479
-1.14211 0.0024345 -2.79479
-1.14211 0.0024345 -2.79479
-1.14211 0.0024345 -2.79479
-1.14211 0.0024345 -2.79479
-1.14211 0.0024345 -2.79479
-1.14211 0.0024345 -2.79479
-1.14211 0.0024345 -2.79479
-1.14211 0.0024345 -2.79479
-1.14211 0.0024345 -2.79479
-1.14211 0.0024345 -2.79479
-1.14211 0.0024345 -2.79479
-1.14211 0.0024345 -2.79479
-1.14211 0.0024345 -2.79479
-1.14211 0.0024345 -2.79479
-1.14211 0.0024345 -2.79479
-1.14211 0.0024345 -2.79479
-1.14211 0.0024345 -2.79479
-1.14211 0.0024345 -2.79479
-1.14211 0.0024345 -2.79479
-1.14211 0.0024345 -2.79479
-1.14211 0.0024345 -2.79479
-1.14211 0.0024345 -2.79479
-1.14211 0.0024345 -2.79479
-1.14211 0.0024345 -2.79479
-1.14211 0.0024345 -2.79479
-1.14211 0.0024345 -2.79479
-1.14211 0.0024345 -2.79479
-1.14211 0.0024345 -2.79479
-1.14211 0.0024345 -2.79479
-1.14211 0.0024345 -2.79479
-1.14211 0.0024345 -2.79479
-1.14211 0.0024345 -2.79479
-1.14211 0.0024345 -2.79479
-1.14211 0.0024345 -2.79479
-1.14211 0.0024345 -2.79479
-1.14211 0.0024345 -2.79479
-1.14211 0.0024345 -2.79479
-1.14211 0.0024345 -2.79479
-1.14211 0.0024345 -2.79479
-1.14211 0.0024345 -2.79479
-1.14211 0.0024345 -2.79479
-1.14211 0.0024345 -2.79479
-1.14211 0.0024345 -2.79479
-1.14211 0.0024345 -2.79479
-1.14211 0.0024345 -2.79479
-1.14211 0.0024345 -2.79479
-1.14211 0.0024345 -2.79479
-1.14211 0.0024345 -2.79479
-1.14211 0.0024345 -2.79479
-1.14211 0.0024345 -2.79479
-1.14211 0.0024345 -2.79479
-1.14211 0.0024345 -2.79479
-1.14211 0.0024345 -2.79479
-1.14211 0.0024345 -2.79479
-1.14211 0.0024345 -2.79479
-1.14211 0.0024345 -2.79479
-1.14211 0.0024345 -2.79479
-1.14211 0.0024345 -2.79479
-1.14211 0.0024345 -2.79479
-1.14211 0.0024345 -2.79479
-1.14211 0.0024345 -2.79479
-1.14211 0.0024345 -2.79479
-1.14211 0.0024345 -2.79479
-1.14211 0.0024345 -2.79479
-1.14211 0.0024345 -2.79479
-1.14211 0.0024345 -2.79479
-1.14211 0.0024345 -2.79479
-1.14211 0.0024345 -2.79479
-1.14211 0.0024345 -2.79479
-1.14211 0.0024345 -2.79479
-1.14211 0.0024345 -2.79479
-1.14211 0.0024345 -2.79479
-1.14211 0.0024345 -2.79479
-1.14211 0.0024345 -2.79479
-1.14211 0.0024345 -2.79479
-1.14211 0.0024345 -2.79479
-1.14211 0.0024345 -2.79479
-1.14211 0.0024345 -2.79479
-1.14211 0.0024345 -2.79479
-1.14211 0.0024345 -2.79479
-1.14211 0.0024345 -2.79479
-1.14211 0.0024345 -2.79479
-1.14211 0.0024345 -2.79479
-1.14211 0.0024345 -2.79479
-1.14211 0.0024345 -2.79479
-1.14211 0.0024345 -2.79479
-1.14211 0.0024345 -2.79479
-1.14211 0.0024345 -2.79479
-1.14211 0.0024345 -2.79479
-1.14211 0.0024345 -2.79479
-1.14211 0.0024345 -2.79479
-1.14211 0.0024345 -2.79479
-1.14211 0.0024345 -2.79479
-1.14211 0.0024345 -2.79479
-1.14211 0.0024345 -2.79479
-1.14211 0.0024345 -2.79479
-1.14211 0.0024345 -2.79479
-1.14211 0.0024345 -2.79479
-1.14211 0.0024345 -2.79479
-1.14211 0.0024345 -2.79479
-1.14211 0.0024345 -2.79479
-1.14211 0.0024345 -2.79479
-1.14211 0.0024345 -2.79479
-1.14211 0.0024345 -2.79479
-1.14211 0.0024345 -2.79479
-1.14211 0.0024345 -2.79479
-1.14211 0.0024345 -2.79479
-1.14211 0.0024345 -2.79479
-1.14211 0.0024345 -2.79479
-1.14211 0.0024345 -2.79479
-1.14211 0.0024345 -2.79479
-1.14211 0.0024345 -2.79479
-1.14211 0.0024345 -2.79479
-1.14211 0.0024345 -2.79479
-1.14211 0.0024345 -2.79479
-1.14211 0.0024345 -2.79479
-1.14211 0.0024345 -2.79479
-1.14211 0.0024345 -2.79479
-1.14211 0.0024345 -2.79479
-1.14211 0.0024345 -2.79479
-1.14211 0.0024345 -2.79479
-1.14211 0.0024345 -2.79479
-1.14211 0.0024345 -2.79479
-1.14211 0.0024345 -2.79479
-1.14211 0.0024345 -2.79479
-1.14211 0.0024345 -2.79479
-1.14211 0.0024345 -2.79479
-1.14211 0.0024345 -2.79479
-1.14211 0.0024345 -2.79479
-1.14211 0.0024345 -2.79479
-1.14211 0.0024345 -2.79479
-1.14211 0.0024345 -2.79479
-1.14211 0.0024345 -2.79479
-1.14211 0.0024345 -2.79479
-1.14211 0.0024345 -2.79479
-1.14211 0.0024345 -2.79479
-1.14211 0.0024345 -2.79479
-1.14211 0.0024345 -2.79479
-1.14211 0.0024345 -2.79479
-1.14211 0.0024345 -2.79479
-1.14211 0.0024345 -2.79479
-1.14211 0.0024345 -2.79479
-1.14211 0.0024345 -2.79479
-1.14211 0.0024345 -2.79479
-1.14211 0.0024345 -2.79479
-1.14211 0.0024345 -2.79479
-1.14211 0.0024345 -2.79479
-1.14211 0.0024345 -2.79479
-1.14211 0.0024345 -2.79479
-1.14211 0.0024345 -2.79479
-1.14211 0.0024345 -2.79479
-1.14211 0.0024345 -2.79479
-1.14211 0.0024345 -2.79479
-1.14211 0.0024345 -2.79479
-1.14211 0.0024345 -2.79479
-1.14211 0.0024345 -2.79479
-1.14211 0.0024345 -2.79479
-1.14211 0.0024345 -2.79479
-1.14211 0.0024345 -2.79479
-1.14211 0.0024345 -2.79479
-1.14211 0.0024345 -2.79479
-1.14211 0.0024345 -2.79479
-1.14211 0.0024345 -2.79479
-1.14211 0.0024345 -2.79479
-1.14211 0.0024345 -2.79479
-1.14211 0.0024345 -2.79479
-1.14211 0.0024345 -2.79479
-1.14211 0.0024345 -2.79479
