0.0612306 0.00976533 0.00884648
0.103857 0.0365877 0.0383191
0.160024 0.0759028 0.10283
0.201785 0.116977 0.172139
0.251263 0.1478 0.246225
0.301253 0.17438 0.309798
0.350734 0.208396 0.374355
0.412589 0.25138 0.446877
0.467106 0.27842 0.511235
0.51855 0.323189 0.573166
0.569405 0.364252 0.644642
0.613687 0.4131 0.718636
0.64922 0.463115 0.789625
0.682706 0.522939 0.856319
0.70076 0.595037 0.929018
0.729448 0.668109 1.00399
0.760213 0.733011 1.06007
0.7842 0.800273 1.11759
0.811561 0.87299 1.17217
0.834229 0.944014 1.21665
0.855327 1.01628 1.25522
0.879948 1.09318 1.28612
0.908104 1.16285 1.30623
0.93907 1.23795 1.31584
0.978001 1.30464 1.31905
1.01935 1.37641 1.31697
1.06355 1.45608 1.3008
1.10099 1.53145 1.271
1.14512 1.5974 1.23739
1.19624 1.67173 1.19581
1.25011 1.74207 1.14542
1.30534 1.80657 1.09479
1.36999 1.87264 1.03243
1.44596 1.92583 0.962831
1.51933 1.97778 0.889629
1.5913 2.03423 0.826288
1.67313 2.08519 0.743998
1.77208 2.12839 0.654524
1.85886 2.16268 0.585154
1.95259 2.19164 0.502463
2.0648 2.2131 0.413385
2.15987 2.22192 0.334333
2.30037 2.22707 0.227799
2.41494 2.23136 0.167581
2.5167 2.22791 0.0934033
2.61439 2.22174 0.0302787
2.72144 2.21693 -0.012085
2.82486 2.20679 -0.0607616
2.93151 2.19566 -0.0979411
3.03657 2.18883 -0.113105
3.14043 2.18202 -0.132215
3.23836 2.1732 -0.145115
3.33961 2.16548 -0.152494
3.44816 2.14194 -0.162995
3.54431 2.12227 -0.170885
3.64211 2.10375 -0.172001
3.74978 2.08391 -0.178292
3.8417 2.06306 -0.186047
3.93341 2.03849 -0.193965
4.03857 2.01454 -0.199673
4.12774 1.98929 -0.203844
4.21115 1.96457 -0.206039
4.30714 1.9358 -0.210736
4.39971 1.91042 -0.215101
4.48583 1.88512 -0.220156
4.57141 1.85862 -0.228788
4.66146 1.83095 -0.237816
4.74465 1.80395 -0.244935
4.82665 1.77634 -0.254128
4.91369 1.7455 -0.264969
4.9978 1.71598 -0.274394
5.07254 1.69013 -0.280821
5.14823 1.66156 -0.293581
5.22888 1.63294 -0.302066
5.30716 1.60993 -0.302687
5.38477 1.58461 -0.299891
5.46055 1.55882 -0.299018
5.53546 1.53396 -0.295492
5.6103 1.51153 -0.285893
5.68308 1.4924 -0.275509
5.75462 1.47456 -0.267858
5.82806 1.46139 -0.256974
5.89801 1.4512 -0.244238
5.96258 1.44012 -0.233656
6.03007 1.42708 -0.225341
6.09847 1.41381 -0.220032
6.16892 1.40198 -0.209949
6.2355 1.39072 -0.197597
6.29554 1.3831 -0.184071
6.3599 1.37613 -0.17253
6.42331 1.36591 -0.160885
6.4851 1.359 -0.149566
6.54697 1.35329 -0.139068
6.60309 1.34768 -0.130396
6.65807 1.34235 -0.119657
6.7186 1.33742 -0.107647
6.78016 1.33296 -0.098197
6.83595 1.32925 -0.0890493
6.88708 1.32741 -0.0825437
6.93467 1.32494 -0.0775676
6.99121 1.32334 -0.0701549
7.03556 1.32301 -0.0614702
7.07991 1.32345 -0.0544985
7.12219 1.3266 -0.0409237
7.1531 1.33606 -0.0124851
7.18012 1.35501 0.0387334
7.19937 1.38069 0.103774
7.20533 1.41529 0.188506
7.19308 1.45465 0.284375
7.18047 1.49361 0.389434
7.16131 1.5308 0.498345
7.13355 1.56423 0.612192
7.10051 1.59495 0.73056
7.06042 1.61867 0.847791
7.01282 1.63419 0.974899
6.97023 1.64154 1.09287
6.92796 1.6395 1.20827
6.88673 1.63062 1.31472
6.85164 1.60927 1.41718
6.82009 1.58332 1.5103
6.79961 1.55677 1.59182
6.78079 1.53177 1.66599
6.76472 1.50677 1.73137
6.7518 1.48432 1.79359
6.74115 1.46667 1.84281
6.73117 1.45877 1.88687
6.7232 1.45258 1.91853
6.71497 1.46021 1.94653
6.70272 1.46919 1.97134
6.68623 1.47714 2.00188
6.6658 1.48462 2.03941
6.63702 1.49703 2.08538
6.60254 1.50881 2.14431
6.56383 1.52359 2.21262
6.52315 1.53965 2.28769
6.48091 1.54676 2.36213
6.43291 1.55146 2.43885
6.38358 1.56141 2.51128
6.33068 1.56985 2.58343
6.27496 1.57816 2.65465
6.21831 1.58881 2.71954
6.15881 1.60202 2.77635
6.09342 1.61681 2.83015
6.02931 1.62626 2.88271
5.96444 1.64087 2.92616
5.8946 1.65554 2.96332
5.82624 1.66382 3.00289
5.75305 1.66923 3.04587
5.6794 1.67505 3.07108
5.60498 1.6815 3.08701
5.50273 1.68883 3.11638
5.42775 1.69646 3.13375
5.34779 1.70439 3.13391
5.27378 1.70659 3.13307
5.19756 1.71151 -3.13941
5.11596 1.71281 -3.13518
5.03385 1.72675 3.13171
4.95171 1.74077 3.10452
4.86472 1.76124 3.08262
4.78344 1.78268 3.04949
4.70412 1.80996 3.00631
4.62033 1.83038 2.97831
4.53848 1.84752 2.96647
4.45293 1.87048 2.93996
4.37442 1.89807 2.90793
4.29984 1.92367 2.88349
4.21583 1.95428 2.8512
4.11166 2.00728 2.79508
4.03346 2.04351 2.7611
3.96213 2.08589 2.73223
3.88815 2.1267 2.70071
3.81302 2.17136 2.6697
3.74545 2.21767 2.63814
3.67499 2.26943 2.60647
3.60409 2.32552 2.57743
3.54284 2.37763 2.55257
3.48229 2.43967 2.51427
3.41545 2.50804 2.47671
3.35597 2.56665 2.44973
3.2953 2.63539 2.41164
3.23978 2.708 2.37072
3.18362 2.77393 2.3448
3.12636 2.84253 2.31736
3.07616 2.91859 2.27124
3.02792 2.99216 2.23248
2.98756 3.06933 2.19597
2.95452 3.15628 2.14447
2.93116 3.24519 2.08288
2.9114 3.33452 2.03078
2.88965 3.42731 1.98019
2.87292 3.52165 1.92859
2.85681 3.60547 1.88384
2.84531 3.69494 1.83447
2.83424 3.79342 1.78958
2.82472 3.87469 1.76098
2.81964 3.95719 1.72751
2.81686 4.05282 1.68511
2.80939 4.1411 1.65651
2.80094 4.22617 1.64068
2.80034 4.31825 1.6109
2.80152 4.40846 1.58819
2.79933 4.49855 1.57911
2.80139 4.58975 1.56379
2.81215 4.67828 1.53492
2.82101 4.76629 1.51189
2.83001 4.85594 1.49646
2.84715 4.94843 1.46817
2.86787 5.03893 1.43492
2.89042 5.1262 1.4106
2.91903 5.21815 1.37691
2.95424 5.30534 1.33386
2.99116 5.38885 1.29724
3.03383 5.47763 1.25388
3.07621 5.5613 1.21555
3.11935 5.6417 1.1841
3.164 5.72896 1.14986
3.20636 5.8159 1.12585
3.24276 5.89672 1.11559
3.28283 5.97868 1.10249
3.32346 6.06494 1.09328
3.35653 6.1525 1.10315
3.38585 6.23724 1.11795
3.42155 6.32612 1.12858
3.44939 6.41832 1.15655
3.47194 6.50749 1.19116
3.49506 6.59594 1.21586
3.51604 6.69156 1.2444
3.53811 6.786 1.27
3.55859 6.87314 1.28528
3.58697 6.96915 1.29612
3.61174 7.06265 1.30386
3.63698 7.14924 1.30672
3.66468 7.24328 1.30792
3.68985 7.33819 1.31246
3.71274 7.43191 1.32094
3.72955 7.52142 1.33416
3.74599 7.61622 1.34909
3.76057 7.70837 1.36068
3.77424 7.79648 1.37558
3.78907 7.8938 1.38879
3.80554 7.99062 1.39318
3.82443 8.07606 1.39027
3.84752 8.16895 1.38188
3.88066 8.26638 1.35644
3.91659 8.35032 1.32412
3.95519 8.43929 1.29147
3.98838 8.5223 1.26562
4.0222 8.61677 1.24981
4.04405 8.69971 1.24668
4.0675 8.78667 1.24437
4.08868 8.88242 1.25226
4.10392 8.96795 1.2699
4.11598 9.05201 1.29494
4.11205 9.14545 1.34132
4.09872 9.22721 1.39905
4.07061 9.29879 1.47534
4.02962 9.36921 1.58273
3.97271 9.42914 1.7123
3.90283 9.45583 1.85311
3.82207 9.46945 2.01448
3.70478 9.46298 2.26236
3.62089 9.42581 2.44676
3.54864 9.37499 2.64713
3.48726 9.31336 2.85787
3.43777 9.24189 3.06239
3.39969 9.17222 -3.02165
3.37166 9.10327 -2.81753
3.35613 9.02253 -2.6087
3.3517 8.95597 -2.42819
3.36057 8.88547 -2.24531
3.37033 8.81694 -2.08114
3.38022 8.75628 -1.94118
3.39026 8.69591 -1.82164
3.39861 8.63855 -1.71109
3.40353 8.58088 -1.61511
3.40116 8.51395 -1.52851
3.40985 8.44529 -1.44342
3.4221 8.37752 -1.36699
3.43677 8.31254 -1.30412
3.44438 8.24094 -1.26329
3.45969 8.1674 -1.23455
3.46119 8.09077 -1.22514
3.46314 8.01833 -1.23494
3.45524 7.94143 -1.26392
3.44364 7.86643 -1.303
3.43 7.78799 -1.35892
3.40533 7.70576 -1.42935
3.37693 7.63664 -1.49412
3.34994 7.57325 -1.54895
3.32428 7.49926 -1.60806
3.30474 7.43076 -1.6533
3.28834 7.37323 -1.68031
3.28836 7.30131 -1.69721
3.27701 7.23973 -1.70857
3.26827 7.18069 -1.71594
3.25891 7.11974 -1.71524
3.25673 7.05302 -1.70083
3.26343 6.97276 -1.67344
3.2867 6.8974 -1.66195
3.27487 6.82899 -1.66402
3.26545 6.77571 -1.68138
3.24932 6.7075 -1.70924
3.2228 6.63743 -1.74293
3.18612 6.56369 -1.79144
3.14267 6.49823 -1.84766
3.09817 6.43281 -1.90323
3.05887 6.37107 -1.95034
3.00994 6.30846 -2.00001
2.95506 6.23494 -2.05206
2.90496 6.16856 -2.09697
2.84922 6.10054 -2.13878
2.79505 6.02481 -2.16974
2.7411 5.94112 -2.18229
2.7032 5.86626 -2.17755
2.66085 5.78113 -2.17215
2.61867 5.68626 -2.14637
2.58381 5.60433 -2.11787
2.54258 5.5139 -2.09916
2.502 5.425 -2.0817
2.45922 5.33063 -2.06818
2.41497 5.24452 -2.06322
2.36565 5.14902 -2.05971
2.31466 5.04606 -2.05137
2.27582 4.96073 -2.03642
2.23772 4.85978 -2.00894
2.20488 4.75305 -1.96873
2.18411 4.64932 -1.92177
2.16479 4.53772 -1.87643
2.14243 4.43038 -1.84964
2.12421 4.32669 -1.81564
2.10253 4.21311 -1.79382
2.07522 4.10025 -1.78821
2.04326 3.98681 -1.76921
2.00406 3.88167 -1.77607
1.96829 3.78006 -1.79458
1.93188 3.67495 -1.79838
1.88496 3.56347 -1.82798
1.84428 3.46406 -1.85283
1.80458 3.36956 -1.87231
1.75536 3.26833 -1.90507
1.70735 3.18292 -1.93849
1.65692 3.09375 -1.96778
1.60132 2.9983 -2.00423
1.54579 2.92053 -2.04248
1.48333 2.84699 -2.0835
1.417 2.76774 -2.1217
1.36026 2.69065 -2.14702
1.30521 2.61305 -2.16981
1.23301 2.50673 -2.18323
1.18745 2.41946 -2.16964
1.15347 2.3437 -2.15446
1.11957 2.25536 -2.12834
1.09459 2.16291 -2.0824
1.08449 2.07899 -2.02661
1.07515 1.98136 -1.96033
1.07849 1.88524 -1.87903
1.09246 1.80008 -1.79886
1.11705 1.70226 -1.69637
1.1488 1.61552 -1.59268
1.1787 1.53233 -1.50223
1.21897 1.44921 -1.41139
1.26128 1.36166 -1.31549
1.30801 1.28818 -1.23151
1.35529 1.21263 -1.14945
1.40592 1.13346 -1.08254
1.44999 1.05381 -1.04135
1.49656 0.975894 -1.01245
1.53356 0.881481 -1.01002
1.56337 0.78416 -1.04788
1.58152 0.680364 -1.09757
1.59286 0.578556 -1.14992
1.58651 0.46706 -1.23304
1.57077 0.363495 -1.31121
1.55203 0.262781 -1.39297
1.52323 0.157612 -1.48501
1.487 0.0641523 -1.57303
1.43194 -0.0203855 -1.67165
1.36985 -0.100352 -1.78127
1.31132 -0.172648 -1.87636
1.2566 -0.246136 -1.96774
1.19615 -0.309532 -2.06155
1.13977 -0.364595 -2.13924
1.09516 -0.425156 -2.21034
1.04328 -0.485258 -2.26948
0.989765 -0.544329 -2.31081
0.949457 -0.604009 -2.31967
0.913516 -0.667093 -2.31144
0.8801 -0.732542 -2.29183
0.853037 -0.796466 -2.25839
0.843094 -0.859025 -2.19775
0.836493 -0.931374 -2.12097
0.836569 -0.998236 -2.04057
0.84134 -1.06532 -1.95401
0.856584 -1.1358 -1.85672
0.878439 -1.20063 -1.76252
0.90237 -1.26141 -1.67809
0.930243 -1.32256 -1.59362
0.952592 -1.39467 -1.51289
0.971804 -1.46194 -1.44947
0.983792 -1.53209 -1.41148
0.992808 -1.60437 -1.39328
0.997392 -1.68183 -1.38852
0.989058 -1.76429 -1.39453
0.978029 -1.84309 -1.41001
0.954266 -1.9501 -1.45567
0.918565 -2.03634 -1.49816
0.880652 -2.11787 -1.53854
0.855916 -2.19115 -1.57593
0.827447 -2.27003 -1.62631
0.800112 -2.35155 -1.67953
0.781117 -2.42845 -1.71689
0.76121 -2.50707 -1.75231
0.728004 -2.58633 -1.80566
0.69188 -2.6582 -1.85894
0.659443 -2.72694 -1.90199
0.62288 -2.8059 -1.93388
0.589309 -2.88049 -1.95263
0.562862 -2.95477 -1.95308
0.551158 -3.03219 -1.93073
0.548868 -3.11372 -1.88865
0.551902 -3.19782 -1.83234
0.559486 -3.27502 -1.78203
0.571145 -3.35779 -1.72922
0.581694 -3.44057 -1.68204
0.582366 -3.52021 -1.66379
0.556675 -3.61285 -1.67451
0.528643 -3.69945 -1.69192
0.501782 -3.78577 -1.70573
0.466271 -3.87353 -1.73196
0.430023 -3.96216 -1.76336
0.399622 -4.04831 -1.77832
0.364781 -4.13646 -1.80323
0.323351 -4.22569 -1.84709
0.281853 -4.30481 -1.88513
0.24132 -4.38635 -1.90902
0.201002 -4.4748 -1.93321
0.167149 -4.55924 -1.94952
0.134385 -4.64554 -1.94872
0.100726 -4.73363 -1.94171
0.0736432 -4.81722 -1.92969
0.0498121 -4.89607 -1.91221
0.0307381 -4.9837 -1.88331
0.0134175 -5.08066 -1.85119
-0.00103359 -5.16782 -1.8235
-0.00722046 -5.25213 -1.78785
-0.0188017 -5.34648 -1.75248
-0.034821 -5.43664 -1.73455
-0.0503278 -5.52757 -1.71626
-0.0557795 -5.62151 -1.68232
-0.0583039 -5.7131 -1.65446
-0.0657127 -5.80152 -1.64336
-0.0672813 -5.89206 -1.6203
-0.0673373 -5.98359 -1.59827
-0.0791986 -6.07465 -1.60526
-0.0956866 -6.16571 -1.62348
-0.110037 -6.25528 -1.63106
-0.124177 -6.34597 -1.64137
-0.135877 -6.43024 -1.65487
-0.137635 -6.51487 -1.64326
-0.131202 -6.59506 -1.6054
-0.113358 -6.66736 -1.55935
-0.084531 -6.74148 -1.49846
-0.0443066 -6.80329 -1.41774
0.00595278 -6.85333 -1.32091
0.0651114 -6.89652 -1.21481
0.134045 -6.92573 -1.09379
0.215294 -6.935 -0.946164
0.292435 -6.93566 -0.795495
0.363037 -6.91485 -0.637773
0.430035 -6.88042 -0.465965
0.486512 -6.82911 -0.279973
0.527171 -6.77067 -0.101644
0.554876 -6.70556 0.0814397
0.57146 -6.63429 0.26906
0.578463 -6.57082 0.45357
0.579802 -6.5199 0.630868
0.577421 -6.47161 0.795647
0.570341 -6.42241 0.953717
0.558184 -6.36799 1.10028
0.546429 -6.31924 1.23334
0.525633 -6.28282 1.35576
0.498824 -6.23905 1.46785
0.477111 -6.18765 1.56596
0.457183 -6.13927 1.65445
0.458357 -6.08043 1.71664
0.445068 -6.02811 1.75832
0.433086 -5.97115 1.78549
0.439897 -5.90575 1.80296
0.45482 -5.83549 1.80909
0.466944 -5.76454 1.79726
0.464755 -5.69518 1.77147
0.467589 -5.63009 1.74165
0.462771 -5.56548 1.71393
0.463902 -5.49124 1.68218
0.461501 -5.41955 1.64138
0.463708 -5.34825 1.59836
0.471954 -5.27693 1.55665
0.492459 -5.17019 1.49469
0.513101 -5.08915 1.44369
0.531344 -5.01465 1.39956
0.557656 -4.93895 1.35349
0.58836 -4.85661 1.30501
0.617897 -4.77449 1.27053
0.645119 -4.69398 1.24684
0.680947 -4.61491 1.21321
0.722525 -4.53613 1.17936
0.759306 -4.45983 1.15818
0.79776 -4.37905 1.13906
0.843325 -4.2988 1.10954
0.887279 -4.22051 1.088
0.927885 -4.13552 1.08252
0.973357 -4.04723 1.07066
1.01539 -3.96395 1.06206
1.04999 -3.87506 1.07978
1.08019 -3.78148 1.1095
1.1155 -3.68187 1.1338
1.13603 -3.58248 1.17704
1.1577 -3.48455 1.21818
1.18777 -3.37962 1.23145
1.21719 -3.27355 1.25175
1.24133 -3.16806 1.27906
1.27171 -3.06147 1.28781
1.29154 -2.95076 1.31997
1.30453 -2.84171 1.35378
1.32445 -2.73568 1.3684
1.33917 -2.62548 1.39799
1.35337 -2.52178 1.42135
1.36557 -2.41201 1.43493
1.3768 -2.3008 1.4539
1.39089 -2.19362 1.45929
1.41127 -2.0829 1.44592
1.42972 -1.97139 1.4435
1.45097 -1.86554 1.43467
1.47094 -1.75865 1.4215
1.4868 -1.65024 1.41664
1.50743 -1.54383 1.40078
1.53715 -1.44064 1.37141
1.56332 -1.33814 1.35588
1.59727 -1.23088 1.33308
1.62646 -1.13009 1.31181
1.64696 -1.0276 1.31285
1.67049 -0.916825 1.3079
1.70169 -0.814948 1.28985
1.72758 -0.715528 1.29141
1.75568 -0.608717 1.28042
1.78462 -0.508174 1.2656
1.80584 -0.402872 1.26949
1.83319 -0.299179 1.26208
1.87087 -0.196899 1.24413
1.89861 -0.0990528 1.2495
1.92831 -0.00404752 1.24935
1.95787 0.106188 1.24615
1.97899 0.209522 1.26748
2.00439 0.307916 1.27558
2.03609 0.4132 1.27368
2.05926 0.513594 1.29164
2.08512 0.614015 1.30235
2.11218 0.713793 1.30381
2.12786 0.815993 1.32685
2.14497 0.913822 1.33871
2.17239 1.02176 1.33472
2.1946 1.12356 1.34197
2.21735 1.22162 1.34598
2.24841 1.32577 1.3336
2.2724 1.42973 1.34114
2.29299 1.53268 1.34893
2.31795 1.63491 1.34259
2.33853 1.74093 1.34749
2.35964 1.83645 1.35345
2.38898 1.94148 1.34074
2.41189 2.04637 1.34496
2.43246 2.14588 1.34902
2.45982 2.25507 1.33849
2.47986 2.35793 1.34199
2.49708 2.45911 1.34879
2.52363 2.56193 1.33945
2.54512 2.67226 1.3482
2.56013 2.77447 1.36432
2.58254 2.87334 1.35964
2.59759 2.98153 1.37231
2.60652 3.08011 1.39131
2.62206 3.18485 1.39512
2.63559 3.28967 1.40893
2.64754 3.39072 1.42354
2.66537 3.49264 1.41915
2.68318 3.60923 1.41688
2.70117 3.71084 1.41538
2.72384 3.81583 1.40153
2.74207 3.92386 1.39907
2.75532 4.02501 1.40566
2.77435 4.12766 1.39653
2.78868 4.23533 1.39877
2.79774 4.33778 1.4104
2.81222 4.43696 1.40821
2.82823 4.54552 1.41017
2.85142 4.68688 1.41051
2.88433 4.78563 1.38207
2.91699 4.89261 1.36011
2.95021 4.98743 1.33586
2.99324 5.08506 1.29204
3.03556 5.18711 1.2626
3.08143 5.28165 1.22618
3.13474 5.37105 1.17116
3.18384 5.46128 1.13623
3.22861 5.55585 1.11335
3.27613 5.64607 1.08551
3.32027 5.74729 1.08288
3.35482 5.84447 1.09845
3.38634 5.93806 1.11055
3.41115 6.04005 1.14205
3.4215 6.14422 1.19353
3.43331 6.24641 1.2243
3.44554 6.34755 1.25961
3.45467 6.45173 1.30538
3.46899 6.54832 1.32911
3.48754 6.65037 1.34646
3.49886 6.75564 1.37763
3.52274 6.85553 1.395
3.54427 6.95988 1.41041
3.55817 7.06205 1.43723
3.56913 7.15995 1.45175
3.58111 7.26468 1.45654
3.58908 7.36543 1.46815
3.60189 7.47019 1.46963
3.6195 7.57152 1.45917
3.63699 7.67396 1.45304
3.65331 7.7725 1.44372
3.67822 7.87015 1.41837
3.69999 7.96908 1.39974
3.72256 8.06176 1.38207
3.75141 8.1497 1.34993
3.78456 8.24069 1.31413
3.81956 8.32555 1.28348
3.86389 8.40656 1.23628
3.90996 8.48753 1.18408
3.9475 8.56504 1.15446
3.97971 8.63895 1.14226
4.01224 8.71711 1.13377
4.03657 8.79333 1.14067
4.0512 8.8719 1.17593
4.04843 8.97035 1.25026
4.03124 9.04703 1.31349
4.01197 9.11564 1.38632
3.97738 9.18308 1.48184
3.9344 9.24231 1.58728
3.8828 9.28722 1.70459
3.82161 9.31991 1.83478
3.75038 9.33917 1.98296
3.67594 9.34466 2.14012
3.61036 9.33442 2.29192
3.54095 9.30933 2.47649
3.48216 9.27472 2.65492
3.43666 9.22512 2.82992
3.39662 9.17333 3.00614
3.36369 9.10996 -3.0863
3.34322 9.05574 -2.90522
3.3291 8.98867 -2.72074
3.31546 8.92331 -2.55679
3.31161 8.86192 -2.40058
3.31334 8.80365 -2.25876
3.3048 8.75092 -2.1368
3.2977 8.69419 -2.03193
3.28779 8.63532 -1.93154
3.27738 8.58058 -1.84403
3.25445 8.52422 -1.77178
3.23158 8.46599 -1.71257
3.20839 8.39693 -1.65725
3.19571 8.32752 -1.61263
3.19156 8.26314 -1.58098
3.18749 8.19606 -1.55447
3.19691 8.12423 -1.52213
3.20729 8.05632 -1.48767
3.22686 7.98315 -1.45516
3.23701 7.91809 -1.43399
3.25887 7.8554 -1.40803
3.28945 7.78383 -1.37499
3.3155 7.71268 -1.34695
3.33062 7.64338 -1.33977
3.34113 7.56768 -1.34279
3.34773 7.49339 -1.35145
3.34638 7.41381 -1.37342
3.33289 7.33215 -1.41896
3.31348 7.25203 -1.48144
3.28586 7.16869 -1.54441
3.2626 7.09284 -1.59453
3.23178 7.01046 -1.65674
3.19986 6.92359 -1.72176
3.16978 6.84731 -1.77193
3.14179 6.75989 -1.81713
3.11076 6.67741 -1.85024
3.08795 6.59239 -1.87111
3.05863 6.50729 -1.89154
3.02246 6.41743 -1.92102
2.98485 6.33946 -1.95005
2.94702 6.25806 -1.97259
2.90626 6.17006 -1.99081
2.87537 6.0852 -1.98996
2.84907 5.99641 -1.97524
2.81151 5.90365 -1.9719
2.7727 5.80926 -1.97098
2.74127 5.71849 -1.95391
2.70662 5.62911 -1.94957
2.66823 5.52528 -1.94613
2.63341 5.42634 -1.93124
2.59913 5.33215 -1.92775
2.5522 5.22275 -1.93323
2.51623 5.12418 -1.92995
2.47584 5.03514 -1.94026
2.42908 4.9271 -1.95052
2.39206 4.82411 -1.94552
2.35618 4.73066 -1.94919
2.31151 4.6154 -1.95128
2.28219 4.52024 -1.93633
2.24913 4.4252 -1.92986
2.21995 4.30843 -1.91134
2.20125 4.19591 -1.87741
2.18209 4.08852 -1.84929
2.16883 3.984 -1.81808
2.15851 3.87928 -1.78512
2.14733 3.76852 -1.74945
2.13393 3.65887 -1.71366
2.12516 3.5508 -1.68563
2.12371 3.44826 -1.65405
2.11671 3.33879 -1.64014
2.11235 3.22408 -1.62425
2.11433 3.11247 -1.59317
2.12382 3.00604 -1.56447
2.14429 2.89079 -1.51608
2.18283 2.79345 -1.44025
2.22376 2.69888 -1.37836
2.27494 2.60235 -1.30233
2.33219 2.5143 -1.22236
2.38507 2.42318 -1.16137
2.44569 2.33602 -1.09583
2.50462 2.25687 -1.03797
2.56398 2.18245 -0.979906
2.63271 2.10671 -0.919895
2.69866 2.04285 -0.866367
2.77944 1.99055 -0.781867
2.85803 1.95073 -0.695827
2.93496 1.92202 -0.613188
3.02159 1.89846 -0.519351
3.11342 1.88597 -0.41728
3.19679 1.87534 -0.334019
3.31011 1.86575 -0.241977
3.39305 1.84097 -0.205114
3.47998 1.80548 -0.190518
3.57188 1.76282 -0.187711
3.67258 1.70534 -0.218167
3.75428 1.64046 -0.269048
3.82298 1.57842 -0.323869
3.90804 1.50427 -0.400174
3.97923 1.42829 -0.475766
4.02895 1.3559 -0.548534
4.08868 1.27184 -0.621082
4.1422 1.20401 -0.661402
4.19579 1.14837 -0.680769
4.26482 1.09183 -0.692171
4.33064 1.04186 -0.681489
4.40001 1.01722 -0.639096
4.48019 0.989418 -0.576464
4.57466 0.986729 -0.52169
4.66972 1.00108 -0.462346
4.77686 1.01462 -0.394684
4.86236 1.01962 -0.344709
4.9487 1.0189 -0.298165
5.03685 1.01414 -0.263907
5.12489 1.00519 -0.24377
5.20857 0.987144 -0.231301
5.30368 0.971963 -0.21905
5.39677 0.949591 -0.222083
5.48638 0.924202 -0.229898
5.57662 0.889213 -0.233422
5.67023 0.849586 -0.246066
5.75438 0.814254 -0.270056
5.83467 0.777942 -0.286419
5.92404 0.733058 -0.305386
6.041 0.675953 -0.332455
6.11692 0.639137 -0.346495
6.20846 0.599651 -0.35899
6.30304 0.561921 -0.366876
6.39192 0.533322 -0.368054
6.4751 0.508597 -0.363518
6.56743 0.477923 -0.357886
6.65279 0.451147 -0.350993
6.737 0.427829 -0.336662
6.82423 0.406941 -0.317206
6.9114 0.389217 -0.289905
6.98262 0.374688 -0.267362
7.05944 0.356408 -0.249403
7.14729 0.333896 -0.24427
7.22143 0.309486 -0.256437
7.29292 0.280498 -0.274749
7.36615 0.254303 -0.290411
7.43708 0.222166 -0.308267
7.50748 0.189172 -0.326299
7.59812 0.149104 -0.344078
7.668 0.125138 -0.347518
7.73543 0.109092 -0.338885
7.80643 0.0999135 -0.318165
7.86922 0.0985388 -0.284201
7.92664 0.100397 -0.234824
7.98724 0.114682 -0.175419
8.04523 0.139461 -0.095443
8.09129 0.164793 -0.0134771
8.13084 0.203235 0.0838958
8.16614 0.246677 0.191083
8.18957 0.300602 0.313889
8.20649 0.347315 0.423185
8.21912 0.396421 0.54465
8.22525 0.446061 0.655073
8.22887 0.494731 0.770704
8.22749 0.542677 0.88697
8.22758 0.589434 0.993579
8.21961 0.632582 1.09396
8.21834 0.67617 1.1799
8.21758 0.716536 1.24741
8.22302 0.757025 1.29342
8.23714 0.796071 1.31527
8.25555 0.829127 1.31553
8.28028 0.863477 1.29636
8.30999 0.899955 1.26267
8.34068 0.932595 1.21863
8.37279 0.970269 1.16408
8.4115 1.0007 1.10232
8.45789 1.0305 1.0301
8.49933 1.04879 0.965915
8.54109 1.06831 0.898638
8.58277 1.08482 0.831664
8.62198 1.09635 0.764067
8.66561 1.10302 0.682702
8.7103 1.09761 0.590895
8.75429 1.08464 0.496065
8.79845 1.06716 0.40338
8.84398 1.05227 0.319831
8.88285 1.04209 0.249022
8.92116 1.02798 0.171659
8.95937 1.01152 0.101147
8.998 0.992678 0.0294415
9.0392 0.968003 -0.0427445
9.07957 0.941582 -0.108437
9.11911 0.917162 -0.165781
9.1594 0.889874 -0.221708
9.19813 0.8666 -0.266046
9.24332 0.844477 -0.305484
9.28385 0.823984 -0.335006
9.33955 0.799176 -0.360648
9.38631 0.782921 -0.369839
9.43072 0.770508 -0.368619
9.48205 0.758219 -0.356439
9.53145 0.74816 -0.343321
9.57725 0.739118 -0.331703
9.62936 0.725939 -0.32035
9.67392 0.71208 -0.307933
9.71805 0.6981 -0.295814
9.76286 0.685375 -0.283385
9.80645 0.672931 -0.27435
9.85018 0.660128 -0.269164
9.90336 0.642594 -0.266206
9.9599 0.625791 -0.265202
10.0113 0.606862 -0.269664
10.0625 0.586403 -0.281067
10.1091 0.562094 -0.299551
10.1645 0.531613 -0.324209
10.2218 0.501295 -0.34549
10.2799 0.473094 -0.362474
10.3461 0.442703 -0.37838
10.4136 0.410494 -0.394859
10.4751 0.375778 -0.411979
10.5393 0.33887 -0.429485
10.6081 0.301624 -0.449979
10.6826 0.261718 -0.468971
10.7584 0.227355 -0.476704
10.8296 0.196663 -0.47855
10.9085 0.163182 -0.478337
10.9931 0.133818 -0.462602
11.0749 0.113894 -0.430161
11.1599 0.0983046 -0.391861
11.2509 0.083259 -0.348733
11.3424 0.0728165 -0.29908
11.4656 0.0630987 -0.229866
11.5617 0.0661764 -0.167049
11.6588 0.0688248 -0.113018
11.747 0.0691272 -0.0648028
11.8387 0.0789846 -0.00440653
11.9446 0.0906563 0.0461009
12.0347 0.100444 0.0739071
12.1251 0.117258 0.116276
12.2247 0.132407 0.140836
12.3241 0.140581 0.138637
12.4224 0.145909 0.137881
12.5285 0.150219 0.139516
12.6274 0.147182 0.120861
12.7227 0.155153 0.118869
12.821 0.165919 0.124662
12.9535 0.170733 0.108878
13.0481 0.182493 0.109645
13.1403 0.19706 0.117107
13.2325 0.208427 0.105415
13.3278 0.22201 0.103578
13.4153 0.237275 0.113537
13.5067 0.247439 0.105141
13.5942 0.251882 0.0906849
13.6802 0.256066 0.0894175
13.7636 0.261813 0.0863951
13.8518 0.255325 0.0661899
13.9315 0.254214 0.054145
14.0124 0.256705 0.05228
14.0913 0.256607 0.041775
14.1717 0.252004 0.022106
14.2502 0.246205 0.0066368
14.3266 0.24074 -0.00247099
14.4126 0.227855 -0.0300118
14.4921 0.206615 -0.0705624
14.5712 0.182848 -0.10857
14.6504 0.155405 -0.140444
14.7407 0.115951 -0.191015
14.8179 0.0810944 -0.24151
14.8935 0.0440957 -0.288639
14.9809 0.0015358 -0.34038
15.0565 -0.0490978 -0.395327
15.1303 -0.0992763 -0.446259
15.2109 -0.152927 -0.500909
15.2958 -0.208362 -0.538384
15.378 -0.254158 -0.546388
15.4576 -0.303785 -0.552828
15.5503 -0.354427 -0.547648
15.6405 -0.391636 -0.517552
15.729 -0.427056 -0.492901
15.8306 -0.460164 -0.455405
15.9278 -0.481686 -0.40467
16.0197 -0.496644 -0.360398
16.1254 -0.506938 -0.314739
16.2285 -0.512294 -0.268318
16.3265 -0.522642 -0.221713
16.4245 -0.529726 -0.174919
16.5262 -0.532228 -0.137221
16.621 -0.541393 -0.10502
16.7201 -0.542265 -0.0599081
16.8185 -0.555202 -0.0345244
16.9477 -0.552472 -0.00389135
17.0457 -0.543061 0.0355598
17.1408 -0.537269 0.0527757
17.2392 -0.530181 0.07183
17.333 -0.511561 0.101014
17.4336 -0.501886 0.108829
17.5337 -0.496412 0.100975
17.6274 -0.487182 0.103808
17.7295 -0.487464 0.0809534
17.8314 -0.498207 0.0393267
17.9364 -0.508977 0.0067003
18.0376 -0.530368 -0.0428173
18.138 -0.567847 -0.111503
18.2425 -0.600723 -0.161516
18.34 -0.642271 -0.211888
18.4347 -0.685975 -0.257671
18.5325 -0.733679 -0.292251
18.6288 -0.784084 -0.322975
18.7259 -0.831881 -0.353014
18.8192 -0.876501 -0.380501
18.9171 -0.923541 -0.40661
19.013 -0.971717 -0.426152
19.1018 -1.02301 -0.456697
19.1985 -1.07946 -0.483435
19.2815 -1.12683 -0.496582
19.3673 -1.17912 -0.522329
19.4645 -1.23319 -0.532523
19.5599 -1.2716 -0.516795
19.6494 -1.31477 -0.51725
19.7432 -1.35102 -0.501204
19.8408 -1.38093 -0.471149
19.93 -1.4138 -0.449614
20.0268 -1.44179 -0.417632
20.1235 -1.46203 -0.372559
20.2082 -1.47328 -0.335754
20.2998 -1.49404 -0.297347
20.3987 -1.50369 -0.254869
20.4822 -1.51266 -0.214359
20.5696 -1.51964 -0.166942
20.6641 -1.52978 -0.126719
20.7497 -1.54034 -0.096642
20.8376 -1.54526 -0.0582234
20.93 -1.54656 -0.0260549
21.0203 -1.55447 -0.0105613
21.1018 -1.55771 0.00259047
21.1932 -1.56063 0.0279523
21.2844 -1.563 0.0378041
21.3652 -1.56241 0.0434897
21.4517 -1.55186 0.0656783
21.5411 -1.53751 0.0893354
21.6272 -1.52343 0.0988781
21.7087 -1.50426 0.119369
21.7956 -1.47548 0.156799
21.8788 -1.45042 0.18316
21.9874 -1.41901 0.205601
22.0723 -1.3883 0.240408
22.1566 -1.36428 0.258956
22.2403 -1.34585 0.260279
22.3267 -1.3259 0.264231
22.4122 -1.30695 0.266096
22.4994 -1.29719 0.245869
22.5914 -1.29441 0.213224
22.6811 -1.29828 0.178192
22.7687 -1.31391 0.123231
22.8599 -1.34748 0.0326404
22.9469 -1.39211 -0.0652027
23.0247 -1.44561 -0.167839
23.0988 -1.51665 -0.292258
23.155 -1.60002 -0.412766
23.2072 -1.68663 -0.542711
23.2461 -1.79071 -0.693641
23.2646 -1.89115 -0.838084
23.2668 -1.99454 -0.996271
23.2526 -2.10046 -1.16773
23.2156 -2.19675 -1.33806
23.1542 -2.28435 -1.52846
23.0746 -2.3615 -1.74
22.99 -2.41091 -1.93791
22.8997 -2.4468 -2.15249
22.8047 -2.46885 -2.35337
22.7171 -2.47108 -2.54515
22.6236 -2.45784 -2.73671
22.5436 -2.44306 -2.90971
22.4694 -2.42048 -3.0633
22.3908 -2.39492 3.07506
22.3131 -2.38401 2.96563
22.2456 -2.37755 2.88288
22.1646 -2.35226 2.80215
22.0881 -2.33096 2.74612
22.0109 -2.33265 2.7028
21.933 -2.32866 2.68775
21.8607 -2.30323 2.67729
21.7828 -2.28751 2.67988
21.7059 -2.28854 2.70718
21.6307 -2.2937 2.75438
21.5557 -2.30649 2.80077
21.4846 -2.31251 2.84193
21.4145 -2.31812 2.89116
21.3405 -2.33127 2.95478
21.2707 -2.33225 3.01
21.2084 -2.34167 3.05692
21.1343 -2.34582 3.10923
21.0626 -2.34068 -3.12274
20.9974 -2.33165 -3.0789
20.9275 -2.33654 -3.04564
20.8514 -2.33126 -3.02137
20.7758 -2.32482 -3.00798
20.7054 -2.31075 -3.00813
20.6265 -2.30811 -3.00734
20.5468 -2.30711 -3.00714
20.4702 -2.3051 -3.01624
20.3883 -2.29837 -3.02908
20.3164 -2.29872 -3.03912
20.233 -2.2959 -3.04965
20.1505 -2.29741 -3.06488
20.0656 -2.29394 -3.07935
19.9853 -2.29404 -3.08912
19.8943 -2.2957 -3.10045
19.8052 -2.29647 -3.11262
19.7174 -2.29103 -3.12767
19.6229 -2.2892 3.13419
19.5268 -2.27464 3.10546
19.4386 -2.25849 3.07355
19.3433 -2.24001 3.035
19.2419 -2.21943 2.997
19.1488 -2.19879 2.97293
19.0551 -2.17397 2.93938
18.9601 -2.14413 2.90412
18.8624 -2.11064 2.88261
18.7715 -2.07726 2.85325
18.6859 -2.03513 2.81818
18.5892 -1.99573 2.80404
18.5022 -1.9563 2.78219
18.4171 -1.90844 2.74467
18.3302 -1.86502 2.72706
18.2461 -1.82133 2.7135
18.1565 -1.77364 2.68825
18.0377 -1.72598 2.69374
17.9413 -1.70062 2.71896
17.8519 -1.67684 2.73474
17.7578 -1.66171 2.77472
17.6685 -1.65973 2.82538
17.5708 -1.65082 2.86329
17.476 -1.64515 2.91005
17.3878 -1.64864 2.9702
17.29 -1.64782 3.01885
17.1984 -1.64808 3.05856
17.1074 -1.65417 3.10843
17.0168 -1.66368 -3.12835
16.9244 -1.67931 -3.08314
16.8312 -1.69763 -3.0336
16.7477 -1.7199 -2.99244
16.6628 -1.74252 -2.94741
16.5719 -1.77061 -2.90702
16.4916 -1.7911 -2.8852
16.4025 -1.81448 -2.8615
16.3154 -1.8397 -2.84071
16.23 -1.85959 -2.84164
16.1454 -1.87307 -2.84983
16.0573 -1.89422 -2.84418
15.9685 -1.91382 -2.84704
15.8835 -1.92791 -2.86203
15.7934 -1.94845 -2.86055
15.7102 -1.96786 -2.85777
15.6159 -1.98475 -2.87251
15.5274 -1.99505 -2.89347
15.4365 -2.00731 -2.90872
15.3405 -2.006 -2.95016
15.248 -1.99644 -3.00303
15.1547 -1.99039 -3.04331
15.0613 -1.98197 -3.07683
14.9643 -1.9764 -3.10265
14.877 -1.97296 -3.1173
14.7846 -1.96879 -3.13296
14.6856 -1.96386 3.13596
14.6017 -1.95757 3.12443
14.5154 -1.95268 3.11231
14.424 -1.95017 3.10757
14.3387 -1.95266 3.11213
14.2514 -1.95306 3.11882
14.1676 -1.96095 3.12663
14.0798 -1.9715 3.13859
13.9948 -1.97244 -3.13834
13.9134 -1.96692 -3.13696
13.8236 -1.96183 -3.13665
13.7379 -1.95475 -3.13581
13.6528 -1.95058 -3.13958
13.5755 -1.93771 3.13167
13.4927 -1.92622 3.11449
13.409 -1.90841 3.0917
13.3269 -1.88771 3.05865
13.2417 -1.86072 3.01392
13.1586 -1.83264 2.97488
13.0792 -1.80823 2.95033
12.9988 -1.78 2.91832
12.9132 -1.75353 2.88568
12.8302 -1.73341 2.86771
12.7457 -1.70804 2.85071
12.6643 -1.67306 2.81634
12.5871 -1.63896 2.79056
12.506 -1.60999 2.77974
12.4227 -1.57276 2.75762
12.3411 -1.53148 2.72406
12.2642 -1.48936 2.70474
12.1827 -1.44582 2.69131
12.1029 -1.39263 2.66507
11.9986 -1.32941 2.63965
11.9177 -1.2832 2.6352
11.8375 -1.231 2.61047
11.7636 -1.17947 2.58841
11.6862 -1.12821 2.57704
11.6077 -1.07626 2.56358
11.5339 -1.02486 2.54567
11.4571 -0.972697 2.5413
11.376 -0.922952 2.53673
11.2995 -0.874278 2.52931
11.2236 -0.828059 2.52774
11.1407 -0.783839 2.54002
11.0557 -0.743289 2.55853
10.9761 -0.713114 2.58536
10.8949 -0.692196 2.62996
10.8113 -0.673573 2.67964
10.7257 -0.654386 2.71927
10.6463 -0.636059 2.7525
10.562 -0.620314 2.79899
10.4755 -0.599482 2.8327
10.3961 -0.57684 2.85045
10.3127 -0.558608 2.87396
10.2261 -0.539218 2.9051
10.1464 -0.515545 2.91571
10.0666 -0.487324 2.91159
9.96088 -0.451076 2.90178
9.88484 -0.415762 2.88329
9.81385 -0.376592 2.84341
9.73876 -0.335501 2.80572
9.66815 -0.297592 2.78044
9.59592 -0.257511 2.75294
9.52376 -0.212694 2.71697
9.45496 -0.171027 2.6836
9.38625 -0.127825 2.65674
9.31725 -0.074705 2.62017
9.25749 -0.022742 2.57771
9.19999 0.0262241 2.5396
9.14151 0.0776054 2.50745
9.08655 0.129577 2.4733
9.03489 0.182882 2.43638
8.98438 0.241039 2.39856
8.94292 0.298164 2.35908
8.90412 0.362095 2.30622
8.87129 0.430687 2.24615
8.84852 0.497869 2.18263
8.83408 0.571491 2.10617
8.82672 0.648403 2.01546
8.8257 0.7227 1.92472
8.83672 0.821544 1.8015
8.85371 0.893779 1.70701
8.88046 0.96333 1.60184
8.91601 1.02319 1.50301
8.96097 1.07851 1.39882
9.01259 1.13214 1.28181
9.07049 1.17561 1.15892
9.12427 1.21295 1.0496
9.18093 1.24426 0.942772
9.2388 1.2773 0.844754
9.30607 1.3038 0.751427
9.35574 1.33209 0.694973
9.4035 1.37849 0.656069
9.44266 1.42813 0.638938
9.47866 1.4785 0.633532
9.50752 1.54628 0.655118
9.52693 1.61336 0.702592
9.53963 1.67971 0.763205
9.5544 1.74362 0.825305
9.56762 1.81054 0.89034
9.57454 1.87845 0.960097
9.5869 1.94746 1.034
9.59496 2.015 1.10113
9.59812 2.08232 1.17057
9.5998 2.17924 1.26683
9.60117 2.25223 1.33318
9.60126 2.32009 1.39344
9.59955 2.3866 1.45781
9.59045 2.45683 1.52711
9.58095 2.52275 1.58563
9.57125 2.59351 1.63364
9.56168 2.66569 1.67666
9.54842 2.73401 1.71515
9.53661 2.80328 1.74731
9.52511 2.87532 1.76959
9.51263 2.95296 1.78546
9.50492 3.02981 1.79175
9.49966 3.11002 1.78782
9.49302 3.18926 1.7793
9.48418 3.2668 1.77064
9.47555 3.35358 1.76018
9.46511 3.43883 1.7487
9.4507 3.51954 1.73857
9.44275 3.60542 1.72816
9.43438 3.69621 1.71622
9.42289 3.78159 1.70633
9.41344 3.86589 1.69698
9.4024 3.954 1.69027
9.38908 4.04311 1.68614
9.37917 4.13072 1.68192
9.37402 4.22242 1.6731
9.37227 4.3175 1.66045
9.36906 4.42145 1.64698
9.36947 4.50198 1.63004
9.37407 4.59854 1.60362
9.38129 4.70346 1.58115
9.38962 4.79793 1.55928
9.40658 4.89909 1.52113
9.42139 5.00305 1.49309
9.43334 5.09873 1.47637
9.44819 5.19792 1.44954
9.45785 5.30971 1.43929
9.46414 5.41332 1.44065
9.48257 5.51522 1.42208
9.50079 5.61976 1.40447
9.51204 5.71652 1.40451
9.53234 5.81171 1.38625
9.55622 5.91793 1.36824
9.57223 6.02065 1.37348
9.59292 6.12206 1.36542
9.61452 6.22677 1.35567
9.62554 6.33103 1.37454
9.63788 6.43354 1.38978
9.64883 6.5374 1.4037
9.64999 6.64416 1.43833
9.65298 6.74939 1.46057
9.66753 6.84856 1.45702
9.68145 6.98493 1.46146
9.70611 7.08233 1.44079
9.74193 7.18587 1.40096
9.78306 7.28554 1.36721
9.84094 7.38006 1.30464
9.9119 7.46643 1.22265
9.98194 7.54221 1.14474
10.065 7.61638 1.04719
10.1587 7.67843 0.933919
10.2554 7.71993 0.811951
10.3684 7.74452 0.664345
10.4783 7.75113 0.522452
10.5896 7.73651 0.360251
10.6964 7.70682 0.188851
10.7878 7.65732 0.0190746
10.8734 7.58487 -0.1783
10.936 7.50354 -0.356932
10.9816 7.41363 -0.547923
11.0144 7.31439 -0.741901
11.0251 7.21188 -0.920667
11.025 7.11214 -1.10795
10.994 6.99367 -1.3327
10.9743 6.91931 -1.48263
10.9393 6.84119 -1.63873
10.9154 6.77457 -1.75757
10.8858 6.7134 -1.85967
10.8522 6.64188 -1.95073
10.8225 6.57531 -2.01941
10.8037 6.51007 -2.06525
10.7816 6.44139 -2.0996
10.756 6.36818 -2.12949
10.7303 6.30647 -2.14401
10.7095 6.23879 -2.14369
10.6885 6.16814 -2.13284
10.6668 6.10912 -2.12154
10.6437 6.04519 -2.10448
10.6256 5.98121 -2.07359
10.6179 5.91769 -2.02289
10.6106 5.85623 -1.95781
10.6065 5.79717 -1.89398
10.5993 5.73571 -1.82696
10.6048 5.6743 -1.75884
10.6133 5.60941 -1.69021
10.6162 5.54863 -1.6299
10.6276 5.486 -1.56796
10.6368 5.42222 -1.50754
10.6496 5.3611 -1.45169
10.662 5.30163 -1.40948
10.6794 5.24263 -1.3679
10.6998 5.18409 -1.3239
10.7259 5.12951 -1.28159
10.7482 5.06958 -1.24757
10.7704 5.01232 -1.22742
10.7876 4.95138 -1.21413
10.8058 4.88411 -1.20799
10.8195 4.82397 -1.21074
10.8263 4.76154 -1.22969
10.8266 4.69438 -1.26285
10.8255 4.62327 -1.30264
10.8216 4.55546 -1.34283
10.8156 4.48895 -1.38105
10.8081 4.41661 -1.42076
10.8005 4.3395 -1.46384
10.7953 4.26225 -1.49878
10.7935 4.18296 -1.52232
10.7879 4.10651 -1.54901
10.7748 4.02869 -1.58504
10.7616 3.9511 -1.62052
10.7476 3.87478 -1.64647
10.7343 3.79197 -1.67286
10.7175 3.71194 -1.70102
10.6953 3.63485 -1.72418
10.6784 3.55437 -1.73654
10.6614 3.46994 -1.74581
10.6461 3.39076 -1.75123
10.6344 3.3099 -1.74688
10.6275 3.23018 -1.73136
10.6281 3.15205 -1.70976
10.6257 3.06432 -1.6857
10.625 2.98513 -1.6601
10.6288 2.90876 -1.62664
10.629 2.82493 -1.59646
10.6304 2.74449 -1.57663
10.6323 2.66634 -1.55592
10.6432 2.5856 -1.52322
10.6541 2.50426 -1.49559
10.6635 2.42883 -1.47855
10.6739 2.35018 -1.46142
10.6894 2.27077 -1.43392
10.7036 2.19533 -1.41363
10.7145 2.1166 -1.40813
10.7236 2.03943 -1.40242
10.7371 1.96391 -1.39075
10.7484 1.88847 -1.38519
10.7536 1.80882 -1.39432
10.7582 1.72754 -1.40545
10.7633 1.65144 -1.41006
10.7682 1.57592 -1.41584
10.7687 1.49498 -1.43315
10.7653 1.41628 -1.45344
10.7661 1.34273 -1.46319
10.7681 1.26392 -1.47306
10.7649 1.18625 -1.49203
10.7592 1.11221 -1.51446
10.7545 1.03581 -1.5283
10.7537 0.960983 -1.53703
10.7471 0.883345 -1.55357
10.7381 0.805968 -1.57424
10.7273 0.714169 -1.59178
10.7253 0.64289 -1.59112
10.7218 0.566462 -1.59068
10.7201 0.49357 -1.59574
10.7227 0.428424 -1.59602
10.7268 0.366759 -1.58293
10.7287 0.300583 -1.56815
10.7311 0.230066 -1.55274
10.7351 0.160228 -1.53618
10.7464 0.0996153 -1.51055
10.7674 0.0439995 -1.47337
10.796 -0.0268234 -1.42615
10.8256 -0.0913506 -1.38212
10.8856 -0.180329 -1.2918
10.947 -0.227662 -1.20445
11.0033 -0.262849 -1.11732
11.0676 -0.293513 -1.02078
11.1429 -0.316614 -0.908762
11.2191 -0.324932 -0.789886
11.2922 -0.318662 -0.671079
11.3614 -0.306713 -0.54924
11.4357 -0.281102 -0.415133
11.4982 -0.247402 -0.287874
11.5525 -0.208854 -0.168925
11.6101 -0.165148 -0.0371899
11.6569 -0.120368 0.0762054
11.6959 -0.0818392 0.175159
11.7405 -0.0453139 0.268943
11.7824 0.000859435 0.368502
11.8251 0.0267105 0.456823
11.8737 0.0520027 0.544463
11.926 0.0618081 0.618516
11.957 0.0984414 0.689232
11.992 0.137873 0.755527
12.0294 0.193736 0.825781
12.0553 0.23125 0.867444
12.074 0.272082 0.90712
12.0903 0.313866 0.947215
12.1124 0.338141 0.964745
12.1217 0.328999 0.964759
12.126 0.300543 0.9754
12.149 0.282412 0.961725
12.1366 0.280671 0.92674
12.1557 0.257464 0.883286
12.1684 0.230383 0.832446
12.1753 0.200893 0.773796
12.1848 0.167605 0.704805
12.1941 0.132466 0.628181
12.1918 0.102293 0.547731
12.1933 0.0777123 0.473413
12.1896 0.054754 0.404715
12.1929 0.0376021 0.343603
12.1942 0.0276645 0.305316
12.1915 0.024616 0.28404
12.2041 0.0307025 0.272184
12.2062 0.0345597 0.265334
12.2276 0.0397734 0.25142
12.2453 0.0335847 0.223235
12.2663 0.0250482 0.188303
12.2864 0.0132907 0.148381
12.3141 -0.00176925 0.108615
12.3411 -0.0150047 0.0731342
12.3731 -0.0265673 0.044957
12.4037 -0.0289331 0.0254914
12.4381 -0.0272114 0.0136413
12.474 -0.0248113 0.0042289
12.515 -0.0243485 -0.0036144
12.5558 -0.0243856 -0.00983599
12.6002 -0.0265919 -0.0166921
12.6479 -0.0312233 -0.0278715
12.6912 -0.036538 -0.038865
12.7393 -0.0426311 -0.0481026
12.7886 -0.0477914 -0.0525613
12.8395 -0.0489628 -0.0494888
12.8914 -0.0486286 -0.043136
12.9452 -0.0509976 -0.0410787
13.0025 -0.0546035 -0.0457952
13.058 -0.0639785 -0.0513246
13.1156 -0.0702795 -0.05573
13.1771 -0.0817046 -0.0561841
13.2369 -0.0885886 -0.0638212
13.3016 -0.105107 -0.0825003
13.3641 -0.122258 -0.106516
13.4263 -0.138059 -0.12664
13.491 -0.149806 -0.137061
13.5558 -0.161572 -0.144212
13.6217 -0.17422 -0.152015
13.6878 -0.184233 -0.156692
13.7526 -0.191747 -0.154367
13.8145 -0.202139 -0.150329
13.8877 -0.211927 -0.150649
13.9578 -0.22668 -0.160165
14.0194 -0.237228 -0.166693
14.0895 -0.249851 -0.165827
14.1682 -0.263302 -0.168697
14.2432 -0.280923 -0.17926
14.3193 -0.302596 -0.192747
14.3979 -0.321611 -0.197576
14.4736 -0.344571 -0.206592
14.5544 -0.369923 -0.223661
14.633 -0.395242 -0.235498
14.7183 -0.421047 -0.23773
14.8025 -0.444282 -0.241101
14.8839 -0.467328 -0.247319
14.9703 -0.484329 -0.244643
15.0586 -0.502783 -0.241331
15.1504 -0.528587 -0.244759
15.2339 -0.550571 -0.247069
15.323 -0.572469 -0.241522
15.4119 -0.597032 -0.243264
15.5111 -0.6258 -0.244785
15.5962 -0.648525 -0.237799
15.696 -0.6742 -0.235771
15.8254 -0.712329 -0.241975
15.9133 -0.732995 -0.236722
16.0095 -0.763284 -0.237067
16.1029 -0.787006 -0.245242
16.2047 -0.80957 -0.245762
16.2999 -0.838652 -0.255354
16.3922 -0.87773 -0.273858
16.4871 -0.914097 -0.285933
16.5835 -0.950112 -0.301395
16.684 -0.988947 -0.316964
16.7731 -1.02354 -0.325764
16.871 -1.06052 -0.332735
16.968 -1.09433 -0.337617
17.062 -1.12594 -0.337163
17.1616 -1.16013 -0.33577
17.2596 -1.19309 -0.334432
17.3562 -1.22546 -0.330142
17.4545 -1.25797 -0.327546
17.554 -1.29168 -0.327679
17.6423 -1.31931 -0.324473
17.7471 -1.35078 -0.318268
17.8412 -1.37696 -0.312223
17.937 -1.40207 -0.300907
18.0327 -1.42687 -0.288565
18.1336 -1.45462 -0.279776
18.2222 -1.47481 -0.266548
18.3277 -1.49956 -0.251211
18.421 -1.52443 -0.242845
18.5109 -1.54863 -0.227442
18.6084 -1.57193 -0.209753
18.7119 -1.59788 -0.204565
18.7965 -1.6176 -0.191946
18.8923 -1.63322 -0.170887
18.9919 -1.64955 -0.159434
19.0834 -1.65987 -0.147315
19.1775 -1.66546 -0.115315
19.2769 -1.67886 -0.103315
19.3726 -1.69047 -0.097144
19.4588 -1.69528 -0.0778809
19.5558 -1.70762 -0.0701253
19.6579 -1.72424 -0.0746931
19.7405 -1.73531 -0.0639633
19.8423 -1.74789 -0.0590157
19.9396 -1.76572 -0.0700332
20.0261 -1.77303 -0.0671624
20.1233 -1.77758 -0.0580252
20.2263 -1.79111 -0.0679913
20.3215 -1.7989 -0.066181
20.4179 -1.80123 -0.0533785
20.548 -1.81583 -0.0627821
20.6397 -1.82446 -0.0622842
20.7346 -1.82696 -0.0573142
20.8303 -1.83772 -0.0696125
20.9306 -1.84563 -0.0710995
21.0216 -1.84769 -0.0599374
21.1163 -1.85921 -0.0648447
21.2159 -1.87025 -0.0685375
21.3089 -1.87069 -0.0514001
21.4023 -1.876 -0.0468532
21.5066 -1.88313 -0.0444995
21.5968 -1.88214 -0.0221586
21.6919 -1.88299 -0.00966875
21.7887 -1.88709 -0.0091728
21.8804 -1.88241 0.0100775
21.9686 -1.87224 0.0295657
22.0632 -1.86482 0.0409686
22.149 -1.84887 0.073522
22.2315 -1.81925 0.130632
22.3108 -1.7855 0.18679
22.3837 -1.74025 0.262166
22.4492 -1.67483 0.364806
22.4963 -1.60763 0.459298
22.5384 -1.52631 0.573362
22.575 -1.44771 0.681449
22.603 -1.37327 0.780714
22.6256 -1.29146 0.886802
22.641 -1.187 1.01969
22.6524 -1.11682 1.10347
22.6625 -1.0472 1.18222
22.666 -0.9714 1.26654
22.6744 -0.908872 1.3399
22.6616 -0.841828 1.42556
22.6427 -0.777474 1.51357
22.621 -0.718331 1.59897
22.6116 -0.659839 1.66439
22.5952 -0.598359 1.71006
22.5826 -0.530231 1.74292
22.5742 -0.48264 1.76153
22.552 -0.497393 1.86075
22.5356 -0.471746 1.95654
22.5173 -0.452736 2.01868
22.5122 -0.433709 2.06494
22.4989 -0.403701 2.0825
22.4972 -0.383827 2.08302
22.4999 -0.389203 2.08112
22.5153 -0.391452 2.07664
22.5237 -0.386751 2.07391
22.5312 -0.374931 2.07403
22.5176 -0.477854 2.07037
22.5209 -0.48135 2.07018
22.5321 -0.491599 2.06427
22.542 -0.496801 2.04485
22.5758 -0.507212 2.00437
22.5657 -0.498749 1.9428
22.6069 -0.506101 1.86895
22.6369 -0.506845 1.79139
22.6596 -0.506709 1.72421
22.6791 -0.503559 1.6688
22.6897 -0.496752 1.63191
22.6937 -0.494855 1.61064
22.6897 -0.483384 1.59352
22.6919 -0.47184 1.57686
22.6936 -0.460857 1.55819
22.703 -0.441644 1.52349
22.7146 -0.42731 1.49166
22.7328 -0.409923 1.45545
22.752 -0.388887 1.41646
22.7679 -0.369105 1.38408
22.7792 -0.346464 1.35306
22.7959 -0.31849 1.32453
22.8107 -0.294865 1.30082
22.825 -0.271322 1.28447
22.8385 -0.24068 1.27377
22.8486 -0.204478 1.26218
22.8612 -0.174353 1.25643
22.8776 -0.137231 1.24625
22.8905 -0.0950618 1.23553
22.9057 -0.0563291 1.23246
22.917 -0.0156487 1.23162
22.9324 0.0375563 1.23759
22.9371 0.0792633 1.25008
22.9448 0.126803 1.26895
22.9554 0.178179 1.28482
22.9641 0.225036 1.30146
22.9773 0.275324 1.31399
22.9877 0.327273 1.32701
22.9967 0.379708 1.34311
23.0052 0.435085 1.36086
23.0122 0.490281 1.37884
23.021 0.544293 1.39034
23.0318 0.601015 1.39724
23.0421 0.658992 1.40341
23.0503 0.717666 1.4153
23.0566 0.777501 1.4266
23.0651 0.832195 1.43011
23.0752 0.888402 1.42608
23.0829 0.947581 1.42234
23.0888 1.01935 1.42633
23.0966 1.08993 1.4338
23.1043 1.14663 1.42813
23.1185 1.21011 1.41373
23.1349 1.26422 1.39882
23.1542 1.32197 1.38431
23.1735 1.38148 1.36948
23.1972 1.44403 1.34812
23.2223 1.50621 1.31811
23.2511 1.57197 1.28931
23.2858 1.6515 1.26
23.3142 1.71589 1.23776
23.3436 1.78378 1.21434
23.3692 1.84465 1.19382
23.3975 1.91222 1.18224
23.4225 1.98122 1.17709
23.4466 2.04635 1.17522
23.4657 2.11739 1.17833
23.478 2.1855 1.19085
23.4914 2.2629 1.21473
23.5004 2.33169 1.24049
23.5089 2.40068 1.26504
23.518 2.47075 1.28864
23.5249 2.54221 1.31846
23.535 2.61535 1.34642
23.5472 2.69033 1.36561
23.559 2.75581 1.37801
23.5631 2.82342 1.40151
23.5659 2.89271 1.43113
23.5677 2.96363 1.45563
23.5683 3.03017 1.47648
23.5632 3.0992 1.50451
23.5529 3.16254 1.54125
23.5419 3.22577 1.57792
23.5295 3.29172 1.60495
23.5209 3.36029 1.62624
23.5081 3.42858 1.65144
23.4959 3.48988 1.67937
23.4843 3.55561 1.70494
23.472 3.62411 1.72613
23.455 3.69205 1.75195
23.4251 3.76045 1.78463
23.395 3.82613 1.8205
23.3652 3.88688 1.85732
23.3302 3.95294 1.89655
23.2905 4.01992 1.93563
23.2527 4.08396 1.96629
23.2092 4.14877 2.00611
23.1645 4.21135 2.05119
23.1157 4.26902 2.09131
23.048 4.34969 2.13707
22.9917 4.40337 2.18838
22.9271 4.45255 2.2491
22.8669 4.50001 2.2987
22.799 4.54349 2.35833
22.7235 4.57735 2.43082
22.6514 4.60194 2.49948
22.5747 4.62979 2.56071
22.4905 4.65646 2.62533
22.4158 4.68693 2.67789
22.344 4.71753 2.72342
22.2641 4.74235 2.77623
22.1845 4.76623 2.81912
22.109 4.78805 2.85317
22.0351 4.80512 2.88706
21.9577 4.81288 2.93002
21.8786 4.82503 2.95481
21.8005 4.83264 2.9716
21.7212 4.838 2.99673
21.6437 4.84094 3.02338
21.5705 4.84815 3.03107
21.4942 4.85719 3.02936
21.4136 4.86301 3.0374
21.3384 4.86724 3.04998
21.2644 4.8756 3.05141
21.1867 4.88819 3.05092
21.1085 4.8937 3.06123
21.0304 4.89891 3.07346
20.9526 4.90871 3.07179
20.8701 4.91868 3.0672
20.7877 4.92324 3.07093
20.7106 4.93097 3.07469
20.6286 4.93899 3.06425
20.5417 4.95061 3.0604
20.4567 4.95589 3.0652
20.3696 4.96283 3.06284
20.2821 4.97793 3.04172
20.1898 4.98891 3.03314
20.1026 5.00181 3.02619
20.0157 5.02283 2.99997
19.918 5.04348 2.98109
19.8263 5.0585 2.97832
19.7339 5.08277 2.95946
19.641 5.10836 2.93609
19.5445 5.13158 2.93479
19.4501 5.15472 2.9241
19.3558 5.18359 2.90584
19.2564 5.20454 2.91086
19.1672 5.22623 2.90739
19.0714 5.25523 2.88872
18.9704 5.27853 2.88869
18.8816 5.30056 2.8883
18.7867 5.33314 2.86949
18.6867 5.36671 2.86365
18.5938 5.39294 2.86364
18.4956 5.43188 2.84142
18.4064 5.46498 2.83481
18.31 5.49586 2.83865
18.217 5.53078 2.82974
18.1213 5.55776 2.84346
18.0147 5.57622 2.87345
17.9174 5.59885 2.88543
17.82 5.61905 2.90399
17.7162 5.63828 2.92865
17.6185 5.667 2.92393
17.5202 5.69511 2.92967
17.4098 5.72066 2.93991
17.3101 5.75572 2.92558
17.2136 5.77976 2.93052
17.1108 5.80279 2.94192
17.0071 5.83148 2.93231
16.907 5.84798 2.94845
16.804 5.86242 2.95952
16.7041 5.88512 2.95222
16.6062 5.9028 2.96234
16.5128 5.92102 2.97297
16.4129 5.94431 2.96428
16.3167 5.95814 2.97489
16.2208 5.97 2.98907
16.123 5.98958 2.98421
16.0238 6.0056 2.98773
15.9304 6.01289 3.00568
15.8319 6.03089 3.00065
15.7314 6.04442 3.00681
15.6344 6.05308 3.02735
15.5371 6.06597 3.0259
15.44 6.08332 3.01952
15.3145 6.09516 3.03336
15.1863 6.11872 3.01478
15.0857 6.12429 3.03011
14.9847 6.1288 3.04278
14.8967 6.13825 3.03951
14.8014 6.14351 3.05267
14.7026 6.14919 3.06796
14.6083 6.15846 3.06533
14.513 6.16582 3.06986
14.4214 6.16959 3.08159
14.3292 6.18374 3.06808
14.2322 6.20081 3.05167
14.1026 6.21977 3.04799
14.0079 6.24599 3.02902
13.9144 6.26272 3.01509
13.8169 6.27315 3.02279
13.7181 6.29013 3.00985
13.624 6.30813 2.99869
13.5312 6.31397 3.0107
13.4327 6.3253 3.01191
13.3401 6.33924 3.00483
13.2433 6.34418 3.01952
13.1112 6.36021 3.02305
13.0119 6.36968 3.02573
12.9119 6.36221 3.06608
12.8185 6.3547 3.09731
12.7256 6.3414 3.13003
12.6303 6.32288 -3.1071
12.5371 6.30747 -3.07474
12.4382 6.29587 -3.05523
12.345 6.27856 -3.03049
12.2556 6.26342 -3.01282
12.162 6.24865 -2.99948
12.0663 6.22751 -2.97428
11.9787 6.20243 -2.94205
11.891 6.1702 -2.90303
11.8056 6.13025 -2.85867
11.7292 6.09196 -2.81803
11.6561 6.04784 -2.77051
11.5791 5.9972 -2.71805
11.5016 5.94767 -2.68005
11.4306 5.89776 -2.64051
11.3646 5.8438 -2.58813
11.2963 5.7898 -2.54293
11.2341 5.73058 -2.50238
11.1791 5.66361 -2.44333
11.1312 5.59135 -2.37915
11.084 5.5243 -2.32936
11.0395 5.45394 -2.28019
10.9963 5.3753 -2.22691
10.9498 5.3026 -2.18188
10.909 5.22947 -2.14438
10.8681 5.15096 -2.10823
10.8305 5.0763 -2.0789
10.7973 5.00434 -2.04702
10.7676 4.92229 -2.00426
10.7388 4.84121 -1.9697
10.7129 4.76451 -1.94042
10.6922 4.68137 -1.89808
10.6804 4.59442 -1.85425
10.6584 4.50807 -1.82404
10.6357 4.42548 -1.80144
10.6163 4.33689 -1.76653
10.6016 4.25258 -1.74415
10.58 4.1587 -1.73358
10.5626 4.06568 -1.71719
10.55 3.97921 -1.69862
10.528 3.88021 -1.69875
10.508 3.78579 -1.70162
10.4967 3.69076 -1.69099
10.4829 3.5976 -1.6893
10.4671 3.50547 -1.69128
10.4596 3.40377 -1.67784
10.4535 3.3216 -1.668
10.4359 3.20316 -1.67076
10.4262 3.10791 -1.66286
10.4211 3.02685 -1.65407
10.4071 2.91013 -1.65556
10.3954 2.82402 -1.6489
10.3929 2.73728 -1.63809
10.3886 2.66491 -1.63377
10.3801 2.58571 -1.6353
10.3721 2.50338 -1.63291
10.3677 2.43792 -1.62662
10.3618 2.36677 -1.6225
10.356 2.29599 -1.62305
10.347 2.22748 -1.62702
10.3324 2.15536 -1.64097
10.3106 2.08922 -1.66298
10.2844 2.02222 -1.69556
10.2544 1.95164 -1.73748
10.2266 1.88414 -1.77699
10.1972 1.81866 -1.80924
10.1652 1.7467 -1.84365
10.1302 1.67877 -1.88741
10.0895 1.6086 -1.92602
10.0588 1.54278 -1.94659
10.0234 1.47805 -1.97225
9.98394 1.41444 -2.00339
9.9419 1.35189 -2.03441
9.9039 1.2914 -2.05068
9.86326 1.23023 -2.06679
9.82215 1.16972 -2.08403
9.78499 1.11656 -2.09997
9.75055 1.06389 -2.1086
9.71628 1.00814 -2.11179
9.68112 0.953778 -2.11473
9.64688 0.905309 -2.12096
9.6109 0.852747 -2.12757
9.5789 0.803355 -2.12957
9.53906 0.740256 -2.12447
9.50729 0.684388 -2.1137
9.4822 0.634575 -2.10036
9.4608 0.589918 -2.08891
9.43553 0.545632 -2.0922
9.41089 0.499755 -2.09142
9.3879 0.451562 -2.08947
9.36045 0.407555 -2.08042
9.34321 0.359869 -2.06894
9.32629 0.314007 -2.05336
9.31009 0.265024 -2.03998
9.28258 0.219772 -2.03671
9.25451 0.172334 -2.03231
9.24338 0.129127 -2.01034
9.22778 0.0857632 -2.00286
9.20096 0.04131 -2.00836
9.16996 0.00440288 -2.02903
9.1161 -0.0410366 -2.08211
9.0648 -0.0648272 -2.1474
9.00772 -0.0797861 -2.22833
8.94925 -0.0868101 -2.31407
8.89357 -0.0988617 -2.39656
8.84494 -0.107752 -2.46743
8.78637 -0.118162 -2.54408
8.73427 -0.123209 -2.61647
8.68526 -0.12623 -2.6864
8.64226 -0.135226 -2.72975
8.60909 -0.154227 -2.72903
8.58948 -0.188199 -2.67103
8.57683 -0.233625 -2.57197
8.57272 -0.285225 -2.45918
8.57717 -0.337774 -2.36133
8.57951 -0.39469 -2.27437
8.58547 -0.446542 -2.21678
8.58645 -0.497765 -2.16066
8.59088 -0.549577 -2.10009
8.58628 -0.596939 -2.0464
8.57352 -0.645637 -2.00348
8.55308 -0.687735 -1.98277
8.52739 -0.731406 -1.97666
8.50319 -0.77426 -1.9803
8.4647 -0.807222 -1.99459
8.42408 -0.831088 -2.01501
8.39768 -0.856 -2.03919
8.37012 -0.883234 -2.06709
8.34053 -0.906196 -2.09846
8.31841 -0.923273 -2.12563
8.29735 -0.93179 -2.1455
8.28527 -0.939619 -2.16218
8.27321 -0.938275 -2.17519
8.26632 -0.937463 -2.17874
8.26321 -0.925689 -2.17597
8.25951 -0.914382 -2.17527
8.26149 -0.907658 -2.18139
8.24592 -0.906528 -2.20517
8.2201 -0.901566 -2.25234
8.19382 -0.892899 -2.31822
8.16473 -0.871012 -2.40303
8.12885 -0.852028 -2.49481
8.09276 -0.84029 -2.58196
8.04993 -0.831286 -2.66078
8.00678 -0.822213 -2.73922
7.9711 -0.808792 -2.81817
7.92546 -0.793583 -2.90902
7.87981 -0.764556 -2.98995
7.82735 -0.761818 -3.05777
7.77732 -0.759646 -3.10814
7.72871 -0.746465 3.1247
7.67172 -0.726958 3.06368
7.61324 -0.698754 2.9995
7.5495 -0.671504 2.94022
7.49257 -0.649429 2.90423
7.43116 -0.64506 2.89856
7.36063 -0.642782 2.90616
7.28946 -0.639866 2.90316
7.2256 -0.622975 2.88396
7.16626 -0.588921 2.84322
7.0984 -0.550896 2.81149
7.03633 -0.510732 2.77572
6.97359 -0.466296 2.73486
6.91139 -0.420788 2.69679
6.84933 -0.378908 2.66747
6.78484 -0.336334 2.63249
6.71152 -0.294647 2.61815
6.64499 -0.268651 2.63589
6.57819 -0.258381 2.67829
6.49372 -0.252081 2.746
6.40992 -0.257146 2.81149
6.3357 -0.256348 2.85907
6.25405 -0.255903 2.90684
6.1434 -0.255989 2.97139
6.05921 -0.246787 2.98719
5.97412 -0.238003 2.99211
5.88499 -0.223374 2.99367
5.79815 -0.190274 2.97146
5.71053 -0.144747 2.93658
5.62594 -0.112285 2.92309
5.5415 -0.0884521 2.92972
5.46028 -0.070527 2.92879
5.37672 -0.0565529 2.92624
5.29264 -0.0465327 2.93991
5.20629 -0.0374732 2.95555
5.11976 -0.0246553 2.95769
5.03151 -0.0157937 2.96812
4.9446 -0.0121041 2.98668
4.85674 0.000882216 2.98594
4.76335 0.027445 2.96502
4.67418 0.0516518 2.95506
4.58855 0.0731388 2.94454
4.49691 0.101023 2.92272
4.40428 0.123198 2.92179
4.31191 0.135962 2.94479
4.22006 0.146414 2.96571
4.1264 0.154348 2.98848
4.03349 0.153991 3.02941
3.93761 0.155132 3.05183
3.84172 0.164837 3.0555
3.7471 0.170425 3.06486
3.65029 0.171445 3.07812
3.55403 0.182125 3.07673
3.45671 0.178753 3.10043
3.35788 0.164308 3.1412
3.26622 0.149405 -3.11277
3.17131 0.123331 -3.06928
3.07692 0.0876242 -3.0105
2.98787 0.051712 -2.95876
2.89972 0.00605178 -2.89553
2.81476 -0.0416852 -2.83132
2.73133 -0.0903159 -2.77201
2.6434 -0.149208 -2.712
2.55562 -0.199189 -2.67255
2.48194 -0.254805 -2.617
2.40237 -0.324657 -2.54734
2.33264 -0.393782 -2.49458
2.27338 -0.46904 -2.42784
2.21685 -0.550361 -2.35452
2.16105 -0.627177 -2.30424
2.10785 -0.708264 -2.25194
2.05284 -0.78684 -2.20446
2.00129 -0.869369 -2.16612
1.95796 -0.952485 -2.12362
1.92097 -1.03946 -2.07969
1.88904 -1.12426 -2.03084
1.86961 -1.21487 -1.97154
1.84818 -1.30983 -1.91892
1.83061 -1.39399 -1.87937
1.82005 -1.48255 -1.82853
1.80493 -1.57745 -1.79566
1.77976 -1.66431 -1.78899
1.74829 -1.75421 -1.79348
1.70879 -1.84196 -1.81583
1.64904 -1.91837 -1.87679
1.57827 -1.98855 -1.94288
1.50952 -2.05938 -2.00209
1.43466 -2.12482 -2.07158
1.36012 -2.18378 -2.14188
1.29104 -2.23674 -2.20219
1.21188 -2.28428 -2.26957
1.13199 -2.33027 -2.33818
1.05684 -2.3696 -2.40301
0.979506 -2.41242 -2.47586
0.903486 -2.45143 -2.53567
0.837707 -2.49803 -2.5628
0.775297 -2.54915 -2.57689
0.706812 -2.59958 -2.58957
0.640058 -2.64362 -2.59282
0.585284 -2.69143 -2.58014
0.524087 -2.74269 -2.56332
0.465348 -2.78973 -2.55388
0.41044 -2.83603 -2.53743
0.358656 -2.88786 -2.50567
0.311086 -2.94186 -2.46634
0.264642 -2.99284 -2.43819
0.216521 -3.04453 -2.41317
0.155291 -3.11932 -2.3699
0.120245 -3.17716 -2.3268
0.087021 -3.23031 -2.29047
0.0510564 -3.28471 -2.25798
0.017526 -3.34057 -2.22321
-0.0128425 -3.39455 -2.18913
-0.0415849 -3.45102 -2.15574
-0.069277 -3.50139 -2.12854
-0.0933488 -3.55218 -2.10118
-0.118391 -3.60993 -2.0728
-0.135879 -3.65547 -2.04883
-0.150311 -3.69664 -2.02974
-0.161993 -3.73234 -2.01201
-0.174202 -3.75771 -1.99868
-0.182278 -3.77653 -1.98811
-0.185187 -3.78735 -1.98148
-0.187503 -3.79284 -1.97873
-0.186003 -3.78734 -1.97938
-0.185336 -3.78196 -1.98219
-0.185875 -3.78131 -1.98449
-0.186022 -3.77963 -1.98578
-0.186597 -3.78006 -1.98629
-0.186348 -3.78127 -1.98545
-0.186759 -3.78375 -1.98456
-0.187333 -3.7856 -1.98456
-0.187488 -3.78697 -1.98373
-0.187433 -3.78674 -1.98389
-0.187303 -3.78636 -1.98402
-0.187165 -3.78588 -1.98429
-0.186999 -3.78536 -1.98453
-0.186748 -3.78467 -1.98477
-0.186751 -3.78463 -1.98483
-0.186536 -3.78394 -1.98515
-0.186443 -3.78363 -1.98531
-0.186396 -3.78348 -1.98537
-0.186327 -3.7833 -1.98543
-0.186309 -3.7832 -1.9855
-0.186214 -3.78302 -1.98549
-0.186078 -3.78258 -1.98571
-0.185899 -3.78205 -1.98593
-0.18587 -3.78195 -1.98599
-0.185789 -3.78164 -1.98617
-0.185728 -3.78153 -1.98616
-0.185694 -3.78135 -1.9863
-0.185557 -3.78101 -1.98639
-0.185407 -3.78046 -1.98671
-0.185316 -3.78092 -1.98586
-0.185278 -3.78093 -1.98573
-0.185646 -3.78065 -1.9871
-0.185295 -3.78064 -1.98618
-0.185395 -3.78045 -1.98669
-0.185245 -3.78002 -1.98684
-0.185151 -3.77981 -1.98689
-0.185142 -3.77967 -1.98704
-0.1851 -3.77961 -1.98699
-0.184936 -3.77907 -1.98728
-0.184834 -3.77883 -1.98732
-0.184859 -3.77884 -1.98739
-0.184766 -3.77859 -1.98747
-0.184734 -3.77844 -1.98756
-0.184725 -3.77832 -1.98771
-0.184583 -3.77807 -1.98765
-0.184569 -3.77804 -1.98766
-0.184627 -3.77815 -1.98766
-0.184583 -3.77795 -1.98781
-0.184592 -3.77809 -1.98766
-0.184595 -3.77792 -1.98787
-0.184471 -3.77766 -1.9879
-0.184413 -3.77744 -1.98801
-0.184329 -3.77731 -1.98798
-0.184306 -3.77716 -1.98811
-0.184356 -3.77717 -1.98823
-0.184373 -3.77735 -1.98805
-0.184286 -3.77714 -1.98808
-0.18412 -3.77661 -1.98832
-0.18415 -3.7766 -1.98842
-0.18407 -3.77652 -1.98831
-0.184075 -3.77642 -1.98846
-0.183951 -3.77612 -1.98851
-0.183978 -3.77615 -1.98857
-0.183723 -3.77537 -1.98892
-0.183868 -3.77401 -1.99107
-0.184361 -3.76945 -1.99841
-0.185922 -3.7607 -2.01439
-0.188998 -3.74898 -2.03893
-0.19222 -3.73389 -2.06938
-0.195141 -3.71587 -2.10462
-0.198881 -3.69736 -2.14423
-0.203734 -3.67922 -2.18765
-0.209002 -3.66359 -2.22919
-0.214791 -3.6494 -2.27037
-0.219602 -3.63816 -2.30426
-0.222994 -3.62973 -2.32961
-0.225113 -3.62431 -2.34598
-0.228231 -3.6238 -2.35359
-0.233221 -3.62703 -2.35689
-0.238766 -3.63069 -2.36034
-0.244937 -3.63245 -2.36924
-0.252228 -3.63235 -2.38445
-0.260092 -3.63081 -2.404
-0.268455 -3.62896 -2.42505
-0.276279 -3.62753 -2.44374
-0.282031 -3.62545 -2.45977
-0.28516 -3.62363 -2.47014
-0.284365 -3.62327 -2.46954
-0.281528 -3.62382 -2.46285
-0.277595 -3.6255 -2.45125
-0.275413 -3.62622 -2.44532
-0.274979 -3.62658 -2.44359
-0.275476 -3.6267 -2.44427
-0.276025 -3.62685 -2.44494
-0.276637 -3.62701 -2.44574
-0.27725 -3.62686 -2.4473
-0.277481 -3.62657 -2.44843
-0.27717 -3.62658 -2.4478
-0.277121 -3.62657 -2.44774
-0.27713 -3.62638 -2.44824
-0.276746 -3.62605 -2.44831
-0.27654 -3.62593 -2.44818
-0.276513 -3.62584 -2.44837
-0.276555 -3.62587 -2.44839
-0.276508 -3.6258 -2.44846
-0.27617 -3.6256 -2.4483
-0.276358 -3.62571 -2.44839
-0.276483 -3.62584 -2.44832
-0.276359 -3.62573 -2.44836
-0.276413 -3.62579 -2.44831
-0.276412 -3.62577 -2.44835
-0.27666 -3.62599 -2.44826
-0.276637 -3.62595 -2.44835
-0.276938 -3.62627 -2.44811
-0.276888 -3.62622 -2.44815
-0.276839 -3.62617 -2.4482
-0.276806 -3.6261 -2.44827
-0.276913 -3.62625 -2.44814
-0.276905 -3.62623 -2.44816
-0.276764 -3.62609 -2.44825
-0.276891 -3.62623 -2.44812
-0.27681 -3.62612 -2.44825
-0.277272 -3.62656 -2.44804
-0.277375 -3.6267 -2.44793
-0.277303 -3.62658 -2.44808
-0.277284 -3.6266 -2.44796
-0.27717 -3.62647 -2.4481
-0.277074 -3.62637 -2.44814
-0.276992 -3.62629 -2.44818
-0.276987 -3.62627 -2.44822
-0.277089 -3.62638 -2.44816
-0.27693 -3.62628 -2.4481
-0.277128 -3.62647 -2.44801
-0.277342 -3.62667 -2.44791
-0.277437 -3.62673 -2.44796
-0.27754 -3.62682 -2.44792
-0.277672 -3.62699 -2.44777
-0.277611 -3.6269 -2.44788
-0.277677 -3.62696 -2.44785
-0.277731 -3.62702 -2.44783
-0.277706 -3.62699 -2.44784
-0.277644 -3.62694 -2.44784
-0.277803 -3.62708 -2.4478
-0.277808 -3.62709 -2.44779
-0.27764 -3.62693 -2.44787
-0.277553 -3.62687 -2.44785
-0.277198 -3.6265 -2.44808
-0.277402 -3.62677 -2.44781
-0.277474 -3.6268 -2.44785
-0.277371 -3.62667 -2.44798
-0.277309 -3.62659 -2.44806
-0.277237 -3.62655 -2.44801
-0.277264 -3.62656 -2.44802
-0.27714 -3.62643 -2.44811
-0.277193 -3.62649 -2.44808
-0.277272 -3.62656 -2.44805
-0.27725 -3.62653 -2.44808
-0.277028 -3.62636 -2.44807
-0.277033 -3.62633 -2.44816
-0.276896 -3.62624 -2.44812
-0.276908 -3.62624 -2.44813
-0.276967 -3.62627 -2.44819
-0.276933 -3.62626 -2.44816
-0.276849 -3.62618 -2.44815
-0.27706 -3.62642 -2.44798
-0.276976 -3.62628 -2.44818
-0.276835 -3.62614 -2.44825
-0.276973 -3.62632 -2.44809
-0.277133 -3.62644 -2.44808
-0.27704 -3.62637 -2.44807
-0.277285 -3.62658 -2.44804
-0.277432 -3.62676 -2.44789
-0.277262 -3.62658 -2.44799
-0.277206 -3.62649 -2.44808
-0.277106 -3.62639 -2.44815
-0.277067 -3.62637 -2.44813
-0.277322 -3.62661 -2.44801
-0.277338 -3.62662 -2.44801
-0.277561 -3.62686 -2.44785
-0.277604 -3.62694 -2.44776
-0.27764 -3.62693 -2.44787
-0.277601 -3.62691 -2.44781
-0.277546 -3.62687 -2.4478
-0.277589 -3.62688 -2.44789
-0.277417 -3.62671 -2.44797
-0.277327 -3.62662 -2.44801
-0.27737 -3.62669 -2.44793
-0.277474 -3.62676 -2.44795
-0.277462 -3.62676 -2.44795
-0.277455 -3.62677 -2.44789
-0.277549 -3.62684 -2.44791
-0.277437 -3.62673 -2.44796
-0.277392 -3.62668 -2.44797
-0.277301 -3.62663 -2.44794
-0.276992 -3.62629 -2.44818
-0.277083 -3.62638 -2.44813
-0.277252 -3.62654 -2.44806
-0.277326 -3.62662 -2.44802
-0.277145 -3.62644 -2.4481
-0.277302 -3.62659 -2.44803
-0.277158 -3.62646 -2.44807
-0.27714 -3.62643 -2.44812
-0.277198 -3.6265 -2.44807
-0.277364 -3.62665 -2.448
-0.277367 -3.62666 -2.448
-0.277032 -3.62637 -2.44806
-0.277067 -3.62637 -2.44812
-0.276992 -3.62629 -2.44818
-0.276907 -3.62623 -2.44817
-0.276732 -3.62608 -2.44819
-0.276397 -3.62575 -2.44837
-0.276373 -3.62569 -2.44846
-0.276498 -3.62582 -2.44838
-0.276397 -3.62575 -2.44837
-0.276542 -3.62585 -2.4484
-0.276739 -3.62607 -2.44821
-0.276447 -3.62578 -2.44837
-0.276509 -3.62586 -2.44832
-0.276694 -3.62603 -2.44824
-0.276749 -3.62606 -2.4483
-0.276685 -3.62601 -2.44826
-0.276699 -3.62604 -2.44823
-0.276773 -3.62612 -2.4482
-0.276723 -3.62606 -2.44822
-0.276691 -3.626 -2.44833
-0.276683 -3.62599 -2.44833
-0.276753 -3.6261 -2.4482
-0.276759 -3.62614 -2.44811
-0.27687 -3.6262 -2.44817
-0.276851 -3.62618 -2.44816
-0.276876 -3.62621 -2.44815
-0.277092 -3.6264 -2.4481
-0.277272 -3.62659 -2.44796
-0.277444 -3.62676 -2.4479
-0.277638 -3.62694 -2.4478
-0.277634 -3.62696 -2.44779
-0.277659 -3.62698 -2.44777
-0.27763 -3.62695 -2.4478
-0.277471 -3.62681 -2.44784
-0.277664 -3.62699 -2.44776
-0.277554 -3.62685 -2.4479
-0.277758 -3.62707 -2.44772
-0.277831 -3.62711 -2.44778
-0.277892 -3.62718 -2.44772
-0.278055 -3.62737 -2.44758
-0.278105 -3.62742 -2.44756
-0.278124 -3.62742 -2.44758
-0.278147 -3.62742 -2.44761
-0.2782 -3.62744 -2.44767
-0.278172 -3.62744 -2.44763
-0.278006 -3.62731 -2.44761
-0.278208 -3.62752 -2.44751
-0.278142 -3.62745 -2.44755
-0.278273 -3.62754 -2.44757
-0.27836 -3.62766 -2.44744
-0.27844 -3.62767 -2.44759
-0.278204 -3.62749 -2.44756
-0.278098 -3.62737 -2.44765
-0.27832 -3.62758 -2.44756
-0.278126 -3.6274 -2.44762
-0.277853 -3.62712 -2.44778
-0.277594 -3.62692 -2.4478
-0.277599 -3.62689 -2.44788
-0.277967 -3.62722 -2.44777
-0.277967 -3.62722 -2.44777
