1539917412070380 2.24732e+06 2.31479e+06
1539917412170279 2.24732e+06 2.31479e+06
1539917412270227 2.24732e+06 2.31479e+06
1539917412370038 2.24732e+06 2.31479e+06
1539917412469995 2.24732e+06 2.31479e+06
1539917412569926 2.24732e+06 2.31479e+06
1539917412669736 2.24732e+06 2.31479e+06
1539917412769707 2.24732e+06 2.31479e+06
1539917412869539 2.24732e+06 2.31479e+06
1539917412969413 2.24732e+06 2.31479e+06
1539917413069314 2.24732e+06 2.31479e+06
1539917413169183 2.24732e+06 2.31479e+06
1539917413269143 2.24732e+06 2.31479e+06
1539917413369103 2.24732e+06 2.31479e+06
1539917413469029 2.24732e+06 2.31479e+06
1539917413568830 2.24732e+06 2.31479e+06
1539917413668689 2.24732e+06 2.31479e+06
1539917413768528 2.24732e+06 2.31479e+06
1539917413868583 2.24732e+06 2.31479e+06
1539917413968336 2.24732e+06 2.31479e+06
1539917414068264 2.24732e+06 2.31479e+06
1539917414168084 2.24732e+06 2.31479e+06
1539917414267963 2.24732e+06 2.31479e+06
1539917414367831 2.24732e+06 2.3148e+06
1539917414467777 2.24732e+06 2.3148e+06
1539917414567639 2.24733e+06 2.3148e+06
1539917414667667 2.24735e+06 2.3148e+06
1539917414767560 2.2474e+06 2.31478e+06
1539917414867323 2.24744e+06 2.31477e+06
1539917414967162 2.24751e+06 2.31476e+06
1539917415067008 2.24761e+06 2.31474e+06
1539917415166879 2.24776e+06 2.31471e+06
1539917415266758 2.24798e+06 2.31468e+06
1539917415366628 2.24826e+06 2.31464e+06
1539917415466598 2.24861e+06 2.31461e+06
1539917415566454 2.24899e+06 2.31458e+06
1539917415666332 2.24942e+06 2.31454e+06
1539917415766185 2.24991e+06 2.31449e+06
1539917415866075 2.25043e+06 2.31444e+06
1539917415966054 2.25101e+06 2.31437e+06
1539917416065953 2.25164e+06 2.31429e+06
1539917416165920 2.25233e+06 2.31422e+06
1539917416265771 2.2531e+06 2.31414e+06
1539917416365658 2.2539e+06 2.31407e+06
1539917416465529 2.25475e+06 2.31401e+06
1539917416565497 2.25561e+06 2.31396e+06
1539917416665328 2.25651e+06 2.31391e+06
1539917416765202 2.25744e+06 2.31387e+06
1539917416865065 2.25841e+06 2.31384e+06
1539917416964967 2.25942e+06 2.31384e+06
1539917417064841 2.26047e+06 2.31388e+06
1539917417164732 2.26154e+06 2.31394e+06
1539917417264853 2.26261e+06 2.31403e+06
1539917417364785 2.26376e+06 2.31415e+06
1539917417464692 2.26486e+06 2.31427e+06
1539917417564575 2.266e+06 2.31438e+06
1539917417664465 2.26718e+06 2.31452e+06
1539917417764233 2.26841e+06 2.31469e+06
1539917417864176 2.26972e+06 2.3149e+06
1539917417964107 2.27114e+06 2.31513e+06
1539917418063930 2.27253e+06 2.31536e+06
1539917418163835 2.27394e+06 2.31561e+06
1539917418263669 2.27535e+06 2.31585e+06
1539917418363518 2.27672e+06 2.3161e+06
1539917418463536 2.27817e+06 2.31642e+06
1539917418563478 2.27958e+06 2.31677e+06
1539917418663313 2.281e+06 2.31719e+06
1539917418763185 2.28244e+06 2.31769e+06
1539917418863049 2.28388e+06 2.31825e+06
1539917418962975 2.28541e+06 2.31889e+06
1539917419062803 2.28706e+06 2.31957e+06
1539917419162917 2.28867e+06 2.32026e+06
1539917419262809 2.29027e+06 2.32096e+06
1539917419362560 2.29186e+06 2.32168e+06
1539917419462469 2.29344e+06 2.32239e+06
1539917419562443 2.29501e+06 2.32303e+06
1539917419662339 2.29657e+06 2.32364e+06
1539917419762243 2.29798e+06 2.3242e+06
1539917419862025 2.2993e+06 2.32475e+06
1539917419961892 2.30059e+06 2.32536e+06
1539917420061712 2.30186e+06 2.32612e+06
1539917420161712 2.30308e+06 2.32704e+06
1539917420261584 2.30421e+06 2.32813e+06
1539917420361474 2.30529e+06 2.32936e+06
1539917420461277 2.30635e+06 2.33069e+06
1539917420561230 2.3074e+06 2.33202e+06
1539917420661077 2.3086e+06 2.33352e+06
1539917420760959 2.3098e+06 2.33501e+06
1539917420860884 2.31102e+06 2.33652e+06
1539917420960749 2.31227e+06 2.33806e+06
1539917421060693 2.31348e+06 2.33957e+06
1539917421160610 2.31476e+06 2.34123e+06
1539917421260834 2.31602e+06 2.34294e+06
1539917421360922 2.31735e+06 2.34476e+06
1539917421460932 2.31873e+06 2.34662e+06
1539917421560870 2.32015e+06 2.34853e+06
1539917421660918 2.32156e+06 2.35049e+06
1539917421760828 2.32302e+06 2.35264e+06
1539917421860752 2.3245e+06 2.35477e+06
1539917421960839 2.32607e+06 2.35697e+06
1539917422060531 2.32764e+06 2.35921e+06
1539917422160512 2.32922e+06 2.36149e+06
1539917422260363 2.33077e+06 2.36373e+06
1539917422360293 2.33234e+06 2.36604e+06
1539917422460134 2.33397e+06 2.36844e+06
1539917422560087 2.33571e+06 2.37088e+06
1539917422659921 2.3375e+06 2.37332e+06
1539917422759826 2.3392e+06 2.37574e+06
1539917422859728 2.34096e+06 2.37827e+06
1539917422959687 2.34274e+06 2.38066e+06
1539917423059571 2.34459e+06 2.38312e+06
1539917423159467 2.34644e+06 2.38554e+06
1539917423259374 2.34834e+06 2.38795e+06
1539917423359206 2.35034e+06 2.39028e+06
1539917423459095 2.35248e+06 2.3926e+06
1539917423558981 2.35472e+06 2.39482e+06
1539917423658905 2.35704e+06 2.39694e+06
1539917423758821 2.35953e+06 2.39904e+06
1539917423858688 2.36205e+06 2.40106e+06
1539917423958595 2.36468e+06 2.40311e+06
1539917424058507 2.36727e+06 2.405e+06
1539917424158512 2.37018e+06 2.40706e+06
1539917424258327 2.37297e+06 2.40909e+06
1539917424358187 2.37583e+06 2.41112e+06
1539917424458036 2.3788e+06 2.41317e+06
1539917424557900 2.3817e+06 2.41525e+06
1539917424657760 2.38469e+06 2.4174e+06
1539917424757617 2.38772e+06 2.41951e+06
1539917424857614 2.39084e+06 2.42163e+06
1539917424957495 2.39396e+06 2.42368e+06
1539917425057534 2.39721e+06 2.42589e+06
1539917425157343 2.4004e+06 2.42801e+06
1539917425257205 2.40367e+06 2.43012e+06
1539917425357040 2.40687e+06 2.43229e+06
1539917425456993 2.41008e+06 2.43451e+06
1539917425556851 2.41317e+06 2.43672e+06
1539917425656682 2.41632e+06 2.43902e+06
1539917425756556 2.41947e+06 2.44143e+06
1539917425856412 2.42254e+06 2.44392e+06
1539917425956409 2.42554e+06 2.44639e+06
1539917426056251 2.42851e+06 2.449e+06
1539917426156237 2.43139e+06 2.45178e+06
1539917426256178 2.43421e+06 2.45451e+06
1539917426356036 2.437e+06 2.45731e+06
1539917426455917 2.43967e+06 2.46016e+06
1539917426555857 2.44229e+06 2.46293e+06
1539917426655809 2.44486e+06 2.4658e+06
1539917426755707 2.44732e+06 2.46879e+06
1539917426855504 2.44976e+06 2.47169e+06
1539917426955307 2.45224e+06 2.47468e+06
1539917427055264 2.45465e+06 2.47758e+06
1539917427155104 2.45706e+06 2.48035e+06
1539917427255017 2.45966e+06 2.48325e+06
1539917427354899 2.4622e+06 2.48599e+06
1539917427454835 2.46476e+06 2.48864e+06
1539917427554806 2.4675e+06 2.49134e+06
1539917427654727 2.47022e+06 2.49394e+06
1539917427754698 2.47297e+06 2.4965e+06
1539917427854794 2.47584e+06 2.49914e+06
1539917427954416 2.47864e+06 2.50172e+06
1539917428054214 2.48145e+06 2.50425e+06
1539917428154157 2.48438e+06 2.50684e+06
1539917428254062 2.48719e+06 2.50935e+06
1539917428353881 2.49019e+06 2.51195e+06
1539917428453801 2.49314e+06 2.51454e+06
1539917428553740 2.49593e+06 2.5171e+06
1539917428653566 2.49884e+06 2.51964e+06
1539917428753473 2.50171e+06 2.52214e+06
1539917428853335 2.50454e+06 2.52472e+06
1539917428953196 2.50745e+06 2.52728e+06
1539917429053185 2.5103e+06 2.52982e+06
1539917429153045 2.51308e+06 2.53245e+06
1539917429252971 2.5159e+06 2.53504e+06
1539917429352867 2.51865e+06 2.53752e+06
1539917429452781 2.5214e+06 2.54015e+06
1539917429552690 2.52405e+06 2.54265e+06
1539917429652586 2.52657e+06 2.54506e+06
1539917429752410 2.52891e+06 2.54743e+06
1539917429852241 2.53112e+06 2.54976e+06
1539917429952114 2.53334e+06 2.55208e+06
1539917430052183 2.53546e+06 2.55434e+06
1539917430152012 2.5375e+06 2.55657e+06
1539917430251832 2.53953e+06 2.55876e+06
1539917430351685 2.54156e+06 2.56089e+06
1539917430451648 2.54348e+06 2.56298e+06
1539917430551460 2.54538e+06 2.56514e+06
1539917430651417 2.54728e+06 2.56723e+06
1539917430751255 2.54916e+06 2.56924e+06
1539917430851156 2.55088e+06 2.57111e+06
1539917430951128 2.55245e+06 2.57288e+06
1539917431050966 2.55404e+06 2.57465e+06
1539917431150919 2.55557e+06 2.57632e+06
1539917431250762 2.55705e+06 2.57791e+06
1539917431350697 2.55845e+06 2.57943e+06
1539917431450531 2.55977e+06 2.58094e+06
1539917431550405 2.56099e+06 2.58237e+06
1539917431650367 2.56223e+06 2.58377e+06
1539917431750319 2.56343e+06 2.58508e+06
1539917431850117 2.56458e+06 2.58633e+06
1539917431949964 2.56572e+06 2.58756e+06
1539917432049806 2.56684e+06 2.58877e+06
1539917432149758 2.56794e+06 2.58995e+06
1539917432249672 2.5692e+06 2.59124e+06
1539917432349464 2.57051e+06 2.59252e+06
1539917432449414 2.57201e+06 2.59394e+06
1539917432549362 2.57357e+06 2.59544e+06
1539917432649307 2.57526e+06 2.59714e+06
1539917432749084 2.57694e+06 2.59892e+06
1539917432848901 2.57871e+06 2.60079e+06
1539917432948818 2.58063e+06 2.60279e+06
1539917433048658 2.58263e+06 2.60489e+06
1539917433148607 2.58469e+06 2.60708e+06
1539917433248502 2.5868e+06 2.60929e+06
1539917433348323 2.58904e+06 2.61158e+06
1539917433448148 2.59122e+06 2.61388e+06
1539917433548012 2.59357e+06 2.61638e+06
1539917433647835 2.59592e+06 2.61883e+06
1539917433747738 2.59838e+06 2.62135e+06
1539917433847620 2.60099e+06 2.62406e+06
1539917433947522 2.60354e+06 2.62672e+06
1539917434047475 2.60613e+06 2.62944e+06
1539917434147402 2.60874e+06 2.63229e+06
1539917434247263 2.61122e+06 2.63508e+06
1539917434347182 2.6138e+06 2.638e+06
1539917434447132 2.6164e+06 2.64094e+06
1539917434547004 2.61897e+06 2.64383e+06
1539917434646828 2.6217e+06 2.64688e+06
1539917434746631 2.62449e+06 2.6499e+06
1539917434846650 2.62719e+06 2.65282e+06
1539917434946455 2.63011e+06 2.65591e+06
1539917435046257 2.63296e+06 2.65882e+06
1539917435146116 2.63586e+06 2.66182e+06
1539917435246058 2.63876e+06 2.66478e+06
1539917435345911 2.64161e+06 2.6676e+06
1539917435445935 2.64443e+06 2.67049e+06
1539917435545774 2.64733e+06 2.67334e+06
1539917435645774 2.65022e+06 2.67604e+06
1539917435745684 2.65306e+06 2.67876e+06
1539917435845495 2.65599e+06 2.6815e+06
1539917435945505 2.65877e+06 2.68407e+06
1539917436045393 2.66162e+06 2.68679e+06
1539917436145191 2.66444e+06 2.68942e+06
1539917436245230 2.6672e+06 2.692e+06
1539917436345178 2.66991e+06 2.6946e+06
1539917436445137 2.6726e+06 2.69723e+06
1539917436545128 2.67523e+06 2.69984e+06
1539917436645134 2.67777e+06 2.70243e+06
1539917436745110 2.68039e+06 2.70508e+06
1539917436844947 2.68289e+06 2.7076e+06
1539917436944921 2.68533e+06 2.7101e+06
1539917437044848 2.6878e+06 2.71264e+06
1539917437144668 2.6903e+06 2.71518e+06
1539917437244609 2.69265e+06 2.71765e+06
1539917437344458 2.69499e+06 2.72012e+06
1539917437444396 2.69735e+06 2.72254e+06
1539917437544276 2.69964e+06 2.72485e+06
1539917437644160 2.70185e+06 2.72712e+06
1539917437744113 2.70414e+06 2.72943e+06
1539917437844084 2.7064e+06 2.73159e+06
1539917437944031 2.70872e+06 2.73366e+06
1539917438043870 2.71114e+06 2.73566e+06
1539917438143688 2.71383e+06 2.73751e+06
1539917438243647 2.71656e+06 2.73926e+06
1539917438343468 2.7193e+06 2.74081e+06
1539917438443439 2.72209e+06 2.74233e+06
1539917438543385 2.72475e+06 2.74376e+06
1539917438643179 2.72744e+06 2.74512e+06
1539917438742992 2.73041e+06 2.74652e+06
1539917438842849 2.7333e+06 2.74792e+06
1539917438942730 2.73622e+06 2.74946e+06
1539917439042624 2.73906e+06 2.75117e+06
1539917439142640 2.74172e+06 2.75306e+06
1539917439242637 2.74428e+06 2.755e+06
1539917439342531 2.74688e+06 2.75695e+06
1539917439442401 2.74928e+06 2.7588e+06
1539917439542248 2.75172e+06 2.76066e+06
1539917439642097 2.75423e+06 2.7625e+06
1539917439741991 2.75664e+06 2.76423e+06
1539917439841861 2.75895e+06 2.7659e+06
1539917439941814 2.76124e+06 2.76756e+06
1539917440041882 2.76347e+06 2.76918e+06
1539917440141990 2.76561e+06 2.77079e+06
1539917440241739 2.76741e+06 2.77233e+06
1539917440341542 2.76873e+06 2.77382e+06
1539917440441439 2.76969e+06 2.77544e+06
1539917440541499 2.77036e+06 2.77708e+06
1539917440641382 2.77078e+06 2.77875e+06
1539917440741250 2.771e+06 2.78037e+06
1539917440841011 2.77103e+06 2.78195e+06
1539917440940832 2.77092e+06 2.78352e+06
1539917441040778 2.77075e+06 2.78513e+06
1539917441140636 2.77052e+06 2.78671e+06
1539917441240514 2.77028e+06 2.78829e+06
1539917441340550 2.77014e+06 2.78984e+06
1539917441440340 2.77011e+06 2.79136e+06
1539917441540292 2.77023e+06 2.79294e+06
1539917441640192 2.77048e+06 2.79451e+06
1539917441739995 2.77096e+06 2.79602e+06
1539917441839937 2.7717e+06 2.79747e+06
1539917441939769 2.77264e+06 2.79888e+06
1539917442039662 2.77375e+06 2.8003e+06
1539917442139494 2.77506e+06 2.80176e+06
1539917442239531 2.77647e+06 2.80321e+06
1539917442339329 2.77798e+06 2.80463e+06
1539917442439200 2.77954e+06 2.80603e+06
1539917442539176 2.78106e+06 2.80741e+06
1539917442638983 2.78257e+06 2.80881e+06
1539917442738939 2.78404e+06 2.81017e+06
1539917442838768 2.78551e+06 2.8115e+06
1539917442938748 2.787e+06 2.81283e+06
1539917443038712 2.78851e+06 2.81416e+06
1539917443138612 2.79007e+06 2.81557e+06
1539917443238405 2.79172e+06 2.81706e+06
1539917443338258 2.79352e+06 2.81866e+06
1539917443438215 2.79542e+06 2.82032e+06
1539917443538033 2.79738e+06 2.82202e+06
1539917443637914 2.79931e+06 2.82375e+06
1539917443737864 2.80143e+06 2.82571e+06
1539917443837864 2.80359e+06 2.82775e+06
1539917443937649 2.80573e+06 2.82977e+06
1539917444037566 2.8078e+06 2.83174e+06
1539917444137364 2.80992e+06 2.83373e+06
1539917444237247 2.812e+06 2.83567e+06
1539917444337101 2.81406e+06 2.83758e+06
1539917444436949 2.81609e+06 2.83946e+06
1539917444536814 2.8181e+06 2.84138e+06
1539917444636664 2.82032e+06 2.8436e+06
1539917444736557 2.82247e+06 2.84578e+06
1539917444836500 2.82475e+06 2.84804e+06
1539917444936476 2.82706e+06 2.85034e+06
1539917445036310 2.8294e+06 2.8527e+06
1539917445136175 2.83171e+06 2.85503e+06
1539917445236143 2.83406e+06 2.85734e+06
1539917445335986 2.83657e+06 2.85978e+06
1539917445435886 2.83908e+06 2.86222e+06
1539917445535943 2.84159e+06 2.86462e+06
1539917445635819 2.84422e+06 2.86711e+06
1539917445735697 2.84684e+06 2.86962e+06
1539917445835639 2.84947e+06 2.87208e+06
1539917445935631 2.8522e+06 2.87467e+06
1539917446035532 2.85487e+06 2.87728e+06
1539917446135334 2.85755e+06 2.87991e+06
1539917446235322 2.86026e+06 2.88249e+06
1539917446335116 2.86299e+06 2.88513e+06
1539917446434921 2.86575e+06 2.88775e+06
1539917446534761 2.86861e+06 2.89039e+06
1539917446634673 2.87142e+06 2.89312e+06
1539917446734529 2.8742e+06 2.89582e+06
1539917446834381 2.87709e+06 2.89853e+06
1539917446934370 2.87994e+06 2.9013e+06
1539917447034338 2.88274e+06 2.90401e+06
1539917447134151 2.8856e+06 2.90673e+06
1539917447234035 2.88836e+06 2.90946e+06
1539917447333894 2.89113e+06 2.91214e+06
1539917447433836 2.89398e+06 2.91475e+06
1539917447533663 2.89678e+06 2.9174e+06
1539917447633548 2.89958e+06 2.92002e+06
1539917447733502 2.90236e+06 2.92265e+06
1539917447833475 2.90504e+06 2.92543e+06
1539917447933312 2.90767e+06 2.92829e+06
1539917448066507 2.91113e+06 2.93214e+06
1539917448166419 2.91374e+06 2.93523e+06
1539917448266304 2.91634e+06 2.93821e+06
1539917448366215 2.91901e+06 2.94122e+06
1539917448466013 2.92168e+06 2.94423e+06
1539917448565937 2.9244e+06 2.94717e+06
1539917448665859 2.92724e+06 2.95016e+06
1539917448799058 2.93122e+06 2.95427e+06
1539917448899010 2.93418e+06 2.95732e+06
1539917448998822 2.93708e+06 2.96042e+06
1539917449098693 2.93992e+06 2.96347e+06
1539917449198554 2.94288e+06 2.96661e+06
1539917449298547 2.94587e+06 2.96968e+06
1539917449398385 2.94886e+06 2.97278e+06
1539917449498330 2.95182e+06 2.97608e+06
1539917449598284 2.95457e+06 2.9794e+06
1539917449698104 2.9572e+06 2.98291e+06
1539917449797986 2.95983e+06 2.98651e+06
1539917449931176 2.96314e+06 2.99144e+06
1539917450031018 2.96562e+06 2.99509e+06
1539917450130873 2.96813e+06 2.99878e+06
1539917450230706 2.97058e+06 3.00241e+06
1539917450330591 2.97309e+06 3.00606e+06
1539917450430474 2.97567e+06 3.00969e+06
1539917450530504 2.97818e+06 3.01317e+06
1539917450630388 2.98081e+06 3.01685e+06
1539917450730231 2.98346e+06 3.02027e+06
1539917450830050 2.98608e+06 3.02369e+06
1539917450930011 2.98871e+06 3.02708e+06
1539917451029881 2.9915e+06 3.03036e+06
1539917451129730 2.99438e+06 3.03361e+06
1539917451229717 2.9973e+06 3.03668e+06
1539917451329833 3.00027e+06 3.03969e+06
1539917451429903 3.00325e+06 3.04262e+06
1539917451529857 3.00621e+06 3.04536e+06
1539917451629812 3.00929e+06 3.04813e+06
1539917451729836 3.01227e+06 3.05081e+06
1539917451829767 3.01525e+06 3.05339e+06
1539917451929687 3.0182e+06 3.05603e+06
1539917452029592 3.02111e+06 3.05874e+06
1539917452129528 3.02402e+06 3.0614e+06
1539917452229434 3.02685e+06 3.06411e+06
1539917452329545 3.02968e+06 3.06691e+06
1539917452429363 3.03251e+06 3.06963e+06
1539917452529222 3.03532e+06 3.07246e+06
1539917452629065 3.03814e+06 3.07536e+06
1539917452729038 3.04103e+06 3.07819e+06
1539917452829095 3.04396e+06 3.08113e+06
1539917452928982 3.0469e+06 3.08405e+06
1539917453028980 3.04984e+06 3.08698e+06
1539917453128810 3.05269e+06 3.09e+06
1539917453228791 3.05557e+06 3.09303e+06
1539917453328613 3.05844e+06 3.09602e+06
1539917453428488 3.06136e+06 3.09915e+06
1539917453528468 3.06424e+06 3.10208e+06
1539917453628348 3.06723e+06 3.10522e+06
1539917453728144 3.07012e+06 3.10837e+06
1539917453828096 3.07306e+06 3.11149e+06
1539917453928089 3.07604e+06 3.11475e+06
1539917454027868 3.07891e+06 3.11794e+06
1539917454127691 3.08184e+06 3.12123e+06
1539917454227448 3.08472e+06 3.12458e+06
1539917454327284 3.08753e+06 3.1279e+06
1539917454427119 3.09039e+06 3.1313e+06
1539917454527014 3.09329e+06 3.13472e+06
1539917454626976 3.09611e+06 3.1382e+06
1539917454726810 3.09901e+06 3.1417e+06
1539917454826689 3.10183e+06 3.14524e+06
1539917454926569 3.10464e+06 3.14886e+06
1539917455026517 3.1075e+06 3.1524e+06
1539917455126451 3.11034e+06 3.15612e+06
1539917455226305 3.11315e+06 3.1597e+06
1539917455326318 3.11606e+06 3.16344e+06
1539917455426167 3.11887e+06 3.16703e+06
1539917455526022 3.12174e+06 3.17064e+06
1539917455659206 3.12572e+06 3.1755e+06
1539917455759071 3.12866e+06 3.17906e+06
1539917455858974 3.13168e+06 3.18258e+06
1539917455958889 3.13459e+06 3.18612e+06
1539917456058804 3.13738e+06 3.18959e+06
1539917456158643 3.14033e+06 3.19316e+06
1539917456258473 3.1431e+06 3.19662e+06
1539917456358492 3.14596e+06 3.20004e+06
1539917456458326 3.14884e+06 3.20344e+06
1539917456558235 3.15164e+06 3.20679e+06
1539917456658185 3.1545e+06 3.21009e+06
1539917456758059 3.15741e+06 3.21339e+06
1539917456857936 3.16024e+06 3.21656e+06
1539917456957718 3.16318e+06 3.21976e+06
1539917457057679 3.16607e+06 3.22287e+06
1539917457157606 3.16885e+06 3.22581e+06
1539917457257405 3.1718e+06 3.22882e+06
1539917457357236 3.17473e+06 3.23171e+06
1539917457457069 3.17763e+06 3.23454e+06
1539917457556942 3.18063e+06 3.23745e+06
1539917457656780 3.18339e+06 3.24021e+06
1539917457756773 3.18623e+06 3.24316e+06
1539917457856735 3.18893e+06 3.24608e+06
1539917457956614 3.19154e+06 3.24901e+06
1539917458056457 3.19406e+06 3.252e+06
1539917458156280 3.19661e+06 3.25501e+06
1539917458256273 3.19912e+06 3.25791e+06
1539917458356133 3.20161e+06 3.26079e+06
1539917458456073 3.20425e+06 3.26356e+06
1539917458555896 3.207e+06 3.26617e+06
1539917458655829 3.20973e+06 3.26876e+06
1539917458755658 3.21257e+06 3.27139e+06
1539917458855535 3.21539e+06 3.27396e+06
1539917458955417 3.21811e+06 3.27652e+06
1539917459055289 3.22086e+06 3.2791e+06
1539917459188582 3.22447e+06 3.28244e+06
1539917459288414 3.22714e+06 3.28498e+06
1539917459388373 3.22986e+06 3.28756e+06
1539917459488317 3.23246e+06 3.29004e+06
1539917459588163 3.23502e+06 3.2926e+06
1539917459688033 3.23756e+06 3.2952e+06
1539917459787873 3.24005e+06 3.29778e+06
1539917459887851 3.24249e+06 3.30045e+06
1539917460021003 3.24584e+06 3.30422e+06
1539917460120846 3.24833e+06 3.30701e+06
1539917460220695 3.25094e+06 3.30991e+06
1539917460320585 3.25372e+06 3.3128e+06
1539917460420560 3.25662e+06 3.31561e+06
1539917460520493 3.25951e+06 3.3184e+06
1539917460620442 3.26252e+06 3.32114e+06
1539917460720264 3.26538e+06 3.32365e+06
1539917460820127 3.26838e+06 3.32622e+06
1539917460920007 3.2714e+06 3.32866e+06
1539917461019861 3.27435e+06 3.331e+06
1539917461153092 3.27822e+06 3.33405e+06
1539917461252938 3.281e+06 3.33628e+06
1539917461352829 3.28369e+06 3.33844e+06
1539917461452708 3.28627e+06 3.34048e+06
1539917461552625 3.28892e+06 3.34265e+06
1539917461652704 3.29138e+06 3.34478e+06
1539917461752537 3.29378e+06 3.34686e+06
1539917461852535 3.29605e+06 3.34903e+06
1539917461952379 3.2981e+06 3.35139e+06
1539917462052295 3.30002e+06 3.35378e+06
1539917462152097 3.30186e+06 3.35618e+06
1539917462252023 3.30366e+06 3.35868e+06
1539917462351861 3.30542e+06 3.36119e+06
1539917462451727 3.30718e+06 3.36367e+06
1539917462551596 3.30898e+06 3.36617e+06
1539917462651547 3.31086e+06 3.36875e+06
1539917462751355 3.31281e+06 3.3713e+06
1539917462851312 3.31482e+06 3.37385e+06
1539917462951141 3.31699e+06 3.37648e+06
1539917463051120 3.31935e+06 3.37903e+06
1539917463150933 3.32176e+06 3.38156e+06
1539917463250766 3.32422e+06 3.38413e+06
1539917463350657 3.32682e+06 3.38666e+06
1539917463450620 3.32949e+06 3.38916e+06
1539917463550453 3.33221e+06 3.39176e+06
1539917463650295 3.33492e+06 3.39431e+06
1539917463750178 3.33765e+06 3.39678e+06
1539917463850062 3.34041e+06 3.39932e+06
1539917463949910 3.34324e+06 3.40183e+06
1539917464049795 3.34616e+06 3.40427e+06
1539917464149685 3.34905e+06 3.40668e+06
1539917464249671 3.35202e+06 3.40914e+06
1539917464349638 3.35501e+06 3.41158e+06
1539917464449476 3.35789e+06 3.41399e+06
1539917464549387 3.36082e+06 3.41654e+06
1539917464649252 3.36366e+06 3.41904e+06
1539917464749120 3.36651e+06 3.42144e+06
1539917464848965 3.36945e+06 3.42381e+06
1539917464948853 3.37244e+06 3.42623e+06
1539917465048715 3.37524e+06 3.42844e+06
1539917465148591 3.37837e+06 3.431e+06
1539917465248435 3.3812e+06 3.43359e+06
1539917465348342 3.38407e+06 3.43628e+06
1539917465448310 3.38689e+06 3.43904e+06
1539917465548300 3.38956e+06 3.44196e+06
1539917465648165 3.39221e+06 3.44491e+06
1539917465748031 3.39482e+06 3.448e+06
1539917465847937 3.39735e+06 3.45122e+06
1539917465947891 3.39996e+06 3.45437e+06
1539917466047873 3.40271e+06 3.45763e+06
1539917466147660 3.40548e+06 3.46085e+06
1539917466247617 3.40833e+06 3.46406e+06
1539917466347769 3.41123e+06 3.46733e+06
1539917466447976 3.41411e+06 3.47065e+06
1539917466547992 3.41698e+06 3.47403e+06
1539917466647954 3.41986e+06 3.47741e+06
1539917466748051 3.42268e+06 3.48074e+06
1539917466848091 3.42567e+06 3.48424e+06
1539917466948026 3.42865e+06 3.48771e+06
1539917467081240 3.43256e+06 3.49238e+06
1539917467181185 3.43553e+06 3.49591e+06
1539917467281014 3.43848e+06 3.49955e+06
1539917467381016 3.44144e+06 3.50323e+06
1539917467480840 3.44432e+06 3.50695e+06
1539917467580664 3.44706e+06 3.51065e+06
1539917467680529 3.44993e+06 3.51449e+06
1539917467780485 3.45266e+06 3.5182e+06
1539917467880306 3.45551e+06 3.52206e+06
1539917467980142 3.45847e+06 3.526e+06
1539917468080116 3.46125e+06 3.52968e+06
1539917468179992 3.46419e+06 3.53371e+06
1539917468280030 3.4672e+06 3.53754e+06
1539917468379874 3.47012e+06 3.54134e+06
1539917468479872 3.47315e+06 3.54509e+06
1539917468579708 3.47622e+06 3.54885e+06
1539917468679703 3.47927e+06 3.55255e+06
1539917468779505 3.48246e+06 3.55625e+06
1539917468879508 3.48568e+06 3.55968e+06
1539917468979167 3.48914e+06 3.56319e+06
1539917469079017 3.49271e+06 3.56662e+06
1539917469178973 3.49618e+06 3.5699e+06
1539917469278869 3.49969e+06 3.5732e+06
1539917469378813 3.50305e+06 3.5764e+06
1539917469478683 3.50611e+06 3.57947e+06
1539917469578608 3.50941e+06 3.5829e+06
1539917469678548 3.51241e+06 3.58609e+06
1539917469778369 3.51546e+06 3.58935e+06
1539917469878232 3.51853e+06 3.5925e+06
1539917469978178 3.52154e+06 3.59562e+06
1539917470111363 3.5258e+06 3.60001e+06
1539917470211221 3.52886e+06 3.60317e+06
1539917470311153 3.53199e+06 3.60628e+06
1539917470410962 3.53514e+06 3.60926e+06
1539917470510787 3.53825e+06 3.6122e+06
1539917470610772 3.54147e+06 3.61519e+06
1539917470710620 3.54465e+06 3.61814e+06
1539917470810524 3.54778e+06 3.62106e+06
1539917470910476 3.55084e+06 3.62392e+06
1539917471010399 3.55391e+06 3.62681e+06
1539917471110242 3.55684e+06 3.62965e+06
1539917471210191 3.5599e+06 3.63272e+06
1539917471310099 3.56273e+06 3.63566e+06
1539917471410104 3.56558e+06 3.63862e+06
1539917471510006 3.5684e+06 3.6415e+06
1539917471609894 3.5712e+06 3.64429e+06
1539917471709671 3.57403e+06 3.64708e+06
1539917471809527 3.57672e+06 3.64971e+06
1539917471909384 3.57965e+06 3.6525e+06
1539917472009285 3.5825e+06 3.65516e+06
1539917472109235 3.58535e+06 3.65777e+06
1539917472209277 3.58808e+06 3.66021e+06
1539917472309067 3.59096e+06 3.66283e+06
1539917472408993 3.59355e+06 3.66536e+06
1539917472508924 3.59599e+06 3.66782e+06
1539917472608747 3.59851e+06 3.67048e+06
1539917472708607 3.60085e+06 3.67293e+06
1539917472808439 3.60331e+06 3.67536e+06
1539917472908396 3.60577e+06 3.67782e+06
1539917473008217 3.60809e+06 3.6803e+06
1539917473108091 3.61034e+06 3.68274e+06
1539917473208039 3.61262e+06 3.68519e+06
1539917473307904 3.61486e+06 3.68754e+06
1539917473407860 3.61724e+06 3.69e+06
1539917473507692 3.6195e+06 3.69225e+06
1539917473607553 3.6219e+06 3.69458e+06
1539917473707419 3.62425e+06 3.69681e+06
1539917473807317 3.62665e+06 3.69892e+06
1539917473907160 3.62918e+06 3.70091e+06
1539917474007046 3.63192e+06 3.70285e+06
1539917474106900 3.63464e+06 3.70465e+06
1539917474206796 3.63734e+06 3.70631e+06
1539917474306768 3.64005e+06 3.70786e+06
1539917474406617 3.6426e+06 3.70933e+06
1539917474506603 3.6453e+06 3.71096e+06
1539917474606432 3.64787e+06 3.71255e+06
1539917474706401 3.65029e+06 3.71412e+06
1539917474806208 3.65264e+06 3.71567e+06
1539917474906062 3.65495e+06 3.71722e+06
1539917475005914 3.65714e+06 3.71878e+06
1539917475105804 3.65914e+06 3.7203e+06
1539917475205675 3.66118e+06 3.72189e+06
1539917475305614 3.66314e+06 3.72344e+06
1539917475405483 3.66498e+06 3.72496e+06
1539917475505522 3.66674e+06 3.72651e+06
1539917475605221 3.66864e+06 3.72814e+06
1539917475705152 3.67054e+06 3.72972e+06
1539917475805022 3.67244e+06 3.73114e+06
1539917475904994 3.67438e+06 3.7325e+06
1539917476004878 3.67636e+06 3.73381e+06
1539917476104852 3.67855e+06 3.73523e+06
1539917476204749 3.68069e+06 3.73655e+06
1539917476304675 3.68285e+06 3.73791e+06
1539917476404495 3.68498e+06 3.73928e+06
1539917476504307 3.68708e+06 3.74073e+06
1539917476604120 3.68908e+06 3.74232e+06
1539917476704092 3.69105e+06 3.74409e+06
1539917476804039 3.69292e+06 3.746e+06
1539917476904088 3.69478e+06 3.74799e+06
1539917477003880 3.69665e+06 3.75007e+06
1539917477103806 3.69849e+06 3.75228e+06
1539917477203742 3.70036e+06 3.7546e+06
1539917477303546 3.7024e+06 3.75699e+06
1539917477403373 3.70455e+06 3.75948e+06
1539917477503273 3.70677e+06 3.76208e+06
1539917477603215 3.70905e+06 3.76464e+06
1539917477703056 3.71144e+06 3.7672e+06
1539917477802920 3.71411e+06 3.76997e+06
1539917477902803 3.71672e+06 3.77261e+06
1539917478002746 3.7194e+06 3.77521e+06
1539917478102607 3.72206e+06 3.77782e+06
1539917478202478 3.72462e+06 3.78034e+06
1539917478302330 3.72719e+06 3.78282e+06
1539917478402199 3.72977e+06 3.78534e+06
1539917478502192 3.73231e+06 3.78786e+06
1539917478602033 3.73502e+06 3.79062e+06
1539917478702015 3.7377e+06 3.79341e+06
1539917478801951 3.74023e+06 3.79614e+06
1539917478901959 3.74299e+06 3.79901e+06
1539917479001749 3.74583e+06 3.80187e+06
1539917479101778 3.7486e+06 3.80461e+06
1539917479201789 3.7515e+06 3.80739e+06
1539917479301544 3.75442e+06 3.81016e+06
1539917479401454 3.7573e+06 3.8129e+06
1539917479501433 3.76023e+06 3.81555e+06
1539917479601332 3.76319e+06 3.81819e+06
1539917479701103 3.76616e+06 3.82081e+06
1539917479801072 3.7691e+06 3.82335e+06
1539917479900900 3.77188e+06 3.82587e+06
1539917480000686 3.77471e+06 3.82866e+06
1539917480100486 3.77738e+06 3.83132e+06
1539917480200299 3.78006e+06 3.83422e+06
1539917480300176 3.78267e+06 3.83725e+06
1539917480400030 3.78523e+06 3.84026e+06
1539917480499919 3.7878e+06 3.84344e+06
1539917480599808 3.79036e+06 3.84666e+06
1539917480699764 3.79297e+06 3.84994e+06
1539917480799685 3.79556e+06 3.85321e+06
1539917480899549 3.79816e+06 3.85653e+06
1539917480999606 3.8007e+06 3.85994e+06
1539917481099391 3.80329e+06 3.8634e+06
1539917481199218 3.80583e+06 3.8669e+06
1539917481299314 3.80831e+06 3.87031e+06
1539917481399252 3.81084e+06 3.87367e+06
1539917481499195 3.81326e+06 3.87707e+06
1539917481599107 3.81562e+06 3.88044e+06
1539917481699088 3.81805e+06 3.88398e+06
1539917481799173 3.82039e+06 3.88739e+06
1539917481932381 3.82344e+06 3.89203e+06
1539917482032304 3.82574e+06 3.89548e+06
1539917482132169 3.82813e+06 3.8989e+06
1539917482232106 3.83062e+06 3.90244e+06
1539917482331918 3.83309e+06 3.90576e+06
1539917482431728 3.8357e+06 3.90914e+06
1539917482531599 3.83846e+06 3.9125e+06
1539917482631553 3.84133e+06 3.91576e+06
1539917482731451 3.84434e+06 3.91897e+06
1539917482864593 3.8485e+06 3.9232e+06
1539917482964459 3.85163e+06 3.92637e+06
1539917483064513 3.85472e+06 3.92954e+06
1539917483164487 3.85769e+06 3.93272e+06
1539917483264442 3.86086e+06 3.93595e+06
1539917483364277 3.86396e+06 3.93908e+06
1539917483464159 3.86704e+06 3.94216e+06
1539917483564064 3.87027e+06 3.94524e+06
1539917483663848 3.8735e+06 3.94838e+06
1539917483763690 3.87669e+06 3.95139e+06
1539917483863535 3.87998e+06 3.95444e+06
1539917483963743 3.8832e+06 3.95748e+06
1539917484063387 3.88636e+06 3.96042e+06
1539917484163210 3.88947e+06 3.96343e+06
1539917484263161 3.89251e+06 3.9664e+06
1539917484362954 3.89542e+06 3.96922e+06
1539917484462930 3.89846e+06 3.97224e+06
1539917484562948 3.90146e+06 3.97524e+06
1539917484662775 3.90437e+06 3.97816e+06
1539917484762675 3.90728e+06 3.98112e+06
1539917484862659 3.91016e+06 3.984e+06
1539917484962424 3.91323e+06 3.98701e+06
1539917485062347 3.91618e+06 3.98995e+06
1539917485162181 3.91916e+06 3.99293e+06
1539917485262015 3.92202e+06 3.99583e+06
1539917485361901 3.9249e+06 3.99871e+06
1539917485461822 3.92781e+06 4.00152e+06
1539917485561671 3.93079e+06 4.0044e+06
1539917485661638 3.93378e+06 4.0073e+06
1539917485761541 3.93672e+06 4.0102e+06
1539917485861326 3.93959e+06 4.0131e+06
1539917485961263 3.94242e+06 4.01593e+06
1539917486061112 3.94543e+06 4.01891e+06
1539917486160950 3.94826e+06 4.02177e+06
1539917486260843 3.95114e+06 4.02465e+06
1539917486360730 3.95394e+06 4.02744e+06
1539917486460651 3.95681e+06 4.03026e+06
1539917486560547 3.95976e+06 4.03308e+06
1539917486660439 3.96267e+06 4.03582e+06
1539917486760401 3.96559e+06 4.03861e+06
1539917486860363 3.96851e+06 4.0415e+06
1539917486960187 3.97123e+06 4.04429e+06
1539917487060003 3.97386e+06 4.04704e+06
1539917487159958 3.97679e+06 4.05017e+06
1539917487259799 3.97949e+06 4.05306e+06
1539917487359701 3.98223e+06 4.05598e+06
1539917487459694 3.98496e+06 4.05884e+06
1539917487559649 3.9876e+06 4.0616e+06
1539917487659574 3.99032e+06 4.06444e+06
1539917487759408 3.99315e+06 4.06734e+06
1539917487859233 3.99579e+06 4.07015e+06
1539917487959041 3.99843e+06 4.07301e+06
1539917488059000 4.00107e+06 4.0759e+06
1539917488158928 4.00351e+06 4.07877e+06
1539917488258807 4.00613e+06 4.08192e+06
1539917488358739 4.00873e+06 4.08495e+06
1539917488458570 4.01119e+06 4.08799e+06
1539917488558403 4.01374e+06 4.09107e+06
1539917488658272 4.01638e+06 4.09404e+06
1539917488758147 4.01904e+06 4.09713e+06
1539917488858011 4.02166e+06 4.10008e+06
1539917488957999 4.02435e+06 4.10299e+06
1539917489057868 4.027e+06 4.10595e+06
1539917489157783 4.02964e+06 4.10878e+06
1539917489257738 4.03228e+06 4.11146e+06
1539917489357584 4.03502e+06 4.11422e+06
1539917489457439 4.03767e+06 4.11669e+06
1539917489557427 4.04048e+06 4.11912e+06
1539917489657284 4.04337e+06 4.1215e+06
1539917489757237 4.04632e+06 4.12372e+06
1539917489857091 4.04934e+06 4.12578e+06
1539917489956913 4.05225e+06 4.1278e+06
1539917490056812 4.05502e+06 4.1298e+06
1539917490156638 4.05791e+06 4.13188e+06
1539917490256516 4.06054e+06 4.13384e+06
1539917490356472 4.06307e+06 4.13578e+06
1539917490456454 4.06573e+06 4.13782e+06
1539917490556303 4.06818e+06 4.13973e+06
1539917490656250 4.07064e+06 4.14163e+06
1539917490756124 4.07316e+06 4.14356e+06
1539917490855983 4.07558e+06 4.1455e+06
1539917490956053 4.07794e+06 4.14746e+06
1539917491055837 4.0804e+06 4.14946e+06
1539917491155681 4.08268e+06 4.15145e+06
1539917491255517 4.08492e+06 4.15362e+06
1539917491355401 4.08709e+06 4.15584e+06
1539917491455278 4.08925e+06 4.15806e+06
1539917491555240 4.09145e+06 4.16047e+06
1539917491655112 4.0935e+06 4.16296e+06
1539917491754958 4.0955e+06 4.16548e+06
1539917491854790 4.0974e+06 4.16806e+06
1539917491954648 4.09916e+06 4.17082e+06
1539917492054540 4.10071e+06 4.17363e+06
1539917492154417 4.10218e+06 4.17655e+06
1539917492254343 4.10349e+06 4.17953e+06
1539917492354341 4.10469e+06 4.18246e+06
1539917492454212 4.10579e+06 4.18553e+06
1539917492554221 4.10672e+06 4.18855e+06
1539917492654251 4.10745e+06 4.19166e+06
1539917492754072 4.10807e+06 4.19476e+06
1539917492853978 4.10853e+06 4.1977e+06
1539917492953810 4.1089e+06 4.20054e+06
1539917493053736 4.10911e+06 4.20332e+06
1539917493153584 4.10926e+06 4.2061e+06
1539917493253429 4.10937e+06 4.20875e+06
1539917493353374 4.10952e+06 4.21139e+06
1539917493453228 4.10978e+06 4.2139e+06
1539917493553184 4.11019e+06 4.21629e+06
1539917493653120 4.11076e+06 4.21856e+06
1539917493752923 4.11153e+06 4.22083e+06
1539917493852773 4.11252e+06 4.22292e+06
1539917493952626 4.11372e+06 4.22485e+06
1539917494052529 4.11506e+06 4.22669e+06
1539917494152513 4.11656e+06 4.22851e+06
1539917494252358 4.11815e+06 4.23016e+06
1539917494352337 4.11999e+06 4.2318e+06
1539917494452255 4.12183e+06 4.23332e+06
1539917494552196 4.12385e+06 4.23491e+06
1539917494652011 4.12587e+06 4.23645e+06
1539917494751878 4.12791e+06 4.23793e+06
1539917494851732 4.13013e+06 4.23943e+06
1539917494984894 4.13294e+06 4.24136e+06
1539917495084873 4.13497e+06 4.24288e+06
1539917495184729 4.137e+06 4.24451e+06
1539917495284776 4.13901e+06 4.24623e+06
1539917495384562 4.14093e+06 4.24804e+06
1539917495484479 4.14274e+06 4.25001e+06
1539917495584295 4.1445e+06 4.25216e+06
1539917495684262 4.1462e+06 4.25436e+06
1539917495784183 4.14781e+06 4.25651e+06
1539917495883996 4.14942e+06 4.25876e+06
1539917495983966 4.151e+06 4.26112e+06
1539917496083792 4.15255e+06 4.26335e+06
1539917496183681 4.15416e+06 4.26556e+06
1539917496283695 4.15578e+06 4.26779e+06
1539917496383759 4.15738e+06 4.27003e+06
1539917496483846 4.15904e+06 4.27232e+06
1539917496583911 4.16066e+06 4.27454e+06
1539917496683895 4.16237e+06 4.27682e+06
1539917496783744 4.16417e+06 4.27909e+06
1539917496883718 4.16606e+06 4.28127e+06
1539917496983692 4.16807e+06 4.28341e+06
1539917497083621 4.17032e+06 4.28559e+06
1539917497183418 4.17271e+06 4.28759e+06
1539917497283462 4.17518e+06 4.28946e+06
1539917497383245 4.17772e+06 4.2913e+06
1539917497483194 4.18028e+06 4.29315e+06
1539917497583030 4.18276e+06 4.29495e+06
1539917497682868 4.18527e+06 4.29676e+06
1539917497782742 4.188e+06 4.29872e+06
1539917497882688 4.19055e+06 4.30077e+06
1539917497982523 4.19296e+06 4.30288e+06
1539917498082356 4.19533e+06 4.30498e+06
1539917498182312 4.19765e+06 4.30716e+06
1539917498282341 4.19987e+06 4.30944e+06
1539917498382181 4.20211e+06 4.31171e+06
1539917498482023 4.20442e+06 4.31388e+06
1539917498581838 4.20665e+06 4.316e+06
1539917498681757 4.20898e+06 4.31827e+06
1539917498781621 4.21133e+06 4.32051e+06
1539917498881564 4.21372e+06 4.32281e+06
1539917498981391 4.21594e+06 4.32513e+06
1539917499081359 4.21827e+06 4.32756e+06
1539917499181294 4.22063e+06 4.32988e+06
1539917499281141 4.22312e+06 4.33235e+06
1539917499380997 4.22556e+06 4.33482e+06
1539917499480934 4.22805e+06 4.33722e+06
1539917499580756 4.23056e+06 4.33964e+06
1539917499680713 4.23298e+06 4.34211e+06
1539917499780748 4.23562e+06 4.34472e+06
1539917499880528 4.23831e+06 4.34729e+06
1539917500013664 4.24194e+06 4.35097e+06
1539917500113543 4.2447e+06 4.35375e+06
1539917500213486 4.2474e+06 4.35653e+06
1539917500313345 4.25008e+06 4.35949e+06
1539917500413208 4.25273e+06 4.36233e+06
1539917500513054 4.25554e+06 4.36535e+06
1539917500612974 4.25826e+06 4.36831e+06
1539917500712831 4.26113e+06 4.37123e+06
1539917500812763 4.26396e+06 4.3741e+06
1539917500912621 4.26691e+06 4.37714e+06
1539917501012476 4.26984e+06 4.38001e+06
1539917501112314 4.27286e+06 4.383e+06
1539917501212206 4.27596e+06 4.38607e+06
1539917501312090 4.27899e+06 4.38896e+06
1539917501411998 4.28188e+06 4.39186e+06
1539917501511962 4.285e+06 4.39489e+06
1539917501611842 4.288e+06 4.39776e+06
1539917501711732 4.29098e+06 4.40074e+06
1539917501811648 4.29397e+06 4.40366e+06
1539917501911612 4.29693e+06 4.40657e+06
1539917502011535 4.29994e+06 4.40964e+06
1539917502111335 4.30298e+06 4.41257e+06
1539917502211215 4.30594e+06 4.41555e+06
1539917502311084 4.30888e+06 4.41853e+06
1539917502410938 4.31186e+06 4.42148e+06
1539917502510836 4.31471e+06 4.42445e+06
1539917502610891 4.31769e+06 4.42744e+06
1539917502710752 4.32066e+06 4.43033e+06
1539917502810618 4.32361e+06 4.43335e+06
1539917502910465 4.32667e+06 4.43638e+06
1539917503010324 4.32959e+06 4.43936e+06
1539917503110288 4.33252e+06 4.44249e+06
1539917503210137 4.33546e+06 4.4455e+06
1539917503310083 4.33844e+06 4.4486e+06
1539917503409929 4.34138e+06 4.45168e+06
1539917503509832 4.34439e+06 4.45466e+06
1539917503609702 4.34738e+06 4.45771e+06
1539917503709549 4.35038e+06 4.46066e+06
1539917503809504 4.35341e+06 4.46362e+06
1539917503909412 4.35644e+06 4.4667e+06
1539917504009263 4.35952e+06 4.46972e+06
1539917504109124 4.36249e+06 4.4727e+06
1539917504209069 4.36553e+06 4.47584e+06
1539917504308930 4.36863e+06 4.47882e+06
1539917504408784 4.37165e+06 4.48188e+06
1539917504508674 4.3747e+06 4.4849e+06
1539917504608566 4.37773e+06 4.48784e+06
1539917504708443 4.38069e+06 4.49088e+06
1539917504808382 4.38362e+06 4.49378e+06
1539917504908270 4.38664e+06 4.49685e+06
1539917505008142 4.38959e+06 4.49993e+06
1539917505108068 4.39258e+06 4.50298e+06
1539917505208055 4.39547e+06 4.50604e+06
1539917505307893 4.39842e+06 4.50916e+06
1539917505407763 4.40142e+06 4.51215e+06
1539917505507681 4.40436e+06 4.5152e+06
1539917505607609 4.40737e+06 4.51819e+06
1539917505707461 4.41033e+06 4.52104e+06
1539917505807345 4.41323e+06 4.52398e+06
1539917505907295 4.41615e+06 4.52682e+06
1539917506007236 4.41916e+06 4.52978e+06
1539917506107081 4.42212e+06 4.5328e+06
1539917506207056 4.42515e+06 4.5358e+06
1539917506307024 4.42815e+06 4.53886e+06
1539917506406818 4.43108e+06 4.54188e+06
1539917506506745 4.43406e+06 4.54481e+06
1539917506606573 4.43696e+06 4.54777e+06
1539917506706501 4.43987e+06 4.55065e+06
1539917506806408 4.44283e+06 4.55352e+06
1539917506906298 4.44574e+06 4.55649e+06
1539917507006213 4.44872e+06 4.5594e+06
1539917507106003 4.45176e+06 4.56237e+06
1539917507205858 4.45476e+06 4.56538e+06
1539917507305649 4.45786e+06 4.56835e+06
1539917507405500 4.46089e+06 4.57128e+06
1539917507505357 4.46401e+06 4.57432e+06
1539917507605262 4.46719e+06 4.57721e+06
1539917507705253 4.47034e+06 4.58016e+06
1539917507805181 4.47348e+06 4.58304e+06
1539917507905033 4.47662e+06 4.58582e+06
1539917508004988 4.4797e+06 4.58871e+06
1539917508104972 4.48287e+06 4.59157e+06
1539917508204849 4.486e+06 4.59446e+06
1539917508304678 4.48906e+06 4.59738e+06
1539917508404503 4.4921e+06 4.60026e+06
1539917508504441 4.49494e+06 4.60316e+06
1539917508604377 4.49781e+06 4.60623e+06
1539917508704185 4.50056e+06 4.60921e+06
1539917508804049 4.50318e+06 4.61224e+06
1539917508903904 4.50583e+06 4.61532e+06
1539917509003768 4.50852e+06 4.61831e+06
1539917509103634 4.51122e+06 4.62143e+06
1539917509203516 4.51396e+06 4.6244e+06
1539917509303381 4.51683e+06 4.62738e+06
1539917509403354 4.51969e+06 4.63036e+06
1539917509503317 4.52265e+06 4.63326e+06
1539917509603165 4.52555e+06 4.63607e+06
1539917509703053 4.52853e+06 4.63906e+06
1539917509802932 4.5315e+06 4.64197e+06
1539917509902796 4.53447e+06 4.6449e+06
1539917510002836 4.53743e+06 4.6479e+06
1539917510102746 4.54042e+06 4.65081e+06
1539917510202642 4.54341e+06 4.65384e+06
1539917510302487 4.54637e+06 4.65681e+06
1539917510402437 4.54939e+06 4.65978e+06
1539917510502257 4.5523e+06 4.66282e+06
1539917510602147 4.5552e+06 4.66577e+06
1539917510702198 4.55808e+06 4.66867e+06
1539917510802018 4.56086e+06 4.67163e+06
1539917510901829 4.56372e+06 4.6745e+06
1539917511001857 4.56654e+06 4.67738e+06
1539917511101667 4.5693e+06 4.68031e+06
1539917511201537 4.57211e+06 4.68313e+06
1539917511301447 4.57488e+06 4.68598e+06
1539917511401522 4.57767e+06 4.68889e+06
1539917511501478 4.58037e+06 4.69162e+06
1539917511601472 4.58318e+06 4.69454e+06
1539917511701339 4.58582e+06 4.69739e+06
1539917511801213 4.58844e+06 4.70015e+06
1539917511901202 4.5911e+06 4.70304e+06
1539917512001132 4.59364e+06 4.70582e+06
1539917512101089 4.59617e+06 4.70849e+06
1539917512201047 4.5988e+06 4.71129e+06
1539917512300850 4.60127e+06 4.71389e+06
1539917512400669 4.6038e+06 4.71644e+06
1539917512500530 4.60631e+06 4.719e+06
1539917512600350 4.60856e+06 4.7214e+06
1539917512700265 4.61078e+06 4.72384e+06
1539917512800132 4.61292e+06 4.7263e+06
1539917512899994 4.61494e+06 4.7288e+06
1539917512999918 4.61683e+06 4.73129e+06
1539917513099817 4.61852e+06 4.73374e+06
1539917513199761 4.62009e+06 4.7362e+06
1539917513299701 4.62145e+06 4.73858e+06
1539917513399543 4.62259e+06 4.74086e+06
1539917513499480 4.6235e+06 4.74314e+06
1539917513599380 4.62419e+06 4.74536e+06
1539917513699210 4.62472e+06 4.74746e+06
1539917513799047 4.62509e+06 4.74946e+06
1539917513899109 4.62532e+06 4.75141e+06
1539917513998934 4.62547e+06 4.75324e+06
1539917514098850 4.62553e+06 4.75498e+06
1539917514198674 4.62552e+06 4.75658e+06
1539917514298660 4.62542e+06 4.7581e+06
1539917514398500 4.62527e+06 4.75966e+06
1539917514498329 4.62506e+06 4.76115e+06
1539917514598212 4.62483e+06 4.76262e+06
1539917514731497 4.62451e+06 4.76451e+06
1539917514831341 4.62428e+06 4.76592e+06
1539917514931315 4.62406e+06 4.76735e+06
1539917515031239 4.6239e+06 4.76878e+06
1539917515131063 4.62382e+06 4.77015e+06
1539917515230880 4.62381e+06 4.77154e+06
1539917515330837 4.62391e+06 4.77292e+06
1539917515430779 4.62404e+06 4.77435e+06
1539917515530653 4.62421e+06 4.77583e+06
1539917515630512 4.62446e+06 4.77724e+06
1539917515730379 4.62488e+06 4.77862e+06
1539917515830240 4.62545e+06 4.77989e+06
1539917515930119 4.62619e+06 4.7811e+06
1539917516029987 4.62714e+06 4.78226e+06
1539917516129843 4.62834e+06 4.78333e+06
1539917516263044 4.63023e+06 4.78471e+06
1539917516363114 4.63183e+06 4.78566e+06
1539917516462960 4.63351e+06 4.78659e+06
1539917516562850 4.63523e+06 4.78752e+06
1539917516662782 4.63698e+06 4.78852e+06
1539917516762616 4.63868e+06 4.78956e+06
1539917516862431 4.64037e+06 4.79076e+06
1539917516962294 4.64195e+06 4.79205e+06
1539917517062250 4.64352e+06 4.79346e+06
1539917517162107 4.64512e+06 4.79495e+06
1539917517261963 4.64674e+06 4.79644e+06
1539917517361806 4.64841e+06 4.79795e+06
1539917517461781 4.6501e+06 4.79949e+06
1539917517561635 4.6519e+06 4.80104e+06
1539917517661674 4.65384e+06 4.8026e+06
1539917517761467 4.65592e+06 4.80423e+06
1539917517861315 4.65799e+06 4.80592e+06
1539917517961268 4.66027e+06 4.80784e+06
1539917518061151 4.6626e+06 4.80981e+06
1539917518161044 4.66497e+06 4.81185e+06
1539917518294198 4.66812e+06 4.81467e+06
1539917518394207 4.67048e+06 4.81685e+06
1539917518494112 4.67294e+06 4.81918e+06
1539917518593961 4.67533e+06 4.82148e+06
1539917518693874 4.6778e+06 4.8239e+06
1539917518793812 4.68034e+06 4.82646e+06
1539917518893792 4.68284e+06 4.82905e+06
1539917518993553 4.68548e+06 4.83174e+06
1539917519093403 4.68821e+06 4.83456e+06
1539917519193246 4.69095e+06 4.83739e+06
1539917519293198 4.69367e+06 4.84022e+06
1539917519393082 4.69659e+06 4.84325e+06
1539917519492911 4.69938e+06 4.84609e+06
1539917519592845 4.70239e+06 4.84909e+06
1539917519692710 4.70542e+06 4.85208e+06
1539917519792556 4.70838e+06 4.85498e+06
1539917519925693 4.71242e+06 4.85893e+06
1539917520025612 4.71547e+06 4.86188e+06
1539917520158761 4.71955e+06 4.86576e+06
1539917520258762 4.72261e+06 4.86864e+06
1539917520358624 4.72558e+06 4.87139e+06
1539917520458583 4.72869e+06 4.87418e+06
1539917520558470 4.73174e+06 4.87692e+06
1539917520658332 4.73481e+06 4.87956e+06
1539917520758472 4.73799e+06 4.88221e+06
1539917520858145 4.74109e+06 4.8848e+06
1539917520957993 4.74429e+06 4.88732e+06
1539917521057826 4.74747e+06 4.88987e+06
1539917521157683 4.75052e+06 4.89245e+06
1539917521257565 4.75366e+06 4.89512e+06
1539917521357535 4.7566e+06 4.89786e+06
1539917521457504 4.75954e+06 4.90076e+06
1539917521557353 4.76248e+06 4.90362e+06
1539917521657239 4.76531e+06 4.90657e+06
1539917521757084 4.76818e+06 4.90964e+06
1539917521856968 4.77105e+06 4.91271e+06
1539917521956912 4.77378e+06 4.91589e+06
1539917522056779 4.77654e+06 4.91907e+06
1539917522156832 4.77932e+06 4.92227e+06
1539917522256635 4.78204e+06 4.92554e+06
1539917522356494 4.78491e+06 4.92876e+06
1539917522456372 4.78775e+06 4.93192e+06
1539917522556255 4.79061e+06 4.93512e+06
1539917522656106 4.79359e+06 4.93828e+06
1539917522755985 4.79655e+06 4.94152e+06
1539917522855957 4.79939e+06 4.94467e+06
1539917522955821 4.80226e+06 4.94785e+06
1539917523055677 4.80491e+06 4.95093e+06
1539917523155632 4.80765e+06 4.95411e+06
1539917523255609 4.81033e+06 4.95725e+06
1539917523355458 4.81293e+06 4.96028e+06
1539917523455349 4.81552e+06 4.9633e+06
1539917523555186 4.8181e+06 4.9663e+06
1539917523655081 4.82063e+06 4.96923e+06
1539917523755125 4.82306e+06 4.97225e+06
1539917523854960 4.82544e+06 4.9753e+06
1539917523954877 4.82781e+06 4.97834e+06
1539917524054875 4.83006e+06 4.98153e+06
1539917524154690 4.83224e+06 4.98467e+06
1539917524254510 4.83443e+06 4.98782e+06
1539917524354437 4.83658e+06 4.99104e+06
1539917524454218 4.83864e+06 4.99413e+06
1539917524554170 4.84077e+06 4.99731e+06
1539917524654006 4.84301e+06 5.00046e+06
1539917524753902 4.84526e+06 5.00352e+06
1539917524853868 4.84758e+06 5.00665e+06
1539917524986954 4.85091e+06 5.01081e+06
1539917525086828 4.85346e+06 5.01388e+06
1539917525186758 4.85602e+06 5.01696e+06
1539917525286607 4.85877e+06 5.02e+06
1539917525386453 4.86155e+06 5.0231e+06
1539917525486356 4.8643e+06 5.02613e+06
1539917525586242 4.86714e+06 5.02912e+06
1539917525686117 4.87e+06 5.03213e+06
1539917525786201 4.87286e+06 5.035e+06
1539917525886030 4.87593e+06 5.03791e+06
1539917525986011 4.87906e+06 5.04082e+06
1539917526085891 4.88216e+06 5.04359e+06
1539917526185727 4.88533e+06 5.04646e+06
1539917526285632 4.88837e+06 5.04939e+06
1539917526385673 4.89137e+06 5.05232e+06
1539917526485674 4.89431e+06 5.0554e+06
1539917526585721 4.89712e+06 5.05852e+06
1539917526685758 4.89991e+06 5.06164e+06
1539917526785728 4.90269e+06 5.0649e+06
1539917526885910 4.9054e+06 5.06808e+06
1539917526985649 4.90822e+06 5.0713e+06
1539917527085469 4.9111e+06 5.07451e+06
1539917527185314 4.91394e+06 5.07757e+06
1539917527285198 4.9169e+06 5.08066e+06
1539917527385138 4.9199e+06 5.08371e+06
1539917527484957 4.92278e+06 5.0866e+06
1539917527584846 4.92582e+06 5.08954e+06
1539917527684890 4.92885e+06 5.09236e+06
1539917527784721 4.93189e+06 5.09511e+06
1539917527884546 4.93507e+06 5.09794e+06
1539917527984400 4.93804e+06 5.10059e+06
1539917528084347 4.94104e+06 5.1033e+06
1539917528184316 4.94409e+06 5.1062e+06
1539917528284135 4.94698e+06 5.109e+06
1539917528383952 4.94992e+06 5.11186e+06
1539917528483894 4.9528e+06 5.11471e+06
1539917528583817 4.95567e+06 5.11748e+06
1539917528683758 4.95858e+06 5.12031e+06
1539917528783563 4.96138e+06 5.12319e+06
1539917528883515 4.96413e+06 5.12605e+06
1539917528983352 4.9669e+06 5.12898e+06
1539917529083309 4.96948e+06 5.13174e+06
1539917529183177 4.97219e+06 5.13455e+06
1539917529283042 4.9749e+06 5.13733e+06
1539917529382911 4.97754e+06 5.14009e+06
1539917529482771 4.98019e+06 5.14284e+06
1539917529582645 4.98292e+06 5.14568e+06
1539917529682600 4.98546e+06 5.14835e+06
1539917529782495 4.98816e+06 5.15121e+06
1539917529882378 4.99064e+06 5.15384e+06
1539917529982277 4.99304e+06 5.15637e+06
1539917530082156 4.99531e+06 5.15876e+06
1539917530182035 4.99766e+06 5.16124e+06
1539917530281919 4.99991e+06 5.16361e+06
1539917530381810 5.00204e+06 5.16589e+06
1539917530481672 5.00412e+06 5.16814e+06
1539917530581529 5.00618e+06 5.17037e+06
1539917530681428 5.00825e+06 5.17255e+06
1539917530781301 5.01023e+06 5.17466e+06
1539917530881197 5.01216e+06 5.17675e+06
1539917530981086 5.0141e+06 5.17883e+06
1539917531080967 5.01601e+06 5.18083e+06
1539917531180987 5.01784e+06 5.18278e+06
1539917531280969 5.0196e+06 5.18472e+06
1539917531380910 5.02136e+06 5.18665e+06
1539917531480731 5.02313e+06 5.18854e+06
1539917531580701 5.02486e+06 5.19032e+06
1539917531680526 5.02659e+06 5.19215e+06
1539917531780419 5.02842e+06 5.1941e+06
1539917531880368 5.0303e+06 5.19611e+06
1539917531980185 5.03225e+06 5.19822e+06
1539917532080026 5.03422e+06 5.20052e+06
1539917532180014 5.03621e+06 5.203e+06
1539917532279976 5.0383e+06 5.20556e+06
1539917532379791 5.04042e+06 5.20814e+06
1539917532479662 5.04248e+06 5.2108e+06
1539917532579612 5.0445e+06 5.21352e+06
1539917532679473 5.04648e+06 5.21622e+06
1539917532779345 5.04842e+06 5.21912e+06
1539917532879204 5.05024e+06 5.22198e+06
1539917532979055 5.05188e+06 5.22467e+06
1539917533079218 5.05364e+06 5.22764e+06
1539917533212446 5.05593e+06 5.23125e+06
1539917533312247 5.05766e+06 5.23398e+06
1539917533412166 5.05936e+06 5.23668e+06
1539917533512060 5.0611e+06 5.23935e+06
1539917533611837 5.06289e+06 5.24202e+06
1539917533711704 5.06472e+06 5.24462e+06
1539917533811668 5.06662e+06 5.24714e+06
1539917533911490 5.06861e+06 5.24962e+06
1539917534011307 5.07057e+06 5.25204e+06
1539917534111177 5.07253e+06 5.25447e+06
1539917534211149 5.07397e+06 5.25674e+06
1539917534311120 5.07539e+06 5.25918e+06
1539917534411049 5.07699e+06 5.26173e+06
1539917534510970 5.07858e+06 5.26408e+06
1539917534610798 5.08029e+06 5.26635e+06
1539917534710724 5.08216e+06 5.26868e+06
1539917534810609 5.0841e+06 5.27085e+06
1539917534910405 5.0862e+06 5.27288e+06
1539917535010371 5.08852e+06 5.2749e+06
1539917535143534 5.09178e+06 5.2775e+06
1539917535243348 5.09433e+06 5.27942e+06
1539917535343315 5.09695e+06 5.28134e+06
1539917535443370 5.09958e+06 5.28336e+06
1539917535543265 5.10223e+06 5.28546e+06
1539917535643031 5.10492e+06 5.28751e+06
1539917535742880 5.10771e+06 5.28966e+06
1539917535842732 5.11038e+06 5.29185e+06
1539917535942811 5.11314e+06 5.2941e+06
1539917536042671 5.1158e+06 5.29631e+06
1539917536142505 5.11847e+06 5.29864e+06
1539917536242372 5.12115e+06 5.30109e+06
1539917536342223 5.12386e+06 5.30366e+06
1539917536442167 5.12647e+06 5.30626e+06
1539917536541982 5.12917e+06 5.30909e+06
1539917536641844 5.13185e+06 5.31197e+06
1539917536741714 5.13437e+06 5.31482e+06
1539917536841609 5.13703e+06 5.31786e+06
1539917536941488 5.13974e+06 5.32085e+06
1539917537041357 5.14245e+06 5.32386e+06
1539917537141255 5.14529e+06 5.32697e+06
1539917537241340 5.14821e+06 5.33005e+06
1539917537341164 5.15109e+06 5.33321e+06
1539917537441067 5.15406e+06 5.33638e+06
1539917537540904 5.157e+06 5.33944e+06
1539917537640744 5.16004e+06 5.34261e+06
1539917537740628 5.16317e+06 5.34582e+06
1539917537840698 5.1662e+06 5.34894e+06
1539917537940601 5.16922e+06 5.35209e+06
1539917538040444 5.17232e+06 5.35513e+06
1539917538140269 5.17536e+06 5.35815e+06
1539917538240101 5.17851e+06 5.36102e+06
1539917538339905 5.18168e+06 5.36379e+06
1539917538439785 5.18482e+06 5.36656e+06
1539917538539657 5.18809e+06 5.36928e+06
1539917538639560 5.19128e+06 5.37189e+06
1539917538739454 5.19459e+06 5.37459e+06
1539917538839316 5.19779e+06 5.37719e+06
1539917538939255 5.20096e+06 5.37976e+06
1539917539039131 5.20419e+06 5.38236e+06
1539917539139118 5.20743e+06 5.3849e+06
1539917539238956 5.21073e+06 5.38733e+06
1539917539338832 5.21408e+06 5.3897e+06
1539917539438694 5.21743e+06 5.39207e+06
1539917539538653 5.22082e+06 5.39428e+06
1539917539638682 5.22411e+06 5.39643e+06
1539917539738481 5.2274e+06 5.3986e+06
1539917539838373 5.23057e+06 5.40074e+06
1539917539938416 5.23367e+06 5.40283e+06
1539917540038215 5.23675e+06 5.40488e+06
1539917540138036 5.23983e+06 5.40702e+06
1539917540237910 5.24284e+06 5.40924e+06
1539917540337785 5.24584e+06 5.4115e+06
1539917540437680 5.24864e+06 5.41384e+06
1539917540537571 5.25149e+06 5.41634e+06
1539917540637435 5.25436e+06 5.41887e+06
1539917540737397 5.25711e+06 5.42142e+06
1539917540837267 5.25988e+06 5.42408e+06
1539917540937113 5.26268e+06 5.42678e+06
1539917541036960 5.26541e+06 5.42944e+06
1539917541136859 5.26826e+06 5.43226e+06
1539917541236742 5.2712e+06 5.4351e+06
1539917541336721 5.27417e+06 5.43795e+06
1539917541436822 5.27717e+06 5.44076e+06
1539917541536954 5.2803e+06 5.44362e+06
1539917541636898 5.28344e+06 5.44649e+06
1539917541736943 5.28664e+06 5.44944e+06
1539917541837040 5.28977e+06 5.45236e+06
1539917541936887 5.29288e+06 5.45529e+06
1539917542036778 5.29599e+06 5.45833e+06
1539917542136662 5.29906e+06 5.46141e+06
1539917542236680 5.30215e+06 5.46458e+06
1539917542336474 5.30521e+06 5.46782e+06
1539917542436422 5.30824e+06 5.471e+06
1539917542536268 5.31132e+06 5.47417e+06
1539917542636171 5.31439e+06 5.47729e+06
1539917542736053 5.31753e+06 5.48046e+06
1539917542836016 5.32069e+06 5.48363e+06
1539917542935879 5.32377e+06 5.48672e+06
1539917543035729 5.32687e+06 5.48982e+06
1539917543135617 5.32994e+06 5.4929e+06
1539917543235538 5.33304e+06 5.49597e+06
1539917543335469 5.33624e+06 5.49912e+06
1539917543435309 5.33939e+06 5.5022e+06
1539917543535274 5.34267e+06 5.50537e+06
1539917543635210 5.3458e+06 5.50845e+06
1539917543735002 5.34905e+06 5.5117e+06
1539917543835060 5.35226e+06 5.51495e+06
1539917543934713 5.35532e+06 5.51809e+06
1539917544034611 5.35846e+06 5.52131e+06
1539917544134455 5.36158e+06 5.52453e+06
1539917544234310 5.36458e+06 5.52762e+06
1539917544334280 5.36775e+06 5.5309e+06
1539917544434342 5.37084e+06 5.53407e+06
1539917544534246 5.37386e+06 5.53713e+06
1539917544634117 5.37713e+06 5.54041e+06
1539917544734050 5.3801e+06 5.5434e+06
1539917544833943 5.38338e+06 5.54671e+06
1539917544933770 5.38656e+06 5.5499e+06
1539917545033547 5.3897e+06 5.55303e+06
1539917545133572 5.39293e+06 5.55624e+06
1539917545233364 5.39607e+06 5.55936e+06
1539917545333292 5.39916e+06 5.56248e+06
1539917545433214 5.40241e+06 5.56577e+06
1539917545533018 5.40549e+06 5.56891e+06
1539917545632869 5.40861e+06 5.57214e+06
1539917545732726 5.4116e+06 5.57527e+06
1539917545832561 5.41457e+06 5.57841e+06
1539917545932386 5.41753e+06 5.58152e+06
1539917546032290 5.42056e+06 5.58466e+06
1539917546132266 5.42365e+06 5.58789e+06
1539917546232169 5.42676e+06 5.59107e+06
1539917546332048 5.42973e+06 5.59418e+06
1539917546432018 5.43269e+06 5.59727e+06
1539917546531918 5.43581e+06 5.60044e+06
1539917546631815 5.43876e+06 5.60349e+06
1539917546731683 5.44174e+06 5.60651e+06
1539917546831531 5.44466e+06 5.60949e+06
1539917546931517 5.44762e+06 5.61253e+06
1539917547031379 5.45071e+06 5.61561e+06
1539917547131286 5.45383e+06 5.6186e+06
1539917547231163 5.45701e+06 5.6216e+06
1539917547331037 5.46016e+06 5.62443e+06
1539917547431032 5.46324e+06 5.62724e+06
1539917547530966 5.46637e+06 5.6301e+06
1539917547630805 5.46953e+06 5.63299e+06
1539917547730806 5.47251e+06 5.63573e+06
1539917547830634 5.47554e+06 5.63847e+06
1539917547930450 5.47837e+06 5.64103e+06
1539917548030406 5.48114e+06 5.64349e+06
1539917548130357 5.48403e+06 5.64606e+06
1539917548230163 5.48682e+06 5.64851e+06
1539917548330116 5.48959e+06 5.65087e+06
1539917548429941 5.4923e+06 5.65322e+06
1539917548529776 5.4949e+06 5.65547e+06
1539917548629717 5.49748e+06 5.65763e+06
1539917548729557 5.50007e+06 5.65978e+06
1539917548829407 5.50261e+06 5.66197e+06
1539917548929399 5.50514e+06 5.66418e+06
1539917549029376 5.50768e+06 5.66648e+06
1539917549129204 5.51007e+06 5.66895e+06
1539917549229050 5.51256e+06 5.67164e+06
1539917549329111 5.51504e+06 5.67432e+06
1539917549428912 5.51743e+06 5.67705e+06
1539917549528743 5.51981e+06 5.67981e+06
1539917549628641 5.52218e+06 5.68245e+06
1539917549728507 5.52468e+06 5.68518e+06
1539917549828580 5.52722e+06 5.68798e+06
1539917549928411 5.52973e+06 5.69063e+06
1539917550061581 5.53318e+06 5.69416e+06
1539917550161613 5.53579e+06 5.69677e+06
1539917550261488 5.53852e+06 5.69924e+06
1539917550361392 5.54135e+06 5.70171e+06
1539917550461179 5.54404e+06 5.70398e+06
1539917550561105 5.54714e+06 5.70625e+06
1539917550660912 5.55024e+06 5.70836e+06
1539917550760720 5.55342e+06 5.7104e+06
1539917550860641 5.55664e+06 5.71233e+06
1539917550960556 5.55977e+06 5.71414e+06
1539917551060364 5.56279e+06 5.71588e+06
1539917551160169 5.56598e+06 5.71775e+06
1539917551260025 5.56897e+06 5.71956e+06
1539917551359880 5.57188e+06 5.72125e+06
1539917551459794 5.57487e+06 5.723e+06
1539917551559789 5.5778e+06 5.72486e+06
1539917551659749 5.58066e+06 5.72679e+06
1539917551759642 5.5834e+06 5.72885e+06
1539917551859496 5.58604e+06 5.73099e+06
1539917551959355 5.58861e+06 5.73329e+06
1539917552059289 5.59114e+06 5.73577e+06
1539917552159127 5.59351e+06 5.73831e+06
1539917552258967 5.59588e+06 5.74091e+06
1539917552358938 5.5983e+06 5.74368e+06
1539917552458784 5.60064e+06 5.74629e+06
1539917552558749 5.60328e+06 5.74903e+06
1539917552658578 5.606e+06 5.75174e+06
1539917552758524 5.60872e+06 5.75442e+06
1539917552858444 5.61144e+06 5.75709e+06
1539917552958447 5.61418e+06 5.75982e+06
1539917553058351 5.6169e+06 5.76261e+06
1539917553158149 5.61978e+06 5.76554e+06
1539917553258010 5.62262e+06 5.76845e+06
1539917553357890 5.6254e+06 5.7713e+06
1539917553457734 5.62822e+06 5.77412e+06
1539917553557662 5.63104e+06 5.77694e+06
1539917553657536 5.63384e+06 5.77972e+06
1539917553757401 5.63659e+06 5.78234e+06
1539917553857326 5.63944e+06 5.78511e+06
1539917553957161 5.64212e+06 5.78777e+06
1539917554057003 5.64477e+06 5.79044e+06
1539917554156986 5.64746e+06 5.79328e+06
1539917554256853 5.65006e+06 5.79611e+06
1539917554356904 5.65267e+06 5.79895e+06
1539917554456717 5.65529e+06 5.80182e+06
1539917554556581 5.65781e+06 5.80457e+06
1539917554656529 5.66026e+06 5.80719e+06
1539917554756338 5.66298e+06 5.81e+06
1539917554856276 5.66561e+06 5.81259e+06
1539917554956193 5.66829e+06 5.81514e+06
1539917555056051 5.67105e+06 5.81765e+06
1539917555156002 5.6742e+06 5.82038e+06
1539917555255841 5.67658e+06 5.82235e+06
1539917555355697 5.67949e+06 5.82464e+06
1539917555455580 5.6824e+06 5.82686e+06
1539917555555449 5.68533e+06 5.82899e+06
1539917555655303 5.68836e+06 5.83107e+06
1539917555755298 5.6913e+06 5.8331e+06
1539917555855144 5.69435e+06 5.83512e+06
1539917555955029 5.6974e+06 5.83702e+06
1539917556054976 5.7003e+06 5.83884e+06
1539917556154826 5.7034e+06 5.84078e+06
1539917556254863 5.70632e+06 5.84262e+06
1539917556354794 5.70917e+06 5.84439e+06
1539917556454885 5.71217e+06 5.84619e+06
1539917556554913 5.71502e+06 5.84798e+06
1539917556655014 5.71785e+06 5.84982e+06
1539917556755039 5.72064e+06 5.85168e+06
1539917556854960 5.72328e+06 5.85355e+06
1539917556954823 5.72603e+06 5.85566e+06
1539917557054699 5.72869e+06 5.8578e+06
1539917557154587 5.73129e+06 5.85998e+06
1539917557254595 5.73385e+06 5.86216e+06
1539917557354545 5.73644e+06 5.86443e+06
1539917557487689 5.73977e+06 5.86765e+06
1539917557587600 5.74222e+06 5.8701e+06
1539917557687573 5.74472e+06 5.87264e+06
1539917557787420 5.7472e+06 5.87532e+06
1539917557887262 5.74969e+06 5.87799e+06
1539917557987138 5.75219e+06 5.88056e+06
1539917558087031 5.75485e+06 5.88333e+06
1539917558186985 5.75748e+06 5.886e+06
1539917558287034 5.7602e+06 5.88867e+06
1539917558386876 5.76292e+06 5.89142e+06
1539917558486928 5.76556e+06 5.89409e+06
1539917558586796 5.76836e+06 5.89686e+06
1539917558686610 5.77109e+06 5.89967e+06
1539917558786424 5.77379e+06 5.90243e+06
1539917558886376 5.77659e+06 5.9052e+06
1539917558986232 5.77944e+06 5.9081e+06
1539917559086076 5.78222e+06 5.91091e+06
1539917559186147 5.78516e+06 5.91382e+06
1539917559285969 5.78801e+06 5.91675e+06
1539917559385823 5.79084e+06 5.91964e+06
1539917559485728 5.79377e+06 5.92258e+06
1539917559585572 5.79656e+06 5.92548e+06
1539917559685462 5.79952e+06 5.92845e+06
1539917559785290 5.80248e+06 5.93142e+06
1539917559885150 5.80542e+06 5.93439e+06
1539917559985200 5.80838e+06 5.93732e+06
1539917560085057 5.81147e+06 5.94039e+06
1539917560184888 5.81446e+06 5.94336e+06
1539917560284749 5.81756e+06 5.94636e+06
1539917560384636 5.8206e+06 5.94942e+06
1539917560484479 5.8236e+06 5.95239e+06
1539917560584424 5.82659e+06 5.9553e+06
1539917560684288 5.82962e+06 5.95832e+06
1539917560784157 5.83278e+06 5.96134e+06
1539917560884094 5.83583e+06 5.96427e+06
1539917560983963 5.83893e+06 5.96731e+06
1539917561083822 5.84198e+06 5.97024e+06
1539917561183729 5.84502e+06 5.97331e+06
1539917561283655 5.84805e+06 5.97641e+06
1539917561383507 5.85106e+06 5.97953e+06
1539917561483355 5.85394e+06 5.98263e+06
1539917561583245 5.85694e+06 5.98581e+06
1539917561683138 5.85993e+06 5.98894e+06
1539917561783105 5.86282e+06 5.99202e+06
1539917561882997 5.86586e+06 5.99518e+06
1539917561982856 5.86884e+06 5.99834e+06
1539917562082803 5.87173e+06 6.00142e+06
1539917562182729 5.87466e+06 6.00454e+06
1539917562282569 5.87763e+06 6.0077e+06
1539917562382493 5.88045e+06 6.01068e+06
1539917562482336 5.8835e+06 6.01388e+06
1539917562615474 5.88736e+06 6.0179e+06
1539917562715325 5.89028e+06 6.02094e+06
1539917562815241 5.89324e+06 6.024e+06
1539917562915238 5.89604e+06 6.02692e+06
1539917563015070 5.89903e+06 6.03006e+06
1539917563114890 5.90187e+06 6.03304e+06
1539917563214768 5.90466e+06 6.03599e+06
1539917563314638 5.90751e+06 6.03899e+06
1539917563414566 5.91026e+06 6.04182e+06
1539917563514523 5.91309e+06 6.04475e+06
1539917563614480 5.91586e+06 6.0476e+06
1539917563714520 5.91858e+06 6.05036e+06
1539917563814371 5.92119e+06 6.05305e+06
1539917563914250 5.92392e+06 6.05573e+06
1539917564014051 5.92658e+06 6.05817e+06
1539917564113906 5.9293e+06 6.06066e+06
1539917564213874 5.932e+06 6.06311e+06
1539917564313695 5.93469e+06 6.06552e+06
1539917564413563 5.93722e+06 6.0678e+06
1539917564513442 5.93979e+06 6.07009e+06
1539917564613348 5.94238e+06 6.07236e+06
1539917564713284 5.9451e+06 6.07467e+06
1539917564813226 5.948e+06 6.07695e+06
1539917564946382 5.95198e+06 6.07991e+06
1539917565046232 5.95495e+06 6.082e+06
1539917565146111 5.95795e+06 6.08413e+06
1539917565245992 5.96089e+06 6.08649e+06
1539917565345913 5.96373e+06 6.08893e+06
1539917565445745 5.96662e+06 6.09141e+06
1539917565578927 5.97037e+06 6.09483e+06
1539917565678814 5.97322e+06 6.09748e+06
1539917565778693 5.97614e+06 6.10023e+06
1539917565878687 5.97895e+06 6.10308e+06
1539917565978540 5.98181e+06 6.10599e+06
1539917566078452 5.98457e+06 6.10885e+06
1539917566178347 5.98728e+06 6.1118e+06
1539917566278245 5.99003e+06 6.11474e+06
1539917566378111 5.99279e+06 6.11765e+06
1539917566478030 5.9954e+06 6.12051e+06
1539917566577934 5.99816e+06 6.12341e+06
1539917566677805 6.00093e+06 6.12634e+06
1539917566777709 6.00354e+06 6.12919e+06
1539917566877671 6.00636e+06 6.13215e+06
1539917566977679 6.00912e+06 6.13502e+06
1539917567077622 6.01174e+06 6.13783e+06
1539917567177438 6.01461e+06 6.14075e+06
1539917567277263 6.01733e+06 6.14359e+06
1539917567377130 6.02011e+06 6.14653e+06
1539917567476991 6.0229e+06 6.14934e+06
1539917567576917 6.02562e+06 6.15214e+06
1539917567676868 6.02834e+06 6.15498e+06
1539917567776705 6.03115e+06 6.15777e+06
1539917567876585 6.03382e+06 6.16051e+06
1539917568009824 6.03759e+06 6.16431e+06
1539917568109761 6.04039e+06 6.16699e+06
1539917568209592 6.04322e+06 6.16975e+06
1539917568309409 6.04604e+06 6.17244e+06
1539917568409375 6.04883e+06 6.17502e+06
1539917568509218 6.05162e+06 6.17776e+06
1539917568642480 6.05528e+06 6.18126e+06
1539917568742343 6.05795e+06 6.18387e+06
1539917568842207 6.06054e+06 6.1866e+06
1539917568942065 6.06308e+06 6.18923e+06
1539917569041983 6.06567e+06 6.19197e+06
1539917569141927 6.06812e+06 6.19469e+06
1539917569241849 6.07058e+06 6.19733e+06
1539917569341701 6.07302e+06 6.19988e+06
1539917569441529 6.07543e+06 6.20256e+06
1539917569541365 6.07773e+06 6.20506e+06
1539917569641494 6.0801e+06 6.2076e+06
1539917569741482 6.08236e+06 6.2101e+06
1539917569841419 6.08452e+06 6.2125e+06
1539917569941262 6.08666e+06 6.21477e+06
1539917570074322 6.08955e+06 6.21782e+06
1539917570174141 6.09165e+06 6.22009e+06
1539917570274051 6.09372e+06 6.22225e+06
1539917570373986 6.09578e+06 6.22436e+06
1539917570473803 6.09782e+06 6.22645e+06
1539917570573695 6.09978e+06 6.22846e+06
1539917570673524 6.10179e+06 6.23037e+06
1539917570773481 6.10389e+06 6.2322e+06
1539917570873315 6.1061e+06 6.23401e+06
1539917570973199 6.1083e+06 6.23563e+06
1539917571073174 6.1105e+06 6.2371e+06
1539917571173106 6.11281e+06 6.23837e+06
1539917571306440 6.11593e+06 6.24002e+06
1539917571406395 6.11828e+06 6.24132e+06
1539917571506378 6.1206e+06 6.24259e+06
1539917571606323 6.12299e+06 6.24394e+06
1539917571706248 6.12527e+06 6.24539e+06
1539917571806164 6.12757e+06 6.24704e+06
1539917571906061 6.12983e+06 6.2489e+06
1539917572005998 6.13197e+06 6.25076e+06
1539917572105998 6.13405e+06 6.25256e+06
1539917572205920 6.13612e+06 6.25424e+06
1539917572305855 6.13818e+06 6.25587e+06
1539917572405704 6.14017e+06 6.25748e+06
1539917572505537 6.142e+06 6.25898e+06
1539917572605394 6.14398e+06 6.26054e+06
1539917572705242 6.14588e+06 6.26198e+06
1539917572805080 6.14766e+06 6.26333e+06
1539917572905069 6.14947e+06 6.26484e+06
1539917573004988 6.15107e+06 6.2664e+06
1539917573104941 6.15265e+06 6.26807e+06
1539917573204746 6.15418e+06 6.26975e+06
1539917573304680 6.1556e+06 6.27138e+06
1539917573404477 6.15683e+06 6.27294e+06
1539917573504349 6.15792e+06 6.27455e+06
1539917573604235 6.15885e+06 6.27615e+06
1539917573704099 6.15962e+06 6.27768e+06
1539917573804081 6.16037e+06 6.27929e+06
1539917573937304 6.16128e+06 6.2814e+06
1539917574037220 6.16198e+06 6.28307e+06
1539917574137034 6.1627e+06 6.28476e+06
1539917574236923 6.16345e+06 6.28645e+06
1539917574336886 6.16425e+06 6.28812e+06
1539917574436728 6.16511e+06 6.28985e+06
1539917574536705 6.16603e+06 6.29163e+06
1539917574636559 6.16703e+06 6.29346e+06
1539917574736449 6.16811e+06 6.29523e+06
1539917574836426 6.16932e+06 6.29705e+06
1539917574936353 6.1706e+06 6.29888e+06
1539917575036253 6.17194e+06 6.30073e+06
1539917575136096 6.17336e+06 6.30263e+06
1539917575236039 6.17485e+06 6.30447e+06
1539917575335830 6.17642e+06 6.30636e+06
1539917575435745 6.17807e+06 6.30828e+06
1539917575535672 6.17972e+06 6.31015e+06
1539917575635517 6.18146e+06 6.31207e+06
1539917575735510 6.18311e+06 6.31393e+06
1539917575835418 6.18473e+06 6.31578e+06
1539917575935225 6.18632e+06 6.3176e+06
1539917576035087 6.1879e+06 6.31938e+06
1539917576134953 6.18938e+06 6.32106e+06
1539917576234802 6.19094e+06 6.32284e+06
1539917576334861 6.19258e+06 6.32467e+06
1539917576434784 6.19434e+06 6.32655e+06
1539917576534698 6.19617e+06 6.32844e+06
1539917576634480 6.19808e+06 6.33033e+06
1539917576734417 6.20017e+06 6.3322e+06
1539917576834214 6.20251e+06 6.334e+06
1539917576934067 6.205e+06 6.33578e+06
1539917577033926 6.20747e+06 6.3376e+06
1539917577133780 6.21001e+06 6.33956e+06
1539917577233762 6.21256e+06 6.34163e+06
1539917577333706 6.21508e+06 6.3438e+06
1539917577433562 6.21761e+06 6.34598e+06
1539917577533464 6.22015e+06 6.34824e+06
1539917577633311 6.22266e+06 6.35062e+06
1539917577733330 6.22512e+06 6.3529e+06
1539917577833168 6.2276e+06 6.35514e+06
1539917577933019 6.23005e+06 6.35744e+06
1539917578032968 6.23249e+06 6.35974e+06
1539917578132905 6.23509e+06 6.36201e+06
1539917578232827 6.23768e+06 6.36432e+06
1539917578332767 6.24022e+06 6.36672e+06
1539917578432562 6.24285e+06 6.36915e+06
1539917578532415 6.24548e+06 6.37165e+06
1539917578632345 6.24798e+06 6.37424e+06
1539917578732208 6.25052e+06 6.3769e+06
1539917578832262 6.25305e+06 6.3795e+06
1539917578932142 6.25559e+06 6.38234e+06
1539917579032048 6.25809e+06 6.38518e+06
1539917579131840 6.26062e+06 6.38804e+06
1539917579231639 6.26301e+06 6.391e+06
1539917579331454 6.26521e+06 6.39388e+06
1539917579431334 6.2674e+06 6.39687e+06
1539917579531183 6.26958e+06 6.4e+06
1539917579631088 6.27159e+06 6.40308e+06
1539917579730962 6.27358e+06 6.4062e+06
1539917579830827 6.27557e+06 6.4093e+06
1539917579930804 6.27755e+06 6.41237e+06
1539917580030673 6.27947e+06 6.41545e+06
1539917580130538 6.28137e+06 6.41852e+06
1539917580230379 6.28333e+06 6.4216e+06
1539917580330267 6.28532e+06 6.42476e+06
1539917580430220 6.28725e+06 6.42779e+06
1539917580530107 6.28924e+06 6.43096e+06
1539917580629986 6.29129e+06 6.43417e+06
1539917580729846 6.29336e+06 6.43726e+06
1539917580829771 6.29544e+06 6.44044e+06
1539917580929648 6.29754e+06 6.4435e+06
1539917581029606 6.29983e+06 6.44656e+06
1539917581129447 6.30225e+06 6.44958e+06
1539917581229426 6.30482e+06 6.45246e+06
1539917581329378 6.30755e+06 6.45534e+06
1539917581429239 6.31043e+06 6.45819e+06
1539917581529104 6.31327e+06 6.46096e+06
1539917581628955 6.3162e+06 6.46376e+06
1539917581728860 6.3193e+06 6.46663e+06
1539917581828732 6.32229e+06 6.46933e+06
1539917581928689 6.32527e+06 6.47196e+06
1539917582028512 6.32844e+06 6.47468e+06
1539917582128485 6.33145e+06 6.47721e+06
1539917582228333 6.33467e+06 6.47988e+06
1539917582328220 6.33778e+06 6.48257e+06
1539917582428122 6.34085e+06 6.48522e+06
1539917582561280 6.3448e+06 6.48886e+06
1539917582661160 6.34762e+06 6.49162e+06
1539917582761119 6.3505e+06 6.49437e+06
1539917582860980 6.35325e+06 6.49712e+06
1539917582960831 6.356e+06 6.49983e+06
1539917583060714 6.35872e+06 6.50246e+06
1539917583160686 6.36147e+06 6.50517e+06
1539917583260540 6.36413e+06 6.50786e+06
1539917583393815 6.36779e+06 6.51157e+06
1539917583493731 6.37043e+06 6.51442e+06
1539917583593672 6.37314e+06 6.51732e+06
1539917583693675 6.37588e+06 6.52016e+06
1539917583793491 6.37852e+06 6.52297e+06
1539917583893333 6.38123e+06 6.52571e+06
1539917583993219 6.38403e+06 6.52846e+06
1539917584093036 6.38677e+06 6.53121e+06
1539917584192857 6.38956e+06 6.5339e+06
1539917584292851 6.39241e+06 6.5366e+06
1539917584392650 6.39526e+06 6.53934e+06
1539917584492609 6.39817e+06 6.54206e+06
1539917584592445 6.40107e+06 6.54473e+06
1539917584692314 6.40389e+06 6.54746e+06
1539917584792176 6.40668e+06 6.55012e+06
1539917584892050 6.40939e+06 6.55284e+06
1539917585025249 6.41284e+06 6.55668e+06
1539917585125124 6.41538e+06 6.5595e+06
1539917585224989 6.41792e+06 6.56236e+06
1539917585324834 6.42051e+06 6.56518e+06
1539917585424734 6.4232e+06 6.56782e+06
1539917585524641 6.42611e+06 6.5706e+06
1539917585624588 6.42894e+06 6.57324e+06
1539917585724576 6.43184e+06 6.57576e+06
1539917585824510 6.43478e+06 6.57838e+06
1539917585924461 6.43774e+06 6.58108e+06
1539917586024329 6.44066e+06 6.58364e+06
1539917586124140 6.44354e+06 6.58628e+06
1539917586223974 6.44632e+06 6.58888e+06
1539917586323951 6.44916e+06 6.59143e+06
1539917586423971 6.45185e+06 6.59405e+06
1539917586524355 6.4545e+06 6.59682e+06
1539917586624140 6.4571e+06 6.59962e+06
1539917586724086 6.45956e+06 6.60252e+06
1539917586824040 6.46191e+06 6.6055e+06
1539917586924083 6.46435e+06 6.60848e+06
1539917587023941 6.46681e+06 6.61161e+06
1539917587123893 6.46921e+06 6.61476e+06
1539917587223855 6.47168e+06 6.61792e+06
1539917587323714 6.4742e+06 6.62107e+06
1539917587423557 6.4767e+06 6.62414e+06
1539917587523454 6.47925e+06 6.62723e+06
1539917587623387 6.48184e+06 6.63026e+06
1539917587723273 6.48445e+06 6.63327e+06
1539917587823187 6.48708e+06 6.6363e+06
1539917587923194 6.48973e+06 6.63923e+06
1539917588023056 6.49238e+06 6.64199e+06
1539917588122860 6.49501e+06 6.64469e+06
1539917588222687 6.49781e+06 6.64721e+06
1539917588322610 6.50081e+06 6.64964e+06
1539917588422467 6.50387e+06 6.65204e+06
1539917588522418 6.50698e+06 6.65427e+06
1539917588622398 6.51006e+06 6.6564e+06
1539917588722195 6.51311e+06 6.65845e+06
1539917588822142 6.51623e+06 6.66058e+06
1539917588921967 6.51913e+06 6.66264e+06
1539917589021960 6.52203e+06 6.66465e+06
1539917589121817 6.5248e+06 6.66659e+06
1539917589221660 6.52766e+06 6.66864e+06
1539917589321645 6.53043e+06 6.67059e+06
1539917589421483 6.53328e+06 6.67257e+06
1539917589521489 6.53599e+06 6.67456e+06
1539917589621428 6.53867e+06 6.67664e+06
1539917589721223 6.54126e+06 6.67881e+06
1539917589821045 6.54368e+06 6.68105e+06
1539917589920918 6.54611e+06 6.68348e+06
1539917590020792 6.54852e+06 6.68616e+06
1539917590120636 6.55081e+06 6.68885e+06
1539917590220574 6.55297e+06 6.69164e+06
1539917590320518 6.555e+06 6.69459e+06
1539917590420437 6.55683e+06 6.69754e+06
1539917590520232 6.55846e+06 6.70065e+06
1539917590620283 6.55989e+06 6.70379e+06
1539917590720211 6.56111e+06 6.70683e+06
1539917590820139 6.56212e+06 6.71005e+06
1539917590919961 6.56295e+06 6.71322e+06
1539917591019861 6.56355e+06 6.7164e+06
1539917591119704 6.56394e+06 6.71955e+06
1539917591219549 6.56416e+06 6.72261e+06
1539917591319423 6.56424e+06 6.72564e+06
1539917591419456 6.5642e+06 6.72861e+06
1539917591519292 6.56416e+06 6.73135e+06
1539917591619134 6.56417e+06 6.73409e+06
1539917591719007 6.56427e+06 6.73666e+06
1539917591818881 6.56451e+06 6.73901e+06
1539917591918956 6.56482e+06 6.74126e+06
1539917592018748 6.56528e+06 6.74341e+06
1539917592118597 6.56594e+06 6.74541e+06
1539917592218436 6.5668e+06 6.74727e+06
1539917592318336 6.5679e+06 6.74902e+06
1539917592418200 6.56922e+06 6.75074e+06
1539917592518144 6.57072e+06 6.7524e+06
1539917592618019 6.57234e+06 6.75399e+06
1539917592717880 6.57409e+06 6.75555e+06
1539917592817724 6.57594e+06 6.75708e+06
1539917592917675 6.57797e+06 6.75859e+06
1539917593017621 6.5801e+06 6.7601e+06
1539917593117487 6.58217e+06 6.76155e+06
1539917593217362 6.58421e+06 6.76301e+06
1539917593317344 6.58628e+06 6.76451e+06
1539917593417212 6.58836e+06 6.7661e+06
1539917593517108 6.59034e+06 6.76782e+06
1539917593617050 6.59226e+06 6.76968e+06
1539917593716871 6.59417e+06 6.77164e+06
1539917593816674 6.59611e+06 6.77375e+06
1539917593916616 6.598e+06 6.77598e+06
1539917594016543 6.59982e+06 6.77828e+06
1539917594116466 6.60163e+06 6.78066e+06
1539917594216387 6.60337e+06 6.7831e+06
1539917594316298 6.60503e+06 6.78548e+06
1539917594416162 6.60676e+06 6.78797e+06
1539917594516088 6.60836e+06 6.79039e+06
1539917594615900 6.61006e+06 6.79295e+06
1539917594715881 6.61183e+06 6.79544e+06
1539917594815804 6.61363e+06 6.79787e+06
1539917594915611 6.61554e+06 6.80044e+06
1539917595015542 6.61756e+06 6.80302e+06
1539917595115406 6.61973e+06 6.80552e+06
1539917595215318 6.62195e+06 6.80799e+06
1539917595315174 6.62432e+06 6.81051e+06
1539917595415074 6.62673e+06 6.81286e+06
1539917595515079 6.62933e+06 6.8152e+06
1539917595614961 6.63197e+06 6.81749e+06
1539917595714792 6.63467e+06 6.81958e+06
1539917595814613 6.63758e+06 6.82165e+06
1539917595914439 6.64044e+06 6.82362e+06
1539917596014324 6.64332e+06 6.82559e+06
1539917596114224 6.64625e+06 6.82749e+06
1539917596214190 6.64918e+06 6.8294e+06
1539917596314002 6.65214e+06 6.83136e+06
1539917596413841 6.65513e+06 6.83338e+06
1539917596513695 6.65804e+06 6.8354e+06
1539917596613775 6.6609e+06 6.83733e+06
1539917596713611 6.66373e+06 6.83935e+06
1539917596813434 6.66633e+06 6.84144e+06
1539917596913396 6.66883e+06 6.84358e+06
1539917597013226 6.67128e+06 6.84586e+06
1539917597113117 6.67355e+06 6.84836e+06
1539917597212966 6.67578e+06 6.85096e+06
1539917597312952 6.67814e+06 6.85361e+06
1539917597413079 6.6805e+06 6.85632e+06
1539917597512873 6.68288e+06 6.85908e+06
1539917597612674 6.68531e+06 6.86174e+06
1539917597712654 6.68789e+06 6.86461e+06
1539917597812469 6.69034e+06 6.86748e+06
1539917597912283 6.69296e+06 6.87042e+06
1539917598012161 6.69563e+06 6.87342e+06
1539917598111996 6.69827e+06 6.87646e+06
1539917598211958 6.70103e+06 6.87955e+06
1539917598311988 6.70374e+06 6.88261e+06
1539917598411666 6.70636e+06 6.8856e+06
1539917598511633 6.70897e+06 6.88861e+06
1539917598611455 6.71154e+06 6.89162e+06
1539917598711325 6.71409e+06 6.89461e+06
1539917598811175 6.7167e+06 6.89756e+06
1539917598911113 6.7195e+06 6.9004e+06
1539917599010924 6.72242e+06 6.90314e+06
1539917599110815 6.72533e+06 6.90578e+06
1539917599210662 6.72834e+06 6.90843e+06
1539917599310760 6.73134e+06 6.91108e+06
1539917599410589 6.73425e+06 6.91375e+06
1539917599510413 6.73708e+06 6.9165e+06
1539917599610299 6.7398e+06 6.91929e+06
1539917599710281 6.74246e+06 6.92219e+06
1539917599810142 6.7451e+06 6.9252e+06
1539917599910058 6.7476e+06 6.9283e+06
1539917600009915 6.7499e+06 6.93146e+06
1539917600109778 6.75215e+06 6.93475e+06
1539917600209664 6.75433e+06 6.9382e+06
1539917600309532 6.7563e+06 6.94166e+06
1539917600409493 6.75827e+06 6.94507e+06
1539917600509367 6.7603e+06 6.94854e+06
1539917600609226 6.76233e+06 6.95187e+06
1539917600709156 6.76442e+06 6.95524e+06
1539917600808980 6.76661e+06 6.95856e+06
1539917600908849 6.76889e+06 6.96187e+06
1539917601008715 6.7711e+06 6.96519e+06
1539917601108631 6.7732e+06 6.96845e+06
1539917601208644 6.77526e+06 6.9718e+06
1539917601308480 6.77704e+06 6.97501e+06
1539917601408479 6.7785e+06 6.97802e+06
1539917601508718 6.77997e+06 6.98119e+06
1539917601608775 6.78144e+06 6.98416e+06
1539917601708865 6.78298e+06 6.98694e+06
1539917601808838 6.78465e+06 6.98963e+06
1539917601908782 6.78632e+06 6.99212e+06
1539917602008751 6.78791e+06 6.99452e+06
1539917602108701 6.78953e+06 6.99696e+06
1539917602208614 6.79119e+06 6.99929e+06
1539917602308573 6.79286e+06 7.00156e+06
1539917602408473 6.79446e+06 7.00385e+06
1539917602508354 6.79599e+06 7.00611e+06
1539917602608309 6.79753e+06 7.00821e+06
1539917602708276 6.79896e+06 7.01e+06
1539917602808194 6.8002e+06 7.01142e+06
1539917602908056 6.80131e+06 7.01259e+06
1539917603007908 6.80226e+06 7.01342e+06
1539917603107854 6.80308e+06 7.01397e+06
1539917603207654 6.80386e+06 7.01438e+06
1539917603307521 6.80453e+06 7.01465e+06
1539917603407418 6.80512e+06 7.01485e+06
1539917603507280 6.80561e+06 7.01503e+06
1539917603607187 6.80602e+06 7.01522e+06
1539917603707070 6.80643e+06 7.01538e+06
1539917603807051 6.80679e+06 7.01552e+06
1539917603907052 6.80711e+06 7.01565e+06
1539917604006907 6.80738e+06 7.01576e+06
1539917604106833 6.8076e+06 7.01585e+06
1539917604206692 6.80776e+06 7.01592e+06
1539917604306545 6.80788e+06 7.01596e+06
1539917604406385 6.80795e+06 7.01599e+06
1539917604506255 6.80797e+06 7.016e+06
1539917604606307 6.80796e+06 7.016e+06
1539917604706157 6.80793e+06 7.01599e+06
1539917604806015 6.80791e+06 7.01598e+06
1539917604905930 6.8079e+06 7.01598e+06
1539917605005740 6.8079e+06 7.01598e+06
1539917605105671 6.8079e+06 7.01598e+06
1539917605205492 6.8079e+06 7.01598e+06
1539917605305420 6.8079e+06 7.01598e+06
1539917605405474 6.8079e+06 7.01598e+06
1539917605505396 6.8079e+06 7.01598e+06
1539917605605237 6.8079e+06 7.01598e+06
1539917605705034 6.8079e+06 7.01598e+06
1539917605804965 6.8079e+06 7.01598e+06
1539917605904798 6.8079e+06 7.01598e+06
1539917606004848 6.8079e+06 7.01598e+06
1539917606104779 6.8079e+06 7.01598e+06
1539917606204576 6.8079e+06 7.01598e+06
1539917606304538 6.8079e+06 7.01598e+06
1539917606404462 6.8079e+06 7.01598e+06
1539917606504350 6.8079e+06 7.01598e+06
1539917606604257 6.8079e+06 7.01598e+06
1539917606704171 6.8079e+06 7.01598e+06
1539917606803987 6.8079e+06 7.01598e+06
1539917606903862 6.8079e+06 7.01598e+06
1539917607003715 6.8079e+06 7.01598e+06
1539917607103560 6.8079e+06 7.01598e+06
1539917607203444 6.8079e+06 7.01598e+06
1539917607303309 6.8079e+06 7.01598e+06
1539917607403185 6.8079e+06 7.01598e+06
1539917607503108 6.8079e+06 7.01598e+06
1539917607603029 6.8079e+06 7.01598e+06
1539917607702965 6.8079e+06 7.01598e+06
1539917607802907 6.8079e+06 7.01598e+06
1539917607903005 6.8079e+06 7.01598e+06
1539917608002876 6.8079e+06 7.01598e+06
1539917608102681 6.8079e+06 7.01598e+06
1539917608202469 6.8079e+06 7.01598e+06
1539917608302414 6.8079e+06 7.01598e+06
1539917608402194 6.8079e+06 7.01598e+06
1539917608502044 6.8079e+06 7.01598e+06
1539917608601881 6.8079e+06 7.01598e+06
1539917608701753 6.8079e+06 7.01598e+06
1539917608801829 6.8079e+06 7.01598e+06
1539917608901643 6.8079e+06 7.01598e+06
1539917609001590 6.8079e+06 7.01598e+06
1539917609101413 6.8079e+06 7.01598e+06
1539917609201341 6.8079e+06 7.01598e+06
1539917609301256 6.8079e+06 7.01598e+06
1539917609401115 6.8079e+06 7.01598e+06
1539917609501073 6.8079e+06 7.01598e+06
1539917609600941 6.8079e+06 7.01598e+06
1539917609700796 6.8079e+06 7.01598e+06
1539917609800812 6.8079e+06 7.01598e+06
1539917609900642 6.8079e+06 7.01598e+06
1539917610033746 6.8079e+06 7.01598e+06
1539917610133710 6.8079e+06 7.01598e+06
1539917610233536 6.8079e+06 7.01598e+06
1539917610333514 6.8079e+06 7.01598e+06
1539917610433449 6.80789e+06 7.01597e+06
1539917610533265 6.80788e+06 7.01593e+06
1539917610633159 6.80787e+06 7.01584e+06
1539917610733029 6.80787e+06 7.01568e+06
1539917610832906 6.80788e+06 7.01547e+06
1539917610932723 6.80791e+06 7.01519e+06
1539917611032691 6.80794e+06 7.01485e+06
1539917611165935 6.80802e+06 7.01436e+06
1539917611265753 6.80812e+06 7.01403e+06
1539917611398910 6.80827e+06 7.01373e+06
1539917611532317 6.80839e+06 7.01358e+06
1539917611632114 6.8084e+06 7.01355e+06
1539917611732049 6.80838e+06 7.01357e+06
1539917611831851 6.80835e+06 7.0136e+06
1539917611964993 6.80835e+06 7.01362e+06
1539917612064842 6.80835e+06 7.01361e+06
1539917612164774 6.80835e+06 7.0136e+06
1539917612264626 6.80836e+06 7.0136e+06
1539917612364476 6.80836e+06 7.0136e+06
1539917612464390 6.80835e+06 7.01361e+06
1539917612564244 6.80835e+06 7.01362e+06
1539917612664315 6.80835e+06 7.01362e+06
1539917612764114 6.80836e+06 7.01362e+06
1539917612864063 6.80836e+06 7.01362e+06
1539917612963915 6.80836e+06 7.01363e+06
1539917613063843 6.80836e+06 7.01362e+06
1539917613163719 6.80836e+06 7.01362e+06
1539917613263695 6.80836e+06 7.01363e+06
1539917613363555 6.80836e+06 7.01362e+06
1539917613463456 6.80836e+06 7.01363e+06
1539917613563282 6.80836e+06 7.01363e+06
1539917613663121 6.80836e+06 7.01363e+06
1539917613762987 6.80836e+06 7.01363e+06
1539917613862936 6.80836e+06 7.01363e+06
1539917613962954 6.80836e+06 7.01363e+06
1539917614062705 6.80836e+06 7.01363e+06
1539917614162545 6.80836e+06 7.01363e+06
1539917614262419 6.80836e+06 7.01363e+06
1539917614362336 6.80836e+06 7.01363e+06
1539917614462173 6.80836e+06 7.01363e+06
1539917614562211 6.80836e+06 7.01363e+06
1539917614662124 6.80836e+06 7.01363e+06
1539917614761917 6.80836e+06 7.01363e+06
1539917614861825 6.80836e+06 7.01363e+06
1539917614961678 6.80836e+06 7.01363e+06
1539917615061518 6.80836e+06 7.01363e+06
