-0.0638924 0.00209647 -0.0656016
-0.128074 0.00869097 -0.139174
-0.191607 0.019929 -0.210975
-0.257341 0.0368361 -0.292521
-0.32655 0.0612786 -0.38647
-0.394813 0.0927607 -0.477763
-0.460552 0.130428 -0.56286
-0.525875 0.176456 -0.664787
-0.585659 0.228582 -0.769369
-0.638481 0.285079 -0.868635
-0.686256 0.347653 -0.96879
-0.728095 0.415734 -1.07072
-0.762138 0.485183 -1.15936
-0.790447 0.559487 -1.2542
-0.81215 0.639259 -1.35613
-0.826201 0.720727 -1.44389
-0.833505 0.804461 -1.52368
-0.833867 0.89226 -1.60968
-0.82731 0.977242 -1.68593
-0.814432 1.0611 -1.76041
-0.79422 1.14796 -1.83844
-0.76807 1.23384 -1.89433
-0.738089 1.31825 -1.92985
-0.703885 1.40401 -1.97069
-0.666949 1.48907 -1.99028
-0.629394 1.57428 -1.98153
-0.591806 1.66163 -1.97278
-0.554904 1.74885 -1.96935
-0.519382 1.83621 -1.94466
-0.486092 1.92507 -1.91378
-0.454457 2.0158 -1.89884
-0.424218 2.10824 -1.87504
-0.396958 2.20119 -1.83707
-0.372574 2.29515 -1.81239
-0.350065 2.3918 -1.78682
-0.330963 2.48837 -1.74532
-0.316273 2.58233 -1.70646
-0.304769 2.67791 -1.67469
-0.296848 2.77347 -1.6323
-0.293302 2.86237 -1.58901
-0.293517 2.94661 -1.54749
-0.297103 3.0296 -1.50774
-0.303447 3.10845 -1.47329
-0.31179 3.18057 -1.43795
-0.322145 3.24864 -1.40173
-0.334248 3.31302 -1.36815
-0.346604 3.3707 -1.3514
-0.357894 3.42154 -1.35323
-0.366641 3.46285 -1.37098
-0.37351 3.4989 -1.39405
-0.378262 3.52771 -1.42065
-0.381393 3.55098 -1.45344
-0.382936 3.56649 -1.48976
-0.383145 3.56964 -1.51988
-0.382755 3.56018 -1.53935
-0.382222 3.54046 -1.54818
-0.381678 3.50989 -1.55788
-0.381408 3.4722 -1.56935
-0.381778 3.42209 -1.58701
-0.383322 3.36253 -1.60642
-0.385963 3.29728 -1.61608
-0.389216 3.22613 -1.61689
-0.392709 3.15381 -1.62123
-0.39699 3.0758 -1.63
-0.40233 2.99193 -1.63876
-0.408583 2.90772 -1.65106
-0.4161 2.82599 -1.67399
-0.425909 2.74212 -1.70046
-0.437988 2.65516 -1.71718
-0.451 2.56873 -1.72328
-0.464561 2.48299 -1.73203
-0.479813 2.39273 -1.74433
-0.496839 2.29556 -1.74421
-0.514191 2.19825 -1.7503
-0.533039 2.09982 -1.76966
-0.554155 1.99781 -1.78017
-0.576064 1.89556 -1.78359
-0.599523 1.78902 -1.79144
-0.624042 1.67967 -1.79131
-0.647984 1.5708 -1.78321
-0.672068 1.46075 -1.78928
-0.697081 1.34686 -1.78472
-0.721826 1.23413 -1.78902
-0.747767 1.12228 -1.80836
-0.775247 1.00876 -1.80823
-0.802526 0.895999 -1.8081
-0.830429 0.780147 -1.80619
-0.85679 0.664339 -1.78303
-0.881348 0.549344 -1.77935
-0.905933 0.431332 -1.77302
-0.930252 0.311048 -1.76756
-0.954897 0.192847 -1.78513
-0.981287 0.0725982 -1.78854
-1.0073 -0.0442972 -1.79105
-1.03401 -0.16387 -1.79003
-1.06616 -0.323837 -1.74822
-1.08578 -0.439777 -1.72861
-1.1032 -0.561451 -1.69747
-1.1174 -0.681953 -1.67874
-1.12965 -0.804652 -1.66177
-1.13922 -0.927787 -1.63506
-1.14588 -1.04697 -1.6181
-1.15035 -1.17197 -1.59493
-1.15212 -1.29172 -1.5762
-1.15159 -1.41009 -1.55658
-1.14841 -1.53139 -1.53254
-1.14298 -1.64747 -1.51558
-1.13462 -1.76693 -1.48622
-1.11865 -1.92237 -1.45062
-1.10272 -2.03748 -1.41595
-1.08337 -2.15487 -1.39899
-1.0653 -2.26446 -1.41569
-1.05001 -2.37428 -1.44921
-1.04016 -2.4865 -1.51726
-1.03915 -2.595 -1.60569
-1.0483 -2.70431 -1.70297
-1.06768 -2.81307 -1.7914
-1.09594 -2.916 -1.88603
-1.13433 -3.01495 -1.99571
-1.18213 -3.10772 -2.09742
-1.23961 -3.19577 -2.20091
-1.30481 -3.27523 -2.31502
-1.37728 -3.3453 -2.43091
-1.45772 -3.40737 -2.53794
-1.54195 -3.46094 -2.61221
-1.62835 -3.50812 -2.67143
-1.71683 -3.55085 -2.71205
-1.80649 -3.59245 -2.70219
-1.89438 -3.63593 -2.66223
-1.97868 -3.68245 -2.61253
-2.06102 -3.73459 -2.54158
-2.13674 -3.79148 -2.45292
-2.20493 -3.85227 -2.374
-2.26925 -3.9207 -2.27649
-2.32686 -3.99637 -2.16658
-2.37351 -4.07492 -2.04692
-2.4095 -4.15931 -1.90071
-2.43146 -4.24249 -1.75716
-2.44105 -4.3262 -1.61272
-2.43804 -4.4098 -1.45677
-2.4234 -4.48676 -1.3088
-2.3983 -4.55762 -1.15198
-2.36279 -4.62209 -0.982761
-2.32139 -4.67463 -0.824176
-2.27351 -4.71847 -0.65851
-2.21893 -4.75362 -0.48576
-2.16192 -4.77789 -0.319213
-2.10242 -4.79208 -0.149124
-2.04077 -4.79585 0.0271666
-1.98406 -4.78984 0.183969
-1.9306 -4.77591 0.325715
-1.87812 -4.7541 0.462149
-1.82753 -4.72491 0.584417
-1.78114 -4.69074 0.685432
-1.73576 -4.65003 0.77671
-1.68956 -4.60003 0.87331
-1.64664 -4.54368 0.96637
-1.60827 -4.48297 1.04792
-1.57423 -4.4175 1.13479
-1.54498 -4.34569 1.23317
-1.52277 -4.2718 1.32446
-1.50355 -4.16841 1.44944
-1.49752 -4.08398 1.5496
-1.49939 -3.99817 1.6356
-1.50904 -3.90972 1.72336
-1.52719 -3.82018 1.81822
-1.55237 -3.73484 1.89713
-1.58479 -3.64964 1.97162
-1.62659 -3.56203 2.06028
-1.67449 -3.48033 2.14186
-1.73021 -3.40181 2.23406
-1.79459 -3.32654 2.32273
-1.86439 -3.25739 2.399
-1.94352 -3.19115 2.49032
-2.02834 -3.13204 2.57545
-2.11721 -3.07999 2.64818
-2.21315 -3.03365 2.73509
-2.31234 -2.99587 2.82022
-2.41972 -2.9659 2.91864
-2.53166 -2.9463 3.01795
-2.64087 -2.93826 3.11813
-2.75068 -2.94274 -3.03652
-2.85375 -2.96041 -2.90712
-2.95297 -2.99217 -2.75646
-3.04162 -3.03678 -2.5943
-3.11759 -3.09302 -2.41443
-3.17972 -3.16053 -2.21508
-3.22357 -3.23248 -2.02106
-3.25192 -3.31119 -1.81198
-3.26299 -3.38794 -1.61619
-3.25945 -3.46146 -1.42926
-3.24286 -3.53174 -1.24853
-3.2163 -3.59421 -1.08906
-3.18134 -3.65101 -0.949075
-3.13778 -3.70408 -0.81794
-3.08986 -3.75047 -0.720457
-3.03907 -3.79215 -0.653968
-2.98277 -3.83282 -0.597216
-2.92156 -3.87223 -0.546658
-2.85813 -3.90915 -0.507611
-2.79282 -3.94393 -0.471219
-2.72262 -3.9773 -0.416229
-2.64652 -4.00808 -0.352377
-2.5662 -4.03477 -0.289408
-2.47894 -4.05668 -0.202524
-2.38466 -4.07057 -0.0899536
-2.291 -4.07397 0.0173016
-2.19461 -4.06648 0.137843
-2.09962 -4.04745 0.257499
-2.01052 -4.01837 0.373609
-1.92457 -3.97813 0.502117
-1.84743 -3.92994 0.614683
-1.77516 -3.87278 0.723706
-1.70671 -3.80422 0.848676
-1.64937 -3.73108 0.963015
-1.60007 -3.65046 1.0809
-1.55939 -3.5634 1.18638
-1.52738 -3.47469 1.26265
-1.50085 -3.37885 1.33891
-1.48068 -3.28108 1.3957
-1.46485 -3.18271 1.42681
-1.45163 -3.08037 1.45792
-1.44137 -2.9781 1.48372
-1.43308 -2.87406 1.49889
-1.4269 -2.76691 1.52735
-1.42375 -2.66239 1.55404
-1.42292 -2.55625 1.57187
-1.42409 -2.4436 1.59059
-1.4267 -2.33413 1.59869
-1.43021 -2.22291 1.6059
-1.4347 -2.10837 1.614
-1.43995 -1.99505 1.62033
-1.44609 -1.8796 1.62755
-1.45292 -1.76142 1.62945
-1.45891 -1.64853 1.61807
-1.46342 -1.53142 1.6005
-1.46513 -1.41168 1.56964
-1.46145 -1.29731 1.50778
-1.44918 -1.18037 1.42468
-1.42738 -1.06905 1.33006
-1.39411 -0.962668 1.20533
-1.34969 -0.865837 1.07617
-1.29529 -0.7784 0.952314
-1.23154 -0.700055 0.823144
-1.16241 -0.63448 0.694854
-1.0873 -0.580449 0.552391
-1.00842 -0.538866 0.417894
-0.927457 -0.508682 0.295792
-0.841429 -0.48843 0.166609
-0.758418 -0.479896 0.0383031
-0.682101 -0.481937 -0.0917792
-0.610631 -0.493497 -0.228951
-0.548136 -0.512419 -0.359047
-0.494822 -0.536235 -0.481182
-0.452242 -0.561889 -0.603327
-0.424308 -0.583807 -0.727259
-0.409384 -0.598727 -0.843237
-0.404093 -0.605351 -0.950374
-0.403888 -0.60568 -1.07789
-0.404575 -0.604253 -1.16644
-0.403811 -0.606279 -1.25411
-0.401469 -0.614633 -1.34088
-0.398442 -0.63052 -1.4241
-0.395844 -0.65504 -1.50642
-0.395126 -0.687186 -1.59051
-0.397724 -0.727741 -1.67901
-0.405151 -0.777095 -1.76131
-0.418331 -0.833983 -1.83563
-0.437842 -0.896713 -1.90905
-0.463651 -0.962032 -1.98512
-0.495383 -1.02689 -2.06651
-0.535545 -1.0939 -2.15497
-0.585792 -1.16298 -2.24431
-0.64195 -1.22917 -2.30442
-0.700971 -1.2931 -2.32823
-0.762287 -1.35812 -2.32547
-0.826382 -1.42971 -2.27666
-0.886952 -1.50807 -2.18091
-0.938815 -1.59153 -2.07276
-0.981632 -1.68281 -1.94602
-1.01244 -1.77736 -1.82548
-1.03185 -1.87348 -1.71467
-1.04078 -1.97371 -1.60475
-1.04063 -2.07354 -1.5338
-1.03447 -2.17595 -1.48763
-1.0236 -2.28095 -1.44766
-1.01028 -2.38367 -1.43603
-0.990186 -2.52987 -1.43232
-0.975026 -2.63931 -1.43397
-0.961959 -2.74802 -1.46838
-0.953405 -2.86114 -1.52226
-0.951996 -2.9718 -1.59386
-0.960032 -3.07902 -1.69735
-0.978497 -3.18254 -1.79729
-1.00711 -3.28373 -1.89546
-1.04611 -3.38138 -2.00603
-1.09333 -3.46933 -2.12103
-1.15031 -3.55056 -2.244
-1.21644 -3.62402 -2.36344
-1.29055 -3.68852 -2.4873
-1.37164 -3.74186 -2.63241
-1.45631 -3.78155 -2.77399
-1.54691 -3.80908 -2.9191
-1.64051 -3.82339 -3.06068
-1.73184 -3.82444 3.08359
-1.82078 -3.81232 2.92872
-1.92924 -3.77713 2.72696
-2.00581 -3.73582 2.56678
-2.07543 -3.68236 2.4066
-2.1359 -3.6179 2.242
-2.18466 -3.54419 2.06854
-2.21905 -3.46557 1.89773
-2.23923 -3.38318 1.72427
-2.24486 -3.29894 1.5508
-2.23668 -3.21748 1.39062
-2.21509 -3.13626 1.23132
-2.18173 -3.06021 1.08353
-2.13809 -2.99071 0.936631
-2.08401 -2.92794 0.782646
-2.02349 -2.87577 0.64017
-1.95555 -2.83225 0.499466
-1.8802 -2.79781 0.357877
-1.80235 -2.77445 0.225143
-1.7217 -2.76153 0.092409
-1.64025 -2.75952 -0.0429804
-1.56158 -2.76784 -0.167749
-1.48111 -2.78669 -0.292511
-1.40036 -2.81633 -0.411073
-1.32312 -2.85462 -0.509266
-1.24899 -2.90092 -0.607458
-1.17881 -2.9556 -0.716275
-1.09388 -3.04142 -0.864903
-1.03767 -3.11615 -0.986997
-0.990717 -3.19747 -1.10732
-0.954016 -3.28476 -1.23827
-0.928576 -3.38007 -1.38161
-0.916588 -3.47897 -1.51875
-0.918329 -3.58154 -1.65677
-0.933183 -3.68184 -1.77886
-0.959752 -3.77868 -1.89829
-0.997657 -3.8738 -2.00177
-1.04454 -3.96704 -2.07161
-1.09892 -4.06071 -2.12196
-1.15754 -4.15178 -2.16346
-1.24083 -4.27361 -2.17745
-1.30563 -4.36648 -2.18264
-1.36826 -4.45558 -2.18428
-1.43326 -4.54904 -2.17264
-1.49835 -4.64482 -2.16277
-1.5617 -4.74106 -2.14315
-1.62407 -4.84145 -2.11025
-1.68243 -4.94103 -2.09153
-1.73735 -5.03961 -2.0666
-1.79236 -5.14398 -2.04521
-1.84585 -5.24804 -2.04597
-1.91746 -5.39113 -2.02364
-1.97049 -5.50026 -2.02262
-2.02366 -5.61261 -2.003
-2.0758 -5.72891 -1.9816
-2.12552 -5.84433 -1.97348
-2.17346 -5.96029 -1.95209
-2.22157 -6.07895 -1.95991
-2.27056 -6.19682 -1.9695
-2.32171 -6.31721 -1.97555
-2.37264 -6.4334 -1.99223
-2.42558 -6.55237 -1.98677
-2.47978 -6.67509 -1.98662
-2.53315 -6.79775 -1.97584
-2.58518 -6.92184 -1.95974
-2.6354 -7.04518 -1.95516
-2.68502 -7.17258 -1.92933
-2.73177 -7.29854 -1.92297
-2.77642 -7.42401 -1.90245
-2.81853 -7.54827 -1.89256
-2.86014 -7.67498 -1.88355
-2.89993 -7.80311 -1.86038
-2.93722 -7.92951 -1.85491
-2.97259 -8.05627 -1.83085
-3.0055 -8.18225 -1.82185
-3.03726 -8.31158 -1.80133
-3.06508 -8.43899 -1.77019
-3.08935 -8.56612 -1.74878
-3.11012 -8.69647 -1.70878
-3.12648 -8.82386 -1.68827
-3.14047 -8.95273 -1.66953
-3.15265 -9.07365 -1.67293
-3.16758 -9.19585 -1.71175
-3.18849 -9.32057 -1.76208
-3.21624 -9.44092 -1.83278
-3.25159 -9.55925 -1.88931
-3.29037 -9.67672 -1.89005
-3.32784 -9.79357 -1.8722
-3.36093 -9.91441 -1.80387
-3.38343 -10.0322 -1.71518
-3.39545 -10.1514 -1.62738
-3.39747 -10.2725 -1.54755
-3.39213 -10.391 -1.50402
-3.38267 -10.5135 -1.48351
-3.37224 -10.6332 -1.48426
-3.36271 -10.7528 -1.49829
-3.35528 -10.8781 -1.52471
-3.35174 -11.0005 -1.55911
-3.35237 -11.124 -1.59262
-3.35677 -11.2467 -1.62081
-3.36492 -11.3693 -1.65343
-3.37723 -11.4985 -1.67808
-3.39138 -11.6208 -1.69388
-3.40785 -11.7446 -1.71233
-3.42565 -11.872 -1.70687
-3.44248 -11.9984 -1.69964
-3.45834 -12.128 -1.68532
-3.4716 -12.2526 -1.66835
-3.48443 -12.3764 -1.67972
-3.49902 -12.5032 -1.69109
-3.51511 -12.6259 -1.71131
-3.53367 -12.7508 -1.72534
-3.55211 -12.8739 -1.71368
-3.56961 -12.9999 -1.70379
-3.58478 -13.1295 -1.67088
-3.59543 -13.2533 -1.6424
-3.60322 -13.3809 -1.621
-3.60867 -13.5102 -1.60491
-3.61354 -13.6368 -1.61362
-3.61899 -13.7655 -1.61259
-3.62394 -13.8865 -1.61068
-3.62831 -14.0117 -1.6008
-3.63012 -14.1412 -1.56877
-3.62754 -14.2658 -1.53143
-3.61953 -14.3922 -1.48347
-3.60611 -14.5142 -1.43905
-3.58685 -14.6362 -1.38932
-3.55029 -14.8082 -1.33334
-3.53377 -14.8726 -1.30581
-3.49907 -14.9876 -1.24988
-3.45919 -15.0997 -1.20813
-3.41272 -15.2107 -1.14069
-3.36087 -15.3147 -1.07591
-3.30485 -15.4122 -1.02265
-3.24246 -15.507 -0.954338
-3.17793 -15.5932 -0.902855
-3.10925 -15.6755 -0.846944
-3.04027 -15.749 -0.787499
-2.971 -15.815 -0.735144
-2.89918 -15.8758 -0.670393
-2.83042 -15.9265 -0.600339
-2.76802 -15.9659 -0.525871
-2.70875 -15.9965 -0.426616
-2.65194 -16.0186 -0.315856
-2.60501 -16.031 -0.200684
-2.56614 -16.0366 -0.0846352
-2.5399 -16.0373 0.0313976
-2.52299 -16.0358 0.144762
-2.51583 -16.0343 0.25546
-2.51958 -16.0355 0.365261
-2.53309 -16.0416 0.474162
-2.55353 -16.0535 0.582167
-2.57849 -16.0718 0.685738
-2.60716 -16.0978 0.784872
-2.63604 -16.1294 0.876031
-2.66495 -16.1674 0.964528
-2.6907 -16.2085 1.05834
-2.71294 -16.253 1.15569
-2.72963 -16.2966 1.2557
-2.74029 -16.3359 1.35483
-2.74575 -16.3685 1.45574
-2.74749 -16.3953 1.55666
-2.74683 -16.414 1.65493
-2.74577 -16.4222 1.74347
-2.74598 -16.4213 1.82051
-2.74991 -16.4076 1.88251
-2.75788 -16.3849 1.9339
-2.77049 -16.3538 1.97822
-2.78826 -16.3147 2.01546
-2.81081 -16.269 2.04385
-2.83662 -16.2195 2.05897
-2.86571 -16.165 2.06347
-2.89684 -16.1067 2.05912
-2.93018 -16.0436 2.05388
-2.96483 -15.9775 2.05397
-3.00003 -15.9105 2.05406
-3.05477 -15.8068 2.0595
-3.07853 -15.7625 2.06576
-3.12072 -15.6848 2.07118
-3.16129 -15.6101 2.06507
-3.20296 -15.531 2.04658
-3.24519 -15.446 2.01747
-3.2846 -15.3591 1.97507
-3.31909 -15.2717 1.91851
-3.34923 -15.1811 1.86549
-3.37565 -15.0885 1.83195
-3.39948 -14.994 1.80372
-3.42132 -14.8964 1.77816
-3.44305 -14.7947 1.78447
-3.46568 -14.6922 1.79168
-3.48873 -14.5872 1.78206
-3.51199 -14.479 1.78307
-3.53452 -14.371 1.76992
-3.55411 -14.2629 1.7302
-3.5702 -14.1526 1.7011
-3.58256 -14.0402 1.65961
-3.5895 -13.9298 1.60749
-3.59137 -13.8191 1.56777
-3.58841 -13.7055 1.52185
-3.57977 -13.5938 1.46531
-3.5645 -13.4772 1.41586
-3.54324 -13.3584 1.37172
-3.51811 -13.2447 1.33466
-3.48862 -13.128 1.31178
-3.45729 -13.0102 1.31014
-3.427 -12.8968 1.30939
-3.39664 -12.7793 1.32636
-3.36969 -12.6652 1.35129
-3.34596 -12.5515 1.37887
-3.32555 -12.4349 1.4162
-3.31014 -12.3241 1.44909
-3.29891 -12.21 1.49615
-3.29293 -12.0922 1.54411
-3.29272 -11.9758 1.59383
-3.29918 -11.8593 1.65861
-3.31196 -11.7464 1.70833
-3.33102 -11.6356 1.77398
-3.35695 -11.5286 1.84318
-3.38822 -11.4257 1.88846
-3.42376 -11.3221 1.91427
-3.46058 -11.2192 1.9144
-3.49552 -11.114 1.86848
-3.52607 -11.0041 1.81548
-3.54953 -10.8942 1.74653
-3.56381 -10.7812 1.6466
-3.5671 -10.6641 1.5511
-3.55891 -10.5428 1.4556
-3.541 -10.4292 1.37338
-3.5154 -10.3177 1.31684
-3.48352 -10.202 1.28687
-3.4497 -10.0896 1.27018
-3.41392 -9.97597 1.26146
-3.37803 -9.86172 1.27134
-3.34421 -9.75096 1.27767
-3.3096 -9.63322 1.29198
-3.27719 -9.5167 1.30717
-3.24625 -9.40121 1.31085
-3.21446 -9.27902 1.32162
-3.18403 -9.1585 1.32531
-3.15287 -9.0341 1.32545
-3.12233 -8.91118 1.32914
-3.09265 -8.79251 1.3222
-3.06064 -8.66915 1.31172
-3.02754 -8.54811 1.29592
-2.99132 -8.42509 1.27305
-2.95305 -8.30229 1.26434
-2.91411 -8.18217 1.25032
-2.87179 -8.05632 1.2425
-2.82969 -7.93268 1.24265
-2.7871 -7.81005 1.2304
-2.7431 -7.68561 1.23144
-2.69857 -7.56325 1.2121
-2.64977 -7.43765 1.18835
-2.59988 -7.31716 1.16813
-2.5469 -7.19691 1.14349
-2.49154 -7.07645 1.13656
-2.43512 -6.95712 1.12165
-2.37801 -6.83835 1.12358
-2.32385 -6.72319 1.13878
-2.27115 -6.60671 1.15309
-2.22244 -6.48872 1.20548
-2.18045 -6.37068 1.25256
-2.14414 -6.24913 1.30849
-2.11555 -6.12816 1.36885
-2.09439 -6.00288 1.43807
-2.08194 -5.87643 1.50728
-2.07843 -5.75494 1.57649
-2.08314 -5.63132 1.64128
-2.09446 -5.50893 1.68481
-2.11196 -5.38726 1.74251
-2.13448 -5.26984 1.77807
-2.16117 -5.1535 1.81451
-2.20479 -4.99955 1.87934
-2.24346 -4.88579 1.91755
-2.28737 -4.77458 1.97613
-2.33441 -4.67048 2.01434
-2.38832 -4.56156 2.04636
-2.44586 -4.45317 2.07129
-2.5048 -4.34711 2.08472
-2.56789 -4.23796 2.10523
-2.6308 -4.13329 2.11865
-2.69588 -4.02832 2.13296
-2.76298 -3.92369 2.14904
-2.82941 -3.82357 2.16423
-2.90344 -3.71693 2.19095
-2.9769 -3.61617 2.21057
-3.05496 -3.51517 2.24702
-3.13564 -3.41804 2.28082
-3.219 -3.32531 2.32524
-3.30896 -3.23529 2.38648
-3.40035 -3.1531 2.43179
-3.52545 -3.05589 2.53026
-3.62014 -2.99412 2.5968
-3.75215 -2.92553 2.72803
-3.84651 -2.89002 2.83529
-3.94048 -2.86646 2.95672
-4.03376 -2.85554 3.0932
-4.11997 -2.85736 -3.05086
-4.20215 -2.87192 -2.88163
-4.27442 -2.89778 -2.71418
-4.33611 -2.9326 -2.54142
-4.38967 -2.97713 -2.3545
-4.42783 -3.02368 -2.1605
-4.46103 -3.09092 -1.8983
-4.47301 -3.14303 -1.69546
-4.4742 -3.19216 -1.49439
-4.46655 -3.23569 -1.29952
-4.45041 -3.27727 -1.10112
-4.42686 -3.31468 -0.91688
-4.39773 -3.34687 -0.753894
-4.36222 -3.37576 -0.61216
-4.31893 -3.40218 -0.483701
-4.26837 -3.4254 -0.377376
-4.21289 -3.44487 -0.297612
-4.15287 -3.46101 -0.227585
-4.0841 -3.47429 -0.154006
-4.00888 -3.48338 -0.0866196
-3.92874 -3.48852 -0.0413662
-3.84057 -3.49048 -0.0031878
-3.74746 -3.48904 0.0341104
-3.65364 -3.48476 0.0572417
-3.55854 -3.47867 0.0706339
-3.45906 -3.47029 0.0973136
-3.35984 -3.45927 0.123994
-3.25743 -3.44512 0.150678
-3.15067 -3.42681 0.18888
-3.04589 -3.40451 0.230621
-2.94215 -3.37776 0.274135
-2.83311 -3.34436 0.320313
-2.72756 -3.3073 0.354976
-2.62239 -3.26531 0.404695
-2.51811 -3.21771 0.451759
-2.41661 -3.16616 0.488195
-2.31569 -3.10853 0.54943
-2.21857 -3.04581 0.59738
-2.12493 -2.97833 0.65153
-2.0348 -2.90466 0.718962
-1.94998 -2.82697 0.764255
-1.86532 -2.74115 0.820181
-1.78831 -2.65412 0.87256
-1.71506 -2.56188 0.926711
-1.64421 -2.46144 0.986183
-1.58004 -2.35822 1.04299
-1.51997 -2.2467 1.11044
-1.46831 -2.13605 1.15751
-1.4229 -2.02352 1.21698
-1.38346 -1.90731 1.27025
-1.34902 -1.79014 1.29961
-1.31908 -1.67215 1.34492
-1.29349 -1.55678 1.3601
-1.27038 -1.43906 1.39389
-1.25131 -1.32023 1.42945
-1.23143 -1.16067 1.46417
-1.22054 -1.04082 1.49619
-1.21243 -0.922321 1.50872
-1.20356 -0.755647 1.52662
-1.1979 -0.634641 1.52145
-1.18916 -0.470529 1.51367
-1.18204 -0.350589 1.50938
-1.17408 -0.228131 1.50243
-1.16616 -0.105078 1.51054
-1.15887 0.0132713 1.50802
-1.15078 0.134338 1.50019
-1.14153 0.257495 1.49148
-1.12994 0.379464 1.46063
-1.11538 0.502702 1.44572
-1.09966 0.623015 1.43611
-1.0826 0.74414 1.42563
-1.06556 0.865271 1.4364
-1.04984 0.985185 1.4445
-1.03552 1.10667 1.46235
-1.02367 1.22643 1.48197
-1.01282 1.34649 1.47946
-1.00135 1.46946 1.47606
-0.989779 1.58687 1.46911
-0.976682 1.70214 1.44622
-0.961356 1.81872 1.43395
-0.943813 1.9304 1.39601
-0.921209 2.03753 1.32972
-0.892339 2.13947 1.25988
-0.855961 2.2356 1.15817
-0.811946 2.321 1.03165
-0.760373 2.39543 0.898038
-0.703377 2.45718 0.752909
-0.645021 2.50424 0.60423
-0.587155 2.53775 0.445799
-0.532065 2.55826 0.26699
-0.483314 2.5669 0.0837445
-0.442882 2.56655 -0.10128
-0.409227 2.55983 -0.292513
-0.381342 2.5483 -0.49172
-0.362527 2.53564 -0.692706
-0.350294 2.52334 -0.883958
-0.341982 2.51111 -1.0637
-0.336965 2.49996 -1.23194
-0.334172 2.48949 -1.38866
-0.333198 2.48067 -1.53299
-0.333714 2.47024 -1.70742
-0.335201 2.46269 -1.82342
-0.337456 2.45555 -1.92967
-0.340948 2.44739 -2.02087
-0.347434 2.43521 -2.09878
-0.357685 2.41882 -2.16074
-0.373614 2.39625 -2.2103
-0.39393 2.37007 -2.251
-0.420413 2.33821 -2.27751
-0.453041 2.30043 -2.28897
-0.491381 2.25612 -2.27916
-0.533419 2.20589 -2.25606
-0.577093 2.15113 -2.23207
-0.62225 2.09153 -2.20631
-0.669502 2.0249 -2.16902
-0.715394 1.95473 -2.13085
-0.760329 1.88045 -2.09887
-0.80479 1.8011 -2.06423
-0.848044 1.71575 -2.01542
-0.886682 1.62907 -1.96483
-0.922439 1.5348 -1.90185
-0.95343 1.43204 -1.82557
-0.976154 1.32835 -1.74752
-0.990074 1.22053 -1.65088
-0.99369 1.11129 -1.55688
-0.987638 1.00254 -1.47352
-0.971904 0.895575 -1.37599
-0.94723 0.794566 -1.28643
-0.912914 0.694534 -1.19422
-0.869171 0.597167 -1.10289
-0.819281 0.507518 -1.02307
-0.76226 0.421752 -0.94503
-0.703666 0.343126 -0.915696
-0.647692 0.269199 -0.929758
-0.593962 0.193629 -0.975698
-0.5453 0.113544 -1.07388
-0.507079 0.0299361 -1.21015
-0.481133 -0.0580518 -1.35792
-0.467878 -0.152807 -1.5057
-0.470233 -0.280031 -1.67291
-0.485637 -0.376262 -1.78615
-0.511078 -0.470545 -1.88256
-0.545963 -0.566179 -1.95859
-0.589361 -0.664984 -2.01072
-0.637341 -0.76253 -2.04513
-0.688287 -0.859229 -2.06625
-0.743067 -0.961043 -2.06258
-0.795419 -1.0608 -2.04562
-0.845805 -1.16156 -2.02336
-0.895357 -1.26776 -1.99134
-0.941015 -1.37247 -1.97262
-1.00072 -1.51708 -1.95207
-1.04386 -1.62541 -1.94751
-1.09933 -1.7662 -1.94468
-1.14263 -1.87701 -1.94189
-1.18471 -1.98448 -1.94618
-1.22837 -2.09345 -1.95756
-1.27367 -2.19982 -1.9893
-1.32253 -2.3011 -2.05116
-1.38079 -2.4021 -2.13692
-1.44845 -2.49802 -2.23331
-1.52379 -2.58361 -2.35184
-1.60694 -2.65843 -2.46594
-1.69851 -2.72472 -2.56411
-1.79629 -2.78145 -2.66758
-1.89473 -2.82615 -2.76309
-1.99768 -2.86227 -2.84532
-2.10515 -2.89183 -2.90098
-2.21284 -2.9156 -2.94779
-2.32269 -2.93565 -2.97422
-2.43086 -2.95507 -2.95373
-2.53258 -2.97661 -2.91199
-2.63278 -3.00363 -2.84457
-2.72841 -3.03856 -2.73819
-2.81244 -3.08006 -2.6274
-2.8888 -3.13021 -2.49358
-2.95346 -3.18665 -2.35445
-3.00596 -3.24716 -2.21622
-3.04856 -3.31454 -2.05319
-3.07733 -3.38207 -1.89372
-3.09412 -3.44886 -1.74044
-3.09993 -3.54121 -1.52693
-3.09197 -3.60823 -1.37808
-3.07405 -3.6737 -1.22924
-3.04506 -3.73854 -1.07154
-3.00798 -3.7961 -0.925348
-2.96356 -3.84717 -0.784473
-2.91064 -3.89246 -0.631197
-2.85177 -3.92932 -0.487664
-2.78892 -3.95744 -0.353873
-2.7165 -3.97836 -0.20856
-2.63791 -3.98911 -0.0632456
-2.558 -3.98882 0.0705591
-2.47404 -3.97663 0.217652
-2.39301 -3.95282 0.35412
-2.31511 -3.91822 0.481732
-2.23906 -3.87201 0.610234
-2.16896 -3.81752 0.711284
-2.10211 -3.75498 0.792857
-2.03669 -3.68299 0.873551
-1.97628 -3.606 0.93742
-1.91884 -3.52363 0.986238
-1.8631 -3.43656 1.01646
-1.79159 -3.32515 0.983852
-1.7321 -3.24254 0.909584
-1.66366 -3.16402 0.798129
-1.58927 -3.09775 0.657447
-1.50737 -3.04568 0.47514
-1.42134 -3.0111 0.289288
-1.33365 -2.99386 0.0990038
-1.24765 -2.99356 -0.0921691
-1.1466 -3.01537 -0.33291
-1.07826 -3.04615 -0.513469
-1.01889 -3.08655 -0.681637
-0.967646 -3.13543 -0.841834
-0.925325 -3.19097 -0.997603
-0.892124 -3.25084 -1.13124
-0.86591 -3.31642 -1.24982
-0.846091 -3.38912 -1.35953
-0.833502 -3.46503 -1.45331
-0.827697 -3.54135 -1.53646
-0.828307 -3.62085 -1.6205
-0.835803 -3.70397 -1.70098
-0.850368 -3.79114 -1.77172
-0.872716 -3.88377 -1.84334
-0.902518 -3.97677 -1.9185
-0.938399 -4.06696 -1.98037
-0.98235 -4.16249 -2.02364
-1.02969 -4.2566 -2.05008
-1.07846 -4.34865 -2.0659
-1.14853 -4.47763 -2.07105
-1.20222 -4.5769 -2.06206
-1.25615 -4.6776 -2.06282
-1.3122 -4.78254 -2.06003
-1.36662 -4.88543 -2.05458
-1.42081 -4.98868 -2.05356
-1.47613 -5.09622 -2.03837
-1.52843 -5.20132 -2.02672
-1.57994 -5.30768 -2.01684
-1.63088 -5.41607 -2.00342
-1.67863 -5.51984 -2.00064
-1.72894 -5.63026 -1.99607
-1.77849 -5.74058 -1.98973
-1.82715 -5.85001 -1.98871
-1.87679 -5.96331 -1.97883
-1.92398 -6.07424 -1.96718
-1.97119 -6.1905 -1.94578
-2.0294 -6.34419 -1.91991
-2.06992 -6.45836 -1.90383
-2.10979 -6.57566 -1.89307
-2.14801 -6.68999 -1.89381
-2.18759 -6.80823 -1.89367
-2.22811 -6.92657 -1.9077
-2.26987 -7.04175 -1.92969
-2.31618 -7.16261 -1.94371
-2.36172 -7.27783 -1.95065
-2.41818 -7.42205 -1.93719
-2.452 -7.51198 -1.9238
-2.49307 -7.62595 -1.90949
-2.53326 -7.7444 -1.88633
-2.58156 -7.89839 -1.86312
-2.61503 -8.01646 -1.8311
-2.64559 -8.13857 -1.80085
-2.67108 -8.2576 -1.76263
-2.69223 -8.37948 -1.72264
-2.70931 -8.49822 -1.70479
-2.72839 -8.66165 -1.66918
-2.74073 -8.78394 -1.67347
-2.75253 -8.90431 -1.66359
-2.76274 -9.02581 -1.64574
-2.77143 -9.14743 -1.63852
-2.77765 -9.27196 -1.60295
-2.78081 -9.39385 -1.59041
-2.78271 -9.51596 -1.58231
-2.78373 -9.63847 -1.57597
-2.78689 -9.80259 -1.60411
-2.79094 -9.92761 -1.6022
-2.79557 -10.051 -1.61446
-2.80101 -10.1756 -1.61431
-2.80558 -10.3014 -1.6
-2.80979 -10.4236 -1.61049
-2.814 -10.5463 -1.59972
-2.81824 -10.6701 -1.6102
-2.82435 -10.7946 -1.62954
-2.83211 -10.9201 -1.6356
-2.84138 -11.0428 -1.65671
-2.85193 -11.1667 -1.65479
-2.86223 -11.2939 -1.64845
-2.87219 -11.4184 -1.65273
-2.88488 -11.5831 -1.6428
-2.89486 -11.705 -1.66214
-2.90663 -11.8299 -1.66731
-2.92006 -11.9558 -1.68665
-2.93624 -12.0793 -1.71573
-2.95502 -12.2041 -1.72444
-2.97564 -12.3289 -1.74466
-2.99764 -12.4516 -1.7516
-3.01983 -12.5743 -1.74792
-3.0414 -12.6933 -1.7522
-3.0628 -12.814 -1.74055
-3.08366 -12.9367 -1.73775
-3.10281 -13.0545 -1.7261
-3.12003 -13.1754 -1.69851
-3.13428 -13.2971 -1.67623
-3.14503 -13.4194 -1.64067
-3.15142 -13.5409 -1.606
-3.15488 -13.6604 -1.59346
-3.15644 -13.782 -1.57384
-3.15756 -13.9039 -1.5861
-3.15976 -14.0236 -1.59216
-3.16297 -14.181 -1.59021
-3.1649 -14.3 -1.58388
-3.16373 -14.4225 -1.53857
-3.15756 -14.5415 -1.49947
-3.14644 -14.659 -1.45329
-3.12971 -14.7732 -1.39737
-3.10744 -14.885 -1.35119
-3.07857 -14.9978 -1.28907
-3.04419 -15.1042 -1.22785
-3.00342 -15.208 -1.16485
-2.95419 -15.3133 -1.10184
-2.9018 -15.411 -1.05567
-2.8441 -15.5077 -1.01038
-2.78528 -15.6001 -0.996968
-2.72835 -15.6894 -1.01013
-2.67239 -15.7808 -1.03214
-2.62095 -15.873 -1.09135
-2.5797 -15.9613 -1.17625
-2.54762 -16.0514 -1.28152
-2.52722 -16.1408 -1.41158
-2.51983 -16.2234 -1.5514
-2.52441 -16.2982 -1.71248
-2.54006 -16.3656 -1.88508
-2.56388 -16.4215 -2.06211
-2.59337 -16.4659 -2.25332
-2.62622 -16.4989 -2.45517
-2.65809 -16.52 -2.65525
-2.68555 -16.5311 -2.86419
-2.70926 -16.5351 -3.082
-2.72442 -16.5343 2.98424
-2.73318 -16.532 2.77527
-2.73705 -16.5301 2.58401
-2.73941 -16.5283 2.40956
-2.7438 -16.5235 2.21387
-2.7488 -16.5159 2.09522
-2.75454 -16.5047 1.99075
-2.76135 -16.4875 1.90399
-2.76842 -16.4642 1.82875
-2.77536 -16.4339 1.76148
-2.78174 -16.3943 1.70043
-2.7867 -16.3464 1.64735
-2.78992 -16.2895 1.60757
-2.79152 -16.2254 1.58373
-2.79228 -16.1572 1.58027
-2.79376 -16.0838 1.60161
-2.79807 -16.0032 1.64686
-2.80707 -15.9163 1.70098
-2.82068 -15.8299 1.75332
-2.84024 -15.7409 1.82073
-2.86584 -15.6522 1.88282
-2.89605 -15.5643 1.921
-2.93099 -15.4725 1.94768
-2.96877 -15.3792 1.96374
-3.00727 -15.2843 1.9488
-3.04491 -15.1861 1.92501
-3.08256 -15.0827 1.91451
-3.11841 -14.9782 1.88807
-3.15162 -14.8703 1.85101
-3.19005 -14.7256 1.80956
-3.21363 -14.6154 1.7539
-3.23182 -14.5041 1.71153
-3.24575 -14.3903 1.67358
-3.25474 -14.2772 1.62678
-3.25998 -14.1621 1.60566
-3.26339 -14.0434 1.5934
-3.265 -13.9266 1.57582
-3.26534 -13.8092 1.57153
-3.26458 -13.6885 1.5575
-3.26191 -13.5721 1.53815
-3.25727 -13.454 1.52501
-3.25082 -13.3368 1.50654
-3.23998 -13.1859 1.49166
-3.23049 -13.0681 1.48914
-3.22076 -12.9523 1.48485
-3.21088 -12.8357 1.48764
-3.19757 -12.6792 1.48428
-3.18756 -12.5654 1.48175
-3.17729 -12.4455 1.48897
-3.16802 -12.3305 1.49176
-3.15961 -12.2152 1.50429
-3.15298 -12.0946 1.52746
-3.1498 -11.9743 1.56124
-3.15256 -11.8512 1.62514
-3.16244 -11.7315 1.68107
-3.17879 -11.6176 1.74584
-3.2029 -11.5057 1.82036
-3.24471 -11.3624 1.88871
-3.28167 -11.2572 1.92869
-3.31948 -11.1557 1.92616
-3.35498 -11.0521 1.87581
-3.38482 -10.9449 1.80863
-3.40583 -10.8338 1.70693
-3.41473 -10.721 1.59194
-3.41182 -10.606 1.4991
-3.39881 -10.4907 1.41776
-3.37865 -10.3813 1.35944
-3.35256 -10.2705 1.31973
-3.32355 -10.1579 1.3172
-3.29612 -10.0503 1.3253
-3.26949 -9.93922 1.3458
-3.24545 -9.82754 1.37161
-3.22398 -9.71715 1.38591
-3.20307 -9.60043 1.4011
-3.184 -9.4848 1.41363
-3.1663 -9.36875 1.42528
-3.14951 -9.24619 1.44401
-3.13503 -9.12613 1.45743
-3.12208 -9.00568 1.46997
-3.11003 -8.88435 1.47365
-3.09807 -8.76638 1.46582
-3.08432 -8.64265 1.45445
-3.06873 -8.52133 1.43157
-3.05059 -8.40395 1.40337
-3.0288 -8.28158 1.3858
-2.99754 -8.12265 1.36739
-2.97178 -7.99964 1.36133
-2.9458 -7.8787 1.35705
-2.91862 -7.75883 1.33859
-2.88883 -7.63572 1.32811
-2.85841 -7.51623 1.31497
-2.82591 -7.39565 1.30006
-2.79226 -7.27353 1.30375
-2.75862 -7.15285 1.29415
-2.7235 -7.0289 1.29518
-2.68957 -6.90933 1.29356
-2.6547 -6.78838 1.28662
-2.61909 -6.66642 1.28676
-2.58464 -6.55069 1.27627
-2.54813 -6.43105 1.27288
-2.51256 -6.31443 1.27656
-2.47663 -6.19565 1.27759
-2.44056 -6.07382 1.28836
-2.40661 -5.95774 1.28407
-2.37012 -5.83996 1.25676
-2.3297 -5.72158 1.22679
-2.28384 -5.60458 1.16761
-2.23072 -5.48851 1.11551
-2.17404 -5.37701 1.08555
-2.11513 -5.26958 1.05292
-2.05454 -5.16355 1.05041
-1.99484 -5.06042 1.04169
-1.93575 -4.95944 1.04094
-1.87795 -4.85704 1.07295
-1.8241 -4.75429 1.10319
-1.77475 -4.64973 1.15645
-1.72075 -4.50921 1.25138
-1.68986 -4.4023 1.32766
-1.66865 -4.29327 1.42962
-1.65913 -4.19012 1.52803
-1.6606 -4.08516 1.6415
-1.67323 -3.98374 1.74788
-1.69636 -3.88682 1.86223
-1.73091 -3.79505 1.99959
-1.77392 -3.71423 2.12013
-1.8276 -3.63788 2.24686
-1.88963 -3.56975 2.37183
-1.95762 -3.51173 2.49856
-2.06118 -3.44887 2.69351
-2.14291 -3.41624 2.82998
-2.23108 -3.39468 2.97354
-2.35169 -3.38567 -3.12266
-2.43993 -3.39358 -2.98176
-2.5265 -3.41419 -2.83378
-2.60564 -3.44532 -2.69997
-2.68214 -3.48841 -2.5573
-2.75111 -3.54146 -2.41463
-2.8104 -3.6016 -2.28348
-2.86193 -3.67074 -2.13904
-2.90284 -3.74619 -1.99637
-2.93298 -3.82571 -1.86965
-2.95299 -3.91079 -1.73406
-2.96182 -3.99577 -1.61442
-2.96034 -4.08198 -1.49301
-2.94077 -4.19694 -1.31134
-2.91398 -4.27786 -1.19081
-2.87533 -4.35889 -1.06054
-2.82681 -4.43442 -0.939119
-2.77075 -4.50251 -0.824786
-2.70497 -4.56476 -0.690969
-2.6339 -4.61632 -0.564239
-2.55754 -4.65804 -0.43574
-2.47453 -4.69012 -0.301926
-2.39019 -4.71067 -0.176083
-2.30292 -4.72039 -0.0458109
-2.21396 -4.7182 0.0950896
-2.1292 -4.70473 0.220046
-2.04438 -4.67983 0.351203
-1.93738 -4.63057 0.511616
-1.86324 -4.5828 0.633033
-1.7939 -4.52424 0.769507
-1.73406 -4.45891 0.889155
-1.68182 -4.38663 1.00083
-1.63647 -4.30665 1.10897
-1.60037 -4.22575 1.1932
-1.56993 -4.13794 1.28097
-1.54596 -4.0451 1.35546
-1.52766 -3.95017 1.40516
-1.51341 -3.84996 1.45398
-1.50375 -3.74565 1.5028
-1.49804 -3.63965 1.53126
-1.49579 -3.52682 1.57036
-1.49782 -3.41517 1.60768
-1.50629 -3.26408 1.64593
-1.51664 -3.14972 1.67617
-1.52993 -3.03785 1.70197
-1.54686 -2.92229 1.73045
-1.56722 -2.80547 1.75626
-1.58932 -2.6932 1.7741
-1.61411 -2.57664 1.78664
-1.63868 -2.46367 1.78323
-1.66332 -2.3497 1.78425
-1.69628 -2.19474 1.77646
-1.71894 -2.08217 1.76242
-1.74126 -1.96411 1.75282
-1.76202 -1.84577 1.73613
-1.78021 -1.7302 1.71767
-1.79699 -1.60943 1.7001
-1.81055 -1.49224 1.6719
-1.82056 -1.3733 1.6375
-1.82682 -1.25133 1.60665
-1.82905 -1.13416 1.57313
-1.82728 -1.01521 1.53873
-1.82266 -0.895543 1.52559
-1.81607 -0.77933 1.5027
-1.80702 -0.660508 1.4869
-1.79724 -0.546497 1.48348
-1.78615 -0.432606 1.46413
-1.77353 -0.315105 1.46338
-1.76116 -0.20075 1.46263
-1.74831 -0.0870447 1.45391
-1.7349 0.0289809 1.45758
-1.7178 0.181321 1.46042
-1.70484 0.296008 1.45612
-1.69192 0.409508 1.45891
-1.67879 0.519805 1.44575
-1.6642 0.632307 1.43791
-1.64991 0.743056 1.4469
-1.63611 0.853073 1.44525
-1.62254 0.965504 1.45601
-1.61075 1.07933 1.47916
-1.60048 1.19448 1.48461
-1.58827 1.34868 1.49895
-1.57872 1.46073 1.47252
-1.56425 1.57483 1.41686
-1.54261 1.6886 1.34881
-1.51332 1.79737 1.26659
-1.47692 1.89939 1.18967
-1.43602 1.99647 1.15437
-1.39383 2.09064 1.14475
-1.35493 2.17979 1.17408
-1.32189 2.26939 1.26097
-1.29402 2.38607 1.41165
-1.28652 2.4688 1.549
-1.29576 2.57197 1.77138
-1.31551 2.63898 1.94325
-1.34605 2.69893 2.1408
-1.38475 2.74732 2.34985
-1.42696 2.78206 2.55624
-1.47274 2.80566 2.77502
-1.5193 2.81793 2.99292
-1.56267 2.81996 -3.08655
-1.60459 2.81342 -2.88726
-1.64515 2.79848 -2.68974
-1.68049 2.77721 -2.50993
-1.71148 2.7503 -2.34341
-1.73982 2.71586 -2.17511
-1.77121 2.65836 -1.96605
-1.78833 2.60833 -1.83493
-1.80116 2.54892 -1.73215
-1.80902 2.48111 -1.63997
-1.81127 2.40854 -1.56374
-1.8088 2.33518 -1.51052
-1.80244 2.25949 -1.4635
-1.79203 2.18006 -1.41736
-1.7734 2.07396 -1.37651
-1.75724 1.99591 -1.35693
-1.7385 1.91499 -1.32939
-1.71693 1.8311 -1.30892
-1.69393 1.74392 -1.31679
-1.67101 1.65387 -1.32642
-1.64758 1.5615 -1.31834
-1.61525 1.43598 -1.31908
-1.5903 1.33932 -1.31719
-1.5634 1.24011 -1.29494
-1.53548 1.142 -1.29216
-1.50711 1.04218 -1.29559
-1.4779 0.940132 -1.28838
-1.43295 0.78657 -1.28377
-1.40758 0.704378 -1.25888
-1.3725 0.605868 -1.19854
-1.33297 0.513119 -1.13732
-1.28648 0.422547 -1.05574
-1.2337 0.338501 -0.964418
-1.17785 0.265213 -0.874874
-1.11365 0.195862 -0.772932
-1.04476 0.134664 -0.679847
-0.975581 0.0835387 -0.592968
-0.90329 0.0402699 -0.485724
-0.831112 0.00690615 -0.380255
-0.733501 -0.024054 -0.234027
-0.657662 -0.0370898 -0.106425
-0.5875 -0.040456 0.0105437
-0.521135 -0.0363105 0.114226
-0.456145 -0.0253879 0.218792
-0.394293 -0.00846353 0.315387
-0.340242 0.0114813 0.391608
-0.291675 0.033375 0.455426
-0.24764 0.056463 0.510385
-0.208446 0.0797259 0.560912
-0.176474 0.100773 0.603461
-0.150771 0.1191 0.635376
-0.129387 0.135311 0.661972
-0.110398 0.150423 0.682367
-0.0873263 0.169582 0.703653
-0.0722182 0.182576 0.716959
-0.0587523 0.194451 0.728491
-0.0466055 0.205435 0.741793
-0.0360431 0.215226 0.753321
-0.0264529 0.224325 0.764848
-0.0178102 0.232701 0.774602
-0.0102287 0.240186 0.78347
-0.00354287 0.246894 0.790565
0.00226539 0.252804 0.797658
0.00707716 0.257757 0.802094
0.0111808 0.262023 0.807414
0.0144485 0.26545 0.810961
0.017027 0.268171 0.813622
0.0189225 0.27018 0.815396
0.0202739 0.271618 0.81717
0.0208139 0.272193 0.81717
0.0208139 0.272193 0.81717
0.0205439 0.271906 0.81717
0.020409 0.271762 0.818055
0.020274 0.271618 0.81717
0.020544 0.271905 0.81717
0.020544 0.271905 0.81717
0.020544 0.271905 0.81717
0.020544 0.271905 0.81717
0.020544 0.271905 0.81717
0.020544 0.271905 0.81717
0.020544 0.271905 0.81717
0.020544 0.271905 0.81717
0.020544 0.271905 0.81717
0.020544 0.271905 0.81717
0.020544 0.271905 0.81717
0.020544 0.271905 0.81717
0.020544 0.271905 0.81717
0.020544 0.271905 0.81717
0.020544 0.271905 0.81717
0.020544 0.271905 0.81717
0.020544 0.271905 0.81717
0.020544 0.271905 0.81717
0.020544 0.271905 0.81717
0.020544 0.271905 0.81717
0.020544 0.271905 0.81717
0.020544 0.271905 0.81717
0.020544 0.271905 0.81717
0.020544 0.271905 0.81717
0.020544 0.271905 0.81717
0.020544 0.271905 0.81717
0.020544 0.271905 0.81717
0.020544 0.271905 0.81717
0.020544 0.271905 0.81717
0.020544 0.271905 0.81717
0.020544 0.271905 0.81717
0.020544 0.271905 0.81717
0.020544 0.271905 0.81717
0.020544 0.271905 0.81717
0.020544 0.271905 0.81717
0.020544 0.271905 0.81717
0.020544 0.271905 0.81717
0.020544 0.271905 0.81717
0.020544 0.271905 0.81717
0.020544 0.271905 0.81717
0.020544 0.271905 0.81717
0.020544 0.271905 0.81717
0.020544 0.271905 0.81717
0.020544 0.271905 0.81717
0.020544 0.271905 0.81717
0.020544 0.271905 0.81717
0.020544 0.271905 0.81717
0.020544 0.271905 0.81717
0.020544 0.271905 0.81717
0.020544 0.271905 0.81717
0.020544 0.271905 0.81717
0.020544 0.271905 0.81717
0.020544 0.271905 0.81717
0.020544 0.271905 0.81717
0.020544 0.271905 0.81717
0.020544 0.271905 0.81717
0.020544 0.271905 0.81717
0.020544 0.271905 0.81717
0.020544 0.271905 0.81717
0.020544 0.271905 0.81717
0.020544 0.271905 0.81717
0.020544 0.271905 0.81717
0.020544 0.271905 0.81717
0.020544 0.271905 0.81717
0.020544 0.271905 0.81717
0.020544 0.271905 0.81717
0.020544 0.271905 0.81717
0.020544 0.271905 0.81717
0.020544 0.271905 0.81717
0.020544 0.271905 0.81717
0.020544 0.271905 0.81717
0.020544 0.271905 0.81717
0.020544 0.271905 0.81717
0.020544 0.271905 0.81717
0.020544 0.271905 0.81717
0.020544 0.271905 0.81717
0.020544 0.271905 0.81717
0.020544 0.271905 0.81717
0.020544 0.271905 0.81717
0.020544 0.271905 0.81717
0.020544 0.271905 0.81717
0.020544 0.271905 0.81717
0.020544 0.271905 0.81717
