-0.0646643 0.00214133 -0.066205 4182160 4246520
-0.12961468 0.0088773549 -0.14047677 4180940 4244470
-0.19389606 0.020356646 -0.21295523 4179710 4242430
-0.26038243 0.037625579 -0.29528712 4178450 4240250
-0.33034547 0.062588574 -0.39015711 4177120 4237860
-0.39930017 0.094735379 -0.48233363 4175730 4235440
-0.46564268 0.1331875 -0.5682353 4174290 4233040
-0.53147808 0.18015798 -0.67116077 4172840 4230440
-0.59161752 0.23332804 -0.77677544 4171420 4227840
-0.64462319 0.29092608 -0.8770149 4170020 4225320
-0.69241014 0.35468015 -0.97814995 4168590 4222760
-0.73407183 0.42399609 -1.0810743 4167140 4220160
-0.76776573 0.49465117 -1.1705584 4165680 4217700
-0.79553825 0.57018018 -1.2663117 4164200 4215150
-0.81648336 0.65118482 -1.3692308 4162680 4212480
-0.82958865 0.733823 -1.4578087 4161080 4209890
-0.8357706 0.81866695 -1.5383159 4159400 4207310
-0.83480146 0.90752354 -1.6250893 4157660 4204600
-0.8268114 0.99342016 -1.7020086 4155930 4202010
-0.81238744 1.0780691 -1.7771368 4154200 4199440
-0.79043331 1.16562 -1.8558408 4152380 4196740
-0.76243883 1.2520627 -1.9121346 4150420 4194150
-0.73056968 1.3369421 -1.9478125 4148350 4191680
-0.69438621 1.4231142 -1.988863 4146240 4189110
-0.65544305 1.5085152 -2.0083999 4144000 4186650
-0.61588764 1.5940787 -1.9992524 4141590 4184340
-0.57629494 1.6818216 -1.9901011 4139130 4181980
-0.53743257 1.7694522 -1.9863286 4136710 4179600
-0.50000317 1.8572726 -1.9610442 4134180 4177350
-0.46486556 1.9466785 -1.9294844 4131600 4175120
-0.43142587 2.0380106 -1.9140563 4129080 4172770
-0.39942173 2.1311236 -1.8896624 4126480 4170440
-0.3704898 2.224819 -1.8509278 4123810 4168200
-0.34451888 2.3195846 -1.825638 4121210 4165880
-0.32046943 2.4171213 -1.7994472 4118550 4163510
-0.29993921 2.5146432 -1.7571237 4115820 4161250
-0.28398388 2.609576 -1.717496 4113190 4159060
-0.27130418 2.7062085 -1.6850372 4110570 4156800
-0.26232565 2.8028567 -1.641822 4107900 4154610
-0.25791589 2.8928223 -1.5977245 4105400 4152600
-0.25742292 2.9781005 -1.5554294 4103030 4150700
-0.26041709 3.0621299 -1.5149287 4100700 4148820
-0.26629213 3.1420006 -1.4798146 4098500 4147010
-0.27428603 3.2150615 -1.4438167 4096460 4145370
-0.28438669 3.2840282 -1.4069298 4094510 4143830
-0.29632038 3.3492527 -1.3727387 4092660 4142360
-0.30857187 3.4076979 -1.3555913 4091070 4140960
-0.3197872 3.4592141 -1.3572812 4089760 4139630
-0.32846988 3.5010591 -1.3751253 4088790 4138460
-0.33526784 3.5375756 -1.3983584 4087990 4137400
-0.33994786 3.5667573 -1.4251917 4087400 4136510
-0.34300576 3.590322 -1.458311 4086990 4135730
-0.34448826 3.6060258 -1.4950315 4086800 4135130
-0.34468137 3.6092122 -1.5255017 4086890 4134880
-0.34434178 3.5996301 -1.5452403 4087240 4135010
-0.34392131 3.5796628 -1.5542428 4087790 4135460
-0.34356244 3.5487085 -1.5641633 4088620 4136180
-0.34353308 3.5105631 -1.5758903 4089640 4137070
-0.34424868 3.4598399 -1.5939165 4091010 4138240
-0.34624105 3.3995584 -1.6137541 4092630 4139640
-0.34940972 3.3335293 -1.623743 4094340 4141240
-0.35326253 3.261536 -1.62478 4096150 4143040
-0.35738647 3.1883587 -1.6294046 4098010 4144850
-0.36237886 3.1094294 -1.6385226 4100040 4146780
-0.36852378 3.0245749 -1.647652 4102220 4148860
-0.37562852 2.9393926 -1.660368 4104430 4150930
-0.38403067 2.8567376 -1.6838352 4106640 4152880
-0.39482064 2.7719427 -1.7108928 4108930 4154870
-0.40798725 2.6840506 -1.728097 4111250 4157000
-0.42212829 2.5967158 -1.734544 4113500 4159180
-0.43684899 2.5100841 -1.743679 4115750 4161330
-0.45337066 2.418901 -1.7564088 4118140 4163580
-0.47180835 2.3207628 -1.7566035 4120640 4166080
-0.49061059 2.2224897 -1.7630732 4123180 4168550
-0.51098861 2.1231035 -1.7829909 4125830 4170980
-0.53376125 2.0201438 -1.7939528 4128530 4173560
-0.557382 1.9169651 -1.7977447 4131200 4176190
-0.5826769 1.8094613 -1.8060272 4134010 4178910
-0.60912747 1.6991516 -1.8062483 4136850 4181750
-0.63501934 1.5893268 -1.798401 4139630 4184620
-0.66111128 1.4783177 -1.8048978 4142520 4187440
-0.68824635 1.3634497 -1.8006461 4145450 4190420
-0.71513193 1.2497543 -1.8053559 4148400 4193320
-0.74327211 1.1369799 -1.8253023 4151420 4196120
-0.77305166 1.0225621 -1.8255328 4154380 4199080
-0.80265584 0.90892518 -1.8257617 4157320 4202020
-0.83298795 0.79217617 -1.8242039 4160330 4205050
-0.86178366 0.67545342 -1.8011329 4163210 4208190
-0.88876409 0.55952337 -1.7977794 4166170 4211190
-0.91586466 0.44054962 -1.7917428 4169190 4214280
-0.94277666 0.31927933 -1.7866069 4172270 4217420
-0.97003302 0.20013267 -1.8047724 4175430 4220380
-0.99915771 0.078964184 -1.8086008 4178570 4223480
-1.0278865 -0.038805723 -1.8115261 4181620 4226500
-1.0574149 -0.15925926 -1.8108715 4184720 4229610
-1.0933236 -0.32046592 -1.7690641 4188620 4233980
-1.1156301 -0.43738258 -1.749576 4191490 4237070
-1.1358466 -0.56014563 -1.7184458 4194430 4240360
-1.1527855 -0.68179204 -1.6998615 4197400 4243540
-1.1678107 -0.80570056 -1.6830741 4200430 4246760
-1.1801614 -0.9301051 -1.6564268 4203410 4250040
-1.1894837 -1.0505693 -1.6396311 4206340 4253160
-1.1967354 -1.1769755 -1.6165725 4209380 4256460
-1.2011569 -1.2981161 -1.5979853 4212310 4259600
-1.2032472 -1.4179234 -1.5784986 4215200 4262710
-1.2027217 -1.5407418 -1.5545362 4218140 4265920
-1.1998212 -1.6583339 -1.5377344 4220990 4268960
-1.1940371 -1.779416 -1.5083909 4223860 4272160
-1.1813689 -1.9370762 -1.4728442 4227620 4276320
-1.1678347 -2.053921 -1.4381154 4230370 4279460
-1.1509018 -2.1731482 -1.4213195 4233290 4282570
-1.135117 -2.2844734 -1.4385698 4236200 4285290
-1.1222282 -2.3959704 -1.4728502 4239200 4287910
-1.1150114 -2.5097831 -1.5420927 4242440 4290380
-1.1167933 -2.619618 -1.6319435 4245690 4292630
-1.1290455 -2.7299897 -1.7307611 4249020 4294860
-1.1518017 -2.8394957 -1.8206149 4252320 4297160
-1.1835144 -2.9427897 -1.9167367 4255560 4299330
-1.2255201 -3.0416953 -2.0280965 4258870 4301400
-1.2770014 -3.1339602 -2.1313836 4262090 4303470
-1.3382591 -3.2210253 -2.236466 4265340 4305550
-1.4071557 -3.2990125 -2.3523012 4268590 4307510
-1.4831773 -3.3671114 -2.469923 4271800 4309410
-1.5670537 -3.4266552 -2.5785847 4274980 4311380
-1.6544897 -3.4773305 -2.6540756 4277930 4313490
-1.7439074 -3.5213423 -2.7143268 4280760 4315650
-1.8352601 -3.5606732 -2.755753 4283480 4317910
-1.9277745 -3.5987743 -2.7460881 4285930 4320470
-2.0185787 -3.6388441 -2.7059451 4288190 4323180
-2.1058743 -3.6821654 -2.6559386 4290350 4325900
-2.1914161 -3.731304 -2.5844207 4292420 4328770
-2.2704236 -3.7855762 -2.4949711 4294320 4331670
-2.3419419 -3.8441737 -2.4153745 4296190 4334430
-2.4098206 -3.9107117 -2.3169605 4298020 4337360
-2.4711378 -3.984902 -2.2059987 4299810 4340390
-2.5214015 -4.0625003 -2.0851681 4301450 4343380
-2.5609934 -4.1464871 -1.9374487 4302950 4346530
-2.5862326 -4.2298072 -1.7924085 4304320 4349520
-2.5988596 -4.31413 -1.6464655 4305640 4352470
-2.5985948 -4.3987908 -1.4888716 4306880 4355470
-2.5862243 -4.4770901 -1.339333 4308030 4358290
-2.5629652 -4.5495216 -1.1808245 4309050 4361080
-2.5288711 -4.6157355 -1.0097622 4309960 4363900
-2.4883845 -4.6699781 -0.84944454 4310760 4366490
-2.4410296 -4.715503 -0.68195163 4311470 4369070
-2.3866165 -4.7523008 -0.50728876 4312140 4371690
-2.3294523 -4.7780411 -0.33889574 4312770 4374200
-2.2695276 -4.7935279 -0.16691409 4313360 4376710
-2.2072239 -4.7983841 0.011342466 4313930 4379270
-2.1497595 -4.7931627 0.16988699 4314490 4381600
-2.0954775 -4.7797902 0.3131962 4315090 4383800
-2.0421225 -4.7583458 0.45112435 4315760 4386010
-1.9906256 -4.7293431 0.57470747 4316550 4388180
-1.9433678 -4.6951939 0.67677857 4317440 4390210
-1.8970976 -4.6543753 0.76898401 4318470 4392270
-1.8499862 -4.6041107 0.86655452 4319650 4394540
-1.8061899 -4.5473586 0.96053233 4320920 4396860
-1.7670205 -4.4861278 1.0428572 4322280 4399140
-1.7322627 -4.4200258 1.1305556 4323660 4401500
-1.7023855 -4.3474591 1.2298992 4325070 4404020
-1.6796993 -4.2727497 1.3220727 4326510 4406490
-1.6600551 -4.1681456 1.4482519 4328470 4409860
-1.6538939 -4.0827007 1.5493752 4330050 4412570
-1.655802 -3.995856 1.6361534 4331740 4415230
-1.6656563 -3.9063368 1.7247172 4333500 4417980
-1.6841864 -3.8157561 1.8204481 4335280 4420830
-1.7098928 -3.7294401 1.9000499 4337090 4423530
-1.7429806 -3.6433186 1.9751649 4338980 4426260
-1.785635 -3.5548119 2.06461 4340940 4429220
-1.8345005 -3.472351 2.146888 4342880 4432080
-1.8913294 -3.393186 2.239921 4344800 4435040
-1.9569642 -3.3174158 2.3293613 4346810 4438050
-2.0280977 -3.2479158 2.406256 4348870 4440970
-2.1086943 -3.1814946 2.4983779 4350970 4444100
-2.1950401 -3.1223853 2.5842249 4353110 4447200
-2.2854659 -3.0705247 2.6575239 4355310 4450220
-2.3830183 -3.0245689 2.7451575 4357520 4453410
-2.4838106 -2.9873749 2.8309994 4359730 4456580
-2.5928164 -2.9582655 2.9302752 4362000 4459960
-2.7063491 -2.9398 3.0304449 4364320 4463400
-2.816974 -2.9330867 3.1315173 4366530 4466740
-2.9280342 -2.9391792 -3.0219105 4368590 4470250
-3.0320609 -2.9586482 -2.8912486 4370510 4473630
-3.1319256 -2.9924567 -2.7390719 4372300 4477120
-3.2208079 -3.0392328 -2.575231 4373900 4480550
-3.2965267 -3.0976655 -2.3934549 4375280 4483960
-3.3578808 -3.1673505 -2.1919535 4376480 4487410
-3.4004718 -3.2412073 -1.9958154 4377520 4490640
-3.4270481 -3.3215842 -1.7844381 4378460 4493940
-3.4360262 -3.3995352 -1.5864961 4379320 4497010
-3.4301642 -3.4737778 -1.397508 4380130 4499930
-3.4110495 -3.5443107 -1.2147898 4380940 4502780
-3.382005 -3.6065514 -1.0535797 4381760 4505400
-3.3445709 -3.6627072 -0.91208418 4382660 4507880
-3.2984934 -3.7147188 -0.77955777 4383660 4510360
-3.2482142 -3.7597438 -0.68108936 4384800 4512600
-3.1951781 -3.7998567 -0.61399162 4386090 4514640
-3.136589 -3.8386942 -0.55676127 4387530 4516720
-3.0730583 -3.8760278 -0.50581216 4389090 4518850
-3.0073781 -3.9107379 -0.46651724 4390730 4520930
-2.9398868 -3.9431914 -0.42991168 4392400 4523010
-2.8674856 -3.9739902 -0.37449088 4394060 4525290
-2.7892311 -4.0018746 -0.31011385 4395780 4527730
-2.7068595 -4.0254162 -0.24663863 4397570 4530230
-2.6176662 -4.0437572 -0.15897201 4399360 4533000
-2.5217198 -4.053592 -0.045321571 4401140 4536050
-2.4268715 -4.0527558 0.062953963 4402910 4539030
-2.3297742 -4.0406723 0.18466901 4404680 4542160
-2.2346579 -4.0168831 0.30548728 4406460 4545290
-2.146025 -3.9831052 0.42272647 4408180 4548320
-2.061172 -3.9381049 0.55251109 4409860 4551450
-1.9856835 -3.8854185 0.66617119 4411530 4554390
-1.9156494 -3.8238442 0.77624139 4413250 4557340
-1.8501589 -3.7508778 0.90243899 4415000 4560500
-1.7962305 -3.673822 1.0178869 4416710 4563500
-1.7509294 -3.5895812 1.136916 4418440 4566560
-1.7147997 -3.4992921 1.2433948 4420280 4569590
-1.6876006 -3.4077961 1.3202954 4422240 4572410
-1.6664174 -3.309403 1.3971873 4424330 4575360
-1.6518144 -3.2094168 1.4543572 4426540 4578210
-1.6416607 -3.1090775 1.4855337 4428890 4580910
-1.634389 -3.0048855 1.5167029 4431330 4583700
-1.6301038 -2.9009281 1.5424944 4433790 4586450
-1.627908 -2.7953056 1.5575267 4436350 4589180
-1.628013 -2.6866649 1.5859989 4438910 4592060
-1.6310339 -2.5808652 1.6126833 4441410 4594860
-1.6364838 -2.4735599 1.6304013 4444000 4597650
-1.6443351 -2.3597977 1.6490026 4446750 4600610
-1.6534282 -2.2493339 1.6568538 4449480 4603430
-1.6634995 -2.137148 1.6638052 4452260 4606290
-1.6747287 -2.0216617 1.6716463 4455120 4609240
-1.6866354 -1.9074488 1.677697 4457960 4612150
-1.699526 -1.7911313 1.6846398 4460850 4615120
-1.7132309 -1.6720905 1.6861988 4463840 4618130
-1.7257325 -1.5583402 1.6743229 4466770 4620930
-1.7369201 -1.4402391 1.6561642 4469840 4623800
-1.7453462 -1.3193062 1.6245554 4473050 4626660
-1.7479261 -1.2034957 1.5615831 4476300 4629210
-1.7418034 -1.0846178 1.4770926 4479750 4631720
-1.7255767 -0.97092825 1.3809584 4483160 4634060
-1.6973138 -0.8616751 1.2543496 4486690 4636180
-1.6571088 -0.76159248 1.1232699 4490120 4638150
-1.6061775 -0.67061915 0.9975766 4493430 4640060
-1.5452079 -0.58851729 0.8665078 4496720 4641890
-1.4780936 -0.51921614 0.73634664 4499860 4643580
-1.4043245 -0.46147771 0.59184908 4503010 4645120
-1.3261388 -0.41633319 0.45542425 4506030 4646620
-1.2453395 -0.38279018 0.33155511 4508910 4648120
-1.1590053 -0.35926473 0.20051247 4511880 4649630
-1.0752883 -0.347856 0.070373419 4514720 4651020
-0.99798911 -0.34751466 -0.061541833 4517390 4652220
-0.92531084 -0.35709639 -0.20062149 4520000 4653280
-0.86152917 -0.3745131 -0.3325162 4522390 4654200
-0.80694272 -0.39723388 -0.45632999 4524560 4654990
-0.76321305 -0.42216909 -0.58012784 4526510 4655560
-0.73443236 -0.44372796 -0.70568912 4528110 4655760
-0.71900047 -0.45852566 -0.82315468 4529300 4655640
-0.71350501 -0.46513814 -0.93163071 4530120 4655250
-0.71328112 -0.4654839 -1.0607082 4530850 4654540
-0.71399405 -0.46406382 -1.1503426 4531310 4654000
-0.71318403 -0.46611514 -1.2390871 4531860 4653560
-0.71068761 -0.47454911 -1.3269473 4532570 4653290
-0.70740518 -0.49060135 -1.4112377 4533450 4653230
-0.70446897 -0.5154 -1.4946484 4534540 4653390
-0.70337711 -0.54794273 -1.5798667 4535830 4653730
-0.7055952 -0.5890324 -1.6695843 4537360 4654260
-0.71267283 -0.63906864 -1.7530441 4539090 4655060
-0.72557234 -0.69676645 -1.8284548 4540990 4656120
-0.74490453 -0.76040499 -1.9029821 4543070 4657370
-0.77067019 -0.82667762 -1.980209 4545280 4658720
-0.80251424 -0.89247934 -2.0628173 4547570 4660090
-0.84296996 -0.96044408 -2.1526081 4550050 4661570
-0.89372269 -1.0304693 -2.2433094 4552720 4663230
-0.95054142 -1.0975075 -2.304433 4555260 4665090
-1.0103074 -1.1622015 -2.3288065 4557600 4667160
-1.07242 -1.2279784 -2.3262933 4559850 4669440
-1.1373441 -1.3003887 -2.2771823 4562010 4672150
-1.198654 -1.3796995 -2.1805701 4563980 4675200
-1.2510722 -1.464208 -2.0714071 4565860 4678300
-1.2942223 -1.556674 -1.9434269 4567700 4681570
-1.3250942 -1.6524643 -1.8217173 4569540 4684770
-1.3443241 -1.7498287 -1.709865 4571400 4687880
-1.3528274 -1.8513146 -1.5989141 4573330 4691050
-1.3520556 -1.9523582 -1.5274018 4575460 4693980
-1.3451447 -2.0559739 -1.4809928 4577800 4696840
-1.33343 -2.1621699 -1.4408649 4580250 4699740
-1.3192506 -2.2660535 -1.4294166 4582810 4702430
-1.2979575 -2.4139112 -1.4261223 4586530 4706190
-1.281945 -2.524598 -1.4281334 4589340 4708980
-1.2681175 -2.6345738 -1.4633074 4592310 4711560
-1.2589359 -2.7490449 -1.5182096 4595490 4714130
-1.2571237 -2.8610748 -1.5910337 4598700 4716530
-1.2650392 -2.96964 -1.6961217 4602010 4718670
-1.2836865 -3.0744495 -1.7976186 4605240 4720770
-1.3127656 -3.1768562 -1.8973228 4608460 4722880
-1.3525142 -3.2756126 -2.0095751 4611750 4724920
-1.4007135 -3.3644434 -2.1262997 4614930 4726800
-1.458916 -3.4463333 -2.2510904 4618140 4728620
-1.526456 -3.5201689 -2.3722949 4621320 4730450
-1.6021188 -3.5847382 -2.4979815 4624510 4732240
-1.6848531 -3.6377699 -2.6451771 4627790 4733880
-1.7711222 -3.6767737 -2.7887802 4630960 4735450
-1.8632844 -3.7031972 -2.9359711 4634180 4737030
-1.9583012 -3.7159888 -3.0795753 4637380 4738630
-2.0507774 -3.7152085 3.0627003 4640480 4740160
-2.140538 -3.7009611 2.9056576 4643630 4741560
-2.2494491 -3.6626515 2.701061 4647660 4743310
-2.3258174 -3.6187495 2.538647 4650770 4744610
-2.3947006 -3.5625715 2.3762314 4653900 4745930
-2.4538395 -3.4954131 2.2093344 4657070 4747240
-2.5006597 -3.4191514 2.0334722 4660290 4748500
-2.5325739 -3.3383329 1.8603025 4663430 4749710
-2.5497709 -3.2541804 1.684449 4666560 4750880
-2.55197 -3.1687156 1.5085946 4669680 4752040
-2.540123 -3.0866702 1.3461891 4672660 4753210
-2.5145412 -3.0055153 1.1846789 4675690 4754440
-2.4771292 -2.9302023 1.0348204 4678630 4755710
-2.4294963 -2.862116 0.8858612 4681540 4756960
-2.3715182 -2.8014809 0.72973044 4684510 4758190
-2.3074864 -2.7520421 0.58525781 4687340 4759410
-2.2363447 -2.7118816 0.4425777 4690180 4760660
-2.1581528 -2.6814831 0.29899429 4693080 4761960
-2.0780579 -2.6625869 0.16437895 4695890 4763270
-1.9957541 -2.6545724 0.029762803 4698710 4764590
-1.9133236 -2.6577797 -0.10754072 4701540 4765890
-1.8343924 -2.6713948 -0.23408569 4704250 4767190
-1.7543751 -2.6959158 -0.36063525 4707050 4768580
-1.6748851 -2.731488 -0.48091927 4709900 4770090
-1.5996101 -2.7756691 -0.58058582 4712640 4771720
-1.5281366 -2.8278275 -0.68025504 4715410 4773380
-1.4613408 -2.8882654 -0.79068371 4718280 4775020
-1.3821549 -2.9813866 -0.94151161 4722180 4777240
-1.3312774 -3.0612288 -1.0653947 4725240 4778920
-1.2904076 -3.1470691 -1.1874846 4728300 4780620
-1.2605324 -3.2381694 -1.3203337 4731440 4782280
-1.2428729 -3.3364659 -1.465741 4734750 4783970
-1.239294 -3.4372696 -1.6048744 4738050 4785720
-1.2500862 -3.5405703 -1.7449099 4741430 4787540
-1.2740967 -3.6403862 -1.8688085 4744690 4789420
-1.3097787 -3.735583 -1.990016 4747910 4791290
-1.3568872 -3.8279202 -2.0950925 4751090 4793300
-1.4129916 -3.9174467 -2.1661112 4754130 4795550
-1.4767861 -4.0066235 -2.2174178 4757160 4798010
-1.5446837 -4.092715 -2.2597603 4760140 4800520
-1.640495 -4.2073287 -2.2743934 4763960 4804180
-1.7149039 -4.2945316 -2.279995 4766860 4807020
-1.7867792 -4.3781191 -2.2820026 4769630 4809770
-1.8614958 -4.4658434 -2.2705745 4772450 4812720
-1.9365649 -4.5558853 -2.2609428 4775330 4815710
-2.0099367 -4.6465434 -2.24145 4778140 4818740
-2.0827292 -4.7414696 -2.2085178 4780950 4821920
-2.1514087 -4.835978 -2.189922 4783770 4824950
-2.2165386 -4.9298251 -2.1650462 4786490 4827950
-2.2823465 -5.0294825 -2.1437665 4789360 4831060
-2.3466055 -5.1289601 -2.1448937 4792330 4834020
-2.4330569 -5.2659219 -2.1228002 4796260 4838200
-2.4974296 -5.3705229 -2.1221431 4799330 4841280
-2.5622889 -5.4783308 -2.1026685 4802370 4844540
-2.6265314 -5.5902103 -2.0814071 4805480 4847890
-2.6882676 -5.7014394 -2.0735879 4808620 4851120
-2.7482859 -5.8133796 -2.0523228 4811680 4854420
-2.8087907 -5.9280022 -2.0606427 4814970 4857620
-2.8701601 -6.0417121 -2.0707546 4818260 4860800
-2.9340151 -6.1577074 -2.0772874 4821610 4864080
-2.9972789 -6.2694581 -2.0945685 4824920 4867200
-3.0629104 -6.3837646 -2.0894473 4828190 4870530
-3.130245 -6.5016994 -2.0897119 4831590 4873930
-3.1967779 -6.6196265 -2.0792196 4834920 4877380
-3.2621351 -6.7391233 -2.0633505 4838240 4880880
-3.3256303 -6.8580372 -2.0591312 4841590 4884280
-3.3889826 -6.9810825 -2.0334066 4844910 4887890
-3.4493119 -7.1029703 -2.0273972 4848280 4891330
-3.5075119 -7.2245617 -2.0070435 4851540 4894820
-3.5630496 -7.345198 -1.9974424 4854810 4898200
-3.618382 -7.4683426 -1.9887417 4858140 4901630
-3.6720679 -7.5930811 -1.965701 4861410 4905160
-3.7230766 -7.7163502 -1.9605827 4864720 4908530
-3.7722145 -7.8401602 -1.9366407 4867920 4912000
-3.8188305 -7.9634483 -1.927934 4871170 4915350
-3.8646689 -8.090218 -1.9075804 4874430 4918840
-3.9063471 -8.2154713 -1.8764649 4877560 4922320
-3.9444417 -8.3408197 -1.8552071 4880720 4925720
-3.9793522 -8.4697791 -1.8151314 4883840 4929290
-4.009517 -8.5962407 -1.7947685 4886980 4932660
-4.0374701 -8.7244376 -1.7762006 4890160 4936050
-4.0627924 -8.8448256 -1.7800263 4893260 4939110
-4.091091 -8.966193 -1.8197094 4896600 4942010
-4.1258026 -9.0894153 -1.8710513 4900090 4944930
-4.167053 -9.2074412 -1.9430049 4903620 4947660
-4.2158565 -9.3225468 -2.0006155 4907070 4950470
-4.2681002 -9.4363447 -2.0017559 4910210 4953600
-4.3189915 -9.5496595 -1.9840707 4913220 4956810
-4.3658971 -9.6674762 -1.9152969 4916010 4960370
-4.4017546 -9.7834758 -1.825897 4918550 4963910
-4.4271236 -9.9020058 -1.7373939 4921090 4967440
-4.4425785 -10.023642 -1.6569599 4923710 4970960
-4.4502929 -10.143416 -1.6132719 4926470 4974210
-4.4543095 -10.26777 -1.5928981 4929470 4977440
-4.4570663 -10.389361 -1.5940315 4932520 4980480
-4.4607722 -10.51073 -1.6086101 4935640 4983440
-4.467296 -10.637582 -1.635749 4938970 4986470
-4.4775228 -10.761183 -1.670949 4942270 4989380
-4.492155 -10.885346 -1.7052546 4945590 4992320
-4.5105861 -11.008194 -1.7341805 4948860 4995270
-4.5328722 -11.130604 -1.7675885 4952160 4998200
-4.5601979 -11.259142 -1.7929427 4955590 5001350
-4.5886493 -11.380472 -1.8093202 4958800 5004380
-4.6196882 -11.503022 -1.8283903 4962070 5007440
-4.652537 -11.62902 -1.823266 4965300 5010730
-4.6843316 -11.754054 -1.8163464 4968490 5014000
-4.7155659 -11.882519 -1.8022623 4971720 5017390
-4.7436206 -12.00619 -1.7854787 4974800 5020660
-4.7711995 -12.129154 -1.7973772 4978020 5023750
-4.8009757 -12.254889 -1.8092817 4981320 5026920
-4.8318241 -12.376251 -1.8301423 4984570 5029940
-4.8655028 -12.49955 -1.8447333 4987850 5033060
-4.898901 -12.621061 -1.8333261 4990940 5036280
-4.9317328 -12.745619 -1.8237169 4994110 5039560
-4.9626576 -12.873951 -1.7908088 4997230 5043050
-4.9883668 -12.997109 -1.7623706 5000220 5046360
-5.0116552 -13.124407 -1.74111 5003340 5049720
-5.0328343 -13.253692 -1.7252308 5006530 5053090
-5.0531399 -13.380289 -1.7344444 5009790 5056250
-5.0743449 -13.508964 -1.7338023 5013050 5059520
-5.0941507 -13.629976 -1.7322486 5016110 5062600
-5.1139348 -13.75524 -1.7226354 5019230 5065830
-5.131675 -13.88504 -1.6906216 5022330 5069290
-5.1444166 -14.010609 -1.6532202 5025280 5072660
-5.1518929 -14.1386 -1.6050664 5028220 5076140
-5.1533812 -14.262806 -1.5604901 5031080 5079500
-5.1489713 -14.387743 -1.5105373 5033930 5082910
-5.1332764 -14.564984 -1.4544136 5038070 5087680
-5.1245378 -14.631715 -1.4267569 5039600 5089520
-5.1037037 -14.751536 -1.3705231 5042330 5092880
-5.0772808 -14.869022 -1.3286283 5045110 5096130
-5.0440716 -14.986225 -1.260742 5047780 5099560
-5.0045513 -15.09701 -1.1955367 5050360 5102870
-4.9600102 -15.201764 -1.1419765 5052910 5106020
-4.9087022 -15.30449 -1.0731803 5055400 5109280
-4.8541933 -15.398923 -1.0214041 5057840 5112300
-4.7949914 -15.489774 -0.96514382 5060240 5115330
-4.7344127 -15.571893 -0.90528679 5062460 5118220
-4.6726226 -15.646477 -0.85258999 5064590 5120940
-4.6076349 -15.71612 -0.78734095 5066610 5123690
-4.5444865 -15.775188 -0.71669658 5068380 5126250
-4.4863727 -15.822098 -0.64154741 5069830 5128540
-4.4303433 -15.859728 -0.54128489 5070960 5130790
-4.3757684 -15.88851 -0.42935908 5071880 5132960
-4.3299957 -15.906324 -0.31292862 5072460 5134840
-4.2915418 -15.916317 -0.19558098 5072800 5136490
-4.2652401 -15.91994 -0.078208801 5072810 5137810
-4.24808 -15.920298 0.036491512 5072600 5138880
-4.2407331 -15.919617 0.1485229 5072160 5139690
-4.2446551 -15.920429 0.25968116 5071440 5140210
-4.2589072 -15.92507 0.36996236 5070450 5140450
-4.2807535 -15.934948 0.47936577 5069240 5140460
-4.3077863 -15.950854 0.58430271 5067870 5140260
-4.339318 -15.974064 0.68477197 5066330 5139840
-4.3715902 -16.003002 0.77718215 5064730 5139270
-4.4044954 -16.038412 0.86691304 5063020 5138560
-4.43448 -16.077341 0.96202368 5061260 5137860
-4.4611934 -16.120004 1.0607221 5059450 5137150
-4.4821841 -16.162437 1.1621028 5057700 5136530
-4.4966208 -16.200971 1.262576 5056110 5136060
-4.5051545 -16.23343 1.3648272 5054700 5135790
-4.509345 -16.260275 1.4670659 5053450 5135680
-4.5103689 -16.27923 1.5666004 5052420 5135760
-4.5100278 -16.287619 1.6562525 5051710 5136050
-4.5101508 -16.286636 1.7342344 5051300 5136510
-4.512933 -16.272534 1.7969526 5051310 5137220
-4.5190098 -16.248945 1.8488938 5051630 5138120
-4.529057 -16.216519 1.8936459 5052230 5139220
-4.5436417 -16.175502 1.9312085 5053110 5140520
-4.5624988 -16.127554 1.9597917 5054240 5141970
-4.5843284 -16.075423 1.9749198 5055570 5143470
-4.609033 -16.018003 1.9792797 5057110 5145060
-4.6354666 -15.956543 1.9746675 5058810 5146710
-4.6636936 -15.889986 1.9691484 5060650 5148490
-4.6929712 -15.820404 1.9690012 5062540 5150380
-4.7227031 -15.749714 1.9688517 5064460 5152300
-4.7689675 -15.64048 1.9739987 5067400 5155300
-4.7890939 -15.593699 1.980174 5068640 5156610
-4.8249197 -15.511715 1.9853777 5070850 5158880
-4.8593373 -15.432821 1.9789354 5073040 5161000
-4.8944551 -15.349443 1.9599351 5075410 5163160
-4.929574 -15.260029 1.9301676 5077980 5165400
-4.9616061 -15.168828 1.886954 5080640 5167580
-4.9885523 -15.077659 1.8294013 5083340 5169640
-5.0107423 -14.983574 1.7754305 5086060 5171760
-5.0289104 -14.88782 1.7411787 5088690 5174010
-5.0442335 -14.790358 1.7123027 5091320 5176320
-5.0572 -14.689937 1.6861109 5094000 5178710
-5.0696268 -14.585426 1.6921803 5096600 5181380
-5.0828587 -14.480008 1.6991441 5099220 5184080
-5.0962465 -14.37199 1.6890719 5102000 5186750
-5.1095045 -14.260741 1.6897499 5104800 5189560
-5.1219957 -14.149802 1.6760864 5107670 5192280
-5.1314413 -14.038962 1.6355334 5110680 5194840
-5.1370626 -13.926262 1.605733 5113670 5197500
-5.1386373 -13.811834 1.5633806 5116770 5200130
-5.1348322 -13.699856 1.5102767 5119870 5202640
-5.1257894 -13.58818 1.4697218 5122900 5205220
-5.1115052 -13.474034 1.4228869 5126040 5207840
-5.0915639 -13.36236 1.3652983 5129200 5210360
-5.0643444 -13.24648 1.3148694 5132460 5213060
-5.0307481 -13.128962 1.2698132 5135770 5215870
-4.9936902 -13.017107 1.2319359 5138930 5218610
-4.9518442 -12.902694 1.2083931 5142110 5221530
-4.9079713 -12.787334 1.2063598 5145210 5224610
-4.8655562 -12.676335 1.2052318 5148190 5227580
-4.8226154 -12.561266 1.2220233 5151170 5230750
-4.7834649 -12.449287 1.2468904 5154000 5233860
-4.7475673 -12.33727 1.2744488 5156790 5236960
-4.7147257 -12.222038 1.3118622 5159580 5240170
-4.6875391 -12.112116 1.3448075 5162230 5243190
-4.6642213 -11.998457 1.3920883 5164870 5246360
-4.6458295 -11.88046 1.4402592 5167590 5249620
-4.6334157 -11.76329 1.4902267 5170260 5252850
-4.6277566 -11.645404 1.5554307 5172850 5256170
-4.6288633 -11.53038 1.6054036 5175450 5259330
-4.6365593 -11.416812 1.6715129 5177930 5262550
-4.6516192 -11.306404 1.7412115 5180330 5265730
-4.6725125 -11.199591 1.786714 5182800 5268710
-4.6976523 -11.091641 1.8124926 5185430 5271630
-4.724122 -10.984216 1.8122769 5188200 5274400
-4.7484048 -10.874631 1.7654466 5191270 5276950
-4.7676669 -10.760813 1.7114401 5194460 5279540
-4.7796634 -10.647605 1.6413016 5197700 5282000
-4.781939 -10.532384 1.5397866 5201150 5284320
-4.772514 -10.414123 1.4427488 5204660 5286750
-4.7509027 -10.293003 1.3457006 5208280 5289290
-4.7201938 -10.180686 1.2621117 5211660 5291740
-4.6818391 -10.071384 1.2045191 5214880 5294320
-4.6366152 -9.9586931 1.173806 5218090 5297190
-4.5897263 -9.8495059 1.1565434 5221160 5300070
-4.5406663 -9.7393073 1.1473445 5224230 5303040
-4.4913868 -9.6285525 1.1569683 5227210 5306130
-4.4445715 -9.5210767 1.1630143 5230110 5309100
-4.3961148 -9.4066993 1.177114 5233140 5312290
-4.3500039 -9.2932931 1.1921136 5236120 5315440
-4.3054505 -9.1807695 1.1954631 5239130 5318490
-4.2592216 -9.061609 1.2059704 5242270 5321750
-4.2145281 -8.9439975 1.2093106 5245400 5324920
-4.1686029 -8.822581 1.2090575 5248650 5328170
-4.1234276 -8.7025883 1.212393 5251840 5331400
-4.0795647 -8.5867978 1.2049808 5254980 5334460
-4.0327525 -8.4665762 1.1939729 5258270 5337630
-3.9850483 -8.3488574 1.1775907 5261540 5340720
-3.9339004 -8.2295431 1.154032 5264920 5343840
-3.8806419 -8.110721 1.1448145 5268230 5347050
-3.8269792 -7.9947169 1.1302236 5271510 5350170
-3.7691544 -7.8733844 1.1218943 5274920 5353490
-3.7117638 -7.7542822 1.1216365 5278230 5356800
-3.6539479 -7.6362747 1.1088313 5281590 5360020
-3.5944366 -7.5166544 1.1094672 5284930 5363370
-3.5345865 -7.3992148 1.0894902 5288340 5366560
-3.4699653 -7.2790886 1.0650224 5291890 5369840
-3.4048064 -7.1642796 1.0441487 5295310 5373030
-3.3364976 -7.050149 1.018791 5298780 5376220
-3.265697 -6.9361393 1.0113586 5302180 5379540
-3.1939147 -6.8234525 0.9958599 5305610 5382800
-3.1214566 -6.7114387 0.99739257 5308940 5386150
-3.0523889 -6.6027073 1.0123799 5312080 5389460
-2.984597 -6.4924755 1.0264693 5315240 5392780
-2.9206196 -6.3802192 1.079103 5318180 5396310
-2.8634075 -6.267047 1.1263632 5321090 5399750
-2.8114787 -6.1496059 1.1825846 5323990 5403280
-2.7674108 -6.0317645 1.2432923 5326800 5406770
-2.7303064 -5.9086266 1.3129581 5329630 5410380
-2.7018635 -5.7832045 1.382624 5332460 5413990
-2.683075 -5.6616329 1.4523007 5335150 5417460
-2.6723325 -5.5368837 1.5174907 5337920 5420960
-2.6684183 -5.4125288 1.5611707 5340790 5424320
-2.6708299 -5.2881382 1.6191918 5343580 5427760
-2.6788362 -5.1673835 1.6548102 5346410 5430990
-2.6911712 -5.0471935 1.6913256 5349230 5434220
-2.7158688 -4.8871277 1.756445 5352920 5438640
-2.7406028 -4.7680506 1.7947513 5355750 5441900
-2.7709441 -4.650896 1.8536759 5358450 5445260
-2.8053398 -4.5405016 1.8919942 5361130 5448370
-2.8460411 -4.4244125 1.9240233 5364030 5451630
-2.8904568 -4.308406 1.9488795 5367000 5454880
-2.9365475 -4.1945616 1.9620857 5370000 5458030
-2.986415 -4.0770967 1.9824531 5373080 5461340
-3.0366255 -3.9641336 1.9956576 5376100 5464510
-3.0889586 -3.8505969 2.0097558 5379150 5467720
-3.1433337 -3.7371363 2.0256453 5382210 5470960
-3.1975836 -3.6282835 2.0406465 5385170 5474090
-3.2586334 -3.5119191 2.0672813 5388310 5477530
-3.3198322 -3.4015336 2.0867554 5391360 5480800
-3.3856203 -3.290327 2.1232546 5394390 5484240
-3.4545223 -3.1826797 2.157067 5397400 5487630
-3.5266768 -3.0791245 2.2016399 5400310 5491040
-3.6058179 -2.9774975 2.263238 5403190 5494610
-3.6874023 -2.883568 2.3087096 5406050 5497980
-3.8010311 -2.7704171 2.4078936 5409510 5502550
-3.8885365 -2.6966829 2.474899 5412000 5505790
-4.0127621 -2.6116027 2.6072667 5415030 5510300
-4.1032632 -2.5644643 2.7155281 5416980 5513460
-4.1948595 -2.5294887 2.8381405 5418750 5516600
-4.2873054 -2.5074014 2.9759942 5420360 5519750
-4.37417 -2.4990965 3.1165553 5421760 5522720
-4.4584764 -2.5042018 -2.9955888 5422920 5525790
-4.53409 -2.5219568 -2.8263286 5423920 5528680
-4.6000384 -2.5500409 -2.6516769 5424740 5531450
-4.6588208 -2.5889251 -2.4626811 5425450 5534270
-4.7022387 -2.6316203 -2.2664937 5425880 5536890
-4.7427363 -2.695771 -2.0013171 5426300 5540270
-4.760162 -2.746989 -1.7961567 5426510 5542770
-4.7662938 -2.7963176 -1.5927785 5426620 5545150
-4.762873 -2.840903 -1.3956632 5426640 5547370
-4.7506012 -2.884317 -1.1949652 5426650 5549620
-4.7303891 -2.924205 -1.00861 5426730 5551780
-4.7039977 -2.9593124 -0.84376291 5426910 5553800
-4.670813 -2.9916261 -0.70043599 5427270 5555760
-4.6295171 -3.0220847 -0.5705619 5427830 5557770
-4.5805641 -3.049908 -0.46310875 5428640 5559780
-4.5262989 -3.0743258 -0.3825518 5429680 5561720
-4.4671505 -3.0957296 -0.31186149 5430860 5563690
-4.3989183 -3.1149614 -0.23760064 5432220 5565880
-4.3238201 -3.1304673 -0.16962651 5433760 5568180
-4.2434171 -3.14236 -0.12407034 5435540 5570470
-4.1546408 -3.1517056 -0.085700621 5437560 5572920
-4.0605933 -3.1580133 -0.048237347 5439710 5575490
-3.9655964 -3.1614991 -0.025117007 5441960 5578000
-3.869154 -3.1632823 -0.011859419 5444300 5580490
-3.7681042 -3.163132 0.014834325 5446680 5583170
-3.6670922 -3.1602846 0.041528643 5449060 5585850
-3.5626053 -3.1545454 0.068215317 5451530 5588620
-3.4533853 -3.1449774 0.10654574 5454060 5591580
-3.3458279 -3.1311885 0.14846316 5456540 5594530
-3.2389574 -3.1128084 0.19217416 5459010 5597490
-3.1261959 -3.0881407 0.23856008 5461640 5600640
-3.0166516 -3.0594766 0.27329777 5464280 5603670
-2.9070855 -3.0257897 0.32327034 5466870 5606820
-2.7979704 -2.9863411 0.37055157 5469510 5609990
-2.6913418 -2.9426586 0.40707796 5472190 5613080
-2.5848152 -2.8927825 0.46869839 5474790 5616370
-2.4817136 -2.8374197 0.5168741 5477450 5619570
-2.3817585 -2.7769454 0.57132483 5480070 5622800
-2.2848684 -2.7099067 0.63921833 5482640 5626130
-2.1930324 -2.6383432 0.68470604 5485300 5629300
-2.1007238 -2.5585471 0.74093926 5488040 5632670
-2.0160558 -2.4768949 0.79359609 5490690 5635910
-1.9347923 -2.3896606 0.84804149 5493370 5639200
-1.8553246 -2.293932 0.90785604 5496150 5642650
-1.7824167 -2.1948507 0.96498313 5498910 5646050
-1.7130288 -2.0870417 1.0328575 5501740 5649640
-1.6522188 -1.9794183 1.0801235 5504570 5653000
-1.5976108 -1.8694103 1.1399406 5507310 5656410
-1.5487718 -1.7551985 1.1934807 5510120 5659820
-1.5049188 -1.6396217 1.2228195 5513050 5663080
-1.4655466 -1.5228645 1.268294 5515880 5666420
-1.4307669 -1.408407 1.283299 5518790 5669500
-1.3983114 -1.2914031 1.3171246 5521640 5672730
-1.3698443 -1.1729561 1.3527417 5524490 5675980
-1.3373919 -1.0134648 1.3873824 5528370 5680250
-1.3170943 -0.89334626 1.4194143 5531240 5683480
-1.2996961 -0.7743873 1.431729 5534180 5686560
-1.2777491 -0.60686675 1.4493269 5538310 5690890
-1.262549 -0.48518977 1.4437096 5541410 5693930
-1.2407716 -0.32026177 1.4353181 5545620 5698050
-1.2240603 -0.19979124 1.4305991 5548690 5701070
-1.2062461 -0.076854651 1.4231861 5551840 5704140
-1.1883716 0.046677096 1.43101 5554920 5707310
-1.1714745 0.16550799 1.428087 5557940 5710300
-1.153501 0.28700967 1.4197801 5561060 5713330
-1.1341241 0.4105173 1.4105729 5564240 5716410
-1.1124045 0.5326251 1.3789581 5567520 5719340
-1.0874998 0.6557497 1.3634752 5570750 5722400
-1.0616114 0.77581322 1.3533757 5573880 5725420
-1.0342373 0.8965709 1.342378 5577040 5728460
-1.0068341 1.0173211 1.3528931 5580080 5731620
-0.98083696 1.1369494 1.3607216 5583100 5734730
-0.95608852 1.2582696 1.3784076 5586100 5737930
-0.93396165 1.3780647 1.3978902 5589040 5741090
-0.91279194 1.4982389 1.3949632 5592110 5744130
-0.89068713 1.621287 1.391134 5595260 5747240
-0.86891069 1.7387135 1.3837301 5598290 5750190
-0.84571506 1.8538307 1.3601959 5601360 5753000
-0.82008913 1.9700681 1.3474147 5604410 5755910
-0.79257942 2.0811512 1.3086472 5607490 5758560
-0.76026013 2.1871796 1.2412043 5610640 5760960
-0.72196652 2.2873617 1.1701823 5613720 5763250
-0.67649308 2.380959 1.0668974 5616900 5765280
-0.62415882 2.462953 0.93852612 5620050 5767000
-0.56509439 2.5330718 0.802996 5623100 5768540
-0.50165351 2.5897789 0.65582604 5626050 5769850
-0.43818187 2.6314051 0.50509 5628790 5770910
-0.37648313 2.6593139 0.34450846 5631380 5771710
-0.31886025 2.6742681 0.16332467 5633880 5772190
-0.26883965 2.6778005 -0.022320885 5636170 5772410
-0.22815667 2.6730588 -0.20973947 5638240 5772390
-0.19500954 2.6625657 -0.40342233 5640190 5772180
-0.16824045 2.6477921 -0.60516432 5642080 5771820
-0.15076245 2.6328624 -0.80868424 5643790 5771260
-0.13990239 2.6190211 -1.0023336 5645310 5770620
-0.13301132 2.6057024 -1.1843252 5646700 5769980
-0.12933184 2.5938623 -1.3546604 5647960 5769340
-0.12783184 2.5829657 -1.5133372 5649120 5768730
-0.12797229 2.5739657 -1.6594624 5650160 5768140
-0.12983868 2.5635295 -1.8360672 5651410 5767420
-0.13232188 2.5561352 -1.9535074 5652260 5766960
-0.13553469 2.5492484 -2.061086 5653050 5766550
-0.14013242 2.5415162 -2.1534284 5653790 5766260
-0.14828341 2.5301491 -2.2323365 5654580 5766170
-0.16078961 2.5150864 -2.2951201 5655420 5766310
-0.17983994 2.4946147 -2.3453711 5656400 5766730
-0.2037989 2.471122 -2.3866689 5657470 5767340
-0.23473127 2.4427963 -2.4136418 5658670 5768240
-0.27264882 2.4094006 -2.4253929 5660000 5769440
-0.31719922 2.3702423 -2.4156483 5661430 5770980
-0.36627057 2.3256573 -2.3924723 5662960 5772770
-0.41760141 2.2767571 -2.3684086 5664600 5774680
-0.47108328 2.2231993 -2.3425611 5666350 5776720
-0.52762132 2.1628764 -2.3050749 5668210 5779000
-0.58327141 2.0987941 -2.2666967 5670120 5781340
-0.63851299 2.030461 -2.2345988 5672140 5783720
-0.69396457 1.9569724 -2.1998203 5674250 5786220
-0.74900953 1.8772798 -2.1507089 5676400 5788920
-0.79958137 1.7956147 -2.0998033 5678520 5791610
-0.84826148 1.7059285 -2.0363602 5680720 5794520
-0.89326466 1.6070523 -1.9594838 5683010 5797670
-0.93003871 1.5061065 -1.8808137 5685260 5800800
-0.95846084 1.3998097 -1.7833243 5687470 5804100
-0.97664615 1.2906842 -1.6885252 5689710 5807400
-0.98498355 1.1807669 -1.6044807 5692000 5810630
-0.9832865 1.0713494 -1.5060947 5694190 5813920
-0.97174764 0.96674525 -1.4157668 5696320 5817060
-0.95032179 0.86187586 -1.3227534 5698480 5820260
-0.91900456 0.75847917 -1.2306375 5700670 5823480
-0.88044998 0.66206123 -1.1501678 5702820 5826530
-0.83417538 0.56865411 -1.0714908 5704990 5829580
-0.78537577 0.48222508 -1.0421043 5707310 5832230
-0.73861959 0.40083374 -1.0566294 5709740 5834500
-0.69437934 0.3180454 -1.103423 5712350 5836590
-0.65590782 0.23132273 -1.2031059 5715280 5838410
-0.62852781 0.14236341 -1.3413264 5718380 5839970
-0.61423181 0.050589454 -1.4912021 5721540 5841460
-0.61378097 -0.04628261 -1.6410826 5724800 5843050
-0.63368499 -0.17356631 -1.8107481 5728970 5845330
-0.66259965 -0.26790256 -1.9256751 5732080 5847160
-0.70144815 -0.3588163 -2.0235715 5735100 5849090
-0.75007846 -0.44967801 -2.1008592 5738110 5851240
-0.80779489 -0.54243391 -2.1539577 5741140 5853680
-0.86999821 -0.63321051 -2.1891305 5744090 5856240
-0.93511048 -0.72266422 -2.210859 5746980 5858890
-1.0048491 -0.81664715 -2.2075015 5749890 5861840
-1.0718744 -0.90890297 -2.1906928 5752650 5864790
-1.137088 -1.0024476 -2.1685058 5755380 5867770
-1.202265 -1.1015631 -2.136468 5758170 5870920
-1.2633305 -1.1997536 -2.1178698 5760960 5873920
-1.3443345 -1.3358376 -2.0975622 5764810 5878000
-1.4034546 -1.4379908 -2.0933105 5767740 5880980
-1.4797413 -1.5708217 -2.09092 5771560 5884830
-1.5394628 -1.6753949 -2.0884657 5774560 5887860
-1.5975157 -1.7767808 -2.0931752 5777510 5890760
-1.657416 -1.8794088 -2.1050599 5780550 5893670
-1.718639 -1.9791513 -2.1375575 5783660 5896420
-1.7827536 -2.0732212 -2.2005255 5786860 5898920
-1.8563588 -2.1654966 -2.2877021 5790300 5901390
-1.9387336 -2.2511524 -2.3856388 5793820 5903820
-2.0273429 -2.3251508 -2.5059769 5797380 5906040
-2.122212 -2.3869933 -2.6218278 5800860 5908230
-2.2242523 -2.4388141 -2.7215485 5804280 5910540
-2.331055 -2.4799315 -2.8266464 5807730 5912820
-2.4366438 -2.5087493 -2.9236671 5811010 5915020
-2.5453829 -2.5281028 -3.0072442 5814240 5917320
-2.6575913 -2.540042 -3.0639352 5817380 5919830
-2.7690715 -2.5460448 -3.1116598 5820440 5922360
-2.8820961 -2.5478961 -3.1387709 5823420 5925040
-2.9933233 -2.5493445 -3.1183711 5826090 5927940
-3.0984629 -2.5539929 -3.0764475 5828490 5930810
-3.2029895 -2.5643861 -3.0085274 5830740 5933820
-3.3042372 -2.5835167 -2.9011653 5832720 5937000
-3.3949547 -2.6112173 -2.7893032 5834470 5940000
-3.4793763 -2.648905 -2.6541334 5836030 5943070
-3.553074 -2.694878 -2.5135719 5837420 5946030
-3.6151901 -2.7469706 -2.3738981 5838670 5948840
-3.6684244 -2.807579 -2.2091225 5839770 5951780
-3.7077359 -2.8705999 -2.0479214 5840730 5954540
-3.7348501 -2.9347923 -1.8929859 5841610 5957150
-3.7547617 -3.0262935 -1.6771457 5842750 5960700
-3.7568865 -3.0945475 -1.5266879 5843620 5963250
-3.7487093 -3.1627441 -1.3762337 5844500 5965810
-3.729241 -3.2319378 -1.2168206 5845410 5968500
-3.700493 -3.2949774 -1.0690553 5846320 5971060
-3.6633662 -3.3525278 -0.92666657 5847240 5973570
-3.6168059 -3.4054434 -0.77173124 5848140 5976200
-3.5630132 -3.4506783 -0.62665702 5849090 5978770
-3.503937 -3.4876379 -0.49144287 5850080 5981270
-3.4342285 -3.518602 -0.34458576 5851170 5984000
-3.3568931 -3.540102 -0.19773993 5852360 5986830
-3.2767073 -3.550597 -0.062546289 5853630 5989610
-3.1908522 -3.5495865 0.086083117 5854950 5992590
-3.1064135 -3.5363909 0.22395814 5856320 5995500
-3.023714 -3.5118552 0.35286671 5857760 5998380
-2.9414023 -3.4753175 0.48266399 5859290 6001360
-2.8640385 -3.4296067 0.58467359 5860970 6004180
-2.7889401 -3.375331 0.66695943 5862830 6006960
-2.7141292 -3.3113342 0.74833667 5864840 6009880
-2.6437485 -3.2416384 0.8126818 5866960 6012720
-2.5756938 -3.1661358 0.86178332 5869230 6015540
-2.5087708 -3.0856874 0.89205578 5871680 6018330
-2.4229068 -2.9828003 0.858629 5875220 6021500
-2.3526642 -2.9073874 0.78313227 5878220 6023660
-2.273838 -2.8373315 0.66998427 5881490 6025670
-2.190511 -2.7804924 0.52726679 5884810 6027400
-2.1013808 -2.7390917 0.34242199 5888300 6028830
-2.0103759 -2.7160275 0.15400205 5891700 6030130
-1.9200383 -2.7108225 -0.03889308 5895040 6031320
-1.8337475 -2.722612 -0.23267784 5898300 6032420
-1.7355916 -2.7589638 -0.47669173 5902280 6033680
-1.671611 -2.7998106 -0.65969839 5905200 6034560
-1.6181578 -2.8491031 -0.83015126 5907970 6035430
-1.5742211 -2.9057788 -0.99253328 5910670 6036320
-1.5403624 -2.9678577 -1.1504301 5913320 6037210
-1.5164246 -3.0329055 -1.2859165 5915810 6038190
-1.5004877 -3.1026157 -1.40617 5918270 6039310
-1.4921892 -3.1784632 -1.517468 5920800 6040600
-1.4917417 -3.2563581 -1.6126345 5923280 6042020
-1.498247 -3.3335804 -1.697044 5925690 6043490
-1.5117778 -3.4129266 -1.7823557 5928180 6045030
-1.5328781 -3.4947338 -1.8640889 5930750 6046690
-1.5618078 -3.5794052 -1.9359726 5933390 6048530
-1.599514 -3.668199 -2.0087671 5936210 6050540
-1.64483 -3.7560646 -2.0851502 5939110 6052590
-1.6958413 -3.8400514 -2.1480878 5941920 6054700
-1.7558908 -3.927947 -2.1922171 5944830 6057120
-1.8191494 -4.0138081 -2.2193158 5947650 6059640
-1.8835257 -4.0973254 -2.2356559 5950380 6062190
-1.9755254 -4.2140013 -2.2413237 5954130 6065880
-2.0461188 -4.3038128 -2.2325827 5956940 6068790
-2.1172293 -4.3949949 -2.2337045 5959840 6071680
-2.1912231 -4.4900046 -2.2312501 5962840 6074710
-2.2632682 -4.5832413 -2.2261016 5965760 6077690
-2.3351646 -4.6768467 -2.2254352 5968710 6080650
-2.408973 -4.7745156 -2.2104356 5971690 6083800
-2.4793558 -4.870255 -2.1990145 5974600 6086840
-2.5491935 -4.9673785 -2.1893877 5977540 6089890
-2.6188348 -5.0665995 -2.1761786 5980500 6093000
-2.6845211 -5.1617629 -2.1737149 5983380 6095910
-2.7539528 -5.2630775 -2.1694725 5986430 6099010
-2.8226374 -5.3644148 -2.1634366 5989460 6102110
-2.890315 -5.4649898 -2.1627765 5992490 6105150
-2.9596859 -5.5692337 -2.1531606 5995570 6108340
-3.0262153 -5.6715235 -2.1417457 5998560 6111460
-3.0937179 -5.7791162 -2.1204803 6001620 6114760
-3.1787976 -5.9220702 -2.09481 6005640 6119070
-3.2393063 -6.0287216 -2.0789145 6008620 6122230
-3.2997492 -6.1386129 -2.0684027 6011700 6125430
-3.358054 -6.2458039 -2.069537 6014760 6128480
-3.4184403 -6.3566395 -2.0697831 6017920 6131640
-3.4798409 -6.4673735 -2.0843719 6021170 6134730
-3.5419913 -6.5746982 -2.1070226 6024400 6137710
-3.6097452 -6.6868307 -2.1216199 6027760 6140910
-3.675784 -6.7934554 -2.1290351 6030940 6144010
-3.7579486 -6.9269687 -2.1158954 6034790 6148010
-3.8078247 -7.0104638 -2.1026395 6037150 6150520
-3.8692624 -7.1165846 -2.0885364 6040140 6153670
-3.9306527 -7.2273185 -2.0654779 6043180 6156970
-4.0065514 -7.3719786 -2.0424906 6047140 6161190
-4.061216 -7.4835205 -2.0104636 6050070 6164480
-4.1136988 -7.5996215 -1.9802354 6053090 6167840
-4.1605771 -7.713572 -1.9419322 6055960 6171140
-4.203641 -7.8311482 -1.9018398 6058870 6174500
-4.2420896 -7.9463222 -1.8841492 6061810 6177640
-4.2906078 -8.1056551 -1.8486193 6065780 6182010
-4.3250138 -8.2252221 -1.8533436 6068920 6185100
-4.3585796 -8.3429534 -1.843722 6071930 6188220
-4.390795 -8.4620941 -1.8260354 6074920 6191410
-4.4215414 -8.5816221 -1.8191051 6077970 6194540
-4.4503773 -8.7044974 -1.7834965 6080930 6197900
-4.4756883 -8.8252939 -1.771188 6083950 6201060
-4.499821 -8.9465355 -1.7633617 6087000 6204200
-4.5231882 -9.0683337 -1.7573289 6090070 6207340
-4.5563682 -9.2311491 -1.7863365 6094390 6211340
-4.583353 -9.3548576 -1.7847907 6097550 6214520
-4.6106837 -9.4768536 -1.7975834 6100750 6217580
-4.6390785 -9.5998352 -1.7978293 6103910 6220740
-4.6668822 -9.7241784 -1.7837361 6107020 6224010
-4.693715 -9.8450575 -1.7947337 6110180 6227050
-4.7206633 -9.966318 -1.7842196 6113230 6230220
-4.7479014 -10.088743 -1.7952204 6116430 6233300
-4.7772181 -10.211511 -1.8151866 6119700 6236350
-4.8084023 -10.334846 -1.8217093 6122920 6239500
-4.8406557 -10.455221 -1.8434648 6126160 6242500
-4.8744448 -10.576416 -1.8419172 6129300 6245660
-4.9086743 -10.701012 -1.8358947 6132500 6248930
-4.9420841 -10.822933 -1.8406229 6135690 6252070
-4.9858736 -10.984252 -1.8310887 6139820 6256310
-5.0189338 -11.103581 -1.8510502 6143030 6259300
-5.0544097 -11.225542 -1.8566761 6146240 6262450
-5.0917929 -11.348186 -1.8766459 6149560 6265550
-5.1315262 -11.46778 -1.9064718 6152880 6268540
-5.174185 -11.588267 -1.9156847 6156130 6271690
-5.2187204 -11.708285 -1.9365505 6159450 6274780
-5.2642994 -11.825986 -1.9439674 6162650 6277900
-5.3101179 -11.943592 -1.940628 6165790 6281080
-5.3546384 -12.057634 -1.9453484 6168880 6284120
-5.3993518 -12.173311 -1.9339375 6171920 6287290
-5.4439706 -12.291165 -1.931494 6175060 6290460
-5.485967 -12.404456 -1.9200765 6178020 6293550
-5.5266676 -12.521181 -1.8925304 6180960 6296800
-5.5645775 -12.639264 -1.8703627 6183940 6300030
-5.5991152 -12.758581 -1.8347505 6186850 6303340
-5.6291934 -12.878072 -1.8000323 6189740 6306620
-5.6559676 -12.996096 -1.7877192 6192700 6309720
-5.6812734 -13.116486 -1.7682391 6195670 6312910
-5.7062574 -13.237352 -1.7810287 6198830 6315930
-5.7319413 -13.355824 -1.7875396 6201900 6318930
-5.7660985 -13.511491 -1.7860575 6205880 6322930
-5.7914661 -13.629214 -1.7800173 6208860 6325980
-5.8144593 -13.751079 -1.7345444 6211710 6329340
-5.8317862 -13.870449 -1.6953394 6214510 6332580
-5.8438694 -13.989259 -1.648961 6217240 6335830
-5.8497132 -14.105937 -1.5927182 6219850 6339070
-5.8495665 -14.221365 -1.5463322 6222480 6342220
-5.8430044 -14.339006 -1.4838157 6225080 6345520
-5.8296974 -14.451451 -1.4221871 6227570 6348700
-5.8094621 -14.562451 -1.3587657 6230040 6351880
-5.7810757 -14.676598 -1.2953525 6232630 6355180
-5.7480548 -14.783863 -1.2489607 6235180 6358250
-5.7095347 -14.891191 -1.2034682 6237780 6361360
-5.6690473 -14.994368 -1.1902389 6240480 6364210
-5.6298925 -15.094212 -1.2038937 6243240 6366820
-5.5921378 -15.195873 -1.2265146 6246080 6369410
-5.5591201 -15.297494 -1.2867796 6249090 6371750
-5.5355814 -15.39331 -1.3730233 6252040 6373740
-5.5216473 -15.489173 -1.47988 6255060 6375570
-5.5193308 -15.582021 -1.6118256 6258120 6377160
-5.5287008 -15.665388 -1.753615 6261010 6378470
-5.5485418 -15.738655 -1.9169016 6263820 6379460
-5.5779984 -15.802283 -2.0918314 6266550 6380240
-5.6132827 -15.852689 -2.2712247 6269090 6380780
-5.6518752 -15.890374 -2.464945 6271520 6381050
-5.6914592 -15.915994 -2.6694084 6273840 6381090
-5.7275873 -15.930042 -2.8720628 6275940 6380930
-5.7571631 -15.934928 -3.0836616 6277870 6380500
-5.7815157 -15.933652 2.9789701 6279710 6379880
-5.7963468 -15.929509 2.7593283 6281320 6379040
-5.804479 -15.925191 2.54777 6282730 6378090
-5.8078802 -15.922381 2.3541463 6283920 6377120
-5.8098096 -15.920067 2.1775563 6284980 6376210
-5.8130231 -15.914291 1.9794453 6286250 6375270
-5.8161649 -15.905646 1.8593155 6287150 6374830
-5.8191511 -15.893207 1.7535185 6288060 6374560
-5.8217493 -15.874607 1.6656388 6289020 6374540
-5.8231423 -15.850074 1.5893992 6290060 6374730
-5.8226535 -15.818517 1.5212139 6291230 6375140
-5.819391 -15.778101 1.4592857 6292590 6375810
-5.8126653 -15.729833 1.4054088 6294110 6376730
-5.8020133 -15.673105 1.3649602 6295780 6377950
-5.7879751 -15.609733 1.3406318 6297540 6379440
-5.7720856 -15.542484 1.3369116 6299290 6381150
-5.7556412 -15.470036 1.35828 6301030 6383130
-5.7402368 -15.389826 1.403835 6302820 6385430
-5.7279175 -15.302221 1.4583409 6304730 6387950
-5.72031 -15.214082 1.5110547 6306650 6390460
-5.7179327 -15.121853 1.5789981 6308580 6393150
-5.7216218 -15.028468 1.6415615 6310570 6395840
-5.7300707 -14.934788 1.6799219 6312710 6398410
-5.7422207 -14.83608 1.706619 6315050 6401050
-5.7568155 -14.73528 1.7225551 6317510 6403690
-5.7716938 -14.632702 1.7071145 6320190 6406200
-5.7848715 -14.527072 1.6827053 6322990 6408730
-5.7967088 -14.416263 1.6717315 6325840 6411460
-5.806469 -14.304851 1.6446228 6328790 6414110
-5.8127365 -14.190784 1.6067524 6331860 6416760
-5.8149714 -14.039216 1.5643274 6335890 6420320
-5.8110018 -13.925245 1.5076342 6339060 6422860
-5.8013277 -13.811418 1.4643863 6342160 6425480
-5.7867694 -13.696299 1.4256164 6345280 6428170
-5.7674487 -13.583097 1.3778849 6348420 6430780
-5.7438455 -13.468878 1.356145 6351460 6433580
-5.7174858 -13.351576 1.3433613 6354540 6436520
-5.6897829 -13.236638 1.3252037 6357600 6439380
-5.6606202 -13.121443 1.3204901 6360600 6442330
-5.6294828 -13.003251 1.3059099 6363740 6445310
-5.5975022 -12.889844 1.2859604 6366800 6448150
-5.563102 -12.775268 1.2722815 6369870 6451070
-5.527074 -12.662033 1.2532263 6372950 6453940
-5.4781133 -12.516889 1.2376895 6376870 6457690
-5.4388325 -12.403895 1.2347672 6379880 6460670
-5.3997833 -12.292935 1.2300561 6382850 6463590
-5.3603437 -12.181267 1.2325143 6385800 6466570
-5.3072952 -12.031411 1.228619 6389800 6470530
-5.2683373 -11.922538 1.2257045 6392710 6473410
-5.227524 -11.807755 1.2326379 6395720 6476500
-5.1889012 -11.697493 1.2350994 6398630 6479440
-5.1510304 -11.586762 1.2474203 6401490 6482440
-5.1135316 -11.470436 1.2704875 6404420 6485630
-5.0794682 -11.353474 1.3043126 6407280 6488870
-5.0505336 -11.232268 1.3686074 6410040 6492350
-5.0294701 -11.112488 1.4248414 6412770 6495710
-5.0163014 -10.99681 1.4900492 6415320 6498990
-5.0112979 -10.881094 1.5651182 6417800 6502310
-5.0156337 -10.729981 1.633844 6421200 6506480
-5.025 -10.617538 1.6739601 6423800 6509530
-5.0361326 -10.508463 1.6710569 6426560 6512260
-5.0443945 -10.397928 1.6197484 6429620 6514750
-5.0460594 -10.285296 1.551404 6432820 6517190
-5.0379357 -10.171142 1.4480998 6436260 6519480
-5.0172896 -10.05837 1.3313478 6439780 6521700
-4.9843708 -9.9466811 1.2370033 6443220 6524090
-4.9413413 -9.8374105 1.1543087 6446620 6526570
-4.8927338 -9.7357954 1.0949289 6449770 6529060
-4.8378763 -9.6344536 1.0543678 6452880 6531720
-4.7796436 -9.5322481 1.0514495 6455840 6534650
-4.7242235 -9.4344191 1.0592977 6458610 6537510
-4.6686557 -9.3330172 1.0796885 6461390 6540520
-4.6154421 -9.2303585 1.1054579 6464140 6543560
-4.5650816 -9.1282707 1.1195778 6466910 6546490
-4.5135557 -9.0198702 1.134582 6469830 6549580
-4.4640972 -8.9120442 1.1468999 6472730 6552620
-4.4158418 -8.8034583 1.158321 6475640 6555660
-4.3667125 -8.688281 1.1769007 6478670 6558900
-4.3204766 -8.574928 1.1901074 6481660 6562040
-4.2756167 -8.4608062 1.2024175 6484660 6565180
-4.2313651 -8.3455914 1.2057623 6487730 6568290
-4.1880533 -8.2336529 1.1974611 6490780 6571250
-4.1413938 -8.1165896 1.1855625 6494000 6574340
-4.0935165 -8.0023975 1.1620155 6497230 6577310
-4.0441366 -7.8927776 1.1330975 6500400 6580160
-3.9897746 -7.7793097 1.1149251 6503650 6583210
-3.9161839 -7.6327866 1.0957817 6507860 6587210
-3.8576328 -7.5198454 1.0892592 6511080 6590360
-3.7993772 -7.4090043 1.0845333 6514240 6593470
-3.7401853 -7.2995634 1.065467 6517460 6596480
-3.6775005 -7.1877165 1.0544606 6520730 6599630
-3.6151356 -7.0795928 1.0407718 6523930 6602680
-3.5503824 -6.971019 1.0252873 6527180 6605760
-3.4840405 -6.861302 1.0286227 6530370 6608990
-3.4180549 -6.7530039 1.0185156 6533600 6612110
-3.3496731 -6.6419593 1.0191577 6536860 6615380
-3.2836256 -6.5348728 1.0171197 6540020 6618520
-3.2162257 -6.4267414 1.0097004 6543250 6621670
-3.147775 -6.3178565 1.0094496 6546470 6624890
-3.0821442 -6.2147485 0.99845501 6549590 6627890
-3.0133652 -6.1084426 0.99462276 6552780 6631040
-2.9462964 -6.0048355 0.99796763 6555850 6634150
-2.8782445 -5.8992477 0.99861912 6558990 6637300
-2.8091744 -5.7907558 1.0091248 6562150 6640580
-2.7437268 -5.6872944 1.0044041 6565240 6643620
-2.6752796 -5.5829146 0.97637365 6568520 6646590
-2.6027659 -5.4791157 0.94565038 6571860 6649590
-2.525237 -5.3782452 0.88534534 6575380 6652440
-2.4408107 -5.2804217 0.83220806 6578910 6655380
-2.3541368 -5.1881174 0.80148475 6582250 6658380
-2.2663858 -5.1004746 0.76807776 6585540 6661300
-2.177346 -5.0147187 0.76514768 6588650 6664380
-2.0899567 -4.9315682 0.75594886 6591720 6667350
-2.0037408 -4.8503782 0.75482165 6594690 6670310
-1.9183616 -4.7674494 0.78685881 6597490 6673470
-1.8367168 -4.6830506 0.81710635 6600260 6676580
-1.7589459 -4.595606 0.87066019 6602890 6679810
-1.6664515 -4.474522 0.96627435 6606170 6684160
-1.6060446 -4.3794623 1.0431423 6608560 6687410
-1.5545048 -4.2795438 1.1460062 6610800 6690800
-1.5160913 -4.1819964 1.2452986 6612870 6693980
-1.4879362 -4.0795615 1.3598253 6614890 6697280
-1.4717331 -3.9773979 1.4671887 6616880 6700470
-1.4671071 -3.8766615 1.5826236 6618760 6703640
-1.4751565 -3.7777468 1.7213655 6620470 6706900
-1.4946008 -3.6871562 1.8430907 6622110 6709900
-1.5257689 -3.5979954 1.9710881 6623760 6712980
-1.5674516 -3.5145773 2.097294 6625390 6716020
-1.6178156 -3.4394386 2.2252982 6626940 6719000
-1.7016538 -3.3499809 2.4222597 6628910 6723170
-1.7725295 -3.2960562 2.5601265 6630370 6726170
-1.8527405 -3.2513 2.7051588 6631860 6729280
-1.9680563 -3.2102506 2.8940534 6633870 6733400
-2.0563208 -3.1945203 3.0363995 6635320 6736440
-2.146334 -3.1917799 -3.0972682 6636740 6739530
-2.2318577 -3.2013916 -2.9620847 6638140 6742440
-2.3179185 -3.2235114 -2.8179416 6639560 6745470
-2.3991708 -3.2574553 -2.6737997 6640960 6748480
-2.4727346 -3.3009579 -2.5413027 6642360 6751360
-2.5409528 -3.3553667 -2.3953665 6643730 6754360
-2.6003185 -3.4187732 -2.2512209 6645100 6757340
-2.6500732 -3.4889972 -2.123207 6646540 6760210
-2.6912288 -3.5672977 -1.9862367 6647990 6763190
-2.7212843 -3.6483695 -1.8653946 6649480 6766030
-2.7414566 -3.7332666 -1.7427637 6650980 6768900
-2.7509115 -3.8508992 -1.5592376 6652910 6772880
-2.7446692 -3.9369362 -1.4374998 6654390 6775720
-2.7266999 -4.025997 -1.3059112 6655930 6778730
-2.6975856 -4.1120622 -1.1832862 6657520 6781690
-2.6591439 -4.1926195 -1.0678288 6659110 6784570
-2.6096418 -4.2697557 -0.93265624 6660650 6787620
-2.5522519 -4.3375957 -0.80464908 6662160 6790560
-2.4872076 -4.396957 -0.6748476 6663640 6793490
-2.4132528 -4.4483444 -0.53967315 6665140 6796500
-2.3351642 -4.4886135 -0.41256043 6666630 6799410
-2.2515949 -4.5188126 -0.28096782 6668120 6802370
-2.1635131 -4.5375676 -0.13861995 6669580 6805420
-2.0768988 -4.5441203 -0.012401589 6671050 6808300
-1.9875718 -4.5393062 0.12008495 6672550 6811280
-1.8707626 -4.5154952 0.28209484 6674630 6815170
-1.7867155 -4.4854419 0.404723 6676180 6818090
-1.7049744 -4.4435438 0.54258433 6677710 6821160
-1.6311279 -4.3926965 0.66342006 6679280 6824080
-1.5632595 -4.333195 0.77618622 6680910 6826970
-1.5005125 -4.2644786 0.88536126 6682630 6829910
-1.4467553 -4.1927193 0.9703413 6684400 6832630
-1.3970996 -4.1128403 1.0588981 6686260 6835480
-1.3527705 -4.0265036 1.1340034 6688270 6838330
-1.3136047 -3.9368303 1.1840091 6690440 6841060
-1.2773013 -3.8410327 1.2331091 6692730 6843900
-1.2446354 -3.7401479 1.2822025 6695110 6846830
-1.2155263 -3.6367238 1.3106772 6697640 6849680
-1.188317 -3.5257822 1.3498942 6700280 6852760
-1.1656185 -3.4150523 1.3873213 6702900 6855800
-1.140557 -3.2639412 1.4255667 6706520 6859850
-1.1254779 -3.1486961 1.4558163 6709260 6862930
-1.113856 -3.0352566 1.4815889 6711970 6865930
-1.1049997 -2.917363 1.5100421 6714770 6869050
-1.0992559 -2.7974782 1.5358025 6717630 6872200
-1.0962281 -2.6816863 1.5535042 6720430 6875200
-1.0948849 -2.5610711 1.565818 6723380 6878290
-1.0940792 -2.4440432 1.5620044 6726330 6881200
-1.0930808 -2.3260175 1.5626707 6729280 6884160
-1.0911058 -2.1656615 1.5542907 6733340 6888130
-1.0883409 -2.0494614 1.5397223 6736330 6890960
-1.0839485 -1.9279173 1.5296253 6739430 6893950
-1.0778934 -1.8064417 1.512357 6742570 6896900
-1.0698504 -1.6882862 1.4933027 6745640 6899760
-1.0591781 -1.5653257 1.4751347 6748830 6902750
-1.0460531 -1.4466195 1.4462182 6751980 6905580
-1.0289322 -1.3270105 1.4110244 6755200 6908410
-1.0073376 -1.2052862 1.3794103 6758470 6911330
-0.98277798 -1.089225 1.3451171 6761630 6914110
-0.95376901 -0.97234344 1.3099244 6764840 6916930
-0.92170134 -0.85543508 1.2962424 6767950 6919890
-0.88842308 -0.74240176 1.2727074 6771030 6922710
-0.85205285 -0.62738758 1.2563376 6774140 6925640
-0.81601583 -0.51730363 1.2525262 6777060 6928520
-0.77867323 -0.407654 1.2325805 6780070 6931310
-0.73891723 -0.29482795 1.2314509 6783070 6934300
-0.70009874 -0.18505719 1.2303275 6785990 6937210
-0.66091788 -0.07605321 1.2211382 6788940 6940060
-0.62060204 0.03508879 1.2244931 6791880 6943040
-0.56810641 0.18111416 1.2268798 6795750 6946940
-0.52845442 0.29101168 1.2221702 6798700 6949840
-0.48908799 0.3997352 1.2246339 6801580 6952750
-0.45021701 0.50524071 1.2109692 6804470 6955490
-0.40933684 0.61255319 1.2026781 6807390 6958320
-0.36912137 0.71819256 1.2114213 6810170 6961200
-0.32954341 0.82321915 1.2094098 6812990 6964000
-0.28957744 0.93066048 1.219943 6815800 6966930
-0.25102466 1.0398861 1.2430225 6818570 6969960
-0.21363434 1.1507809 1.2481726 6821470 6972920
-0.1650354 1.2996202 1.2622089 6825310 6976920
-0.12899432 1.4076019 1.2350958 6828310 6979620
-0.08753616 1.5164065 1.1783983 6831540 6982220
-0.038980631 1.6231167 1.1091487 6834860 6984770
0.01603773 1.723009 1.0255652 6838180 6987160
0.076524334 1.8144649 0.94736757 6841360 6989470
0.14033996 1.8999152 0.91130493 6844230 6991940
0.20475166 1.9821382 0.90124139 6846900 6994500
0.26471519 2.0602255 0.93062955 6849200 6997130
0.31899669 2.1401953 1.0182861 6851130 7000040
0.37467658 2.2480829 1.1704306 6853320 7003930
0.40199519 2.3275856 1.3092051 6854650 7006810
0.41757722 2.4312472 1.5339887 6856020 7010690
0.41403964 2.5018392 1.7077462 6856820 7013430
0.39806644 2.5680202 1.9075012 6857410 7016250
0.37122799 2.6246731 2.1189214 6857800 7019000
0.33765123 2.6686129 2.3276691 6858020 7021550
0.29791116 2.7023085 2.5489678 6858090 7024090
0.25476195 2.7249053 2.7693789 6858080 7026540
0.21242659 2.7365843 2.9754595 6858030 7028790
0.16960035 2.7393863 -3.106129 6857980 7030990
0.12628264 2.7334865 -2.9063229 6857960 7033200
0.086761037 2.7201165 -2.724442 6857990 7035260
0.050348022 2.7001592 -2.5560061 6858090 7037240
0.01500336 2.6721171 -2.3857861 6858270 7039320
-0.028166347 2.6218194 -2.1743729 6858750 7042160
-0.055553755 2.575849 -2.0418138 6859350 7044240
-0.080579848 2.5196711 -1.9379564 6860310 7046360
-0.10235392 2.4541011 -1.844869 6861520 7048610
-0.11950753 2.3826453 -1.7679248 6862930 7050880
-0.13209828 2.309433 -1.7142876 6864490 7053040
-0.14128792 2.2331002 -1.6669301 6866150 7055230
-0.14719385 2.1522377 -1.6204771 6867920 7057520
-0.15037411 2.0432462 -1.5794568 6870420 7060480
-0.15028368 1.9625651 -1.5598941 6872330 7062610
-0.14820605 1.8785154 -1.5322706 6874280 7064870
-0.14393388 1.7909478 -1.5118252 6876360 7067180
-0.13893049 1.6998175 -1.5200703 6878690 7069420
-0.13463283 1.6058512 -1.5301137 6881100 7071720
-0.13032998 1.5094869 -1.5222344 6883470 7074180
-0.12403623 1.378429 -1.5233866 6886760 7077460
-0.11916658 1.2774931 -1.5217908 6889280 7080000
-0.11291622 1.1736341 -1.4995845 6891760 7082730
-0.10544163 1.070654 -1.4970967 6894330 7085330
-0.097905264 0.96587763 -1.5008869 6896980 7087940
-0.090026929 0.8587218 -1.4939254 6899630 7090670
-0.077252512 0.69726256 -1.4897591 6903660 7094750
-0.069123142 0.61057221 -1.4648308 6905700 7097070
-0.054737622 0.50571376 -1.4040842 6908010 7100060
-0.034710568 0.40565222 -1.3424339 6910220 7102960
-0.0072757396 0.30632798 -1.2601682 6912340 7106000
0.027797148 0.21220583 -1.1680392 6914340 7109030
0.068187055 0.12814926 -1.077687 6916170 7111870
0.11773769 0.046334013 -0.97479232 6917990 7114840
0.17365162 -0.028300088 -0.88085567 6919800 7117700
0.23195747 -0.092959075 -0.79318151 6921490 7120370
0.2949791 -0.15039199 -0.68488742 6923020 7123110
0.35992664 -0.19790868 -0.57837566 6924440 7125720
0.45064943 -0.24800529 -0.43067709 6926210 7129140
0.52335939 -0.27589068 -0.3017534 6927440 7131810
0.59236216 -0.29297167 -0.18357164 6928560 7134250
0.65907673 -0.30177514 -0.078826972 6929660 7136520
0.72574658 -0.30350941 0.026813215 6930740 7138780
0.79045764 -0.29860778 0.12439062 6931820 7140950
0.8479939 -0.28915266 0.20136444 6932850 7142840
0.90044579 -0.27667309 0.26579824 6933840 7144550
0.94861455 -0.26211321 0.32127431 6934790 7146120
0.9919972 -0.24643562 0.37227767 6935660 7147560
1.0277723 -0.23157292 0.41522763 6936390 7148770
1.0567964 -0.21821504 0.44743447 6937010 7149750
1.0811211 -0.20613754 0.47427246 6937540 7150580
1.1028559 -0.19469599 0.49484096 6938040 7151310
1.1294125 -0.17999548 0.51629455 6938680 7152190
1.1468857 -0.16992136 0.52970059 6939110 7152770
1.1625142 -0.1606483 0.54131793 6939500 7153290
1.1766617 -0.15201279 0.55473122 6939840 7153780
1.1890084 -0.14426267 0.56635545 6940140 7154210
1.2002569 -0.13701826 0.57798213 6940410 7154610
1.2104269 -0.13031299 0.5878185 6940660 7154970
1.2193736 -0.12429298 0.59676112 6940880 7155290
1.2272829 -0.11887799 0.60391337 6941080 7155570
1.2341694 -0.11409058 0.61106788 6941250 7155820
1.239885 -0.11006764 0.61553613 6941400 7156020
1.244767 -0.10659547 0.62090264 6941520 7156200
1.2486601 -0.10380028 0.62447872 6941620 7156340
1.2517353 -0.10157775 0.62716044 6941700 7156450
1.2539976 -0.099935037 0.62894773 6941760 7156530
1.2556113 -0.098758822 0.63073655 6941800 7156590
1.2562565 -0.098287714 0.63073499 6941820 7156610
1.2562565 -0.098287714 0.63073499 6941820 7156610
1.2559339 -0.098523268 0.63073577 6941810 7156600
1.2557726 -0.098641168 0.63163253 6941800 7156600
1.2556114 -0.098758967 0.63073655 6941800 7156590
1.255934 -0.098523412 0.63073577 6941810 7156600
1.255934 -0.098523412 0.63073577 6941810 7156600
1.255934 -0.098523412 0.63073577 6941810 7156600
1.255934 -0.098523412 0.63073577 6941810 7156600
1.255934 -0.098523412 0.63073577 6941810 7156600
1.255934 -0.098523412 0.63073577 6941810 7156600
1.255934 -0.098523412 0.63073577 6941810 7156600
1.255934 -0.098523412 0.63073577 6941810 7156600
1.255934 -0.098523412 0.63073577 6941810 7156600
1.255934 -0.098523412 0.63073577 6941810 7156600
1.255934 -0.098523412 0.63073577 6941810 7156600
1.255934 -0.098523412 0.63073577 6941810 7156600
1.255934 -0.098523412 0.63073577 6941810 7156600
1.255934 -0.098523412 0.63073577 6941810 7156600
1.255934 -0.098523412 0.63073577 6941810 7156600
1.255934 -0.098523412 0.63073577 6941810 7156600
1.255934 -0.098523412 0.63073577 6941810 7156600
1.255934 -0.098523412 0.63073577 6941810 7156600
1.255934 -0.098523412 0.63073577 6941810 7156600
1.255934 -0.098523412 0.63073577 6941810 7156600
1.255934 -0.098523412 0.63073577 6941810 7156600
1.255934 -0.098523412 0.63073577 6941810 7156600
1.255934 -0.098523412 0.63073577 6941810 7156600
1.255934 -0.098523412 0.63073577 6941810 7156600
1.255934 -0.098523412 0.63073577 6941810 7156600
1.255934 -0.098523412 0.63073577 6941810 7156600
1.255934 -0.098523412 0.63073577 6941810 7156600
1.255934 -0.098523412 0.63073577 6941810 7156600
1.255934 -0.098523412 0.63073577 6941810 7156600
1.255934 -0.098523412 0.63073577 6941810 7156600
1.255934 -0.098523412 0.63073577 6941810 7156600
1.255934 -0.098523412 0.63073577 6941810 7156600
1.255934 -0.098523412 0.63073577 6941810 7156600
1.255934 -0.098523412 0.63073577 6941810 7156600
1.255934 -0.098523412 0.63073577 6941810 7156600
1.255934 -0.098523412 0.63073577 6941810 7156600
1.255934 -0.098523412 0.63073577 6941810 7156600
1.255934 -0.098523412 0.63073577 6941810 7156600
1.255934 -0.098523412 0.63073577 6941810 7156600
1.255934 -0.098523412 0.63073577 6941810 7156600
1.255934 -0.098523412 0.63073577 6941810 7156600
1.255934 -0.098523412 0.63073577 6941810 7156600
1.255934 -0.098523412 0.63073577 6941810 7156600
1.255934 -0.098523412 0.63073577 6941810 7156600
1.255934 -0.098523412 0.63073577 6941810 7156600
1.255934 -0.098523412 0.63073577 6941810 7156600
1.255934 -0.098523412 0.63073577 6941810 7156600
1.255934 -0.098523412 0.63073577 6941810 7156600
1.255934 -0.098523412 0.63073577 6941810 7156600
1.255934 -0.098523412 0.63073577 6941810 7156600
1.255934 -0.098523412 0.63073577 6941810 7156600
1.255934 -0.098523412 0.63073577 6941810 7156600
1.255934 -0.098523412 0.63073577 6941810 7156600
1.255934 -0.098523412 0.63073577 6941810 7156600
1.255934 -0.098523412 0.63073577 6941810 7156600
1.255934 -0.098523412 0.63073577 6941810 7156600
1.255934 -0.098523412 0.63073577 6941810 7156600
1.255934 -0.098523412 0.63073577 6941810 7156600
1.255934 -0.098523412 0.63073577 6941810 7156600
1.255934 -0.098523412 0.63073577 6941810 7156600
1.255934 -0.098523412 0.63073577 6941810 7156600
1.255934 -0.098523412 0.63073577 6941810 7156600
1.255934 -0.098523412 0.63073577 6941810 7156600
1.255934 -0.098523412 0.63073577 6941810 7156600
1.255934 -0.098523412 0.63073577 6941810 7156600
1.255934 -0.098523412 0.63073577 6941810 7156600
1.255934 -0.098523412 0.63073577 6941810 7156600
1.255934 -0.098523412 0.63073577 6941810 7156600
1.255934 -0.098523412 0.63073577 6941810 7156600
1.255934 -0.098523412 0.63073577 6941810 7156600
1.255934 -0.098523412 0.63073577 6941810 7156600
1.255934 -0.098523412 0.63073577 6941810 7156600
1.255934 -0.098523412 0.63073577 6941810 7156600
1.255934 -0.098523412 0.63073577 6941810 7156600
1.255934 -0.098523412 0.63073577 6941810 7156600
1.255934 -0.098523412 0.63073577 6941810 7156600
1.255934 -0.098523412 0.63073577 6941810 7156600
1.255934 -0.098523412 0.63073577 6941810 7156600
1.255934 -0.098523412 0.63073577 6941810 7156600
1.255934 -0.098523412 0.63073577 6941810 7156600
1.255934 -0.098523412 0.63073577 6941810 7156600
1.255934 -0.098523412 0.63073577 6941810 7156600
1.255934 -0.098523412 0.63073577 6941810 7156600
