-0.062582 -0.0192051 -0.0728795
-0.122683 -0.0334432 -0.143139
-0.187994 -0.0456124 -0.214274
-0.263671 -0.0558556 -0.300154
-0.335914 -0.0603303 -0.396579
-0.406624 -0.051191 -0.481866
-0.478609 -0.0347104 -0.569736
-0.556613 -0.0156749 -0.680804
-0.627801 0.0109187 -0.782227
-0.689052 0.045674 -0.875087
-0.75677 0.0908681 -0.983036
-0.815971 0.142246 -1.08317
-0.860803 0.193387 -1.16714
-0.911121 0.25404 -1.27057
-0.958981 0.319262 -1.37224
-0.986184 0.393504 -1.45233
-1.00948 0.469471 -1.53409
-1.03225 0.550138 -1.62722
-1.03694 0.626785 -1.69983
-1.03939 0.706937 -1.77826
-1.04266 0.795142 -1.8575
-1.02418 0.872629 -1.89956
-0.992911 0.951298 -1.94334
-0.956927 1.03941 -1.99414
-0.913453 1.11635 -2.00618
-0.851864 1.18776 -1.99491
-0.78925 1.26417 -1.99502
-0.739122 1.33748 -1.98904
-0.687833 1.40759 -1.95049
-0.642351 1.48586 -1.92627
-0.608332 1.56687 -1.91622
-0.566588 1.64722 -1.88329
-0.54143 1.73719 -1.83983
-0.518903 1.82627 -1.82344
-0.497007 1.92295 -1.79104
-0.471388 2.01918 -1.7408
-0.448015 2.10865 -1.70656
-0.426521 2.19886 -1.68129
-0.396612 2.29092 -1.63281
-0.379809 2.37543 -1.58813
-0.369837 2.45949 -1.54682
-0.361663 2.54972 -1.50699
-0.359494 2.62995 -1.47051
-0.358026 2.70178 -1.43226
-0.359238 2.77606 -1.39423
-0.36411 2.84405 -1.36508
-0.375722 2.89852 -1.35243
-0.388097 2.94523 -1.35498
-0.411064 2.97885 -1.368
-0.432714 3.00785 -1.38527
-0.453724 3.03986 -1.41383
-0.471012 3.05704 -1.45041
-0.485652 3.07296 -1.49062
-0.492606 3.07428 -1.52517
-0.495363 3.06254 -1.54621
-0.493635 3.04072 -1.55552
-0.48901 3.00445 -1.5638
-0.486458 2.95504 -1.57474
-0.48796 2.90285 -1.59082
-0.493891 2.84537 -1.61119
-0.498611 2.78092 -1.61953
-0.501481 2.71353 -1.62269
-0.505845 2.6429 -1.62646
-0.511952 2.56433 -1.63202
-0.520303 2.47978 -1.63862
-0.533101 2.39908 -1.65259
-0.551297 2.32073 -1.68093
-0.572061 2.23608 -1.70853
-0.587977 2.15125 -1.72164
-0.605976 2.07002 -1.72746
-0.625748 1.98938 -1.74099
-0.646105 1.89711 -1.75002
-0.664757 1.80089 -1.74335
-0.688871 1.70868 -1.75494
-0.718682 1.61093 -1.77832
-0.744712 1.51018 -1.78114
-0.77018 1.4124 -1.78645
-0.801623 1.30712 -1.80707
-0.821122 1.1961 -1.7921
-0.838903 1.0932 -1.78326
-0.866618 0.988241 -1.79562
-0.888405 0.87311 -1.78266
-0.91756 0.765649 -1.79059
-0.953423 0.657471 -1.81208
-0.979628 0.544206 -1.80211
-1.00857 0.438303 -1.80983
-1.03908 0.323679 -1.81335
-1.05778 0.203882 -1.78023
-1.08662 0.0922735 -1.78481
-1.10917 -0.0228706 -1.77034
-1.1344 -0.13899 -1.76439
-1.17 -0.251672 -1.79047
-1.19894 -0.371893 -1.78612
-1.2309 -0.486558 -1.79497
-1.26085 -0.602976 -1.793
-1.2788 -0.759933 -1.74344
-1.30067 -0.869689 -1.73546
-1.30325 -0.990858 -1.69426
-1.31346 -1.11023 -1.67938
-1.32021 -1.23206 -1.65891
-1.3219 -1.35279 -1.62875
-1.32831 -1.46637 -1.62096
-1.3269 -1.5932 -1.59257
-1.32252 -1.70938 -1.5762
-1.31551 -1.82368 -1.55249
-1.30398 -1.94284 -1.52904
-1.29675 -2.05242 -1.51589
-1.27816 -2.17298 -1.48348
-1.25299 -2.32032 -1.45455
-1.22168 -2.42542 -1.41109
-1.19926 -2.54296 -1.39963
-1.19036 -2.64967 -1.42002
-1.18483 -2.76276 -1.44723
-1.20695 -2.88134 -1.51913
-1.24404 -2.98931 -1.60697
-1.29061 -3.09929 -1.70243
-1.3528 -3.20207 -1.78912
-1.41832 -3.29338 -1.89141
-1.50159 -3.37443 -2.00751
-1.58486 -3.44852 -2.10096
-1.68306 -3.51256 -2.2102
-1.7818 -3.56455 -2.3297
-1.87615 -3.61653 -2.44504
-1.97712 -3.66359 -2.55126
-2.06557 -3.70739 -2.62322
-2.15689 -3.74299 -2.69311
-2.24987 -3.77953 -2.73698
-2.33206 -3.83271 -2.71765
-2.41126 -3.8947 -2.68608
-2.48153 -3.97114 -2.64489
-2.53681 -4.07633 -2.56356
-2.58552 -4.17208 -2.47221
-2.63471 -4.26104 -2.40356
-2.6779 -4.36545 -2.29909
-2.70444 -4.46861 -2.1901
-2.71046 -4.56616 -2.06665
-2.70162 -4.66669 -1.91436
-2.67844 -4.75013 -1.78131
-2.64556 -4.82896 -1.6333
-2.59948 -4.90414 -1.4812
-2.54335 -4.96679 -1.32846
-2.48874 -5.02398 -1.16477
-2.40641 -5.0741 -0.992372
-2.34002 -5.09268 -0.845048
-2.26695 -5.09726 -0.684135
-2.18677 -5.09385 -0.500963
-2.12209 -5.07829 -0.339288
-2.05841 -5.05069 -0.163284
-2.0015 -5.01216 0.0182465
-1.95432 -4.97377 0.166764
-1.9143 -4.92616 0.311682
-1.87622 -4.88098 0.455442
-1.83681 -4.8386 0.578139
-1.79859 -4.80525 0.672345
-1.74498 -4.76912 0.769914
-1.70104 -4.71304 0.868536
-1.66259 -4.65951 0.954074
-1.63677 -4.59646 1.03042
-1.62248 -4.51989 1.12317
-1.62013 -4.44097 1.22384
-1.62456 -4.36162 1.30815
-1.63698 -4.25093 1.43147
-1.65671 -4.16851 1.52961
-1.66966 -4.07558 1.61082
-1.70266 -3.99597 1.70659
-1.74635 -3.90801 1.80337
-1.78667 -3.83155 1.87431
-1.8335 -3.75653 1.95104
-1.89279 -3.68335 2.03748
-1.94742 -3.6111 2.1264
-2.01603 -3.55015 2.21617
-2.09442 -3.48747 2.30509
-2.17332 -3.43264 2.37498
-2.26128 -3.38793 2.46445
-2.34985 -3.35355 2.56296
-2.43765 -3.30935 2.62704
-2.53626 -3.27674 2.70878
-2.6435 -3.25056 2.7999
-2.75081 -3.24827 2.90148
-2.86012 -3.25442 2.9979
-2.95811 -3.27383 3.0953
-3.06109 -3.32204 -3.05508
-3.15156 -3.36753 -2.93408
-3.23333 -3.44774 -2.77775
-3.29165 -3.53542 -2.62013
-3.32682 -3.63228 -2.44028
-3.34429 -3.73607 -2.24143
-3.33935 -3.82749 -2.05408
-3.32178 -3.91357 -1.83874
-3.29404 -3.99132 -1.65075
-3.24746 -4.05427 -1.46105
-3.18929 -4.11299 -1.27122
-3.13036 -4.15411 -1.11775
-3.06771 -4.19203 -0.970559
-3.00538 -4.22986 -0.837271
-2.95884 -4.26193 -0.751563
-2.9226 -4.32356 -0.686547
-2.8732 -4.38217 -0.624549
-2.82985 -4.44381 -0.57658
-2.78467 -4.49862 -0.541851
-2.7226 -4.54854 -0.50353
-2.6508 -4.59152 -0.446858
-2.5783 -4.6227 -0.391603
-2.49233 -4.63246 -0.334666
-2.39551 -4.62659 -0.241651
-2.29113 -4.59842 -0.129801
-2.19433 -4.55666 -0.0320531
-2.10815 -4.52231 0.0843917
-2.02275 -4.44982 0.213499
-1.95079 -4.35304 0.329205
-1.87644 -4.28026 0.469596
-1.8097 -4.21994 0.570944
-1.75763 -4.14581 0.677622
-1.71541 -4.05781 0.818424
-1.6776 -3.98145 0.926318
-1.65184 -3.89318 1.0483
-1.62737 -3.79958 1.15002
-1.60538 -3.70945 1.22428
-1.59073 -3.61244 1.31377
-1.5718 -3.51811 1.36168
-1.54072 -3.42439 1.38875
-1.52381 -3.32256 1.42737
-1.49552 -3.22744 1.44729
-1.47484 -3.12638 1.46053
-1.46264 -3.01709 1.49343
-1.4523 -2.91629 1.51294
-1.44104 -2.81149 1.52734
-1.44221 -2.70206 1.5451
-1.42942 -2.58462 1.55007
-1.42906 -2.47625 1.55572
-1.43028 -2.36223 1.5669
-1.4282 -2.24354 1.57222
-1.43017 -2.12897 1.57673
-1.43147 -2.01206 1.57809
-1.42514 -1.89263 1.56586
-1.41827 -1.77885 1.55341
-1.39784 -1.65431 1.5188
-1.37231 -1.54089 1.46073
-1.31391 -1.427 1.36993
-1.25937 -1.32265 1.27941
-1.18643 -1.22881 1.15777
-1.09027 -1.15423 1.02004
-0.990311 -1.0958 0.903491
-0.879471 -1.0476 0.763078
-0.78157 -1.01375 0.638319
-0.6723 -1.00386 0.49461
-0.568235 -0.997999 0.354353
-0.47421 -0.989042 0.234032
-0.380869 -1.00952 0.108641
-0.293579 -1.03257 -0.0281835
-0.220508 -1.07016 -0.165186
-0.153232 -1.12301 -0.305476
-0.101505 -1.18086 -0.431235
-0.0643023 -1.23966 -0.547654
-0.0404742 -1.30011 -0.672187
-0.035466 -1.35593 -0.808081
-0.0461753 -1.39302 -0.923013
-0.0640591 -1.42286 -1.03164
-0.0900672 -1.44615 -1.16097
-0.112442 -1.45778 -1.24746
-0.135755 -1.46929 -1.33769
-0.157676 -1.48133 -1.4328
-0.185359 -1.49978 -1.52049
-0.209436 -1.52902 -1.60476
-0.231013 -1.56748 -1.68905
-0.261234 -1.6045 -1.77366
-0.299714 -1.64638 -1.85458
-0.333169 -1.70598 -1.93199
-0.37669 -1.75974 -2.00231
-0.416756 -1.81796 -2.09038
-0.469545 -1.86303 -2.17052
-0.53453 -1.91532 -2.25921
-0.610383 -1.96779 -2.3474
-0.68107 -2.02075 -2.40382
-0.749252 -2.07498 -2.43447
-0.812074 -2.14032 -2.4377
-0.861269 -2.22524 -2.38056
-0.89252 -2.32235 -2.28456
-0.916105 -2.42609 -2.18745
-0.914567 -2.54817 -2.05633
-0.891603 -2.66317 -1.93527
-0.865122 -2.76462 -1.81901
-0.828552 -2.87184 -1.7018
-0.791276 -2.97202 -1.63906
-0.76318 -3.07189 -1.5862
-0.751187 -3.17382 -1.54711
-0.725287 -3.2732 -1.52942
-0.70739 -3.40438 -1.52565
-0.703292 -3.51231 -1.52852
-0.72398 -3.62217 -1.57138
-0.76608 -3.74358 -1.61928
-0.867912 -3.86207 -1.69431
-0.979297 -3.96835 -1.80513
-1.06139 -4.06208 -1.89941
-1.14441 -4.14996 -1.99785
-1.22196 -4.22877 -2.10628
-1.32264 -4.29062 -2.23164
-1.43709 -4.34691 -2.36169
-1.53513 -4.38758 -2.47666
-1.64696 -4.41949 -2.60697
-1.75943 -4.4278 -2.76146
-1.8602 -4.42876 -2.89626
-1.96438 -4.41149 -3.0423
-2.06028 -4.37621 3.10417
-2.15845 -4.32923 2.95761
-2.24078 -4.25955 2.79305
-2.32546 -4.15989 2.59726
-2.38328 -4.0672 2.43475
-2.42182 -3.96814 2.27824
-2.43396 -3.87341 2.10996
-2.44129 -3.77002 1.92694
-2.4098 -3.6661 1.76107
-2.36093 -3.56314 1.5828
-2.31114 -3.47691 1.41399
-2.26189 -3.39707 1.25758
-2.20064 -3.33061 1.09267
-2.13685 -3.27338 0.944342
-2.06948 -3.2207 0.791614
-1.99117 -3.1814 0.631069
-1.9013 -3.1585 0.494394
-1.81546 -3.14674 0.353664
-1.72306 -3.14356 0.212456
-1.63484 -3.15604 0.0820149
-1.54748 -3.18201 -0.0580082
-1.46219 -3.23223 -0.196788
-1.38821 -3.27634 -0.316679
-1.31662 -3.3336 -0.442013
-1.24607 -3.40487 -0.554704
-1.18255 -3.47999 -0.650913
-1.12791 -3.56197 -0.758038
-1.08525 -3.64884 -0.870549
-1.04084 -3.77021 -1.01031
-1.0206 -3.87263 -1.13706
-1.01197 -3.9708 -1.25341
-1.03147 -4.07331 -1.39067
-1.06168 -4.17973 -1.53388
-1.10558 -4.27919 -1.66181
-1.17627 -4.37728 -1.80022
-1.24284 -4.4649 -1.92458
-1.31422 -4.54356 -2.05074
-1.39385 -4.62237 -2.15544
-1.4637 -4.69879 -2.21764
-1.53756 -4.7784 -2.27798
-1.61808 -4.85235 -2.31848
-1.68257 -4.97897 -2.32567
-1.72539 -5.09471 -2.33722
-1.7852 -5.18881 -2.33937
-1.84734 -5.29305 -2.32152
-1.91502 -5.38871 -2.31528
-1.98133 -5.48357 -2.2878
-2.05261 -5.58686 -2.25123
-2.12554 -5.67773 -2.23748
-2.19002 -5.77299 -2.20353
-2.25584 -5.8765 -2.18377
-2.32274 -5.97102 -2.18488
-2.41882 -6.1014 -2.1539
-2.49748 -6.20025 -2.16415
-2.55775 -6.30454 -2.13685
-2.62506 -6.40333 -2.11689
-2.69351 -6.49944 -2.11108
-2.75013 -6.60776 -2.07962
-2.82516 -6.70932 -2.09873
-2.89492 -6.81382 -2.10344
-2.96845 -6.92281 -2.11081
-3.04241 -7.02334 -2.13411
-3.10596 -7.1369 -2.11625
-3.18202 -7.25296 -2.12873
-3.24433 -7.36292 -2.11137
-3.30491 -7.47631 -2.09594
-3.36758 -7.58612 -2.09442
-3.4141 -7.71097 -2.05999
-3.47925 -7.82663 -2.06777
-3.52846 -7.94781 -2.03621
-3.5885 -8.0658 -2.03368
-3.64607 -8.18432 -2.02022
-3.69308 -8.3073 -1.98982
-3.75581 -8.42655 -2.00513
-3.79674 -8.54969 -1.96389
-3.84933 -8.66826 -1.96353
-3.89176 -8.79027 -1.94371
-3.92721 -8.91615 -1.9044
-3.9676 -9.03706 -1.88932
-3.99052 -9.16185 -1.84103
-4.02091 -9.28071 -1.82651
-4.04898 -9.40814 -1.80001
-4.08419 -9.52089 -1.8072
-4.13371 -9.63377 -1.84921
-4.18918 -9.75535 -1.8906
-4.26476 -9.85449 -1.97285
-4.33878 -9.95881 -2.02572
-4.39248 -10.0667 -2.02266
-4.45153 -10.1682 -2.02079
-4.48643 -10.2823 -1.94963
-4.49592 -10.4011 -1.85933
-4.51409 -10.5095 -1.77549
-4.50845 -10.6277 -1.68873
-4.51128 -10.7484 -1.64984
-4.51363 -10.8831 -1.62205
-4.5289 -11.01 -1.6248
-4.53135 -11.1343 -1.63598
-4.53526 -11.27 -1.65878
-4.56572 -11.3888 -1.69716
-4.59317 -11.5052 -1.73038
-4.65824 -11.6256 -1.75822
-4.71039 -11.7344 -1.79589
-4.7473 -11.8557 -1.8193
-4.79771 -11.9671 -1.83729
-4.838 -12.0865 -1.86377
-4.8619 -12.214 -1.85117
-4.89485 -12.3284 -1.8501
-4.9243 -12.4499 -1.83632
-4.94289 -12.5767 -1.81257
-4.96453 -12.7029 -1.82522
-5.00468 -12.8336 -1.82825
-5.0541 -12.9518 -1.85265
-5.09595 -13.0758 -1.86456
-5.12194 -13.192 -1.84774
-5.15478 -13.3129 -1.84964
-5.1684 -13.4453 -1.8085
-5.18147 -13.5622 -1.78166
-5.20298 -13.6903 -1.76134
-5.22063 -13.8118 -1.74043
-5.25208 -13.9328 -1.75521
-5.27877 -14.0716 -1.75035
-5.29921 -14.1887 -1.74868
-5.32517 -14.3197 -1.74059
-5.33132 -14.4504 -1.70515
-5.33468 -14.5702 -1.67304
-5.32699 -14.6986 -1.61916
-5.31927 -14.8164 -1.57777
-5.30055 -14.9412 -1.52183
-5.28553 -15.0678 -1.48667
-5.26183 -15.1789 -1.44302
-5.22699 -15.2979 -1.38292
-5.19828 -15.4107 -1.34949
-5.14414 -15.5176 -1.26969
-5.08952 -15.6154 -1.2075
-5.04556 -15.7189 -1.16198
-4.98236 -15.8143 -1.08459
-4.92638 -15.9026 -1.04131
-4.85772 -15.9805 -0.9869
-4.785 -16.0643 -0.920553
-4.71972 -16.1232 -0.871046
-4.64706 -16.1748 -0.808095
-4.57255 -16.2268 -0.737345
-4.50528 -16.2542 -0.665454
-4.43732 -16.2593 -0.556849
-4.37022 -16.2522 -0.443969
-4.31786 -16.2342 -0.3367
-4.27603 -16.2055 -0.223519
-4.24358 -16.1684 -0.101355
-4.22813 -16.1299 0.0161739
-4.23184 -16.0975 0.128909
-4.24303 -16.0669 0.239891
-4.26975 -16.0415 0.34949
-4.31047 -16.0272 0.457651
-4.35719 -16.0145 0.560326
-4.4151 -16.0142 0.656582
-4.47693 -16.0241 0.747143
-4.53538 -16.0412 0.837073
-4.59159 -16.0657 0.933519
-4.64538 -16.0932 1.02863
-4.69391 -16.127 1.12901
-4.73788 -16.1553 1.22388
-4.78346 -16.1806 1.32411
-4.82623 -16.2019 1.42728
-4.85888 -16.221 1.52647
-4.88559 -16.2294 1.61571
-4.90716 -16.2302 1.69277
-4.92596 -16.2213 1.75641
-4.94489 -16.2002 1.80983
-4.95969 -16.172 1.8547
-4.97041 -16.1328 1.89169
-4.97411 -16.08 1.91632
-4.98895 -16.0255 1.9312
-5.00555 -15.9636 1.93343
-5.02139 -15.8976 1.93261
-5.0393 -15.8291 1.92792
-5.05128 -15.7586 1.92365
-5.0766 -15.69 1.92382
-5.09643 -15.6106 1.92256
-5.1308 -15.5284 1.93426
-5.16443 -15.4531 1.93957
-5.19186 -15.3773 1.93209
-5.21731 -15.2931 1.91365
-5.24328 -15.1968 1.8882
-5.2558 -15.0995 1.84462
-5.25392 -15.0019 1.78226
-5.25387 -14.9007 1.73324
-5.25403 -14.8058 1.7034
-5.25746 -14.7091 1.67493
-5.24589 -14.6024 1.64189
-5.25371 -14.5031 1.65775
-5.26507 -14.4023 1.66488
-5.26733 -14.2937 1.64389
-5.28748 -14.1821 1.65733
-5.29243 -14.0717 1.64076
-5.28361 -13.9592 1.59377
-5.27643 -13.8491 1.58083
-5.25362 -13.7393 1.53215
-5.22477 -13.6301 1.47519
-5.19857 -13.5214 1.44437
-5.16991 -13.4119 1.39965
-5.11455 -13.3058 1.33212
-5.07172 -13.1983 1.2846
-5.01887 -13.0817 1.24076
-4.96918 -12.9808 1.19977
-4.9192 -12.8748 1.17516
-4.88178 -12.7548 1.17963
-4.8452 -12.6444 1.1751
-4.81356 -12.524 1.1967
-4.77937 -12.4141 1.22134
-4.76811 -12.3012 1.24756
-4.74363 -12.1872 1.28439
-4.73501 -12.0668 1.32299
-4.72636 -11.9474 1.36816
-4.72713 -11.8263 1.42289
-4.72851 -11.7126 1.46919
-4.7444 -11.5992 1.53635
-4.76021 -11.4889 1.59092
-4.78444 -11.38 1.66305
-4.81891 -11.2774 1.73326
-4.84778 -11.1731 1.77341
-4.87879 -11.0709 1.80078
-4.89127 -10.9568 1.80278
-4.88703 -10.8413 1.75615
-4.88239 -10.7167 1.70053
-4.85765 -10.5949 1.64245
-4.80445 -10.4767 1.53583
-4.74508 -10.362 1.4344
-4.6858 -10.2485 1.34756
-4.61535 -10.1455 1.25675
-4.5451 -10.0506 1.1968
-4.47873 -9.95021 1.16686
-4.41769 -9.84336 1.14988
-4.36368 -9.73987 1.13219
-4.31502 -9.62839 1.14163
-4.28146 -9.50934 1.15349
-4.27249 -9.36471 1.16789
-4.2555 -9.22987 1.18601
-4.21198 -9.12138 1.18703
-4.17693 -8.994 1.19393
-4.14874 -8.86346 1.20562
-4.10466 -8.74749 1.20647
-4.06029 -8.62863 1.21436
-4.00332 -8.51744 1.20184
-3.95549 -8.40256 1.19288
-3.8909 -8.28597 1.17655
-3.82794 -8.17059 1.15352
-3.77471 -8.0571 1.146
-3.71811 -7.93861 1.13437
-3.65015 -7.81118 1.1206
-3.5953 -7.69685 1.12111
-3.53708 -7.58144 1.11083
-3.47692 -7.45382 1.11587
-3.41208 -7.34648 1.08661
-3.3386 -7.22906 1.06791
-3.26776 -7.11893 1.04748
-3.19141 -7.00827 1.0127
-3.12661 -6.89026 1.02118
-3.05456 -6.78472 0.994567
-2.98843 -6.66531 1.00041
-2.93042 -6.55371 1.01666
-2.87005 -6.43245 1.02727
-2.82912 -6.30636 1.08978
-2.7849 -6.18924 1.12236
-2.75624 -6.05362 1.1874
-2.73913 -5.92949 1.24768
-2.72924 -5.79971 1.31967
-2.7266 -5.66903 1.38858
-2.72821 -5.55113 1.45789
-2.73531 -5.42689 1.52464
-2.7383 -5.30444 1.56519
-2.7523 -5.18016 1.63482
-2.75943 -5.05982 1.65698
-2.77601 -4.94457 1.69702
-2.81038 -4.78974 1.76583
-2.83587 -4.67332 1.79648
-2.87814 -4.56316 1.86411
-2.91219 -4.45715 1.89146
-2.9578 -4.3404 1.92657
-3.00343 -4.22845 1.95358
-3.04239 -4.12406 1.96358
-3.09764 -4.00443 1.989
-3.14224 -3.89158 1.99564
-3.19281 -3.78016 2.01369
-3.24504 -3.66715 2.02774
-3.29815 -3.5573 2.04468
-3.35968 -3.44286 2.07368
-3.41267 -3.34001 2.0858
-3.48427 -3.23513 2.1257
-3.55428 -3.13288 2.15485
-3.62578 -3.04537 2.20051
-3.71929 -2.95369 2.26834
-3.80521 -2.87491 2.31157
-3.93513 -2.77728 2.4109
-4.0343 -2.71903 2.46128
-4.18262 -2.67806 2.6056
-4.28538 -2.65851 2.70429
-4.38161 -2.66591 2.82876
-4.4863 -2.68648 2.96413
-4.5663 -2.71777 3.09952
-4.63947 -2.78931 -3.00334
-4.69597 -2.84928 -2.84336
-4.7321 -2.91439 -2.67866
-4.75162 -2.99132 -2.49112
-4.75478 -3.07421 -2.29841
-4.73209 -3.15875 -2.03586
-4.68712 -3.22896 -1.82451
-4.63784 -3.27398 -1.63267
-4.59275 -3.2971 -1.43432
-4.53339 -3.32288 -1.23012
-4.48762 -3.33768 -1.04661
-4.43902 -3.34246 -0.884879
-4.39436 -3.36378 -0.738124
-4.342 -3.37667 -0.603358
-4.29242 -3.39532 -0.499284
-4.24 -3.41935 -0.421266
-4.18037 -3.4595 -0.346875
-4.11023 -3.48448 -0.267606
-4.03939 -3.50688 -0.207027
-3.96352 -3.52763 -0.168596
-3.87711 -3.54519 -0.12493
-3.78808 -3.56606 -0.0838985
-3.70147 -3.59011 -0.0696899
-3.60295 -3.60711 -0.0614269
-3.49787 -3.60994 -0.030278
-3.40066 -3.60342 -0.00745432
-3.29843 -3.58806 0.0139599
-3.18559 -3.56624 0.05974
-3.08772 -3.53658 0.0941697
-2.987 -3.5128 0.136668
-2.87551 -3.46825 0.182665
-2.77414 -3.43806 0.216536
-2.67495 -3.39273 0.273249
-2.5647 -3.34598 0.314954
-2.46633 -3.30146 0.347149
-2.37108 -3.24322 0.419248
-2.27187 -3.18741 0.455306
-2.17851 -3.12053 0.516579
-2.09579 -3.04952 0.586031
-2.00947 -2.98222 0.620438
-1.9276 -2.9007 0.67475
-1.84928 -2.81236 0.732064
-1.77486 -2.72576 0.788328
-1.70476 -2.62444 0.847267
-1.6478 -2.53095 0.899962
-1.59361 -2.41879 0.971823
-1.53677 -2.31369 1.01099
-1.49653 -2.20622 1.0849
-1.44846 -2.09419 1.12806
-1.39785 -1.98714 1.14986
-1.36185 -1.87226 1.20483
-1.31024 -1.76896 1.20805
-1.27451 -1.65459 1.25051
-1.24197 -1.54163 1.283
-1.20146 -1.3933 1.31083
-1.17955 -1.27588 1.35081
-1.14952 -1.16762 1.35621
-1.11699 -1.007 1.38034
-1.07818 -0.890951 1.36758
-1.03649 -0.735129 1.3613
-1.0013 -0.622402 1.3554
-0.964448 -0.506818 1.34613
-0.941151 -0.385921 1.36056
-0.911757 -0.27737 1.34956
-0.880283 -0.156556 1.33939
-0.849612 -0.0388673 1.33551
-0.803718 0.0710435 1.2982
-0.768128 0.194903 1.29245
-0.728652 0.30507 1.275
-0.688593 0.419169 1.25717
-0.666126 0.540051 1.27914
-0.636386 0.653819 1.27933
-0.613868 0.774 1.30305
-0.594494 0.887644 1.32514
-0.561784 0.99899 1.31361
-0.530794 1.12023 1.32021
-0.494823 1.22844 1.30894
-0.449266 1.33579 1.28553
-0.412867 1.44511 1.27375
-0.365631 1.5518 1.24386
-0.293879 1.64349 1.16763
-0.228358 1.72997 1.10498
-0.140777 1.79573 0.988174
-0.048871 1.8438 0.861918
0.045076 1.87231 0.733418
0.138667 1.89292 0.591889
0.233939 1.87596 0.438784
0.319297 1.85631 0.275808
0.393264 1.81834 0.0906055
0.447976 1.76951 -0.0906201
0.482236 1.71229 -0.270559
0.510247 1.63853 -0.4708
0.5107 1.57465 -0.665398
0.487172 1.50319 -0.868489
0.441055 1.44037 -1.06247
0.395575 1.39413 -1.24575
0.339174 1.36162 -1.41919
0.29566 1.34293 -1.57572
0.256936 1.33518 -1.72169
0.209863 1.33487 -1.89371
0.177708 1.33988 -2.01577
0.155192 1.34383 -2.12289
0.133052 1.34727 -2.21874
0.108989 1.34346 -2.30071
0.0843238 1.33277 -2.36587
0.0573124 1.30557 -2.41718
0.027702 1.26415 -2.45569
-0.00959267 1.23889 -2.47813
-0.047486 1.20477 -2.4854
-0.0888042 1.16305 -2.47682
-0.133192 1.10859 -2.46067
-0.173898 1.0537 -2.44228
-0.21715 0.993295 -2.41505
-0.246201 0.9162 -2.36859
-0.280805 0.847195 -2.33098
-0.324886 0.778356 -2.30471
-0.370168 0.701014 -2.26463
-0.411896 0.61895 -2.21132
-0.451928 0.541232 -2.16652
-0.488017 0.445511 -2.10092
-0.51695 0.343862 -2.02551
-0.530505 0.25648 -1.94957
-0.532143 0.15012 -1.84012
-0.532054 0.0446359 -1.7561
-0.525879 -0.0566097 -1.67178
-0.504249 -0.161494 -1.56334
-0.483555 -0.25857 -1.48107
-0.449929 -0.356245 -1.38063
-0.409112 -0.44839 -1.29149
-0.364849 -0.535025 -1.21121
-0.313712 -0.620179 -1.12966
-0.279789 -0.708283 -1.10761
-0.25197 -0.795409 -1.10881
-0.238722 -0.901252 -1.14698
-0.254933 -1.01868 -1.25443
-0.300284 -1.13268 -1.39234
-0.367911 -1.23786 -1.53479
-0.446716 -1.33752 -1.68637
-0.544027 -1.4517 -1.84899
-0.651674 -1.52863 -1.97708
-0.746902 -1.60014 -2.07591
-0.835579 -1.64829 -2.15075
-0.934154 -1.71802 -2.20553
-1.01909 -1.77927 -2.24398
-1.09708 -1.84625 -2.27117
-1.17865 -1.92092 -2.26464
-1.24699 -1.9982 -2.25023
-1.31212 -2.08983 -2.22888
-1.37385 -2.19689 -2.1922
-1.41861 -2.3188 -2.17736
-1.465 -2.48479 -2.1522
-1.5262 -2.60325 -2.14889
-1.59777 -2.74866 -2.14142
-1.6437 -2.86436 -2.13415
-1.70223 -2.96315 -2.14282
-1.76825 -3.05589 -2.15052
-1.84812 -3.14635 -2.18457
-1.93375 -3.22222 -2.24399
-2.04219 -3.29778 -2.32723
-2.15891 -3.35037 -2.42196
-2.28399 -3.38166 -2.55118
-2.41182 -3.40365 -2.66098
-2.53416 -3.41031 -2.75721
-2.66267 -3.40079 -2.87112
-2.77517 -3.3913 -2.96503
-2.89517 -3.38198 -3.0485
-3.00975 -3.37497 -3.10015
-3.11766 -3.37261 3.12423
-3.23779 -3.37985 3.09716
-3.35379 -3.40129 3.12014
-3.46067 -3.44053 -3.12862
-3.56881 -3.50268 -3.05797
-3.6683 -3.58391 -2.94777
-3.75215 -3.66218 -2.84545
-3.82265 -3.75391 -2.70726
-3.88016 -3.84322 -2.57187
-3.91595 -3.92935 -2.43087
-3.93698 -4.02766 -2.25455
-3.93925 -4.11508 -2.10156
-3.93329 -4.189 -1.94579
-3.90316 -4.2903 -1.72836
-3.87694 -4.359 -1.58075
-3.83218 -4.41745 -1.42637
-3.77768 -4.47073 -1.26327
-3.7246 -4.52095 -1.12274
-3.66859 -4.5577 -0.980498
-3.59762 -4.58783 -0.819654
-3.52961 -4.60362 -0.681711
-3.46102 -4.6117 -0.547772
-3.3791 -4.61442 -0.396471
-3.30283 -4.6109 -0.258652
-3.22965 -4.59978 -0.129459
-3.1478 -4.56714 0.0269486
-3.07299 -4.52645 0.162681
-3.00843 -4.47794 0.295275
-2.93728 -4.42385 0.430506
-2.8622 -4.37864 0.517631
-2.79035 -4.32255 0.601066
-2.71798 -4.2543 0.688926
-2.64821 -4.19099 0.748606
-2.57514 -4.12446 0.801007
-2.49613 -4.05107 0.82911
-2.37854 -3.97861 0.790572
-2.26603 -3.94036 0.722964
-2.14067 -3.90966 0.609941
-2.01664 -3.91452 0.462901
-1.88916 -3.94831 0.277063
-1.77446 -3.99677 0.0982759
-1.67253 -4.06734 -0.0928768
-1.58971 -4.1624 -0.285033
-1.51351 -4.28818 -0.527959
-1.47794 -4.41267 -0.721855
-1.46656 -4.52424 -0.892021
-1.45935 -4.59586 -1.0566
-1.43709 -4.66688 -1.21384
-1.4293 -4.7351 -1.34311
-1.43697 -4.81098 -1.4639
-1.45154 -4.89371 -1.57777
-1.46681 -4.96743 -1.66915
-1.49638 -5.04088 -1.75698
-1.5264 -5.12162 -1.84554
-1.54679 -5.20897 -1.92026
-1.57131 -5.29166 -1.98341
-1.61983 -5.38079 -2.06103
-1.69436 -5.4556 -2.13954
-1.76062 -5.53047 -2.19679
-1.84262 -5.61379 -2.23864
-1.90339 -5.70044 -2.26356
-1.9574 -5.7867 -2.28384
-2.05139 -5.90918 -2.28495
-2.10689 -6.01108 -2.27541
-2.1796 -6.09705 -2.28097
-2.26208 -6.19869 -2.27043
-2.34321 -6.29302 -2.26456
-2.4237 -6.38533 -2.26247
-2.50201 -6.48982 -2.24065
-2.57321 -6.58348 -2.2354
-2.64851 -6.67785 -2.22301
-2.71655 -6.7762 -2.20668
-2.79074 -6.86331 -2.20483
-2.86239 -6.96548 -2.19527
-2.93363 -7.05914 -2.19314
-3.00609 -7.15557 -2.19298
-3.07595 -7.2525 -2.18025
-3.14207 -7.34559 -2.17162
-3.20853 -7.45352 -2.14611
-3.2928 -7.59682 -2.12108
-3.35267 -7.70259 -2.10494
-3.4174 -7.81273 -2.09477
-3.48361 -7.91696 -2.09631
-3.55264 -8.03294 -2.08847
-3.62679 -8.1353 -2.11026
-3.69536 -8.22568 -2.13047
-3.77149 -8.32975 -2.14375
-3.83667 -8.42832 -2.1544
-3.89841 -8.53087 -2.14196
-3.96134 -8.64255 -2.12669
-4.02057 -8.74008 -2.11505
-4.07304 -8.86414 -2.08862
-4.14676 -9.00481 -2.07203
-4.19271 -9.11953 -2.03057
-4.24387 -9.23997 -2.00729
-4.27626 -9.35716 -1.96515
-4.30823 -9.47279 -1.92601
-4.34689 -9.59059 -1.90852
-4.38511 -9.74486 -1.86229
-4.43424 -9.85529 -1.88052
-4.46866 -9.96564 -1.86092
-4.50468 -10.0845 -1.84899
-4.54071 -10.1973 -1.84334
-4.55856 -10.3197 -1.79651
-4.58488 -10.4359 -1.79666
-4.61092 -10.5504 -1.78506
-4.63751 -10.6697 -1.77667
-4.69218 -10.8287 -1.81386
-4.72393 -10.9554 -1.80043
-4.76535 -11.0759 -1.82738
-4.79724 -11.1941 -1.82085
-4.82205 -11.3118 -1.80439
-4.85328 -11.4273 -1.82556
-4.87182 -11.5475 -1.79893
-4.9113 -11.6648 -1.82151
-4.94917 -11.7818 -1.84201
-4.98785 -11.909 -1.84025
-5.0315 -12.0256 -1.87037
-5.06075 -12.1446 -1.85753
-5.09667 -12.2643 -1.85576
-5.13768 -12.3791 -1.86636
-5.17628 -12.5358 -1.84554
-5.22269 -12.6502 -1.87606
-5.25942 -12.7752 -1.86866
-5.30065 -12.8932 -1.88288
-5.36193 -13.011 -1.92678
-5.41173 -13.1282 -1.92679
-5.46179 -13.2397 -1.94901
-5.51856 -13.3472 -1.96602
-5.55476 -13.4658 -1.95355
-5.60844 -13.5739 -1.96772
-5.64988 -13.69 -1.94557
-5.69822 -13.81 -1.95188
-5.73213 -13.9263 -1.93465
-5.76203 -14.0513 -1.90018
-5.79422 -14.1656 -1.88283
-5.81528 -14.2881 -1.84414
-5.835 -14.4029 -1.81197
-5.86118 -14.5139 -1.80189
-5.88059 -14.6334 -1.77032
-5.92238 -14.7436 -1.7953
-5.96119 -14.8628 -1.80085
-6.00242 -15.0168 -1.79449
-6.03527 -15.1311 -1.79391
-6.0459 -15.2488 -1.7492
-6.05377 -15.3677 -1.71288
-6.05406 -15.4818 -1.66897
-6.04484 -15.5927 -1.59926
-6.03167 -15.7019 -1.55514
-6.01608 -15.827 -1.4887
-5.98705 -15.9345 -1.43097
-5.95123 -16.0419 -1.3663
-5.90614 -16.1518 -1.30271
-5.8662 -16.2505 -1.25439
-5.82303 -16.3463 -1.20146
-5.79238 -16.4514 -1.19788
-5.76777 -16.5529 -1.20701
-5.7437 -16.6645 -1.22607
-5.73884 -16.78 -1.29493
-5.74917 -16.8821 -1.37424
-5.77367 -16.9837 -1.47182
-5.82544 -17.0817 -1.61372
-5.89334 -17.1529 -1.75181
-5.97497 -17.2088 -1.92454
-6.06198 -17.2534 -2.09874
-6.15092 -17.2747 -2.27356
-6.25301 -17.2582 -2.47453
-6.33339 -17.2419 -2.67733
-6.40148 -17.1977 -2.87669
-6.45459 -17.143 -3.08955
-6.49317 -17.0726 2.96549
-6.50607 -17.0118 2.74195
-6.49953 -16.9513 2.53226
-6.48302 -16.9085 2.33973
-6.46588 -16.8799 2.16364
-6.44462 -16.8497 1.96642
-6.44081 -16.8331 1.84107
-6.43577 -16.8096 1.7375
-6.42417 -16.7724 1.64955
-6.41554 -16.7358 1.57391
-6.45833 -16.6718 1.50682
-6.45663 -16.6152 1.445
-6.44448 -16.5554 1.38784
-6.43289 -16.4899 1.34239
-6.40756 -16.4271 1.31505
-6.40558 -16.3614 1.31185
-6.41103 -16.2881 1.33691
-6.41804 -16.2082 1.38288
-6.42746 -16.1355 1.43023
-6.44884 -16.0591 1.48301
-6.47518 -15.9741 1.56076
-6.50063 -15.8876 1.6245
-6.51838 -15.8005 1.64856
-6.54123 -15.7068 1.68669
-6.55701 -15.6095 1.70687
-6.53962 -15.5083 1.68762
-6.51009 -15.398 1.67013
-6.49066 -15.2831 1.66614
-6.46275 -15.1793 1.62714
-6.44896 -15.0617 1.59379
-6.43052 -14.9078 1.5611
-6.3833 -14.7924 1.48952
-6.34957 -14.6788 1.46128
-6.30534 -14.5719 1.41753
-6.25736 -14.4596 1.36218
-6.22745 -14.3454 1.34585
-6.18621 -14.2272 1.33217
-6.15193 -14.1152 1.3111
-6.12767 -14.0024 1.31695
-6.09782 -13.8782 1.29741
-6.07029 -13.766 1.27701
-6.04452 -13.6414 1.26975
-6.00726 -13.5264 1.24516
-5.95965 -13.3834 1.23438
-5.92294 -13.2657 1.23408
-5.88211 -13.1552 1.22626
-5.8472 -13.0503 1.23225
-5.7942 -12.901 1.22715
-5.75426 -12.7921 1.22639
-5.71584 -12.6694 1.23589
-5.67804 -12.5626 1.23386
-5.6475 -12.4531 1.24825
-5.61939 -12.3333 1.27035
-5.60028 -12.221 1.30034
-5.60004 -12.0936 1.37553
-5.60023 -11.9749 1.42071
-5.6158 -11.8621 1.49221
-5.63451 -11.7409 1.56933
-5.65457 -11.5906 1.63162
-5.67987 -11.4822 1.69345
-5.68043 -11.3737 1.67592
-5.6685 -11.2581 1.62686
-5.65357 -11.1394 1.56944
-5.59689 -11.0241 1.45493
-5.52786 -10.9125 1.34464
-5.43723 -10.8089 1.25609
-5.3521 -10.709 1.16653
-5.27505 -10.6227 1.10136
-5.19041 -10.5364 1.06243
-5.12584 -10.4403 1.06224
-5.06869 -10.3491 1.0619
-5.02082 -10.2347 1.08378
-4.98468 -10.1136 1.1132
-4.94415 -10.0003 1.12207
-4.9072 -9.8702 1.14225
-4.88824 -9.73547 1.15683
-4.85369 -9.61951 1.16988
-4.81941 -9.49346 1.19404
-4.78356 -9.37631 1.20553
-4.74371 -9.26906 1.22015
-4.69977 -9.16292 1.22241
-4.65448 -9.05716 1.21512
-4.60261 -8.93625 1.20653
-4.54854 -8.82503 1.17848
-4.48595 -8.71076 1.14784
-4.42717 -8.59685 1.13085
-4.35245 -8.45051 1.10972
-4.29274 -8.33311 1.10652
-4.23885 -8.22346 1.10094
-4.17548 -8.12494 1.07715
-4.11484 -8.00587 1.07296
-4.04976 -7.90124 1.05442
-3.98368 -7.78708 1.03895
-3.92658 -7.66724 1.05174
-3.86131 -7.56219 1.0316
-3.8024 -7.44732 1.03811
-3.74295 -7.3453 1.03425
-3.67718 -7.23391 1.02314
-3.61388 -7.11749 1.03192
-3.54598 -7.01687 1.01194
-3.47604 -6.90028 1.0109
-3.41352 -6.79687 1.0162
-3.35036 -6.68677 1.00811
-3.2926 -6.57013 1.03447
-3.22588 -6.47521 1.0182
-3.1484 -6.37213 0.991809
-3.06989 -6.27722 0.966455
-2.97316 -6.19182 0.896759
-2.87308 -6.10287 0.854428
-2.77753 -6.01888 0.821848
-2.68134 -5.93737 0.776787
-2.59923 -5.84242 0.78639
-2.51282 -5.76202 0.76694
-2.4328 -5.67498 0.768487
-2.36271 -5.57476 0.808148
-2.29386 -5.47261 0.822919
-2.23618 -5.3658 0.885137
-2.17513 -5.21159 0.982518
-2.14184 -5.09391 1.05612
-2.13409 -4.97507 1.16559
-2.13548 -4.8622 1.25746
-2.15267 -4.75214 1.37609
-2.17081 -4.64969 1.47818
-2.21011 -4.55837 1.60032
-2.2581 -4.46861 1.74253
-2.29752 -4.39489 1.8523
-2.35424 -4.32448 1.98411
-2.40909 -4.25735 2.10875
-2.47984 -4.20718 2.23702
-2.59763 -4.16207 2.43984
-2.67668 -4.13618 2.56506
-2.76773 -4.12645 2.71387
-2.88298 -4.13069 2.89885
-2.9661 -4.14774 3.04539
-3.05103 -4.17714 -3.08685
-3.12366 -4.20417 -2.96327
-3.1984 -4.24891 -2.81714
-3.25719 -4.31533 -2.67694
-3.30801 -4.37769 -2.54532
-3.35273 -4.45728 -2.3892
-3.38999 -4.53534 -2.25563
-3.41729 -4.61124 -2.13262
-3.43118 -4.69636 -1.99387
-3.44581 -4.78233 -1.8813
-3.43839 -4.87326 -1.75223
-3.40569 -4.98635 -1.56855
-3.37799 -5.06103 -1.45839
-3.33168 -5.13608 -1.32482
-3.28503 -5.21871 -1.20607
-3.23047 -5.28778 -1.09643
-3.15584 -5.34486 -0.949443
-3.0848 -5.39584 -0.833749
-3.00864 -5.43279 -0.708694
-2.91837 -5.45576 -0.571397
-2.834 -5.47511 -0.452208
-2.74678 -5.47885 -0.314604
-2.65448 -5.46909 -0.172981
-2.57279 -5.45732 -0.0593531
-2.4871 -5.42664 0.0758835
-2.37805 -5.37359 0.232183
-2.31049 -5.3282 0.359883
-2.24524 -5.26153 0.499458
-2.1839 -5.19097 0.605085
-2.134 -5.1234 0.720695
-2.08345 -5.04575 0.828504
-2.03552 -4.97437 0.911334
-1.9932 -4.88967 1.00839
-1.95288 -4.80407 1.0772
-1.90941 -4.72377 1.11636
-1.86899 -4.62907 1.17352
-1.83006 -4.53159 1.218
-1.79039 -4.43171 1.2381
-1.76045 -4.32745 1.28508
-1.73156 -4.2258 1.31693
-1.6948 -4.08594 1.34871
-1.67958 -3.96865 1.38193
-1.6645 -3.85458 1.40284
-1.65264 -3.73063 1.43491
-1.63551 -3.61574 1.45555
-1.6297 -3.50124 1.47189
-1.62259 -3.38454 1.48426
-1.60765 -3.26085 1.48247
-1.59498 -3.14154 1.48551
-1.57368 -2.98137 1.47377
-1.5491 -2.87251 1.45642
-1.52708 -2.75561 1.44882
-1.50174 -2.63258 1.42715
-1.47902 -2.51765 1.41319
-1.44947 -2.4027 1.3962
-1.41246 -2.29226 1.36335
-1.37369 -2.16818 1.32947
-1.33162 -2.05191 1.29977
-1.28513 -1.94804 1.26181
-1.23857 -1.83458 1.22979
-1.19979 -1.72348 1.22152
-1.15385 -1.61497 1.18909
-1.10785 -1.5042 1.1774
-1.06881 -1.39997 1.17707
-1.01823 -1.29431 1.14945
-0.974067 -1.18512 1.15919
-0.925984 -1.07714 1.1582
-0.871608 -0.973471 1.14008
-0.828973 -0.870101 1.15661
-0.767407 -0.730485 1.15385
-0.719143 -0.623665 1.15408
-0.676752 -0.527289 1.16086
-0.623308 -0.42998 1.13465
-0.575331 -0.330219 1.13477
-0.531222 -0.228612 1.14498
-0.477606 -0.129822 1.13264
-0.436598 -0.0209662 1.15756
-0.397852 0.0827243 1.17872
-0.35186 0.183769 1.17723
-0.301594 0.322345 1.20693
-0.244438 0.416954 1.16293
-0.178242 0.516494 1.11655
-0.104946 0.613151 1.05854
-0.00670716 0.685577 0.95443
0.0822133 0.750324 0.886214
0.163997 0.820746 0.850207
0.239238 0.896395 0.829357
0.292653 0.973397 0.864557
0.327074 1.06537 0.954768
0.352882 1.18395 1.09098
0.347071 1.26801 1.23028
0.300516 1.39085 1.45677
0.247323 1.47455 1.62658
0.177284 1.53293 1.83302
0.0987292 1.56914 2.03454
0.0195531 1.57706 2.23783
-0.0656404 1.5687 2.46392
-0.159031 1.53191 2.67912
-0.228487 1.4875 2.88159
-0.281501 1.43391 3.08988
-0.310573 1.3745 -2.9939
-0.332832 1.32933 -2.82014
-0.349773 1.27477 -2.65229
-0.367247 1.21959 -2.47875
-0.376768 1.14522 -2.266
-0.386063 1.09412 -2.14247
-0.402147 1.03656 -2.03477
-0.428263 0.964255 -1.93664
-0.472191 0.904973 -1.86526
-0.551426 0.855258 -1.81417
-0.583704 0.781968 -1.76147
-0.612889 0.703423 -1.71339
-0.621243 0.59075 -1.68287
-0.646483 0.517377 -1.65839
-0.66184 0.434439 -1.62341
-0.680292 0.339014 -1.61287
-0.681007 0.228172 -1.6322
-0.692819 0.124363 -1.63808
-0.692716 0.0211637 -1.62774
-0.698181 -0.111109 -1.64138
-0.690583 -0.219098 -1.63375
-0.679726 -0.319339 -1.60498
-0.681593 -0.421582 -1.61473
-0.684304 -0.521274 -1.61758
-0.684257 -0.622859 -1.60118
-0.691325 -0.729047 -1.60805
-0.688463 -0.872586 -1.58722
-0.654655 -0.977017 -1.50642
-0.629238 -1.06597 -1.46313
-0.577945 -1.16242 -1.37431
-0.525437 -1.24072 -1.27908
-0.466119 -1.31245 -1.19082
-0.398756 -1.38727 -1.08311
-0.329776 -1.45421 -0.996347
-0.263072 -1.51204 -0.906135
-0.17732 -1.55315 -0.790846
-0.106859 -1.58689 -0.690805
-0.00898977 -1.60111 -0.547964
0.0754855 -1.60092 -0.410396
0.14204 -1.59361 -0.301271
0.204035 -1.57807 -0.193016
0.274154 -1.56054 -0.0821778
0.341115 -1.54757 0.0106701
0.399441 -1.54288 0.0803977
0.455134 -1.52724 0.147773
0.50407 -1.51228 0.207971
0.543568 -1.50213 0.2564
0.584592 -1.49858 0.294449
0.622748 -1.48561 0.32249
0.649543 -1.4732 0.349059
0.683377 -1.46604 0.370087
0.719143 -1.44667 0.392784
0.747339 -1.43389 0.405663
0.769022 -1.41768 0.416401
0.785011 -1.40018 0.425751
0.803942 -1.38065 0.43473
0.816721 -1.36449 0.443161
0.828669 -1.35161 0.451002
0.837854 -1.34074 0.4573
0.848658 -1.33196 0.463174
0.856957 -1.32617 0.468683
0.863576 -1.32001 0.473433
0.869498 -1.3166 0.477199
0.872888 -1.31229 0.480014
0.876796 -1.30984 0.482535
0.879998 -1.30814 0.483923
0.882573 -1.30403 0.48563
0.883597 -1.3033 0.486179
0.883995 -1.30315 0.485995
0.883878 -1.30319 0.486051
0.883698 -1.30332 0.48595
0.883632 -1.30337 0.485916
0.883827 -1.30327 0.485917
0.883903 -1.30323 0.485916
0.883878 -1.30322 0.485993
0.88373 -1.30333 0.485913
0.883725 -1.30331 0.485954
0.883553 -1.30342 0.485903
0.883354 -1.30353 0.485883
0.883212 -1.3036 0.485894
0.883067 -1.30368 0.485905
0.882884 -1.30378 0.485879
0.882836 -1.3038 0.485876
0.882745 -1.30381 0.48598
0.88257 -1.30392 0.485949
0.882503 -1.30396 0.485937
0.882321 -1.30406 0.485914
0.882251 -1.30411 0.485897
0.881997 -1.30425 0.485876
0.881743 -1.30435 0.485941
0.881704 -1.30439 0.485917
0.881463 -1.30454 0.485822
0.881276 -1.30463 0.485853
0.881046 -1.30474 0.485891
0.880949 -1.30479 0.485887
0.880885 -1.30485 0.485798
0.880619 -1.30498 0.485862
0.880536 -1.30503 0.485841
0.880335 -1.30512 0.485864
0.880193 -1.30519 0.485859
0.880054 -1.30528 0.485852
0.87991 -1.30535 0.485847
0.879767 -1.30543 0.485842
0.879499 -1.30559 0.485791
0.879354 -1.30566 0.485793
0.879279 -1.30572 0.485735
0.87906 -1.30581 0.485812
0.878841 -1.30593 0.485805
0.878745 -1.306 0.485735
0.878446 -1.30614 0.485789
0.87824 -1.30628 0.485694
0.878035 -1.30637 0.485773
0.8778 -1.30651 0.485721
0.877561 -1.30665 0.485675
0.87745 -1.3067 0.485665
0.877261 -1.3068 0.485657
0.877042 -1.3069 0.485736
0.876785 -1.30706 0.485654
0.87647 -1.30724 0.485626
0.876301 -1.30733 0.485619
0.876177 -1.30737 0.485681
0.875965 -1.30751 0.485606
0.875677 -1.30766 0.485605
0.875496 -1.30776 0.485587
0.875332 -1.30784 0.485624
0.875159 -1.30794 0.485575
0.87488 -1.3081 0.485564
0.874731 -1.30817 0.485557
0.874515 -1.30824 0.485684
0.874288 -1.30839 0.485591
0.874208 -1.30844 0.485573
0.874035 -1.30851 0.485637
0.873924 -1.30861 0.485525
0.873777 -1.30868 0.485535
0.873755 -1.30867 0.485576
0.873678 -1.30872 0.485564
0.873487 -1.30883 0.485534
0.87337 -1.30884 0.485687
0.873144 -1.30901 0.485537
0.872933 -1.30912 0.485545
0.872677 -1.30928 0.485477
0.872587 -1.30932 0.485474
0.872326 -1.30946 0.485498
0.872101 -1.30957 0.485521
0.872076 -1.3096 0.485453
0.871747 -1.30974 0.485528
0.871586 -1.30986 0.485435
0.871434 -1.30992 0.485515
0.871322 -1.30997 0.485511
0.871096 -1.31013 0.485402
0.870908 -1.31023 0.48541
0.870866 -1.31022 0.485494
0.870601 -1.31034 0.485535
0.870532 -1.31043 0.485393
0.870332 -1.31053 0.485432
